sno,total,available_rent_bikes,available_return_bikes,infoTime
500103024,57,17,40,2024-12-19 23:29:14
500111003,65,22,43,2024-12-19 23:55:16
500109033,53,26,27,2024-12-19 23:58:14
500111003,65,2,63,2024-12-19 01:08:16
500119059,68,3,65,2024-12-19 01:03:15
500113068,64,8,56,2024-12-19 01:01:20
500106055,81,11,70,2024-12-19 00:59:15
500101144,69,12,57,2024-12-19 01:17:15
500108028,49,13,35,2024-12-19 00:08:15
500107035,59,19,39,2024-12-19 00:45:15
500104084,9,5,4,2024-12-19 23:02:15
500110005,77,5,72,2024-12-19 23:10:16
500109033,53,26,27,2024-12-19 22:48:15
500110014,66,40,16,2024-12-19 23:17:14
500119048,53,42,11,2024-12-19 23:10:16
500109032,70,42,27,2024-12-19 23:17:14
500112022,56,43,13,2024-12-19 23:16:15
500113044,53,44,8,2024-12-19 22:33:15
500113034,68,54,8,2024-12-19 23:12:15
500112066,54,1,52,2024-12-19 22:15:16
500101166,54,15,39,2024-12-19 22:15:15
500112032,54,21,33,2024-12-19 22:31:16
500113038,87,35,52,2024-12-19 22:38:15
500106014,58,48,7,2024-12-19 22:35:16
500101021,7,1,6,2024-12-19 21:34:15
500107024,61,1,60,2024-12-19 21:39:16
500105007,63,5,58,2024-12-19 21:35:15
500112007,64,5,58,2024-12-19 21:37:15
500111002,56,9,47,2024-12-19 21:25:16
500106017,55,15,40,2024-12-19 21:34:15
500113068,64,31,33,2024-12-19 21:39:15
500113038,87,49,38,2024-12-19 21:39:15
500109075,58,52,6,2024-12-19 21:39:15
500112022,56,55,1,2024-12-19 21:39:16
500112085,92,55,37,2024-12-19 21:39:15
500106067,68,57,11,2024-12-19 21:34:15
500104031,66,1,63,2024-12-19 02:00:17
500101012,8,5,3,2024-12-19 02:54:15
500101013,9,9,0,2024-12-19 02:55:16
500101108,9,2,7,2024-12-19 03:42:14
500112007,64,10,53,2024-12-19 04:24:15
500112049,70,32,38,2024-12-19 04:25:15
500113044,53,40,11,2024-12-19 03:51:15
500104097,8,4,4,2024-12-19 22:07:15
500119059,68,5,63,2024-12-19 21:58:15
500104091,70,18,51,2024-12-19 22:04:15
500110065,55,20,35,2024-12-19 22:06:15
500107028,75,23,52,2024-12-19 22:08:15
500109011,71,26,45,2024-12-19 22:09:15
500112082,68,30,38,2024-12-19 22:08:15
500112043,65,32,33,2024-12-19 22:07:15
500106055,81,35,46,2024-12-19 22:09:15
500109075,58,39,19,2024-12-19 22:09:15
500113044,53,44,8,2024-12-19 22:05:16
500112022,56,53,3,2024-12-19 22:09:15
500101013,9,9,0,2024-12-19 21:59:15
500106017,55,12,43,2024-12-19 21:57:15
500111005,53,16,37,2024-12-19 21:56:15
500119077,56,19,37,2024-12-19 21:50:16
500103009,81,26,55,2024-12-19 21:58:15
500112049,70,36,34,2024-12-19 21:59:15
500119048,53,41,12,2024-12-19 21:58:15
500107035,59,18,40,2024-12-19 03:15:15
500110014,66,30,36,2024-12-19 03:39:15
500112007,64,9,53,2024-12-19 23:56:14
500106017,55,18,37,2024-12-19 23:58:14
500111013,73,35,38,2024-12-19 23:54:15
500106014,58,41,14,2024-12-19 23:52:14
500112032,54,1,53,2024-12-19 00:06:15
500112007,64,7,54,2024-12-19 01:01:14
500103024,57,17,40,2024-12-19 00:30:16
500112049,70,34,36,2024-12-19 00:45:15
500105007,63,2,61,2024-12-19 01:27:15
500112007,64,9,54,2024-12-19 01:27:15
500101101,64,32,31,2024-12-19 01:41:15
500109032,70,54,15,2024-12-19 01:45:15
500101032,61,61,0,2024-12-19 01:42:15
500112007,64,10,53,2024-12-19 01:53:15
500112085,92,20,72,2024-12-19 02:33:15
500101101,64,36,27,2024-12-19 02:15:15
500112022,56,47,9,2024-12-19 02:21:15
500112085,92,19,73,2024-12-19 02:13:15
500119006,92,26,66,2024-12-19 02:13:15
500101032,61,61,0,2024-12-19 22:49:15
500106067,68,13,53,2024-12-19 04:28:15
500105019,57,4,53,2024-12-19 23:00:17
500112082,68,21,47,2024-12-19 23:08:15
500113034,68,54,8,2024-12-19 22:56:14
500105007,63,2,61,2024-12-19 04:43:15
500101169,49,44,4,2024-12-19 04:39:15
500113038,87,32,52,2024-12-19 03:53:15
500104097,8,3,5,2024-12-19 22:21:14
500119059,68,4,64,2024-12-19 22:26:15
500113034,68,55,7,2024-12-19 22:24:14
500101101,64,34,29,2024-12-19 01:56:14
500104091,70,4,65,2024-12-19 23:30:16
500106048,59,6,53,2024-12-19 23:29:14
500101013,9,8,1,2024-12-19 23:33:14
500112007,64,10,52,2024-12-19 23:27:15
500109011,71,22,49,2024-12-19 23:21:15
500106067,68,59,8,2024-12-19 23:28:15
500113038,87,3,82,2024-12-19 01:34:15
500106006,55,8,47,2024-12-19 01:35:15
500107024,61,43,0,2024-12-19 12:48:14
500106093,9,8,1,2024-12-19 09:06:15
500106093,9,8,1,2024-12-19 09:24:15
500107024,61,42,1,2024-12-19 11:27:15
500108044,73,72,1,2024-12-19 09:09:15
500106093,9,7,2,2024-12-19 09:37:15
500106093,9,7,2,2024-12-19 10:27:15
500101013,9,5,3,2024-12-19 13:02:14
500101018,5,1,4,2024-12-19 10:50:18
500101021,7,2,4,2024-12-19 12:27:14
500101012,8,3,5,2024-12-19 13:07:15
500101108,9,4,5,2024-12-19 10:38:15
500104084,9,4,5,2024-12-19 10:01:16
500106121,49,43,5,2024-12-19 10:05:16
500106121,49,43,5,2024-12-19 11:10:17
500101016,8,2,6,2024-12-19 12:42:15
500104084,9,3,6,2024-12-19 12:29:15
500112007,64,57,6,2024-12-19 13:07:15
500101012,8,1,7,2024-12-19 10:59:17
500104084,9,2,7,2024-12-19 10:32:15
500104084,9,1,8,2024-12-19 11:34:15
500103011,64,52,9,2024-12-19 09:23:15
500106093,9,0,9,2024-12-19 12:31:15
500110065,55,46,9,2024-12-19 09:53:15
500103011,64,51,10,2024-12-19 09:37:15
500110065,55,45,10,2024-12-19 09:42:15
500110065,55,45,10,2024-12-19 11:36:15
500113068,64,54,10,2024-12-19 12:18:15
500112066,54,42,11,2024-12-19 12:48:14
500106055,81,69,12,2024-12-19 11:58:16
500107024,61,31,12,2024-12-19 09:27:15
500110065,55,43,12,2024-12-19 11:17:15
500106055,81,67,13,2024-12-19 10:26:14
500106055,81,67,13,2024-12-19 10:54:15
500106121,49,33,15,2024-12-19 12:47:15
500110014,66,43,15,2024-12-19 09:09:15
500112043,65,50,15,2024-12-19 09:56:16
500113034,68,46,16,2024-12-19 12:18:15
500112066,54,36,17,2024-12-19 11:12:16
500119068,66,28,17,2024-12-19 11:34:15
500104031,66,18,18,2024-12-19 11:57:16
500104031,66,13,18,2024-12-19 10:00:17
500119068,66,31,18,2024-12-19 09:57:15
500104031,66,12,19,2024-12-19 10:09:16
500112066,54,34,19,2024-12-19 10:16:15
500119068,66,26,19,2024-12-19 12:19:16
500111005,53,33,20,2024-12-19 09:03:14
500106048,59,38,21,2024-12-19 11:26:14
500112017,53,32,21,2024-12-19 12:49:15
500119077,56,35,21,2024-12-19 12:29:15
500110014,66,27,22,2024-12-19 09:27:15
500112007,64,41,22,2024-12-19 11:28:16
500113068,64,42,22,2024-12-19 10:41:15
500104031,66,12,26,2024-12-19 10:38:15
500101137,70,43,27,2024-12-19 11:46:14
500110014,66,18,27,2024-12-19 09:47:15
500112017,53,26,27,2024-12-19 12:17:15
500119068,66,35,27,2024-12-19 09:07:15
500103011,64,34,28,2024-12-19 09:55:17
500103024,57,26,29,2024-12-19 09:47:15
500119077,56,27,29,2024-12-19 09:44:15
500110005,77,47,30,2024-12-19 09:55:17
500101137,70,39,31,2024-12-19 11:36:15
500105007,63,32,31,2024-12-19 10:26:14
500106006,55,24,31,2024-12-19 09:25:16
500106006,55,24,31,2024-12-19 10:40:16
500110005,77,46,31,2024-12-19 11:10:16
500105007,63,31,32,2024-12-19 10:32:15
500113044,53,20,32,2024-12-19 12:02:16
500104014,56,22,33,2024-12-19 09:44:15
500106017,55,22,33,2024-12-19 12:15:16
500108028,49,15,33,2024-12-19 09:42:14
500109075,58,21,33,2024-12-19 12:48:15
500110014,66,16,33,2024-12-19 09:37:15
500103024,57,23,34,2024-12-19 11:38:15
500103024,57,22,35,2024-12-19 12:07:16
500105007,63,28,35,2024-12-19 09:27:15
500105007,63,28,35,2024-12-19 11:24:15
500108028,49,13,35,2024-12-19 11:35:17
500108028,49,13,35,2024-12-19 10:11:15
500112017,53,18,35,2024-12-19 11:37:15
500101169,49,13,36,2024-12-19 12:06:16
500105007,63,27,36,2024-12-19 09:06:15
500105007,63,27,36,2024-12-19 12:11:16
500101101,64,27,37,2024-12-19 11:05:17
500103009,81,44,37,2024-12-19 10:28:15
500103024,57,20,37,2024-12-19 12:19:16
500104030,49,11,37,2024-12-19 10:52:15
500112032,54,17,37,2024-12-19 10:06:15
500112032,54,17,37,2024-12-19 10:35:16
500101169,49,11,38,2024-12-19 12:19:16
500108028,49,10,38,2024-12-19 12:19:16
500108028,49,10,38,2024-12-19 12:53:15
500104014,56,16,39,2024-12-19 12:59:15
500107062,49,10,39,2024-12-19 09:27:15
500108028,49,9,39,2024-12-19 11:04:15
500103009,81,40,41,2024-12-19 10:07:16
500104014,56,14,41,2024-12-19 12:04:16
500109075,58,13,41,2024-12-19 09:27:15
500112022,56,15,41,2024-12-19 12:03:15
500119068,66,21,41,2024-12-19 09:35:16
500109075,58,12,42,2024-12-19 11:27:15
500101166,54,11,43,2024-12-19 11:36:15
500101169,49,6,43,2024-12-19 09:56:16
500103009,81,38,43,2024-12-19 09:57:15
500101169,49,5,44,2024-12-19 09:46:16
500112045,56,12,44,2024-12-19 10:47:16
500109027,58,9,45,2024-12-19 09:33:15
500109075,58,8,46,2024-12-19 11:08:15
500112045,56,9,47,2024-12-19 11:49:16
500107035,59,11,48,2024-12-19 09:32:15
500109033,53,5,48,2024-12-19 11:51:16
500107028,75,26,49,2024-12-19 13:04:15
500113038,87,37,49,2024-12-19 12:28:15
500104091,70,19,50,2024-12-19 11:48:15
500109027,58,4,50,2024-12-19 11:36:15
500109027,58,4,50,2024-12-19 11:08:15
500111002,56,5,50,2024-12-19 09:24:15
500112022,56,6,50,2024-12-19 09:27:15
500101032,61,9,51,2024-12-19 09:06:15
500109032,70,19,51,2024-12-19 09:09:15
500112017,53,2,51,2024-12-19 09:46:16
500112035,96,45,51,2024-12-19 11:26:15
500112085,92,40,51,2024-12-19 09:26:15
500119048,53,2,51,2024-12-19 12:38:15
500104091,70,17,52,2024-12-19 12:19:16
500104091,70,17,52,2024-12-19 10:37:16
500113038,87,32,54,2024-12-19 10:52:15
500112045,56,1,55,2024-12-19 12:27:15
500119059,68,13,55,2024-12-19 10:28:15
500112049,70,13,57,2024-12-19 09:09:15
500112085,92,34,57,2024-12-19 10:06:15
500112085,92,34,57,2024-12-19 10:32:15
500101032,61,3,58,2024-12-19 11:08:15
500106014,58,0,58,2024-12-19 09:57:15
500106014,58,0,58,2024-12-19 10:13:16
500112085,92,33,58,2024-12-19 11:28:16
500101032,61,1,60,2024-12-19 11:47:16
500107028,75,15,60,2024-12-19 09:25:16
500107028,75,15,60,2024-12-19 11:05:16
500112035,96,36,60,2024-12-19 13:05:16
500112085,92,31,60,2024-12-19 11:58:16
500119059,68,7,61,2024-12-19 12:55:16
500109032,70,6,64,2024-12-19 12:47:15
500109032,70,5,65,2024-12-19 12:08:15
500112049,70,5,65,2024-12-19 10:07:16
500119059,68,3,65,2024-12-19 12:18:15
500109032,70,3,67,2024-12-19 11:47:16
500101144,69,0,69,2024-12-19 10:38:15
500107028,75,6,69,2024-12-19 10:28:15
500119006,92,0,92,2024-12-19 10:37:15
500119006,92,0,92,2024-12-19 11:26:15
500112007,64,9,54,2024-12-19 04:15:15
500101013,9,9,0,2024-12-19 18:41:16
500101016,8,8,0,2024-12-19 20:09:15
500101018,5,5,0,2024-12-19 20:28:15
500111005,53,53,0,2024-12-19 18:17:16
500112043,65,65,0,2024-12-19 18:57:19
500119048,53,53,0,2024-12-19 19:59:17
500101013,9,8,1,2024-12-19 18:17:15
500119048,53,52,1,2024-12-19 20:13:15
500119048,53,52,1,2024-12-19 18:57:19
500104084,9,7,2,2024-12-19 19:18:15
500104084,9,7,2,2024-12-19 18:18:16
500112043,65,63,2,2024-12-19 20:09:15
500112043,65,62,3,2024-12-19 19:06:16
500112043,65,62,3,2024-12-19 18:36:16
500119048,53,50,3,2024-12-19 18:29:16
500101108,9,5,4,2024-12-19 17:38:16
500101108,9,5,4,2024-12-19 18:07:16
500109075,58,54,4,2024-12-19 21:15:16
500119048,53,49,4,2024-12-19 20:21:15
500101108,9,4,5,2024-12-19 17:48:15
500101169,49,44,5,2024-12-19 18:17:15
500104084,9,4,5,2024-12-19 21:19:16
500110014,66,51,5,2024-12-19 19:22:15
500104031,66,57,7,2024-12-19 21:09:16
500104031,66,40,7,2024-12-19 18:38:16
500109075,58,41,7,2024-12-19 18:34:15
500119077,56,49,7,2024-12-19 17:58:16
500112082,68,47,8,2024-12-19 20:49:15
500119077,56,48,8,2024-12-19 19:26:15
500104031,66,38,9,2024-12-19 18:46:15
500106093,9,0,9,2024-12-19 18:29:16
500113068,64,55,9,2024-12-19 17:25:16
500119077,56,47,9,2024-12-19 18:48:15
500101137,70,60,10,2024-12-19 18:48:15
500111005,53,43,10,2024-12-19 19:40:15
500112043,65,55,10,2024-12-19 20:26:16
500106067,68,57,11,2024-12-19 20:35:16
500110014,66,45,11,2024-12-19 21:17:14
500113034,68,49,13,2024-12-19 20:08:15
500119077,56,43,13,2024-12-19 20:28:15
500112017,53,38,15,2024-12-19 21:20:16
500119068,66,51,15,2024-12-19 18:38:16
500101169,49,33,16,2024-12-19 19:19:15
500110014,66,27,16,2024-12-19 17:28:15
500106067,68,51,17,2024-12-19 18:27:15
500111003,65,48,17,2024-12-19 20:07:15
500101137,70,52,18,2024-12-19 17:38:16
500107035,59,41,18,2024-12-19 20:10:17
500107035,59,40,19,2024-12-19 17:58:16
500111003,65,46,19,2024-12-19 20:39:16
500112017,53,34,19,2024-12-19 20:38:15
500112022,56,37,19,2024-12-19 19:14:16
500107062,49,29,20,2024-12-19 18:28:15
500112085,92,72,20,2024-12-19 20:13:15
500111003,65,44,21,2024-12-19 19:37:16
500112029,63,42,21,2024-12-19 18:29:16
500112043,65,44,21,2024-12-19 21:19:16
500101137,70,48,22,2024-12-19 17:59:15
500104091,70,47,22,2024-12-19 17:25:16
500111003,65,43,22,2024-12-19 17:48:15
500113034,68,40,22,2024-12-19 19:06:16
500113044,53,30,22,2024-12-19 17:55:17
500113034,68,39,23,2024-12-19 18:54:15
500104091,70,45,24,2024-12-19 17:46:15
500101166,54,29,25,2024-12-19 18:28:16
500112082,68,30,25,2024-12-19 20:39:15
500109032,70,44,26,2024-12-19 20:48:15
500110065,55,29,26,2024-12-19 19:28:15
500101169,49,21,28,2024-12-19 17:47:16
500104091,70,41,28,2024-12-19 20:05:16
500101166,54,25,29,2024-12-19 18:48:15
500109032,70,41,29,2024-12-19 19:07:15
500112049,70,41,29,2024-12-19 20:54:15
500113068,64,35,29,2024-12-19 20:59:15
500101166,54,24,30,2024-12-19 17:28:15
500104091,70,39,30,2024-12-19 20:22:15
500112022,56,26,30,2024-12-19 18:18:16
500101166,54,23,31,2024-12-19 18:08:16
500106121,49,17,31,2024-12-19 19:07:15
500109027,58,23,31,2024-12-19 19:00:18
500109027,58,26,31,2024-12-19 21:16:15
500109032,70,39,31,2024-12-19 19:58:15
500106017,55,23,32,2024-12-19 20:07:15
500106055,81,49,32,2024-12-19 19:13:15
500109011,71,39,32,2024-12-19 17:59:15
500109011,71,39,32,2024-12-19 18:17:15
500112029,63,31,32,2024-12-19 19:05:16
500112049,70,38,32,2024-12-19 20:09:15
500112049,70,38,32,2024-12-19 21:09:16
500113068,64,32,32,2024-12-19 21:18:15
500108028,49,15,33,2024-12-19 21:13:16
500109027,58,24,33,2024-12-19 20:49:15
500101169,49,15,34,2024-12-19 17:38:16
500106017,55,21,34,2024-12-19 18:29:16
500109011,71,37,34,2024-12-19 18:27:15
500109011,71,37,34,2024-12-19 18:53:15
500109027,58,20,34,2024-12-19 18:29:16
500101166,54,19,35,2024-12-19 19:19:14
500112032,54,19,35,2024-12-19 21:20:16
500113034,68,27,35,2024-12-19 17:47:16
500106055,81,45,36,2024-12-19 20:07:15
500109033,53,17,36,2024-12-19 19:48:14
500111013,73,37,36,2024-12-19 21:19:16
500112029,63,27,36,2024-12-19 20:53:15
500112049,70,34,36,2024-12-19 20:39:16
500112049,70,34,36,2024-12-19 19:29:15
500104091,70,32,37,2024-12-19 20:49:15
500106014,58,21,37,2024-12-19 18:08:15
500109033,53,16,37,2024-12-19 19:52:15
500109033,53,16,37,2024-12-19 20:27:15
500112049,70,33,37,2024-12-19 20:29:15
500104091,70,31,38,2024-12-19 19:29:15
500109032,70,32,38,2024-12-19 18:06:15
500106006,55,16,39,2024-12-19 19:28:15
500106014,58,19,39,2024-12-19 17:59:15
500109033,53,14,39,2024-12-19 17:43:16
500109033,53,14,39,2024-12-19 17:58:15
500109033,53,14,39,2024-12-19 19:14:16
500103009,81,41,40,2024-12-19 20:39:16
500104030,49,8,40,2024-12-19 17:59:15
500112082,68,15,40,2024-12-19 18:29:16
500103011,64,23,41,2024-12-19 18:08:16
500106014,58,14,41,2024-12-19 20:29:14
500109011,71,28,43,2024-12-19 19:55:16
500106014,58,14,44,2024-12-19 17:28:15
500103009,81,35,46,2024-12-19 21:20:16
500105019,57,11,46,2024-12-19 18:29:16
500106121,49,2,46,2024-12-19 17:58:16
500109011,71,25,46,2024-12-19 20:02:15
500112007,64,17,46,2024-12-19 17:28:14
500112082,68,9,46,2024-12-19 18:38:16
500105019,57,10,47,2024-12-19 19:25:15
500112066,54,6,47,2024-12-19 21:20:16
500112082,68,8,47,2024-12-19 18:58:16
500105019,57,9,48,2024-12-19 19:37:16
500111013,73,23,50,2024-12-19 20:38:15
500119059,68,18,50,2024-12-19 17:47:16
500112045,56,5,51,2024-12-19 18:58:16
500113038,87,35,51,2024-12-19 17:55:16
500119068,66,15,51,2024-12-19 21:16:15
500101101,64,11,53,2024-12-19 17:37:16
500105007,63,10,53,2024-12-19 21:18:15
500106006,55,2,53,2024-12-19 17:59:15
500112007,64,9,54,2024-12-19 18:08:16
500112007,64,8,55,2024-12-19 18:58:16
500113038,87,31,55,2024-12-19 18:56:15
500107024,61,5,56,2024-12-19 20:29:15
500107024,61,5,56,2024-12-19 21:09:16
500101101,64,7,57,2024-12-19 19:19:15
500107024,61,3,58,2024-12-19 19:18:15
500105007,63,4,59,2024-12-19 18:17:15
500105007,63,4,59,2024-12-19 18:28:16
500101032,61,0,61,2024-12-19 17:37:16
500101101,64,3,61,2024-12-19 19:49:15
500105007,63,2,61,2024-12-19 18:55:17
500119059,68,7,61,2024-12-19 19:06:16
500101101,64,1,63,2024-12-19 17:59:15
500108044,73,7,66,2024-12-19 20:39:16
500112035,96,16,80,2024-12-19 18:22:15
500112035,96,8,87,2024-12-19 19:59:16
500119006,92,5,87,2024-12-19 19:37:15
500119006,92,3,89,2024-12-19 19:18:15
500101013,9,9,0,2024-12-19 16:34:16
500111005,53,53,0,2024-12-19 14:35:16
500111005,53,52,1,2024-12-19 13:58:16
500101021,7,5,2,2024-12-19 16:07:15
500103011,64,62,2,2024-12-19 16:05:16
500111005,53,51,2,2024-12-19 17:04:15
500101018,5,2,3,2024-12-19 15:19:15
500101108,9,6,3,2024-12-19 13:53:15
500101108,9,6,3,2024-12-19 15:23:15
500112043,65,62,3,2024-12-19 15:18:15
500119077,56,53,3,2024-12-19 17:07:15
500119077,56,52,4,2024-12-19 16:43:14
500101012,8,3,5,2024-12-19 13:36:15
500101021,7,1,5,2024-12-19 13:37:16
500119077,56,51,5,2024-12-19 14:20:16
500101021,7,0,6,2024-12-19 13:48:15
500106093,9,3,6,2024-12-19 17:02:15
500106121,49,42,6,2024-12-19 15:29:15
500113068,64,58,6,2024-12-19 16:57:16
500119048,53,46,7,2024-12-19 17:18:15
500119077,56,49,7,2024-12-19 15:12:15
500101012,8,0,8,2024-12-19 16:18:16
500106055,81,73,8,2024-12-19 15:17:16
500106093,9,1,8,2024-12-19 16:58:15
500107024,61,34,9,2024-12-19 14:06:15
500113068,64,55,9,2024-12-19 15:54:15
500101137,70,60,10,2024-12-19 16:12:15
500101137,70,60,10,2024-12-19 16:26:15
500101137,70,60,10,2024-12-19 16:48:16
500112007,64,53,10,2024-12-19 14:53:15
500112007,64,53,10,2024-12-19 14:31:15
500110014,66,32,11,2024-12-19 13:58:16
500112007,64,52,11,2024-12-19 16:05:16
500112066,54,42,11,2024-12-19 13:30:16
500112066,54,42,11,2024-12-19 14:24:15
500107035,59,47,12,2024-12-19 14:11:16
500108044,73,61,12,2024-12-19 15:06:15
500112066,54,41,12,2024-12-19 13:19:15
500110014,66,30,13,2024-12-19 13:11:15
500110014,66,30,13,2024-12-19 14:58:15
500110014,66,30,13,2024-12-19 15:30:17
500119068,66,31,14,2024-12-19 16:07:15
500101137,70,55,15,2024-12-19 15:24:15
500107035,59,43,16,2024-12-19 16:25:16
500112066,54,37,16,2024-12-19 17:11:16
500110065,55,37,18,2024-12-19 17:18:16
500109075,58,29,19,2024-12-19 16:28:15
500104031,66,14,22,2024-12-19 16:38:15
500112017,53,31,22,2024-12-19 15:03:15
500119068,66,23,22,2024-12-19 13:48:16
500103009,81,58,23,2024-12-19 14:13:15
500106067,68,45,23,2024-12-19 14:06:15
500112017,53,30,23,2024-12-19 16:17:15
500103009,81,56,25,2024-12-19 14:38:15
500106067,68,43,25,2024-12-19 13:28:16
500103009,81,54,27,2024-12-19 13:54:15
500103009,81,53,28,2024-12-19 13:45:16
500103009,81,53,28,2024-12-19 14:47:15
500104091,70,41,28,2024-12-19 15:50:15
500119068,66,17,28,2024-12-19 17:08:16
500103024,57,28,29,2024-12-19 15:05:16
500110005,77,48,29,2024-12-19 15:26:15
500111003,65,36,29,2024-12-19 17:06:16
500119048,53,24,29,2024-12-19 16:47:15
500103009,81,51,30,2024-12-19 15:18:15
500104031,66,5,31,2024-12-19 17:07:15
500109075,58,17,31,2024-12-19 14:09:16
500112017,53,22,31,2024-12-19 16:28:15
500101166,54,22,32,2024-12-19 15:41:15
500109075,58,16,32,2024-12-19 15:55:16
500109075,58,16,32,2024-12-19 14:28:15
500109075,58,15,33,2024-12-19 15:26:15
500104014,56,20,35,2024-12-19 17:17:16
500104014,56,19,36,2024-12-19 14:05:15
500108028,49,12,36,2024-12-19 15:43:15
500109075,58,12,36,2024-12-19 14:48:15
500104014,56,18,37,2024-12-19 14:46:15
500101166,54,15,39,2024-12-19 16:38:15
500101032,61,21,40,2024-12-19 14:38:15
500104091,70,29,40,2024-12-19 13:49:15
500113034,68,22,40,2024-12-19 14:18:15
500101169,49,8,41,2024-12-19 14:55:16
500104014,56,14,41,2024-12-19 16:58:15
500105019,57,16,41,2024-12-19 16:05:16
500109027,58,13,41,2024-12-19 16:20:17
500109033,53,11,42,2024-12-19 17:06:16
500101032,61,17,44,2024-12-19 16:38:15
500101032,61,17,44,2024-12-19 14:24:15
500107028,75,31,44,2024-12-19 15:16:15
500112085,92,48,44,2024-12-19 16:58:15
500101169,49,4,45,2024-12-19 15:56:15
500107028,75,30,45,2024-12-19 15:45:16
500113038,87,41,45,2024-12-19 16:55:16
500101166,54,8,46,2024-12-19 14:30:16
500101032,61,14,47,2024-12-19 16:26:15
500101166,54,7,47,2024-12-19 13:55:16
500101132,54,6,48,2024-12-19 17:18:15
500101166,54,6,48,2024-12-19 13:59:15
500106048,59,11,48,2024-12-19 13:35:15
500107028,75,25,50,2024-12-19 13:18:15
500107028,75,25,50,2024-12-19 14:23:15
500109011,71,21,50,2024-12-19 14:30:16
500119059,68,18,50,2024-12-19 17:18:16
500101144,69,18,51,2024-12-19 13:55:16
500112049,70,19,51,2024-12-19 13:48:16
500106006,55,1,54,2024-12-19 13:41:15
500112085,92,37,54,2024-12-19 15:37:16
500109032,70,15,55,2024-12-19 17:08:15
500119059,68,13,55,2024-12-19 14:34:15
500112085,92,35,56,2024-12-19 15:16:15
500111013,73,16,57,2024-12-19 16:46:15
500109032,70,12,58,2024-12-19 16:49:15
500101101,64,3,61,2024-12-19 13:27:15
500119059,68,7,61,2024-12-19 13:14:15
500109032,70,8,62,2024-12-19 13:12:15
500111013,73,9,64,2024-12-19 17:05:17
500112035,96,31,65,2024-12-19 16:47:15
500119006,92,19,73,2024-12-19 16:24:15
500119006,92,0,92,2024-12-19 13:46:16
500101021,7,1,6,2024-12-19 21:49:15
500111005,53,20,33,2024-12-19 21:48:16
500101101,64,20,44,2024-12-19 21:49:14
500101169,49,48,0,2024-12-19 06:45:16
500101169,49,48,0,2024-12-19 06:16:15
500101169,49,45,3,2024-12-19 06:37:15
500106093,9,6,3,2024-12-19 06:30:17
500106093,9,6,3,2024-12-19 07:56:15
500101021,7,2,4,2024-12-19 06:54:16
500106093,9,5,4,2024-12-19 08:01:15
500101021,7,1,5,2024-12-19 07:23:14
500101169,49,43,5,2024-12-19 05:26:15
500101021,7,0,6,2024-12-19 08:30:20
500101021,7,0,6,2024-12-19 07:47:15
500101108,9,3,6,2024-12-19 08:47:15
500104084,9,3,6,2024-12-19 07:16:15
500101101,64,54,7,2024-12-19 08:27:16
500101013,9,0,8,2024-12-19 07:59:16
500101108,9,1,8,2024-12-19 08:27:16
500103011,64,53,8,2024-12-19 08:47:15
500112045,56,48,8,2024-12-19 06:04:14
500101108,9,0,9,2024-12-19 07:34:15
500109075,58,48,10,2024-12-19 07:17:14
500101032,61,49,11,2024-12-19 07:46:15
500101144,69,58,11,2024-12-19 06:34:15
500103024,57,44,11,2024-12-19 07:27:15
500104031,66,20,11,2024-12-19 07:57:16
500107062,49,38,11,2024-12-19 07:47:15
500112045,56,45,11,2024-12-19 06:35:14
500109027,58,42,12,2024-12-19 06:56:15
500113034,68,50,12,2024-12-19 08:16:15
500113044,53,39,12,2024-12-19 06:23:15
500103024,57,42,13,2024-12-19 08:02:15
500112017,53,40,13,2024-12-19 06:42:14
500112022,56,43,13,2024-12-19 05:39:15
500113044,53,38,13,2024-12-19 06:41:15
500101144,69,55,14,2024-12-19 06:13:14
500104031,66,15,16,2024-12-19 08:26:14
500107062,49,33,16,2024-12-19 06:17:14
500112043,65,49,16,2024-12-19 06:47:15
500107062,49,32,17,2024-12-19 06:03:15
500112049,70,53,17,2024-12-19 07:37:15
500101144,69,51,18,2024-12-19 07:57:16
500103024,57,39,18,2024-12-19 06:37:15
500112043,65,47,18,2024-12-19 07:17:14
500109032,70,51,19,2024-12-19 06:26:14
500111013,73,54,19,2024-12-19 06:56:15
500108028,49,28,20,2024-12-19 08:45:16
500111013,73,51,22,2024-12-19 06:16:15
500111013,73,51,22,2024-12-19 06:25:15
500113068,64,41,23,2024-12-19 07:55:17
500111013,73,49,24,2024-12-19 05:43:14
500101101,64,36,25,2024-12-19 06:01:14
500107024,61,36,25,2024-12-19 07:17:14
500103011,64,36,26,2024-12-19 06:56:15
500111013,73,47,26,2024-12-19 07:27:15
500113044,53,25,26,2024-12-19 08:03:15
500113068,64,38,26,2024-12-19 07:34:15
500104014,56,28,27,2024-12-19 06:16:15
500109033,53,26,27,2024-12-19 06:23:14
500112049,70,43,27,2024-12-19 06:37:15
500119048,53,26,27,2024-12-19 07:33:15
500104014,56,27,28,2024-12-19 06:27:15
500106014,58,29,28,2024-12-19 08:15:16
500109075,58,25,29,2024-12-19 08:25:16
500107024,61,31,30,2024-12-19 07:37:15
500107062,49,19,30,2024-12-19 08:25:16
500101166,54,23,31,2024-12-19 07:18:15
500107028,75,43,32,2024-12-19 06:55:16
500107062,49,17,32,2024-12-19 08:46:15
500112045,56,24,32,2024-12-19 08:37:15
500101132,54,21,33,2024-12-19 07:37:15
500106006,55,22,33,2024-12-19 07:27:15
500112049,70,37,33,2024-12-19 06:17:14
500110005,77,43,34,2024-12-19 08:36:15
500107035,59,23,35,2024-12-19 08:15:16
500112049,70,34,36,2024-12-19 06:03:15
500111002,56,18,37,2024-12-19 06:02:14
500101137,70,32,38,2024-12-19 08:47:15
500105007,63,25,38,2024-12-19 08:17:15
500106121,49,11,38,2024-12-19 06:46:15
500106017,55,16,39,2024-12-19 07:27:15
500111013,73,34,39,2024-12-19 08:24:15
500119077,56,17,39,2024-12-19 08:39:15
500112066,54,13,40,2024-12-19 07:51:15
500107028,75,34,41,2024-12-19 08:57:15
500106017,55,13,42,2024-12-19 06:23:15
500106067,68,24,42,2024-12-19 06:52:15
500109032,70,28,42,2024-12-19 07:47:15
500112049,70,28,42,2024-12-19 08:03:15
500104014,56,10,45,2024-12-19 07:47:15
500109032,70,24,46,2024-12-19 08:03:14
500112066,54,7,46,2024-12-19 08:36:15
500119006,92,46,46,2024-12-19 07:17:14
500112032,54,7,47,2024-12-19 07:35:16
500106067,68,18,48,2024-12-19 06:05:15
500109075,58,10,48,2024-12-19 06:26:14
500112032,54,6,48,2024-12-19 08:26:14
500105007,63,14,49,2024-12-19 07:37:15
500109033,53,4,49,2024-12-19 07:36:15
500111002,56,6,49,2024-12-19 08:47:15
500106014,58,7,50,2024-12-19 08:27:16
500110014,66,14,50,2024-12-19 07:14:15
500112082,68,18,50,2024-12-19 07:35:16
500112085,92,41,50,2024-12-19 08:47:15
500119006,92,42,50,2024-12-19 07:26:14
500111003,65,14,51,2024-12-19 07:55:17
500113038,87,31,53,2024-12-19 07:47:15
500109011,71,14,57,2024-12-19 07:26:15
500104091,70,10,59,2024-12-19 06:43:15
500105007,63,4,59,2024-12-19 05:59:14
500107024,61,2,59,2024-12-19 05:32:15
500112029,63,4,59,2024-12-19 07:16:15
500112085,92,32,59,2024-12-19 07:37:15
500119068,66,7,59,2024-12-19 07:01:15
500104091,70,9,60,2024-12-19 08:16:15
500109011,71,10,61,2024-12-19 05:48:14
500119059,68,6,62,2024-12-19 08:31:16
500103009,81,18,63,2024-12-19 05:38:14
500112082,68,2,66,2024-12-19 06:41:15
500112082,68,1,67,2024-12-19 05:59:15
500119006,92,16,76,2024-12-19 08:46:15
500119006,92,5,87,2024-12-19 08:57:15
500113038,87,34,53,2024-12-19 23:24:14
500112017,53,40,13,2024-12-19 23:23:14
500101101,64,29,34,2024-12-19 00:36:15
500101166,54,5,49,2024-12-19 00:48:14
500101166,54,2,52,2024-12-19 00:33:15
500106014,58,36,14,2024-12-19 00:24:15
500110014,66,32,34,2024-12-19 00:00:16
500111013,73,7,66,2024-12-19 00:51:14
500112007,64,9,52,2024-12-19 00:57:15
500112022,56,48,8,2024-12-19 00:06:15
500112022,56,48,8,2024-12-19 00:36:15
500112082,68,0,68,2024-12-19 00:31:15
500112085,92,30,62,2024-12-19 00:05:15
500119068,66,2,64,2024-12-19 23:38:15
500112007,64,10,52,2024-12-19 23:44:15
500119006,92,27,65,2024-12-19 23:35:15
500106014,58,40,15,2024-12-19 23:44:15
500113034,68,52,10,2024-12-19 23:46:15
500101137,70,0,70,2024-12-19 00:10:16
500106055,81,9,72,2024-12-19 00:36:15
500106067,68,18,49,2024-12-19 00:47:15
500112007,64,18,43,2024-12-19 00:45:15
500113038,87,2,83,2024-12-19 00:06:15
500106121,49,4,44,2024-12-19 23:44:15
500101016,8,4,4,2024-12-19 23:16:15
500113038,87,36,51,2024-12-19 23:54:15
500113034,68,51,11,2024-12-19 23:52:14
500111002,56,21,35,2024-12-19 00:35:16
500119068,66,3,63,2024-12-19 22:47:15
500104031,66,4,60,2024-12-19 23:07:14
500107028,75,20,55,2024-12-19 23:12:15
500112032,54,22,31,2024-12-19 23:06:15
500119006,92,24,68,2024-12-19 23:16:15
500112017,53,41,12,2024-12-19 23:19:15
500111002,56,10,46,2024-12-19 22:17:15
500111005,53,12,41,2024-12-19 22:38:15
500112045,56,18,38,2024-12-19 22:37:15
500119006,92,19,73,2024-12-19 22:26:15
500113034,68,54,8,2024-12-19 22:39:15
500101018,5,5,0,2024-12-19 21:38:15
500119006,92,13,79,2024-12-19 21:32:15
500119068,66,15,51,2024-12-19 21:37:15
500109033,53,21,32,2024-12-19 21:38:15
500112029,63,24,39,2024-12-19 21:33:16
500106014,58,31,24,2024-12-19 21:38:15
500106055,81,37,44,2024-12-19 21:36:15
500113044,53,44,8,2024-12-19 21:38:15
500101137,70,0,70,2024-12-19 01:42:15
500106017,55,12,43,2024-12-19 02:51:15
500112085,92,19,73,2024-12-19 03:02:15
500101144,69,24,45,2024-12-19 03:07:15
500112022,56,48,8,2024-12-19 02:50:16
500101032,61,54,7,2024-12-19 03:05:16
500112066,54,1,52,2024-12-19 04:09:15
500107024,61,4,57,2024-12-19 03:34:15
500101016,8,5,3,2024-12-19 04:26:15
500101144,69,38,31,2024-12-19 04:22:15
500101137,70,45,25,2024-12-19 04:19:15
500119068,66,9,57,2024-12-19 22:07:15
500113068,64,23,41,2024-12-19 22:08:15
500111003,65,26,39,2024-12-19 22:09:15
500104014,56,34,21,2024-12-19 22:08:15
500113038,87,4,81,2024-12-19 01:22:15
500107024,61,1,60,2024-12-19 21:59:16
500112045,56,14,42,2024-12-19 21:59:15
500111013,73,26,47,2024-12-19 21:57:15
500112017,53,38,15,2024-12-19 21:58:14
500113034,68,59,3,2024-12-19 21:58:15
500101016,8,4,4,2024-12-19 03:43:14
500101144,69,39,30,2024-12-19 03:23:15
500119068,66,1,65,2024-12-19 23:57:15
500103009,81,8,73,2024-12-19 23:58:14
500101169,49,9,40,2024-12-19 23:58:14
500109011,71,21,50,2024-12-19 23:59:15
500110014,66,41,15,2024-12-19 23:48:14
500111003,65,3,62,2024-12-19 00:40:16
500101032,61,59,2,2024-12-19 01:03:15
500109033,53,32,21,2024-12-19 01:31:15
500112049,70,32,38,2024-12-19 01:43:15
500113034,68,58,5,2024-12-19 02:17:15
500112035,96,0,95,2024-12-19 22:44:15
500107024,61,2,59,2024-12-19 22:49:14
500101101,64,6,58,2024-12-19 22:45:15
500106055,81,39,42,2024-12-19 22:45:15
500106014,58,51,4,2024-12-19 22:44:15
500107035,59,18,40,2024-12-19 04:34:15
500112035,96,1,94,2024-12-19 23:08:14
500101012,8,4,4,2024-12-19 22:51:15
500107024,61,6,55,2024-12-19 22:16:15
500112043,65,36,29,2024-12-19 22:15:16
500112049,70,33,37,2024-12-19 04:39:15
500101169,49,28,20,2024-12-19 04:07:15
500101032,61,54,6,2024-12-19 03:58:15
500106093,9,8,1,2024-12-19 22:25:15
500101101,64,11,53,2024-12-19 22:26:15
500103009,81,17,64,2024-12-19 22:24:14
500109075,58,32,26,2024-12-19 22:24:15
500109027,58,37,20,2024-12-19 22:25:16
500112085,92,46,46,2024-12-19 22:25:16
500106067,68,62,6,2024-12-19 22:58:15
500104014,56,32,23,2024-12-19 01:55:16
500113068,64,9,55,2024-12-19 23:21:15
500103009,81,11,70,2024-12-19 23:32:14
500108028,49,14,34,2024-12-19 23:24:14
500113038,87,4,81,2024-12-19 02:05:16
500107024,61,43,0,2024-12-19 11:50:19
500101018,5,4,1,2024-12-19 13:08:16
500101021,7,5,1,2024-12-19 12:06:16
500108044,73,72,1,2024-12-19 09:38:17
500101018,5,3,2,2024-12-19 11:02:15
500106121,49,46,2,2024-12-19 10:25:16
500101021,7,3,3,2024-12-19 11:32:15
500106048,59,56,3,2024-12-19 09:06:15
500106121,49,44,4,2024-12-19 10:10:16
500101021,7,1,5,2024-12-19 09:09:16
500101021,7,1,5,2024-12-19 10:44:16
500101021,7,1,5,2024-12-19 11:05:17
500106121,49,43,5,2024-12-19 09:27:15
500108044,73,68,5,2024-12-19 10:39:16
500101013,9,2,6,2024-12-19 09:05:16
500101013,9,2,6,2024-12-19 10:54:15
500101016,8,2,6,2024-12-19 12:20:16
500108044,73,67,6,2024-12-19 10:30:16
500110065,55,49,6,2024-12-19 09:26:15
500101013,9,1,7,2024-12-19 11:28:15
500101016,8,1,7,2024-12-19 11:08:15
500106093,9,2,7,2024-12-19 11:59:16
500101108,9,1,8,2024-12-19 11:30:18
500112043,65,57,8,2024-12-19 11:45:15
500101137,70,61,9,2024-12-19 12:48:15
500111005,53,44,9,2024-12-19 10:13:15
500112043,65,56,9,2024-12-19 12:27:15
500104031,66,26,10,2024-12-19 12:18:15
500112007,64,53,10,2024-12-19 12:48:15
500112043,65,53,12,2024-12-19 10:05:16
500113068,64,52,12,2024-12-19 10:17:16
500101137,70,57,13,2024-12-19 12:38:15
500103011,64,48,13,2024-12-19 10:28:15
500119068,66,35,14,2024-12-19 10:07:16
500119068,66,29,16,2024-12-19 11:15:16
500106055,81,64,17,2024-12-19 13:07:15
500106055,81,64,17,2024-12-19 11:35:17
500112007,64,45,18,2024-12-19 12:28:15
500112066,54,35,18,2024-12-19 10:49:16
500103011,64,42,19,2024-12-19 09:47:15
500104031,66,12,19,2024-12-19 09:07:15
500113034,68,43,19,2024-12-19 12:48:14
500101137,70,50,20,2024-12-19 12:27:15
500104031,66,11,20,2024-12-19 09:57:15
500104031,66,16,20,2024-12-19 11:28:16
500106055,81,59,20,2024-12-19 10:06:15
500110014,66,23,20,2024-12-19 11:16:16
500112066,54,33,20,2024-12-19 10:06:15
500112082,68,35,20,2024-12-19 12:58:15
500113068,64,44,20,2024-12-19 11:38:14
500119077,56,35,21,2024-12-19 10:18:15
500112082,68,33,22,2024-12-19 11:57:16
500119077,56,33,23,2024-12-19 10:05:15
500101166,54,30,24,2024-12-19 09:24:15
500106055,81,54,25,2024-12-19 09:46:16
500112082,68,43,25,2024-12-19 09:37:15
500113034,68,36,26,2024-12-19 11:47:15
500113044,53,26,26,2024-12-19 12:41:15
500106006,55,28,27,2024-12-19 10:28:15
500106055,81,54,27,2024-12-19 12:18:15
500106067,68,40,27,2024-12-19 13:08:15
500101137,70,42,28,2024-12-19 10:45:15
500108028,49,20,28,2024-12-19 09:08:14
500103011,64,34,29,2024-12-19 12:45:15
500106017,55,26,29,2024-12-19 12:49:15
500103024,57,26,31,2024-12-19 11:46:15
500106017,55,24,31,2024-12-19 12:28:15
500110005,77,46,31,2024-12-19 12:46:15
500112017,53,21,32,2024-12-19 11:57:16
500103024,57,23,33,2024-12-19 10:47:16
500106055,81,46,33,2024-12-19 09:24:14
500101132,54,20,34,2024-12-19 09:33:15
500112007,64,29,34,2024-12-19 10:37:16
500101169,49,13,35,2024-12-19 09:08:15
500112045,56,21,35,2024-12-19 09:07:15
500103009,81,45,36,2024-12-19 12:16:15
500106017,55,19,36,2024-12-19 11:17:15
500112082,68,18,37,2024-12-19 10:17:16
500101132,54,16,38,2024-12-19 10:47:16
500103009,81,43,38,2024-12-19 09:36:15
500104014,56,17,38,2024-12-19 10:38:15
500103009,81,42,39,2024-12-19 09:47:15
500103009,81,42,39,2024-12-19 10:38:15
500108028,49,9,39,2024-12-19 10:48:15
500108028,49,9,39,2024-12-19 11:19:15
500112032,54,15,39,2024-12-19 11:47:16
500101132,54,14,40,2024-12-19 11:47:16
500105019,57,17,40,2024-12-19 12:27:15
500108028,49,8,40,2024-12-19 10:56:15
500109075,58,14,40,2024-12-19 09:36:15
500112022,56,16,40,2024-12-19 13:06:15
500112082,68,21,40,2024-12-19 10:07:16
500101166,54,13,41,2024-12-19 10:50:15
500107062,49,8,41,2024-12-19 10:30:16
500112029,63,17,42,2024-12-19 09:37:15
500112029,63,17,42,2024-12-19 09:47:14
500101169,49,6,43,2024-12-19 11:28:15
500112017,53,10,43,2024-12-19 09:09:15
500103009,81,37,44,2024-12-19 11:58:16
500112007,64,19,44,2024-12-19 10:07:15
500112032,54,10,44,2024-12-19 09:37:15
500107062,49,4,45,2024-12-19 13:01:15
500109075,58,9,45,2024-12-19 09:47:15
500101166,54,8,46,2024-12-19 12:26:15
500112045,56,10,46,2024-12-19 11:36:15
500101166,54,7,47,2024-12-19 12:35:16
500106006,55,8,47,2024-12-19 12:08:15
500106006,55,7,48,2024-12-19 12:19:15
500107028,75,27,48,2024-12-19 12:55:16
500107035,59,11,48,2024-12-19 09:45:15
500101166,54,5,49,2024-12-19 13:06:15
500106067,68,19,49,2024-12-19 10:03:15
500112032,54,5,49,2024-12-19 12:43:15
500109033,53,3,50,2024-12-19 10:45:16
500111002,56,5,50,2024-12-19 11:46:15
500104091,70,18,51,2024-12-19 13:08:15
500106006,55,4,51,2024-12-19 12:35:16
500109033,53,2,51,2024-12-19 11:30:17
500101144,69,17,52,2024-12-19 12:48:15
500112035,96,44,52,2024-12-19 11:37:15
500104091,70,16,53,2024-12-19 10:27:16
500109011,71,18,53,2024-12-19 13:03:15
500119048,53,0,53,2024-12-19 09:03:15
500119048,53,0,53,2024-12-19 10:47:16
500106048,59,5,54,2024-12-19 12:18:15
500106067,68,12,54,2024-12-19 09:06:15
500109011,71,17,54,2024-12-19 09:09:15
500109032,70,16,54,2024-12-19 09:26:15
500111003,65,11,54,2024-12-19 10:48:15
500113038,87,32,54,2024-12-19 10:47:16
500109011,71,16,55,2024-12-19 09:06:15
500113038,87,31,55,2024-12-19 11:28:16
500112085,92,35,56,2024-12-19 10:51:16
500113038,87,30,56,2024-12-19 10:38:15
500107035,59,2,57,2024-12-19 12:30:16
500111003,65,8,57,2024-12-19 09:03:14
500106014,58,0,58,2024-12-19 11:00:19
500111003,65,6,59,2024-12-19 09:09:15
500112035,96,37,59,2024-12-19 12:27:15
500101032,61,1,60,2024-12-19 09:45:15
500119059,68,8,60,2024-12-19 10:17:15
500101032,61,0,61,2024-12-19 10:17:16
500111013,73,12,61,2024-12-19 13:07:15
500112085,92,30,61,2024-12-19 12:08:15
500119059,68,7,61,2024-12-19 10:07:16
500112035,96,32,64,2024-12-19 10:43:16
500109011,71,6,65,2024-12-19 11:17:15
500111013,73,8,65,2024-12-19 12:26:15
500107028,75,8,67,2024-12-19 10:07:16
500119059,68,1,67,2024-12-19 11:37:15
500119059,68,1,67,2024-12-19 12:06:15
500112035,96,27,69,2024-12-19 09:35:16
500119006,92,1,91,2024-12-19 09:36:15
500119006,92,1,91,2024-12-19 11:48:16
500119006,92,1,91,2024-12-19 10:48:15
500119006,92,1,91,2024-12-19 11:03:16
500101012,8,8,0,2024-12-19 18:29:15
500101013,9,9,0,2024-12-19 17:37:16
500101013,9,9,0,2024-12-19 19:36:18
500101016,8,8,0,2024-12-19 18:57:19
500101021,7,7,0,2024-12-19 17:37:16
500112043,65,65,0,2024-12-19 17:46:16
500101016,8,7,1,2024-12-19 20:13:15
500101021,7,6,1,2024-12-19 17:58:16
500101108,9,8,1,2024-12-19 21:08:15
500101012,8,6,2,2024-12-19 17:48:15
500111005,53,51,2,2024-12-19 18:24:16
500101012,8,5,3,2024-12-19 20:38:15
500101108,9,6,3,2024-12-19 19:49:15
500101108,9,6,3,2024-12-19 18:18:16
500112043,65,62,3,2024-12-19 18:08:15
500101108,9,5,4,2024-12-19 19:29:15
500109075,58,44,4,2024-12-19 18:56:15
500106093,9,3,6,2024-12-19 17:54:15
500109075,58,42,6,2024-12-19 19:07:15
500109075,58,51,7,2024-12-19 21:09:16
500112022,56,49,7,2024-12-19 20:13:15
500119077,56,48,8,2024-12-19 18:58:16
500103009,81,72,9,2024-12-19 18:08:16
500103009,81,72,9,2024-12-19 18:18:16
500106067,68,58,10,2024-12-19 20:26:16
500119077,56,46,10,2024-12-19 20:06:15
500113044,53,41,11,2024-12-19 19:54:15
500113044,53,40,12,2024-12-19 20:11:16
500103009,81,68,13,2024-12-19 18:48:15
500106067,68,55,13,2024-12-19 21:18:15
500107062,49,36,13,2024-12-19 18:54:15
500103009,81,67,14,2024-12-19 17:46:14
500107062,49,35,14,2024-12-19 19:03:15
500112017,53,39,14,2024-12-19 21:07:16
500107062,49,33,16,2024-12-19 19:41:16
500106067,68,51,17,2024-12-19 18:48:15
500109075,58,37,17,2024-12-19 19:57:15
500107035,59,41,18,2024-12-19 20:30:17
500107035,59,41,18,2024-12-19 19:05:15
500107062,49,31,18,2024-12-19 17:58:16
500109027,58,39,18,2024-12-19 19:48:15
500110014,66,25,18,2024-12-19 18:29:16
500111005,53,35,18,2024-12-19 20:26:15
500112066,54,35,18,2024-12-19 17:27:16
500111003,65,46,19,2024-12-19 18:56:15
500101032,61,41,20,2024-12-19 21:17:15
500104031,66,36,21,2024-12-19 20:28:15
500111005,53,32,21,2024-12-19 20:50:16
500112066,54,32,21,2024-12-19 17:44:15
500109032,70,48,22,2024-12-19 20:55:17
500109075,58,32,22,2024-12-19 20:35:16
500112029,63,41,22,2024-12-19 17:27:16
500104091,70,46,23,2024-12-19 17:58:16
500106014,58,34,24,2024-12-19 18:55:17
500104091,70,44,25,2024-12-19 18:29:15
500107024,61,36,25,2024-12-19 18:15:17
500108028,49,23,25,2024-12-19 17:38:16
500103009,81,55,26,2024-12-19 19:29:15
500112066,54,27,26,2024-12-19 18:08:16
500112085,92,66,26,2024-12-19 21:18:15
500101169,49,22,27,2024-12-19 19:29:15
500110014,66,16,27,2024-12-19 18:08:16
500110065,55,28,27,2024-12-19 17:46:15
500110065,55,28,27,2024-12-19 19:18:15
500112085,92,65,27,2024-12-19 20:59:15
500108028,49,20,28,2024-12-19 20:39:16
500112085,92,64,28,2024-12-19 20:47:15
500109032,70,41,29,2024-12-19 18:29:16
500112049,70,41,29,2024-12-19 18:18:15
500113034,68,33,29,2024-12-19 18:18:16
500104014,56,25,30,2024-12-19 17:46:15
500112022,56,26,30,2024-12-19 17:58:16
500101166,54,23,31,2024-12-19 19:05:16
500106017,55,24,31,2024-12-19 18:46:15
500109032,70,39,31,2024-12-19 19:49:15
500112022,56,25,31,2024-12-19 17:27:16
500112049,70,39,31,2024-12-19 18:38:15
500101144,69,37,32,2024-12-19 19:58:15
500101169,49,17,32,2024-12-19 20:05:16
500112032,54,22,32,2024-12-19 18:17:15
500106017,55,22,33,2024-12-19 17:59:14
500108028,49,15,33,2024-12-19 21:04:15
500109027,58,21,33,2024-12-19 17:20:17
500112029,63,30,33,2024-12-19 19:45:16
500112066,54,20,33,2024-12-19 18:53:15
500112017,53,19,34,2024-12-19 17:58:16
500112032,54,20,34,2024-12-19 17:27:16
500109032,70,35,35,2024-12-19 18:48:15
500106006,55,19,36,2024-12-19 19:38:14
500112085,92,56,36,2024-12-19 17:47:16
500101169,49,12,37,2024-12-19 17:27:16
500103011,64,27,37,2024-12-19 17:34:15
500104014,56,18,37,2024-12-19 18:17:15
500110065,55,18,37,2024-12-19 20:13:15
500112029,63,26,37,2024-12-19 21:00:16
500101032,61,23,38,2024-12-19 20:08:14
500106017,55,17,38,2024-12-19 20:23:15
500106055,81,43,38,2024-12-19 20:38:15
500109027,58,19,38,2024-12-19 20:09:15
500109032,70,32,38,2024-12-19 18:18:16
500110065,55,17,38,2024-12-19 20:45:16
500112045,56,18,38,2024-12-19 21:15:15
500112066,54,15,38,2024-12-19 19:23:15
500106055,81,41,40,2024-12-19 21:18:15
500104030,49,6,42,2024-12-19 18:06:15
500119068,66,24,42,2024-12-19 20:37:15
500101169,49,5,44,2024-12-19 21:19:16
500112045,56,12,44,2024-12-19 19:16:15
500101166,54,9,45,2024-12-19 20:57:16
500112045,56,11,45,2024-12-19 17:28:15
500101132,54,8,46,2024-12-19 20:05:16
500103024,57,11,46,2024-12-19 20:48:15
500111013,73,27,46,2024-12-19 20:06:15
500111013,73,27,46,2024-12-19 18:55:17
500106121,49,1,47,2024-12-19 18:38:16
500107024,61,14,47,2024-12-19 18:37:15
500112082,68,8,47,2024-12-19 19:29:15
500113038,87,40,47,2024-12-19 20:29:15
500113038,87,40,47,2024-12-19 21:19:16
500103009,81,33,48,2024-12-19 21:17:15
500105019,57,9,48,2024-12-19 19:56:16
500106121,49,0,48,2024-12-19 18:28:15
500109011,71,23,48,2024-12-19 20:38:15
500101132,54,5,49,2024-12-19 18:04:16
500103024,57,6,51,2024-12-19 18:57:15
500107028,75,24,51,2024-12-19 21:08:15
500119068,66,15,51,2024-12-19 21:04:15
500108044,73,21,52,2024-12-19 17:48:14
500112082,68,3,52,2024-12-19 20:05:16
500106048,59,5,54,2024-12-19 19:19:15
500107024,61,7,54,2024-12-19 19:48:15
500103024,57,1,56,2024-12-19 19:58:15
500112007,64,7,56,2024-12-19 18:18:16
500106048,59,0,59,2024-12-19 18:13:17
500101101,64,4,60,2024-12-19 18:38:16
500105007,63,3,60,2024-12-19 19:29:15
500112007,64,3,60,2024-12-19 20:07:15
500112007,64,3,60,2024-12-19 19:28:15
500112007,64,3,60,2024-12-19 21:18:15
500105007,63,1,62,2024-12-19 19:35:16
500108044,73,7,66,2024-12-19 19:24:15
500108044,73,6,67,2024-12-19 19:00:18
500110005,77,4,73,2024-12-19 17:46:15
500112035,96,22,74,2024-12-19 17:37:16
500112035,96,9,86,2024-12-19 20:28:15
500112035,96,4,91,2024-12-19 19:38:15
500112035,96,4,91,2024-12-19 20:47:14
500101013,9,8,1,2024-12-19 16:48:16
500101021,7,6,1,2024-12-19 15:41:15
500101108,9,8,1,2024-12-19 14:28:15
500112043,65,64,1,2024-12-19 13:57:15
500112043,65,64,1,2024-12-19 14:26:15
500101012,8,6,2,2024-12-19 17:08:16
500101018,5,3,2,2024-12-19 13:50:16
500111005,53,51,2,2024-12-19 15:02:15
500101108,9,6,3,2024-12-19 15:35:16
500101013,9,4,4,2024-12-19 13:13:15
500101016,8,4,4,2024-12-19 16:07:15
500119077,56,52,4,2024-12-19 15:37:16
500101021,7,2,5,2024-12-19 17:07:15
500101021,7,2,5,2024-12-19 14:47:15
500101108,9,4,5,2024-12-19 16:11:15
500112043,65,60,5,2024-12-19 16:47:15
500119077,56,51,5,2024-12-19 15:25:15
500101016,8,2,6,2024-12-19 16:25:16
500104031,66,30,6,2024-12-19 14:06:15
500107024,61,37,6,2024-12-19 14:26:15
500112043,65,59,6,2024-12-19 16:58:15
500101137,70,62,8,2024-12-19 13:37:15
500113068,64,56,8,2024-12-19 15:19:15
500107024,61,34,9,2024-12-19 13:54:15
500101137,70,60,10,2024-12-19 13:50:16
500104031,66,26,10,2024-12-19 14:33:15
500107024,61,33,10,2024-12-19 15:07:15
500112007,64,53,10,2024-12-19 14:28:16
500113068,64,54,10,2024-12-19 16:28:15
500119077,56,45,11,2024-12-19 13:18:15
500106055,81,69,12,2024-12-19 16:32:15
500107024,61,31,12,2024-12-19 15:39:15
500119068,66,33,12,2024-12-19 15:47:14
500119068,66,33,12,2024-12-19 14:14:15
500108044,73,60,13,2024-12-19 16:17:14
500112007,64,50,13,2024-12-19 16:17:15
500108044,73,59,14,2024-12-19 16:36:15
500101137,70,55,15,2024-12-19 15:18:15
500101137,70,55,15,2024-12-19 15:35:16
500110014,66,28,15,2024-12-19 15:02:15
500112082,68,40,15,2024-12-19 14:06:15
500112029,63,47,16,2024-12-19 16:55:17
500119068,66,28,17,2024-12-19 16:25:16
500104091,70,48,21,2024-12-19 16:51:16
500107035,59,38,21,2024-12-19 17:18:16
500103011,64,42,22,2024-12-19 16:41:15
500106067,68,46,22,2024-12-19 15:38:15
500112032,54,32,22,2024-12-19 15:28:14
500112082,68,32,23,2024-12-19 15:46:16
500112082,68,32,23,2024-12-19 16:18:16
500104091,70,45,24,2024-12-19 15:18:15
500106055,81,57,24,2024-12-19 17:18:16
500112032,54,30,24,2024-12-19 14:44:15
500106067,68,43,25,2024-12-19 14:58:15
500103009,81,55,26,2024-12-19 14:22:15
500106017,55,29,26,2024-12-19 15:45:15
500106017,55,29,26,2024-12-19 14:08:15
500113044,53,26,26,2024-12-19 16:06:15
500103009,81,54,27,2024-12-19 14:56:14
500103009,81,54,27,2024-12-19 14:07:16
500106017,55,28,27,2024-12-19 13:49:14
500103024,57,29,28,2024-12-19 14:37:14
500104091,70,41,28,2024-12-19 14:08:15
500110005,77,49,28,2024-12-19 14:00:17
500111003,65,37,28,2024-12-19 16:26:15
500103009,81,51,30,2024-12-19 13:09:15
500106121,49,18,30,2024-12-19 16:27:16
500107062,49,18,31,2024-12-19 16:30:16
500104030,49,16,32,2024-12-19 15:40:16
500110005,77,45,32,2024-12-19 16:38:15
500107062,49,16,33,2024-12-19 17:06:15
500107062,49,15,34,2024-12-19 13:38:15
500109075,58,14,34,2024-12-19 15:48:15
500108028,49,13,35,2024-12-19 15:34:15
500109075,58,13,35,2024-12-19 15:03:15
500105007,63,27,36,2024-12-19 15:18:15
500108028,49,10,38,2024-12-19 16:57:16
500105007,63,24,39,2024-12-19 14:29:15
500109027,58,15,39,2024-12-19 15:28:14
500101032,61,21,40,2024-12-19 16:46:15
500104014,56,15,40,2024-12-19 15:08:15
500105019,57,16,41,2024-12-19 15:47:15
500112022,56,15,41,2024-12-19 14:47:15
500103009,81,39,42,2024-12-19 15:45:16
500113034,68,20,42,2024-12-19 17:08:16
500101132,54,11,43,2024-12-19 13:15:15
500103009,81,38,43,2024-12-19 15:24:15
500105007,63,20,43,2024-12-19 16:57:16
500112029,63,16,43,2024-12-19 13:32:15
500112032,54,11,43,2024-12-19 13:10:16
500113034,68,19,43,2024-12-19 16:18:16
500113038,87,43,43,2024-12-19 15:36:15
500104014,56,11,44,2024-12-19 16:04:15
500107028,75,31,44,2024-12-19 16:17:15
500112022,56,12,44,2024-12-19 15:09:15
500113038,87,42,44,2024-12-19 15:42:14
500113038,87,42,44,2024-12-19 13:57:15
500104014,56,10,45,2024-12-19 16:30:16
500109033,53,8,45,2024-12-19 16:25:16
500111002,56,10,46,2024-12-19 16:36:15
500112017,53,7,46,2024-12-19 17:17:16
500113038,87,40,46,2024-12-19 14:57:15
500101169,49,2,47,2024-12-19 16:57:16
500106006,55,8,47,2024-12-19 14:38:15
500107028,75,27,48,2024-12-19 14:14:14
500113038,87,38,48,2024-12-19 17:17:16
500119059,68,20,48,2024-12-19 16:58:14
500106014,58,9,49,2024-12-19 16:28:15
500101032,61,10,51,2024-12-19 15:46:16
500101144,69,18,51,2024-12-19 16:55:17
500106006,55,3,52,2024-12-19 13:15:15
500119059,68,16,52,2024-12-19 15:16:15
500101144,69,16,53,2024-12-19 15:28:14
500112045,56,2,54,2024-12-19 15:24:15
500101101,64,9,55,2024-12-19 17:18:16
500107028,75,20,55,2024-12-19 16:45:17
500112045,56,1,55,2024-12-19 16:24:15
500112085,92,36,55,2024-12-19 14:12:15
500112049,70,13,57,2024-12-19 14:57:15
500109032,70,12,58,2024-12-19 16:18:16
500101032,61,0,61,2024-12-19 17:18:16
500119059,68,7,61,2024-12-19 13:56:14
500101101,64,2,62,2024-12-19 14:25:16
500119059,68,6,62,2024-12-19 13:47:15
500119006,92,21,71,2024-12-19 16:40:16
500119006,92,21,71,2024-12-19 15:08:15
500119006,92,2,90,2024-12-19 14:08:15
500119068,66,14,52,2024-12-19 21:48:15
500108028,49,48,0,2024-12-19 07:17:14
500104084,9,8,1,2024-12-19 08:57:15
500106121,49,47,1,2024-12-19 08:27:16
500112043,65,64,1,2024-12-19 08:57:16
500106093,9,7,2,2024-12-19 06:41:14
500101016,8,5,3,2024-12-19 07:15:17
500104097,8,5,3,2024-12-19 06:35:15
500106093,9,6,3,2024-12-19 08:52:16
500101016,8,4,4,2024-12-19 07:58:15
500113034,68,58,4,2024-12-19 06:10:16
500101021,7,1,5,2024-12-19 06:46:15
500113034,68,57,5,2024-12-19 07:59:15
500113034,68,57,6,2024-12-19 05:14:15
500106121,49,42,7,2024-12-19 08:16:15
500101108,9,1,8,2024-12-19 07:47:15
500110065,55,47,8,2024-12-19 08:57:15
500106014,58,41,9,2024-12-19 04:46:15
500107024,61,37,11,2024-12-19 08:36:15
500101169,49,36,12,2024-12-19 08:02:15
500112017,53,41,12,2024-12-19 06:56:15
500112017,53,41,12,2024-12-19 06:12:15
500112043,65,53,12,2024-12-19 06:33:15
500112043,65,53,12,2024-12-19 07:36:15
500113044,53,38,13,2024-12-19 07:07:15
500106014,58,36,14,2024-12-19 07:57:16
500113034,68,48,14,2024-12-19 08:37:15
500101144,69,54,15,2024-12-19 07:46:15
500110065,55,37,18,2024-12-19 08:16:15
500103011,64,42,20,2024-12-19 07:10:16
500101101,64,42,22,2024-12-19 08:57:15
500106006,55,32,23,2024-12-19 07:37:15
500112017,53,29,24,2024-12-19 07:52:15
500101166,54,29,25,2024-12-19 08:02:15
500108028,49,23,25,2024-12-19 08:57:15
500101166,54,28,26,2024-12-19 08:13:15
500106048,59,33,26,2024-12-19 08:17:15
500106014,58,23,27,2024-12-19 07:25:15
500111013,73,46,27,2024-12-19 07:57:16
500112017,53,26,27,2024-12-19 08:17:15
500107028,75,47,28,2024-12-19 06:26:15
500110014,66,30,28,2024-12-19 08:45:16
500112017,53,25,28,2024-12-19 08:03:15
500104014,56,26,29,2024-12-19 06:36:14
500108044,73,44,29,2024-12-19 08:03:15
500101137,70,40,30,2024-12-19 06:34:15
500101132,54,22,32,2024-12-19 08:16:15
500101032,61,27,33,2024-12-19 08:25:16
500101166,54,21,33,2024-12-19 06:17:14
500107028,75,42,33,2024-12-19 07:46:15
500107035,59,25,33,2024-12-19 07:33:15
500109032,70,37,33,2024-12-19 06:55:16
500101137,70,35,35,2024-12-19 08:27:16
500101137,70,35,35,2024-12-19 07:57:16
500103011,64,27,35,2024-12-19 06:30:16
500106048,59,23,36,2024-12-19 07:57:16
500112049,70,34,36,2024-12-19 06:47:15
500109075,58,21,37,2024-12-19 07:56:15
500111002,56,18,37,2024-12-19 06:26:15
500111005,53,16,37,2024-12-19 06:52:14
500106006,55,17,38,2024-12-19 07:17:14
500109027,58,16,38,2024-12-19 08:03:15
500111005,53,13,40,2024-12-19 06:09:15
500101132,54,13,41,2024-12-19 07:09:15
500112082,68,27,41,2024-12-19 08:17:14
500112032,54,10,44,2024-12-19 08:37:15
500112032,54,10,44,2024-12-19 07:27:15
500112066,54,9,44,2024-12-19 07:37:15
500119068,66,22,44,2024-12-19 08:37:15
500112017,53,7,46,2024-12-19 08:57:15
500106055,81,32,47,2024-12-19 08:17:15
500112032,54,7,47,2024-12-19 06:33:15
500112032,54,5,49,2024-12-19 05:43:14
500110065,55,5,50,2024-12-19 06:25:15
500111003,65,15,50,2024-12-19 08:17:15
500112066,54,3,50,2024-12-19 06:34:15
500113038,87,34,50,2024-12-19 08:26:15
500104014,56,4,51,2024-12-19 08:02:15
500109032,70,19,51,2024-12-19 08:56:16
500109033,53,2,51,2024-12-19 08:16:15
500112022,56,5,51,2024-12-19 07:57:16
500113038,87,33,51,2024-12-19 08:16:14
500109033,53,1,52,2024-12-19 08:29:15
500110014,66,12,52,2024-12-19 06:53:15
500110065,55,3,52,2024-12-19 04:53:14
500111003,65,12,53,2024-12-19 08:37:15
500112007,64,10,53,2024-12-19 05:41:14
500119048,53,0,53,2024-12-19 08:49:16
500105007,63,9,54,2024-12-19 06:49:15
500108044,73,19,54,2024-12-19 07:37:15
500109027,58,0,54,2024-12-19 08:25:16
500109027,58,0,54,2024-12-19 08:46:16
500112085,92,37,54,2024-12-19 08:53:15
500113038,87,29,55,2024-12-19 05:58:15
500104091,70,13,56,2024-12-19 05:03:15
500109011,71,15,56,2024-12-19 08:44:16
500110014,66,8,56,2024-12-19 04:51:15
500103009,81,24,57,2024-12-19 06:36:14
500105007,63,6,57,2024-12-19 07:16:15
500110014,66,7,57,2024-12-19 05:35:15
500108044,73,15,58,2024-12-19 06:32:15
500108044,73,15,58,2024-12-19 06:42:15
500110014,66,5,59,2024-12-19 05:50:15
500109011,71,11,60,2024-12-19 07:35:16
500103009,81,20,61,2024-12-19 06:06:14
500109011,71,9,62,2024-12-19 07:16:15
500111013,73,11,62,2024-12-19 08:57:15
500110005,77,5,72,2024-12-19 05:25:15
500112035,96,5,91,2024-12-19 08:03:15
500112035,96,4,92,2024-12-19 07:16:15
500107028,75,33,42,2024-12-19 03:52:14
500101101,64,7,57,2024-12-19 23:29:14
500106006,55,11,44,2024-12-19 00:24:15
500107024,61,0,61,2024-12-19 00:17:15
500107028,75,2,73,2024-12-19 00:01:15
500109011,71,8,63,2024-12-19 00:41:14
500110005,77,5,72,2024-12-19 00:19:15
500112045,56,36,20,2024-12-19 00:47:15
500112066,54,8,45,2024-12-19 00:15:15
500112066,54,7,46,2024-12-19 00:22:15
500113038,87,2,83,2024-12-19 00:15:15
500103009,81,9,72,2024-12-19 23:49:15
500106017,55,14,41,2024-12-19 00:06:15
500111013,73,11,62,2024-12-19 00:37:15
500113034,68,62,1,2024-12-19 00:33:16
500101021,7,0,7,2024-12-19 21:52:16
500109027,58,36,21,2024-12-19 23:22:15
500106014,58,38,12,2024-12-19 00:47:15
500119048,53,40,13,2024-12-19 01:00:17
500112049,70,33,37,2024-12-19 01:11:15
500101108,9,6,3,2024-12-19 01:13:15
500104014,56,30,25,2024-12-19 00:23:14
500110014,66,30,36,2024-12-19 00:52:15
500109033,53,31,22,2024-12-19 00:28:14
500107024,61,1,60,2024-12-19 23:17:14
500101169,49,8,41,2024-12-19 23:18:15
500111005,53,8,45,2024-12-19 23:01:15
500101013,9,9,0,2024-12-19 23:07:15
500101166,54,17,37,2024-12-19 23:14:15
500111003,65,24,41,2024-12-19 22:58:15
500105007,63,1,62,2024-12-19 22:09:15
500119059,68,3,65,2024-12-19 22:34:15
500101169,49,4,45,2024-12-19 22:39:15
500101018,5,5,0,2024-12-19 22:38:16
500105019,57,8,49,2024-12-19 22:11:15
500108028,49,13,35,2024-12-19 22:14:15
500111003,65,26,39,2024-12-19 22:25:16
500109033,53,27,26,2024-12-19 22:32:15
500109075,58,32,26,2024-12-19 22:34:15
500106055,81,39,42,2024-12-19 22:39:15
500110014,66,41,15,2024-12-19 22:25:16
500101169,49,2,47,2024-12-19 21:37:15
500101016,8,3,5,2024-12-19 21:22:15
500101101,64,20,44,2024-12-19 21:39:15
500111005,53,25,28,2024-12-19 21:38:14
500107028,75,27,48,2024-12-19 21:37:15
500112017,53,36,17,2024-12-19 21:39:15
500112049,70,37,33,2024-12-19 21:39:15
500119048,53,42,11,2024-12-19 21:36:15
500113034,68,56,6,2024-12-19 21:36:15
500104091,70,10,59,2024-12-19 01:56:14
500106067,68,14,53,2024-12-19 02:14:15
500113034,68,61,2,2024-12-19 02:51:15
500106048,59,4,55,2024-12-19 03:30:16
500111003,65,13,52,2024-12-19 03:55:15
500103024,57,33,24,2024-12-19 04:26:15
500106121,49,0,48,2024-12-19 22:09:15
500112066,54,1,52,2024-12-19 21:54:14
500101018,5,4,1,2024-12-19 22:05:16
500101012,8,5,3,2024-12-19 22:01:15
500106017,55,9,46,2024-12-19 22:09:15
500101137,70,38,32,2024-12-19 22:04:15
500107035,59,40,19,2024-12-19 22:04:15
500110014,66,41,15,2024-12-19 22:04:15
500112085,92,48,44,2024-12-19 22:09:15
500113034,68,57,5,2024-12-19 22:08:15
500111013,73,7,66,2024-12-19 01:24:14
500106067,68,17,50,2024-12-19 01:22:15
500119048,53,41,12,2024-12-19 01:19:15
500106121,49,1,47,2024-12-19 21:59:16
500108028,49,15,33,2024-12-19 21:59:15
500101101,64,19,45,2024-12-19 21:52:15
500104031,66,27,37,2024-12-19 21:57:15
500104014,56,35,20,2024-12-19 21:55:17
500113038,87,40,47,2024-12-19 21:58:14
500110014,66,42,14,2024-12-19 21:56:15
500101144,69,43,26,2024-12-19 21:58:15
500112049,70,32,38,2024-12-19 03:33:15
500106067,68,13,54,2024-12-19 03:20:15
500110005,77,4,73,2024-12-19 23:36:15
500119006,92,26,66,2024-12-19 23:53:15
500112022,56,49,7,2024-12-19 00:48:14
500107028,75,20,55,2024-12-19 22:44:15
500112007,64,11,52,2024-12-19 04:32:14
500107062,49,33,16,2024-12-19 04:34:15
500105007,63,3,60,2024-12-19 22:52:15
500103009,81,16,65,2024-12-19 23:03:14
500112022,56,41,15,2024-12-19 23:03:15
500106014,58,52,3,2024-12-19 22:58:15
500101032,61,60,1,2024-12-19 23:07:15
500103024,57,1,56,2024-12-19 22:13:15
500104091,70,12,57,2024-12-19 22:19:15
500101144,69,41,28,2024-12-19 22:19:15
500103024,57,2,55,2024-12-19 22:25:16
500112045,56,15,41,2024-12-19 22:20:15
500107028,75,22,53,2024-12-19 22:21:15
500107024,61,0,61,2024-12-19 22:55:17
500112032,54,21,32,2024-12-19 22:56:15
500109033,53,27,26,2024-12-19 23:30:16
500101032,61,61,0,2024-12-19 23:26:15
500113034,68,59,4,2024-12-19 02:07:15
500110005,77,7,70,2024-12-19 01:33:15
500107024,61,43,0,2024-12-19 11:48:16
500107024,61,42,1,2024-12-19 12:07:16
500108044,73,72,1,2024-12-19 08:59:15
500106121,49,46,2,2024-12-19 09:40:16
500111005,53,51,2,2024-12-19 10:41:15
500101013,9,5,3,2024-12-19 12:52:15
500101013,9,4,4,2024-12-19 12:16:15
500101108,9,5,4,2024-12-19 12:23:16
500101108,9,5,4,2024-12-19 12:08:15
500101108,9,5,4,2024-12-19 10:48:15
500101012,8,3,5,2024-12-19 12:37:15
500104097,8,3,5,2024-12-19 10:27:16
500106121,49,43,5,2024-12-19 10:46:15
500112043,65,60,5,2024-12-19 09:09:15
500113068,64,59,5,2024-12-19 12:35:16
500101016,8,2,6,2024-12-19 09:37:15
500101021,7,0,6,2024-12-19 13:04:15
500113068,64,58,6,2024-12-19 09:07:15
500101013,9,1,7,2024-12-19 10:15:16
500101016,8,1,7,2024-12-19 11:33:15
500101108,9,2,7,2024-12-19 09:26:15
500104084,9,2,7,2024-12-19 11:22:15
500101016,8,0,8,2024-12-19 09:41:16
500104084,9,1,8,2024-12-19 11:58:16
500104084,9,1,8,2024-12-19 12:08:15
500104084,9,1,8,2024-12-19 10:18:15
500108044,73,65,8,2024-12-19 11:29:15
500108044,73,65,8,2024-12-19 11:04:15
500106121,49,39,9,2024-12-19 11:33:15
500119077,56,47,9,2024-12-19 11:18:16
500106121,49,38,10,2024-12-19 12:58:15
500119068,66,34,11,2024-12-19 12:58:15
500112043,65,53,12,2024-12-19 11:55:18
500119068,66,33,12,2024-12-19 12:46:15
500106055,81,67,13,2024-12-19 10:48:15
500112043,65,52,13,2024-12-19 09:36:15
500119077,56,43,13,2024-12-19 10:29:15
500112007,64,48,15,2024-12-19 12:08:15
500110014,66,31,16,2024-12-19 10:14:15
500112066,54,37,16,2024-12-19 12:12:15
500104031,66,13,18,2024-12-19 09:27:15
500111005,53,34,19,2024-12-19 09:09:15
500113068,64,44,20,2024-12-19 11:13:15
500113034,68,41,21,2024-12-19 09:37:15
500101166,54,30,24,2024-12-19 09:36:15
500104031,66,12,24,2024-12-19 11:18:16
500112007,64,39,24,2024-12-19 10:57:15
500112007,64,39,24,2024-12-19 11:18:15
500119068,66,21,24,2024-12-19 10:38:15
500106017,55,30,25,2024-12-19 09:42:15
500106048,59,34,25,2024-12-19 11:34:15
500101101,64,38,26,2024-12-19 09:06:15
500106017,55,29,26,2024-12-19 09:34:14
500106017,55,29,26,2024-12-19 09:55:17
500106067,68,40,28,2024-12-19 12:49:15
500113044,53,24,28,2024-12-19 09:44:15
500119077,56,28,28,2024-12-19 09:53:15
500106067,68,39,29,2024-12-19 12:39:15
500113034,68,33,29,2024-12-19 11:12:16
500101166,54,24,30,2024-12-19 09:56:16
500106017,55,25,30,2024-12-19 09:23:15
500112017,53,23,30,2024-12-19 12:08:15
500105007,63,32,31,2024-12-19 10:07:15
500110005,77,46,31,2024-12-19 11:44:15
500103011,64,30,32,2024-12-19 12:08:15
500101169,49,15,33,2024-12-19 09:07:15
500103024,57,24,33,2024-12-19 11:05:17
500112082,68,22,33,2024-12-19 10:36:14
500109075,58,20,34,2024-12-19 12:56:15
500104014,56,20,35,2024-12-19 09:55:17
500105007,63,28,35,2024-12-19 10:51:16
500106017,55,20,35,2024-12-19 11:33:16
500101101,64,28,36,2024-12-19 09:26:15
500101101,64,28,36,2024-12-19 10:45:16
500101137,70,34,36,2024-12-19 09:48:15
500104014,56,19,36,2024-12-19 10:15:16
500109075,58,18,36,2024-12-19 09:57:15
500119077,56,20,36,2024-12-19 09:08:14
500105007,63,26,37,2024-12-19 12:43:15
500108028,49,11,37,2024-12-19 10:27:16
500109027,58,17,37,2024-12-19 09:07:15
500112032,54,17,37,2024-12-19 10:25:15
500112032,54,17,37,2024-12-19 10:54:15
500104014,56,17,38,2024-12-19 10:47:16
500105007,63,25,38,2024-12-19 12:38:14
500106067,68,30,38,2024-12-19 10:28:15
500109075,58,15,39,2024-12-19 10:18:15
500101169,49,9,40,2024-12-19 11:15:16
500103009,81,40,41,2024-12-19 12:08:15
500112022,56,15,41,2024-12-19 12:28:15
500112022,56,15,41,2024-12-19 10:49:16
500112032,54,13,41,2024-12-19 11:27:15
500101166,54,12,42,2024-12-19 10:47:16
500101169,49,7,42,2024-12-19 11:38:15
500107062,49,7,42,2024-12-19 10:26:14
500112017,53,11,42,2024-12-19 09:07:15
500112029,63,17,42,2024-12-19 10:07:16
500112029,63,17,42,2024-12-19 10:16:15
500101166,54,10,44,2024-12-19 11:48:15
500112022,56,12,44,2024-12-19 12:37:15
500112045,56,12,44,2024-12-19 10:26:14
500112022,56,11,45,2024-12-19 09:47:15
500112022,56,11,45,2024-12-19 10:02:15
500112032,54,9,45,2024-12-19 12:08:15
500112045,56,11,45,2024-12-19 11:26:15
500101166,54,8,46,2024-12-19 12:54:15
500101169,49,3,46,2024-12-19 10:16:15
500106067,68,22,46,2024-12-19 09:37:15
500109027,58,8,46,2024-12-19 09:58:15
500106067,68,21,47,2024-12-19 09:44:15
500107035,59,11,47,2024-12-19 09:07:15
500104014,56,7,48,2024-12-19 11:38:14
500111003,65,17,48,2024-12-19 11:47:15
500119048,53,5,48,2024-12-19 11:08:15
500112007,64,14,49,2024-12-19 09:55:17
500109033,53,3,50,2024-12-19 13:06:15
500104091,70,18,51,2024-12-19 09:37:15
500107035,59,8,51,2024-12-19 10:03:15
500109027,58,3,51,2024-12-19 11:58:16
500109033,53,2,51,2024-12-19 09:27:15
500109033,53,0,53,2024-12-19 12:19:15
500119048,53,0,53,2024-12-19 10:02:15
500101144,69,15,54,2024-12-19 09:26:15
500112049,70,16,54,2024-12-19 12:37:15
500101144,69,14,55,2024-12-19 12:28:15
500112049,70,15,55,2024-12-19 12:52:15
500104091,70,13,56,2024-12-19 10:06:14
500106048,59,3,56,2024-12-19 12:25:16
500112035,96,40,56,2024-12-19 12:15:16
500101144,69,12,57,2024-12-19 12:05:16
500106014,58,0,57,2024-12-19 09:20:17
500109032,70,13,57,2024-12-19 10:34:14
500109032,70,11,59,2024-12-19 09:40:16
500112085,92,32,59,2024-12-19 12:15:16
500107028,75,15,60,2024-12-19 11:48:15
500107028,75,15,60,2024-12-19 12:18:15
500112049,70,10,60,2024-12-19 11:17:15
500101032,61,0,61,2024-12-19 10:26:15
500109032,70,9,61,2024-12-19 10:47:16
500107028,75,13,62,2024-12-19 09:47:15
500109032,70,7,63,2024-12-19 10:54:15
500111003,65,1,64,2024-12-19 10:18:15
500112035,96,32,64,2024-12-19 09:47:15
500109032,70,5,65,2024-12-19 12:28:15
500107028,75,9,66,2024-12-19 09:57:15
500111013,73,7,66,2024-12-19 09:09:15
500101144,69,1,68,2024-12-19 11:16:15
500101144,69,0,69,2024-12-19 11:21:16
500111013,73,2,71,2024-12-19 10:26:14
500119006,92,0,92,2024-12-19 09:08:15
500119006,92,0,92,2024-12-19 09:24:15
500112043,65,21,44,2024-12-19 04:15:15
500101012,8,8,0,2024-12-19 17:22:16
500101016,8,8,0,2024-12-19 18:38:16
500101018,5,5,0,2024-12-19 20:00:20
500101018,5,5,0,2024-12-19 17:27:16
500101018,5,5,0,2024-12-19 21:07:17
500119048,53,53,0,2024-12-19 17:34:15
500119048,53,53,0,2024-12-19 19:25:16
500101013,9,8,1,2024-12-19 20:25:15
500101016,8,7,1,2024-12-19 20:55:17
500104084,9,8,1,2024-12-19 19:43:15
500104097,8,7,1,2024-12-19 20:59:17
500101016,8,6,2,2024-12-19 19:19:15
500112043,65,63,2,2024-12-19 19:49:15
500101018,5,2,3,2024-12-19 18:58:16
500104084,9,6,3,2024-12-19 17:44:15
500101021,7,3,4,2024-12-19 19:57:14
500104084,9,4,5,2024-12-19 18:54:15
500104097,8,3,5,2024-12-19 18:29:16
500109075,58,53,5,2024-12-19 20:59:17
500112022,56,51,5,2024-12-19 21:09:15
500101021,7,1,6,2024-12-19 18:58:16
500106093,9,3,6,2024-12-19 19:48:15
500109075,58,47,7,2024-12-19 19:29:15
500119077,56,48,8,2024-12-19 18:05:16
500101137,70,61,9,2024-12-19 19:19:15
500101137,70,61,9,2024-12-19 18:58:16
500110014,66,47,9,2024-12-19 18:57:15
500113044,53,42,10,2024-12-19 19:41:16
500119068,66,56,10,2024-12-19 18:29:16
500112029,63,52,11,2024-12-19 17:48:16
500113044,53,41,11,2024-12-19 19:24:15
500112043,65,50,15,2024-12-19 20:59:15
500112017,53,37,16,2024-12-19 20:49:15
500113034,68,46,16,2024-12-19 19:58:15
500113034,68,46,16,2024-12-19 19:38:15
500107035,59,42,17,2024-12-19 19:38:15
500101137,70,52,18,2024-12-19 18:28:16
500112043,65,47,18,2024-12-19 21:08:15
500113068,64,46,18,2024-12-19 17:57:14
500107035,59,40,19,2024-12-19 20:07:15
500107035,59,40,19,2024-12-19 20:56:15
500108028,49,29,19,2024-12-19 18:08:16
500104091,70,49,20,2024-12-19 17:37:16
500112022,56,36,20,2024-12-19 19:06:16
500113068,64,44,20,2024-12-19 18:03:15
500112017,53,32,21,2024-12-19 19:58:14
500110065,55,33,22,2024-12-19 17:27:15
500112085,92,70,22,2024-12-19 19:07:15
500101032,61,38,23,2024-12-19 20:58:15
500104014,56,32,23,2024-12-19 21:14:15
500110014,66,20,23,2024-12-19 17:48:15
500111003,65,42,23,2024-12-19 20:55:17
500112017,53,30,23,2024-12-19 18:48:15
500104031,66,12,24,2024-12-19 18:18:16
500108028,49,24,24,2024-12-19 18:57:15
500109075,58,24,24,2024-12-19 17:24:16
500112085,92,68,24,2024-12-19 20:27:15
500101032,61,36,25,2024-12-19 21:09:16
500111003,65,40,25,2024-12-19 21:09:15
500104091,70,43,26,2024-12-19 18:05:16
500108028,49,22,26,2024-12-19 19:19:15
500112022,56,30,26,2024-12-19 18:57:15
500112066,54,27,26,2024-12-19 18:16:16
500109032,70,42,28,2024-12-19 20:08:15
500119068,66,38,28,2024-12-19 18:56:15
500106055,81,52,29,2024-12-19 17:35:16
500112049,70,41,29,2024-12-19 18:29:16
500104014,56,25,30,2024-12-19 19:05:16
500112032,54,24,30,2024-12-19 18:08:16
500112049,70,40,30,2024-12-19 19:19:15
500109027,58,26,31,2024-12-19 20:54:15
500112032,54,23,31,2024-12-19 17:58:16
500112049,70,39,31,2024-12-19 20:12:15
500112066,54,22,31,2024-12-19 18:45:16
500106055,81,49,32,2024-12-19 17:59:15
500109011,71,39,32,2024-12-19 18:37:15
500109032,70,38,32,2024-12-19 19:38:14
500104031,66,14,33,2024-12-19 19:29:15
500119077,56,23,33,2024-12-19 21:09:15
500101144,69,35,34,2024-12-19 19:26:15
500106017,55,21,34,2024-12-19 19:47:15
500106055,81,47,34,2024-12-19 19:36:15
500110065,55,21,34,2024-12-19 18:38:16
500112017,53,19,34,2024-12-19 18:16:16
500113034,68,28,34,2024-12-19 18:07:16
500104014,56,20,35,2024-12-19 18:38:16
500106014,58,20,35,2024-12-19 21:08:15
500108028,49,13,35,2024-12-19 19:56:16
500112017,53,18,35,2024-12-19 19:07:15
500101032,61,25,36,2024-12-19 19:58:14
500104031,66,0,36,2024-12-19 17:59:15
500106017,55,19,36,2024-12-19 20:13:15
500106017,55,19,36,2024-12-19 20:35:16
500112017,53,17,36,2024-12-19 17:48:15
500101166,54,17,37,2024-12-19 19:28:15
500103024,57,20,37,2024-12-19 17:27:16
500110065,55,18,37,2024-12-19 20:08:15
500110065,55,18,37,2024-12-19 20:38:15
500101166,54,15,39,2024-12-19 19:49:15
500104091,70,30,39,2024-12-19 19:38:15
500109033,53,14,39,2024-12-19 19:27:15
500109033,53,14,39,2024-12-19 18:34:15
500112066,54,14,39,2024-12-19 20:12:15
500104091,70,29,40,2024-12-19 21:07:16
500106055,81,41,40,2024-12-19 21:03:15
500109011,71,31,40,2024-12-19 17:27:16
500109033,53,13,40,2024-12-19 17:32:15
500105019,57,16,41,2024-12-19 17:27:16
500104091,70,27,42,2024-12-19 19:46:15
500106017,55,13,42,2024-12-19 20:48:15
500107028,75,32,43,2024-12-19 19:47:15
500111013,73,30,43,2024-12-19 17:47:16
500101169,49,5,44,2024-12-19 20:59:15
500103024,57,13,44,2024-12-19 20:36:15
500106121,49,4,44,2024-12-19 17:46:15
500103009,81,36,45,2024-12-19 20:49:14
500103009,81,36,45,2024-12-19 20:58:15
500107024,61,16,45,2024-12-19 18:58:16
500111013,73,28,45,2024-12-19 19:05:16
500112032,54,9,45,2024-12-19 18:55:17
500103024,57,11,46,2024-12-19 18:07:16
500112045,56,10,46,2024-12-19 17:38:16
500106006,55,8,47,2024-12-19 20:06:15
500106121,49,1,47,2024-12-19 20:44:15
500111002,56,9,47,2024-12-19 17:46:15
500111013,73,26,47,2024-12-19 19:48:15
500106006,55,7,48,2024-12-19 20:48:15
500112007,64,15,48,2024-12-19 17:38:16
500119068,66,18,48,2024-12-19 20:54:15
500101132,54,5,49,2024-12-19 17:42:15
500105019,57,8,49,2024-12-19 19:48:15
500101132,54,4,50,2024-12-19 18:17:15
500101132,54,3,51,2024-12-19 18:23:16
500105007,63,11,52,2024-12-19 20:07:15
500106006,55,3,52,2024-12-19 17:48:15
500111002,56,4,52,2024-12-19 19:43:15
500113038,87,34,52,2024-12-19 18:48:15
500103024,57,4,53,2024-12-19 21:17:14
500112007,64,10,53,2024-12-19 17:48:15
500107024,61,7,54,2024-12-19 20:49:14
500108044,73,19,54,2024-12-19 18:14:15
500112007,64,8,55,2024-12-19 20:38:15
500113038,87,31,55,2024-12-19 19:38:15
500101101,64,8,56,2024-12-19 19:27:15
500106048,59,3,56,2024-12-19 19:38:15
500107024,61,4,57,2024-12-19 19:57:15
500112007,64,4,59,2024-12-19 20:12:15
500101101,64,3,61,2024-12-19 17:48:15
500107024,61,0,61,2024-12-19 19:27:16
500119059,68,5,63,2024-12-19 19:13:15
500101101,64,0,64,2024-12-19 20:28:15
500108044,73,6,67,2024-12-19 19:43:15
500110005,77,8,69,2024-12-19 18:58:15
500110005,77,7,70,2024-12-19 19:45:16
500110005,77,6,71,2024-12-19 20:06:15
500110005,77,4,73,2024-12-19 21:06:15
500112035,96,15,80,2024-12-19 20:08:15
500119006,92,11,81,2024-12-19 21:11:14
500112035,96,14,82,2024-12-19 17:57:15
500112035,96,12,84,2024-12-19 18:18:16
500119006,92,7,85,2024-12-19 19:53:14
500112035,96,5,90,2024-12-19 20:39:16
500112035,96,1,94,2024-12-19 20:54:15
500106121,49,46,2,2024-12-19 13:16:15
500119077,56,54,2,2024-12-19 15:44:15
500112043,65,62,3,2024-12-19 14:08:15
500101016,8,4,4,2024-12-19 16:13:15
500101108,9,5,4,2024-12-19 17:03:16
500101016,8,3,5,2024-12-19 15:52:15
500101021,7,2,5,2024-12-19 16:43:15
500104097,8,3,5,2024-12-19 16:32:15
500106121,49,43,5,2024-12-19 14:46:15
500110065,55,50,5,2024-12-19 14:27:14
500101012,8,2,6,2024-12-19 15:37:16
500101021,7,0,6,2024-12-19 14:17:18
500110065,55,49,6,2024-12-19 15:06:14
500110065,55,49,6,2024-12-19 15:15:15
500106093,9,2,7,2024-12-19 13:57:15
500112007,64,56,7,2024-12-19 13:26:16
500119077,56,49,7,2024-12-19 15:07:15
500106055,81,73,8,2024-12-19 16:14:15
500110065,55,47,8,2024-12-19 13:46:16
500110065,55,47,8,2024-12-19 16:32:15
500119068,66,37,8,2024-12-19 14:52:16
500104031,66,27,9,2024-12-19 15:18:15
500104031,66,27,9,2024-12-19 14:18:15
500101137,70,59,11,2024-12-19 17:08:16
500104031,66,25,11,2024-12-19 14:28:15
500106055,81,70,11,2024-12-19 16:27:16
500106055,81,70,11,2024-12-19 14:07:16
500107035,59,48,11,2024-12-19 14:32:15
500107035,59,47,12,2024-12-19 16:01:16
500110014,66,31,12,2024-12-19 13:44:15
500110014,66,31,12,2024-12-19 14:45:15
500107024,61,30,13,2024-12-19 16:28:15
500107035,59,46,13,2024-12-19 14:06:15
500112066,54,38,15,2024-12-19 16:53:14
500104031,66,20,16,2024-12-19 16:18:16
500112082,68,38,17,2024-12-19 14:42:15
500119048,53,36,17,2024-12-19 17:08:16
500107035,59,41,18,2024-12-19 16:48:16
500104091,70,49,20,2024-12-19 17:17:16
500112007,64,42,21,2024-12-19 16:48:15
500112032,54,33,21,2024-12-19 15:38:15
500109075,58,26,22,2024-12-19 17:18:16
500104031,66,12,24,2024-12-19 16:45:17
500104091,70,45,24,2024-12-19 16:38:15
500112082,68,31,24,2024-12-19 16:44:15
500113068,64,40,24,2024-12-19 14:04:15
500110005,77,52,25,2024-12-19 15:55:16
500112032,54,29,25,2024-12-19 16:08:15
500113068,64,39,25,2024-12-19 14:24:15
500104091,70,42,27,2024-12-19 14:28:15
500110005,77,50,27,2024-12-19 14:25:16
500113044,53,25,27,2024-12-19 15:04:14
500106121,49,19,29,2024-12-19 17:18:16
500111003,65,36,29,2024-12-19 17:18:16
500107062,49,19,30,2024-12-19 15:08:14
500110005,77,47,30,2024-12-19 15:14:15
500111003,65,35,30,2024-12-19 16:44:15
500111003,65,35,30,2024-12-19 16:56:15
500101166,54,23,31,2024-12-19 15:36:15
500110005,77,46,31,2024-12-19 16:28:15
500112032,54,22,32,2024-12-19 16:54:16
500107062,49,16,33,2024-12-19 13:39:15
500119048,53,20,33,2024-12-19 16:37:15
500107062,49,15,34,2024-12-19 14:06:15
500103024,57,22,35,2024-12-19 13:48:15
500104014,56,20,35,2024-12-19 14:15:16
500104030,49,13,35,2024-12-19 17:14:16
500108028,49,13,35,2024-12-19 14:53:14
500109027,58,19,35,2024-12-19 17:14:16
500112017,53,18,35,2024-12-19 17:08:16
500112032,54,19,35,2024-12-19 17:08:16
500103024,57,20,37,2024-12-19 16:37:15
500108028,49,11,37,2024-12-19 16:28:15
500109027,58,17,37,2024-12-19 15:51:15
500101169,49,11,38,2024-12-19 13:37:15
500104014,56,17,38,2024-12-19 14:58:15
500109027,58,16,38,2024-12-19 16:34:16
500101169,49,10,39,2024-12-19 13:18:15
500112029,63,20,39,2024-12-19 15:22:15
500101032,61,21,40,2024-12-19 14:58:15
500105007,63,23,40,2024-12-19 16:36:15
500109027,58,14,40,2024-12-19 13:22:15
500119059,68,28,40,2024-12-19 15:48:15
500112032,54,13,41,2024-12-19 13:56:15
500113034,68,21,41,2024-12-19 17:14:15
500101169,49,7,42,2024-12-19 14:25:16
500113034,68,20,42,2024-12-19 16:36:15
500101166,54,11,43,2024-12-19 16:57:15
500101169,49,6,43,2024-12-19 17:08:16
500104014,56,12,43,2024-12-19 15:58:15
500111002,56,13,43,2024-12-19 14:20:16
500112022,56,13,43,2024-12-19 13:53:15
500101132,54,10,44,2024-12-19 14:35:15
500107062,49,5,44,2024-12-19 13:10:16
500109011,71,27,44,2024-12-19 16:59:15
500112022,56,12,44,2024-12-19 14:03:16
500106048,59,14,45,2024-12-19 15:18:15
500107028,75,30,45,2024-12-19 15:24:15
500111002,56,11,45,2024-12-19 15:10:15
500101032,61,15,46,2024-12-19 16:15:16
500111002,56,10,46,2024-12-19 16:24:15
500113038,87,40,46,2024-12-19 15:57:15
500113038,87,40,46,2024-12-19 13:15:15
500119059,68,22,46,2024-12-19 16:38:15
500101032,61,14,47,2024-12-19 15:18:15
500111003,65,18,47,2024-12-19 15:47:15
500111003,65,18,47,2024-12-19 16:16:15
500112035,96,49,47,2024-12-19 15:08:15
500112049,70,23,47,2024-12-19 16:47:15
500106048,59,11,48,2024-12-19 16:24:15
500119048,53,5,48,2024-12-19 15:07:15
500109033,53,4,49,2024-12-19 13:37:15
500106014,58,8,50,2024-12-19 17:04:14
500109011,71,21,50,2024-12-19 13:30:16
500101144,69,18,51,2024-12-19 15:58:14
500106006,55,4,51,2024-12-19 16:28:14
500106006,55,3,52,2024-12-19 16:29:15
500106048,59,7,52,2024-12-19 13:28:16
500112085,92,39,52,2024-12-19 13:30:16
500106006,55,2,53,2024-12-19 13:34:16
500112045,56,3,53,2024-12-19 13:20:16
500119048,53,0,53,2024-12-19 13:47:15
500106006,55,1,54,2024-12-19 13:28:16
500111013,73,19,54,2024-12-19 16:17:15
500112045,56,2,54,2024-12-19 14:21:15
500112035,96,41,55,2024-12-19 16:11:15
500112045,56,1,55,2024-12-19 15:31:15
500112085,92,36,55,2024-12-19 13:47:15
500112035,96,39,57,2024-12-19 13:54:15
500101101,64,6,58,2024-12-19 16:28:15
500111013,73,15,58,2024-12-19 16:34:16
500119059,68,10,58,2024-12-19 14:18:15
500112035,96,37,59,2024-12-19 13:32:15
500101032,61,0,61,2024-12-19 17:08:16
500119006,92,20,72,2024-12-19 16:01:16
500119006,92,20,72,2024-12-19 17:17:16
500107024,61,1,60,2024-12-19 21:48:16
500101018,5,5,0,2024-12-19 21:40:17
500112007,64,6,57,2024-12-19 21:44:15
500106017,55,13,42,2024-12-19 21:47:15
500109033,53,21,32,2024-12-19 21:45:15
500107028,75,26,49,2024-12-19 21:46:14
500106014,58,36,19,2024-12-19 21:46:15
500101016,8,7,1,2024-12-19 07:34:15
500101016,8,6,2,2024-12-19 06:04:14
500101169,49,46,2,2024-12-19 06:07:15
500108028,49,46,2,2024-12-19 07:37:15
500101012,8,5,3,2024-12-19 07:13:15
500101018,5,2,3,2024-12-19 05:57:15
500108028,49,45,3,2024-12-19 08:02:15
500101018,5,1,4,2024-12-19 08:13:15
500101013,9,3,5,2024-12-19 07:16:15
500101021,7,1,5,2024-12-19 05:35:16
500104084,9,4,5,2024-12-19 05:46:14
500108028,49,43,5,2024-12-19 08:15:16
500106121,49,42,6,2024-12-19 08:46:14
500101013,9,1,7,2024-12-19 08:57:15
500106121,49,42,7,2024-12-19 08:03:15
500107024,61,41,7,2024-12-19 08:17:15
500104084,9,1,8,2024-12-19 07:59:15
500101108,9,0,9,2024-12-19 07:23:14
500107062,49,39,10,2024-12-19 07:36:15
500112017,53,43,10,2024-12-19 05:23:15
500112007,64,52,11,2024-12-19 08:37:15
500106014,58,38,12,2024-12-19 06:33:15
500108028,49,36,12,2024-12-19 06:34:15
500108028,49,36,12,2024-12-19 06:27:15
500112082,68,56,12,2024-12-19 08:57:15
500113034,68,50,12,2024-12-19 08:20:17
500101144,69,56,13,2024-12-19 06:25:15
500103024,57,44,13,2024-12-19 06:46:15
500108044,73,60,13,2024-12-19 08:27:16
500112017,53,40,13,2024-12-19 06:37:15
500112022,56,43,13,2024-12-19 05:05:16
500101144,69,54,15,2024-12-19 07:36:15
500112022,56,41,15,2024-12-19 05:50:15
500112045,56,41,15,2024-12-19 07:25:15
500108028,49,32,16,2024-12-19 06:08:14
500104031,66,14,17,2024-12-19 07:36:15
500106121,49,32,17,2024-12-19 07:45:16
500112007,64,46,17,2024-12-19 08:47:15
500109032,70,52,18,2024-12-19 06:16:15
500111005,53,31,22,2024-12-19 08:03:15
500103024,57,34,23,2024-12-19 05:37:15
500109033,53,30,23,2024-12-19 05:30:15
500113068,64,41,23,2024-12-19 07:47:15
500109027,58,30,24,2024-12-19 07:36:15
500111005,53,29,24,2024-12-19 08:27:16
500111013,73,49,24,2024-12-19 06:36:14
500101169,49,23,25,2024-12-19 08:56:16
500111013,73,48,25,2024-12-19 05:26:15
500101032,61,34,26,2024-12-19 08:15:15
500109075,58,32,26,2024-12-19 06:55:15
500106017,55,27,28,2024-12-19 08:33:16
500109033,53,25,28,2024-12-19 06:32:15
500101166,54,25,29,2024-12-19 08:47:15
500112045,56,27,29,2024-12-19 08:16:15
500101137,70,39,31,2024-12-19 07:33:15
500101166,54,23,31,2024-12-19 05:35:15
500113044,53,19,32,2024-12-19 08:45:16
500107035,59,24,34,2024-12-19 07:47:15
500101137,70,35,35,2024-12-19 07:47:15
500101132,54,18,36,2024-12-19 07:47:15
500107035,59,21,37,2024-12-19 06:55:16
500103009,81,41,38,2024-12-19 08:25:16
500112049,70,32,38,2024-12-19 05:36:15
500107035,59,19,39,2024-12-19 06:45:16
500105019,57,16,41,2024-12-19 08:27:15
500106006,55,14,41,2024-12-19 06:14:15
500107035,59,17,41,2024-12-19 04:47:14
500107035,59,16,42,2024-12-19 06:19:15
500111002,56,13,42,2024-12-19 07:15:17
500112032,54,12,42,2024-12-19 08:16:15
500105019,57,14,43,2024-12-19 08:55:16
500106067,68,22,44,2024-12-19 08:25:16
500106055,81,34,45,2024-12-19 08:57:15
500110014,66,19,45,2024-12-19 07:27:15
500112007,64,18,45,2024-12-19 06:56:15
500112032,54,9,45,2024-12-19 06:56:15
500112032,54,9,45,2024-12-19 07:14:15
500119068,66,19,47,2024-12-19 08:24:14
500119077,56,7,49,2024-12-19 07:57:16
500106048,59,9,50,2024-12-19 07:37:15
500113038,87,34,50,2024-12-19 05:07:15
500111003,65,14,51,2024-12-19 06:36:14
500105019,57,5,52,2024-12-19 05:07:15
500111003,65,13,52,2024-12-19 08:03:15
500112007,64,11,52,2024-12-19 06:06:14
500106067,68,13,53,2024-12-19 08:57:15
500110065,55,2,53,2024-12-19 06:52:15
500112066,54,0,53,2024-12-19 06:22:15
500103009,81,27,54,2024-12-19 06:47:15
500104014,56,0,55,2024-12-19 08:20:19
500104014,56,0,55,2024-12-19 08:37:16
500107024,61,6,55,2024-12-19 06:07:15
500112007,64,8,55,2024-12-19 05:26:15
500104091,70,13,56,2024-12-19 06:21:15
500109011,71,15,56,2024-12-19 07:46:15
500112085,92,34,57,2024-12-19 05:56:14
500104091,70,11,58,2024-12-19 06:34:15
500105007,63,5,58,2024-12-19 06:16:15
500112085,92,33,58,2024-12-19 06:24:15
500110014,66,5,59,2024-12-19 06:16:15
500112029,63,4,59,2024-12-19 07:47:15
500112085,92,32,59,2024-12-19 07:46:15
500112029,63,3,60,2024-12-19 06:41:15
500112029,63,3,60,2024-12-19 07:18:14
500105007,63,1,62,2024-12-19 05:36:15
500104091,70,6,63,2024-12-19 08:37:15
500104091,70,4,65,2024-12-19 08:26:15
500112035,96,8,88,2024-12-19 06:43:15
500112035,96,7,89,2024-12-19 08:37:15
500112035,96,5,91,2024-12-19 08:46:14
500112035,96,4,92,2024-12-19 08:17:15
500119006,92,26,66,2024-12-19 23:26:15
500104014,56,39,16,2024-12-19 23:28:15
500106014,58,39,16,2024-12-19 23:24:15
500112085,92,44,48,2024-12-19 23:29:14
500101169,49,13,35,2024-12-19 00:15:15
500104014,56,29,26,2024-12-19 00:08:15
500107024,61,0,61,2024-12-19 00:18:15
500109011,71,5,66,2024-12-19 00:06:15
500111002,56,22,34,2024-12-19 00:08:15
500111005,53,16,37,2024-12-19 00:09:14
500112017,53,35,17,2024-12-19 00:34:14
500112049,70,34,36,2024-12-19 00:31:14
500112082,68,3,65,2024-12-19 00:04:16
500113034,68,63,0,2024-12-19 00:16:15
500106067,68,14,53,2024-12-19 03:17:15
500105019,57,2,55,2024-12-19 23:43:14
500104091,70,3,66,2024-12-19 23:49:15
500112022,56,41,15,2024-12-19 23:44:15
500101137,70,1,69,2024-12-19 00:18:14
500101166,54,2,52,2024-12-19 00:01:15
500103009,81,15,66,2024-12-19 00:06:15
500106067,68,17,50,2024-12-19 00:53:15
500112082,68,1,67,2024-12-19 00:12:14
500113034,68,61,2,2024-12-19 00:46:15
500113038,87,1,84,2024-12-19 00:33:15
500111002,56,11,45,2024-12-19 23:17:14
500107062,49,27,22,2024-12-19 22:56:15
500111005,53,6,47,2024-12-19 23:25:16
500101137,70,30,40,2024-12-19 23:45:16
500119048,53,42,11,2024-12-19 23:53:15
500112085,92,54,38,2024-12-19 23:33:15
500113034,68,58,5,2024-12-19 01:11:15
500112017,53,34,18,2024-12-19 01:15:15
500101137,70,0,70,2024-12-19 00:33:16
500113038,87,3,82,2024-12-19 01:04:14
500106121,49,9,40,2024-12-19 00:37:15
500103011,64,9,54,2024-12-19 00:10:15
500103009,81,17,64,2024-12-19 00:59:15
500112085,92,23,69,2024-12-19 01:02:15
500112066,54,0,53,2024-12-19 22:56:15
500101108,9,2,7,2024-12-19 23:11:14
500101101,64,9,55,2024-12-19 23:18:15
500113068,64,10,54,2024-12-19 23:18:15
500108028,49,14,34,2024-12-19 23:01:15
500112049,70,33,37,2024-12-19 23:18:15
500103024,57,0,57,2024-12-19 22:36:16
500101013,9,8,1,2024-12-19 22:12:16
500108044,73,10,63,2024-12-19 22:05:16
500103009,81,16,65,2024-12-19 22:37:15
500111013,73,22,51,2024-12-19 22:36:14
500104014,56,37,18,2024-12-19 22:37:15
500109027,58,38,19,2024-12-19 22:27:15
500101032,61,59,2,2024-12-19 22:34:14
500112066,54,3,50,2024-12-19 21:37:15
500108044,73,10,63,2024-12-19 21:25:15
500119077,56,20,36,2024-12-19 21:31:15
500104091,70,29,40,2024-12-19 21:33:16
500109011,71,29,42,2024-12-19 21:38:14
500101137,70,44,26,2024-12-19 21:39:15
500104031,66,47,17,2024-12-19 21:39:15
500112066,54,4,49,2024-12-19 02:34:15
500107028,75,6,69,2024-12-19 01:54:15
500111005,53,12,41,2024-12-19 02:15:15
500109027,58,40,12,2024-12-19 01:18:15
500106055,81,12,68,2024-12-19 03:42:14
500107035,59,17,41,2024-12-19 04:22:15
500107028,75,50,25,2024-12-19 04:23:14
500113034,68,59,4,2024-12-19 03:44:15
500112035,96,1,94,2024-12-19 22:07:15
500106048,59,4,55,2024-12-19 21:55:17
500105019,57,9,48,2024-12-19 21:50:17
500112007,64,10,53,2024-12-19 22:09:15
500107024,61,12,49,2024-12-19 22:09:15
500111013,73,24,49,2024-12-19 22:01:15
500104031,66,26,38,2024-12-19 22:07:15
500106014,58,44,11,2024-12-19 22:04:15
500119048,53,45,8,2024-12-19 22:08:15
500104030,49,2,46,2024-12-19 01:23:15
500107028,75,6,69,2024-12-19 01:22:15
500110005,77,0,77,2024-12-19 21:58:15
500101018,5,4,1,2024-12-19 21:53:15
500101166,54,15,39,2024-12-19 21:58:14
500119006,92,16,76,2024-12-19 21:50:17
500104091,70,21,48,2024-12-19 21:59:15
500112022,56,53,3,2024-12-19 21:58:16
500101169,49,26,22,2024-12-19 03:43:14
500112022,56,47,9,2024-12-19 03:26:14
500104031,66,3,61,2024-12-19 23:59:15
500101013,9,9,0,2024-12-19 23:54:16
500112043,65,31,34,2024-12-19 23:49:15
500107028,75,6,69,2024-12-19 01:06:15
500111013,73,19,54,2024-12-19 01:27:15
500112045,56,48,8,2024-12-19 01:29:15
500113034,68,62,1,2024-12-19 02:39:15
500103024,57,1,56,2024-12-19 22:48:15
500112049,70,29,41,2024-12-19 22:45:16
500119077,56,10,46,2024-12-19 04:37:14
500119048,53,43,10,2024-12-19 04:37:14
500106121,49,2,46,2024-12-19 23:07:15
500101101,64,8,56,2024-12-19 23:06:15
500112007,64,16,47,2024-12-19 23:08:15
500101108,9,2,7,2024-12-19 22:18:15
500101137,70,38,32,2024-12-19 22:19:15
500119048,53,46,7,2024-12-19 22:18:15
500112022,56,55,1,2024-12-19 22:18:15
500112007,64,10,53,2024-12-19 04:38:14
500107028,75,34,41,2024-12-19 03:59:14
500112043,65,34,31,2024-12-19 22:25:15
500112045,56,20,36,2024-12-19 22:50:15
500111013,73,28,45,2024-12-19 03:36:15
500101166,54,16,38,2024-12-19 23:28:15
500107028,75,21,54,2024-12-19 23:27:14
500109075,58,28,30,2024-12-19 23:32:15
500112085,92,21,71,2024-12-19 02:04:15
500112049,70,31,39,2024-12-19 01:32:14
500101018,5,5,0,2024-12-19 12:18:16
500106093,9,9,0,2024-12-19 09:57:15
500111005,53,53,0,2024-12-19 11:37:15
500104084,9,8,1,2024-12-19 09:36:15
500104031,66,34,2,2024-12-19 13:08:15
500101018,5,2,3,2024-12-19 10:24:15
500101018,5,2,3,2024-12-19 11:17:15
500101108,9,6,3,2024-12-19 12:42:15
500101108,9,5,4,2024-12-19 12:34:14
500101013,9,2,6,2024-12-19 10:25:15
500101016,8,2,6,2024-12-19 10:35:16
500101012,8,1,7,2024-12-19 09:51:16
500101108,9,2,7,2024-12-19 09:36:15
500107024,61,36,7,2024-12-19 10:48:15
500112082,68,61,7,2024-12-19 09:07:15
500101016,8,0,8,2024-12-19 08:55:16
500101016,8,0,8,2024-12-19 10:55:16
500101108,9,1,8,2024-12-19 11:47:16
500101108,9,1,8,2024-12-19 11:28:16
500111005,53,45,8,2024-12-19 10:00:18
500104084,9,0,9,2024-12-19 11:47:15
500106055,81,71,9,2024-12-19 10:18:15
500110014,66,38,9,2024-12-19 10:58:16
500106121,49,38,10,2024-12-19 11:48:15
500107024,61,33,10,2024-12-19 09:07:15
500119077,56,46,10,2024-12-19 11:23:15
500112066,54,42,11,2024-12-19 12:36:15
500119077,56,45,11,2024-12-19 11:30:17
500119077,56,44,12,2024-12-19 12:07:16
500110014,66,30,13,2024-12-19 12:25:16
500110014,66,30,13,2024-12-19 12:37:15
500112043,65,52,13,2024-12-19 09:44:15
500113068,64,51,13,2024-12-19 12:00:18
500112043,65,50,15,2024-12-19 11:08:15
500106048,59,43,16,2024-12-19 10:47:16
500106055,81,65,16,2024-12-19 11:28:16
500112066,54,37,16,2024-12-19 11:52:15
500112066,54,36,17,2024-12-19 10:38:15
500106055,81,63,18,2024-12-19 11:46:15
500112007,64,45,18,2024-12-19 11:46:15
500113034,68,43,19,2024-12-19 13:06:15
500110014,66,23,20,2024-12-19 11:25:15
500112082,68,35,20,2024-12-19 12:46:15
500113068,64,44,20,2024-12-19 09:46:16
500112066,54,32,21,2024-12-19 09:46:15
500119077,56,35,21,2024-12-19 12:55:15
500112017,53,31,22,2024-12-19 13:07:15
500113034,68,36,26,2024-12-19 11:58:16
500113034,68,36,26,2024-12-19 10:38:15
500113044,53,25,27,2024-12-19 12:15:16
500103024,57,27,28,2024-12-19 10:13:16
500106017,55,27,28,2024-12-19 13:04:16
500113034,68,33,29,2024-12-19 11:25:15
500103011,64,33,30,2024-12-19 12:38:14
500103011,64,32,30,2024-12-19 10:13:16
500106006,55,25,30,2024-12-19 09:44:15
500113044,53,21,31,2024-12-19 11:51:15
500108028,49,16,32,2024-12-19 09:57:15
500110005,77,45,32,2024-12-19 10:28:15
500106017,55,22,33,2024-12-19 11:05:16
500101101,64,30,34,2024-12-19 09:37:15
500112007,64,29,34,2024-12-19 09:06:15
500101101,64,29,35,2024-12-19 09:57:15
500101137,70,35,35,2024-12-19 09:09:15
500105007,63,28,35,2024-12-19 12:23:16
500104014,56,19,36,2024-12-19 12:28:15
500109075,58,18,36,2024-12-19 12:05:17
500101166,54,17,37,2024-12-19 10:28:15
500101169,49,11,38,2024-12-19 12:58:15
500104014,56,17,38,2024-12-19 12:29:16
500104014,56,17,38,2024-12-19 10:53:16
500106067,68,30,38,2024-12-19 12:05:17
500104014,56,16,39,2024-12-19 12:18:15
500108028,49,9,39,2024-12-19 12:36:15
500112029,63,20,39,2024-12-19 10:50:16
500109075,58,14,40,2024-12-19 10:07:16
500112032,54,13,41,2024-12-19 09:46:16
500105019,57,15,42,2024-12-19 09:07:15
500107062,49,7,42,2024-12-19 11:36:15
500107062,49,6,43,2024-12-19 11:47:16
500107062,49,6,43,2024-12-19 09:57:15
500109075,58,11,43,2024-12-19 11:45:15
500112022,56,13,43,2024-12-19 09:57:15
500112022,56,13,43,2024-12-19 11:22:15
500101144,69,25,44,2024-12-19 09:06:14
500107062,49,5,44,2024-12-19 11:28:16
500112045,56,12,44,2024-12-19 09:52:15
500112045,56,12,44,2024-12-19 10:11:15
500107062,49,4,45,2024-12-19 12:18:15
500109027,58,9,45,2024-12-19 09:41:15
500112022,56,10,46,2024-12-19 11:36:15
500109033,53,4,49,2024-12-19 10:52:15
500113038,87,36,49,2024-12-19 09:07:15
500101101,64,14,50,2024-12-19 12:26:15
500109033,53,3,50,2024-12-19 10:26:14
500112045,56,6,50,2024-12-19 12:07:16
500107035,59,8,51,2024-12-19 10:58:16
500109032,70,19,51,2024-12-19 09:02:15
500112017,53,2,51,2024-12-19 09:26:15
500104091,70,17,52,2024-12-19 12:27:15
500104091,70,17,52,2024-12-19 12:57:15
500107035,59,7,52,2024-12-19 11:17:15
500119048,53,1,52,2024-12-19 12:08:15
500101101,64,11,53,2024-12-19 12:56:15
500107028,75,22,53,2024-12-19 09:09:15
500111003,65,12,53,2024-12-19 11:15:15
500113038,87,32,53,2024-12-19 09:56:16
500119048,53,0,53,2024-12-19 11:50:19
500112049,70,16,54,2024-12-19 12:48:15
500112085,92,37,54,2024-12-19 09:46:16
500106014,58,3,55,2024-12-19 11:37:15
500106067,68,11,55,2024-12-19 09:09:15
500109011,71,16,55,2024-12-19 12:17:16
500112049,70,15,55,2024-12-19 09:07:15
500101101,64,8,56,2024-12-19 13:02:15
500106014,58,2,56,2024-12-19 12:07:16
500106014,58,2,56,2024-12-19 11:25:15
500109011,71,15,56,2024-12-19 12:25:16
500112085,92,35,56,2024-12-19 12:47:15
500106014,58,0,57,2024-12-19 09:35:17
500113038,87,29,57,2024-12-19 11:16:14
500103009,81,23,58,2024-12-19 11:25:15
500106014,58,0,58,2024-12-19 12:21:16
500106014,58,0,58,2024-12-19 10:58:16
500107028,75,16,59,2024-12-19 09:35:16
500107028,75,15,60,2024-12-19 12:28:15
500111013,73,13,60,2024-12-19 12:54:15
500107028,75,14,61,2024-12-19 12:35:16
500119059,68,7,61,2024-12-19 09:45:15
500112035,96,34,62,2024-12-19 12:45:16
500101144,69,5,64,2024-12-19 10:07:16
500109011,71,7,64,2024-12-19 11:38:15
500109011,71,7,64,2024-12-19 10:48:15
500111003,65,1,64,2024-12-19 09:35:17
500112035,96,32,64,2024-12-19 10:23:15
500119059,68,4,64,2024-12-19 09:07:15
500111013,73,6,67,2024-12-19 12:08:15
500119059,68,1,67,2024-12-19 11:48:15
500101144,69,1,68,2024-12-19 10:26:14
500111013,73,5,68,2024-12-19 09:36:15
500112049,70,2,68,2024-12-19 09:36:15
500112049,70,2,68,2024-12-19 09:55:17
500119006,92,1,91,2024-12-19 10:56:14
500119006,92,0,92,2024-12-19 10:27:17
500101169,49,28,20,2024-12-19 04:17:15
500101012,8,8,0,2024-12-19 19:19:16
500101012,8,8,0,2024-12-19 18:08:16
500101013,9,9,0,2024-12-19 17:48:15
500104084,9,9,0,2024-12-19 20:03:15
500112043,65,65,0,2024-12-19 17:38:16
500101013,9,8,1,2024-12-19 20:42:16
500101108,9,8,1,2024-12-19 20:59:17
500111005,53,52,1,2024-12-19 18:34:15
500112043,65,64,1,2024-12-19 19:37:16
500101016,8,6,2,2024-12-19 19:59:16
500101108,9,7,2,2024-12-19 20:27:15
500101108,9,7,2,2024-12-19 20:39:15
500119048,53,51,2,2024-12-19 18:06:15
500101012,8,4,4,2024-12-19 20:56:15
500112043,65,61,4,2024-12-19 18:29:16
500104097,8,2,6,2024-12-19 18:07:16
500104031,66,48,9,2024-12-19 19:48:16
500101137,70,60,10,2024-12-19 19:05:16
500112022,56,46,10,2024-12-19 20:47:14
500104031,66,36,11,2024-12-19 18:58:16
500110014,66,45,11,2024-12-19 20:26:15
500112043,65,54,11,2024-12-19 20:44:15
500106067,68,56,12,2024-12-19 17:55:16
500113034,68,50,12,2024-12-19 20:39:16
500113044,53,40,12,2024-12-19 18:37:15
500103009,81,68,13,2024-12-19 17:58:16
500110014,66,43,13,2024-12-19 20:13:15
500104031,66,43,14,2024-12-19 19:55:16
500106067,68,54,14,2024-12-19 17:28:15
500109075,58,40,14,2024-12-19 19:37:16
500112029,63,49,14,2024-12-19 17:57:15
500106067,68,53,15,2024-12-19 17:47:16
500103009,81,65,16,2024-12-19 19:07:15
500106014,58,42,16,2024-12-19 19:24:15
500107024,61,27,16,2024-12-19 17:28:15
500107024,61,45,16,2024-12-19 17:47:16
500107062,49,33,16,2024-12-19 20:29:15
500109075,58,38,16,2024-12-19 19:48:14
500111005,53,37,16,2024-12-19 20:08:15
500104014,56,37,18,2024-12-19 19:59:16
500108028,49,30,18,2024-12-19 17:48:15
500101169,49,29,20,2024-12-19 17:58:16
500106067,68,48,20,2024-12-19 19:05:16
500111005,53,33,20,2024-12-19 20:45:16
500107035,59,38,21,2024-12-19 18:18:16
500107035,59,37,22,2024-12-19 17:37:16
500113034,68,40,22,2024-12-19 18:47:16
500104014,56,30,25,2024-12-19 20:37:16
500109075,58,23,25,2024-12-19 17:48:14
500110014,66,18,25,2024-12-19 17:58:16
500112017,53,28,25,2024-12-19 19:25:15
500106014,58,32,26,2024-12-19 18:38:16
500113044,53,26,26,2024-12-19 17:31:15
500104031,66,30,27,2024-12-19 20:45:16
500109027,58,27,27,2024-12-19 19:19:14
500112022,56,29,27,2024-12-19 18:48:15
500104091,70,40,29,2024-12-19 18:58:16
500108028,49,19,29,2024-12-19 20:13:15
500109032,70,41,29,2024-12-19 20:13:15
500112082,68,26,29,2024-12-19 18:07:16
500113068,64,35,29,2024-12-19 21:04:15
500119068,66,37,29,2024-12-19 19:01:15
500106055,81,50,31,2024-12-19 17:45:16
500103009,81,49,32,2024-12-19 20:09:15
500106055,81,49,32,2024-12-19 18:08:16
500106055,81,49,32,2024-12-19 18:56:15
500110065,55,23,32,2024-12-19 18:08:15
500112022,56,24,32,2024-12-19 17:48:15
500106055,81,48,33,2024-12-19 19:00:18
500106055,81,48,33,2024-12-19 18:42:16
500106121,49,15,33,2024-12-19 17:27:16
500106017,55,21,34,2024-12-19 19:29:15
500106055,81,47,34,2024-12-19 19:56:16
500104014,56,20,35,2024-12-19 18:58:16
500104031,66,1,35,2024-12-19 17:28:15
500104091,70,34,35,2024-12-19 19:06:16
500106014,58,23,35,2024-12-19 19:49:15
500106017,55,20,35,2024-12-19 17:38:16
500110014,66,8,35,2024-12-19 18:16:16
500101032,61,25,36,2024-12-19 20:12:15
500112017,53,17,36,2024-12-19 18:08:16
500112085,92,56,36,2024-12-19 18:07:16
500106017,55,18,37,2024-12-19 18:08:16
500101144,69,31,38,2024-12-19 19:07:15
500101166,54,15,39,2024-12-19 20:25:15
500109027,58,18,39,2024-12-19 20:10:17
500109033,53,14,39,2024-12-19 18:46:15
500106017,55,15,40,2024-12-19 21:18:15
500106121,49,8,40,2024-12-19 18:58:16
500109027,58,14,40,2024-12-19 17:48:15
500112045,56,16,40,2024-12-19 19:35:16
500106017,55,14,41,2024-12-19 20:57:16
500105019,57,15,42,2024-12-19 17:38:15
500106055,81,39,42,2024-12-19 20:54:15
500109011,71,29,42,2024-12-19 19:37:16
500101144,69,26,43,2024-12-19 18:55:17
500101169,49,6,43,2024-12-19 21:20:16
500103024,57,14,43,2024-12-19 17:58:16
500107028,75,32,43,2024-12-19 19:07:15
500107028,75,32,43,2024-12-19 18:58:16
500105019,57,13,44,2024-12-19 18:12:16
500109011,71,27,44,2024-12-19 21:02:15
500112032,54,10,44,2024-12-19 21:06:15
500112032,54,10,44,2024-12-19 18:38:16
500101132,54,9,45,2024-12-19 20:46:15
500106006,55,10,45,2024-12-19 19:05:16
500111013,73,28,45,2024-12-19 18:08:15
500101132,54,8,46,2024-12-19 20:38:15
500113038,87,41,46,2024-12-19 21:20:16
500106014,58,8,47,2024-12-19 20:07:15
500106121,49,1,47,2024-12-19 20:22:15
500111002,56,9,47,2024-12-19 18:06:15
500112085,92,45,47,2024-12-19 17:28:14
500103011,64,16,48,2024-12-19 20:39:16
500106006,55,7,48,2024-12-19 20:11:16
500106121,49,0,48,2024-12-19 20:38:16
500113038,87,39,48,2024-12-19 20:48:15
500101132,54,5,49,2024-12-19 19:04:16
500101132,54,3,51,2024-12-19 18:38:16
500101144,69,18,51,2024-12-19 17:26:15
500107028,75,24,51,2024-12-19 18:29:16
500107028,75,24,51,2024-12-19 18:48:15
500112082,68,4,51,2024-12-19 19:49:15
500101032,61,9,52,2024-12-19 18:58:16
500105007,63,11,52,2024-12-19 20:49:15
500111013,73,21,52,2024-12-19 18:29:16
500105007,63,10,53,2024-12-19 20:38:15
500105007,63,10,53,2024-12-19 20:50:16
500106006,55,2,53,2024-12-19 17:28:15
500106006,55,1,54,2024-12-19 18:08:16
500107028,75,21,54,2024-12-19 17:48:15
500108044,73,19,54,2024-12-19 18:08:16
500101101,64,8,56,2024-12-19 19:07:15
500106048,59,2,57,2024-12-19 20:45:16
500108044,73,15,58,2024-12-19 18:27:15
500106048,59,0,59,2024-12-19 17:32:16
500112007,64,4,59,2024-12-19 19:05:16
500107024,61,1,60,2024-12-19 20:12:15
500101032,61,0,61,2024-12-19 17:47:15
500101032,61,0,61,2024-12-19 18:08:16
500105007,63,2,61,2024-12-19 19:18:15
500101101,64,2,62,2024-12-19 21:19:16
500101101,64,1,63,2024-12-19 20:08:15
500110005,77,8,69,2024-12-19 19:03:15
500110005,77,6,71,2024-12-19 20:55:17
500119006,92,10,82,2024-12-19 21:06:15
500112035,96,12,83,2024-12-19 18:38:16
500119006,92,9,83,2024-12-19 19:44:15
500101013,9,8,1,2024-12-19 15:48:15
500101013,9,8,1,2024-12-19 15:38:15
500101108,9,8,1,2024-12-19 14:18:15
500111005,53,52,1,2024-12-19 16:52:15
500112007,64,62,1,2024-12-19 13:18:15
500101021,7,5,2,2024-12-19 15:08:15
500101016,8,5,3,2024-12-19 14:29:15
500104084,9,6,3,2024-12-19 16:28:15
500104084,9,6,3,2024-12-19 16:39:15
500101013,9,5,4,2024-12-19 14:58:15
500101018,5,1,4,2024-12-19 14:29:15
500101021,7,2,4,2024-12-19 14:38:15
500111005,53,49,4,2024-12-19 15:48:15
500112043,65,61,4,2024-12-19 16:28:15
500101016,8,3,5,2024-12-19 13:24:15
500101021,7,1,5,2024-12-19 14:28:15
500101108,9,4,5,2024-12-19 15:47:15
500101021,7,1,6,2024-12-19 16:28:15
500104084,9,3,6,2024-12-19 13:57:15
500101012,8,1,7,2024-12-19 16:27:16
500106121,49,41,7,2024-12-19 16:48:16
500112007,64,56,7,2024-12-19 14:18:15
500110065,55,47,8,2024-12-19 15:54:15
500107024,61,34,9,2024-12-19 15:24:15
500112043,65,56,9,2024-12-19 17:18:16
500107024,61,33,10,2024-12-19 16:08:16
500106055,81,70,11,2024-12-19 15:00:17
500106121,49,37,11,2024-12-19 16:08:16
500110014,66,32,11,2024-12-19 16:47:15
500106055,81,69,12,2024-12-19 13:42:15
500107035,59,47,12,2024-12-19 14:28:15
500112066,54,41,12,2024-12-19 15:45:16
500101137,70,57,13,2024-12-19 15:45:16
500112007,64,50,13,2024-12-19 15:38:15
500106055,81,67,14,2024-12-19 16:39:15
500107024,61,29,14,2024-12-19 16:18:16
500112066,54,39,14,2024-12-19 16:17:15
500103011,64,49,15,2024-12-19 15:10:15
500110014,66,28,15,2024-12-19 17:18:16
500112066,54,38,15,2024-12-19 16:25:16
500119068,66,30,15,2024-12-19 16:15:16
500103011,64,48,16,2024-12-19 15:47:15
500112066,54,37,16,2024-12-19 16:40:16
500112082,68,37,18,2024-12-19 13:20:16
500112017,53,34,19,2024-12-19 15:36:15
500119068,66,26,19,2024-12-19 16:33:15
500107035,59,39,20,2024-12-19 17:05:17
500112082,68,35,20,2024-12-19 15:29:15
500103011,64,43,21,2024-12-19 14:57:15
500109075,58,26,22,2024-12-19 16:58:15
500112017,53,31,22,2024-12-19 13:24:15
500113068,64,41,23,2024-12-19 13:55:16
500113068,64,41,23,2024-12-19 14:31:15
500103009,81,57,24,2024-12-19 17:08:16
500106067,68,43,25,2024-12-19 16:37:15
500106017,55,28,27,2024-12-19 17:17:16
500111003,65,38,27,2024-12-19 15:14:15
500103009,81,53,28,2024-12-19 13:35:15
500103024,57,28,29,2024-12-19 14:55:16
500107062,49,20,29,2024-12-19 14:45:15
500107062,49,19,30,2024-12-19 15:35:16
500112032,54,23,31,2024-12-19 16:25:16
500103024,57,23,34,2024-12-19 16:47:15
500108028,49,11,37,2024-12-19 16:48:16
500105007,63,25,38,2024-12-19 16:03:15
500109027,58,16,38,2024-12-19 14:30:16
500105007,63,24,39,2024-12-19 15:07:15
500109027,58,15,39,2024-12-19 15:04:15
500109027,58,14,40,2024-12-19 16:43:15
500101169,49,8,41,2024-12-19 14:10:17
500112029,63,18,41,2024-12-19 13:58:16
500104014,56,13,42,2024-12-19 15:35:16
500105019,57,15,42,2024-12-19 15:49:15
500112022,56,13,43,2024-12-19 16:46:15
500101169,49,5,44,2024-12-19 15:03:15
500106048,59,15,44,2024-12-19 14:47:15
500111002,56,12,44,2024-12-19 15:05:16
500112007,64,19,44,2024-12-19 17:18:16
500101032,61,16,45,2024-12-19 16:58:15
500111002,56,11,45,2024-12-19 16:55:16
500112085,92,47,45,2024-12-19 17:18:16
500106048,59,13,46,2024-12-19 15:28:14
500101032,61,14,47,2024-12-19 15:55:16
500101101,64,17,47,2024-12-19 15:18:15
500101032,61,13,48,2024-12-19 16:07:15
500101166,54,6,48,2024-12-19 13:27:15
500106048,59,11,48,2024-12-19 16:36:15
500109033,53,5,48,2024-12-19 13:42:15
500101101,64,15,49,2024-12-19 15:08:15
500101166,54,5,49,2024-12-19 13:37:15
500109033,53,4,49,2024-12-19 14:06:15
500101144,69,18,51,2024-12-19 13:45:16
500106006,55,4,51,2024-12-19 15:36:15
500106014,58,6,52,2024-12-19 15:19:16
500112085,92,39,52,2024-12-19 15:41:15
500119048,53,1,52,2024-12-19 14:43:15
500101144,69,16,53,2024-12-19 13:28:16
500101144,69,16,53,2024-12-19 16:47:15
500107028,75,22,53,2024-12-19 16:55:17
500107028,75,22,53,2024-12-19 14:58:15
500112045,56,3,53,2024-12-19 14:14:14
500101144,69,15,54,2024-12-19 14:22:15
500106006,55,1,54,2024-12-19 16:47:15
500106006,55,1,54,2024-12-19 17:17:16
500112049,70,16,54,2024-12-19 16:38:15
500112045,56,1,55,2024-12-19 15:08:16
500112049,70,15,55,2024-12-19 14:24:14
500112085,92,36,55,2024-12-19 13:15:15
500112085,92,36,55,2024-12-19 15:24:15
500112045,56,0,56,2024-12-19 14:38:16
500112049,70,14,56,2024-12-19 15:37:15
500112049,70,14,56,2024-12-19 14:05:16
500101101,64,7,57,2024-12-19 13:16:15
500107028,75,18,57,2024-12-19 17:06:16
500111013,73,16,57,2024-12-19 15:48:15
500101101,64,6,58,2024-12-19 16:37:15
500106048,59,1,58,2024-12-19 17:17:16
500112049,70,11,59,2024-12-19 14:37:14
500101032,61,1,60,2024-12-19 13:36:16
500109032,70,9,61,2024-12-19 14:48:15
500101101,64,2,62,2024-12-19 16:58:16
500101101,64,2,62,2024-12-19 14:18:15
500109032,70,7,63,2024-12-19 13:30:16
500112035,96,30,66,2024-12-19 16:52:15
500119006,92,22,70,2024-12-19 17:05:17
500119006,92,1,91,2024-12-19 13:58:15
500112082,68,1,67,2024-12-19 02:50:16
500106006,55,1,54,2024-12-19 21:49:15
500104084,9,5,4,2024-12-19 21:44:15
500101166,54,14,40,2024-12-19 21:49:15
500106067,68,58,10,2024-12-19 21:43:15
500103011,64,61,0,2024-12-19 08:06:17
500101016,8,7,1,2024-12-19 06:31:14
500101169,49,46,2,2024-12-19 06:52:15
500101169,49,46,2,2024-12-19 07:35:16
500103011,64,59,2,2024-12-19 08:03:15
500106093,9,7,2,2024-12-19 06:22:14
500101016,8,5,3,2024-12-19 07:54:15
500108028,49,45,3,2024-12-19 07:56:15
500101013,9,4,4,2024-12-19 08:37:15
500101021,7,2,4,2024-12-19 07:34:15
500104097,8,4,4,2024-12-19 07:40:16
500101018,5,0,5,2024-12-19 07:37:15
500112017,53,48,5,2024-12-19 07:37:15
500101021,7,0,6,2024-12-19 08:57:16
500104084,9,2,7,2024-12-19 07:53:16
500106121,49,41,7,2024-12-19 08:36:15
500101169,49,40,8,2024-12-19 07:26:15
500104084,9,1,8,2024-12-19 06:56:14
500112017,53,45,8,2024-12-19 07:17:14
500101101,64,52,9,2024-12-19 07:17:14
500103011,64,53,9,2024-12-19 07:46:15
500101101,64,50,11,2024-12-19 07:47:15
500106014,58,39,11,2024-12-19 06:13:14
500106048,59,48,11,2024-12-19 08:57:15
500112017,53,42,11,2024-12-19 05:36:15
500112045,56,45,11,2024-12-19 06:53:15
500103011,64,49,12,2024-12-19 08:56:16
500107062,49,37,12,2024-12-19 07:08:15
500113068,64,52,12,2024-12-19 08:35:16
500103024,57,42,13,2024-12-19 08:27:16
500106014,58,36,14,2024-12-19 06:42:15
500112043,65,50,15,2024-12-19 05:42:15
500113034,68,47,15,2024-12-19 08:45:16
500107024,61,36,16,2024-12-19 07:46:15
500109032,70,54,16,2024-12-19 05:44:15
500109075,58,42,16,2024-12-19 07:27:15
500112022,56,40,16,2024-12-19 05:55:16
500106014,58,40,17,2024-12-19 08:02:15
500106048,59,42,17,2024-12-19 08:27:16
500112022,56,39,17,2024-12-19 06:15:15
500106006,55,35,20,2024-12-19 07:56:15
500101101,64,40,21,2024-12-19 06:16:15
500109075,58,36,22,2024-12-19 07:37:15
500111013,73,51,22,2024-12-19 06:44:15
500112049,70,48,22,2024-12-19 07:16:15
500113044,53,29,22,2024-12-19 07:49:16
500106121,49,26,23,2024-12-19 07:36:15
500107028,75,52,23,2024-12-19 08:03:15
500101137,70,46,24,2024-12-19 05:37:15
500104031,66,7,24,2024-12-19 08:57:15
500107062,49,25,24,2024-12-19 08:17:15
500108028,49,23,25,2024-12-19 04:57:14
500111013,73,48,25,2024-12-19 07:37:15
500106014,58,24,26,2024-12-19 07:47:15
500101144,69,42,27,2024-12-19 08:27:16
500101166,54,27,27,2024-12-19 08:37:15
500106017,55,27,28,2024-12-19 08:57:15
500107028,75,47,28,2024-12-19 06:46:15
500101166,54,22,32,2024-12-19 07:34:15
500112017,53,21,32,2024-12-19 08:27:16
500101132,54,21,33,2024-12-19 08:54:15
500112045,56,23,33,2024-12-19 08:57:15
500101132,54,20,34,2024-12-19 08:31:16
500119048,53,19,34,2024-12-19 07:47:15
500111005,53,16,37,2024-12-19 07:27:15
500112049,70,32,38,2024-12-19 07:57:16
500105019,57,18,39,2024-12-19 07:32:15
500111005,53,14,39,2024-12-19 06:22:14
500112066,54,14,39,2024-12-19 07:58:15
500111005,53,12,41,2024-12-19 05:51:14
500103009,81,37,42,2024-12-19 07:45:16
500105019,57,14,43,2024-12-19 05:10:15
500106067,68,23,43,2024-12-19 07:24:15
500107028,75,32,43,2024-12-19 08:47:15
500107035,59,15,43,2024-12-19 08:37:15
500109032,70,27,43,2024-12-19 08:25:16
500111002,56,12,43,2024-12-19 08:27:16
500112066,54,10,43,2024-12-19 08:57:15
500112066,54,10,43,2024-12-19 07:41:15
500112082,68,25,43,2024-12-19 07:57:15
500110014,66,14,44,2024-12-19 08:27:16
500119006,92,48,44,2024-12-19 06:22:14
500101132,54,9,45,2024-12-19 06:25:15
500106067,68,21,45,2024-12-19 06:46:15
500104014,56,9,46,2024-12-19 08:47:15
500106067,68,20,46,2024-12-19 08:17:14
500112022,56,10,46,2024-12-19 08:57:15
500106067,68,18,48,2024-12-19 06:27:15
500109027,58,6,48,2024-12-19 08:17:14
500104031,66,14,50,2024-12-19 07:17:14
500109075,58,8,50,2024-12-19 05:48:14
500113038,87,34,50,2024-12-19 04:44:14
500113038,87,33,51,2024-12-19 07:17:14
500113038,87,33,51,2024-12-19 07:23:15
500119048,53,2,51,2024-12-19 08:03:15
500106067,68,14,52,2024-12-19 04:48:15
500111003,65,13,52,2024-12-19 08:46:14
500112066,54,1,52,2024-12-19 06:12:15
500112007,64,10,53,2024-12-19 06:17:14
500119006,92,39,53,2024-12-19 07:45:15
500119048,53,0,53,2024-12-19 08:47:15
500107024,61,7,54,2024-12-19 06:25:15
500113038,87,30,54,2024-12-19 05:16:14
500113038,87,29,55,2024-12-19 06:36:14
500106048,59,3,56,2024-12-19 06:26:15
500109011,71,15,56,2024-12-19 08:54:15
500103009,81,24,57,2024-12-19 06:16:15
500112049,70,13,57,2024-12-19 08:27:16
500109011,71,13,58,2024-12-19 07:57:16
500109075,58,0,58,2024-12-19 06:07:15
500110014,66,6,58,2024-12-19 05:45:15
500112049,70,12,58,2024-12-19 08:45:16
500104091,70,10,59,2024-12-19 07:46:15
500110005,77,18,59,2024-12-19 08:03:15
500119059,68,8,60,2024-12-19 08:27:16
500110005,77,16,61,2024-12-19 07:57:16
500112029,63,2,61,2024-12-19 06:02:15
500104031,66,2,62,2024-12-19 05:44:15
500109011,71,9,62,2024-12-19 08:17:15
500103009,81,17,64,2024-12-19 04:45:15
500103009,81,16,65,2024-12-19 05:24:14
500110005,77,11,66,2024-12-19 07:26:15
500112082,68,1,67,2024-12-19 06:26:15
500112035,96,7,89,2024-12-19 06:35:15
500112035,96,7,89,2024-12-19 07:46:15
500107024,61,0,61,2024-12-19 23:26:15
500106006,55,1,54,2024-12-19 23:29:16
500112045,56,21,35,2024-12-19 23:24:14
500109075,58,30,28,2024-12-19 23:20:16
500101032,61,58,3,2024-12-19 00:22:15
500101101,64,28,35,2024-12-19 00:54:15
500101132,54,7,47,2024-12-19 00:09:14
500107035,59,20,38,2024-12-19 00:20:15
500111005,53,6,47,2024-12-19 00:07:15
500112007,64,12,49,2024-12-19 00:00:16
500119059,68,1,67,2024-12-19 00:19:15
500101101,64,7,57,2024-12-19 23:49:15
500104014,56,42,13,2024-12-19 23:46:15
500101032,61,58,3,2024-12-19 00:16:15
500104091,70,4,65,2024-12-19 00:18:14
500110005,77,4,73,2024-12-19 00:16:15
500104097,8,4,4,2024-12-19 22:36:15
500104091,70,2,67,2024-12-19 23:58:14
500101144,69,39,29,2024-12-19 23:52:14
500106048,59,4,55,2024-12-19 00:36:15
500104097,8,5,3,2024-12-19 00:44:15
500109011,71,7,64,2024-12-19 01:05:16
500101132,54,8,46,2024-12-19 00:35:16
500106006,55,9,46,2024-12-19 00:44:15
500106067,68,16,51,2024-12-19 01:07:15
500105019,57,3,54,2024-12-19 23:17:14
500106048,59,6,53,2024-12-19 22:42:15
500108044,73,11,62,2024-12-19 23:01:15
500110065,55,14,40,2024-12-19 23:19:15
500103009,81,14,67,2024-12-19 23:15:15
500101144,69,41,28,2024-12-19 23:11:15
500101032,61,61,0,2024-12-19 23:13:14
500104031,66,9,55,2024-12-19 22:39:15
500112007,64,17,46,2024-12-19 22:38:15
500110065,55,21,34,2024-12-19 22:31:15
500112049,70,27,43,2024-12-19 22:39:15
500106006,55,1,54,2024-12-19 21:38:15
500104097,8,3,5,2024-12-19 21:22:15
500107062,49,29,20,2024-12-19 21:29:15
500111013,73,32,41,2024-12-19 21:36:15
500107035,59,41,18,2024-12-19 21:37:15
500110014,66,44,12,2024-12-19 21:37:15
500101108,9,4,5,2024-12-19 02:07:15
500106121,49,10,39,2024-12-19 02:37:15
500106006,55,10,45,2024-12-19 02:39:15
500103024,57,19,38,2024-12-19 01:23:15
500111013,73,19,54,2024-12-19 02:05:16
500119048,53,42,11,2024-12-19 01:27:15
500112045,56,49,7,2024-12-19 01:55:16
500112082,68,0,68,2024-12-19 04:22:15
500112035,96,1,95,2024-12-19 04:21:14
500110014,66,9,55,2024-12-19 03:58:15
500103009,81,16,65,2024-12-19 04:01:16
500104014,56,30,25,2024-12-19 03:51:15
500101101,64,36,25,2024-12-19 04:24:15
500106014,58,39,11,2024-12-19 04:14:15
500112043,65,44,21,2024-12-19 04:27:14
500103024,57,0,57,2024-12-19 21:57:15
500106093,9,9,0,2024-12-19 22:04:15
500101101,64,16,48,2024-12-19 22:08:15
500119006,92,18,74,2024-12-19 22:05:15
500103009,81,21,60,2024-12-19 22:09:15
500112029,63,23,40,2024-12-19 22:04:15
500104031,66,0,61,2024-12-19 01:21:15
500106006,55,10,45,2024-12-19 01:21:15
500112007,64,7,56,2024-12-19 21:58:14
500106055,81,33,48,2024-12-19 21:54:15
500101137,70,40,30,2024-12-19 21:56:15
500113044,53,43,9,2024-12-19 21:54:15
500112085,92,49,43,2024-12-19 21:56:15
500103011,64,10,53,2024-12-19 03:20:15
500112085,92,18,74,2024-12-19 03:22:14
500109032,70,56,14,2024-12-19 03:13:15
500113038,87,19,66,2024-12-19 03:13:15
500112043,65,23,42,2024-12-19 03:23:15
500113068,64,4,60,2024-12-19 23:53:15
500101101,64,6,58,2024-12-19 23:58:14
500108028,49,13,35,2024-12-19 23:54:15
500107028,75,23,52,2024-12-19 23:48:14
500109032,70,42,27,2024-12-19 23:56:14
500101032,61,60,1,2024-12-19 02:24:15
500112022,56,48,8,2024-12-19 02:17:15
500110005,77,4,73,2024-12-19 22:41:15
500101166,54,14,40,2024-12-19 22:42:14
500119048,53,42,11,2024-12-19 22:49:15
500110014,66,42,14,2024-12-19 22:46:15
500101108,9,4,5,2024-12-19 04:29:15
500101032,61,55,5,2024-12-19 04:34:15
500107024,61,2,59,2024-12-19 23:09:15
500110065,55,20,34,2024-12-19 22:54:15
500113038,87,33,54,2024-12-19 23:07:15
500101144,69,40,29,2024-12-19 22:55:16
500110014,66,41,15,2024-12-19 22:59:14
500106017,55,10,45,2024-12-19 22:18:15
500110065,55,22,33,2024-12-19 22:18:14
500112049,70,32,38,2024-12-19 22:19:15
500113038,87,37,50,2024-12-19 22:19:15
500106014,58,46,9,2024-12-19 22:14:14
500112085,92,46,46,2024-12-19 22:17:15
500101032,61,54,7,2024-12-19 22:17:15
500106121,49,11,38,2024-12-19 04:41:15
500112049,70,33,37,2024-12-19 04:01:16
500101169,49,8,41,2024-12-19 22:26:15
500109033,53,26,27,2024-12-19 22:25:16
500112049,70,28,42,2024-12-19 22:25:16
500101144,69,39,30,2024-12-19 22:21:15
500101101,64,4,60,2024-12-19 22:54:15
500112007,64,17,46,2024-12-19 22:57:14
500112017,53,50,3,2024-12-19 22:57:14
500101137,70,4,66,2024-12-19 03:36:15
500107028,75,33,42,2024-12-19 03:36:15
500107024,61,0,61,2024-12-19 23:32:16
500106006,55,1,54,2024-12-19 23:33:15
500112082,68,20,48,2024-12-19 23:29:14
500119006,92,26,66,2024-12-19 23:33:15
500106093,9,9,0,2024-12-19 09:09:15
500107024,61,43,0,2024-12-19 12:19:15
500108044,73,73,0,2024-12-19 09:26:15
500111005,53,53,0,2024-12-19 11:57:15
500101108,9,8,1,2024-12-19 12:18:15
500104084,9,8,1,2024-12-19 09:04:15
500101021,7,4,2,2024-12-19 12:17:15
500107024,61,41,2,2024-12-19 11:38:15
500112043,65,63,2,2024-12-19 12:46:15
500111005,53,50,3,2024-12-19 12:59:15
500101018,5,1,4,2024-12-19 10:36:14
500101021,7,2,4,2024-12-19 12:44:15
500101021,7,2,4,2024-12-19 11:26:14
500104084,9,5,4,2024-12-19 09:51:14
500104084,9,4,5,2024-12-19 11:00:18
500104097,8,3,5,2024-12-19 08:21:15
500111005,53,48,5,2024-12-19 10:28:15
500101016,8,2,6,2024-12-19 12:00:19
500101016,8,2,6,2024-12-19 11:23:15
500101021,7,0,6,2024-12-19 10:37:15
500104084,9,3,6,2024-12-19 10:50:16
500104097,8,2,6,2024-12-19 10:58:16
500101013,9,1,7,2024-12-19 11:08:15
500101108,9,2,7,2024-12-19 11:04:15
500106121,49,41,7,2024-12-19 11:19:15
500113068,64,57,7,2024-12-19 09:26:15
500110065,55,46,9,2024-12-19 12:27:15
500103011,64,51,10,2024-12-19 09:05:16
500111005,53,43,10,2024-12-19 09:52:15
500106048,59,46,13,2024-12-19 10:26:14
500119077,56,43,13,2024-12-19 11:49:16
500106048,59,45,14,2024-12-19 10:16:15
500113068,64,50,14,2024-12-19 11:53:15
500119077,56,42,14,2024-12-19 10:27:16
500112043,65,50,15,2024-12-19 10:36:14
500119068,66,29,16,2024-12-19 11:47:16
500101166,54,37,17,2024-12-19 09:08:15
500106121,49,31,17,2024-12-19 12:38:15
500119068,66,28,17,2024-12-19 10:54:15
500104031,66,17,19,2024-12-19 11:41:15
500113068,64,45,19,2024-12-19 10:28:15
500113034,68,42,20,2024-12-19 12:37:15
500119068,66,29,20,2024-12-19 10:18:15
500110014,66,26,21,2024-12-19 11:08:15
500104031,66,14,22,2024-12-19 11:08:15
500106055,81,57,22,2024-12-19 09:54:15
500104031,66,14,24,2024-12-19 10:47:16
500106055,81,56,25,2024-12-19 12:33:15
500101137,70,44,26,2024-12-19 11:07:16
500104031,66,10,26,2024-12-19 10:57:15
500109075,58,27,27,2024-12-19 12:24:16
500106017,55,27,28,2024-12-19 10:12:15
500113034,68,34,28,2024-12-19 11:01:17
500113044,53,24,28,2024-12-19 09:36:15
500103009,81,50,31,2024-12-19 13:05:16
500103024,57,25,31,2024-12-19 10:38:15
500106067,68,37,31,2024-12-19 12:37:15
500101132,54,22,32,2024-12-19 09:09:15
500103024,57,24,32,2024-12-19 10:52:15
500108028,49,16,32,2024-12-19 09:24:15
500119077,56,24,32,2024-12-19 09:35:16
500106017,55,22,33,2024-12-19 12:07:16
500106017,55,22,33,2024-12-19 10:36:14
500110005,77,44,33,2024-12-19 10:40:16
500112017,53,20,33,2024-12-19 11:07:16
500103024,57,23,34,2024-12-19 11:56:15
500103024,57,23,34,2024-12-19 11:17:15
500106006,55,21,34,2024-12-19 10:05:16
500108028,49,14,34,2024-12-19 10:06:15
500112017,53,19,34,2024-12-19 11:47:16
500106048,59,24,35,2024-12-19 12:08:15
500109075,58,18,36,2024-12-19 12:38:15
500112007,64,27,36,2024-12-19 10:28:15
500101137,70,33,37,2024-12-19 09:46:16
500104014,56,17,38,2024-12-19 12:58:15
500104030,49,10,38,2024-12-19 10:42:15
500109075,58,16,38,2024-12-19 11:38:15
500112032,54,16,38,2024-12-19 10:16:15
500104030,49,9,39,2024-12-19 09:06:14
500106067,68,28,40,2024-12-19 10:37:16
500112029,63,19,40,2024-12-19 10:27:16
500101169,49,8,41,2024-12-19 10:53:15
500106067,68,27,41,2024-12-19 11:14:15
500109075,58,13,41,2024-12-19 09:08:15
500105019,57,15,42,2024-12-19 09:42:15
500106067,68,26,42,2024-12-19 11:06:15
500112022,56,14,42,2024-12-19 11:18:16
500112032,54,12,42,2024-12-19 11:18:16
500107062,49,6,43,2024-12-19 10:04:16
500107062,49,6,43,2024-12-19 10:40:16
500112007,64,20,43,2024-12-19 09:27:15
500112022,56,13,43,2024-12-19 10:20:16
500112045,56,13,43,2024-12-19 11:18:16
500107062,49,5,44,2024-12-19 12:43:15
500112007,64,19,44,2024-12-19 10:17:16
500103009,81,34,45,2024-12-19 09:27:15
500112022,56,11,45,2024-12-19 11:48:15
500112045,56,11,45,2024-12-19 10:36:14
500113038,87,40,46,2024-12-19 13:03:15
500101166,54,7,47,2024-12-19 12:08:15
500109027,58,7,47,2024-12-19 12:48:15
500111003,65,18,47,2024-12-19 11:55:17
500112085,92,44,47,2024-12-19 09:04:14
500104091,70,21,48,2024-12-19 10:58:16
500112007,64,15,48,2024-12-19 09:37:15
500107028,75,25,50,2024-12-19 09:07:15
500111002,56,5,50,2024-12-19 09:35:16
500112032,54,4,50,2024-12-19 12:28:15
500119048,53,3,50,2024-12-19 12:28:15
500109027,58,3,51,2024-12-19 12:24:16
500111003,65,14,51,2024-12-19 10:56:15
500111003,65,14,51,2024-12-19 11:26:15
500101101,64,12,52,2024-12-19 12:38:15
500104091,70,17,52,2024-12-19 09:26:15
500109033,53,1,52,2024-12-19 12:46:15
500109033,53,0,53,2024-12-19 09:37:15
500119048,53,0,53,2024-12-19 10:24:15
500109027,58,0,54,2024-12-19 11:25:15
500112035,96,42,54,2024-12-19 12:06:16
500112045,56,2,54,2024-12-19 12:50:18
500101144,69,14,55,2024-12-19 09:46:16
500106048,59,4,55,2024-12-19 13:08:15
500106067,68,13,55,2024-12-19 09:26:15
500112085,92,36,55,2024-12-19 10:18:15
500113038,87,30,56,2024-12-19 11:31:15
500101032,61,4,57,2024-12-19 12:56:15
500101144,69,12,57,2024-12-19 09:37:15
500104091,70,12,57,2024-12-19 09:09:15
500106014,58,1,57,2024-12-19 12:35:17
500112085,92,34,57,2024-12-19 11:38:14
500112085,92,34,57,2024-12-19 11:17:15
500113038,87,29,57,2024-12-19 10:04:15
500112049,70,12,58,2024-12-19 09:27:15
500101032,61,2,59,2024-12-19 13:07:15
500107028,75,14,61,2024-12-19 12:48:14
500107028,75,14,61,2024-12-19 10:47:16
500107028,75,13,62,2024-12-19 11:58:16
500109011,71,9,62,2024-12-19 10:26:14
500109011,71,9,62,2024-12-19 10:33:15
500112049,70,8,62,2024-12-19 11:57:16
500111003,65,1,64,2024-12-19 10:20:18
500112049,70,6,64,2024-12-19 10:17:16
500109032,70,5,65,2024-12-19 12:34:14
500111003,65,0,65,2024-12-19 09:26:15
500101144,69,3,66,2024-12-19 10:18:15
500112035,96,30,66,2024-12-19 10:11:15
500111013,73,5,68,2024-12-19 11:51:16
500111013,73,3,70,2024-12-19 10:14:15
500111013,73,2,71,2024-12-19 10:03:15
500112035,96,12,84,2024-12-19 09:06:15
500119006,92,5,87,2024-12-19 12:47:15
500119006,92,1,91,2024-12-19 09:07:15
500101018,5,5,0,2024-12-19 17:38:16
500101018,5,5,0,2024-12-19 18:26:16
500101108,9,8,1,2024-12-19 18:58:16
500104084,9,8,1,2024-12-19 20:12:15
500106093,9,8,1,2024-12-19 20:38:15
500101013,9,7,2,2024-12-19 17:28:15
500101021,7,5,2,2024-12-19 18:13:16
500101108,9,7,2,2024-12-19 19:53:15
500113068,64,62,2,2024-12-19 18:48:15
500101016,8,5,3,2024-12-19 21:05:16
500104084,9,6,3,2024-12-19 17:07:15
500104097,8,5,3,2024-12-19 21:20:16
500111005,53,50,3,2024-12-19 17:24:16
500112022,56,53,3,2024-12-19 21:20:16
500112082,68,65,3,2024-12-19 20:57:16
500119077,56,53,3,2024-12-19 17:27:16
500101021,7,3,4,2024-12-19 19:14:15
500101021,7,3,4,2024-12-19 19:47:15
500101137,70,66,4,2024-12-19 20:13:15
500119048,53,49,4,2024-12-19 20:36:15
500104084,9,4,5,2024-12-19 18:37:15
500119077,56,51,5,2024-12-19 18:29:16
500104084,9,3,6,2024-12-19 18:29:16
500104097,8,2,6,2024-12-19 16:44:15
500109075,58,52,6,2024-12-19 21:20:16
500110014,66,50,6,2024-12-19 19:16:15
500104097,8,1,7,2024-12-19 17:59:15
500119077,56,49,7,2024-12-19 19:10:17
500101137,70,62,8,2024-12-19 20:27:14
500106093,9,1,8,2024-12-19 17:25:15
500106093,9,1,8,2024-12-19 18:56:15
500106067,68,59,9,2024-12-19 19:58:15
500111005,53,44,9,2024-12-19 19:37:16
500112022,56,47,9,2024-12-19 20:22:14
500113044,53,43,9,2024-12-19 19:36:15
500107024,61,33,10,2024-12-19 17:38:16
500110014,66,46,10,2024-12-19 18:48:15
500113034,68,52,10,2024-12-19 20:45:16
500111003,65,53,12,2024-12-19 19:06:16
500112022,56,44,12,2024-12-19 19:47:15
500119068,66,40,12,2024-12-19 18:18:16
500106067,68,55,13,2024-12-19 20:47:15
500101169,49,35,14,2024-12-19 18:08:16
500107062,49,34,15,2024-12-19 19:31:14
500108028,49,32,16,2024-12-19 18:29:16
500113044,53,36,16,2024-12-19 18:14:15
500113044,53,34,18,2024-12-19 18:08:16
500101137,70,51,19,2024-12-19 21:08:15
500109075,58,29,19,2024-12-19 18:08:16
500111003,65,46,19,2024-12-19 18:18:16
500112082,68,49,19,2024-12-19 21:19:16
500112085,92,73,19,2024-12-19 20:09:15
500111003,65,45,20,2024-12-19 20:26:15
500112066,54,33,20,2024-12-19 17:37:16
500112085,92,72,20,2024-12-19 18:58:16
500101137,70,49,21,2024-12-19 18:18:16
500108028,49,27,21,2024-12-19 18:13:16
500111003,65,44,21,2024-12-19 20:49:15
500111005,53,32,21,2024-12-19 20:38:15
500111005,53,32,21,2024-12-19 21:05:16
500106014,58,36,22,2024-12-19 19:07:15
500111005,53,31,22,2024-12-19 21:20:16
500112085,92,69,23,2024-12-19 19:15:16
500104014,56,30,25,2024-12-19 20:24:15
500104091,70,44,25,2024-12-19 18:47:16
500109032,70,45,25,2024-12-19 20:30:17
500113044,53,27,25,2024-12-19 17:46:15
500101032,61,35,26,2024-12-19 20:29:15
500108028,49,22,26,2024-12-19 19:06:16
500104091,70,42,27,2024-12-19 19:59:16
500109027,58,30,27,2024-12-19 19:59:16
500104014,56,27,28,2024-12-19 19:16:15
500108028,49,20,28,2024-12-19 17:28:15
500112085,92,64,28,2024-12-19 20:36:15
500113034,68,34,28,2024-12-19 18:23:15
500113068,64,36,28,2024-12-19 20:49:15
500101169,49,19,30,2024-12-19 19:38:15
500112017,53,23,30,2024-12-19 19:18:15
500112022,56,26,30,2024-12-19 18:08:16
500101144,69,38,31,2024-12-19 21:19:15
500106055,81,49,32,2024-12-19 18:15:17
500112017,53,21,32,2024-12-19 18:29:16
500106017,55,22,33,2024-12-19 18:58:16
500112022,56,23,33,2024-12-19 18:29:16
500112017,53,19,34,2024-12-19 18:58:16
500112085,92,58,34,2024-12-19 18:26:16
500101144,69,34,35,2024-12-19 20:39:16
500109027,58,22,35,2024-12-19 20:27:15
500113034,68,27,35,2024-12-19 17:59:15
500104014,56,19,36,2024-12-19 18:05:16
500104014,56,19,36,2024-12-19 18:28:16
500112049,70,34,36,2024-12-19 19:59:15
500109011,71,34,37,2024-12-19 17:37:16
500109033,53,16,37,2024-12-19 20:11:16
500110065,55,18,37,2024-12-19 20:55:17
500119068,66,15,37,2024-12-19 17:48:15
500106017,55,17,38,2024-12-19 19:00:18
500106055,81,43,38,2024-12-19 20:19:15
500106121,49,10,38,2024-12-19 19:29:14
500109033,53,15,38,2024-12-19 19:31:14
500119068,66,28,38,2024-12-19 19:38:15
500106014,58,16,39,2024-12-19 20:39:16
500112045,56,17,39,2024-12-19 21:08:15
500106121,49,8,40,2024-12-19 19:56:16
500109033,53,13,40,2024-12-19 18:58:15
500106055,81,40,41,2024-12-19 20:45:16
500112085,92,51,41,2024-12-19 17:38:16
500112045,56,14,42,2024-12-19 19:42:15
500101169,49,4,45,2024-12-19 20:49:15
500103024,57,12,45,2024-12-19 20:27:15
500106006,55,10,45,2024-12-19 18:46:15
500107028,75,30,45,2024-12-19 20:59:15
500111013,73,28,45,2024-12-19 20:10:16
500112032,54,9,45,2024-12-19 20:49:15
500105019,57,11,46,2024-12-19 18:48:15
500106121,49,2,46,2024-12-19 21:20:16
500112017,53,7,46,2024-12-19 17:38:16
500112032,54,8,46,2024-12-19 18:47:16
500113038,87,40,46,2024-12-19 17:48:15
500119068,66,20,46,2024-12-19 20:43:15
500103009,81,34,47,2024-12-19 21:08:15
500105019,57,10,47,2024-12-19 18:55:17
500106121,49,1,47,2024-12-19 18:47:16
500111002,56,9,47,2024-12-19 17:25:16
500105007,63,15,48,2024-12-19 19:48:15
500106121,49,0,48,2024-12-19 21:06:15
500103024,57,8,49,2024-12-19 21:07:15
500109032,70,21,49,2024-12-19 17:47:16
500111013,73,24,49,2024-12-19 18:17:15
500112082,68,6,49,2024-12-19 20:29:15
500101032,61,11,50,2024-12-19 19:28:15
500113038,87,36,50,2024-12-19 19:55:16
500113038,87,36,50,2024-12-19 17:28:15
500107028,75,24,51,2024-12-19 18:38:16
500105007,63,11,52,2024-12-19 17:36:15
500113038,87,34,52,2024-12-19 18:37:15
500111002,56,3,53,2024-12-19 19:01:15
500103024,57,3,54,2024-12-19 19:27:15
500105007,63,9,54,2024-12-19 20:28:15
500112007,64,9,54,2024-12-19 20:59:15
500112007,64,8,55,2024-12-19 19:59:16
500106048,59,2,57,2024-12-19 18:29:16
500107024,61,4,57,2024-12-19 20:58:15
500111013,73,16,57,2024-12-19 17:28:15
500106048,59,1,58,2024-12-19 17:59:15
500107024,61,3,58,2024-12-19 20:39:16
500106048,59,0,59,2024-12-19 17:44:16
500106048,59,0,59,2024-12-19 18:07:16
500108044,73,12,61,2024-12-19 18:36:16
500107028,75,11,64,2024-12-19 17:25:16
500108044,73,6,67,2024-12-19 19:17:15
500108044,73,5,68,2024-12-19 20:22:15
500119006,92,7,85,2024-12-19 20:06:15
500112035,96,7,88,2024-12-19 21:17:14
500119006,92,3,89,2024-12-19 18:52:15
500112035,96,5,90,2024-12-19 19:29:14
500101018,5,5,0,2024-12-19 16:53:16
500111005,53,52,1,2024-12-19 14:47:15
500101013,9,7,2,2024-12-19 16:57:16
500101013,9,7,2,2024-12-19 14:19:14
500101018,5,3,2,2024-12-19 16:48:15
500101108,9,7,2,2024-12-19 16:48:15
500104084,9,7,2,2024-12-19 16:54:15
500112043,65,63,2,2024-12-19 15:27:15
500106121,49,45,3,2024-12-19 13:32:15
500112043,65,62,3,2024-12-19 14:41:15
500101016,8,4,4,2024-12-19 13:42:15
500101016,8,4,4,2024-12-19 14:25:16
500112043,65,61,4,2024-12-19 14:53:15
500112043,65,61,4,2024-12-19 14:09:16
500113068,64,60,4,2024-12-19 13:20:17
500101016,8,3,5,2024-12-19 13:58:16
500104084,9,4,5,2024-12-19 14:38:15
500101108,9,3,6,2024-12-19 15:50:16
500101012,8,1,7,2024-12-19 14:04:15
500101021,7,0,7,2024-12-19 16:55:16
500110065,55,48,7,2024-12-19 16:21:14
500110065,55,48,7,2024-12-19 13:56:15
500104031,66,27,9,2024-12-19 15:43:15
500101137,70,60,10,2024-12-19 16:52:15
500107035,59,48,11,2024-12-19 15:25:15
500108044,73,62,11,2024-12-19 13:23:15
500110014,66,31,12,2024-12-19 15:48:15
500112007,64,51,12,2024-12-19 15:56:15
500112066,54,41,12,2024-12-19 15:17:16
500113068,64,52,12,2024-12-19 13:48:15
500112007,64,50,13,2024-12-19 15:28:14
500119068,66,32,13,2024-12-19 14:05:16
500106055,81,67,14,2024-12-19 13:36:16
500112029,63,49,14,2024-12-19 16:26:15
500119068,66,31,14,2024-12-19 15:51:14
500112029,63,47,16,2024-12-19 16:43:15
500103011,64,46,17,2024-12-19 14:08:15
500112082,68,38,17,2024-12-19 13:30:16
500107024,61,25,18,2024-12-19 16:38:15
500109075,58,30,18,2024-12-19 16:48:16
500112082,68,36,19,2024-12-19 14:58:15
500103011,64,44,20,2024-12-19 16:35:15
500112032,54,32,22,2024-12-19 14:58:15
500106121,49,25,23,2024-12-19 16:17:15
500103009,81,57,24,2024-12-19 17:18:16
500112032,54,30,24,2024-12-19 15:51:15
500112082,68,31,24,2024-12-19 16:25:15
500106017,55,30,25,2024-12-19 16:06:15
500113034,68,37,25,2024-12-19 13:36:16
500103009,81,55,26,2024-12-19 16:57:16
500106017,55,29,26,2024-12-19 16:14:15
500106017,55,29,26,2024-12-19 15:10:15
500106067,68,42,26,2024-12-19 15:04:15
500111003,65,39,26,2024-12-19 15:25:15
500106017,55,28,27,2024-12-19 16:57:15
500106017,55,27,28,2024-12-19 13:47:15
500107062,49,19,30,2024-12-19 15:17:15
500110005,77,47,30,2024-12-19 13:19:15
500103024,57,24,33,2024-12-19 16:06:15
500108028,49,15,33,2024-12-19 14:48:14
500103024,57,23,34,2024-12-19 16:16:15
500108028,49,13,35,2024-12-19 15:57:15
500101166,54,18,36,2024-12-19 16:06:15
500108028,49,11,37,2024-12-19 13:45:15
500109075,58,11,37,2024-12-19 14:50:15
500109075,58,17,37,2024-12-19 14:07:15
500110005,77,40,37,2024-12-19 16:48:16
500112022,56,19,37,2024-12-19 17:18:16
500101166,54,16,38,2024-12-19 16:15:15
500112022,56,18,38,2024-12-19 17:07:15
500101169,49,10,39,2024-12-19 17:18:16
500119059,68,28,40,2024-12-19 16:18:16
500101169,49,8,41,2024-12-19 15:28:14
500119059,68,27,41,2024-12-19 15:35:16
500119068,66,4,41,2024-12-19 17:18:16
500101169,49,7,42,2024-12-19 16:02:15
500112022,56,14,42,2024-12-19 14:17:15
500119059,68,26,42,2024-12-19 16:26:15
500113034,68,19,43,2024-12-19 15:00:17
500113034,68,19,43,2024-12-19 14:31:15
500103009,81,37,44,2024-12-19 15:35:16
500109027,58,10,44,2024-12-19 13:14:15
500112022,56,12,44,2024-12-19 15:22:15
500101132,54,9,45,2024-12-19 13:49:15
500101169,49,4,45,2024-12-19 15:46:16
500109011,71,26,45,2024-12-19 16:48:16
500101032,61,15,46,2024-12-19 15:38:15
500106048,59,13,46,2024-12-19 13:45:15
500106048,59,13,46,2024-12-19 15:30:17
500111002,56,10,46,2024-12-19 17:16:16
500119048,53,7,46,2024-12-19 15:47:15
500119048,53,7,46,2024-12-19 15:28:14
500112045,56,9,47,2024-12-19 17:05:16
500106006,55,7,48,2024-12-19 14:58:15
500109033,53,5,48,2024-12-19 16:17:14
500106006,55,6,49,2024-12-19 15:04:15
500106014,58,9,49,2024-12-19 16:36:15
500109011,71,22,49,2024-12-19 14:00:17
500112085,92,43,49,2024-12-19 16:38:15
500105007,63,13,50,2024-12-19 17:17:16
500109011,71,21,50,2024-12-19 14:43:14
500109033,53,3,50,2024-12-19 14:09:16
500101144,69,18,51,2024-12-19 17:08:16
500104091,70,18,51,2024-12-19 13:27:15
500106014,58,7,51,2024-12-19 16:04:15
500101144,69,17,52,2024-12-19 16:06:15
500104091,70,17,52,2024-12-19 13:29:15
500106014,58,6,52,2024-12-19 14:43:15
500112045,56,4,52,2024-12-19 16:48:16
500101144,69,16,53,2024-12-19 14:53:15
500112045,56,3,53,2024-12-19 15:44:15
500101144,69,15,54,2024-12-19 15:10:15
500112085,92,37,54,2024-12-19 14:03:16
500106006,55,0,55,2024-12-19 14:18:15
500101032,61,4,57,2024-12-19 13:46:16
500112085,92,34,57,2024-12-19 14:52:16
500112035,96,38,58,2024-12-19 13:40:16
500112049,70,12,58,2024-12-19 16:07:14
500101032,61,2,59,2024-12-19 13:18:15
500101101,64,4,60,2024-12-19 16:46:15
500101101,64,3,61,2024-12-19 13:47:15
500101101,64,3,61,2024-12-19 14:45:15
500101101,64,2,62,2024-12-19 14:51:15
500109032,70,8,62,2024-12-19 15:11:15
500109032,70,8,62,2024-12-19 14:02:14
500119006,92,19,73,2024-12-19 15:48:15
500119006,92,1,91,2024-12-19 13:18:15
500101108,9,6,3,2024-12-19 21:48:17
500104091,70,22,47,2024-12-19 21:45:15
500109027,58,30,27,2024-12-19 21:40:15
500111003,65,32,33,2024-12-19 21:46:14
500101137,70,45,25,2024-12-19 21:49:15
500113038,87,45,42,2024-12-19 21:49:15
500101032,61,46,15,2024-12-19 21:48:16
500109075,58,50,8,2024-12-19 21:48:16
500112085,92,50,42,2024-12-19 21:49:15
500101169,49,47,1,2024-12-19 06:27:15
500101016,8,6,2,2024-12-19 06:16:15
500104084,9,6,3,2024-12-19 05:04:15
500109027,58,51,3,2024-12-19 06:15:16
500107024,61,39,4,2024-12-19 08:47:15
500109027,58,50,4,2024-12-19 06:24:15
500101016,8,3,5,2024-12-19 07:43:15
500101018,5,0,5,2024-12-19 07:39:16
500101032,61,55,5,2024-12-19 06:52:15
500101108,9,4,5,2024-12-19 06:25:15
500106093,9,4,5,2024-12-19 07:03:15
500113034,68,57,5,2024-12-19 06:37:15
500106093,9,3,6,2024-12-19 08:17:15
500106121,49,41,7,2024-12-19 08:53:15
500101012,8,0,8,2024-12-19 07:34:15
500112007,64,55,8,2024-12-19 07:57:16
500101108,9,0,9,2024-12-19 07:57:16
500112043,65,56,9,2024-12-19 07:46:15
500106014,58,38,12,2024-12-19 06:01:14
500112043,65,52,13,2024-12-19 06:00:16
500101144,69,52,17,2024-12-19 07:17:14
500104031,66,14,17,2024-12-19 07:47:15
500119048,53,35,18,2024-12-19 07:13:15
500109027,58,35,19,2024-12-19 07:15:17
500109027,58,35,19,2024-12-19 07:27:15
500112022,56,37,19,2024-12-19 06:26:15
500113044,53,32,19,2024-12-19 07:37:15
500101032,61,40,20,2024-12-19 08:03:15
500113068,64,43,21,2024-12-19 08:17:15
500101101,64,39,22,2024-12-19 06:37:15
500112022,56,33,23,2024-12-19 06:33:15
500110065,55,31,24,2024-12-19 08:27:16
500112049,70,45,25,2024-12-19 07:47:15
500101166,54,27,27,2024-12-19 06:56:15
500107028,75,47,28,2024-12-19 07:35:16
500107028,75,46,29,2024-12-19 06:35:15
500111013,73,43,30,2024-12-19 08:03:15
500112022,56,26,30,2024-12-19 06:54:16
500112082,68,38,30,2024-12-19 08:37:15
500101132,54,23,31,2024-12-19 08:00:17
500101166,54,22,32,2024-12-19 04:56:15
500103011,64,30,32,2024-12-19 06:46:14
500108044,73,40,33,2024-12-19 07:57:16
500110005,77,44,33,2024-12-19 08:54:15
500104014,56,21,34,2024-12-19 07:26:15
500106121,49,14,35,2024-12-19 06:16:15
500107028,75,40,35,2024-12-19 07:56:15
500103011,64,26,36,2024-12-19 06:10:16
500106121,49,13,36,2024-12-19 06:36:14
500111002,56,17,38,2024-12-19 06:09:15
500112022,56,18,38,2024-12-19 07:16:15
500105007,63,24,39,2024-12-19 08:56:16
500112032,54,15,39,2024-12-19 08:57:15
500104030,49,7,41,2024-12-19 08:03:15
500107035,59,17,41,2024-12-19 06:37:15
500109033,53,12,41,2024-12-19 07:16:15
500104030,49,6,42,2024-12-19 07:30:16
500105007,63,21,42,2024-12-19 07:42:15
500112032,54,11,43,2024-12-19 07:46:15
500109032,70,26,44,2024-12-19 07:17:14
500105019,57,12,45,2024-12-19 08:45:15
500106067,68,21,45,2024-12-19 07:45:16
500119006,92,47,45,2024-12-19 04:57:14
500119006,92,47,45,2024-12-19 06:52:15
500106067,68,20,46,2024-12-19 07:35:16
500110065,55,9,46,2024-12-19 07:37:15
500101032,61,13,47,2024-12-19 08:56:16
500119077,56,9,47,2024-12-19 07:59:15
500112007,64,15,48,2024-12-19 07:17:14
500110065,55,6,49,2024-12-19 07:15:17
500110065,55,4,51,2024-12-19 06:06:14
500111003,65,12,53,2024-12-19 05:30:15
500112032,54,1,53,2024-12-19 05:28:15
500112085,92,38,53,2024-12-19 08:36:15
500112085,92,38,53,2024-12-19 08:03:15
500105007,63,9,54,2024-12-19 07:27:15
500106014,58,3,54,2024-12-19 08:36:15
500109032,70,16,54,2024-12-19 08:16:15
500112049,70,16,54,2024-12-19 08:56:16
500104091,70,14,55,2024-12-19 06:17:14
500106048,59,4,55,2024-12-19 06:14:15
500110014,66,9,55,2024-12-19 06:31:14
500112022,56,1,55,2024-12-19 08:27:16
500113068,64,8,56,2024-12-19 06:21:15
500119068,66,10,56,2024-12-19 07:51:15
500113068,64,7,57,2024-12-19 05:59:14
500109011,71,13,58,2024-12-19 08:01:15
500104091,70,9,60,2024-12-19 08:47:15
500112085,92,31,60,2024-12-19 05:20:16
500112049,70,9,61,2024-12-19 08:37:15
500112029,63,1,62,2024-12-19 06:17:14
500112082,68,1,67,2024-12-19 05:28:15
500112082,68,0,68,2024-12-19 06:11:15
500110005,77,8,69,2024-12-19 07:17:14
500110005,77,7,70,2024-12-19 05:46:15
500112035,96,1,95,2024-12-19 05:33:15
500101032,61,55,5,2024-12-19 03:56:14
500101144,69,11,58,2024-12-19 00:57:15
500103009,81,15,66,2024-12-19 00:11:14
500104091,70,5,64,2024-12-19 00:42:15
500106006,55,11,44,2024-12-19 00:11:14
500106067,68,19,48,2024-12-19 00:32:15
500107028,75,3,72,2024-12-19 00:17:15
500110014,66,30,36,2024-12-19 00:28:15
500111013,73,17,56,2024-12-19 00:06:15
500112017,53,33,19,2024-12-19 00:08:15
500112017,53,35,17,2024-12-19 00:53:15
500112045,56,44,12,2024-12-19 00:55:16
500112066,54,9,44,2024-12-19 00:00:16
500119048,53,42,11,2024-12-19 00:07:16
500108044,73,12,61,2024-12-19 23:39:14
500107028,75,4,71,2024-12-19 00:30:16
500109027,58,40,12,2024-12-19 00:41:14
500111013,73,15,58,2024-12-19 00:15:16
500101132,54,3,51,2024-12-19 22:50:16
500103011,64,10,54,2024-12-19 20:56:15
500104030,49,9,39,2024-12-19 22:25:16
500112045,56,47,9,2024-12-19 01:08:16
500104031,66,0,61,2024-12-19 00:38:15
500119068,66,0,66,2024-12-19 00:14:15
500103024,57,18,39,2024-12-19 01:08:16
500107062,49,21,28,2024-12-19 00:37:15
500104091,70,3,66,2024-12-19 23:12:15
500101137,70,30,40,2024-12-19 23:17:14
500112085,92,39,53,2024-12-19 23:00:16
500106067,68,59,8,2024-12-19 23:16:15
500112035,96,1,94,2024-12-19 22:28:16
500101016,8,3,5,2024-12-19 22:26:15
500101132,54,4,50,2024-12-19 22:18:15
500106093,9,6,3,2024-12-19 22:33:15
500109011,71,24,47,2024-12-19 22:36:15
500112017,53,47,6,2024-12-19 22:37:15
500112022,56,55,1,2024-12-19 22:39:15
500112035,96,3,92,2024-12-19 21:37:15
500105019,57,8,49,2024-12-19 21:08:15
500101166,54,15,39,2024-12-19 21:39:15
500112045,56,17,39,2024-12-19 21:36:15
500112032,54,30,24,2024-12-19 21:39:15
500101144,69,43,26,2024-12-19 21:38:15
500101021,7,0,6,2024-12-19 01:37:14
500119068,66,1,65,2024-12-19 02:10:17
500113038,87,6,79,2024-12-19 02:35:15
500101132,54,8,46,2024-12-19 02:23:15
500111002,56,20,36,2024-12-19 01:21:15
500109033,53,31,22,2024-12-19 02:08:15
500103011,64,9,53,2024-12-19 04:22:15
500106017,55,13,42,2024-12-19 03:52:14
500113038,87,33,51,2024-12-19 04:20:16
500112022,56,44,12,2024-12-19 04:27:14
500109032,70,55,15,2024-12-19 04:14:15
500101108,9,1,8,2024-12-19 22:09:15
500112045,56,15,41,2024-12-19 22:01:15
500107062,49,27,22,2024-12-19 22:09:15
500113038,87,39,48,2024-12-19 22:09:15
500106006,55,0,55,2024-12-19 21:59:15
500101132,54,5,49,2024-12-19 21:52:15
500101108,9,6,3,2024-12-19 21:57:15
500109033,53,19,34,2024-12-19 21:55:17
500112029,63,24,39,2024-12-19 21:53:15
500112032,54,35,19,2024-12-19 21:58:15
500106014,58,42,13,2024-12-19 21:59:15
500107035,59,42,17,2024-12-19 21:56:15
500109033,53,30,23,2024-12-19 03:22:14
500107028,75,34,41,2024-12-19 03:37:14
500119006,92,45,47,2024-12-19 03:24:15
500104091,70,1,68,2024-12-19 01:06:15
500113034,68,59,4,2024-12-19 00:58:14
500112082,68,0,68,2024-12-19 01:44:14
500112085,92,23,69,2024-12-19 01:37:14
500112085,92,19,73,2024-12-19 02:20:16
500113068,64,11,53,2024-12-19 22:48:15
500112007,64,18,45,2024-12-19 22:49:14
500112045,56,19,37,2024-12-19 22:49:14
500111013,73,20,53,2024-12-19 22:44:15
500113038,87,33,54,2024-12-19 22:45:16
500112085,92,42,50,2024-12-19 22:42:15
500112022,56,55,1,2024-12-19 22:41:15
500111002,56,12,44,2024-12-19 23:00:16
500109075,58,28,30,2024-12-19 23:05:15
500112017,53,39,14,2024-12-19 23:08:15
500119048,53,41,12,2024-12-19 22:54:14
500106006,55,1,54,2024-12-19 22:18:15
500111005,53,15,38,2024-12-19 22:12:15
500109027,58,34,23,2024-12-19 22:11:15
500104014,56,37,18,2024-12-19 22:17:15
500113034,68,57,5,2024-12-19 22:18:15
500101108,9,2,7,2024-12-19 22:22:15
500112022,56,56,0,2024-12-19 22:26:15
500113038,87,35,52,2024-12-19 22:57:15
500101032,61,61,0,2024-12-19 22:59:14
500111013,73,20,53,2024-12-19 01:52:15
500113034,68,59,4,2024-12-19 01:57:15
500112066,54,7,46,2024-12-19 23:33:14
500111013,73,30,43,2024-12-19 23:33:15
500112022,56,41,15,2024-12-19 23:29:14
500107024,61,43,0,2024-12-19 12:35:17
500101013,9,7,1,2024-12-19 12:37:15
500101018,5,4,1,2024-12-19 12:28:15
500101018,5,4,1,2024-12-19 11:44:15
500101108,9,8,1,2024-12-19 13:05:16
500106121,49,47,1,2024-12-19 09:37:15
500107024,61,42,1,2024-12-19 10:38:15
500111005,53,52,1,2024-12-19 12:23:16
500111005,53,52,1,2024-12-19 10:58:16
500101013,9,6,2,2024-12-19 12:01:16
500106048,59,57,2,2024-12-19 09:09:15
500111005,53,51,2,2024-12-19 12:53:15
500101016,8,5,3,2024-12-19 13:08:15
500104031,66,32,4,2024-12-19 12:47:15
500101021,7,1,5,2024-12-19 09:07:15
500104031,66,31,5,2024-12-19 12:28:15
500106121,49,43,5,2024-12-19 09:57:15
500107024,61,38,5,2024-12-19 09:09:15
500107024,61,38,5,2024-12-19 10:06:15
500101012,8,2,6,2024-12-19 12:27:15
500101021,7,0,6,2024-12-19 09:52:16
500101021,7,0,6,2024-12-19 11:17:17
500104097,8,2,6,2024-12-19 11:29:15
500119068,66,39,6,2024-12-19 13:08:15
500101016,8,1,7,2024-12-19 12:16:15
500104097,8,1,7,2024-12-19 11:45:15
500107024,61,36,7,2024-12-19 09:56:15
500108044,73,66,7,2024-12-19 10:58:16
500113068,64,57,7,2024-12-19 09:08:15
500101012,8,0,8,2024-12-19 08:18:15
500101013,9,0,8,2024-12-19 11:16:16
500104084,9,1,8,2024-12-19 12:14:16
500110014,66,49,9,2024-12-19 09:07:15
500103011,64,51,10,2024-12-19 09:08:16
500119077,56,46,10,2024-12-19 11:02:15
500112007,64,52,11,2024-12-19 12:38:14
500106048,59,47,12,2024-12-19 10:06:15
500108044,73,61,12,2024-12-19 12:37:15
500110014,66,31,12,2024-12-19 12:41:15
500110014,66,31,12,2024-12-19 12:52:15
500110014,66,35,12,2024-12-19 10:44:16
500110065,55,43,12,2024-12-19 11:58:16
500112066,54,41,12,2024-12-19 12:55:15
500113068,64,52,12,2024-12-19 09:37:15
500110014,66,34,13,2024-12-19 10:31:16
500110014,66,29,14,2024-12-19 12:18:15
500112043,65,48,17,2024-12-19 11:18:16
500101166,54,36,18,2024-12-19 09:07:15
500110014,66,27,18,2024-12-19 10:05:16
500113034,68,44,18,2024-12-19 09:05:16
500104031,66,12,19,2024-12-19 09:43:15
500106121,49,27,21,2024-12-19 12:26:15
500101101,64,38,26,2024-12-19 09:09:15
500106017,55,27,28,2024-12-19 09:04:15
500101137,70,41,29,2024-12-19 12:07:16
500103011,64,33,29,2024-12-19 11:47:16
500113034,68,33,29,2024-12-19 10:47:16
500113044,53,23,29,2024-12-19 11:11:15
500103009,81,51,30,2024-12-19 12:37:15
500103011,64,32,30,2024-12-19 11:28:16
500104014,56,25,30,2024-12-19 09:04:14
500110005,77,47,30,2024-12-19 12:59:16
500112007,64,33,30,2024-12-19 09:08:15
500113044,53,22,30,2024-12-19 10:07:15
500106048,59,28,31,2024-12-19 11:57:16
500110005,77,46,31,2024-12-19 12:37:15
500110005,77,46,31,2024-12-19 11:25:15
500113044,53,20,31,2024-12-19 08:51:15
500104014,56,23,32,2024-12-19 09:27:15
500108028,49,16,32,2024-12-19 09:37:15
500110005,77,45,32,2024-12-19 09:47:15
500104014,56,22,33,2024-12-19 09:36:15
500110005,77,44,33,2024-12-19 09:26:15
500101132,54,20,34,2024-12-19 09:19:15
500112082,68,21,34,2024-12-19 10:23:15
500101166,54,19,35,2024-12-19 10:06:15
500112017,53,18,35,2024-12-19 11:28:16
500103024,57,21,36,2024-12-19 12:35:16
500105007,63,27,36,2024-12-19 11:54:15
500106006,55,19,36,2024-12-19 11:15:15
500101132,54,17,37,2024-12-19 10:07:16
500101169,49,12,37,2024-12-19 13:06:14
500105007,63,26,37,2024-12-19 12:57:15
500106067,68,31,37,2024-12-19 12:14:16
500109075,58,17,37,2024-12-19 10:38:15
500101132,54,16,38,2024-12-19 10:21:15
500101169,49,11,38,2024-12-19 10:48:15
500103009,81,43,38,2024-12-19 10:46:15
500101132,54,15,39,2024-12-19 11:12:15
500101169,49,10,39,2024-12-19 11:48:15
500104014,56,16,39,2024-12-19 10:26:14
500112029,63,20,39,2024-12-19 11:34:15
500112032,54,15,39,2024-12-19 11:37:15
500101101,64,24,40,2024-12-19 10:06:15
500101169,49,9,40,2024-12-19 12:36:15
500101169,49,9,40,2024-12-19 12:45:16
500106067,68,28,40,2024-12-19 11:48:15
500112022,56,16,40,2024-12-19 11:08:15
500112066,54,13,40,2024-12-19 09:01:15
500103009,81,40,41,2024-12-19 10:16:15
500105019,57,16,41,2024-12-19 10:57:15
500106067,68,27,41,2024-12-19 10:52:15
500111003,65,24,41,2024-12-19 12:46:15
500101101,64,22,42,2024-12-19 11:38:15
500101132,54,12,42,2024-12-19 11:53:16
500112022,56,14,42,2024-12-19 12:58:15
500101166,54,11,43,2024-12-19 11:58:16
500104014,56,12,43,2024-12-19 11:15:15
500101166,54,10,44,2024-12-19 11:21:15
500106067,68,24,44,2024-12-19 10:18:15
500106006,55,10,45,2024-12-19 11:53:16
500107062,49,4,45,2024-12-19 12:26:15
500112017,53,8,45,2024-12-19 10:46:15
500112029,63,13,46,2024-12-19 12:48:15
500113038,87,40,46,2024-12-19 12:41:15
500101169,49,2,47,2024-12-19 09:37:15
500112029,63,12,47,2024-12-19 09:07:15
500109027,58,6,48,2024-12-19 10:27:16
500101166,54,5,49,2024-12-19 12:19:16
500104091,70,20,49,2024-12-19 12:07:16
500109033,53,4,49,2024-12-19 10:02:14
500111002,56,6,49,2024-12-19 10:38:15
500103009,81,31,50,2024-12-19 11:48:15
500104091,70,19,50,2024-12-19 10:47:16
500104091,70,18,51,2024-12-19 11:25:15
500109033,53,2,51,2024-12-19 09:54:15
500112032,54,2,52,2024-12-19 12:37:15
500119048,53,1,52,2024-12-19 12:52:15
500104091,70,16,53,2024-12-19 12:45:16
500104091,70,16,53,2024-12-19 10:18:15
500109033,53,0,53,2024-12-19 09:47:15
500112049,70,17,53,2024-12-19 12:28:15
500119048,53,0,53,2024-12-19 11:48:15
500119059,68,15,53,2024-12-19 10:32:15
500106014,58,3,55,2024-12-19 11:56:16
500112085,92,36,55,2024-12-19 13:07:15
500113038,87,31,55,2024-12-19 10:22:16
500109032,70,14,56,2024-12-19 09:34:15
500112045,56,0,56,2024-12-19 12:34:15
500112049,70,14,56,2024-12-19 10:37:16
500112085,92,35,56,2024-12-19 10:28:15
500101032,61,4,57,2024-12-19 12:19:16
500101144,69,11,58,2024-12-19 09:53:15
500106048,59,1,58,2024-12-19 12:35:16
500106048,59,1,58,2024-12-19 12:58:15
500107028,75,15,60,2024-12-19 10:50:16
500112049,70,10,60,2024-12-19 12:02:15
500112035,96,35,61,2024-12-19 12:53:15
500109011,71,9,62,2024-12-19 10:14:15
500119059,68,6,62,2024-12-19 12:46:15
500109011,71,7,64,2024-12-19 11:58:16
500111013,73,7,66,2024-12-19 09:07:15
500112035,96,30,66,2024-12-19 10:07:16
500101144,69,2,67,2024-12-19 10:44:16
500109032,70,3,67,2024-12-19 11:58:16
500109032,70,3,67,2024-12-19 11:13:15
500119059,68,1,67,2024-12-19 11:57:15
500111013,73,5,68,2024-12-19 11:37:15
500111013,73,3,70,2024-12-19 11:18:16
500112035,96,12,84,2024-12-19 09:09:15
500119006,92,1,91,2024-12-19 09:44:15
500119006,92,1,91,2024-12-19 09:56:16
500119006,92,0,92,2024-12-19 12:28:15
500112017,53,41,12,2024-12-19 04:17:15
500101012,8,8,0,2024-12-19 18:35:17
500101012,8,8,0,2024-12-19 18:44:15
500101016,8,8,0,2024-12-19 17:42:17
500104097,8,8,0,2024-12-19 20:39:16
500111005,53,53,0,2024-12-19 18:45:16
500112043,65,65,0,2024-12-19 19:27:16
500101016,8,7,1,2024-12-19 19:29:14
500101018,5,4,1,2024-12-19 18:43:15
500101108,9,8,1,2024-12-19 20:06:14
500119048,53,52,1,2024-12-19 18:16:15
500101016,8,6,2,2024-12-19 17:38:16
500101021,7,5,2,2024-12-19 17:26:15
500101108,9,7,2,2024-12-19 20:47:15
500101016,8,5,3,2024-12-19 20:38:15
500101021,7,4,3,2024-12-19 18:31:15
500104097,8,5,3,2024-12-19 19:35:16
500113068,64,59,5,2024-12-19 19:19:14
500113068,64,59,5,2024-12-19 19:48:15
500106093,9,3,6,2024-12-19 19:38:14
500106093,9,2,7,2024-12-19 17:38:15
500101137,70,61,9,2024-12-19 20:35:16
500101169,49,40,9,2024-12-19 18:36:16
500106093,9,0,9,2024-12-19 19:18:15
500113044,53,43,9,2024-12-19 21:02:15
500106067,68,58,10,2024-12-19 20:13:15
500110014,66,46,10,2024-12-19 19:49:15
500104031,66,36,11,2024-12-19 19:38:14
500110014,66,45,11,2024-12-19 19:58:15
500112043,65,54,11,2024-12-19 20:33:15
500112082,68,57,11,2024-12-19 21:08:15
500113044,53,41,11,2024-12-19 18:24:15
500106067,68,56,12,2024-12-19 19:47:15
500101137,70,57,13,2024-12-19 20:58:14
500110014,66,43,13,2024-12-19 20:49:15
500101137,70,56,14,2024-12-19 19:38:15
500106067,68,52,16,2024-12-19 18:17:15
500107035,59,42,17,2024-12-19 20:45:16
500112085,92,75,17,2024-12-19 19:34:15
500107035,59,41,18,2024-12-19 21:09:15
500111003,65,47,18,2024-12-19 19:29:14
500106067,68,49,19,2024-12-19 19:17:15
500107062,49,30,19,2024-12-19 18:36:16
500112017,53,34,19,2024-12-19 20:09:15
500119068,66,33,19,2024-12-19 18:08:16
500106067,68,48,20,2024-12-19 18:55:17
500112017,53,33,20,2024-12-19 20:13:15
500108028,49,27,21,2024-12-19 18:48:15
500101137,70,48,22,2024-12-19 18:06:15
500104014,56,33,22,2024-12-19 21:04:15
500107035,59,37,22,2024-12-19 17:47:16
500109075,58,32,22,2024-12-19 20:27:15
500119077,56,33,23,2024-12-19 20:59:15
500104014,56,31,24,2024-12-19 19:28:15
500104014,56,31,24,2024-12-19 21:20:16
500109075,58,24,24,2024-12-19 17:59:15
500112017,53,29,24,2024-12-19 19:37:16
500112049,70,46,24,2024-12-19 17:59:15
500111003,65,40,25,2024-12-19 17:58:16
500108028,49,22,26,2024-12-19 20:29:15
500119068,66,19,26,2024-12-19 17:38:16
500113044,53,25,27,2024-12-19 17:27:16
500110065,55,27,28,2024-12-19 18:48:15
500101144,69,40,29,2024-12-19 19:38:15
500104031,66,18,29,2024-12-19 19:19:15
500109032,70,41,29,2024-12-19 21:09:16
500110065,55,26,29,2024-12-19 19:44:15
500101166,54,24,30,2024-12-19 17:38:16
500106014,58,25,30,2024-12-19 21:19:16
500107024,61,31,30,2024-12-19 17:59:15
500109027,58,24,30,2024-12-19 18:55:17
500112029,63,33,30,2024-12-19 18:46:15
500109011,71,40,31,2024-12-19 18:03:15
500109027,58,23,31,2024-12-19 18:48:15
500109032,70,39,31,2024-12-19 18:38:16
500104014,56,23,32,2024-12-19 17:59:14
500110065,55,23,32,2024-12-19 19:56:15
500112049,70,38,32,2024-12-19 18:08:16
500109027,58,24,33,2024-12-19 21:06:15
500110065,55,22,33,2024-12-19 18:58:16
500112022,56,23,33,2024-12-19 17:33:16
500106121,49,14,34,2024-12-19 19:17:15
500110065,55,21,34,2024-12-19 18:29:16
500112085,92,58,34,2024-12-19 18:18:16
500106055,81,46,35,2024-12-19 19:47:15
500109033,53,18,35,2024-12-19 20:59:15
500111013,73,38,35,2024-12-19 20:58:14
500112049,70,35,35,2024-12-19 17:28:15
500112082,68,20,35,2024-12-19 18:18:16
500110065,55,19,36,2024-12-19 21:14:15
500109033,53,16,37,2024-12-19 18:04:16
500113034,68,25,37,2024-12-19 17:25:16
500107028,75,37,38,2024-12-19 19:38:15
500109033,53,15,38,2024-12-19 18:23:16
500112066,54,15,38,2024-12-19 20:05:16
500112066,54,14,39,2024-12-19 19:59:16
500103011,64,24,40,2024-12-19 17:43:16
500109027,58,14,40,2024-12-19 17:57:15
500113034,68,22,40,2024-12-19 17:37:16
500104030,49,7,41,2024-12-19 20:58:15
500104091,70,28,41,2024-12-19 21:18:14
500106014,58,17,41,2024-12-19 17:45:16
500112045,56,15,41,2024-12-19 20:56:15
500106006,55,13,42,2024-12-19 19:59:15
500112045,56,14,42,2024-12-19 20:48:15
500119068,66,24,42,2024-12-19 20:27:14
500101144,69,26,43,2024-12-19 17:59:15
500106006,55,12,43,2024-12-19 20:39:16
500106006,55,12,43,2024-12-19 18:35:16
500107028,75,32,43,2024-12-19 20:09:15
500112032,54,11,43,2024-12-19 20:27:15
500101144,69,25,44,2024-12-19 18:36:16
500101166,54,10,44,2024-12-19 20:48:15
500112032,54,10,44,2024-12-19 19:13:15
500112045,56,12,44,2024-12-19 20:29:15
500101132,54,8,46,2024-12-19 19:49:15
500111013,73,27,46,2024-12-19 18:36:16
500101032,61,14,47,2024-12-19 19:49:15
500104030,49,1,47,2024-12-19 20:06:15
500112017,53,6,47,2024-12-19 17:27:16
500112032,54,7,47,2024-12-19 20:38:15
500113038,87,39,47,2024-12-19 18:18:16
500111002,56,5,51,2024-12-19 18:33:16
500108044,73,21,52,2024-12-19 17:58:15
500112007,64,11,52,2024-12-19 21:09:16
500113038,87,35,52,2024-12-19 20:55:16
500101101,64,11,53,2024-12-19 17:28:15
500106006,55,2,53,2024-12-19 20:59:15
500103024,57,3,54,2024-12-19 18:29:16
500105007,63,9,54,2024-12-19 17:48:15
500105007,63,9,54,2024-12-19 21:06:14
500105007,63,7,56,2024-12-19 17:57:14
500106048,59,3,56,2024-12-19 21:16:17
500112045,56,0,56,2024-12-19 18:26:16
500103024,57,0,57,2024-12-19 19:41:16
500101101,64,3,61,2024-12-19 18:57:15
500119059,68,7,61,2024-12-19 18:35:16
500108044,73,8,65,2024-12-19 18:46:15
500108044,73,6,67,2024-12-19 20:08:15
500110005,77,9,68,2024-12-19 20:25:15
500110005,77,1,76,2024-12-19 18:29:16
500119006,92,13,79,2024-12-19 17:56:16
500112035,96,12,83,2024-12-19 19:02:16
500119006,92,7,85,2024-12-19 18:18:16
500112035,96,7,88,2024-12-19 18:58:16
500101018,5,5,0,2024-12-19 17:13:16
500119068,66,45,0,2024-12-19 13:28:16
500119077,56,55,1,2024-12-19 16:18:16
500101018,5,2,3,2024-12-19 16:13:15
500106121,49,45,3,2024-12-19 15:48:15
500111005,53,50,3,2024-12-19 15:24:15
500101021,7,3,4,2024-12-19 15:19:15
500106121,49,44,4,2024-12-19 14:52:15
500101012,8,3,5,2024-12-19 16:44:15
500101013,9,4,5,2024-12-19 14:47:15
500106121,49,43,5,2024-12-19 15:58:15
500106121,49,43,5,2024-12-19 15:12:15
500101016,8,2,6,2024-12-19 17:05:17
500110065,55,49,6,2024-12-19 14:15:16
500106093,9,2,7,2024-12-19 17:09:15
500107024,61,36,7,2024-12-19 13:46:16
500101012,8,0,8,2024-12-19 14:14:15
500112007,64,55,8,2024-12-19 14:48:15
500119077,56,48,8,2024-12-19 14:03:16
500112007,64,54,9,2024-12-19 15:05:16
500107035,59,49,10,2024-12-19 15:49:14
500110065,55,45,10,2024-12-19 17:08:16
500119077,56,46,10,2024-12-19 13:21:15
500106055,81,69,12,2024-12-19 14:52:16
500106121,49,36,12,2024-12-19 16:58:15
500112066,54,41,12,2024-12-19 16:04:15
500104031,66,23,13,2024-12-19 16:05:16
500107024,61,30,13,2024-12-19 15:54:15
500112066,54,40,13,2024-12-19 13:13:14
500112082,68,41,14,2024-12-19 13:54:15
500101137,70,55,15,2024-12-19 14:25:16
500109075,58,33,15,2024-12-19 16:38:15
500103011,64,48,16,2024-12-19 16:28:15
500112082,68,38,17,2024-12-19 14:17:15
500112029,63,44,19,2024-12-19 17:08:16
500112017,53,33,20,2024-12-19 13:58:16
500104091,70,48,21,2024-12-19 16:46:15
500106121,49,27,21,2024-12-19 17:07:15
500109075,58,26,22,2024-12-19 17:05:17
500112032,54,31,23,2024-12-19 15:48:15
500112032,54,31,23,2024-12-19 14:38:15
500107024,61,19,24,2024-12-19 17:08:16
500104091,70,44,25,2024-12-19 15:28:14
500106017,55,30,25,2024-12-19 15:25:15
500113068,64,39,25,2024-12-19 14:41:15
500113044,53,26,26,2024-12-19 16:39:15
500106017,55,28,27,2024-12-19 13:26:15
500112082,68,28,27,2024-12-19 16:57:15
500111003,65,37,28,2024-12-19 14:54:15
500103024,57,28,29,2024-12-19 14:17:15
500110005,77,48,29,2024-12-19 13:53:14
500119048,53,24,29,2024-12-19 16:58:15
500107062,49,17,32,2024-12-19 17:12:15
500109075,58,15,33,2024-12-19 16:03:15
500101032,61,27,34,2024-12-19 14:08:15
500119048,53,18,35,2024-12-19 16:24:15
500104030,49,12,36,2024-12-19 13:18:14
500105007,63,27,36,2024-12-19 15:35:16
500108028,49,12,36,2024-12-19 16:38:15
500108028,49,12,36,2024-12-19 14:28:15
500104014,56,17,38,2024-12-19 13:31:15
500119059,68,29,39,2024-12-19 16:05:16
500101169,49,9,40,2024-12-19 16:27:16
500101169,49,9,40,2024-12-19 13:55:16
500104014,56,15,40,2024-12-19 17:08:16
500109027,58,13,41,2024-12-19 13:34:15
500112022,56,15,41,2024-12-19 16:08:16
500119048,53,12,41,2024-12-19 15:57:15
500101032,61,19,42,2024-12-19 14:47:15
500109027,58,12,42,2024-12-19 16:17:15
500111003,65,23,42,2024-12-19 13:54:15
500112022,56,14,42,2024-12-19 16:22:16
500112029,63,17,42,2024-12-19 13:45:16
500105019,57,14,43,2024-12-19 14:45:15
500113034,68,19,43,2024-12-19 15:18:15
500101132,54,10,44,2024-12-19 13:45:16
500104014,56,11,44,2024-12-19 16:28:15
500112029,63,15,44,2024-12-19 13:19:15
500104014,56,10,45,2024-12-19 15:48:15
500107028,75,30,45,2024-12-19 16:26:15
500107028,75,30,45,2024-12-19 15:07:15
500101132,54,8,46,2024-12-19 15:07:15
500106048,59,13,46,2024-12-19 16:03:15
500109033,53,7,46,2024-12-19 16:36:15
500105007,63,16,47,2024-12-19 17:06:16
500106048,59,11,48,2024-12-19 15:45:15
500112045,56,8,48,2024-12-19 16:57:16
500106014,58,9,49,2024-12-19 17:18:16
500109011,71,22,49,2024-12-19 15:33:15
500112049,70,21,49,2024-12-19 13:36:15
500112035,96,46,50,2024-12-19 15:16:15
500106048,59,8,51,2024-12-19 16:46:15
500107028,75,23,52,2024-12-19 14:05:15
500111002,56,4,52,2024-12-19 13:27:15
500112049,70,18,52,2024-12-19 13:25:16
500119048,53,0,53,2024-12-19 14:28:16
500112045,56,2,54,2024-12-19 15:16:15
500112049,70,16,54,2024-12-19 13:55:16
500112085,92,37,54,2024-12-19 14:28:15
500112085,92,37,54,2024-12-19 14:31:15
500119059,68,14,54,2024-12-19 14:25:16
500106006,55,0,55,2024-12-19 13:58:16
500109032,70,15,55,2024-12-19 16:38:15
500111013,73,16,57,2024-12-19 16:26:15
500109032,70,12,58,2024-12-19 15:53:14
500106048,59,0,59,2024-12-19 17:08:16
500112035,96,37,59,2024-12-19 16:28:15
500109032,70,10,60,2024-12-19 14:58:15
500119059,68,8,60,2024-12-19 14:04:15
500112035,96,35,61,2024-12-19 13:16:15
500119059,68,6,62,2024-12-19 13:35:15
500101101,64,1,63,2024-12-19 14:08:15
500112035,96,26,70,2024-12-19 17:08:16
500119006,92,1,91,2024-12-19 13:33:15
500119006,92,0,92,2024-12-19 14:29:15
500101101,64,37,26,2024-12-19 02:56:15
500119059,68,6,62,2024-12-19 21:40:16
500112029,63,23,40,2024-12-19 21:43:15
500111013,73,29,44,2024-12-19 21:49:15
500112017,53,37,16,2024-12-19 21:49:15
500112082,68,38,30,2024-12-19 21:48:16
500110014,66,42,14,2024-12-19 21:44:15
500113034,68,57,5,2024-12-19 21:46:15
500101013,9,7,1,2024-12-19 05:15:15
500101018,5,4,1,2024-12-19 05:42:15
500108028,49,47,1,2024-12-19 07:47:15
500112017,53,52,1,2024-12-19 07:26:14
500101169,49,45,3,2024-12-19 04:55:16
500101013,9,4,4,2024-12-19 07:31:16
500101169,49,44,4,2024-12-19 05:13:15
500101169,49,44,4,2024-12-19 07:17:14
500101018,5,0,5,2024-12-19 08:23:15
500101021,7,1,5,2024-12-19 08:27:16
500104097,8,3,5,2024-12-19 07:12:15
500113034,68,58,5,2024-12-19 04:48:15
500101013,9,1,7,2024-12-19 08:46:15
500106093,9,2,7,2024-12-19 07:18:15
500109027,58,47,7,2024-12-19 06:45:16
500101108,9,1,8,2024-12-19 08:36:17
500104084,9,1,8,2024-12-19 08:37:16
500106093,9,1,8,2024-12-19 07:28:15
500106121,49,38,11,2024-12-19 07:57:16
500108028,49,37,11,2024-12-19 08:35:16
500101144,69,57,12,2024-12-19 07:27:15
500103011,64,49,13,2024-12-19 07:37:15
500101101,64,49,14,2024-12-19 08:47:15
500101144,69,55,14,2024-12-19 06:45:16
500101144,69,55,14,2024-12-19 05:39:15
500112007,64,49,14,2024-12-19 08:27:16
500112007,64,49,14,2024-12-19 07:47:15
500112022,56,42,14,2024-12-19 05:09:15
500104031,66,16,15,2024-12-19 08:36:15
500112007,64,48,15,2024-12-19 08:17:15
500106014,58,34,16,2024-12-19 06:51:15
500109032,70,53,17,2024-12-19 05:58:15
500112045,56,39,17,2024-12-19 07:17:14
500103011,64,44,18,2024-12-19 07:27:15
500107062,49,31,18,2024-12-19 07:55:17
500108028,49,29,19,2024-12-19 04:59:14
500103024,57,35,20,2024-12-19 08:37:15
500103024,57,35,20,2024-12-19 08:57:15
500108044,73,52,21,2024-12-19 08:17:15
500106014,58,28,22,2024-12-19 07:17:14
500104014,56,31,24,2024-12-19 06:05:15
500111005,53,29,24,2024-12-19 08:36:15
500106006,55,30,25,2024-12-19 08:57:15
500113068,64,39,25,2024-12-19 07:26:15
500101101,64,35,26,2024-12-19 05:38:14
500101166,54,28,26,2024-12-19 07:57:15
500106017,55,29,26,2024-12-19 08:46:15
500112022,56,30,26,2024-12-19 06:47:15
500109075,58,27,27,2024-12-19 08:15:16
500110065,55,28,27,2024-12-19 07:57:16
500111005,53,25,28,2024-12-19 07:33:15
500101144,69,39,30,2024-12-19 08:37:15
500107028,75,45,30,2024-12-19 07:16:15
500101166,54,23,31,2024-12-19 06:37:15
500109027,58,23,31,2024-12-19 07:46:15
500101132,54,21,33,2024-12-19 07:55:17
500106017,55,22,33,2024-12-19 07:47:15
500101137,70,36,34,2024-12-19 08:16:15
500107028,75,41,34,2024-12-19 08:17:15
500110014,66,30,34,2024-12-19 08:02:15
500112082,68,34,34,2024-12-19 08:27:16
500111013,73,38,35,2024-12-19 08:16:15
500112022,56,19,37,2024-12-19 07:25:15
500106048,59,21,38,2024-12-19 08:02:15
500103009,81,37,42,2024-12-19 08:36:15
500105019,57,15,42,2024-12-19 08:15:16
500105019,57,15,42,2024-12-19 07:13:15
500106055,81,36,43,2024-12-19 08:36:15
500107028,75,32,43,2024-12-19 08:37:15
500107035,59,15,43,2024-12-19 08:46:14
500111002,56,12,43,2024-12-19 07:20:16
500112032,54,11,43,2024-12-19 08:02:15
500109032,70,26,44,2024-12-19 08:36:15
500110014,66,20,44,2024-12-19 08:17:15
500106048,59,14,45,2024-12-19 07:47:15
500106067,68,21,45,2024-12-19 06:35:15
500112032,54,9,45,2024-12-19 08:46:15
500109033,53,7,46,2024-12-19 07:26:15
500112032,54,6,48,2024-12-19 05:57:14
500103009,81,30,49,2024-12-19 07:37:15
500104031,66,15,49,2024-12-19 06:37:15
500106055,81,30,49,2024-12-19 08:46:15
500112032,54,5,49,2024-12-19 06:46:15
500109033,53,2,51,2024-12-19 08:24:15
500109033,53,2,51,2024-12-19 08:54:15
500110065,55,4,51,2024-12-19 06:32:15
500111003,65,14,51,2024-12-19 07:47:15
500111003,65,14,51,2024-12-19 06:27:15
500112082,68,17,51,2024-12-19 07:45:16
500113038,87,33,51,2024-12-19 08:46:15
500119068,66,15,51,2024-12-19 08:09:15
500111003,65,13,52,2024-12-19 07:27:15
500112007,64,11,52,2024-12-19 05:06:15
500119006,92,40,52,2024-12-19 08:01:14
500119048,53,1,52,2024-12-19 08:09:15
500106055,81,26,53,2024-12-19 07:55:17
500111003,65,12,53,2024-12-19 06:09:15
500112082,68,14,54,2024-12-19 07:27:15
500105007,63,8,55,2024-12-19 06:44:15
500106055,81,24,55,2024-12-19 07:47:15
500108044,73,18,55,2024-12-19 06:54:15
500112029,63,4,55,2024-12-19 08:57:15
500106055,81,21,58,2024-12-19 07:34:15
500108044,73,15,58,2024-12-19 07:27:15
500104091,70,10,59,2024-12-19 07:26:15
500104091,70,10,59,2024-12-19 08:02:15
500105007,63,2,61,2024-12-19 05:47:15
500109011,71,10,61,2024-12-19 06:15:15
500106055,81,17,62,2024-12-19 07:16:15
500112082,68,5,63,2024-12-19 06:52:15
500106055,81,12,67,2024-12-19 05:33:15
500112035,96,9,87,2024-12-19 07:27:15
500112035,96,9,87,2024-12-19 07:36:15
500112035,96,5,91,2024-12-19 08:57:15
500104091,70,5,64,2024-12-19 23:28:15
500101108,9,9,0,2024-12-19 00:16:15
500103009,81,16,65,2024-12-19 00:28:15
500103024,57,19,38,2024-12-19 00:16:15
500104091,70,2,67,2024-12-19 00:52:15
500110014,66,31,35,2024-12-19 00:13:15
500113038,87,0,85,2024-12-19 00:41:15
500101169,49,10,39,2024-12-19 23:49:15
500109075,58,27,31,2024-12-19 23:49:15
500113044,53,43,9,2024-12-19 23:49:15
500101101,64,27,36,2024-12-19 00:07:15
500101108,9,8,1,2024-12-19 00:40:17
500101169,49,18,30,2024-12-19 00:04:16
500101169,49,10,38,2024-12-19 00:51:14
500107062,49,7,42,2024-12-19 00:00:16
500112007,64,19,42,2024-12-19 00:33:15
500112022,56,47,9,2024-12-19 00:12:14
500113044,53,44,8,2024-12-19 23:55:16
500105019,57,2,55,2024-12-19 23:58:14
500101018,5,4,1,2024-12-19 22:59:15
500106093,9,7,2,2024-12-19 23:02:14
500104014,56,41,14,2024-12-19 23:58:14
500109027,58,41,11,2024-12-19 01:06:15
500113044,53,41,12,2024-12-19 00:12:14
500101012,8,3,5,2024-12-19 00:14:14
500111013,73,5,68,2024-12-19 01:03:15
500101013,9,8,1,2024-12-19 00:46:15
500106017,55,13,42,2024-12-19 00:15:15
500106017,55,1,54,2024-12-19 23:18:15
500101012,8,3,5,2024-12-19 23:18:15
500106121,49,3,45,2024-12-19 23:11:14
500112082,68,22,46,2024-12-19 23:19:15
500109027,58,38,19,2024-12-19 23:15:15
500106055,81,38,43,2024-12-19 23:05:15
500104014,56,39,16,2024-12-19 22:46:15
500106121,49,1,47,2024-12-19 22:29:14
500110005,77,2,75,2024-12-19 22:19:15
500101108,9,3,6,2024-12-19 22:38:15
500104091,70,5,64,2024-12-19 22:38:14
500119068,66,6,60,2024-12-19 22:36:14
500101101,64,8,56,2024-12-19 22:39:15
500104084,9,9,0,2024-12-19 22:01:17
500113068,64,14,50,2024-12-19 22:39:15
500119048,53,42,11,2024-12-19 22:38:15
500103024,57,2,55,2024-12-19 21:39:15
500110005,77,2,75,2024-12-19 21:38:15
500101132,54,5,49,2024-12-19 21:34:15
500119059,68,5,63,2024-12-19 21:38:14
500111003,65,35,30,2024-12-19 21:39:15
500112082,68,0,68,2024-12-19 03:00:18
500119059,68,2,66,2024-12-19 02:16:15
500109011,71,9,62,2024-12-19 01:33:15
500101166,54,20,34,2024-12-19 03:07:15
500113044,53,40,12,2024-12-19 03:01:16
500110005,77,6,71,2024-12-19 03:38:15
500112085,92,33,58,2024-12-19 04:18:14
500110005,77,2,75,2024-12-19 22:08:16
500112032,54,35,19,2024-12-19 22:06:15
500101032,61,50,11,2024-12-19 22:07:15
500112007,64,7,56,2024-12-19 01:24:14
500113034,68,57,6,2024-12-19 01:21:15
500113068,64,27,37,2024-12-19 21:58:14
500112043,65,34,31,2024-12-19 21:57:15
500101032,61,48,13,2024-12-19 21:58:14
500106067,68,61,7,2024-12-19 21:58:15
500101137,70,30,40,2024-12-19 03:41:15
500112082,68,21,47,2024-12-19 23:55:16
500101032,61,61,0,2024-12-19 23:59:15
500112043,65,10,55,2024-12-19 01:04:14
500101144,69,11,58,2024-12-19 01:05:16
500101169,49,12,36,2024-12-19 01:04:14
500107024,61,3,58,2024-12-19 01:47:15
500106067,68,15,52,2024-12-19 01:47:15
500112066,54,5,48,2024-12-19 02:24:14
500113038,87,5,80,2024-12-19 02:26:15
500101169,49,8,41,2024-12-19 22:49:15
500112043,65,34,31,2024-12-19 22:46:15
500110065,55,2,53,2024-12-19 04:29:15
500101144,69,40,29,2024-12-19 04:36:15
500101169,49,43,5,2024-12-19 04:36:15
500109027,58,51,1,2024-12-19 04:35:15
500106017,55,4,51,2024-12-19 23:08:15
500101166,54,16,38,2024-12-19 23:08:15
500109032,70,41,28,2024-12-19 22:59:15
500106067,68,60,7,2024-12-19 23:09:15
500106121,49,1,47,2024-12-19 22:19:15
500103009,81,19,62,2024-12-19 22:17:15
500109011,71,23,48,2024-12-19 22:10:17
500111013,73,23,50,2024-12-19 22:13:15
500111003,65,27,38,2024-12-19 22:11:15
500109075,58,37,21,2024-12-19 22:19:15
500110014,66,40,16,2024-12-19 22:19:15
500112007,64,8,55,2024-12-19 03:55:15
500106006,55,11,44,2024-12-19 03:54:15
500112017,53,38,15,2024-12-19 03:56:14
500112082,68,24,44,2024-12-19 22:25:16
500101013,9,8,1,2024-12-19 22:55:16
500111013,73,21,52,2024-12-19 22:50:16
500113038,87,2,83,2024-12-19 01:52:15
500106017,55,0,55,2024-12-19 23:26:15
500112035,96,1,94,2024-12-19 23:30:16
500112032,54,21,32,2024-12-19 23:25:16
500101018,5,5,0,2024-12-19 12:41:16
500101018,5,4,1,2024-12-19 12:33:15
500106093,9,8,1,2024-12-19 09:45:15
500106093,9,7,2,2024-12-19 11:48:16
500106093,9,7,2,2024-12-19 10:37:16
500101018,5,2,3,2024-12-19 09:46:16
500110065,55,52,3,2024-12-19 09:07:15
500113068,64,61,3,2024-12-19 12:46:15
500101021,7,2,4,2024-12-19 12:57:15
500101013,9,3,5,2024-12-19 09:09:15
500101013,9,3,5,2024-12-19 11:48:15
500101018,5,0,5,2024-12-19 08:37:16
500101021,7,1,5,2024-12-19 12:30:16
500101021,7,1,5,2024-12-19 10:06:15
500104031,66,31,5,2024-12-19 12:51:14
500104084,9,4,5,2024-12-19 10:43:16
500101012,8,2,6,2024-12-19 11:58:15
500101021,7,0,6,2024-12-19 09:36:15
500101108,9,3,6,2024-12-19 09:04:14
500110065,55,49,6,2024-12-19 12:38:15
500101013,9,1,7,2024-12-19 09:47:15
500104097,8,1,7,2024-12-19 11:19:15
500108044,73,66,7,2024-12-19 11:18:16
500110065,55,48,7,2024-12-19 12:44:14
500101012,8,0,8,2024-12-19 11:13:15
500101108,9,1,8,2024-12-19 09:57:15
500101137,70,62,8,2024-12-19 13:08:15
500101108,9,0,9,2024-12-19 09:43:16
500107024,61,33,10,2024-12-19 09:37:15
500110065,55,45,10,2024-12-19 12:19:16
500108044,73,61,12,2024-12-19 12:48:15
500110065,55,42,13,2024-12-19 11:28:15
500106048,59,44,15,2024-12-19 10:38:15
500110014,66,27,16,2024-12-19 11:48:15
500111005,53,37,16,2024-12-19 09:31:15
500112066,54,36,17,2024-12-19 11:46:15
500113034,68,42,20,2024-12-19 10:06:15
500104031,66,15,21,2024-12-19 11:36:15
500113034,68,41,21,2024-12-19 09:22:15
500119068,66,27,22,2024-12-19 09:46:16
500112017,53,30,23,2024-12-19 12:28:15
500112082,68,43,25,2024-12-19 09:43:15
500103024,57,28,27,2024-12-19 09:50:16
500108028,49,21,27,2024-12-19 09:07:15
500106017,55,26,29,2024-12-19 10:07:16
500113044,53,22,29,2024-12-19 09:27:15
500103011,64,32,30,2024-12-19 11:07:16
500106006,55,25,30,2024-12-19 09:09:15
500110005,77,47,30,2024-12-19 10:56:15
500106006,55,24,31,2024-12-19 10:57:15
500110005,77,46,31,2024-12-19 12:27:15
500110005,77,46,31,2024-12-19 12:54:15
500110005,77,46,31,2024-12-19 12:04:16
500101137,70,38,32,2024-12-19 11:28:15
500103009,81,49,32,2024-12-19 12:28:15
500110005,77,45,32,2024-12-19 09:07:15
500110005,77,45,32,2024-12-19 10:36:14
500110005,77,44,33,2024-12-19 09:37:15
500110005,77,44,33,2024-12-19 12:16:15
500110005,77,44,33,2024-12-19 10:18:15
500101132,54,20,34,2024-12-19 09:55:17
500101137,70,36,34,2024-12-19 09:07:15
500101137,70,36,34,2024-12-19 10:02:15
500103024,57,23,34,2024-12-19 12:46:15
500119077,56,22,34,2024-12-19 09:12:16
500103024,57,22,35,2024-12-19 12:26:15
500112032,54,18,36,2024-12-19 10:44:16
500101101,64,27,37,2024-12-19 10:57:15
500106055,81,41,38,2024-12-19 09:07:15
500108028,49,10,38,2024-12-19 12:43:15
500108028,49,10,38,2024-12-19 11:18:16
500112029,63,21,38,2024-12-19 11:28:15
500109075,58,15,39,2024-12-19 10:48:15
500101101,64,24,40,2024-12-19 11:26:15
500101169,49,9,40,2024-12-19 11:05:17
500104014,56,15,40,2024-12-19 11:03:16
500101101,64,23,41,2024-12-19 11:18:16
500101132,54,13,41,2024-12-19 11:34:15
500105019,57,16,41,2024-12-19 12:59:16
500105019,57,16,41,2024-12-19 09:27:15
500101101,64,22,42,2024-12-19 10:15:16
500101166,54,12,42,2024-12-19 11:07:16
500104014,56,13,42,2024-12-19 11:57:16
500106067,68,26,42,2024-12-19 10:45:16
500111003,65,23,42,2024-12-19 13:08:15
500101132,54,11,43,2024-12-19 12:17:16
500101169,49,6,43,2024-12-19 10:38:15
500106006,55,12,43,2024-12-19 11:48:15
500112022,56,13,43,2024-12-19 10:15:16
500112045,56,13,43,2024-12-19 11:01:17
500104014,56,11,44,2024-12-19 11:47:16
500107062,49,5,44,2024-12-19 10:15:16
500112045,56,12,44,2024-12-19 10:56:15
500101144,69,24,45,2024-12-19 09:09:15
500101169,49,3,46,2024-12-19 09:26:15
500109027,58,8,46,2024-12-19 12:49:15
500112029,63,13,46,2024-12-19 12:07:16
500112032,54,8,46,2024-12-19 09:27:15
500112029,63,12,47,2024-12-19 12:28:15
500101169,49,1,48,2024-12-19 10:07:16
500109027,58,5,49,2024-12-19 10:56:14
500103009,81,29,50,2024-12-19 09:07:15
500106006,55,5,50,2024-12-19 12:48:15
500107035,59,9,50,2024-12-19 11:28:16
500111002,56,5,50,2024-12-19 10:21:15
500112035,96,46,50,2024-12-19 11:47:16
500104091,70,18,51,2024-12-19 11:57:16
500109027,58,3,51,2024-12-19 11:41:15
500112017,53,2,51,2024-12-19 09:52:14
500111003,65,13,52,2024-12-19 11:05:17
500119048,53,1,52,2024-12-19 11:27:15
500112022,56,3,53,2024-12-19 09:35:16
500112085,92,38,53,2024-12-19 09:57:15
500109011,71,17,54,2024-12-19 12:46:15
500109027,58,0,54,2024-12-19 11:17:15
500109011,71,16,55,2024-12-19 12:54:15
500119059,68,13,55,2024-12-19 10:45:16
500119059,68,13,55,2024-12-19 11:01:17
500112085,92,35,56,2024-12-19 12:54:15
500107035,59,2,57,2024-12-19 11:48:15
500112049,70,13,57,2024-12-19 10:43:16
500119059,68,11,57,2024-12-19 10:56:15
500101032,61,3,58,2024-12-19 11:27:15
500109011,71,13,58,2024-12-19 09:27:15
500112049,70,12,58,2024-12-19 11:27:15
500107028,75,16,59,2024-12-19 11:38:15
500112049,70,11,59,2024-12-19 10:27:15
500101032,61,0,60,2024-12-19 09:36:15
500101032,61,0,61,2024-12-19 11:33:17
500119059,68,7,61,2024-12-19 09:37:15
500109011,71,8,63,2024-12-19 11:44:15
500111013,73,10,63,2024-12-19 12:47:15
500109032,70,5,65,2024-12-19 12:56:15
500119059,68,3,65,2024-12-19 11:27:15
500111013,73,7,66,2024-12-19 12:34:14
500112049,70,4,66,2024-12-19 09:47:15
500111013,73,5,68,2024-12-19 11:47:16
500119006,92,4,88,2024-12-19 12:37:15
500119006,92,0,92,2024-12-19 12:08:15
500112082,68,1,67,2024-12-19 04:10:17
500101013,9,6,2,2024-12-19 04:17:15
500101137,70,41,29,2024-12-19 04:17:15
500101016,8,8,0,2024-12-19 18:40:20
500101018,5,5,0,2024-12-19 17:48:15
500101018,5,5,0,2024-12-19 17:56:15
500101021,7,7,0,2024-12-19 18:07:16
500111005,53,53,0,2024-12-19 18:59:16
500112043,65,65,0,2024-12-19 18:45:16
500101013,9,8,1,2024-12-19 18:38:15
500101016,8,7,1,2024-12-19 20:28:15
500101108,9,8,1,2024-12-19 18:46:15
500101013,9,7,2,2024-12-19 19:06:16
500101013,9,7,2,2024-12-19 21:16:17
500113068,64,62,2,2024-12-19 18:54:16
500101108,9,6,3,2024-12-19 19:38:15
500119048,53,50,3,2024-12-19 19:19:16
500101021,7,3,4,2024-12-19 20:05:16
500101021,7,3,4,2024-12-19 19:37:16
500104097,8,4,4,2024-12-19 20:14:15
500101021,7,2,5,2024-12-19 20:12:15
500104097,8,3,5,2024-12-19 20:11:16
500101108,9,3,6,2024-12-19 17:57:15
500104084,9,3,6,2024-12-19 20:27:15
500109075,58,42,6,2024-12-19 18:18:15
500101021,7,0,7,2024-12-19 21:09:15
500106093,9,1,8,2024-12-19 18:34:16
500110014,66,48,8,2024-12-19 19:38:15
500110014,66,48,8,2024-12-19 21:07:16
500112022,56,48,8,2024-12-19 20:09:15
500113068,64,56,8,2024-12-19 17:37:16
500101137,70,58,12,2024-12-19 20:49:15
500110014,66,44,12,2024-12-19 20:58:15
500113068,64,52,12,2024-12-19 20:09:15
500101137,70,57,13,2024-12-19 19:46:15
500111005,53,40,13,2024-12-19 19:59:16
500113044,53,39,13,2024-12-19 19:18:15
500119048,53,40,13,2024-12-19 21:17:15
500103009,81,67,14,2024-12-19 17:38:16
500107062,49,35,14,2024-12-19 19:59:16
500113034,68,48,14,2024-12-19 20:11:16
500104031,66,49,15,2024-12-19 21:20:16
500106067,68,53,15,2024-12-19 19:27:15
500108028,49,33,15,2024-12-19 17:59:15
500113034,68,47,15,2024-12-19 19:45:16
500112085,92,75,17,2024-12-19 19:28:15
500119077,56,39,17,2024-12-19 20:49:14
500104014,56,37,18,2024-12-19 20:08:14
500107035,59,41,18,2024-12-19 19:58:15
500104031,66,28,19,2024-12-19 19:07:15
500107035,59,40,19,2024-12-19 18:47:16
500109075,58,35,19,2024-12-19 20:06:15
500104014,56,35,20,2024-12-19 19:37:16
500111003,65,44,21,2024-12-19 19:48:15
500111003,65,43,22,2024-12-19 19:59:16
500101137,70,47,23,2024-12-19 17:48:15
500109075,58,31,23,2024-12-19 20:49:15
500112017,53,30,23,2024-12-19 19:46:15
500101032,61,36,25,2024-12-19 20:38:15
500104091,70,44,25,2024-12-19 18:36:16
500106014,58,33,25,2024-12-19 18:47:16
500119068,66,41,25,2024-12-19 18:47:16
500109032,70,43,27,2024-12-19 21:19:16
500110065,55,28,27,2024-12-19 19:38:15
500112082,68,28,27,2024-12-19 17:38:16
500103009,81,53,28,2024-12-19 19:59:16
500106017,55,26,29,2024-12-19 17:20:17
500110065,55,26,29,2024-12-19 17:59:15
500112049,70,41,29,2024-12-19 19:07:15
500112066,54,23,30,2024-12-19 18:36:16
500101144,69,38,31,2024-12-19 20:10:17
500101166,54,23,31,2024-12-19 17:43:16
500108028,49,17,31,2024-12-19 20:56:15
500109032,70,38,32,2024-12-19 19:29:15
500109027,58,21,33,2024-12-19 18:31:15
500106055,81,47,34,2024-12-19 18:25:17
500109027,58,23,34,2024-12-19 20:36:15
500112032,54,20,34,2024-12-19 17:35:16
500112085,92,58,34,2024-12-19 17:58:16
500104031,66,1,35,2024-12-19 17:47:16
500107024,61,26,35,2024-12-19 18:08:16
500112049,70,35,35,2024-12-19 17:38:16
500101144,69,33,36,2024-12-19 19:17:15
500104091,70,32,37,2024-12-19 19:19:15
500101166,54,16,38,2024-12-19 19:59:16
500106017,55,17,38,2024-12-19 18:17:15
500109033,53,15,38,2024-12-19 18:18:15
500109011,71,32,39,2024-12-19 19:17:15
500109027,58,15,39,2024-12-19 18:15:17
500109033,53,14,39,2024-12-19 17:15:17
500112049,70,31,39,2024-12-19 19:34:15
500106006,55,15,40,2024-12-19 19:47:15
500119068,66,5,40,2024-12-19 17:27:16
500109033,53,12,41,2024-12-19 19:06:15
500107028,75,33,42,2024-12-19 20:12:15
500109011,71,28,43,2024-12-19 19:41:16
500112045,56,13,43,2024-12-19 19:26:15
500109011,71,27,44,2024-12-19 21:19:16
500112032,54,10,44,2024-12-19 19:29:15
500101132,54,9,45,2024-12-19 19:25:15
500107028,75,30,45,2024-12-19 19:16:15
500101166,54,8,46,2024-12-19 21:20:16
500106014,58,9,46,2024-12-19 20:11:16
500112066,54,7,46,2024-12-19 21:16:15
500101144,69,22,47,2024-12-19 17:47:15
500106121,49,1,47,2024-12-19 20:12:15
500107024,61,14,47,2024-12-19 19:07:15
500107028,75,28,47,2024-12-19 19:29:14
500107028,75,28,47,2024-12-19 20:48:15
500111002,56,9,47,2024-12-19 17:37:16
500101132,54,6,48,2024-12-19 21:16:15
500101166,54,6,48,2024-12-19 21:16:15
500103024,57,9,48,2024-12-19 20:57:16
500108044,73,25,48,2024-12-19 17:35:16
500119059,68,20,48,2024-12-19 17:36:14
500111002,56,7,49,2024-12-19 20:40:15
500113038,87,37,50,2024-12-19 21:09:16
500111013,73,22,51,2024-12-19 17:38:16
500112045,56,5,51,2024-12-19 18:48:15
500101032,61,9,52,2024-12-19 18:48:15
500112082,68,3,52,2024-12-19 18:45:16
500113038,87,34,52,2024-12-19 19:49:15
500119059,68,16,52,2024-12-19 18:09:16
500101032,61,7,54,2024-12-19 18:38:16
500103024,57,3,54,2024-12-19 19:07:15
500106006,55,1,54,2024-12-19 17:38:16
500112045,56,1,55,2024-12-19 18:08:16
500113038,87,31,55,2024-12-19 19:04:15
500112007,64,7,56,2024-12-19 20:28:15
500106048,59,2,57,2024-12-19 17:24:16
500109032,70,12,58,2024-12-19 17:38:15
500101101,64,4,60,2024-12-19 20:13:15
500109032,70,10,60,2024-12-19 17:27:16
500110005,77,17,60,2024-12-19 17:28:15
500101101,64,3,61,2024-12-19 21:20:16
500101101,64,3,61,2024-12-19 18:17:15
500105007,63,2,61,2024-12-19 18:37:15
500108044,73,10,63,2024-12-19 21:14:15
500101101,64,0,64,2024-12-19 21:09:15
500108044,73,5,68,2024-12-19 18:58:15
500110005,77,6,71,2024-12-19 19:35:16
500110005,77,5,72,2024-12-19 20:12:15
500110005,77,4,73,2024-12-19 19:23:15
500112035,96,22,74,2024-12-19 17:27:16
500119006,92,18,74,2024-12-19 17:32:15
500119006,92,15,77,2024-12-19 17:47:16
500112035,96,9,86,2024-12-19 21:07:16
500112035,96,7,88,2024-12-19 19:16:15
500112035,96,0,95,2024-12-19 19:49:15
500101013,9,9,0,2024-12-19 16:28:14
500101013,9,9,0,2024-12-19 17:04:16
500101012,8,7,1,2024-12-19 17:13:15
500101013,9,8,1,2024-12-19 15:50:18
500112043,65,64,1,2024-12-19 15:33:15
500101013,9,6,3,2024-12-19 14:32:14
500104031,66,33,3,2024-12-19 13:37:15
500111005,53,50,3,2024-12-19 16:35:15
500101016,8,4,4,2024-12-19 16:52:15
500101018,5,1,4,2024-12-19 15:53:14
500101021,7,3,4,2024-12-19 16:37:15
500104084,9,5,4,2024-12-19 15:23:15
500107024,61,39,4,2024-12-19 13:12:15
500101021,7,1,5,2024-12-19 13:18:15
500106055,81,74,7,2024-12-19 15:42:14
500119068,66,38,7,2024-12-19 14:28:15
500110065,55,47,8,2024-12-19 16:08:16
500113068,64,56,8,2024-12-19 16:11:15
500107024,61,34,9,2024-12-19 14:13:15
500110065,55,46,9,2024-12-19 16:56:15
500112029,63,50,9,2024-12-19 15:48:15
500112043,65,56,9,2024-12-19 17:08:16
500119068,66,36,9,2024-12-19 14:47:15
500107024,61,33,10,2024-12-19 15:34:15
500108044,73,63,10,2024-12-19 13:18:14
500103011,64,53,11,2024-12-19 15:58:15
500106055,81,70,11,2024-12-19 14:46:15
500110014,66,32,11,2024-12-19 16:34:16
500112066,54,42,11,2024-12-19 15:50:16
500112066,54,42,11,2024-12-19 15:32:15
500107035,59,47,12,2024-12-19 13:52:15
500108044,73,61,12,2024-12-19 16:06:15
500101137,70,55,15,2024-12-19 15:01:16
500103011,64,47,15,2024-12-19 13:55:16
500108044,73,58,15,2024-12-19 16:44:15
500106055,81,64,17,2024-12-19 13:17:15
500106067,68,49,19,2024-12-19 17:12:16
500112032,54,34,20,2024-12-19 15:17:15
500106067,68,47,21,2024-12-19 17:08:16
500103011,64,40,22,2024-12-19 13:43:14
500106067,68,46,22,2024-12-19 16:48:16
500106067,68,46,22,2024-12-19 16:53:15
500119068,66,23,22,2024-12-19 16:56:15
500112017,53,30,23,2024-12-19 13:16:15
500106067,68,44,24,2024-12-19 13:50:16
500104091,70,43,26,2024-12-19 15:38:15
500106017,55,29,26,2024-12-19 16:28:15
500106017,55,29,26,2024-12-19 15:36:15
500103009,81,54,27,2024-12-19 13:25:15
500104091,70,42,27,2024-12-19 15:04:15
500111003,65,38,27,2024-12-19 16:38:15
500112082,68,28,27,2024-12-19 17:15:17
500107024,61,15,28,2024-12-19 16:46:15
500109075,58,26,28,2024-12-19 13:23:15
500110005,77,49,28,2024-12-19 14:47:15
500112082,68,27,28,2024-12-19 17:04:15
500104031,66,7,29,2024-12-19 16:55:17
500112032,54,24,30,2024-12-19 16:18:16
500107062,49,17,32,2024-12-19 16:56:15
500112017,53,21,32,2024-12-19 16:58:15
500101166,54,21,33,2024-12-19 15:52:15
500104031,66,2,34,2024-12-19 17:18:15
500108028,49,14,34,2024-12-19 15:07:15
500108028,49,14,34,2024-12-19 15:13:15
500108044,73,39,34,2024-12-19 17:08:16
500109027,58,20,34,2024-12-19 16:55:16
500112032,54,20,34,2024-12-19 17:17:16
500104030,49,13,35,2024-12-19 13:44:15
500108028,49,13,35,2024-12-19 14:36:16
500108028,49,12,36,2024-12-19 14:12:15
500109075,58,12,36,2024-12-19 15:17:15
500108028,49,11,37,2024-12-19 13:57:15
500110005,77,40,37,2024-12-19 16:57:16
500108028,49,10,38,2024-12-19 16:16:15
500119059,68,29,39,2024-12-19 15:58:15
500105007,63,23,40,2024-12-19 16:15:16
500112022,56,16,40,2024-12-19 15:57:15
500112029,63,19,40,2024-12-19 14:39:16
500112029,63,18,41,2024-12-19 14:26:15
500112032,54,13,41,2024-12-19 13:34:16
500113034,68,21,41,2024-12-19 16:49:15
500105019,57,15,42,2024-12-19 13:11:15
500111003,65,23,42,2024-12-19 13:36:16
500112022,56,14,42,2024-12-19 16:58:15
500113034,68,20,42,2024-12-19 15:48:15
500109011,71,28,43,2024-12-19 16:51:15
500101169,49,5,44,2024-12-19 16:38:15
500101169,49,5,44,2024-12-19 15:34:14
500113034,68,18,44,2024-12-19 15:22:15
500113038,87,42,44,2024-12-19 15:28:14
500119059,68,24,44,2024-12-19 15:28:14
500101166,54,9,45,2024-12-19 17:17:16
500109033,53,8,45,2024-12-19 16:43:15
500113038,87,41,45,2024-12-19 16:00:17
500113038,87,41,45,2024-12-19 16:45:17
500113038,87,41,45,2024-12-19 14:11:16
500106048,59,13,46,2024-12-19 13:56:14
500110005,77,29,48,2024-12-19 17:17:16
500101144,69,20,49,2024-12-19 17:16:16
500106014,58,9,49,2024-12-19 16:47:15
500109033,53,4,49,2024-12-19 14:38:15
500113038,87,37,49,2024-12-19 17:06:16
500101144,69,19,50,2024-12-19 16:32:15
500107028,75,24,51,2024-12-19 13:28:16
500112049,70,19,51,2024-12-19 13:17:15
500101144,69,17,52,2024-12-19 13:31:15
500107028,75,23,52,2024-12-19 13:36:16
500107028,75,23,52,2024-12-19 14:37:14
500101144,69,16,53,2024-12-19 14:03:15
500112035,96,43,53,2024-12-19 15:48:15
500119048,53,0,53,2024-12-19 13:49:14
500106014,58,4,54,2024-12-19 14:09:16
500112035,96,42,54,2024-12-19 15:58:15
500106048,59,4,55,2024-12-19 13:12:15
500111013,73,17,56,2024-12-19 16:03:15
500109032,70,13,57,2024-12-19 16:46:15
500112049,70,13,57,2024-12-19 15:16:15
500112035,96,38,58,2024-12-19 14:10:16
500112049,70,12,58,2024-12-19 15:44:15
500111013,73,13,60,2024-12-19 14:37:14
500112035,96,36,60,2024-12-19 14:26:15
500101101,64,3,61,2024-12-19 13:55:16
500111013,73,12,61,2024-12-19 14:18:15
500112049,70,9,61,2024-12-19 16:12:15
500109032,70,8,62,2024-12-19 13:58:15
500112035,96,34,62,2024-12-19 16:37:15
500111013,73,10,63,2024-12-19 13:37:15
500112035,96,24,72,2024-12-19 17:18:16
500119006,92,18,74,2024-12-19 15:37:16
500119006,92,0,92,2024-12-19 14:27:14
500101144,69,11,58,2024-12-19 02:49:15
500112066,54,0,53,2024-12-19 21:49:15
500101132,54,4,50,2024-12-19 21:47:15
500106055,81,35,46,2024-12-19 21:45:15
500112043,65,37,28,2024-12-19 21:48:15
500101012,8,7,1,2024-12-19 06:25:15
500106093,9,8,1,2024-12-19 06:16:15
500101012,8,6,2,2024-12-19 06:14:15
500101013,9,5,3,2024-12-19 06:55:15
500104097,8,4,4,2024-12-19 06:22:14
500113034,68,58,4,2024-12-19 07:57:16
500113034,68,58,4,2024-12-19 06:25:15
500101013,9,3,5,2024-12-19 08:16:15
500101021,7,1,5,2024-12-19 07:56:15
500104084,9,4,5,2024-12-19 06:07:15
500113034,68,57,5,2024-12-19 07:16:15
500101013,9,2,6,2024-12-19 07:42:15
500101169,49,42,6,2024-12-19 07:46:15
500112045,56,50,6,2024-12-19 05:19:14
500113068,64,58,6,2024-12-19 08:56:16
500101101,64,54,7,2024-12-19 08:17:15
500112043,65,58,7,2024-12-19 08:37:15
500113034,68,55,7,2024-12-19 07:35:16
500101012,8,0,8,2024-12-19 08:16:15
500101016,8,0,8,2024-12-19 08:32:15
500101032,61,52,8,2024-12-19 07:25:15
500101108,9,1,8,2024-12-19 08:16:15
500108028,49,40,8,2024-12-19 06:49:15
500112017,53,43,10,2024-12-19 05:42:15
500107062,49,38,11,2024-12-19 07:25:15
500108044,73,62,11,2024-12-19 08:46:15
500112045,56,45,11,2024-12-19 06:40:16
500104031,66,17,14,2024-12-19 08:16:15
500119048,53,39,14,2024-12-19 06:50:16
500106048,59,44,15,2024-12-19 08:36:15
500107062,49,33,16,2024-12-19 08:02:15
500101169,49,30,18,2024-12-19 08:26:15
500101144,69,49,20,2024-12-19 08:00:17
500106006,55,35,20,2024-12-19 07:46:15
500101101,64,38,23,2024-12-19 06:56:14
500101144,69,46,23,2024-12-19 08:16:15
500111005,53,30,23,2024-12-19 08:15:16
500111005,53,30,23,2024-12-19 08:46:14
500111005,53,30,23,2024-12-19 07:57:16
500112045,56,32,24,2024-12-19 07:57:16
500109033,53,28,25,2024-12-19 05:46:15
500111005,53,28,25,2024-12-19 07:45:16
500107028,75,49,26,2024-12-19 07:27:15
500112045,56,30,26,2024-12-19 08:02:15
500101101,64,34,27,2024-12-19 05:50:15
500112007,64,36,27,2024-12-19 07:37:15
500103009,81,51,28,2024-12-19 07:56:15
500104014,56,27,28,2024-12-19 08:57:15
500104014,56,26,29,2024-12-19 06:54:16
500101166,54,24,30,2024-12-19 07:13:15
500107062,49,19,30,2024-12-19 08:37:15
500113044,53,20,31,2024-12-19 08:25:16
500106017,55,23,32,2024-12-19 08:16:14
500101132,54,20,34,2024-12-19 08:24:15
500107035,59,23,35,2024-12-19 07:54:15
500109027,58,19,35,2024-12-19 08:57:16
500110005,77,41,36,2024-12-19 08:17:15
500112049,70,34,36,2024-12-19 05:04:15
500112049,70,33,37,2024-12-19 05:26:15
500106014,58,19,38,2024-12-19 08:47:15
500101132,54,15,39,2024-12-19 07:26:15
500105019,57,18,39,2024-12-19 07:56:15
500105007,63,23,40,2024-12-19 08:37:15
500105019,57,17,40,2024-12-19 08:01:15
500106121,49,9,40,2024-12-19 07:15:17
500119077,56,16,40,2024-12-19 08:36:15
500103009,81,38,41,2024-12-19 08:47:15
500105007,63,22,41,2024-12-19 07:56:15
500106006,55,14,41,2024-12-19 06:23:14
500106017,55,14,41,2024-12-19 07:17:14
500112007,64,21,42,2024-12-19 07:26:15
500109075,58,15,43,2024-12-19 08:02:15
500112029,63,20,43,2024-12-19 08:36:15
500109032,70,26,44,2024-12-19 07:57:16
500109075,58,14,44,2024-12-19 06:37:15
500119077,56,12,44,2024-12-19 08:17:15
500107024,61,15,46,2024-12-19 06:37:15
500106067,68,19,47,2024-12-19 08:00:17
500106067,68,18,48,2024-12-19 08:45:16
500113038,87,35,49,2024-12-19 07:57:15
500104014,56,5,50,2024-12-19 07:56:15
500109033,53,2,51,2024-12-19 08:01:15
500110065,55,4,51,2024-12-19 05:50:15
500106048,59,7,52,2024-12-19 07:25:15
500106067,68,14,52,2024-12-19 05:33:15
500109027,58,2,52,2024-12-19 08:33:16
500109033,53,1,52,2024-12-19 07:47:15
500113038,87,32,52,2024-12-19 06:52:15
500119006,92,40,52,2024-12-19 07:33:15
500113038,87,31,53,2024-12-19 06:45:16
500119048,53,0,53,2024-12-19 08:21:18
500119068,66,13,53,2024-12-19 08:02:15
500109011,71,17,54,2024-12-19 08:36:15
500113038,87,30,54,2024-12-19 05:37:15
500111013,73,18,55,2024-12-19 08:47:15
500112022,56,0,56,2024-12-19 08:03:15
500104031,66,7,57,2024-12-19 06:13:14
500106048,59,2,57,2024-12-19 06:54:16
500109075,58,1,57,2024-12-19 05:24:14
500113068,64,7,57,2024-12-19 04:58:15
500109011,71,13,58,2024-12-19 06:07:15
500108044,73,14,59,2024-12-19 05:57:14
500112029,63,4,59,2024-12-19 07:57:16
500112085,92,32,59,2024-12-19 07:27:15
500105007,63,3,60,2024-12-19 05:01:14
500110005,77,17,60,2024-12-19 07:44:15
500106055,81,18,61,2024-12-19 07:25:15
500109011,71,10,61,2024-12-19 06:24:15
500112029,63,2,61,2024-12-19 06:30:17
500104091,70,6,63,2024-12-19 07:17:14
500119059,68,1,67,2024-12-19 08:57:15
500110005,77,6,71,2024-12-19 05:36:15
500101166,54,4,50,2024-12-19 00:44:15
500112007,64,16,45,2024-12-19 00:16:15
500113068,64,5,59,2024-12-19 23:49:15
500112082,68,19,49,2024-12-19 23:49:15
500111003,65,21,44,2024-12-19 23:38:15
500101032,61,61,0,2024-12-19 00:06:15
500101144,69,12,57,2024-12-19 00:44:15
500106067,68,24,43,2024-12-19 00:02:15
500107028,75,5,70,2024-12-19 00:51:14
500109011,71,3,68,2024-12-19 00:35:16
500119006,92,23,69,2024-12-19 00:10:15
500110065,55,6,48,2024-12-19 23:23:15
500109032,70,54,15,2024-12-19 00:48:14
500110065,55,1,54,2024-12-19 00:41:15
500107024,61,1,60,2024-12-19 01:06:15
500112082,68,1,67,2024-12-19 01:09:15
500101016,8,3,5,2024-12-19 00:19:15
500101166,54,3,51,2024-12-19 01:01:14
500112043,65,9,56,2024-12-19 01:15:15
500104091,70,9,60,2024-12-19 01:17:15
500119006,92,22,70,2024-12-19 00:34:15
500101101,64,31,32,2024-12-19 01:08:16
500106006,55,0,55,2024-12-19 22:43:15
500105007,63,1,62,2024-12-19 23:18:15
500112035,96,2,93,2024-12-19 23:18:15
500112007,64,14,48,2024-12-19 23:18:15
500109075,58,29,29,2024-12-19 23:19:15
500113038,87,33,54,2024-12-19 23:19:15
500106014,58,38,17,2024-12-19 23:19:15
500101012,8,1,7,2024-12-19 22:26:15
500106048,59,5,54,2024-12-19 22:16:15
500106017,55,7,48,2024-12-19 22:26:15
500101137,70,34,36,2024-12-19 22:39:15
500109032,70,39,30,2024-12-19 22:37:15
500106067,68,62,6,2024-12-19 22:39:15
500106121,49,1,47,2024-12-19 21:39:16
500101108,9,9,0,2024-12-19 21:17:15
500110065,55,19,36,2024-12-19 21:36:15
500101032,61,47,14,2024-12-19 21:39:15
500110065,55,1,54,2024-12-19 02:15:15
500101016,8,3,5,2024-12-19 01:56:14
500106006,55,12,43,2024-12-19 04:13:15
500106006,55,1,54,2024-12-19 22:09:15
500101013,9,9,0,2024-12-19 22:01:17
500109033,53,20,33,2024-12-19 22:08:15
500109027,58,31,26,2024-12-19 21:53:15
500109032,70,38,32,2024-12-19 22:06:15
500112017,53,42,11,2024-12-19 22:09:15
500106067,68,60,8,2024-12-19 22:09:15
500107024,61,2,59,2024-12-19 01:21:15
500101169,49,5,44,2024-12-19 21:57:15
500104084,9,9,0,2024-12-19 21:59:15
500110065,55,20,35,2024-12-19 21:48:16
500111003,65,31,34,2024-12-19 21:58:15
500109075,58,44,14,2024-12-19 21:57:15
500103009,81,16,65,2024-12-19 03:38:15
500112043,65,22,43,2024-12-19 03:39:14
500101101,64,37,25,2024-12-19 03:34:15
500113044,53,41,11,2024-12-19 03:28:14
500112022,56,46,10,2024-12-19 03:29:14
500101032,61,53,7,2024-12-19 03:34:15
500113034,68,60,3,2024-12-19 03:10:16
500101012,8,2,6,2024-12-19 23:57:15
500112017,53,33,19,2024-12-19 01:00:17
500110005,77,7,70,2024-12-19 01:46:14
500101012,8,4,4,2024-12-19 02:34:15
500107024,61,4,57,2024-12-19 02:29:14
500101032,61,61,0,2024-12-19 02:37:15
500113034,68,61,2,2024-12-19 02:24:14
500106121,49,2,46,2024-12-19 22:45:15
500104091,70,6,63,2024-12-19 22:47:15
500105019,57,7,50,2024-12-19 22:49:15
500104031,66,7,57,2024-12-19 22:44:14
500103009,81,16,65,2024-12-19 22:48:15
500101137,70,33,37,2024-12-19 22:45:16
500101144,69,39,30,2024-12-19 22:49:15
500106067,68,61,7,2024-12-19 22:48:15
500103024,57,2,55,2024-12-19 23:07:15
500101169,49,7,42,2024-12-19 22:56:15
500119006,92,23,69,2024-12-19 23:07:14
500101137,70,31,39,2024-12-19 23:09:15
500104031,66,14,50,2024-12-19 22:19:15
500119006,92,18,74,2024-12-19 22:19:15
500112032,54,36,18,2024-12-19 22:17:15
500112017,53,45,8,2024-12-19 22:14:15
500112085,92,31,60,2024-12-19 04:04:15
500112035,96,1,94,2024-12-19 22:26:16
500101018,5,5,0,2024-12-19 22:26:16
500111013,73,21,52,2024-12-19 22:25:15
500113038,87,38,49,2024-12-19 22:23:15
500106014,58,47,8,2024-12-19 22:22:15
500101032,61,53,8,2024-12-19 22:24:15
500105019,57,5,52,2024-12-19 22:58:15
500113068,64,12,52,2024-12-19 22:58:15
500119006,92,21,71,2024-12-19 22:54:15
500112022,56,39,17,2024-12-19 22:59:14
500111003,65,24,41,2024-12-19 23:26:15
500109032,70,53,16,2024-12-19 01:28:14
500107024,61,42,1,2024-12-19 10:18:15
500110065,55,54,1,2024-12-19 10:38:15
500106121,49,46,2,2024-12-19 13:06:15
500112043,65,63,2,2024-12-19 12:56:15
500112043,65,63,2,2024-12-19 09:07:16
500101013,9,5,3,2024-12-19 11:53:16
500106121,49,45,3,2024-12-19 09:03:14
500108044,73,70,3,2024-12-19 09:52:15
500101012,8,4,4,2024-12-19 12:58:15
500107024,61,39,4,2024-12-19 10:25:15
500107024,61,39,4,2024-12-19 11:17:15
500101013,9,2,6,2024-12-19 11:36:15
500101108,9,3,6,2024-12-19 10:53:16
500104031,66,30,6,2024-12-19 12:38:15
500104097,8,2,6,2024-12-19 13:06:15
500106093,9,3,6,2024-12-19 11:57:16
500106121,49,42,6,2024-12-19 10:52:15
500101012,8,1,7,2024-12-19 10:57:15
500101021,7,0,7,2024-12-19 10:28:15
500104084,9,2,7,2024-12-19 12:23:15
500101013,9,0,8,2024-12-19 10:06:15
500110065,55,47,8,2024-12-19 13:06:14
500101108,9,0,9,2024-12-19 10:24:15
500108044,73,64,9,2024-12-19 11:53:16
500110065,55,46,9,2024-12-19 09:37:15
500110065,55,46,9,2024-12-19 11:48:15
500108044,73,63,10,2024-12-19 12:20:16
500112043,65,54,11,2024-12-19 12:16:15
500119077,56,45,11,2024-12-19 10:47:16
500111005,53,41,12,2024-12-19 09:45:15
500119077,56,44,12,2024-12-19 11:43:15
500106121,49,34,14,2024-12-19 12:08:15
500119068,66,31,14,2024-12-19 12:38:15
500112066,54,38,15,2024-12-19 12:23:15
500110014,66,25,18,2024-12-19 11:34:15
500110014,66,25,18,2024-12-19 12:07:16
500111005,53,35,18,2024-12-19 09:24:15
500104031,66,12,19,2024-12-19 09:37:15
500112082,68,36,19,2024-12-19 12:38:14
500113068,64,45,19,2024-12-19 11:02:15
500119068,66,26,19,2024-12-19 10:47:16
500119077,56,36,20,2024-12-19 12:18:15
500106121,49,27,21,2024-12-19 12:18:15
500112082,68,34,21,2024-12-19 12:59:16
500113034,68,40,22,2024-12-19 12:28:15
500119077,56,34,22,2024-12-19 12:44:15
500112066,54,29,24,2024-12-19 09:36:15
500112082,68,43,25,2024-12-19 09:26:15
500107035,59,32,27,2024-12-19 13:07:15
500101137,70,41,29,2024-12-19 11:58:15
500101101,64,34,30,2024-12-19 09:47:15
500101137,70,40,30,2024-12-19 10:28:15
500101137,70,40,30,2024-12-19 11:18:16
500106006,55,25,30,2024-12-19 10:38:15
500106055,81,51,30,2024-12-19 12:28:15
500110005,77,47,30,2024-12-19 11:35:17
500101132,54,23,31,2024-12-19 08:59:15
500106006,55,24,31,2024-12-19 10:16:15
500106017,55,23,32,2024-12-19 10:47:16
500112017,53,21,32,2024-12-19 11:17:15
500105007,63,30,33,2024-12-19 09:36:15
500105007,63,30,33,2024-12-19 11:08:15
500106006,55,22,33,2024-12-19 11:02:15
500106017,55,22,33,2024-12-19 10:58:16
500110005,77,44,33,2024-12-19 10:04:16
500106017,55,21,34,2024-12-19 11:56:16
500112082,68,21,34,2024-12-19 10:58:16
500101132,54,19,35,2024-12-19 09:40:16
500106067,68,33,35,2024-12-19 12:28:15
500103024,57,21,36,2024-12-19 13:04:15
500107062,49,12,37,2024-12-19 09:08:15
500106067,68,30,38,2024-12-19 11:28:16
500101166,54,15,39,2024-12-19 10:38:15
500106055,81,40,39,2024-12-19 09:09:15
500106067,68,29,39,2024-12-19 11:35:17
500107062,49,10,39,2024-12-19 09:35:16
500109075,58,15,39,2024-12-19 10:58:16
500112066,54,14,39,2024-12-19 09:09:15
500109075,58,14,40,2024-12-19 09:04:15
500112029,63,19,40,2024-12-19 11:15:16
500112032,54,14,40,2024-12-19 09:09:15
500112029,63,18,41,2024-12-19 11:58:16
500101101,64,22,42,2024-12-19 11:45:15
500109075,58,12,42,2024-12-19 11:58:16
500107062,49,6,43,2024-12-19 11:58:16
500112032,54,10,44,2024-12-19 13:08:15
500109027,58,9,45,2024-12-19 13:05:16
500112017,53,8,45,2024-12-19 10:38:15
500104014,56,9,46,2024-12-19 11:28:16
500112045,56,10,46,2024-12-19 11:48:15
500103009,81,34,47,2024-12-19 10:58:16
500109027,58,7,47,2024-12-19 09:57:15
500109027,58,7,47,2024-12-19 10:09:16
500112085,92,44,47,2024-12-19 09:09:15
500107035,59,11,48,2024-12-19 09:25:16
500113038,87,38,48,2024-12-19 12:38:15
500107035,59,10,49,2024-12-19 09:52:15
500113038,87,37,49,2024-12-19 12:19:16
500104091,70,19,50,2024-12-19 11:13:15
500112017,53,3,50,2024-12-19 10:16:15
500113038,87,35,50,2024-12-19 09:25:16
500106006,55,4,51,2024-12-19 13:07:15
500112017,53,2,51,2024-12-19 10:07:15
500112045,56,4,52,2024-12-19 12:18:15
500119048,53,1,52,2024-12-19 09:56:15
500101101,64,11,53,2024-12-19 12:48:14
500112049,70,17,53,2024-12-19 13:06:15
500119048,53,0,53,2024-12-19 11:34:15
500112045,56,2,54,2024-12-19 12:48:14
500101144,69,14,55,2024-12-19 12:38:15
500103009,81,26,55,2024-12-19 11:18:16
500106014,58,3,55,2024-12-19 13:04:16
500106014,58,2,55,2024-12-19 09:05:16
500112085,92,36,55,2024-12-19 09:37:15
500113038,87,31,55,2024-12-19 12:06:16
500101032,61,5,56,2024-12-19 12:38:14
500107028,75,19,56,2024-12-19 11:16:15
500107035,59,3,56,2024-12-19 12:22:16
500107035,59,3,56,2024-12-19 12:44:15
500101032,61,4,57,2024-12-19 12:28:15
500101032,61,1,59,2024-12-19 09:23:15
500101032,61,1,60,2024-12-19 11:58:16
500101032,61,1,60,2024-12-19 12:08:15
500101032,61,1,60,2024-12-19 11:18:15
500103009,81,21,60,2024-12-19 11:34:15
500112049,70,10,60,2024-12-19 11:08:15
500101032,61,0,61,2024-12-19 10:02:15
500109011,71,10,61,2024-12-19 09:55:17
500112035,96,35,61,2024-12-19 12:36:15
500119059,68,7,61,2024-12-19 09:08:15
500119059,68,7,61,2024-12-19 09:55:17
500109011,71,9,62,2024-12-19 12:05:17
500119059,68,5,63,2024-12-19 12:38:15
500107028,75,10,65,2024-12-19 12:08:15
500109032,70,5,65,2024-12-19 13:05:15
500119059,68,3,65,2024-12-19 12:27:15
500101144,69,2,67,2024-12-19 10:55:17
500107028,75,8,67,2024-12-19 10:16:15
500109011,71,3,68,2024-12-19 11:25:15
500109032,70,1,69,2024-12-19 11:27:15
500111013,73,4,69,2024-12-19 09:27:14
500119006,92,0,92,2024-12-19 11:34:15
500119006,92,0,92,2024-12-19 10:01:16
500112022,56,45,11,2024-12-19 04:09:15
500101032,61,53,7,2024-12-19 04:10:15
500101012,8,8,0,2024-12-19 17:55:17
500101013,9,9,0,2024-12-19 19:19:15
500101013,9,9,0,2024-12-19 18:28:16
500101016,8,8,0,2024-12-19 18:08:16
500101012,8,7,1,2024-12-19 18:18:16
500101013,9,8,1,2024-12-19 19:28:15
500104031,66,56,1,2024-12-19 20:59:15
500104031,66,35,1,2024-12-19 18:29:16
500101012,8,6,2,2024-12-19 21:09:16
500101018,5,3,2,2024-12-19 19:11:15
500101018,5,3,2,2024-12-19 19:28:15
500112043,65,63,2,2024-12-19 17:27:15
500119048,53,51,2,2024-12-19 18:48:15
500101021,7,4,3,2024-12-19 18:47:16
500104084,9,6,3,2024-12-19 19:04:15
500101016,8,4,4,2024-12-19 21:18:15
500104097,8,4,4,2024-12-19 19:03:15
500104084,9,4,5,2024-12-19 17:59:15
500106093,9,4,5,2024-12-19 20:19:15
500113068,64,59,5,2024-12-19 19:07:15
500101021,7,0,7,2024-12-19 20:25:16
500104084,9,2,7,2024-12-19 20:47:14
500109075,58,41,7,2024-12-19 19:19:15
500101169,49,41,8,2024-12-19 18:26:16
500106093,9,1,8,2024-12-19 18:48:15
500101137,70,61,9,2024-12-19 19:59:16
500113044,53,43,9,2024-12-19 21:19:16
500103009,81,71,10,2024-12-19 18:38:16
500113044,53,41,11,2024-12-19 20:36:15
500101169,49,37,12,2024-12-19 18:48:15
500104031,66,45,12,2024-12-19 20:07:15
500112022,56,44,12,2024-12-19 19:38:15
500104031,66,44,13,2024-12-19 20:10:17
500106014,58,45,13,2024-12-19 19:38:15
500106067,68,55,13,2024-12-19 18:06:15
500110014,66,43,13,2024-12-19 20:09:15
500113068,64,51,13,2024-12-19 17:47:16
500104031,66,50,14,2024-12-19 21:19:15
500101169,49,34,15,2024-12-19 18:58:16
500113068,64,49,15,2024-12-19 18:18:16
500106067,68,52,16,2024-12-19 18:38:16
500111003,65,49,16,2024-12-19 19:15:16
500112017,53,37,16,2024-12-19 20:57:16
500113068,64,48,16,2024-12-19 20:13:15
500103009,81,64,17,2024-12-19 17:26:15
500107035,59,42,17,2024-12-19 20:24:15
500111005,53,36,17,2024-12-19 20:10:17
500113034,68,45,17,2024-12-19 19:17:15
500107062,49,31,18,2024-12-19 17:47:16
500112029,63,45,18,2024-12-19 18:07:15
500110014,66,24,19,2024-12-19 17:38:16
500112085,92,73,19,2024-12-19 19:48:15
500101137,70,50,20,2024-12-19 17:27:16
500111003,65,45,20,2024-12-19 18:38:16
500108028,49,27,21,2024-12-19 18:38:16
500111005,53,32,21,2024-12-19 21:19:16
500112085,92,70,22,2024-12-19 18:47:16
500112066,54,30,23,2024-12-19 17:55:17
500110065,55,31,24,2024-12-19 17:37:16
500112017,53,27,26,2024-12-19 18:38:16
500101166,54,27,27,2024-12-19 18:38:16
500110065,55,28,27,2024-12-19 19:05:16
500112082,68,28,27,2024-12-19 17:27:16
500108028,49,19,29,2024-12-19 19:29:14
500106014,58,28,30,2024-12-19 18:25:17
500112049,70,40,30,2024-12-19 21:19:15
500104014,56,24,31,2024-12-19 17:35:16
500112022,56,25,31,2024-12-19 18:38:16
500101144,69,37,32,2024-12-19 20:28:15
500104014,56,23,32,2024-12-19 17:28:15
500110065,55,23,32,2024-12-19 18:18:16
500107062,49,16,33,2024-12-19 17:28:15
500111013,73,40,33,2024-12-19 20:48:15
500106055,81,47,34,2024-12-19 19:29:15
500109033,53,19,34,2024-12-19 21:01:15
500112029,63,29,34,2024-12-19 20:21:15
500106014,58,23,35,2024-12-19 18:18:16
500119068,66,31,35,2024-12-19 19:25:15
500104031,66,0,36,2024-12-19 17:37:16
500109033,53,17,36,2024-12-19 20:03:15
500109033,53,17,36,2024-12-19 20:49:15
500112066,54,17,36,2024-12-19 19:18:15
500106006,55,18,37,2024-12-19 20:29:15
500109011,71,34,37,2024-12-19 17:46:14
500112045,56,19,37,2024-12-19 21:20:16
500103011,64,26,38,2024-12-19 17:16:16
500104030,49,10,38,2024-12-19 17:40:16
500110065,55,17,38,2024-12-19 20:22:15
500111013,73,35,38,2024-12-19 21:09:16
500106014,58,16,39,2024-12-19 20:49:15
500101144,69,29,40,2024-12-19 18:18:16
500109032,70,30,40,2024-12-19 17:59:15
500112066,54,13,40,2024-12-19 20:46:16
500101144,69,28,41,2024-12-19 18:08:16
500109027,58,13,41,2024-12-19 17:37:16
500109027,58,12,42,2024-12-19 18:08:16
500112032,54,12,42,2024-12-19 19:38:14
500112045,56,14,42,2024-12-19 20:34:15
500101144,69,26,43,2024-12-19 18:26:16
500112066,54,10,43,2024-12-19 21:09:15
500112082,68,11,44,2024-12-19 19:18:15
500107028,75,30,45,2024-12-19 20:37:16
500109011,71,26,45,2024-12-19 20:44:15
500101132,54,8,46,2024-12-19 21:08:15
500112045,56,10,46,2024-12-19 20:09:15
500112082,68,9,46,2024-12-19 19:07:15
500111002,56,9,47,2024-12-19 18:22:16
500101132,54,6,48,2024-12-19 17:38:15
500111002,56,8,48,2024-12-19 18:18:16
500112045,56,8,48,2024-12-19 19:02:16
500103011,64,15,49,2024-12-19 20:03:15
500103011,64,15,49,2024-12-19 18:15:17
500107028,75,26,49,2024-12-19 18:18:16
500106014,58,8,50,2024-12-19 19:58:15
500106048,59,9,50,2024-12-19 18:37:15
500106048,59,9,50,2024-12-19 18:57:15
500111013,73,23,50,2024-12-19 20:28:15
500101032,61,10,51,2024-12-19 19:06:16
500101032,61,10,51,2024-12-19 19:19:15
500103024,57,6,51,2024-12-19 20:09:15
500105007,63,12,51,2024-12-19 17:26:15
500106006,55,4,51,2024-12-19 21:16:15
500106048,59,8,51,2024-12-19 18:47:16
500112082,68,4,51,2024-12-19 20:10:17
500103024,57,4,53,2024-12-19 18:45:16
500106006,55,1,54,2024-12-19 18:18:15
500107028,75,21,54,2024-12-19 18:08:16
500112045,56,1,55,2024-12-19 17:47:16
500112045,56,1,55,2024-12-19 17:58:16
500112045,56,1,55,2024-12-19 18:16:16
500101032,61,4,57,2024-12-19 18:18:16
500106048,59,2,57,2024-12-19 19:39:15
500106048,59,2,57,2024-12-19 21:05:16
500112007,64,3,60,2024-12-19 18:47:16
500101032,61,0,61,2024-12-19 17:25:16
500119059,68,7,61,2024-12-19 18:43:15
500110005,77,9,68,2024-12-19 17:36:15
500110005,77,3,74,2024-12-19 21:14:15
500110005,77,0,77,2024-12-19 18:04:16
500119006,92,11,81,2024-12-19 18:05:16
500112035,96,9,86,2024-12-19 18:45:16
500101018,5,5,0,2024-12-19 16:36:16
500112043,65,65,0,2024-12-19 16:18:16
500101013,9,8,1,2024-12-19 16:16:15
500101018,5,4,1,2024-12-19 13:26:17
500101108,9,7,2,2024-12-19 13:14:15
500101108,9,7,2,2024-12-19 14:48:15
500111005,53,51,2,2024-12-19 13:12:15
500111005,53,51,2,2024-12-19 15:31:15
500101013,9,5,3,2024-12-19 13:31:15
500119077,56,53,3,2024-12-19 16:22:16
500119077,56,53,3,2024-12-19 17:15:17
500101012,8,4,4,2024-12-19 15:18:15
500101013,9,4,4,2024-12-19 13:26:16
500101016,8,4,4,2024-12-19 14:16:15
500101021,7,2,4,2024-12-19 13:23:15
500106121,49,44,4,2024-12-19 14:18:15
500101016,8,3,5,2024-12-19 15:21:15
500104097,8,3,5,2024-12-19 13:14:15
500107024,61,38,5,2024-12-19 14:37:14
500112043,65,60,5,2024-12-19 16:36:15
500101012,8,2,6,2024-12-19 13:51:15
500101016,8,2,6,2024-12-19 15:44:15
500101021,7,0,6,2024-12-19 13:57:15
500104084,9,3,6,2024-12-19 13:25:15
500110065,55,49,6,2024-12-19 14:48:15
500119077,56,50,6,2024-12-19 14:14:14
500101012,8,1,7,2024-12-19 15:50:15
500101016,8,1,7,2024-12-19 16:38:15
500101108,9,2,7,2024-12-19 16:38:15
500103011,64,57,7,2024-12-19 16:18:16
500110065,55,48,7,2024-12-19 13:17:15
500110065,55,47,8,2024-12-19 16:18:16
500119068,66,37,8,2024-12-19 15:16:15
500112007,64,54,9,2024-12-19 13:41:15
500113068,64,55,9,2024-12-19 16:29:15
500110014,66,32,11,2024-12-19 15:51:15
500101137,70,58,12,2024-12-19 15:53:14
500104031,66,24,12,2024-12-19 14:58:15
500101137,70,56,14,2024-12-19 14:56:15
500106055,81,66,15,2024-12-19 16:58:15
500110014,66,27,16,2024-12-19 15:18:15
500112082,68,39,16,2024-12-19 13:47:15
500106055,81,64,17,2024-12-19 17:08:16
500107035,59,42,17,2024-12-19 16:58:15
500119068,66,28,17,2024-12-19 13:56:15
500106067,68,47,21,2024-12-19 15:47:15
500112017,53,32,21,2024-12-19 14:04:15
500119068,66,23,22,2024-12-19 16:47:15
500112017,53,30,23,2024-12-19 14:56:15
500103009,81,57,24,2024-12-19 15:59:15
500103009,81,57,24,2024-12-19 16:26:15
500103009,81,57,24,2024-12-19 15:08:15
500104091,70,45,24,2024-12-19 14:10:17
500106017,55,31,24,2024-12-19 16:30:16
500106067,68,44,24,2024-12-19 16:25:15
500107035,59,35,24,2024-12-19 13:48:15
500110005,77,53,24,2024-12-19 16:05:16
500112007,64,39,24,2024-12-19 16:38:15
500112007,64,39,24,2024-12-19 17:08:16
500106067,68,43,25,2024-12-19 15:11:14
500106067,68,43,25,2024-12-19 15:24:15
500103011,64,38,26,2024-12-19 16:56:15
500104091,70,43,26,2024-12-19 16:28:15
500113044,53,25,27,2024-12-19 17:07:15
500109075,58,20,28,2024-12-19 16:18:16
500104091,70,40,29,2024-12-19 16:03:15
500107062,49,20,29,2024-12-19 15:25:15
500101166,54,24,30,2024-12-19 14:54:15
500103024,57,27,30,2024-12-19 15:09:15
500103024,57,26,31,2024-12-19 17:14:16
500110005,77,46,31,2024-12-19 13:16:14
500101166,54,22,32,2024-12-19 15:13:16
500104030,49,15,33,2024-12-19 17:04:15
500104030,49,15,33,2024-12-19 15:02:15
500103024,57,23,34,2024-12-19 16:57:16
500109075,58,13,35,2024-12-19 14:37:14
500108028,49,12,36,2024-12-19 17:18:16
500108028,49,11,37,2024-12-19 17:08:16
500109075,58,16,38,2024-12-19 13:58:15
500109075,58,15,39,2024-12-19 13:35:15
500104014,56,15,40,2024-12-19 15:13:16
500109027,58,14,40,2024-12-19 13:46:16
500101166,54,13,41,2024-12-19 17:08:16
500101169,49,8,41,2024-12-19 14:42:15
500112029,63,18,41,2024-12-19 14:49:15
500101032,61,19,42,2024-12-19 14:18:15
500101169,49,7,42,2024-12-19 15:16:15
500112032,54,12,42,2024-12-19 13:40:16
500113034,68,20,42,2024-12-19 16:46:15
500111003,65,22,43,2024-12-19 14:15:16
500113038,87,43,43,2024-12-19 16:22:16
500101032,61,17,44,2024-12-19 15:08:15
500101132,54,10,44,2024-12-19 14:01:15
500101166,54,10,44,2024-12-19 14:48:15
500113034,68,18,44,2024-12-19 16:08:16
500113038,87,41,45,2024-12-19 13:44:15
500119048,53,8,45,2024-12-19 15:15:15
500106006,55,9,46,2024-12-19 14:47:15
500101166,54,7,47,2024-12-19 14:28:15
500106006,55,7,48,2024-12-19 15:15:15
500109033,53,5,48,2024-12-19 13:14:15
500101166,54,5,49,2024-12-19 13:16:15
500109011,71,22,49,2024-12-19 15:02:15
500112085,92,43,49,2024-12-19 16:16:15
500106006,55,5,50,2024-12-19 15:47:14
500109033,53,3,50,2024-12-19 15:13:16
500101032,61,10,51,2024-12-19 15:26:14
500101144,69,18,51,2024-12-19 16:18:16
500107028,75,24,51,2024-12-19 13:41:15
500107028,75,24,51,2024-12-19 16:38:15
500109011,71,20,51,2024-12-19 13:17:15
500106014,58,6,52,2024-12-19 15:58:15
500106048,59,7,52,2024-12-19 16:51:15
500101101,64,11,53,2024-12-19 15:36:15
500101144,69,16,53,2024-12-19 14:36:15
500106006,55,2,53,2024-12-19 17:06:16
500106014,58,5,53,2024-12-19 15:46:16
500119048,53,0,53,2024-12-19 13:32:16
500119048,53,0,53,2024-12-19 14:57:15
500101144,69,15,54,2024-12-19 14:41:15
500101032,61,5,56,2024-12-19 13:57:15
500112049,70,14,56,2024-12-19 15:02:15
500119059,68,12,56,2024-12-19 14:48:14
500101032,61,2,59,2024-12-19 13:28:16
500111013,73,12,61,2024-12-19 16:56:15
500101101,64,2,62,2024-12-19 13:35:15
500101101,64,1,63,2024-12-19 17:05:17
500119059,68,5,63,2024-12-19 13:21:15
500119006,92,21,71,2024-12-19 14:54:15
500103009,81,34,47,2024-12-19 21:47:15
500109032,70,39,31,2024-12-19 21:48:16
500119048,53,40,13,2024-12-19 21:49:15
500107035,59,40,19,2024-12-19 21:46:14
500108028,49,47,1,2024-12-19 07:27:15
500106093,9,6,3,2024-12-19 06:48:15
500108044,73,70,3,2024-12-19 08:56:16
500101013,9,4,4,2024-12-19 08:22:15
500101018,5,1,4,2024-12-19 07:08:15
500101101,64,57,4,2024-12-19 08:03:15
500101032,61,55,5,2024-12-19 07:13:15
500109027,58,49,5,2024-12-19 06:33:15
500113034,68,57,5,2024-12-19 06:39:15
500101101,64,55,6,2024-12-19 08:37:15
500104084,9,3,6,2024-12-19 07:37:15
500104084,9,2,7,2024-12-19 07:22:15
500113034,68,55,7,2024-12-19 07:27:15
500101013,9,0,8,2024-12-19 07:57:16
500108028,49,40,8,2024-12-19 08:26:15
500101101,64,52,9,2024-12-19 07:25:15
500101101,64,52,9,2024-12-19 07:36:15
500103024,57,46,9,2024-12-19 08:17:15
500104084,9,0,9,2024-12-19 08:06:17
500112043,65,56,9,2024-12-19 08:46:15
500112045,56,47,9,2024-12-19 06:18:14
500101032,61,47,13,2024-12-19 07:37:15
500106048,59,46,13,2024-12-19 08:47:15
500112017,53,40,13,2024-12-19 06:06:14
500113068,64,51,13,2024-12-19 08:24:15
500103024,57,39,16,2024-12-19 07:36:15
500103024,57,39,16,2024-12-19 07:46:15
500103024,57,39,16,2024-12-19 07:57:16
500113034,68,46,16,2024-12-19 08:56:16
500101032,61,42,18,2024-12-19 07:56:15
500106006,55,37,18,2024-12-19 07:59:15
500101169,49,29,19,2024-12-19 08:17:15
500112082,68,49,19,2024-12-19 08:47:15
500101169,49,27,21,2024-12-19 08:47:15
500104031,66,10,21,2024-12-19 08:03:14
500111013,73,52,21,2024-12-19 07:17:14
500101101,64,39,22,2024-12-19 06:47:15
500111013,73,51,22,2024-12-19 05:50:15
500111013,73,50,23,2024-12-19 05:55:16
500109032,70,46,24,2024-12-19 06:36:14
500101137,70,45,25,2024-12-19 06:04:14
500107028,75,50,25,2024-12-19 06:08:14
500110065,55,30,25,2024-12-19 08:03:15
500107028,75,49,26,2024-12-19 05:50:15
500107028,75,48,27,2024-12-19 05:44:15
500112007,64,36,27,2024-12-19 08:57:15
500101166,54,26,28,2024-12-19 07:47:15
500107024,61,31,30,2024-12-19 07:27:15
500109075,58,24,30,2024-12-19 08:37:15
500101137,70,38,32,2024-12-19 06:49:15
500106014,58,17,33,2024-12-19 07:35:16
500107035,59,25,33,2024-12-19 07:14:15
500110014,66,31,33,2024-12-19 07:57:16
500101132,54,20,34,2024-12-19 08:47:15
500101166,54,20,34,2024-12-19 06:01:14
500103009,81,45,34,2024-12-19 08:17:15
500101137,70,34,36,2024-12-19 07:10:16
500104014,56,19,36,2024-12-19 07:37:15
500112045,56,20,36,2024-12-19 08:45:16
500110014,66,21,37,2024-12-19 08:34:15
500111005,53,16,37,2024-12-19 07:16:15
500105007,63,25,38,2024-12-19 08:01:15
500101032,61,21,39,2024-12-19 08:37:15
500101144,69,30,39,2024-12-19 08:56:16
500101132,54,14,40,2024-12-19 06:55:16
500101144,69,29,40,2024-12-19 08:47:15
500105019,57,17,40,2024-12-19 07:19:16
500109075,58,14,40,2024-12-19 08:47:15
500111005,53,13,40,2024-12-19 05:46:14
500112066,54,13,40,2024-12-19 08:25:16
500104031,66,23,41,2024-12-19 06:56:15
500106006,55,14,41,2024-12-19 06:37:15
500106006,55,14,41,2024-12-19 06:51:15
500111002,56,14,41,2024-12-19 07:37:15
500119048,53,12,41,2024-12-19 07:57:16
500106006,55,13,42,2024-12-19 06:06:14
500112066,54,11,42,2024-12-19 08:14:15
500112029,63,20,43,2024-12-19 08:24:15
500105019,57,13,44,2024-12-19 08:29:15
500105019,57,13,44,2024-12-19 05:26:15
500106067,68,19,47,2024-12-19 08:37:15
500112017,53,6,47,2024-12-19 08:43:15
500111002,56,7,48,2024-12-19 08:51:14
500110065,55,6,49,2024-12-19 07:27:15
500112049,70,20,50,2024-12-19 08:17:15
500113038,87,34,50,2024-12-19 08:03:15
500112007,64,12,51,2024-12-19 06:26:15
500119006,92,41,51,2024-12-19 07:57:16
500109032,70,18,52,2024-12-19 07:37:15
500111003,65,13,52,2024-12-19 06:56:14
500109032,70,17,53,2024-12-19 07:27:15
500111003,65,12,53,2024-12-19 07:17:14
500111003,65,12,53,2024-12-19 05:55:16
500113038,87,31,53,2024-12-19 08:37:15
500103009,81,25,54,2024-12-19 07:17:14
500112007,64,9,54,2024-12-19 05:29:15
500106048,59,3,56,2024-12-19 06:05:16
500109075,58,2,56,2024-12-19 05:38:14
500110014,66,7,57,2024-12-19 06:26:15
500104091,70,11,58,2024-12-19 04:57:14
500104091,70,11,58,2024-12-19 06:55:16
500113068,64,6,58,2024-12-19 06:37:15
500104091,70,10,59,2024-12-19 07:37:15
500112085,92,32,59,2024-12-19 04:55:16
500112085,92,32,59,2024-12-19 05:34:15
500105007,63,3,60,2024-12-19 05:49:15
500112082,68,8,60,2024-12-19 07:10:16
500119006,92,32,60,2024-12-19 08:13:15
500109011,71,9,62,2024-12-19 06:45:16
500112085,92,29,62,2024-12-19 06:42:15
500119006,92,27,65,2024-12-19 08:27:16
500112082,68,0,68,2024-12-19 05:31:15
500119006,92,23,69,2024-12-19 08:37:15
500110005,77,6,71,2024-12-19 06:55:15
500110005,77,6,71,2024-12-19 06:24:15
500112035,96,8,88,2024-12-19 07:53:16
500101169,49,28,20,2024-12-19 03:55:15
500101018,5,4,1,2024-12-19 00:37:15
500106048,59,3,56,2024-12-19 00:10:15
500107035,59,19,39,2024-12-19 00:09:14
500111013,73,8,65,2024-12-19 00:44:15
500112043,65,12,53,2024-12-19 00:21:14
500112049,70,35,35,2024-12-19 00:06:15
500112043,65,18,47,2024-12-19 03:17:15
500111013,73,35,38,2024-12-19 23:41:14
500119048,53,43,10,2024-12-19 23:49:15
500101166,54,1,53,2024-12-19 00:15:15
500107024,61,0,61,2024-12-19 00:06:15
500110014,66,29,37,2024-12-19 00:44:15
500112085,92,25,67,2024-12-19 00:47:15
500113038,87,1,84,2024-12-19 00:51:15
500112029,63,19,44,2024-12-19 22:23:14
500108044,73,13,60,2024-12-19 23:53:15
500112066,54,5,48,2024-12-19 23:58:14
500112032,54,20,33,2024-12-19 23:39:14
500106055,81,37,44,2024-12-19 23:48:14
500112022,56,42,14,2024-12-19 23:53:15
500101032,61,59,2,2024-12-19 01:16:15
500112022,56,48,8,2024-12-19 01:16:15
500109075,58,0,58,2024-12-19 00:16:15
500101021,7,4,2,2024-12-19 00:07:15
500101018,5,5,0,2024-12-19 01:01:20
500110005,77,6,71,2024-12-19 00:53:15
500107028,75,7,68,2024-12-19 01:08:16
500108044,73,12,61,2024-12-19 01:11:15
500111005,53,13,40,2024-12-19 01:05:16
500119059,68,2,66,2024-12-19 22:48:15
500109011,71,23,48,2024-12-19 23:11:14
500107024,61,0,61,2024-12-19 22:33:15
500106006,55,1,54,2024-12-19 22:39:15
500107028,75,20,55,2024-12-19 22:39:15
500112082,68,25,43,2024-12-19 22:39:15
500107062,49,28,21,2024-12-19 22:20:15
500107035,59,39,20,2024-12-19 22:37:15
500101013,9,7,2,2024-12-19 21:39:16
500109027,58,29,28,2024-12-19 21:36:15
500112043,65,37,28,2024-12-19 21:38:15
500109032,70,39,31,2024-12-19 21:37:15
500105007,63,1,62,2024-12-19 01:58:14
500104030,49,2,46,2024-12-19 01:25:16
500106048,59,3,56,2024-12-19 01:51:14
500112043,65,8,57,2024-12-19 01:21:15
500112007,64,9,54,2024-12-19 02:58:15
500106055,81,13,68,2024-12-19 01:19:15
500107062,49,22,27,2024-12-19 01:31:15
500104014,56,31,24,2024-12-19 02:16:15
500112049,70,31,39,2024-12-19 03:05:15
500101101,64,38,25,2024-12-19 03:04:14
500119006,92,44,48,2024-12-19 02:48:14
500101013,9,6,2,2024-12-19 04:19:15
500111002,56,19,36,2024-12-19 04:21:15
500107062,49,34,15,2024-12-19 03:48:15
500112017,53,45,8,2024-12-19 04:18:14
500111013,73,49,24,2024-12-19 04:11:15
500101032,61,54,6,2024-12-19 04:22:15
500101169,49,8,41,2024-12-19 22:03:14
500104014,56,31,24,2024-12-19 01:21:15
500112022,56,49,7,2024-12-19 01:23:15
500112035,96,1,94,2024-12-19 21:59:15
500105007,63,3,60,2024-12-19 21:46:15
500109011,71,25,46,2024-12-19 21:55:17
500107062,49,28,21,2024-12-19 21:49:15
500112082,68,35,33,2024-12-19 21:59:15
500109032,70,37,33,2024-12-19 21:56:15
500111013,73,34,39,2024-12-19 03:38:15
500107028,75,6,69,2024-12-19 03:27:15
500112035,96,8,87,2024-12-19 23:57:15
500101166,54,15,39,2024-12-19 23:43:14
500112045,56,20,36,2024-12-19 23:59:15
500112049,70,32,38,2024-12-19 23:44:15
500112082,68,2,66,2024-12-19 01:07:15
500101108,9,7,2,2024-12-19 00:53:15
500108044,73,11,62,2024-12-19 01:03:15
500112045,56,45,11,2024-12-19 01:05:16
500101016,8,2,6,2024-12-19 01:39:15
500104031,66,2,62,2024-12-19 01:33:15
500113038,87,5,80,2024-12-19 01:46:14
500107028,75,7,68,2024-12-19 01:43:15
500101108,9,8,1,2024-12-19 01:36:15
500106006,55,9,46,2024-12-19 01:38:15
500106014,58,39,11,2024-12-19 01:40:15
500101166,54,4,50,2024-12-19 01:55:16
500119006,92,43,49,2024-12-19 02:46:14
500119006,92,27,65,2024-12-19 02:24:14
500113038,87,4,81,2024-12-19 02:12:16
500101012,8,2,6,2024-12-19 22:43:15
500111005,53,9,44,2024-12-19 22:48:15
500111003,65,25,40,2024-12-19 22:46:15
500109032,70,39,30,2024-12-19 22:46:15
500112043,65,48,17,2024-12-19 04:32:14
500112049,70,31,39,2024-12-19 23:04:15
500101012,8,3,5,2024-12-19 22:14:14
500112007,64,15,48,2024-12-19 22:18:15
500112045,56,16,40,2024-12-19 22:17:15
500112029,63,22,41,2024-12-19 22:14:14
500112082,68,27,41,2024-12-19 22:14:15
500109032,70,38,32,2024-12-19 22:18:15
500106067,68,61,7,2024-12-19 22:13:15
500106055,81,11,68,2024-12-19 04:41:15
500101166,54,21,33,2024-12-19 04:38:14
500112085,92,31,60,2024-12-19 04:38:14
500101101,64,35,26,2024-12-19 04:39:15
500112045,56,51,5,2024-12-19 04:39:15
500109027,58,53,1,2024-12-19 04:38:14
500106006,55,0,55,2024-12-19 22:23:14
500106121,49,2,46,2024-12-19 22:24:14
500119068,66,7,59,2024-12-19 22:25:15
500112007,64,15,48,2024-12-19 22:26:15
500109032,70,40,30,2024-12-19 22:23:14
500119048,53,44,9,2024-12-19 22:23:15
500106067,68,62,6,2024-12-19 22:25:16
500106017,55,6,49,2024-12-19 22:53:15
500109075,58,30,28,2024-12-19 22:55:16
500112043,65,35,30,2024-12-19 22:55:16
500112085,92,41,51,2024-12-19 22:56:14
500101101,64,8,56,2024-12-19 23:31:15
500112045,56,22,34,2024-12-19 23:30:16
500106014,58,39,16,2024-12-19 23:32:15
500109032,70,41,28,2024-12-19 23:28:15
500113034,68,53,9,2024-12-19 23:29:14
500101169,49,8,40,2024-12-19 02:02:15
500104084,9,9,0,2024-12-19 09:27:15
500106048,59,59,0,2024-12-19 09:27:15
500106093,9,9,0,2024-12-19 10:43:15
500111005,53,53,0,2024-12-19 12:19:15
500112043,65,64,1,2024-12-19 13:06:14
500111005,53,51,2,2024-12-19 12:07:16
500101012,8,5,3,2024-12-19 12:44:14
500101013,9,4,4,2024-12-19 12:48:15
500101018,5,1,4,2024-12-19 10:11:15
500110065,55,51,4,2024-12-19 10:15:15
500110065,55,51,4,2024-12-19 10:58:16
500101012,8,2,6,2024-12-19 11:59:15
500101012,8,1,7,2024-12-19 11:36:16
500101013,9,1,7,2024-12-19 10:38:15
500101012,8,0,8,2024-12-19 10:01:16
500101108,9,1,8,2024-12-19 11:58:16
500106093,9,1,8,2024-12-19 12:14:16
500112007,64,55,8,2024-12-19 12:58:15
500107024,61,34,9,2024-12-19 10:58:16
500106121,49,37,11,2024-12-19 11:53:16
500108044,73,62,11,2024-12-19 12:55:16
500113068,64,53,11,2024-12-19 09:53:15
500106048,59,47,12,2024-12-19 09:46:16
500112043,65,52,13,2024-12-19 11:36:15
500112043,65,52,13,2024-12-19 12:05:17
500106048,59,45,14,2024-12-19 09:57:15
500110014,66,32,15,2024-12-19 10:28:15
500112043,65,50,15,2024-12-19 10:16:15
500113068,64,49,15,2024-12-19 11:48:15
500119068,66,30,15,2024-12-19 11:28:15
500119068,66,29,16,2024-12-19 11:52:15
500106055,81,64,17,2024-12-19 12:08:15
500112007,64,46,17,2024-12-19 11:58:16
500119068,66,28,17,2024-12-19 12:28:15
500119068,66,28,17,2024-12-19 12:08:15
500112017,53,35,18,2024-12-19 12:37:15
500106055,81,62,19,2024-12-19 12:58:15
500119077,56,37,19,2024-12-19 13:08:15
500119077,56,36,20,2024-12-19 12:28:15
500112007,64,42,21,2024-12-19 10:43:15
500112082,68,34,21,2024-12-19 12:08:15
500113034,68,41,21,2024-12-19 10:17:15
500103024,57,33,22,2024-12-19 09:23:15
500104031,66,16,22,2024-12-19 10:28:15
500110014,66,23,22,2024-12-19 09:57:15
500112007,64,41,22,2024-12-19 11:38:14
500113034,68,39,23,2024-12-19 12:08:15
500113034,68,39,23,2024-12-19 10:27:16
500106017,55,28,27,2024-12-19 09:08:15
500112082,68,28,27,2024-12-19 11:27:15
500103024,57,27,28,2024-12-19 09:37:15
500106017,55,27,28,2024-12-19 12:45:15
500106048,59,31,28,2024-12-19 11:46:15
500103009,81,52,29,2024-12-19 12:55:16
500105007,63,34,29,2024-12-19 09:50:15
500106017,55,26,29,2024-12-19 12:36:14
500109075,58,25,29,2024-12-19 12:16:15
500103024,57,26,30,2024-12-19 10:28:15
500105007,63,33,30,2024-12-19 09:45:15
500106006,55,25,30,2024-12-19 09:56:16
500113034,68,32,30,2024-12-19 11:34:15
500103011,64,32,31,2024-12-19 12:12:15
500101137,70,38,32,2024-12-19 10:12:15
500106006,55,23,32,2024-12-19 09:07:15
500110005,77,45,32,2024-12-19 09:09:15
500105007,63,30,33,2024-12-19 10:44:15
500106017,55,22,33,2024-12-19 11:45:15
500106017,55,22,33,2024-12-19 10:28:15
500112066,54,20,33,2024-12-19 09:26:15
500104014,56,21,34,2024-12-19 10:07:15
500101169,49,14,35,2024-12-19 11:58:15
500101137,70,34,36,2024-12-19 09:37:15
500107062,49,13,36,2024-12-19 09:06:15
500108028,49,12,36,2024-12-19 11:42:16
500101169,49,12,37,2024-12-19 12:28:15
500112045,56,19,37,2024-12-19 09:27:15
500119068,66,25,37,2024-12-19 09:26:15
500119077,56,19,37,2024-12-19 09:01:15
500101166,54,16,38,2024-12-19 10:18:15
500109027,58,16,38,2024-12-19 09:08:15
500112032,54,16,38,2024-12-19 09:06:15
500101137,70,31,39,2024-12-19 09:27:15
500109075,58,14,40,2024-12-19 10:28:15
500112029,63,19,40,2024-12-19 09:49:15
500106006,55,13,42,2024-12-19 11:27:15
500107062,49,7,42,2024-12-19 09:47:15
500109027,58,12,42,2024-12-19 09:21:15
500112022,56,14,42,2024-12-19 12:14:16
500112045,56,14,42,2024-12-19 09:32:15
500106006,55,12,43,2024-12-19 11:38:15
500107062,49,5,44,2024-12-19 12:30:16
500107062,49,5,44,2024-12-19 12:08:15
500107062,49,5,44,2024-12-19 10:59:15
500111003,65,20,45,2024-12-19 12:35:16
500112029,63,14,45,2024-12-19 12:18:15
500113038,87,41,45,2024-12-19 12:58:15
500112032,54,8,46,2024-12-19 12:18:15
500104091,70,21,48,2024-12-19 11:05:17
500104091,70,20,49,2024-12-19 09:47:14
500111003,65,16,49,2024-12-19 11:33:15
500112032,54,5,49,2024-12-19 12:58:15
500101144,69,19,50,2024-12-19 12:57:14
500109027,58,4,50,2024-12-19 12:08:15
500109033,53,3,50,2024-12-19 09:05:16
500113038,87,35,50,2024-12-19 09:37:15
500109027,58,3,51,2024-12-19 12:17:16
500111002,56,4,51,2024-12-19 12:10:16
500111002,56,4,51,2024-12-19 10:12:15
500101032,61,9,52,2024-12-19 12:47:15
500101032,61,8,52,2024-12-19 09:09:15
500104091,70,17,52,2024-12-19 09:55:16
500106006,55,3,52,2024-12-19 12:57:14
500107035,59,7,52,2024-12-19 10:10:16
500109033,53,1,52,2024-12-19 11:12:15
500119048,53,1,52,2024-12-19 11:17:17
500109033,53,0,53,2024-12-19 12:27:15
500119048,53,0,53,2024-12-19 09:34:16
500103009,81,27,54,2024-12-19 11:08:15
500101144,69,14,55,2024-12-19 11:58:16
500109011,71,16,55,2024-12-19 12:36:15
500104091,70,13,56,2024-12-19 09:06:15
500113038,87,30,56,2024-12-19 11:46:15
500113038,87,30,56,2024-12-19 11:08:15
500119059,68,12,56,2024-12-19 11:15:15
500109032,70,13,57,2024-12-19 09:57:15
500113038,87,29,57,2024-12-19 11:55:18
500106014,58,0,58,2024-12-19 12:19:16
500106048,59,1,58,2024-12-19 12:42:15
500109032,70,12,58,2024-12-19 10:06:15
500112085,92,33,58,2024-12-19 10:47:16
500109011,71,10,61,2024-12-19 09:42:14
500119059,68,7,61,2024-12-19 13:06:15
500111003,65,2,63,2024-12-19 10:37:15
500112035,96,33,63,2024-12-19 09:54:15
500112035,96,33,63,2024-12-19 10:55:17
500111003,65,1,64,2024-12-19 09:53:17
500112035,96,32,64,2024-12-19 11:06:15
500109032,70,5,65,2024-12-19 11:08:15
500112035,96,31,65,2024-12-19 10:37:15
500109032,70,0,70,2024-12-19 11:32:15
500111013,73,3,70,2024-12-19 09:47:14
500119006,92,0,92,2024-12-19 12:16:15
500101013,9,9,0,2024-12-19 20:34:16
500101013,9,9,0,2024-12-19 17:56:15
500101016,8,8,0,2024-12-19 19:45:16
500101018,5,5,0,2024-12-19 19:58:14
500101018,5,5,0,2024-12-19 20:44:15
500111005,53,53,0,2024-12-19 18:58:16
500101016,8,7,1,2024-12-19 18:18:16
500101018,5,4,1,2024-12-19 20:38:15
500101018,5,4,1,2024-12-19 21:17:15
500101018,5,4,1,2024-12-19 18:17:15
500101108,9,8,1,2024-12-19 18:28:15
500101108,9,8,1,2024-12-19 18:38:16
500101108,9,7,2,2024-12-19 19:19:15
500111005,53,51,2,2024-12-19 17:48:15
500112043,65,63,2,2024-12-19 19:50:19
500119048,53,51,2,2024-12-19 17:28:15
500101021,7,4,3,2024-12-19 18:27:15
500101108,9,6,3,2024-12-19 17:24:16
500112043,65,62,3,2024-12-19 18:17:15
500101021,7,3,4,2024-12-19 19:07:15
500111005,53,48,5,2024-12-19 19:18:15
500112022,56,51,5,2024-12-19 21:13:16
500101016,8,2,6,2024-12-19 17:25:16
500106093,9,3,6,2024-12-19 18:07:16
500109075,58,42,6,2024-12-19 18:45:16
500110014,66,37,6,2024-12-19 18:37:15
500119077,56,50,6,2024-12-19 18:11:16
500104097,8,1,7,2024-12-19 17:43:16
500106093,9,2,7,2024-12-19 19:00:18
500112022,56,49,7,2024-12-19 20:58:15
500113034,68,55,7,2024-12-19 21:18:15
500119048,53,46,7,2024-12-19 20:48:15
500119048,53,45,8,2024-12-19 20:52:15
500101137,70,61,9,2024-12-19 19:27:15
500111005,53,44,9,2024-12-19 19:27:15
500119048,53,44,9,2024-12-19 21:07:16
500113034,68,52,10,2024-12-19 20:57:16
500106067,68,57,11,2024-12-19 20:58:15
500106067,68,57,11,2024-12-19 21:09:16
500110014,66,45,11,2024-12-19 20:39:16
500113068,64,51,13,2024-12-19 18:28:16
500107062,49,35,14,2024-12-19 19:18:15
500112017,53,39,14,2024-12-19 21:13:16
500107035,59,43,16,2024-12-19 21:18:15
500103009,81,64,17,2024-12-19 18:58:16
500107062,49,31,18,2024-12-19 20:56:15
500107062,49,30,19,2024-12-19 18:16:16
500109027,58,35,19,2024-12-19 19:37:16
500112029,63,44,19,2024-12-19 18:18:16
500112085,92,73,19,2024-12-19 19:58:14
500104014,56,35,20,2024-12-19 19:48:15
500107035,59,39,20,2024-12-19 18:24:16
500111003,65,45,20,2024-12-19 18:48:15
500104014,56,33,22,2024-12-19 20:45:16
500113068,64,42,22,2024-12-19 20:38:15
500101137,70,47,23,2024-12-19 21:19:16
500104014,56,32,23,2024-12-19 20:58:15
500101032,61,35,26,2024-12-19 20:46:16
500109032,70,44,26,2024-12-19 20:29:15
500111003,65,39,26,2024-12-19 17:38:16
500104091,70,42,27,2024-12-19 18:18:16
500112082,68,28,27,2024-12-19 17:48:15
500112085,92,65,27,2024-12-19 18:38:16
500101169,49,21,28,2024-12-19 19:49:15
500106055,81,53,28,2024-12-19 17:28:15
500108028,49,20,28,2024-12-19 20:45:16
500112049,70,42,28,2024-12-19 17:47:15
500112049,70,42,28,2024-12-19 20:49:15
500112049,70,42,28,2024-12-19 18:58:15
500101166,54,25,29,2024-12-19 18:18:16
500103009,81,52,29,2024-12-19 19:38:15
500104091,70,40,29,2024-12-19 20:12:15
500111003,65,36,29,2024-12-19 17:26:15
500112082,68,26,29,2024-12-19 17:59:14
500101169,49,18,31,2024-12-19 19:59:16
500103009,81,50,31,2024-12-19 20:11:16
500108028,49,17,31,2024-12-19 19:37:16
500112029,63,32,31,2024-12-19 18:57:15
500101144,69,37,32,2024-12-19 20:09:15
500107062,49,17,32,2024-12-19 17:38:15
500108028,49,16,32,2024-12-19 19:48:15
500119068,66,20,32,2024-12-19 17:59:15
500101144,69,36,33,2024-12-19 20:49:15
500101144,69,36,33,2024-12-19 21:09:16
500109033,53,20,33,2024-12-19 21:20:16
500103009,81,47,34,2024-12-19 20:29:15
500104014,56,20,35,2024-12-19 18:47:16
500110065,55,20,35,2024-12-19 21:07:16
500106121,49,12,36,2024-12-19 19:47:15
500101144,69,32,37,2024-12-19 20:56:15
500112029,63,26,37,2024-12-19 21:18:15
500107024,61,23,38,2024-12-19 18:29:16
500112049,70,32,38,2024-12-19 18:48:15
500106121,49,9,39,2024-12-19 17:37:16
500101166,54,14,40,2024-12-19 20:37:16
500119068,66,26,40,2024-12-19 19:42:15
500101166,54,13,41,2024-12-19 19:37:16
500106017,55,14,41,2024-12-19 21:09:16
500119068,66,25,41,2024-12-19 19:50:16
500101169,49,7,42,2024-12-19 20:27:14
500106014,58,16,42,2024-12-19 17:36:15
500112032,54,12,42,2024-12-19 19:46:15
500103024,57,14,43,2024-12-19 20:13:15
500107028,75,32,43,2024-12-19 20:25:15
500112032,54,11,43,2024-12-19 20:06:15
500108044,73,29,44,2024-12-19 17:26:15
500109011,71,27,44,2024-12-19 20:56:15
500111013,73,29,44,2024-12-19 17:59:15
500101169,49,4,45,2024-12-19 21:09:16
500111013,73,28,45,2024-12-19 18:47:16
500106121,49,2,46,2024-12-19 18:07:16
500111013,73,27,46,2024-12-19 19:58:15
500112045,56,10,46,2024-12-19 19:56:16
500112045,56,10,46,2024-12-19 20:12:15
500113038,87,40,46,2024-12-19 20:04:15
500113038,87,41,46,2024-12-19 20:10:17
500111013,73,26,47,2024-12-19 19:29:15
500113038,87,39,47,2024-12-19 18:29:16
500109011,71,23,48,2024-12-19 20:17:15
500119059,68,20,48,2024-12-19 17:28:15
500101132,54,5,49,2024-12-19 17:24:16
500113038,87,37,49,2024-12-19 17:37:16
500107024,61,11,50,2024-12-19 19:38:15
500101132,54,3,51,2024-12-19 18:44:15
500103011,64,13,51,2024-12-19 18:46:15
500106048,59,8,51,2024-12-19 19:02:15
500112082,68,3,52,2024-12-19 19:55:16
500105007,63,10,53,2024-12-19 20:12:15
500106048,59,6,53,2024-12-19 20:58:15
500112082,68,2,53,2024-12-19 19:37:16
500112007,64,9,54,2024-12-19 20:44:15
500113038,87,32,54,2024-12-19 19:17:15
500107028,75,20,55,2024-12-19 17:59:15
500107028,75,20,55,2024-12-19 21:19:16
500113038,87,31,55,2024-12-19 19:26:15
500103024,57,1,56,2024-12-19 19:17:15
500112007,64,6,57,2024-12-19 17:59:15
500112007,64,6,57,2024-12-19 19:35:16
500101101,64,6,58,2024-12-19 19:36:15
500119059,68,10,58,2024-12-19 18:28:16
500101032,61,2,59,2024-12-19 17:59:15
500105007,63,3,60,2024-12-19 19:07:15
500112007,64,3,60,2024-12-19 19:17:15
500112007,64,3,60,2024-12-19 18:28:16
500107024,61,0,61,2024-12-19 21:19:16
500101101,64,2,62,2024-12-19 19:59:16
500101101,64,2,62,2024-12-19 20:38:15
500101101,64,1,63,2024-12-19 18:29:16
500101101,64,1,63,2024-12-19 18:47:16
500107028,75,10,65,2024-12-19 17:37:16
500108044,73,5,68,2024-12-19 19:58:15
500110005,77,8,69,2024-12-19 20:46:16
500110005,77,6,71,2024-12-19 19:59:15
500119006,92,19,73,2024-12-19 17:27:16
500110005,77,3,74,2024-12-19 18:34:15
500112035,96,16,80,2024-12-19 17:47:16
500119006,92,8,84,2024-12-19 20:42:15
500119006,92,4,88,2024-12-19 18:47:16
500104031,66,35,1,2024-12-19 13:09:15
500112043,65,64,1,2024-12-19 15:47:14
500119068,66,44,1,2024-12-19 13:16:14
500101108,9,7,2,2024-12-19 14:51:15
500104084,9,7,2,2024-12-19 16:37:15
500101013,9,6,3,2024-12-19 15:22:15
500101018,5,2,3,2024-12-19 14:02:15
500101021,7,4,3,2024-12-19 16:11:15
500101108,9,6,3,2024-12-19 17:16:16
500106121,49,45,3,2024-12-19 13:52:15
500111005,53,50,3,2024-12-19 15:49:15
500101018,5,1,4,2024-12-19 15:12:15
500101021,7,3,4,2024-12-19 17:18:16
500101108,9,5,4,2024-12-19 15:18:15
500104031,66,32,4,2024-12-19 13:46:16
500101012,8,3,5,2024-12-19 15:28:14
500101016,8,3,5,2024-12-19 13:14:15
500101021,7,1,5,2024-12-19 14:05:18
500104084,9,4,5,2024-12-19 13:16:15
500107024,61,38,5,2024-12-19 14:56:14
500101012,8,2,6,2024-12-19 16:30:16
500101016,8,2,6,2024-12-19 17:13:14
500104031,66,29,7,2024-12-19 15:32:15
500104084,9,2,7,2024-12-19 13:33:15
500112007,64,55,8,2024-12-19 13:37:15
500113068,64,56,8,2024-12-19 17:08:16
500113068,64,55,9,2024-12-19 17:17:16
500113068,64,55,9,2024-12-19 15:16:15
500119068,66,36,9,2024-12-19 15:28:14
500119077,56,47,9,2024-12-19 13:33:15
500108044,73,62,11,2024-12-19 15:14:15
500110014,66,32,11,2024-12-19 14:35:15
500104031,66,24,12,2024-12-19 15:02:15
500112029,63,51,12,2024-12-19 15:49:15
500112066,54,41,12,2024-12-19 14:15:16
500110014,66,29,14,2024-12-19 15:28:14
500112007,64,49,14,2024-12-19 15:48:15
500101137,70,55,15,2024-12-19 14:38:15
500106121,49,33,15,2024-12-19 16:38:15
500101137,70,54,16,2024-12-19 14:15:16
500106055,81,65,16,2024-12-19 13:21:16
500108044,73,57,16,2024-12-19 16:52:15
500112082,68,39,16,2024-12-19 14:28:15
500112017,53,33,20,2024-12-19 16:08:16
500103009,81,60,21,2024-12-19 16:38:15
500113034,68,41,21,2024-12-19 13:26:15
500103011,64,42,22,2024-12-19 15:00:17
500119068,66,23,22,2024-12-19 13:38:16
500104091,70,46,23,2024-12-19 17:08:16
500113068,64,41,23,2024-12-19 14:51:15
500106067,68,44,24,2024-12-19 14:28:15
500112032,54,30,24,2024-12-19 14:26:15
500113034,68,37,25,2024-12-19 13:45:16
500113044,53,26,26,2024-12-19 17:12:16
500103009,81,54,27,2024-12-19 16:48:16
500104091,70,42,27,2024-12-19 15:42:15
500106017,55,28,27,2024-12-19 13:15:15
500110005,77,50,27,2024-12-19 15:42:15
500111003,65,38,27,2024-12-19 14:38:15
500104091,70,41,28,2024-12-19 14:53:15
500109075,58,25,29,2024-12-19 13:16:14
500112017,53,23,30,2024-12-19 16:37:15
500112032,54,24,30,2024-12-19 16:46:15
500101166,54,23,31,2024-12-19 15:08:15
500109075,58,16,32,2024-12-19 15:36:15
500112032,54,21,33,2024-12-19 16:38:15
500107024,61,8,35,2024-12-19 16:58:14
500103011,64,28,36,2024-12-19 17:08:16
500104014,56,19,36,2024-12-19 14:20:16
500101169,49,12,37,2024-12-19 13:23:15
500105007,63,26,37,2024-12-19 15:42:14
500105007,63,26,37,2024-12-19 13:32:15
500105007,63,25,38,2024-12-19 14:24:15
500109027,58,16,38,2024-12-19 15:45:15
500112032,54,14,40,2024-12-19 14:13:15
500104014,56,14,41,2024-12-19 15:26:14
500112029,63,18,41,2024-12-19 15:14:15
500101169,49,7,42,2024-12-19 14:34:14
500101132,54,11,43,2024-12-19 14:11:15
500105007,63,20,43,2024-12-19 16:26:15
500112029,63,16,43,2024-12-19 13:17:15
500112085,92,49,43,2024-12-19 17:06:16
500113034,68,19,43,2024-12-19 16:22:16
500113034,68,19,43,2024-12-19 15:38:15
500112022,56,12,44,2024-12-19 15:38:15
500113034,68,18,44,2024-12-19 14:46:15
500101132,54,9,45,2024-12-19 17:04:15
500110005,77,32,45,2024-12-19 17:07:15
500111002,56,11,45,2024-12-19 15:45:15
500119059,68,23,45,2024-12-19 16:39:15
500106048,59,13,46,2024-12-19 14:28:15
500119059,68,21,47,2024-12-19 17:08:16
500106006,55,6,49,2024-12-19 15:28:14
500109011,71,21,50,2024-12-19 15:21:15
500119048,53,3,50,2024-12-19 15:38:15
500106014,58,7,51,2024-12-19 16:55:17
500106006,55,3,52,2024-12-19 16:18:16
500112045,56,4,52,2024-12-19 13:31:15
500119048,53,1,52,2024-12-19 13:28:15
500107028,75,22,53,2024-12-19 14:44:15
500106014,58,4,54,2024-12-19 13:19:15
500101101,64,9,55,2024-12-19 15:54:15
500106014,58,3,55,2024-12-19 13:34:16
500101101,64,8,56,2024-12-19 16:17:15
500109032,70,14,56,2024-12-19 16:27:16
500112085,92,35,56,2024-12-19 14:47:15
500101101,64,7,57,2024-12-19 16:07:15
500109032,70,13,57,2024-12-19 17:18:16
500111013,73,15,58,2024-12-19 14:45:15
500107028,75,16,59,2024-12-19 17:17:15
500109032,70,11,59,2024-12-19 15:48:15
500109032,70,10,60,2024-12-19 15:24:15
500109032,70,9,61,2024-12-19 15:01:16
500111013,73,11,62,2024-12-19 13:40:16
500101101,64,1,63,2024-12-19 14:37:14
500111013,73,8,65,2024-12-19 17:17:16
500119006,92,23,69,2024-12-19 16:55:17
500119006,92,19,73,2024-12-19 15:57:15
500119006,92,19,73,2024-12-19 16:17:15
500119006,92,19,73,2024-12-19 15:23:14
500119006,92,8,84,2024-12-19 14:48:15
500106121,49,0,48,2024-12-19 21:47:15
500101169,49,1,48,2024-12-19 21:49:15
500103024,57,1,56,2024-12-19 21:47:15
500112035,96,2,93,2024-12-19 21:49:15
500101013,9,7,2,2024-12-19 21:49:15
500108028,49,14,34,2024-12-19 21:43:15
500109011,71,26,45,2024-12-19 21:48:16
500113068,64,28,36,2024-12-19 21:49:15
500104031,66,36,28,2024-12-19 21:46:15
500101144,69,43,26,2024-12-19 21:49:15
500112022,56,55,1,2024-12-19 21:49:15
500101016,8,8,0,2024-12-19 07:27:15
500112007,64,63,0,2024-12-19 08:02:17
500112043,65,64,1,2024-12-19 08:17:16
500113034,68,59,3,2024-12-19 06:54:16
500101108,9,4,5,2024-12-19 08:03:15
500106093,9,4,5,2024-12-19 08:22:14
500107024,61,38,5,2024-12-19 08:56:16
500113034,68,58,5,2024-12-19 05:24:14
500101012,8,2,6,2024-12-19 07:24:15
500101012,8,2,6,2024-12-19 07:55:17
500101016,8,2,6,2024-12-19 08:25:16
500101021,7,0,6,2024-12-19 08:17:16
500101021,7,0,6,2024-12-19 07:03:16
500101032,61,54,6,2024-12-19 06:44:15
500108028,49,42,6,2024-12-19 06:47:15
500101108,9,2,7,2024-12-19 08:57:15
500103011,64,54,7,2024-12-19 07:57:16
500106093,9,2,7,2024-12-19 08:34:15
500104084,9,1,8,2024-12-19 08:42:15
500104084,9,1,8,2024-12-19 07:46:15
500103024,57,45,10,2024-12-19 07:13:14
500108044,73,62,11,2024-12-19 08:37:15
500112017,53,41,12,2024-12-19 06:21:15
500107062,49,36,13,2024-12-19 06:54:16
500112043,65,52,13,2024-12-19 05:50:15
500101144,69,55,14,2024-12-19 05:13:15
500101144,69,54,15,2024-12-19 05:32:15
500112043,65,50,15,2024-12-19 07:26:14
500103024,57,39,16,2024-12-19 08:47:15
500112043,65,49,16,2024-12-19 04:49:15
500112043,65,49,16,2024-12-19 06:56:15
500110014,66,41,17,2024-12-19 08:56:15
500107024,61,30,18,2024-12-19 07:57:16
500108028,49,30,18,2024-12-19 06:04:14
500110065,55,37,18,2024-12-19 08:37:15
500101101,64,41,20,2024-12-19 06:27:15
500106006,55,35,20,2024-12-19 08:37:15
500112045,56,36,20,2024-12-19 07:47:14
500101166,54,33,21,2024-12-19 08:27:16
500101169,49,27,21,2024-12-19 08:37:15
500106006,55,34,21,2024-12-19 08:47:15
500109075,58,37,21,2024-12-19 07:47:15
500113068,64,41,23,2024-12-19 08:03:15
500101166,54,30,24,2024-12-19 08:57:15
500106006,55,31,24,2024-12-19 08:26:15
500101137,70,44,26,2024-12-19 06:27:15
500109033,53,27,26,2024-12-19 06:00:17
500112049,70,44,26,2024-12-19 07:27:15
500103009,81,51,28,2024-12-19 08:03:15
500109032,70,42,28,2024-12-19 06:42:15
500112045,56,28,28,2024-12-19 08:24:15
500101166,54,24,30,2024-12-19 06:47:15
500104014,56,25,30,2024-12-19 06:46:15
500112049,70,40,30,2024-12-19 06:53:14
500101137,70,38,32,2024-12-19 07:27:15
500106017,55,23,32,2024-12-19 07:56:15
500106017,55,23,32,2024-12-19 08:03:15
500101166,54,21,33,2024-12-19 06:21:15
500107035,59,24,34,2024-12-19 08:00:17
500107062,49,15,34,2024-12-19 08:54:15
500101137,70,35,35,2024-12-19 08:56:16
500112017,53,18,35,2024-12-19 08:37:15
500109027,58,17,37,2024-12-19 07:57:15
500105007,63,25,38,2024-12-19 08:27:16
500107028,75,37,38,2024-12-19 08:27:16
500111002,56,17,38,2024-12-19 06:55:16
500112049,70,32,38,2024-12-19 05:48:14
500110005,77,38,39,2024-12-19 08:27:16
500104030,49,8,40,2024-12-19 08:56:16
500110014,66,24,40,2024-12-19 07:45:16
500111002,56,15,40,2024-12-19 07:44:15
500112022,56,16,40,2024-12-19 07:32:15
500112082,68,27,41,2024-12-19 08:00:17
500101132,54,12,42,2024-12-19 06:42:15
500105007,63,21,42,2024-12-19 08:41:15
500105019,57,15,42,2024-12-19 06:18:15
500107024,61,19,42,2024-12-19 06:47:15
500106017,55,12,43,2024-12-19 06:06:14
500112032,54,11,43,2024-12-19 07:55:17
500104031,66,20,44,2024-12-19 06:47:15
500107035,59,14,44,2024-12-19 08:54:15
500106067,68,20,46,2024-12-19 07:50:16
500112022,56,9,47,2024-12-19 07:47:15
500103009,81,31,48,2024-12-19 08:57:15
500112022,56,8,48,2024-12-19 08:47:15
500112066,54,5,48,2024-12-19 06:44:15
500112085,92,43,48,2024-12-19 08:17:15
500106055,81,30,49,2024-12-19 08:03:15
500106014,58,7,50,2024-12-19 08:57:15
500112007,64,13,50,2024-12-19 06:34:15
500112032,54,4,50,2024-12-19 05:31:14
500109033,53,2,51,2024-12-19 07:55:17
500113038,87,33,51,2024-12-19 07:30:15
500109075,58,6,52,2024-12-19 06:17:14
500110065,55,3,52,2024-12-19 06:47:15
500111003,65,13,52,2024-12-19 08:25:16
500111003,65,13,52,2024-12-19 06:46:15
500112007,64,11,52,2024-12-19 05:16:14
500112007,64,10,53,2024-12-19 04:49:15
500112022,56,3,53,2024-12-19 08:37:15
500112066,54,0,53,2024-12-19 05:38:14
500104014,56,1,54,2024-12-19 08:17:14
500110014,66,10,54,2024-12-19 06:43:15
500112029,63,8,55,2024-12-19 08:02:15
500104091,70,12,57,2024-12-19 07:55:17
500108044,73,16,57,2024-12-19 07:17:14
500112029,63,6,57,2024-12-19 08:47:15
500113068,64,7,57,2024-12-19 06:53:15
500112029,63,5,58,2024-12-19 07:35:16
500108044,73,13,60,2024-12-19 05:33:15
500103009,81,18,61,2024-12-19 07:27:15
500112085,92,30,61,2024-12-19 07:16:15
500103009,81,19,62,2024-12-19 05:46:14
500109011,71,9,62,2024-12-19 08:27:16
500110005,77,13,64,2024-12-19 07:36:15
500106055,81,14,65,2024-12-19 06:54:16
500119059,68,2,66,2024-12-19 08:46:15
500110005,77,8,69,2024-12-19 05:58:15
500110005,77,5,72,2024-12-19 06:37:15
500112035,96,7,89,2024-12-19 08:27:16
500112085,92,31,60,2024-12-19 03:56:14
500101018,5,3,2,2024-12-19 00:04:16
500101101,64,28,35,2024-12-19 00:14:15
500101169,49,12,36,2024-12-19 00:32:15
500106014,58,36,14,2024-12-19 00:17:15
500106067,68,23,44,2024-12-19 00:09:14
500109011,71,4,67,2024-12-19 00:14:15
500112045,56,35,19,2024-12-19 00:06:15
500112085,92,26,66,2024-12-19 00:17:15
500119059,68,1,67,2024-12-19 00:17:15
500112085,92,19,73,2024-12-19 03:16:15
500107024,61,0,61,2024-12-19 23:34:15
500106017,55,1,54,2024-12-19 23:41:15
500113038,87,35,52,2024-12-19 23:35:15
500101144,69,40,28,2024-12-19 23:49:15
500104031,66,0,61,2024-12-19 00:36:15
500108044,73,10,63,2024-12-19 00:52:15
500112085,92,24,68,2024-12-19 00:51:14
500119068,66,1,65,2024-12-19 00:05:16
500106048,59,8,51,2024-12-19 23:48:14
500104084,9,6,3,2024-12-19 23:58:14
500109075,58,28,30,2024-12-19 23:50:15
500107035,59,39,20,2024-12-19 23:07:15
500112017,53,41,12,2024-12-19 23:33:15
500112032,54,0,54,2024-12-19 01:11:15
500112066,54,6,47,2024-12-19 00:59:15
500112007,64,6,55,2024-12-19 01:13:15
500101169,49,13,35,2024-12-19 01:15:15
500103024,57,3,54,2024-12-19 23:19:15
500119077,56,18,38,2024-12-19 22:09:15
500112045,56,19,37,2024-12-19 23:19:15
500111013,73,20,53,2024-12-19 23:14:15
500112043,65,33,32,2024-12-19 23:06:15
500112043,65,33,32,2024-12-19 22:35:16
500101144,69,40,29,2024-12-19 22:33:15
500112085,92,43,49,2024-12-19 22:34:14
500106048,59,2,57,2024-12-19 21:38:15
500104084,9,4,5,2024-12-19 21:34:15
500101012,8,6,2,2024-12-19 21:38:16
500104030,49,8,40,2024-12-19 21:04:15
500106093,9,9,0,2024-12-19 20:58:15
500108028,49,15,33,2024-12-19 21:28:15
500104014,56,33,22,2024-12-19 21:32:14
500103009,81,39,42,2024-12-19 21:35:16
500112082,68,44,24,2024-12-19 21:39:15
500111003,65,3,62,2024-12-19 01:18:15
500107024,61,5,56,2024-12-19 02:52:14
500110005,77,6,71,2024-12-19 01:53:15
500101169,49,12,36,2024-12-19 02:10:16
500112017,53,37,15,2024-12-19 03:00:16
500106014,58,40,10,2024-12-19 01:48:15
500109032,70,55,14,2024-12-19 01:55:16
500106067,68,12,54,2024-12-19 03:42:14
500101169,49,30,18,2024-12-19 04:27:14
500109033,53,31,22,2024-12-19 04:14:15
500119006,92,46,46,2024-12-19 04:11:15
500101016,8,2,6,2024-12-19 21:40:16
500101132,54,4,50,2024-12-19 22:08:15
500101166,54,13,41,2024-12-19 22:09:15
500108028,49,15,33,2024-12-19 22:09:15
500111005,53,17,36,2024-12-19 22:06:15
500112049,70,32,38,2024-12-19 22:06:15
500101144,69,44,25,2024-12-19 22:08:15
500101021,7,4,2,2024-12-19 01:24:14
500101169,49,9,39,2024-12-19 01:20:15
500101012,8,6,2,2024-12-19 21:51:15
500119068,66,12,54,2024-12-19 21:57:15
500107028,75,26,49,2024-12-19 21:55:17
500113038,87,24,61,2024-12-19 03:43:14
500110005,77,7,70,2024-12-19 03:11:15
500107024,61,1,60,2024-12-19 23:59:15
500106006,55,2,53,2024-12-19 23:36:15
500105007,63,4,59,2024-12-19 23:53:15
500106067,68,59,8,2024-12-19 23:59:15
500101101,64,30,33,2024-12-19 01:02:15
500101013,9,9,0,2024-12-19 01:32:15
500113034,68,57,6,2024-12-19 01:43:15
500112082,68,3,65,2024-12-19 02:46:15
500112017,53,35,17,2024-12-19 02:43:14
500111002,56,11,45,2024-12-19 22:47:14
500112082,68,23,45,2024-12-19 22:48:15
500109075,58,29,29,2024-12-19 22:47:15
500112017,53,48,5,2024-12-19 22:43:15
500112035,96,0,96,2024-12-19 04:30:17
500112085,92,32,59,2024-12-19 04:37:14
500106014,58,40,10,2024-12-19 04:28:15
500104091,70,4,65,2024-12-19 23:08:15
500113068,64,11,53,2024-12-19 23:09:15
500112045,56,19,37,2024-12-19 23:07:15
500111013,73,19,54,2024-12-19 23:09:15
500109027,58,37,20,2024-12-19 23:06:15
500112035,96,1,94,2024-12-19 22:15:16
500101016,8,4,4,2024-12-19 22:15:16
500101169,49,7,42,2024-12-19 22:18:14
500101101,64,12,52,2024-12-19 22:18:15
500113068,64,19,45,2024-12-19 22:19:15
500107028,75,24,51,2024-12-19 22:19:15
500109033,53,25,28,2024-12-19 22:19:15
500106055,81,36,45,2024-12-19 22:10:17
500107035,59,41,18,2024-12-19 22:10:17
500119077,56,6,50,2024-12-19 04:40:15
500101144,69,54,15,2024-12-19 04:43:15
500111013,73,38,35,2024-12-19 04:07:15
500107024,61,3,58,2024-12-19 22:22:15
500104091,70,8,61,2024-12-19 22:26:15
500104031,66,13,51,2024-12-19 22:24:15
500112032,54,25,29,2024-12-19 22:26:15
500109011,71,25,46,2024-12-19 22:26:15
500103024,57,0,57,2024-12-19 22:58:15
500104091,70,5,64,2024-12-19 22:53:15
500104031,66,5,59,2024-12-19 23:30:16
500110005,77,6,71,2024-12-19 23:20:16
500101137,70,31,39,2024-12-19 23:26:15
500113038,87,35,52,2024-12-19 23:30:16
500104014,56,40,15,2024-12-19 23:32:14
500101137,70,1,69,2024-12-19 01:36:15
500101013,9,8,0,2024-12-19 12:27:15
500101018,5,5,0,2024-12-19 11:58:15
500110065,55,55,0,2024-12-19 10:47:16
500101018,5,4,1,2024-12-19 12:07:16
500107024,61,42,1,2024-12-19 09:45:15
500108044,73,72,1,2024-12-19 09:36:14
500111005,53,52,1,2024-12-19 11:16:15
500101016,8,6,2,2024-12-19 12:57:15
500101018,5,3,2,2024-12-19 11:38:14
500106093,9,7,2,2024-12-19 10:11:15
500101021,7,3,3,2024-12-19 11:58:16
500107024,61,40,3,2024-12-19 12:55:16
500110065,55,52,3,2024-12-19 10:27:16
500111005,53,50,3,2024-12-19 10:38:15
500101018,5,1,4,2024-12-19 10:48:15
500106121,49,44,4,2024-12-19 10:35:16
500110065,55,51,4,2024-12-19 10:07:16
500104084,9,4,5,2024-12-19 09:46:15
500101016,8,2,6,2024-12-19 11:53:16
500101021,7,0,6,2024-12-19 09:14:15
500101021,7,0,6,2024-12-19 10:11:15
500104084,9,3,6,2024-12-19 12:53:15
500112043,65,59,6,2024-12-19 12:33:15
500113068,64,58,6,2024-12-19 12:28:15
500101012,8,1,7,2024-12-19 11:24:15
500101016,8,1,7,2024-12-19 10:43:16
500107024,61,36,7,2024-12-19 11:07:16
500108044,73,66,7,2024-12-19 10:28:15
500101012,8,0,8,2024-12-19 11:42:16
500101013,9,0,8,2024-12-19 09:26:15
500101108,9,1,8,2024-12-19 11:17:15
500112082,68,60,8,2024-12-19 09:08:15
500101108,9,0,9,2024-12-19 10:02:15
500101137,70,61,9,2024-12-19 12:56:15
500106048,59,49,10,2024-12-19 09:37:15
500110065,55,45,10,2024-12-19 12:05:17
500113068,64,54,10,2024-12-19 10:00:18
500112043,65,54,11,2024-12-19 09:27:14
500106055,81,68,12,2024-12-19 10:34:15
500110065,55,43,12,2024-12-19 11:08:15
500104031,66,23,13,2024-12-19 12:08:15
500112043,65,51,14,2024-12-19 10:28:15
500112043,65,51,14,2024-12-19 10:55:17
500112043,65,51,14,2024-12-19 11:25:15
500106048,59,44,15,2024-12-19 10:49:16
500112066,54,38,15,2024-12-19 12:06:16
500119068,66,30,15,2024-12-19 11:08:15
500110014,66,27,16,2024-12-19 11:54:15
500112066,54,37,16,2024-12-19 11:36:15
500106048,59,41,18,2024-12-19 11:12:16
500106048,59,40,19,2024-12-19 11:08:15
500112007,64,44,19,2024-12-19 12:18:15
500112082,68,36,19,2024-12-19 12:28:15
500112017,53,33,20,2024-12-19 12:44:15
500112066,54,33,20,2024-12-19 10:28:15
500113034,68,42,20,2024-12-19 12:57:15
500113034,68,42,20,2024-12-19 09:48:15
500113068,64,44,20,2024-12-19 10:37:16
500101137,70,49,21,2024-12-19 12:19:16
500113068,64,43,21,2024-12-19 10:50:15
500103011,64,39,22,2024-12-19 10:58:16
500103024,57,33,22,2024-12-19 09:06:15
500112082,68,33,22,2024-12-19 12:18:15
500106055,81,58,23,2024-12-19 12:47:15
500112007,64,38,25,2024-12-19 11:08:15
500112082,68,30,25,2024-12-19 11:48:15
500101137,70,44,26,2024-12-19 10:58:16
500101166,54,28,26,2024-12-19 09:45:15
500112082,68,29,26,2024-12-19 11:30:17
500119068,66,19,26,2024-12-19 10:27:17
500112082,68,33,28,2024-12-19 09:57:15
500119068,66,34,28,2024-12-19 09:09:15
500101137,70,41,29,2024-12-19 10:31:16
500103011,64,33,29,2024-12-19 10:04:15
500112082,68,26,29,2024-12-19 11:17:15
500103009,81,51,30,2024-12-19 12:48:14
500103024,57,25,30,2024-12-19 10:07:16
500104014,56,24,31,2024-12-19 09:08:15
500106006,55,24,31,2024-12-19 09:37:15
500106055,81,48,31,2024-12-19 09:37:15
500109075,58,21,33,2024-12-19 13:06:15
500112082,68,22,33,2024-12-19 11:08:15
500105007,63,29,34,2024-12-19 11:16:14
500106017,55,20,35,2024-12-19 11:26:14
500108028,49,11,37,2024-12-19 11:52:15
500106067,68,30,38,2024-12-19 11:53:15
500101101,64,25,39,2024-12-19 10:38:15
500108028,49,9,39,2024-12-19 12:08:15
500112032,54,15,39,2024-12-19 09:57:15
500101101,64,24,40,2024-12-19 10:28:15
500101132,54,13,41,2024-12-19 12:47:15
500112029,63,18,41,2024-12-19 09:22:15
500101169,49,7,42,2024-12-19 10:28:15
500112022,56,14,42,2024-12-19 10:47:16
500112032,54,12,42,2024-12-19 11:54:15
500101101,64,21,43,2024-12-19 11:58:16
500111003,65,22,43,2024-12-19 12:23:15
500112022,56,13,43,2024-12-19 09:06:15
500112022,56,13,43,2024-12-19 11:58:16
500112022,56,13,43,2024-12-19 10:37:15
500101132,54,10,44,2024-12-19 12:20:16
500101166,54,10,44,2024-12-19 12:45:15
500111003,65,21,44,2024-12-19 12:10:16
500107035,59,14,45,2024-12-19 12:58:15
500109075,58,9,45,2024-12-19 11:14:15
500111003,65,20,45,2024-12-19 12:01:16
500112017,53,6,47,2024-12-19 10:26:14
500104091,70,21,48,2024-12-19 11:37:15
500106067,68,20,48,2024-12-19 09:57:15
500109027,58,5,49,2024-12-19 10:40:16
500111002,56,6,49,2024-12-19 09:02:15
500101101,64,14,50,2024-12-19 12:17:16
500106006,55,5,50,2024-12-19 12:27:15
500109033,53,3,50,2024-12-19 12:05:17
500109033,53,3,50,2024-12-19 11:08:15
500112007,64,13,50,2024-12-19 09:47:15
500112035,96,46,50,2024-12-19 11:58:16
500119048,53,2,51,2024-12-19 12:19:15
500111002,56,3,52,2024-12-19 12:52:15
500112017,53,1,52,2024-12-19 09:35:16
500113038,87,33,52,2024-12-19 09:46:16
500101101,64,11,53,2024-12-19 12:07:16
500103009,81,25,54,2024-12-19 09:09:15
500106014,58,4,54,2024-12-19 11:47:16
500109032,70,15,55,2024-12-19 10:14:15
500101144,69,13,56,2024-12-19 12:14:16
500106014,58,2,56,2024-12-19 12:45:16
500106014,58,1,56,2024-12-19 09:08:15
500112049,70,14,56,2024-12-19 12:19:15
500112085,92,35,56,2024-12-19 11:44:15
500109011,71,14,57,2024-12-19 09:37:15
500112049,70,13,57,2024-12-19 10:58:16
500106014,58,0,58,2024-12-19 10:05:17
500107028,75,17,58,2024-12-19 11:28:16
500119059,68,9,59,2024-12-19 09:27:15
500101032,61,1,60,2024-12-19 09:57:15
500101032,61,1,60,2024-12-19 10:38:15
500107028,75,15,60,2024-12-19 10:37:15
500101032,61,0,61,2024-12-19 10:47:16
500112049,70,9,61,2024-12-19 11:38:15
500112049,70,9,61,2024-12-19 11:43:15
500109011,71,9,62,2024-12-19 10:00:18
500111003,65,1,64,2024-12-19 10:04:16
500109011,71,6,65,2024-12-19 10:57:15
500109032,70,4,66,2024-12-19 12:16:15
500111013,73,5,68,2024-12-19 10:51:16
500111013,73,5,68,2024-12-19 11:23:14
500111013,73,4,69,2024-12-19 10:31:16
500112035,96,24,72,2024-12-19 09:27:15
500119006,92,3,89,2024-12-19 12:53:15
500119006,92,2,90,2024-12-19 13:02:14
500119006,92,2,90,2024-12-19 10:18:15
500119006,92,1,91,2024-12-19 11:58:16
500119006,92,1,91,2024-12-19 11:18:16
500101012,8,8,0,2024-12-19 19:04:15
500101012,8,8,0,2024-12-19 21:18:15
500101013,9,9,0,2024-12-19 19:49:15
500101013,9,9,0,2024-12-19 21:08:15
500101021,7,7,0,2024-12-19 17:48:16
500101108,9,9,0,2024-12-19 19:07:16
500104097,8,8,0,2024-12-19 21:16:17
500112043,65,65,0,2024-12-19 17:59:16
500119048,53,53,0,2024-12-19 19:06:16
500101016,8,7,1,2024-12-19 19:04:15
500111005,53,52,1,2024-12-19 17:57:15
500101018,5,3,2,2024-12-19 19:00:18
500103009,81,79,2,2024-12-19 18:29:16
500111005,53,51,2,2024-12-19 17:34:15
500112043,65,63,2,2024-12-19 19:18:15
500101018,5,2,3,2024-12-19 19:45:16
500111005,53,50,3,2024-12-19 18:08:16
500113068,64,61,3,2024-12-19 19:33:14
500119048,53,50,3,2024-12-19 17:56:16
500119048,53,50,3,2024-12-19 18:35:16
500101021,7,3,4,2024-12-19 19:29:15
500106093,9,5,4,2024-12-19 20:05:16
500113068,64,60,4,2024-12-19 19:25:15
500119077,56,52,4,2024-12-19 17:33:16
500109075,58,43,5,2024-12-19 18:28:16
500119048,53,48,5,2024-12-19 17:48:15
500101137,70,64,6,2024-12-19 20:06:15
500106093,9,3,6,2024-12-19 19:29:15
500106093,9,2,7,2024-12-19 18:16:16
500104084,9,1,8,2024-12-19 20:52:15
500112022,56,48,8,2024-12-19 20:31:15
500106067,68,59,9,2024-12-19 20:08:14
500113034,68,53,9,2024-12-19 21:08:15
500113068,64,55,9,2024-12-19 19:59:16
500113044,53,42,10,2024-12-19 20:46:16
500112022,56,45,11,2024-12-19 19:59:16
500113044,53,40,12,2024-12-19 19:02:15
500113044,53,40,12,2024-12-19 18:43:15
500101137,70,56,14,2024-12-19 18:36:16
500107062,49,35,14,2024-12-19 20:03:15
500107062,49,35,14,2024-12-19 18:46:15
500113068,64,50,14,2024-12-19 18:37:15
500101169,49,34,15,2024-12-19 19:07:15
500106067,68,53,15,2024-12-19 17:32:15
500113034,68,47,15,2024-12-19 19:22:15
500112022,56,40,16,2024-12-19 19:28:14
500106067,68,51,17,2024-12-19 19:35:16
500106014,58,40,18,2024-12-19 19:19:15
500103009,81,61,20,2024-12-19 19:19:15
500111003,65,45,20,2024-12-19 18:29:16
500112017,53,33,20,2024-12-19 20:29:15
500113068,64,44,20,2024-12-19 20:29:15
500107035,59,38,21,2024-12-19 17:27:16
500107035,59,38,21,2024-12-19 18:36:16
500109027,58,33,21,2024-12-19 19:29:15
500112029,63,41,22,2024-12-19 17:38:16
500111003,65,42,23,2024-12-19 18:08:16
500111003,65,42,23,2024-12-19 21:19:16
500112029,63,40,23,2024-12-19 18:38:16
500112085,92,67,25,2024-12-19 21:06:14
500109075,58,22,26,2024-12-19 17:38:16
500113034,68,36,26,2024-12-19 18:36:16
500104031,66,29,28,2024-12-19 20:38:15
500103009,81,52,29,2024-12-19 19:48:15
500106017,55,26,29,2024-12-19 18:37:15
500112066,54,24,29,2024-12-19 18:28:16
500101144,69,39,30,2024-12-19 19:48:14
500109032,70,40,30,2024-12-19 19:18:15
500112029,63,32,31,2024-12-19 19:28:15
500119068,66,34,32,2024-12-19 19:12:15
500106017,55,22,33,2024-12-19 19:53:15
500106017,55,22,33,2024-12-19 19:37:16
500106055,81,48,33,2024-12-19 18:32:16
500108028,49,15,33,2024-12-19 20:09:15
500101169,49,15,34,2024-12-19 20:12:15
500104091,70,35,34,2024-12-19 20:39:16
500112032,54,20,34,2024-12-19 17:48:15
500101166,54,19,35,2024-12-19 17:59:14
500106014,58,20,35,2024-12-19 20:56:15
500106017,55,20,35,2024-12-19 17:46:15
500109011,71,36,35,2024-12-19 18:48:15
500109032,70,35,35,2024-12-19 18:58:16
500104030,49,12,36,2024-12-19 17:23:15
500104031,66,0,36,2024-12-19 18:06:15
500106017,55,19,36,2024-12-19 19:19:14
500109011,71,35,36,2024-12-19 19:06:16
500112029,63,27,36,2024-12-19 20:47:15
500112049,70,34,36,2024-12-19 19:49:15
500106121,49,11,37,2024-12-19 19:38:15
500112032,54,17,37,2024-12-19 21:19:15
500101166,54,16,38,2024-12-19 20:05:16
500103024,57,19,38,2024-12-19 17:38:16
500104091,70,30,39,2024-12-19 20:58:14
500112032,54,14,40,2024-12-19 18:28:15
500112066,54,13,40,2024-12-19 20:24:15
500106006,55,14,41,2024-12-19 18:29:16
500109011,71,30,41,2024-12-19 19:26:15
500103024,57,15,42,2024-12-19 17:47:16
500112032,54,11,43,2024-12-19 20:57:16
500107028,75,31,44,2024-12-19 19:54:15
500112032,54,10,44,2024-12-19 19:06:16
500101132,54,9,45,2024-12-19 19:19:15
500106006,55,10,45,2024-12-19 18:52:15
500113038,87,42,45,2024-12-19 20:38:15
500101032,61,15,46,2024-12-19 19:38:15
500101144,69,23,46,2024-12-19 18:45:16
500101169,49,3,46,2024-12-19 20:38:15
500104030,49,2,46,2024-12-19 18:16:16
500105019,57,11,46,2024-12-19 19:01:15
500107024,61,15,46,2024-12-19 18:48:15
500111013,73,27,46,2024-12-19 19:19:15
500111013,73,27,46,2024-12-19 19:34:15
500101132,54,7,47,2024-12-19 19:53:15
500106006,55,8,47,2024-12-19 19:11:15
500106121,49,0,48,2024-12-19 20:05:17
500101132,54,5,49,2024-12-19 17:56:16
500103024,57,8,49,2024-12-19 18:18:16
500106006,55,6,49,2024-12-19 21:07:16
500111002,56,7,49,2024-12-19 21:08:15
500113038,87,37,49,2024-12-19 18:07:16
500101144,69,19,50,2024-12-19 17:38:16
500103011,64,14,50,2024-12-19 18:52:15
500111002,56,6,50,2024-12-19 20:27:15
500105007,63,12,51,2024-12-19 19:59:16
500111002,56,4,52,2024-12-19 18:55:17
500112045,56,3,53,2024-12-19 18:35:16
500119059,68,15,53,2024-12-19 17:58:16
500103024,57,2,55,2024-12-19 19:38:15
500103024,57,1,56,2024-12-19 18:38:16
500106048,59,3,56,2024-12-19 20:27:15
500105007,63,6,57,2024-12-19 18:06:15
500106048,59,2,57,2024-12-19 19:57:15
500112007,64,5,58,2024-12-19 19:49:15
500101032,61,2,59,2024-12-19 18:29:16
500105007,63,3,60,2024-12-19 18:47:16
500112007,64,3,60,2024-12-19 18:38:16
500107024,61,0,61,2024-12-19 20:09:15
500119059,68,6,62,2024-12-19 19:44:14
500101101,64,1,63,2024-12-19 18:08:16
500101101,64,1,63,2024-12-19 20:48:15
500101101,64,1,63,2024-12-19 20:59:15
500110005,77,8,69,2024-12-19 18:45:16
500110005,77,5,72,2024-12-19 19:18:15
500110005,77,2,75,2024-12-19 17:59:15
500112035,96,13,82,2024-12-19 20:12:15
500119006,92,8,84,2024-12-19 20:59:15
500112035,96,11,85,2024-12-19 18:03:15
500119006,92,3,89,2024-12-19 19:05:16
500119006,92,2,90,2024-12-19 19:20:17
500112043,65,65,0,2024-12-19 13:22:15
500101018,5,4,1,2024-12-19 17:07:15
500101108,9,8,1,2024-12-19 14:29:15
500111005,53,52,1,2024-12-19 14:49:18
500101018,5,3,2,2024-12-19 16:19:15
500101012,8,5,3,2024-12-19 16:54:16
500101013,9,6,3,2024-12-19 14:17:15
500101018,5,2,3,2024-12-19 14:56:15
500101108,9,6,3,2024-12-19 13:26:16
500101016,8,4,4,2024-12-19 15:00:17
500101108,9,5,4,2024-12-19 16:28:15
500101108,9,5,4,2024-12-19 16:54:16
500101012,8,3,5,2024-12-19 15:06:14
500112043,65,60,5,2024-12-19 15:02:15
500107024,61,37,6,2024-12-19 13:28:16
500107024,61,36,7,2024-12-19 13:34:16
500110065,55,48,7,2024-12-19 16:48:16
500110065,55,48,7,2024-12-19 14:58:15
500104031,66,28,8,2024-12-19 15:26:15
500106093,9,1,8,2024-12-19 15:14:15
500119068,66,37,8,2024-12-19 14:36:15
500106093,9,0,9,2024-12-19 15:25:16
500110065,55,46,9,2024-12-19 15:48:15
500110065,55,46,9,2024-12-19 13:27:15
500110065,55,46,9,2024-12-19 15:36:15
500104031,66,26,10,2024-12-19 15:55:16
500108044,73,63,10,2024-12-19 14:12:14
500119068,66,35,10,2024-12-19 15:08:15
500101137,70,59,11,2024-12-19 16:08:16
500101137,70,59,11,2024-12-19 14:00:17
500104031,66,25,11,2024-12-19 14:47:15
500107035,59,47,12,2024-12-19 14:52:15
500112007,64,51,12,2024-12-19 15:14:15
500110014,66,30,13,2024-12-19 17:08:16
500110014,66,29,14,2024-12-19 13:24:15
500101137,70,55,15,2024-12-19 17:17:16
500103011,64,48,16,2024-12-19 14:17:15
500112017,53,35,18,2024-12-19 15:18:15
500112082,68,37,18,2024-12-19 15:18:15
500104031,66,17,19,2024-12-19 16:28:14
500112007,64,44,19,2024-12-19 16:28:15
500112082,68,36,19,2024-12-19 15:28:14
500113034,68,42,20,2024-12-19 13:09:15
500107024,61,22,21,2024-12-19 17:18:16
500112029,63,42,21,2024-12-19 17:18:16
500112082,68,34,21,2024-12-19 16:08:16
500103009,81,59,22,2024-12-19 16:13:15
500112017,53,31,22,2024-12-19 14:20:16
500112007,64,40,23,2024-12-19 16:58:15
500103009,81,56,25,2024-12-19 15:57:15
500106067,68,43,25,2024-12-19 13:46:16
500113044,53,27,25,2024-12-19 16:35:15
500106017,55,29,26,2024-12-19 16:42:15
500106017,55,28,27,2024-12-19 17:02:15
500111003,65,38,27,2024-12-19 15:00:17
500110005,77,49,28,2024-12-19 15:36:15
500103011,64,33,29,2024-12-19 13:13:14
500106017,55,26,29,2024-12-19 13:36:16
500107062,49,19,30,2024-12-19 14:57:15
500103024,57,26,31,2024-12-19 15:43:15
500112017,53,20,33,2024-12-19 16:48:15
500109027,58,20,34,2024-12-19 17:07:15
500103024,57,22,35,2024-12-19 17:04:15
500108028,49,11,37,2024-12-19 13:33:15
500109027,58,15,39,2024-12-19 16:08:16
500109027,58,15,39,2024-12-19 13:51:15
500109075,58,15,39,2024-12-19 13:48:16
500112049,70,31,39,2024-12-19 17:13:15
500101169,49,9,40,2024-12-19 13:42:15
500108044,73,33,40,2024-12-19 17:16:16
500101169,49,8,41,2024-12-19 16:18:15
500111003,65,24,41,2024-12-19 13:22:15
500112022,56,15,41,2024-12-19 16:36:15
500101166,54,12,42,2024-12-19 16:48:16
500105019,57,15,42,2024-12-19 15:27:15
500112022,56,14,42,2024-12-19 15:46:16
500112022,56,14,42,2024-12-19 13:13:14
500112022,56,14,42,2024-12-19 14:51:15
500112029,63,17,42,2024-12-19 15:04:15
500112049,70,28,42,2024-12-19 17:08:16
500104014,56,12,43,2024-12-19 16:13:15
500104014,56,12,43,2024-12-19 16:48:16
500112022,56,13,43,2024-12-19 13:35:15
500112022,56,13,43,2024-12-19 15:08:15
500104091,70,25,44,2024-12-19 13:48:16
500109011,71,27,44,2024-12-19 17:10:17
500109033,53,9,44,2024-12-19 16:55:17
500111002,56,12,44,2024-12-19 13:33:15
500111002,56,12,44,2024-12-19 16:40:15
500112049,70,26,44,2024-12-19 16:58:15
500101169,49,4,45,2024-12-19 16:48:16
500106048,59,14,45,2024-12-19 14:53:15
500107028,75,30,45,2024-12-19 15:51:15
500107028,75,30,45,2024-12-19 16:08:16
500112045,56,10,46,2024-12-19 17:17:16
500113038,87,40,46,2024-12-19 16:16:15
500101132,54,7,47,2024-12-19 16:49:15
500101166,54,7,47,2024-12-19 13:45:15
500109011,71,24,47,2024-12-19 16:37:15
500112085,92,45,47,2024-12-19 16:28:15
500112085,92,45,47,2024-12-19 16:43:15
500106006,55,7,48,2024-12-19 15:58:14
500109033,53,4,49,2024-12-19 15:38:15
500112035,96,47,49,2024-12-19 14:58:15
500101101,64,14,50,2024-12-19 15:23:15
500109033,53,3,50,2024-12-19 15:43:15
500112035,96,46,50,2024-12-19 15:28:14
500109011,71,20,51,2024-12-19 16:18:16
500101101,64,12,52,2024-12-19 15:46:16
500101144,69,17,52,2024-12-19 15:48:15
500101144,69,17,52,2024-12-19 16:26:15
500106014,58,6,52,2024-12-19 15:38:15
500112045,56,4,52,2024-12-19 16:37:15
500106014,58,5,53,2024-12-19 15:07:15
500112085,92,38,53,2024-12-19 13:21:15
500119059,68,15,53,2024-12-19 15:06:15
500112045,56,2,54,2024-12-19 16:01:16
500101144,69,14,55,2024-12-19 15:07:15
500106006,55,0,55,2024-12-19 16:57:16
500112049,70,14,56,2024-12-19 16:27:15
500112049,70,14,56,2024-12-19 15:27:15
500111013,73,15,58,2024-12-19 15:26:15
500112049,70,12,58,2024-12-19 14:42:15
500111013,73,14,59,2024-12-19 15:08:15
500112035,96,35,61,2024-12-19 14:41:15
500119006,92,1,91,2024-12-19 14:18:15
500119006,92,0,92,2024-12-19 13:25:16
500106048,59,2,57,2024-12-19 21:45:15
500119006,92,15,77,2024-12-19 21:49:15
500112045,56,17,39,2024-12-19 21:45:14
500112032,54,34,20,2024-12-19 21:49:15
500104014,56,34,21,2024-12-19 21:49:15
500112049,70,34,36,2024-12-19 21:49:15
500101012,8,6,2,2024-12-19 06:56:15
500101013,9,6,2,2024-12-19 06:46:15
500101016,8,6,2,2024-12-19 06:53:15
500101101,64,59,2,2024-12-19 07:57:16
500109027,58,52,2,2024-12-19 06:02:14
500101013,9,5,3,2024-12-19 06:17:14
500101169,49,44,4,2024-12-19 05:48:14
500104097,8,4,4,2024-12-19 08:13:15
500112043,65,61,4,2024-12-19 08:27:16
500112045,56,52,4,2024-12-19 04:49:15
500113034,68,59,4,2024-12-19 06:04:14
500101016,8,3,5,2024-12-19 08:11:16
500101021,7,0,6,2024-12-19 06:07:15
500101021,7,0,6,2024-12-19 08:01:17
500101108,9,3,6,2024-12-19 07:12:15
500101108,9,3,6,2024-12-19 06:05:16
500104084,9,3,6,2024-12-19 06:08:14
500112043,65,59,6,2024-12-19 08:03:15
500113034,68,56,6,2024-12-19 07:47:14
500101012,8,1,7,2024-12-19 08:00:17
500113068,64,55,9,2024-12-19 08:47:15
500101169,49,38,10,2024-12-19 07:57:16
500112043,65,55,10,2024-12-19 07:57:16
500119048,53,42,11,2024-12-19 06:17:14
500119048,53,42,11,2024-12-19 06:21:15
500104031,66,19,12,2024-12-19 08:46:15
500107024,61,36,12,2024-12-19 08:27:16
500119048,53,41,12,2024-12-19 06:35:15
500107024,61,35,13,2024-12-19 08:03:15
500112017,53,40,13,2024-12-19 07:47:15
500113044,53,38,13,2024-12-19 06:51:15
500103024,57,41,14,2024-12-19 06:56:14
500113044,53,37,14,2024-12-19 07:21:15
500101144,69,52,17,2024-12-19 06:56:15
500104031,66,14,17,2024-12-19 07:27:15
500110065,55,38,17,2024-12-19 08:46:15
500112045,56,36,20,2024-12-19 07:36:15
500113044,53,31,20,2024-12-19 07:47:15
500111005,53,32,21,2024-12-19 08:57:15
500106006,55,33,22,2024-12-19 08:17:15
500119048,53,31,22,2024-12-19 07:20:16
500103024,57,34,23,2024-12-19 06:17:14
500107028,75,49,26,2024-12-19 04:59:14
500111013,73,47,26,2024-12-19 07:46:15
500109033,53,26,27,2024-12-19 06:08:14
500112049,70,42,28,2024-12-19 06:26:14
500106017,55,25,30,2024-12-19 08:27:16
500113044,53,21,30,2024-12-19 08:17:15
500101137,70,39,31,2024-12-19 06:44:14
500104014,56,24,31,2024-12-19 07:17:14
500109033,53,22,31,2024-12-19 06:56:15
500110005,77,44,33,2024-12-19 08:47:15
500101137,70,34,36,2024-12-19 08:03:15
500106121,49,13,36,2024-12-19 07:25:15
500107035,59,22,36,2024-12-19 07:27:15
500113068,64,28,36,2024-12-19 07:17:14
500101137,70,33,37,2024-12-19 08:37:15
500103011,64,25,37,2024-12-19 05:15:15
500106017,55,18,37,2024-12-19 07:37:15
500106121,49,12,37,2024-12-19 05:33:15
500109075,58,21,37,2024-12-19 06:47:15
500119077,56,19,37,2024-12-19 08:50:16
500106121,49,11,38,2024-12-19 06:55:16
500107024,61,23,38,2024-12-19 06:56:15
500119068,66,24,38,2024-12-19 08:56:16
500106006,55,15,40,2024-12-19 06:47:15
500107035,59,18,40,2024-12-19 08:27:16
500109075,58,14,40,2024-12-19 08:53:15
500105019,57,16,41,2024-12-19 06:44:15
500106017,55,14,41,2024-12-19 06:47:15
500111002,56,14,41,2024-12-19 07:50:16
500104030,49,6,42,2024-12-19 07:43:15
500110014,66,22,42,2024-12-19 07:30:16
500110065,55,13,42,2024-12-19 07:47:15
500104030,49,5,43,2024-12-19 07:23:15
500105019,57,14,43,2024-12-19 05:56:14
500101032,61,16,44,2024-12-19 08:46:15
500101132,54,10,44,2024-12-19 06:37:15
500104030,49,3,45,2024-12-19 07:14:15
500111002,56,10,45,2024-12-19 08:36:15
500106067,68,20,46,2024-12-19 07:17:14
500108044,73,27,46,2024-12-19 07:47:15
500112029,63,16,47,2024-12-19 08:17:15
500112066,54,6,47,2024-12-19 07:07:15
500109032,70,22,48,2024-12-19 08:46:15
500109075,58,9,49,2024-12-19 05:49:15
500112007,64,14,49,2024-12-19 06:45:16
500111013,73,22,51,2024-12-19 08:35:16
500112085,92,40,51,2024-12-19 08:27:16
500119068,66,15,51,2024-12-19 08:47:15
500110065,55,3,52,2024-12-19 06:15:16
500111003,65,13,52,2024-12-19 08:55:16
500107024,61,8,53,2024-12-19 06:14:14
500104031,66,10,54,2024-12-19 06:27:15
500113038,87,30,54,2024-12-19 08:57:15
500106048,59,4,55,2024-12-19 07:17:14
500111003,65,10,55,2024-12-19 07:37:15
500112022,56,0,56,2024-12-19 08:16:15
500112085,92,35,56,2024-12-19 07:54:15
500113038,87,28,56,2024-12-19 06:16:15
500113068,64,8,56,2024-12-19 05:12:14
500103009,81,24,57,2024-12-19 06:55:16
500104031,66,7,57,2024-12-19 06:01:14
500104091,70,12,57,2024-12-19 08:56:16
500106048,59,2,57,2024-12-19 06:34:15
500119059,68,11,57,2024-12-19 08:17:15
500119068,66,9,57,2024-12-19 07:36:15
500103009,81,22,59,2024-12-19 06:26:15
500112085,92,32,59,2024-12-19 06:36:14
500112029,63,1,62,2024-12-19 05:33:15
500109011,71,8,63,2024-12-19 06:56:15
500119068,66,3,63,2024-12-19 06:41:15
500119059,68,4,64,2024-12-19 08:03:15
500106055,81,13,66,2024-12-19 06:02:14
500110014,66,9,55,2024-12-19 03:55:15
500103009,81,12,69,2024-12-19 23:24:15
500101032,61,59,2,2024-12-19 00:41:14
500107024,61,2,59,2024-12-19 00:55:16
500107028,75,5,70,2024-12-19 00:42:15
500109032,70,53,16,2024-12-19 00:00:16
500111005,53,14,39,2024-12-19 00:29:15
500112045,56,36,18,2024-12-19 00:08:15
500113034,68,60,3,2024-12-19 00:50:16
500119048,53,41,12,2024-12-19 00:55:16
500107028,75,5,70,2024-12-19 03:17:15
500112035,96,9,86,2024-12-19 23:44:15
500112045,56,21,35,2024-12-19 23:39:14
500104091,70,6,63,2024-12-19 00:34:15
500105063,10,2,7,2024-12-19 23:42:15
500105063,10,7,2,2024-12-19 00:08:15
500105063,10,3,6,2024-12-19 19:41:16
500112091,10,9,1,2024-12-19 22:03:15
500108064,10,2,8,2024-12-19 01:27:16
500113071,10,9,1,2024-12-19 04:02:16
500107086,10,1,9,2024-12-19 22:08:15
500103029,10,7,3,2024-12-19 21:44:15
500119056,10,2,8,2024-12-19 00:41:14
500107065,10,5,5,2024-12-19 02:42:15
500107045,10,4,6,2024-12-19 02:22:15
500113003,10,2,8,2024-12-19 01:59:15
500103029,10,8,2,2024-12-19 04:29:15
500119065,10,10,0,2024-12-19 12:34:15
500108064,10,7,1,2024-12-19 12:18:16
500113015,10,8,1,2024-12-19 13:05:15
500119065,10,9,1,2024-12-19 12:26:16
500108064,10,6,2,2024-12-19 11:36:15
500107086,10,7,3,2024-12-19 09:23:15
500119078,10,7,3,2024-12-19 10:59:15
500105068,10,6,4,2024-12-19 11:35:16
500107065,10,6,4,2024-12-19 09:08:15
500113015,10,5,4,2024-12-19 12:19:15
500107045,10,5,5,2024-12-19 11:27:15
500113015,10,4,5,2024-12-19 10:36:15
500107045,10,4,6,2024-12-19 11:18:16
500107065,10,4,6,2024-12-19 12:15:16
500108064,10,2,6,2024-12-19 09:57:15
500119065,10,4,6,2024-12-19 11:48:15
500108064,10,1,7,2024-12-19 09:45:15
500107065,10,2,8,2024-12-19 12:31:15
500119065,10,2,8,2024-12-19 11:36:15
500119080,10,2,8,2024-12-19 12:16:15
500103049,10,1,9,2024-12-19 11:58:16
500108037,10,1,9,2024-12-19 11:07:16
500119080,10,1,9,2024-12-19 11:30:17
500103049,10,0,10,2024-12-19 11:48:15
500107045,10,10,0,2024-12-19 20:37:16
500112091,10,10,0,2024-12-19 21:20:16
500112091,10,9,1,2024-12-19 20:03:15
500113003,10,9,1,2024-12-19 19:00:18
500119080,10,9,1,2024-12-19 17:19:15
500103029,10,7,3,2024-12-19 19:56:16
500103029,10,7,3,2024-12-19 17:48:15
500103029,10,7,3,2024-12-19 19:09:15
500113071,10,7,3,2024-12-19 18:17:15
500119080,10,7,3,2024-12-19 18:46:15
500107099,10,6,4,2024-12-19 19:47:15
500119065,10,6,4,2024-12-19 19:21:16
500105063,10,4,5,2024-12-19 17:54:15
500107086,10,5,5,2024-12-19 20:35:16
500108064,10,4,5,2024-12-19 18:47:16
500107099,10,4,6,2024-12-19 20:19:15
500105057,10,3,7,2024-12-19 17:04:15
500107099,10,3,7,2024-12-19 21:11:15
500119056,10,3,7,2024-12-19 19:21:15
500105068,10,2,8,2024-12-19 20:25:15
500105068,10,1,9,2024-12-19 21:08:15
500105068,10,1,9,2024-12-19 18:56:15
500108064,10,0,9,2024-12-19 19:38:15
500119065,10,1,9,2024-12-19 17:58:16
500119065,10,1,9,2024-12-19 18:16:15
500119078,10,1,9,2024-12-19 20:39:16
500105068,10,0,10,2024-12-19 19:01:18
500119065,10,0,10,2024-12-19 18:25:17
500119078,10,0,10,2024-12-19 19:49:15
500119078,10,0,10,2024-12-19 20:59:17
500107045,10,10,0,2024-12-19 16:00:21
500103029,10,9,1,2024-12-19 16:37:15
500113015,10,8,1,2024-12-19 16:25:16
500107045,10,8,2,2024-12-19 17:15:17
500108064,10,6,2,2024-12-19 15:00:17
500113003,10,8,2,2024-12-19 17:13:15
500119080,10,8,2,2024-12-19 17:16:16
500119078,10,7,3,2024-12-19 13:34:16
500107099,10,6,4,2024-12-19 13:50:16
500113003,10,6,4,2024-12-19 15:43:15
500119078,10,6,4,2024-12-19 17:01:16
500119082,10,6,4,2024-12-19 14:42:15
500105057,10,5,5,2024-12-19 16:44:15
500107099,10,5,5,2024-12-19 14:04:15
500105057,10,4,6,2024-12-19 16:58:15
500105068,10,1,9,2024-12-19 16:28:15
500119065,10,1,9,2024-12-19 15:02:15
500119056,10,0,10,2024-12-19 16:56:15
500119056,10,4,6,2024-12-19 21:45:15
500112091,10,9,1,2024-12-19 21:42:15
500112091,10,8,2,2024-12-19 07:44:15
500113071,10,8,2,2024-12-19 06:24:15
500119056,10,7,3,2024-12-19 08:27:16
500105057,10,6,4,2024-12-19 06:50:16
500113071,10,6,4,2024-12-19 07:10:16
500107065,10,5,5,2024-12-19 07:23:15
500119078,10,4,6,2024-12-19 08:46:15
500107045,10,2,7,2024-12-19 08:26:15
500107045,10,2,7,2024-12-19 05:22:15
500107065,10,3,7,2024-12-19 08:34:14
500112091,10,3,7,2024-12-19 08:40:17
500113071,10,3,7,2024-12-19 08:03:15
500103049,10,2,8,2024-12-19 07:21:15
500107045,10,1,8,2024-12-19 05:16:14
500113015,10,1,8,2024-12-19 07:26:15
500119078,10,2,8,2024-12-19 05:48:14
500103029,10,1,9,2024-12-19 07:47:15
500103049,10,1,9,2024-12-19 08:56:16
500107099,10,1,9,2024-12-19 06:45:16
500113003,10,1,9,2024-12-19 07:57:16
500107099,10,0,10,2024-12-19 05:27:15
500113003,10,0,10,2024-12-19 08:03:15
500113003,10,0,10,2024-12-19 05:47:15
500113071,10,0,10,2024-12-19 08:56:16
500119065,10,0,10,2024-12-19 08:51:18
500119078,10,0,10,2024-12-19 04:45:15
500119080,10,0,10,2024-12-19 08:17:15
500113003,10,9,1,2024-12-19 23:29:14
500119056,10,4,6,2024-12-19 00:07:15
500107045,10,2,8,2024-12-19 00:18:15
500103049,10,1,9,2024-12-19 21:57:15
500103029,10,8,2,2024-12-19 21:22:15
500108037,10,8,2,2024-12-19 02:14:15
500103029,10,7,3,2024-12-19 03:27:15
500107045,10,3,6,2024-12-19 03:43:14
500107045,10,10,0,2024-12-19 23:27:14
500119056,10,1,9,2024-12-19 22:12:15
500108037,10,7,3,2024-12-19 04:41:15
500107045,10,4,6,2024-12-19 03:30:16
500107086,10,8,2,2024-12-19 11:58:16
500113015,10,6,3,2024-12-19 11:06:15
500105068,10,6,4,2024-12-19 09:08:16
500107045,10,6,4,2024-12-19 10:07:16
500107086,10,6,4,2024-12-19 09:34:15
500119082,10,6,4,2024-12-19 12:43:15
500107045,10,5,5,2024-12-19 10:38:15
500107086,10,5,5,2024-12-19 11:33:16
500119078,10,5,5,2024-12-19 12:38:15
500119082,10,4,6,2024-12-19 09:41:15
500119082,10,4,6,2024-12-19 10:27:16
500103049,10,2,8,2024-12-19 12:08:15
500113003,10,2,8,2024-12-19 08:44:16
500113003,10,2,8,2024-12-19 09:39:15
500103049,10,1,9,2024-12-19 09:38:17
500103049,10,1,9,2024-12-19 11:38:15
500107045,10,1,9,2024-12-19 12:07:16
500113003,10,1,9,2024-12-19 09:32:15
500119008,10,1,9,2024-12-19 12:47:16
500119065,10,1,9,2024-12-19 10:45:16
500103049,10,0,10,2024-12-19 10:40:18
500113071,10,0,10,2024-12-19 08:58:15
500119008,10,0,10,2024-12-19 11:28:15
500119008,10,0,10,2024-12-19 12:54:15
500107099,10,10,0,2024-12-19 17:27:16
500113071,10,10,0,2024-12-19 19:42:15
500107045,10,9,1,2024-12-19 20:49:16
500107045,10,9,1,2024-12-19 18:35:17
500107086,10,8,2,2024-12-19 19:10:17
500112091,10,8,2,2024-12-19 19:54:15
500113003,10,8,2,2024-12-19 21:19:16
500113003,10,8,2,2024-12-19 18:50:16
500107045,10,7,3,2024-12-19 21:14:15
500112091,10,7,3,2024-12-19 17:28:15
500112091,10,7,3,2024-12-19 17:58:16
500112091,10,7,3,2024-12-19 19:47:15
500113015,10,6,3,2024-12-19 17:43:15
500113003,10,6,4,2024-12-19 20:26:16
500113003,10,6,4,2024-12-19 19:16:15
500113003,10,6,4,2024-12-19 18:33:16
500113015,10,4,5,2024-12-19 18:56:15
500107086,10,4,6,2024-12-19 20:44:15
500119056,10,4,6,2024-12-19 17:35:16
500105068,10,3,7,2024-12-19 20:01:15
500105068,10,2,8,2024-12-19 19:37:15
500107099,10,2,8,2024-12-19 20:56:15
500113015,10,1,8,2024-12-19 21:14:16
500119056,10,2,8,2024-12-19 18:37:15
500105068,10,1,9,2024-12-19 19:42:15
500107065,10,1,9,2024-12-19 18:38:15
500119078,10,0,10,2024-12-19 17:17:15
500103029,10,10,0,2024-12-19 15:59:15
500103029,10,9,1,2024-12-19 15:24:15
500107045,10,9,1,2024-12-19 15:36:15
500119082,10,9,1,2024-12-19 13:27:15
500107099,10,8,2,2024-12-19 17:01:16
500113015,10,7,2,2024-12-19 16:45:17
500108064,10,5,3,2024-12-19 13:46:16
500103029,10,6,4,2024-12-19 13:14:15
500107045,10,6,4,2024-12-19 14:35:15
500108064,10,4,4,2024-12-19 17:05:17
500103049,10,5,5,2024-12-19 17:16:16
500103049,10,5,5,2024-12-19 15:38:15
500105063,10,4,5,2024-12-19 16:14:15
500105068,10,3,7,2024-12-19 16:54:16
500107065,10,3,7,2024-12-19 15:27:15
500108037,10,3,7,2024-12-19 14:23:15
500105068,10,0,10,2024-12-19 16:31:15
500119056,10,0,10,2024-12-19 15:36:15
500112091,10,10,0,2024-12-19 06:44:15
500119065,10,9,1,2024-12-19 08:16:15
500105063,10,7,2,2024-12-19 07:46:15
500108064,10,8,2,2024-12-19 07:35:16
500108064,10,8,2,2024-12-19 07:58:15
500105063,10,6,3,2024-12-19 05:09:15
500108064,10,7,3,2024-12-19 08:13:15
500112091,10,7,3,2024-12-19 07:37:15
500119056,10,7,3,2024-12-19 06:43:15
500108037,10,6,4,2024-12-19 06:14:14
500108064,10,6,4,2024-12-19 06:22:14
500105068,10,5,5,2024-12-19 06:52:15
500108064,10,5,5,2024-12-19 06:10:16
500113015,10,3,6,2024-12-19 06:46:15
500105068,10,3,7,2024-12-19 08:27:16
500107065,10,3,7,2024-12-19 08:47:15
500103049,10,2,8,2024-12-19 07:12:15
500119008,10,1,8,2024-12-19 06:47:15
500119080,10,2,8,2024-12-19 06:44:15
500107099,10,1,9,2024-12-19 05:48:15
500113003,10,1,9,2024-12-19 06:46:15
500107099,10,0,10,2024-12-19 05:29:16
500107099,10,0,10,2024-12-19 07:27:15
500119056,10,0,10,2024-12-19 08:47:15
500107086,10,0,10,2024-12-19 22:43:15
500112091,10,8,2,2024-12-19 23:09:15
500107045,10,10,0,2024-12-19 23:19:15
500107086,10,1,9,2024-12-19 22:38:15
500119056,10,2,8,2024-12-19 22:22:15
500103029,10,3,7,2024-12-19 22:24:15
500113071,10,9,1,2024-12-19 22:14:15
500107065,10,2,8,2024-12-19 21:27:15
500107086,10,2,8,2024-12-19 21:20:16
500113003,10,6,4,2024-12-19 21:25:16
500107045,10,7,3,2024-12-19 21:37:15
500107086,10,2,8,2024-12-19 01:56:14
500105068,10,5,5,2024-12-19 02:46:14
500113015,10,3,6,2024-12-19 21:40:16
500113071,10,8,2,2024-12-19 21:46:15
500119078,10,6,4,2024-12-19 01:22:15
500107045,10,4,6,2024-12-19 02:38:14
500107065,10,2,8,2024-12-19 23:09:15
500107045,10,8,2,2024-12-19 22:16:15
500107086,10,2,8,2024-12-19 22:22:15
500105057,10,10,0,2024-12-19 08:12:16
500107065,10,10,0,2024-12-19 10:48:15
500107099,10,10,0,2024-12-19 11:36:16
500107065,10,8,2,2024-12-19 10:21:15
500119078,10,8,2,2024-12-19 10:49:15
500105068,10,7,3,2024-12-19 12:39:15
500107086,10,7,3,2024-12-19 11:47:16
500107099,10,7,3,2024-12-19 09:09:15
500108064,10,5,3,2024-12-19 10:59:15
500113015,10,6,3,2024-12-19 12:06:16
500119078,10,7,3,2024-12-19 11:36:15
500107086,10,5,5,2024-12-19 10:55:17
500108037,10,5,5,2024-12-19 09:24:15
500113015,10,4,5,2024-12-19 12:27:15
500119056,10,5,5,2024-12-19 12:38:14
500119078,10,5,5,2024-12-19 12:43:15
500119078,10,5,5,2024-12-19 11:26:15
500103029,10,4,6,2024-12-19 12:30:16
500105057,10,4,6,2024-12-19 11:45:15
500105057,10,4,6,2024-12-19 10:37:15
500113015,10,3,6,2024-12-19 09:25:16
500119056,10,4,6,2024-12-19 12:07:16
500119065,10,4,6,2024-12-19 12:06:15
500103029,10,3,7,2024-12-19 10:46:14
500103049,10,2,8,2024-12-19 11:17:15
500103029,10,1,9,2024-12-19 09:57:15
500103029,10,1,9,2024-12-19 10:36:15
500103049,10,1,9,2024-12-19 09:36:15
500103049,10,1,9,2024-12-19 10:18:15
500112091,10,0,10,2024-12-19 12:18:15
500119056,10,0,10,2024-12-19 09:03:15
500119080,10,0,10,2024-12-19 13:08:16
500119080,10,0,10,2024-12-19 08:51:18
500107045,10,10,0,2024-12-19 19:59:17
500107086,10,10,0,2024-12-19 17:04:16
500107099,10,10,0,2024-12-19 19:28:15
500113015,10,9,0,2024-12-19 18:15:17
500103029,10,9,1,2024-12-19 21:15:16
500107045,10,8,2,2024-12-19 17:58:16
500108064,10,7,2,2024-12-19 18:33:16
500112091,10,8,2,2024-12-19 19:02:16
500107045,10,7,3,2024-12-19 20:28:15
500107045,10,7,3,2024-12-19 21:06:15
500103049,10,6,4,2024-12-19 20:16:16
500105057,10,5,5,2024-12-19 18:17:16
500113015,10,4,5,2024-12-19 19:21:15
500113071,10,5,5,2024-12-19 17:21:15
500119008,10,5,5,2024-12-19 21:09:16
500119065,10,5,5,2024-12-19 20:47:14
500105057,10,4,6,2024-12-19 20:47:14
500108064,10,2,6,2024-12-19 18:08:16
500113015,10,3,6,2024-12-19 19:41:16
500119056,10,4,6,2024-12-19 19:02:15
500103049,10,3,7,2024-12-19 17:58:16
500105057,10,3,7,2024-12-19 21:17:14
500113015,10,2,7,2024-12-19 20:49:15
500105057,10,2,8,2024-12-19 17:33:16
500107099,10,2,8,2024-12-19 20:38:15
500119056,10,2,8,2024-12-19 17:58:16
500119082,10,2,8,2024-12-19 20:45:16
500119078,10,1,9,2024-12-19 17:55:17
500119078,10,0,10,2024-12-19 20:48:15
500107045,10,10,0,2024-12-19 13:17:15
500113015,10,9,0,2024-12-19 13:17:15
500119080,10,9,1,2024-12-19 16:17:15
500119080,10,9,1,2024-12-19 16:43:15
500107045,10,8,2,2024-12-19 16:46:15
500107086,10,8,2,2024-12-19 13:31:15
500119078,10,7,3,2024-12-19 14:18:15
500113003,10,6,4,2024-12-19 16:34:16
500113071,10,6,4,2024-12-19 17:13:15
500113071,10,5,5,2024-12-19 16:21:15
500119008,10,5,5,2024-12-19 15:23:15
500119078,10,5,5,2024-12-19 14:55:16
500119080,10,5,5,2024-12-19 14:56:15
500119008,10,1,9,2024-12-19 13:23:15
500119065,10,1,9,2024-12-19 15:52:16
500119065,10,0,10,2024-12-19 15:45:17
500107045,10,4,6,2024-12-19 02:55:15
500107045,10,8,2,2024-12-19 21:47:15
500119056,10,10,0,2024-12-19 08:02:17
500105057,10,9,1,2024-12-19 08:03:15
500105063,10,8,1,2024-12-19 08:46:15
500119065,10,9,1,2024-12-19 07:34:15
500107045,10,7,2,2024-12-19 08:55:16
500107065,10,7,3,2024-12-19 08:17:15
500112091,10,7,3,2024-12-19 08:09:15
500112091,10,6,4,2024-12-19 08:27:15
500113015,10,5,4,2024-12-19 04:58:15
500113015,10,4,5,2024-12-19 06:50:16
500103049,10,4,6,2024-12-19 08:16:15
500103049,10,4,6,2024-12-19 06:47:15
500105068,10,4,6,2024-12-19 06:10:16
500113003,10,4,6,2024-12-19 07:37:15
500119065,10,4,6,2024-12-19 08:26:15
500103049,10,3,7,2024-12-19 08:43:15
500105068,10,3,7,2024-12-19 06:26:15
500107045,10,2,7,2024-12-19 08:03:15
500107065,10,3,7,2024-12-19 08:56:16
500108064,10,3,7,2024-12-19 06:06:14
500103029,10,1,9,2024-12-19 08:32:15
500107045,10,0,9,2024-12-19 06:08:15
500113071,10,1,9,2024-12-19 08:27:16
500119056,10,0,10,2024-12-19 08:49:16
500108064,10,2,8,2024-12-19 00:10:15
500119078,10,1,9,2024-12-19 00:14:15
500119082,10,7,3,2024-12-19 00:34:15
500119078,10,8,2,2024-12-19 23:42:15
500103029,10,10,0,2024-12-19 00:37:15
500119065,10,0,10,2024-12-19 22:09:15
500113003,10,3,5,2024-12-19 23:46:15
500107065,10,4,6,2024-12-19 23:44:15
500107086,10,5,5,2024-12-19 00:08:15
500119078,10,7,3,2024-12-19 00:31:15
500107065,10,0,10,2024-12-19 23:17:15
500107065,10,3,7,2024-12-19 22:00:16
500107099,10,1,9,2024-12-19 21:39:16
500107045,10,0,10,2024-12-19 01:23:15
500107045,10,9,1,2024-12-19 21:58:16
500112091,10,3,7,2024-12-19 03:15:15
500113015,10,1,8,2024-12-19 23:55:16
500119078,10,5,5,2024-12-19 01:28:14
500119078,10,4,6,2024-12-19 02:00:17
500107099,10,2,8,2024-12-19 22:40:15
500119056,10,4,6,2024-12-19 22:45:16
500119078,10,10,0,2024-12-19 22:46:15
500113015,10,2,7,2024-12-19 22:17:15
500103029,10,6,4,2024-12-19 02:07:15
500107065,10,4,5,2024-12-19 01:25:15
500107045,10,10,0,2024-12-19 12:40:18
500107099,10,10,0,2024-12-19 11:18:16
500119078,10,10,0,2024-12-19 09:57:15
500105063,10,8,1,2024-12-19 09:09:15
500107045,10,9,1,2024-12-19 09:37:16
500107065,10,9,1,2024-12-19 10:03:17
500107065,10,9,1,2024-12-19 10:17:15
500119078,10,9,1,2024-12-19 10:17:16
500113003,10,8,2,2024-12-19 11:36:15
500113015,10,7,2,2024-12-19 11:28:16
500119065,10,8,2,2024-12-19 13:07:15
500105068,10,7,3,2024-12-19 09:26:15
500105068,10,7,3,2024-12-19 10:22:16
500107099,10,6,4,2024-12-19 13:03:15
500108064,10,4,4,2024-12-19 10:18:15
500113015,10,5,4,2024-12-19 11:53:16
500105057,10,5,5,2024-12-19 11:17:15
500103029,10,4,6,2024-12-19 12:24:16
500107086,10,4,6,2024-12-19 11:08:15
500113015,10,2,7,2024-12-19 09:37:15
500113071,10,3,7,2024-12-19 11:31:15
500103029,10,2,8,2024-12-19 11:47:16
500108037,10,2,8,2024-12-19 10:28:15
500113003,10,2,8,2024-12-19 09:15:15
500119065,10,2,8,2024-12-19 10:28:16
500103029,10,1,9,2024-12-19 11:37:15
500103029,10,1,9,2024-12-19 10:15:16
500112091,10,1,9,2024-12-19 09:02:15
500112091,10,1,9,2024-12-19 09:45:16
500112091,10,1,9,2024-12-19 11:39:15
500113071,10,1,9,2024-12-19 10:13:16
500119056,10,1,9,2024-12-19 11:16:16
500103029,10,0,10,2024-12-19 09:44:15
500119056,10,0,10,2024-12-19 10:17:15
500119065,10,0,10,2024-12-19 09:07:16
500113015,10,9,0,2024-12-19 18:08:16
500107045,10,9,1,2024-12-19 19:49:15
500107099,10,9,1,2024-12-19 17:38:16
500107099,10,9,1,2024-12-19 19:12:17
500107045,10,8,2,2024-12-19 18:08:16
500107099,10,8,2,2024-12-19 18:36:16
500103029,10,7,3,2024-12-19 20:45:16
500119080,10,7,3,2024-12-19 18:02:15
500103049,10,6,4,2024-12-19 17:32:15
500113015,10,5,4,2024-12-19 19:16:15
500103049,10,5,5,2024-12-19 17:25:16
500119008,10,5,5,2024-12-19 16:55:16
500119082,10,5,5,2024-12-19 19:17:16
500103049,10,4,6,2024-12-19 17:46:14
500105057,10,4,6,2024-12-19 19:49:15
500113071,10,4,6,2024-12-19 17:45:16
500119056,10,4,6,2024-12-19 20:26:16
500119078,10,4,6,2024-12-19 19:27:15
500107065,10,3,7,2024-12-19 18:53:15
500119056,10,3,7,2024-12-19 17:28:14
500119078,10,3,7,2024-12-19 19:31:15
500119056,10,2,8,2024-12-19 17:48:15
500107099,10,1,9,2024-12-19 20:42:15
500108064,10,0,9,2024-12-19 19:40:19
500113015,10,0,9,2024-12-19 20:37:16
500105068,10,9,1,2024-12-19 15:43:15
500108064,10,7,1,2024-12-19 15:26:15
500112091,10,9,1,2024-12-19 15:00:17
500113015,10,8,1,2024-12-19 16:52:15
500112091,10,8,2,2024-12-19 15:09:15
500113003,10,8,2,2024-12-19 13:25:16
500119078,10,7,3,2024-12-19 16:25:16
500119082,10,7,3,2024-12-19 15:40:16
500107045,10,6,4,2024-12-19 14:44:15
500113071,10,6,4,2024-12-19 16:32:15
500119078,10,6,4,2024-12-19 13:16:15
500108037,10,5,5,2024-12-19 16:53:15
500119078,10,5,5,2024-12-19 15:08:15
500103049,10,4,6,2024-12-19 15:40:16
500105057,10,4,6,2024-12-19 16:20:17
500107065,10,4,6,2024-12-19 16:55:17
500119008,10,4,6,2024-12-19 14:16:15
500119065,10,4,6,2024-12-19 13:25:15
500103049,10,2,8,2024-12-19 15:10:15
500119056,10,2,8,2024-12-19 15:13:16
500103049,10,1,9,2024-12-19 13:32:15
500119065,10,0,10,2024-12-19 17:18:16
500119056,10,10,0,2024-12-19 08:13:15
500107065,10,9,1,2024-12-19 07:37:15
500112091,10,9,1,2024-12-19 07:16:15
500105068,10,8,2,2024-12-19 08:00:20
500103029,10,7,3,2024-12-19 05:00:16
500108064,10,7,3,2024-12-19 08:26:15
500108064,10,7,3,2024-12-19 07:55:17
500113071,10,7,3,2024-12-19 05:22:15
500105057,10,6,4,2024-12-19 05:09:15
500103029,10,5,5,2024-12-19 08:45:16
500108037,10,5,5,2024-12-19 06:28:15
500107045,10,3,6,2024-12-19 08:36:15
500119056,10,4,6,2024-12-19 08:34:15
500113003,10,3,7,2024-12-19 07:42:15
500107045,10,0,9,2024-12-19 06:06:14
500107099,10,1,9,2024-12-19 07:35:16
500113015,10,0,9,2024-12-19 08:02:17
500113071,10,1,9,2024-12-19 08:29:16
500107099,10,0,10,2024-12-19 08:13:15
500107099,10,0,10,2024-12-19 07:52:15
500108064,10,1,9,2024-12-19 00:20:15
500107045,10,4,6,2024-12-19 03:13:15
500119056,10,3,7,2024-12-19 00:24:14
500119080,10,7,3,2024-12-19 22:28:15
500119082,10,6,4,2024-12-19 00:54:15
500113015,10,2,7,2024-12-19 21:36:15
500119080,10,8,2,2024-12-19 21:08:15
500113003,10,3,7,2024-12-19 02:23:15
500103049,10,4,6,2024-12-19 02:54:15
500119008,10,2,7,2024-12-19 03:52:14
500107099,10,1,9,2024-12-19 23:46:15
500108064,10,0,10,2024-12-19 01:06:15
500107065,10,5,4,2024-12-19 01:42:14
500103049,10,2,8,2024-12-19 01:55:16
500107065,10,6,4,2024-12-19 01:53:15
500103029,10,2,8,2024-12-19 22:18:14
500107099,10,10,0,2024-12-19 11:27:16
500108064,10,8,0,2024-12-19 12:22:15
500105063,10,7,2,2024-12-19 10:00:18
500107065,10,8,2,2024-12-19 10:36:14
500107099,10,8,2,2024-12-19 12:04:16
500119078,10,8,2,2024-12-19 11:41:15
500119078,10,7,3,2024-12-19 10:46:14
500105063,10,5,4,2024-12-19 12:20:16
500119082,10,6,4,2024-12-19 10:46:14
500103029,10,5,5,2024-12-19 12:57:15
500107045,10,5,5,2024-12-19 12:28:15
500107045,10,5,5,2024-12-19 11:38:15
500107065,10,5,5,2024-12-19 12:58:15
500113003,10,5,5,2024-12-19 10:23:15
500113071,10,5,5,2024-12-19 12:30:16
500119080,10,5,5,2024-12-19 09:40:16
500107045,10,4,6,2024-12-19 10:13:15
500107045,10,4,6,2024-12-19 10:28:15
500119080,10,4,6,2024-12-19 12:41:15
500103029,10,3,7,2024-12-19 12:13:16
500107045,10,1,9,2024-12-19 12:16:15
500119008,10,1,9,2024-12-19 11:16:14
500119065,10,1,9,2024-12-19 11:04:15
500119078,10,1,9,2024-12-19 12:17:16
500113071,10,0,10,2024-12-19 10:07:15
500119008,10,0,10,2024-12-19 09:32:15
500107099,10,10,0,2024-12-19 17:41:16
500108064,10,8,0,2024-12-19 18:18:16
500113071,10,9,1,2024-12-19 20:37:16
500103049,10,8,2,2024-12-19 20:12:15
500112091,10,8,2,2024-12-19 18:11:16
500113071,10,8,2,2024-12-19 18:54:15
500119065,10,8,2,2024-12-19 19:49:15
500119080,10,8,2,2024-12-19 17:50:16
500119082,10,8,2,2024-12-19 17:14:16
500103029,10,7,3,2024-12-19 18:25:17
500113003,10,7,3,2024-12-19 19:20:17
500119080,10,7,3,2024-12-19 20:37:16
500105063,10,5,4,2024-12-19 16:42:15
500107065,10,6,4,2024-12-19 18:17:15
500108037,10,6,4,2024-12-19 19:24:15
500103029,10,5,5,2024-12-19 19:35:16
500103049,10,4,6,2024-12-19 18:54:15
500108064,10,2,7,2024-12-19 19:20:17
500119078,10,3,7,2024-12-19 19:18:15
500107065,10,2,8,2024-12-19 19:49:15
500103049,10,1,9,2024-12-19 18:17:15
500105068,10,1,9,2024-12-19 18:18:16
500119065,10,1,9,2024-12-19 19:19:15
500119056,10,0,10,2024-12-19 18:18:16
500103029,10,10,0,2024-12-19 15:57:15
500107045,10,10,0,2024-12-19 16:18:16
500103029,10,8,2,2024-12-19 14:52:16
500107045,10,8,2,2024-12-19 13:51:15
500108064,10,5,3,2024-12-19 16:54:15
500119078,10,7,3,2024-12-19 15:56:15
500119008,10,6,4,2024-12-19 15:41:15
500103049,10,5,5,2024-12-19 16:48:16
500107065,10,5,5,2024-12-19 13:15:15
500119078,10,5,5,2024-12-19 15:19:16
500103049,10,4,6,2024-12-19 16:53:14
500103049,10,4,6,2024-12-19 15:22:15
500119080,10,4,6,2024-12-19 14:46:15
500119008,10,3,7,2024-12-19 14:01:15
500119056,10,2,8,2024-12-19 16:33:15
500119065,10,2,8,2024-12-19 13:46:16
500119056,10,1,9,2024-12-19 14:27:16
500119056,10,0,10,2024-12-19 13:25:16
500119065,10,0,10,2024-12-19 16:54:16
500108064,10,10,0,2024-12-19 08:36:17
500112091,10,9,1,2024-12-19 07:18:15
500119056,10,7,3,2024-12-19 07:44:15
500107065,10,6,4,2024-12-19 08:27:16
500119078,10,6,4,2024-12-19 08:55:16
500107086,10,5,5,2024-12-19 07:52:15
500119008,10,4,5,2024-12-19 08:32:15
500103029,10,3,7,2024-12-19 07:57:16
500107099,10,3,7,2024-12-19 08:35:16
500107099,10,3,7,2024-12-19 08:52:16
500113015,10,2,7,2024-12-19 07:13:15
500119008,10,2,7,2024-12-19 06:54:16
500119078,10,3,7,2024-12-19 08:20:17
500107045,10,1,8,2024-12-19 08:47:15
500119078,10,2,8,2024-12-19 05:50:17
500103049,10,1,9,2024-12-19 07:28:15
500119065,10,1,9,2024-12-19 08:35:16
500103029,10,0,10,2024-12-19 08:23:15
500107099,10,0,10,2024-12-19 07:06:16
500112091,10,0,10,2024-12-19 08:57:16
500113003,10,0,10,2024-12-19 08:27:15
500119080,10,0,10,2024-12-19 08:19:16
500107045,10,0,10,2024-12-19 00:07:15
500103049,10,2,8,2024-12-19 00:05:15
500105068,10,1,9,2024-12-19 23:19:15
500107086,10,3,7,2024-12-19 23:34:15
500107045,10,0,10,2024-12-19 01:16:15
500119056,10,3,7,2024-12-19 01:17:15
500112091,10,6,4,2024-12-19 00:49:15
500113015,10,2,7,2024-12-19 23:19:15
500113003,10,10,0,2024-12-19 23:04:15
500103049,10,2,8,2024-12-19 21:37:15
500119056,10,4,6,2024-12-19 21:34:15
500113015,10,3,6,2024-12-19 03:03:15
500112091,10,4,6,2024-12-19 02:42:15
500112091,10,2,8,2024-12-19 03:51:15
500119080,10,7,3,2024-12-19 22:05:16
500113003,10,8,2,2024-12-19 21:49:15
500107099,10,2,8,2024-12-19 21:56:15
500119082,10,5,5,2024-12-19 23:51:15
500107045,10,0,10,2024-12-19 01:39:15
500107045,10,8,2,2024-12-19 22:43:15
500119080,10,6,4,2024-12-19 22:21:15
500103029,10,4,6,2024-12-19 22:54:14
500119056,10,4,6,2024-12-19 01:53:15
500107065,10,10,0,2024-12-19 09:42:15
500107099,10,10,0,2024-12-19 09:51:16
500107099,10,10,0,2024-12-19 10:17:15
500107086,10,9,1,2024-12-19 12:25:16
500107099,10,9,1,2024-12-19 10:58:16
500108064,10,9,1,2024-12-19 09:01:17
500105068,10,8,2,2024-12-19 09:48:15
500107045,10,8,2,2024-12-19 10:44:16
500105063,10,6,3,2024-12-19 09:17:16
500113003,10,7,3,2024-12-19 12:06:16
500119078,10,7,3,2024-12-19 09:01:15
500113003,10,6,4,2024-12-19 12:27:15
500119080,10,6,4,2024-12-19 09:35:16
500105057,10,5,5,2024-12-19 09:42:15
500107065,10,5,5,2024-12-19 09:06:14
500107086,10,5,5,2024-12-19 09:05:16
500108064,10,3,5,2024-12-19 10:25:16
500119056,10,5,5,2024-12-19 12:58:15
500119082,10,5,5,2024-12-19 10:55:17
500107065,10,4,6,2024-12-19 12:47:15
500119078,10,4,6,2024-12-19 12:26:15
500107045,10,3,7,2024-12-19 11:06:15
500103029,10,2,8,2024-12-19 12:04:15
500103049,10,2,8,2024-12-19 12:27:15
500103049,10,2,8,2024-12-19 12:50:15
500103049,10,2,8,2024-12-19 11:19:15
500113015,10,1,8,2024-12-19 10:00:17
500119008,10,2,8,2024-12-19 10:35:15
500119065,10,2,8,2024-12-19 10:52:15
500112091,10,1,9,2024-12-19 10:11:14
500119080,10,1,9,2024-12-19 12:58:15
500119080,10,1,9,2024-12-19 10:44:16
500103029,10,0,10,2024-12-19 10:04:16
500103029,10,0,10,2024-12-19 10:26:15
500119008,10,0,10,2024-12-19 09:27:15
500119056,10,0,10,2024-12-19 10:07:16
500107045,10,10,0,2024-12-19 17:37:16
500107045,10,10,0,2024-12-19 19:34:16
500107045,10,10,0,2024-12-19 20:59:15
500113071,10,10,0,2024-12-19 21:02:16
500107045,10,9,1,2024-12-19 19:16:15
500107099,10,9,1,2024-12-19 17:54:15
500112091,10,9,1,2024-12-19 18:43:15
500113071,10,9,1,2024-12-19 20:56:15
500103029,10,8,2,2024-12-19 19:06:16
500113003,10,8,2,2024-12-19 20:55:17
500113071,10,6,4,2024-12-19 17:59:15
500107065,10,5,5,2024-12-19 17:47:15
500108037,10,5,5,2024-12-19 18:22:16
500108064,10,3,6,2024-12-19 19:03:15
500103049,10,3,7,2024-12-19 18:36:16
500105068,10,3,7,2024-12-19 18:37:15
500113015,10,2,7,2024-12-19 20:57:15
500119065,10,3,7,2024-12-19 21:09:15
500119056,10,2,8,2024-12-19 20:46:16
500119082,10,2,8,2024-12-19 18:19:15
500119082,10,1,9,2024-12-19 21:07:16
500105057,10,0,10,2024-12-19 18:07:16
500119056,10,0,10,2024-12-19 18:46:15
500107045,10,9,1,2024-12-19 13:38:15
500107045,10,9,1,2024-12-19 15:04:14
500108064,10,6,2,2024-12-19 16:20:17
500103029,10,7,3,2024-12-19 14:13:15
500113015,10,6,3,2024-12-19 14:53:15
500119082,10,7,3,2024-12-19 14:08:15
500105068,10,5,5,2024-12-19 16:42:18
500108064,10,3,5,2024-12-19 17:15:17
500113015,10,4,5,2024-12-19 14:16:16
500119080,10,5,5,2024-12-19 15:08:14
500119008,10,4,6,2024-12-19 15:09:15
500103049,10,3,7,2024-12-19 13:50:16
500103049,10,2,8,2024-12-19 14:51:15
500108064,10,10,0,2024-12-19 07:18:15
500108064,10,9,1,2024-12-19 06:49:15
500119065,10,8,2,2024-12-19 07:27:15
500105057,10,7,3,2024-12-19 07:51:15
500107065,10,7,3,2024-12-19 08:02:15
500103029,10,6,4,2024-12-19 08:56:16
500119056,10,6,4,2024-12-19 07:37:15
500107045,10,4,5,2024-12-19 07:56:15
500107086,10,5,5,2024-12-19 07:17:14
500103029,10,4,6,2024-12-19 08:00:17
500113015,10,3,6,2024-12-19 08:30:16
500113071,10,4,6,2024-12-19 07:57:16
500119008,10,3,6,2024-12-19 08:45:16
500119078,10,4,6,2024-12-19 08:12:15
500107045,10,2,7,2024-12-19 04:56:15
500107045,10,2,7,2024-12-19 06:54:16
500108037,10,3,7,2024-12-19 07:11:15
500113015,10,2,7,2024-12-19 08:25:16
500103049,10,2,8,2024-12-19 08:26:15
500103049,10,2,8,2024-12-19 08:34:15
500103049,10,2,8,2024-12-19 05:50:15
500107045,10,0,9,2024-12-19 07:30:18
500113003,10,1,9,2024-12-19 07:08:15
500113015,10,0,9,2024-12-19 07:41:15
500107045,10,2,8,2024-12-19 00:34:14
500107045,10,1,9,2024-12-19 00:43:15
500105057,10,6,4,2024-12-19 23:00:16
500108064,10,0,10,2024-12-19 01:08:15
500107065,10,1,8,2024-12-19 00:47:16
500119078,10,0,10,2024-12-19 21:10:18
500119082,10,0,10,2024-12-19 21:17:15
500113015,10,3,6,2024-12-19 22:27:14
500119065,10,1,9,2024-12-19 21:28:15
500119008,10,6,4,2024-12-19 21:17:15
500112091,10,10,0,2024-12-19 21:22:15
500107065,10,6,4,2024-12-19 03:05:15
500119056,10,3,7,2024-12-19 22:07:15
500108037,10,6,4,2024-12-19 21:48:16
500119056,10,2,8,2024-12-19 21:59:15
500119056,10,3,7,2024-12-19 01:26:15
500119078,10,3,7,2024-12-19 02:27:14
500105068,10,6,4,2024-12-19 02:12:16
500107045,10,2,8,2024-12-19 02:17:15
500108064,10,1,8,2024-12-19 22:40:17
500107045,10,8,2,2024-12-19 22:51:15
500119082,10,6,4,2024-12-19 23:23:15
500107045,10,10,0,2024-12-19 12:38:15
500107045,10,10,0,2024-12-19 12:53:16
500107045,10,10,0,2024-12-19 09:45:16
500107099,10,10,0,2024-12-19 09:21:17
500108064,10,10,0,2024-12-19 09:09:15
500107045,10,9,1,2024-12-19 13:06:14
500107099,10,9,1,2024-12-19 12:13:16
500108064,10,7,1,2024-12-19 11:18:16
500119056,10,9,1,2024-12-19 12:43:15
500119082,10,9,1,2024-12-19 13:08:15
500113015,10,6,3,2024-12-19 12:38:15
500113015,10,5,4,2024-12-19 10:43:16
500119078,10,6,4,2024-12-19 11:56:16
500103029,10,5,5,2024-12-19 12:48:15
500119056,10,5,5,2024-12-19 12:25:16
500119082,10,5,5,2024-12-19 10:18:15
500103049,10,3,7,2024-12-19 09:50:16
500119082,10,3,7,2024-12-19 09:09:15
500119080,10,2,8,2024-12-19 10:07:16
500103049,10,1,9,2024-12-19 09:06:17
500103049,10,1,9,2024-12-19 09:27:15
500112091,10,1,9,2024-12-19 11:52:16
500119056,10,1,9,2024-12-19 11:08:15
500119056,10,0,10,2024-12-19 09:35:17
500119065,10,0,10,2024-12-19 09:47:15
500119080,10,0,10,2024-12-19 10:13:16
500103029,10,10,0,2024-12-19 18:37:15
500107045,10,10,0,2024-12-19 18:16:16
500107045,10,10,0,2024-12-19 18:47:16
500103049,10,9,1,2024-12-19 19:17:15
500107045,10,9,1,2024-12-19 20:09:15
500107045,10,9,1,2024-12-19 20:11:15
500113003,10,9,1,2024-12-19 17:27:16
500113003,10,9,1,2024-12-19 18:16:15
500103029,10,8,2,2024-12-19 21:06:15
500113003,10,8,2,2024-12-19 20:43:15
500119065,10,8,2,2024-12-19 19:30:16
500103029,10,7,3,2024-12-19 18:07:16
500107045,10,7,3,2024-12-19 19:04:15
500112091,10,7,3,2024-12-19 17:44:15
500113015,10,6,3,2024-12-19 17:36:15
500107065,10,4,6,2024-12-19 19:13:15
500108064,10,3,6,2024-12-19 18:49:16
500119008,10,4,6,2024-12-19 18:29:16
500119008,10,4,6,2024-12-19 18:03:15
500119056,10,4,6,2024-12-19 19:48:15
500105057,10,3,7,2024-12-19 20:19:15
500119082,10,3,7,2024-12-19 17:40:17
500103049,10,2,8,2024-12-19 18:08:16
500105068,10,2,8,2024-12-19 19:50:16
500108064,10,1,8,2024-12-19 20:08:15
500108064,10,0,8,2024-12-19 17:48:15
500119082,10,1,9,2024-12-19 18:31:15
500107065,10,0,10,2024-12-19 20:16:17
500119078,10,0,10,2024-12-19 18:27:18
500119082,10,0,10,2024-12-19 18:44:15
500103029,10,9,1,2024-12-19 16:39:15
500107045,10,9,1,2024-12-19 16:58:14
500119080,10,9,1,2024-12-19 16:37:16
500107099,10,8,2,2024-12-19 16:45:17
500119082,10,8,2,2024-12-19 13:12:15
500119082,10,8,2,2024-12-19 14:54:15
500112091,10,7,3,2024-12-19 15:40:16
500113003,10,7,3,2024-12-19 16:04:15
500113003,10,7,3,2024-12-19 14:29:15
500113071,10,7,3,2024-12-19 16:43:15
500119082,10,7,3,2024-12-19 16:08:16
500108064,10,4,4,2024-12-19 13:34:15
500112091,10,6,4,2024-12-19 16:33:15
500119080,10,6,4,2024-12-19 14:05:16
500107099,10,5,5,2024-12-19 16:38:15
500119078,10,5,5,2024-12-19 16:37:15
500107065,10,4,6,2024-12-19 15:05:16
500105057,10,3,7,2024-12-19 14:59:15
500119008,10,3,7,2024-12-19 14:20:16
500103049,10,2,8,2024-12-19 13:42:15
500119056,10,2,8,2024-12-19 13:15:15
500107099,10,1,9,2024-12-19 21:40:17
500105068,10,10,0,2024-12-19 07:39:16
500105068,10,10,0,2024-12-19 07:57:16
500108064,10,10,0,2024-12-19 07:16:15
500105068,10,9,1,2024-12-19 07:03:15
500108064,10,8,2,2024-12-19 06:47:15
500112091,10,8,2,2024-12-19 06:25:15
500119056,10,8,2,2024-12-19 07:51:15
500105057,10,7,3,2024-12-19 05:45:15
500112091,10,7,3,2024-12-19 04:48:15
500113071,10,6,4,2024-12-19 07:24:15
500119008,10,5,4,2024-12-19 08:55:16
500119082,10,6,4,2024-12-19 08:13:15
500113071,10,5,5,2024-12-19 06:56:15
500103029,10,4,6,2024-12-19 06:17:14
500107086,10,4,6,2024-12-19 08:46:15
500108037,10,4,6,2024-12-19 07:56:15
500107086,10,3,7,2024-12-19 06:47:15
500108037,10,3,7,2024-12-19 08:15:16
500112091,10,3,7,2024-12-19 08:34:15
500103029,10,2,8,2024-12-19 07:14:14
500107045,10,1,8,2024-12-19 07:26:15
500107099,10,2,8,2024-12-19 07:43:15
500107099,10,1,9,2024-12-19 00:27:15
500119008,10,5,5,2024-12-19 21:52:14
500103049,10,1,9,2024-12-19 00:12:14
500119065,10,6,4,2024-12-19 00:02:15
500103029,10,9,1,2024-12-19 00:47:16
500108064,10,0,9,2024-12-19 22:54:16
500119082,10,7,3,2024-12-19 22:49:15
500105057,10,2,8,2024-12-19 21:36:15
500113071,10,9,1,2024-12-19 21:38:15
500113003,10,1,9,2024-12-19 04:13:15
500107045,10,9,1,2024-12-19 22:08:15
500112091,10,8,2,2024-12-19 21:59:15
500119056,10,5,5,2024-12-19 23:40:15
500119078,10,7,3,2024-12-19 23:53:15
500107045,10,0,10,2024-12-19 01:07:15
500119056,10,3,7,2024-12-19 22:50:16
500103029,10,10,0,2024-12-19 01:52:15
500107099,10,2,8,2024-12-19 23:20:15
500113003,10,9,1,2024-12-19 23:31:15
500105063,10,9,0,2024-12-19 08:52:15
500107099,10,10,0,2024-12-19 12:38:14
500119065,10,10,0,2024-12-19 12:57:15
500107065,10,9,1,2024-12-19 09:35:16
500107099,10,9,1,2024-12-19 11:07:16
500119065,10,9,1,2024-12-19 12:18:15
500105057,10,8,2,2024-12-19 09:37:15
500107065,10,8,2,2024-12-19 11:44:15
500119078,10,8,2,2024-12-19 09:42:15
500107065,10,7,3,2024-12-19 09:27:15
500119056,10,7,3,2024-12-19 11:58:16
500113003,10,6,4,2024-12-19 12:18:15
500107065,10,5,5,2024-12-19 12:07:16
500113015,10,4,5,2024-12-19 08:46:15
500119008,10,4,5,2024-12-19 09:09:15
500119056,10,5,5,2024-12-19 11:28:16
500119082,10,5,5,2024-12-19 11:44:15
500113071,10,4,6,2024-12-19 12:16:15
500113071,10,4,6,2024-12-19 12:40:17
500113071,10,4,6,2024-12-19 12:07:16
500119056,10,4,6,2024-12-19 13:05:16
500103049,10,3,7,2024-12-19 12:41:15
500105068,10,3,7,2024-12-19 09:07:15
500107045,10,3,7,2024-12-19 11:48:15
500103029,10,2,8,2024-12-19 09:37:15
500107065,10,2,8,2024-12-19 12:28:15
500112091,10,2,8,2024-12-19 09:54:15
500103029,10,1,9,2024-12-19 11:52:15
500119056,10,1,9,2024-12-19 09:44:15
500119056,10,0,10,2024-12-19 10:24:15
500107045,10,3,7,2024-12-19 02:29:14
500107099,10,10,0,2024-12-19 18:42:17
500112091,10,10,0,2024-12-19 18:38:16
500113003,10,8,2,2024-12-19 20:35:16
500113015,10,7,2,2024-12-19 18:44:15
500107086,10,7,3,2024-12-19 19:01:15
500113003,10,7,3,2024-12-19 19:52:16
500103049,10,6,4,2024-12-19 19:35:16
500113003,10,6,4,2024-12-19 19:32:15
500103029,10,5,5,2024-12-19 17:07:15
500107065,10,5,5,2024-12-19 18:26:16
500108037,10,5,5,2024-12-19 17:52:15
500107065,10,4,6,2024-12-19 19:24:15
500108037,10,4,6,2024-12-19 18:15:17
500107065,10,3,7,2024-12-19 19:38:15
500108064,10,1,7,2024-12-19 17:38:16
500107065,10,2,8,2024-12-19 18:39:16
500105068,10,1,9,2024-12-19 19:12:17
500108064,10,0,9,2024-12-19 20:12:15
500113015,10,0,9,2024-12-19 21:09:15
500105068,10,0,10,2024-12-19 18:08:16
500105068,10,0,10,2024-12-19 18:24:15
500107045,10,10,0,2024-12-19 16:20:19
500107045,10,10,0,2024-12-19 15:12:16
500107086,10,9,1,2024-12-19 16:50:17
500112091,10,9,1,2024-12-19 15:30:17
500113015,10,7,2,2024-12-19 15:52:15
500113015,10,7,2,2024-12-19 17:14:16
500107045,10,7,3,2024-12-19 14:24:15
500107065,10,7,3,2024-12-19 14:34:14
500107086,10,6,4,2024-12-19 16:00:16
500112091,10,6,4,2024-12-19 13:57:15
500119080,10,6,4,2024-12-19 15:37:15
500107099,10,5,5,2024-12-19 13:35:15
500107065,10,4,6,2024-12-19 16:11:15
500113071,10,4,6,2024-12-19 14:53:15
500107065,10,2,8,2024-12-19 15:13:16
500119065,10,2,8,2024-12-19 13:33:15
500119065,10,2,8,2024-12-19 15:35:16
500119056,10,1,9,2024-12-19 15:52:16
500119078,10,2,8,2024-12-19 02:57:14
500119065,10,10,0,2024-12-19 07:41:15
500112091,10,9,1,2024-12-19 06:29:15
500112091,10,9,1,2024-12-19 06:56:15
500119082,10,8,2,2024-12-19 08:46:15
500103029,10,6,4,2024-12-19 05:41:15
500105068,10,6,4,2024-12-19 08:13:15
500113071,10,6,4,2024-12-19 06:46:14
500103029,10,4,6,2024-12-19 06:43:15
500107099,10,4,6,2024-12-19 08:27:16
500107099,10,4,6,2024-12-19 08:46:14
500119008,10,3,6,2024-12-19 08:19:15
500119080,10,3,7,2024-12-19 06:56:15
500105068,10,2,8,2024-12-19 08:36:15
500107099,10,2,8,2024-12-19 06:03:15
500103029,10,1,9,2024-12-19 08:13:15
500107045,10,0,9,2024-12-19 07:10:18
500113071,10,1,9,2024-12-19 08:12:15
500103029,10,0,10,2024-12-19 07:22:15
500113003,10,0,10,2024-12-19 07:25:17
500119080,10,0,10,2024-12-19 08:43:15
500108037,10,7,3,2024-12-19 22:22:15
500113071,10,10,0,2024-12-19 22:43:15
500107099,10,2,8,2024-12-19 00:41:14
500107099,10,3,7,2024-12-19 23:01:15
500119078,10,9,1,2024-12-19 23:08:14
500107045,10,7,3,2024-12-19 22:38:15
500113003,10,7,3,2024-12-19 22:28:15
500108037,10,4,6,2024-12-19 21:08:15
500119078,10,1,9,2024-12-19 03:01:16
500107045,10,5,5,2024-12-19 03:05:15
500119056,10,6,4,2024-12-19 03:04:14
500103029,10,6,4,2024-12-19 22:04:15
500113015,10,4,5,2024-12-19 02:22:15
500119056,10,5,5,2024-12-19 02:17:15
500119078,10,9,1,2024-12-19 23:33:14
500107045,10,0,10,2024-12-19 01:37:14
500108064,10,8,0,2024-12-19 12:08:15
500107065,10,9,1,2024-12-19 11:28:15
500107099,10,9,1,2024-12-19 09:45:15
500119078,10,8,2,2024-12-19 10:28:15
500105063,10,6,3,2024-12-19 12:19:16
500107065,10,7,3,2024-12-19 11:36:15
500113003,10,7,3,2024-12-19 12:44:14
500113015,10,6,3,2024-12-19 12:55:16
500107045,10,6,4,2024-12-19 10:54:15
500108064,10,4,4,2024-12-19 10:40:15
500113015,10,5,4,2024-12-19 12:48:15
500119080,10,6,4,2024-12-19 09:57:15
500108037,10,5,5,2024-12-19 09:39:15
500119056,10,5,5,2024-12-19 11:48:15
500119082,10,5,5,2024-12-19 12:38:15
500108037,10,4,6,2024-12-19 08:21:16
500113003,10,4,6,2024-12-19 10:18:15
500119056,10,4,6,2024-12-19 11:29:15
500119065,10,4,6,2024-12-19 11:28:16
500103029,10,3,7,2024-12-19 09:26:15
500119056,10,3,7,2024-12-19 10:45:16
500119080,10,3,7,2024-12-19 12:36:15
500103049,10,2,8,2024-12-19 09:59:16
500119080,10,2,8,2024-12-19 11:24:15
500113015,10,0,9,2024-12-19 10:13:16
500119080,10,1,9,2024-12-19 10:56:14
500103029,10,0,10,2024-12-19 11:26:15
500112091,10,0,10,2024-12-19 12:20:18
500119065,10,0,10,2024-12-19 09:14:15
500107045,10,10,0,2024-12-19 18:49:15
500103029,10,9,1,2024-12-19 18:56:15
500107099,10,9,1,2024-12-19 18:28:16
500113015,10,8,1,2024-12-19 17:23:15
500113003,10,8,2,2024-12-19 17:56:16
500107045,10,7,3,2024-12-19 17:48:15
500107099,10,7,3,2024-12-19 20:11:16
500108064,10,6,3,2024-12-19 18:28:16
500113003,10,7,3,2024-12-19 18:48:15
500113015,10,6,3,2024-12-19 17:55:17
500119065,10,7,3,2024-12-19 20:21:15
500107065,10,5,5,2024-12-19 18:06:15
500119080,10,5,5,2024-12-19 18:51:16
500103049,10,4,6,2024-12-19 18:42:16
500108037,10,4,6,2024-12-19 17:10:17
500113071,10,4,6,2024-12-19 17:37:16
500105068,10,3,7,2024-12-19 20:43:15
500108064,10,1,7,2024-12-19 17:59:16
500113015,10,2,7,2024-12-19 20:24:15
500119056,10,2,8,2024-12-19 18:06:15
500119056,10,2,8,2024-12-19 18:54:15
500119056,10,1,9,2024-12-19 18:28:15
500119065,10,0,10,2024-12-19 17:20:20
500119078,10,0,10,2024-12-19 20:29:16
500107045,10,10,0,2024-12-19 15:58:15
500107099,10,10,0,2024-12-19 17:17:15
500119080,10,10,0,2024-12-19 16:27:16
500119080,10,9,1,2024-12-19 17:04:15
500105068,10,8,2,2024-12-19 16:08:16
500107045,10,8,2,2024-12-19 17:08:16
500107086,10,8,2,2024-12-19 16:46:15
500112091,10,8,2,2024-12-19 13:59:14
500113015,10,7,2,2024-12-19 16:37:15
500119080,10,8,2,2024-12-19 16:00:16
500119080,10,8,2,2024-12-19 16:49:15
500119082,10,8,2,2024-12-19 13:53:14
500103029,10,7,3,2024-12-19 16:57:16
500107086,10,7,3,2024-12-19 16:27:15
500112091,10,7,3,2024-12-19 16:49:15
500119078,10,7,3,2024-12-19 16:56:15
500119080,10,7,3,2024-12-19 15:57:15
500107065,10,6,4,2024-12-19 13:31:15
500119078,10,6,4,2024-12-19 15:43:15
500105068,10,5,5,2024-12-19 16:16:14
500107065,10,5,5,2024-12-19 17:10:17
500107099,10,5,5,2024-12-19 15:32:15
500119080,10,5,5,2024-12-19 13:48:16
500119065,10,3,7,2024-12-19 14:28:15
500119008,10,2,8,2024-12-19 13:41:15
500119056,10,2,8,2024-12-19 16:27:16
500119065,10,2,8,2024-12-19 14:56:14
500119056,10,0,10,2024-12-19 14:40:17
500119056,10,0,10,2024-12-19 14:38:15
500105068,10,10,0,2024-12-19 07:37:15
500105068,10,9,1,2024-12-19 07:27:15
500108064,10,8,2,2024-12-19 07:47:15
500119065,10,7,3,2024-12-19 07:14:15
500119082,10,7,3,2024-12-19 08:37:15
500112091,10,6,4,2024-12-19 08:03:14
500113015,10,4,5,2024-12-19 04:45:15
500113015,10,4,5,2024-12-19 06:35:15
500119078,10,5,5,2024-12-19 08:03:15
500107086,10,4,6,2024-12-19 08:06:16
500103049,10,3,7,2024-12-19 05:26:15
500107045,10,2,7,2024-12-19 07:47:15
500113003,10,2,8,2024-12-19 06:48:15
500119080,10,2,8,2024-12-19 07:15:16
500107045,10,0,9,2024-12-19 08:17:15
500103049,10,0,10,2024-12-19 07:47:15
500113003,10,0,10,2024-12-19 08:28:16
500107045,10,1,9,2024-12-19 00:55:16
500112091,10,7,3,2024-12-19 23:33:15
500105068,10,5,5,2024-12-19 00:03:15
500103029,10,3,7,2024-12-19 23:05:15
500103049,10,3,7,2024-12-19 22:47:14
500119056,10,4,6,2024-12-19 23:08:15
500105068,10,0,10,2024-12-19 21:24:16
500108064,10,1,8,2024-12-19 22:38:15
500107099,10,1,9,2024-12-19 22:09:15
500108064,10,0,9,2024-12-19 21:33:15
500103029,10,6,4,2024-12-19 02:08:16
500107099,10,1,9,2024-12-19 04:27:14
500107045,10,4,5,2024-12-19 03:57:15
500107065,10,2,7,2024-12-19 01:24:14
500119056,10,4,6,2024-12-19 01:22:15
500107045,10,5,5,2024-12-19 03:18:14
500113003,10,9,1,2024-12-19 22:45:16
500119078,10,0,10,2024-12-19 04:43:15
500113003,10,2,8,2024-12-19 04:06:15
500107045,10,6,4,2024-12-19 22:26:15
500107086,10,3,7,2024-12-19 23:32:15
500107045,10,9,0,2024-12-19 09:07:16
500107045,10,9,0,2024-12-19 09:27:15
500107045,10,10,0,2024-12-19 09:53:17
500107099,10,10,0,2024-12-19 10:28:16
500108064,10,9,1,2024-12-19 09:24:15
500108064,10,7,1,2024-12-19 11:47:15
500113015,10,8,1,2024-12-19 11:34:15
500119078,10,8,2,2024-12-19 09:25:16
500119078,10,8,2,2024-12-19 10:34:15
500107065,10,7,3,2024-12-19 11:53:16
500113015,10,6,3,2024-12-19 11:46:15
500119008,10,6,3,2024-12-19 09:06:15
500103029,10,5,5,2024-12-19 09:06:15
500107099,10,5,5,2024-12-19 09:07:15
500119082,10,5,5,2024-12-19 09:27:14
500119082,10,5,5,2024-12-19 10:03:15
500119078,10,4,6,2024-12-19 11:18:16
500119082,10,4,6,2024-12-19 09:04:15
500113003,10,3,7,2024-12-19 09:53:15
500119065,10,3,7,2024-12-19 11:13:15
500103029,10,2,8,2024-12-19 11:17:15
500108037,10,2,8,2024-12-19 12:55:15
500112091,10,2,8,2024-12-19 11:17:15
500113071,10,2,8,2024-12-19 11:10:17
500103049,10,1,9,2024-12-19 10:20:18
500107045,10,1,9,2024-12-19 11:58:15
500103049,10,0,10,2024-12-19 10:38:15
500112091,10,0,10,2024-12-19 09:13:15
500119056,10,0,10,2024-12-19 09:57:15
500119065,10,0,10,2024-12-19 09:37:16
500103049,10,9,1,2024-12-19 20:08:15
500107045,10,9,1,2024-12-19 19:28:15
500113071,10,9,1,2024-12-19 19:14:16
500103029,10,8,2,2024-12-19 17:57:15
500103049,10,8,2,2024-12-19 19:25:15
500103049,10,8,2,2024-12-19 20:59:15
500107045,10,8,2,2024-12-19 17:26:15
500103049,10,7,3,2024-12-19 20:39:16
500103049,10,7,3,2024-12-19 19:07:15
500107065,10,7,3,2024-12-19 17:23:15
500107086,10,7,3,2024-12-19 20:29:15
500113003,10,7,3,2024-12-19 17:46:15
500113003,10,7,3,2024-12-19 18:28:16
500103029,10,6,4,2024-12-19 20:16:16
500107086,10,6,4,2024-12-19 18:57:15
500107099,10,6,4,2024-12-19 20:05:15
500119080,10,6,4,2024-12-19 19:58:15
500103049,10,5,5,2024-12-19 21:09:16
500103029,10,4,6,2024-12-19 17:35:15
500108064,10,2,6,2024-12-19 17:28:15
500119082,10,4,6,2024-12-19 19:24:15
500119082,10,4,6,2024-12-19 17:33:16
500107086,10,3,7,2024-12-19 21:16:15
500119056,10,3,7,2024-12-19 19:50:16
500119056,10,3,7,2024-12-19 20:34:15
500119056,10,3,7,2024-12-19 20:53:15
500108064,10,1,8,2024-12-19 19:12:15
500119056,10,2,8,2024-12-19 20:05:16
500107065,10,1,9,2024-12-19 20:06:15
500119078,10,1,9,2024-12-19 17:37:16
500105068,10,0,10,2024-12-19 17:04:16
500119065,10,0,10,2024-12-19 18:01:18
500119078,10,0,10,2024-12-19 21:08:15
500113003,10,9,1,2024-12-19 16:24:15
500105068,10,8,2,2024-12-19 13:40:16
500108064,10,6,2,2024-12-19 16:40:16
500113003,10,8,2,2024-12-19 16:55:17
500119078,10,8,2,2024-12-19 13:41:15
500107045,10,7,3,2024-12-19 14:54:15
500107086,10,7,3,2024-12-19 15:06:15
500107065,10,6,4,2024-12-19 14:57:15
500113003,10,6,4,2024-12-19 17:07:15
500119065,10,6,4,2024-12-19 13:16:15
500119078,10,6,4,2024-12-19 16:46:15
500113071,10,5,5,2024-12-19 13:12:15
500108037,10,4,6,2024-12-19 15:21:15
500113015,10,3,6,2024-12-19 14:05:18
500119078,10,4,6,2024-12-19 15:18:15
500103049,10,3,7,2024-12-19 16:19:15
500107065,10,3,7,2024-12-19 16:37:15
500119056,10,2,8,2024-12-19 16:47:15
500119056,10,2,8,2024-12-19 15:23:15
500119056,10,1,9,2024-12-19 15:08:16
500119065,10,1,9,2024-12-19 16:37:16
500105063,10,7,2,2024-12-19 08:32:14
500107065,10,7,3,2024-12-19 07:56:15
500113071,10,7,3,2024-12-19 06:31:15
500119082,10,5,5,2024-12-19 08:56:16
500113071,10,4,6,2024-12-19 07:33:15
500103049,10,3,7,2024-12-19 06:48:14
500103029,10,2,8,2024-12-19 06:56:15
500113015,10,1,8,2024-12-19 07:56:16
500107045,10,1,9,2024-12-19 00:17:15
500112091,10,5,5,2024-12-19 00:35:16
500110080,11,8,3,2024-12-19 23:59:15
500107100,11,8,3,2024-12-19 23:44:15
500101014,11,1,10,2024-12-19 02:41:15
500101007,11,11,0,2024-12-19 01:26:15
500101014,11,3,8,2024-12-19 04:16:14
500110055,11,5,6,2024-12-19 01:24:14
500101007,11,7,4,2024-12-19 22:43:15
500104100,11,1,10,2024-12-19 22:12:15
500101014,11,2,9,2024-12-19 03:47:14
500101004,11,11,0,2024-12-19 12:36:15
500107088,11,9,1,2024-12-19 12:48:15
500111025,11,10,1,2024-12-19 09:36:15
500111025,11,10,1,2024-12-19 09:38:17
500107088,11,8,2,2024-12-19 12:50:18
500111025,11,9,2,2024-12-19 10:39:16
500101004,11,8,3,2024-12-19 12:59:15
500110055,11,5,6,2024-12-19 08:42:15
500101007,11,3,7,2024-12-19 09:44:15
500101007,11,3,7,2024-12-19 12:08:15
500104018,11,3,7,2024-12-19 11:12:16
500108120,11,4,7,2024-12-19 09:10:15
500108134,11,4,7,2024-12-19 10:58:16
500110080,11,4,7,2024-12-19 11:59:16
500101007,11,2,8,2024-12-19 11:46:15
500101014,11,3,8,2024-12-19 09:54:15
500104100,11,3,8,2024-12-19 11:46:15
500105053,11,3,8,2024-12-19 12:51:15
500108120,11,3,8,2024-12-19 10:57:15
500110055,11,3,8,2024-12-19 11:47:16
500101004,11,2,9,2024-12-19 09:56:15
500101007,11,1,9,2024-12-19 11:58:16
500110080,11,2,9,2024-12-19 11:44:15
500104018,11,1,10,2024-12-19 11:36:15
500104100,11,1,10,2024-12-19 10:01:16
500108120,11,1,10,2024-12-19 10:25:16
500108120,11,1,10,2024-12-19 10:38:15
500101014,11,0,11,2024-12-19 09:09:16
500101014,11,0,11,2024-12-19 09:14:15
500101014,11,3,8,2024-12-19 02:30:16
500101014,11,11,0,2024-12-19 21:18:15
500107088,11,10,0,2024-12-19 18:37:15
500101007,11,10,1,2024-12-19 19:16:15
500107088,11,9,1,2024-12-19 20:08:14
500101004,11,8,3,2024-12-19 19:29:14
500104100,11,8,3,2024-12-19 20:36:15
500104018,11,7,4,2024-12-19 18:46:15
500101014,11,6,5,2024-12-19 17:37:15
500104100,11,6,5,2024-12-19 19:03:15
500101007,11,5,6,2024-12-19 20:19:14
500105053,11,4,7,2024-12-19 17:22:15
500107088,11,3,7,2024-12-19 18:06:15
500101007,11,3,8,2024-12-19 21:03:15
500101004,11,2,9,2024-12-19 20:53:15
500104018,11,2,9,2024-12-19 17:44:15
500108120,11,1,10,2024-12-19 17:27:16
500101004,11,0,11,2024-12-19 21:08:15
500107088,11,5,5,2024-12-19 15:58:15
500108120,11,5,6,2024-12-19 16:36:15
500110055,11,5,6,2024-12-19 14:52:16
500110055,11,5,6,2024-12-19 14:29:15
500101007,11,4,7,2024-12-19 14:31:15
500105053,11,4,7,2024-12-19 15:06:14
500108120,11,4,7,2024-12-19 14:58:15
500110055,11,4,7,2024-12-19 15:15:16
500101007,11,3,8,2024-12-19 14:56:15
500101007,11,3,8,2024-12-19 14:06:15
500101014,11,3,8,2024-12-19 14:32:14
500104018,11,3,8,2024-12-19 13:55:16
500104018,11,3,8,2024-12-19 16:40:16
500105053,11,3,8,2024-12-19 16:16:14
500104018,11,2,9,2024-12-19 16:27:16
500101007,11,1,10,2024-12-19 15:37:15
500101007,11,0,11,2024-12-19 15:49:15
500101014,11,0,11,2024-12-19 14:58:15
500107088,11,10,0,2024-12-19 07:16:16
500104018,11,8,1,2024-12-19 07:23:14
500101004,11,9,2,2024-12-19 05:44:15
500108120,11,9,2,2024-12-19 08:22:15
500111025,11,9,2,2024-12-19 07:35:16
500101004,11,8,3,2024-12-19 06:07:15
500101007,11,8,3,2024-12-19 08:03:15
500107088,11,7,3,2024-12-19 05:51:14
500108120,11,8,3,2024-12-19 07:27:15
500110080,11,7,4,2024-12-19 07:03:15
500105053,11,6,5,2024-12-19 07:27:15
500101014,11,5,6,2024-12-19 06:00:17
500107100,11,4,7,2024-12-19 08:35:15
500101014,11,2,9,2024-12-19 04:57:14
500108134,11,2,9,2024-12-19 07:43:15
500101004,11,1,10,2024-12-19 07:27:15
500105053,11,1,10,2024-12-19 08:04:14
500101004,11,8,3,2024-12-19 00:15:15
500101007,11,8,3,2024-12-19 23:46:15
500104018,11,4,7,2024-12-19 23:58:14
500110055,11,5,6,2024-12-19 00:36:15
500101004,11,9,2,2024-12-19 22:30:16
500108120,11,6,4,2024-12-19 21:39:15
500107088,11,6,4,2024-12-19 03:06:14
500110055,11,9,2,2024-12-19 03:53:15
500107100,11,9,2,2024-12-19 22:08:15
500101004,11,8,3,2024-12-19 01:22:15
500101004,11,4,7,2024-12-19 21:53:15
500101014,11,7,4,2024-12-19 01:35:15
500101014,11,7,4,2024-12-19 22:46:15
500107088,11,8,2,2024-12-19 23:09:15
500101007,11,8,3,2024-12-19 22:13:15
500108120,11,6,4,2024-12-19 22:21:15
500104018,11,8,2,2024-12-19 22:26:15
500107088,11,10,0,2024-12-19 12:38:14
500111025,11,11,0,2024-12-19 09:09:16
500101004,11,10,1,2024-12-19 11:57:15
500101014,11,10,1,2024-12-19 13:08:15
500107088,11,9,1,2024-12-19 09:57:15
500101007,11,8,2,2024-12-19 09:09:15
500101014,11,9,2,2024-12-19 12:26:15
500104018,11,3,7,2024-12-19 09:59:16
500101007,11,2,8,2024-12-19 11:04:15
500110055,11,3,8,2024-12-19 12:23:16
500101007,11,1,9,2024-12-19 11:18:16
500101007,11,1,9,2024-12-19 10:47:16
500104018,11,1,9,2024-12-19 11:04:16
500105053,11,2,9,2024-12-19 12:26:15
500110080,11,2,9,2024-12-19 10:02:15
500101004,11,1,10,2024-12-19 09:09:16
500101007,11,1,10,2024-12-19 09:06:17
500101014,11,1,10,2024-12-19 09:45:16
500110080,11,0,11,2024-12-19 09:36:15
500107100,11,11,0,2024-12-19 17:37:16
500107100,11,11,0,2024-12-19 18:19:16
500107100,11,11,0,2024-12-19 18:49:15
500110080,11,10,1,2024-12-19 18:35:16
500101004,11,8,3,2024-12-19 19:59:16
500101007,11,8,3,2024-12-19 19:03:15
500101014,11,8,3,2024-12-19 20:12:15
500104018,11,8,3,2024-12-19 19:18:15
500107088,11,7,3,2024-12-19 19:43:15
500101004,11,7,4,2024-12-19 19:36:15
500101004,11,7,4,2024-12-19 19:49:15
500101014,11,7,4,2024-12-19 20:33:15
500104100,11,7,4,2024-12-19 17:41:16
500107088,11,6,4,2024-12-19 19:35:16
500108120,11,7,4,2024-12-19 18:12:16
500101004,11,6,5,2024-12-19 18:37:15
500101007,11,6,5,2024-12-19 17:56:16
500101004,11,5,6,2024-12-19 19:15:16
500101014,11,5,6,2024-12-19 18:54:15
500107088,11,4,6,2024-12-19 17:26:15
500110055,11,5,6,2024-12-19 18:28:16
500101007,11,4,7,2024-12-19 20:47:15
500101004,11,3,8,2024-12-19 18:08:16
500104018,11,3,8,2024-12-19 18:18:16
500101004,11,2,9,2024-12-19 20:49:14
500101007,11,2,9,2024-12-19 20:58:15
500101004,11,1,10,2024-12-19 21:18:15
500107100,11,11,0,2024-12-19 16:38:15
500110080,11,7,4,2024-12-19 16:51:16
500111025,11,6,5,2024-12-19 16:56:15
500107088,11,4,6,2024-12-19 14:06:15
500107088,11,4,6,2024-12-19 14:47:15
500110080,11,5,6,2024-12-19 13:33:15
500101014,11,2,9,2024-12-19 14:46:15
500101007,11,1,10,2024-12-19 17:07:15
500101014,11,1,10,2024-12-19 17:17:16
500108120,11,11,0,2024-12-19 06:41:16
500108120,11,10,1,2024-12-19 07:35:16
500110080,11,9,2,2024-12-19 06:33:15
500107088,11,7,3,2024-12-19 07:36:14
500108120,11,8,3,2024-12-19 05:40:15
500107100,11,7,4,2024-12-19 07:56:15
500101014,11,6,5,2024-12-19 07:34:14
500101014,11,6,5,2024-12-19 06:24:15
500107100,11,6,5,2024-12-19 06:47:15
500101004,11,5,6,2024-12-19 06:54:16
500107088,11,4,6,2024-12-19 08:47:15
500108134,11,4,7,2024-12-19 06:25:15
500107088,11,2,8,2024-12-19 08:23:15
500107100,11,3,8,2024-12-19 08:47:15
500110055,11,3,8,2024-12-19 07:47:15
500104018,11,0,9,2024-12-19 08:02:15
500105053,11,2,9,2024-12-19 07:55:17
500101004,11,0,11,2024-12-19 08:17:16
500101004,11,0,11,2024-12-19 07:36:15
500107100,11,5,6,2024-12-19 00:02:15
500108134,11,6,5,2024-12-19 01:07:15
500101014,11,7,4,2024-12-19 01:14:14
500107088,11,8,2,2024-12-19 23:17:14
500101014,11,8,3,2024-12-19 23:19:15
500104018,11,5,5,2024-12-19 21:27:15
500110080,11,5,6,2024-12-19 21:25:16
500105053,11,6,5,2024-12-19 21:17:15
500107100,11,10,1,2024-12-19 21:38:14
500104100,11,2,9,2024-12-19 22:09:15
500104018,11,5,5,2024-12-19 22:09:15
500105053,11,7,4,2024-12-19 21:47:15
500104100,11,1,10,2024-12-19 23:41:15
500110055,11,4,7,2024-12-19 01:27:15
500105053,11,8,3,2024-12-19 22:19:15
500104018,11,6,2,2024-12-19 04:38:14
500111025,11,11,0,2024-12-19 09:07:15
500107088,11,9,1,2024-12-19 13:07:15
500107088,11,9,1,2024-12-19 11:38:14
500107100,11,10,1,2024-12-19 10:07:16
500101007,11,8,2,2024-12-19 12:47:15
500107100,11,9,2,2024-12-19 10:43:16
500101004,11,8,3,2024-12-19 12:02:16
500107088,11,7,3,2024-12-19 10:51:16
500107088,11,7,3,2024-12-19 11:07:16
500107100,11,8,3,2024-12-19 11:08:15
500111025,11,8,3,2024-12-19 10:18:15
500107088,11,6,4,2024-12-19 10:42:15
500108120,11,5,6,2024-12-19 08:55:16
500110080,11,5,6,2024-12-19 12:17:16
500107100,11,3,8,2024-12-19 09:08:15
500110055,11,3,8,2024-12-19 11:06:15
500101014,11,2,9,2024-12-19 11:48:15
500104100,11,2,9,2024-12-19 09:08:15
500105053,11,2,9,2024-12-19 11:28:15
500110055,11,2,9,2024-12-19 10:37:15
500110080,11,1,10,2024-12-19 09:07:16
500110080,11,1,10,2024-12-19 09:47:15
500101014,11,0,11,2024-12-19 10:17:16
500110055,11,0,11,2024-12-19 10:18:15
500101014,11,11,0,2024-12-19 21:08:15
500104018,11,11,0,2024-12-19 19:26:16
500107100,11,11,0,2024-12-19 17:27:16
500107100,11,11,0,2024-12-19 20:49:14
500107100,11,11,0,2024-12-19 18:47:16
500110080,11,11,0,2024-12-19 20:04:16
500105053,11,9,2,2024-12-19 19:28:15
500107088,11,8,2,2024-12-19 21:18:15
500101007,11,8,3,2024-12-19 18:28:16
500105053,11,7,4,2024-12-19 18:24:16
500107100,11,7,4,2024-12-19 20:29:15
500108120,11,4,6,2024-12-19 20:59:15
500110055,11,5,6,2024-12-19 18:02:15
500110055,11,5,6,2024-12-19 19:14:15
500101004,11,4,7,2024-12-19 19:04:15
500101007,11,4,7,2024-12-19 18:08:16
500101007,11,4,7,2024-12-19 18:36:16
500108120,11,3,7,2024-12-19 20:35:16
500111025,11,4,7,2024-12-19 17:53:15
500101004,11,3,8,2024-12-19 18:48:15
500104018,11,2,8,2024-12-19 21:06:15
500101004,11,1,10,2024-12-19 20:13:15
500101004,11,11,0,2024-12-19 17:08:16
500107088,11,10,0,2024-12-19 13:20:18
500101004,11,9,2,2024-12-19 16:48:16
500101014,11,7,4,2024-12-19 13:38:15
500107088,11,4,6,2024-12-19 16:58:15
500101007,11,3,8,2024-12-19 15:14:15
500101014,11,3,8,2024-12-19 16:58:15
500108120,11,3,8,2024-12-19 13:52:15
500101007,11,2,9,2024-12-19 15:23:14
500101004,11,3,8,2024-12-19 21:48:16
500104018,11,7,1,2024-12-19 07:17:14
500108120,11,9,2,2024-12-19 06:18:15
500108120,11,8,3,2024-12-19 08:35:16
500101007,11,7,4,2024-12-19 06:26:14
500101007,11,7,4,2024-12-19 07:40:16
500104018,11,4,4,2024-12-19 06:47:15
500107100,11,7,4,2024-12-19 06:56:15
500107100,11,6,5,2024-12-19 07:59:15
500110055,11,6,5,2024-12-19 05:54:14
500111025,11,6,5,2024-12-19 06:34:15
500104018,11,3,6,2024-12-19 08:17:15
500110080,11,3,8,2024-12-19 07:57:16
500107100,11,2,9,2024-12-19 08:27:16
500101014,11,5,6,2024-12-19 23:28:15
500104100,11,6,5,2024-12-19 00:37:15
500108120,11,7,3,2024-12-19 22:27:15
500107100,11,6,5,2024-12-19 00:15:15
500101004,11,9,2,2024-12-19 00:19:15
500104100,11,9,2,2024-12-19 01:05:16
500104100,11,1,10,2024-12-19 23:18:15
500101007,11,3,8,2024-12-19 21:36:15
500110055,11,6,5,2024-12-19 21:36:15
500101004,11,8,3,2024-12-19 01:59:15
500110080,11,4,7,2024-12-19 21:54:15
500101004,11,9,2,2024-12-19 01:35:15
500101014,11,5,6,2024-12-19 02:19:15
500104018,11,10,0,2024-12-19 22:47:15
500107088,11,10,0,2024-12-19 10:05:17
500107088,11,9,1,2024-12-19 11:28:15
500107100,11,10,1,2024-12-19 10:22:17
500107088,11,8,2,2024-12-19 09:25:16
500107100,11,7,4,2024-12-19 12:33:15
500107100,11,7,4,2024-12-19 09:55:17
500101007,11,4,6,2024-12-19 12:58:15
500104018,11,2,8,2024-12-19 09:57:15
500101007,11,1,9,2024-12-19 10:38:15
500104018,11,2,9,2024-12-19 12:04:16
500104100,11,1,10,2024-12-19 07:59:15
500105053,11,0,11,2024-12-19 08:45:16
500110080,11,0,11,2024-12-19 10:38:15
500107100,11,10,1,2024-12-19 18:38:16
500110080,11,10,1,2024-12-19 19:50:19
500104018,11,9,2,2024-12-19 19:07:15
500104100,11,9,2,2024-12-19 20:03:15
500107088,11,8,2,2024-12-19 21:09:16
500110055,11,9,2,2024-12-19 20:29:15
500104100,11,8,3,2024-12-19 19:53:15
500107088,11,7,3,2024-12-19 19:24:15
500110080,11,8,3,2024-12-19 18:14:15
500110055,11,6,5,2024-12-19 18:36:15
500110080,11,6,5,2024-12-19 17:42:15
500111025,11,6,5,2024-12-19 17:23:15
500108120,11,4,6,2024-12-19 21:14:15
500101014,11,4,7,2024-12-19 18:28:16
500104018,11,3,8,2024-12-19 17:59:15
500104100,11,3,8,2024-12-19 18:43:15
500104018,11,1,9,2024-12-19 20:24:15
500107100,11,9,2,2024-12-19 13:36:16
500101004,11,8,3,2024-12-19 13:16:15
500101007,11,4,6,2024-12-19 13:17:15
500107088,11,4,6,2024-12-19 16:09:15
500101014,11,4,7,2024-12-19 16:48:16
500107088,11,3,7,2024-12-19 15:11:15
500104018,11,3,8,2024-12-19 16:58:14
500101007,11,2,9,2024-12-19 13:43:15
500101007,11,1,10,2024-12-19 16:25:18
500101007,11,0,11,2024-12-19 15:47:14
500101007,11,0,11,2024-12-19 16:33:15
500101014,11,11,0,2024-12-19 08:27:15
500104018,11,7,3,2024-12-19 08:54:15
500110080,11,8,3,2024-12-19 06:56:15
500101004,11,7,4,2024-12-19 06:42:15
500107088,11,6,4,2024-12-19 07:46:15
500101004,11,6,5,2024-12-19 06:36:14
500107100,11,6,5,2024-12-19 06:18:14
500107100,11,2,9,2024-12-19 08:16:15
500110080,11,2,9,2024-12-19 08:03:15
500101004,11,0,11,2024-12-19 07:38:15
500101007,11,0,11,2024-12-19 08:53:15
500101007,11,9,2,2024-12-19 00:16:15
500101014,11,9,2,2024-12-19 00:35:16
500104100,11,8,3,2024-12-19 00:51:14
500104100,11,7,4,2024-12-19 00:39:15
500110055,11,8,3,2024-12-19 22:20:15
500104018,11,5,6,2024-12-19 23:11:17
500108134,11,3,8,2024-12-19 20:54:15
500101007,11,7,4,2024-12-19 22:28:15
500108134,11,7,4,2024-12-19 02:36:14
500101014,11,8,3,2024-12-19 01:18:15
500101014,11,9,2,2024-12-19 21:55:17
500101004,11,9,2,2024-12-19 04:35:15
500101014,11,10,1,2024-12-19 22:59:15
500101004,11,8,3,2024-12-19 22:18:15
500101007,11,7,3,2024-12-19 09:23:15
500107100,11,8,3,2024-12-19 12:14:16
500111025,11,7,4,2024-12-19 11:36:15
500101004,11,5,6,2024-12-19 11:37:15
500101014,11,5,6,2024-12-19 12:19:16
500108120,11,5,6,2024-12-19 11:31:14
500110055,11,4,7,2024-12-19 10:55:17
500110055,11,4,7,2024-12-19 11:18:15
500104018,11,2,8,2024-12-19 11:26:14
500101014,11,2,9,2024-12-19 10:28:15
500104018,11,1,9,2024-12-19 09:39:16
500110080,11,2,9,2024-12-19 10:55:17
500101004,11,1,10,2024-12-19 10:25:16
500101004,11,1,10,2024-12-19 11:06:15
500101014,11,1,10,2024-12-19 09:34:16
500104018,11,0,10,2024-12-19 10:47:16
500101007,11,11,0,2024-12-19 19:28:15
500107088,11,9,1,2024-12-19 20:47:15
500110055,11,10,1,2024-12-19 20:46:16
500107088,11,8,2,2024-12-19 20:11:15
500108120,11,9,2,2024-12-19 20:29:14
500101007,11,8,3,2024-12-19 18:58:15
500108120,11,7,4,2024-12-19 18:24:16
500110055,11,7,4,2024-12-19 18:45:16
500101014,11,6,5,2024-12-19 18:03:15
500104018,11,6,5,2024-12-19 18:56:15
500104100,11,6,5,2024-12-19 17:59:15
500107088,11,5,5,2024-12-19 17:35:16
500108120,11,5,6,2024-12-19 17:57:15
500110080,11,5,6,2024-12-19 20:38:15
500101004,11,4,7,2024-12-19 18:27:15
500101014,11,4,7,2024-12-19 19:16:15
500104018,11,3,7,2024-12-19 19:40:15
500104018,11,3,7,2024-12-19 21:13:16
500101004,11,2,9,2024-12-19 20:26:15
500107088,11,1,9,2024-12-19 17:43:16
500101004,11,11,0,2024-12-19 17:10:19
500107088,11,10,0,2024-12-19 13:18:15
500107100,11,9,2,2024-12-19 15:41:15
500107100,11,8,3,2024-12-19 14:49:15
500110055,11,7,4,2024-12-19 16:26:15
500111025,11,7,4,2024-12-19 16:44:15
500110080,11,6,5,2024-12-19 16:45:17
500107088,11,3,7,2024-12-19 16:32:15
500101014,11,3,8,2024-12-19 14:19:14
500101007,11,2,9,2024-12-19 17:18:16
500101014,11,2,9,2024-12-19 17:07:15
500101014,11,1,10,2024-12-19 15:07:15
500101014,11,0,11,2024-12-19 15:18:16
500110055,11,7,4,2024-12-19 21:42:15
500111025,11,11,0,2024-12-19 08:56:16
500107088,11,8,2,2024-12-19 06:08:14
500108120,11,9,2,2024-12-19 05:19:14
500101007,11,7,4,2024-12-19 07:57:16
500101014,11,7,4,2024-12-19 06:35:15
500107100,11,7,4,2024-12-19 07:44:15
500110055,11,7,4,2024-12-19 06:15:16
500111025,11,7,4,2024-12-19 06:48:15
500104100,11,5,6,2024-12-19 06:40:16
500107100,11,5,6,2024-12-19 07:08:15
500110080,11,5,6,2024-12-19 07:23:15
500110080,11,4,7,2024-12-19 07:36:15
500101014,11,3,8,2024-12-19 08:52:16
500101014,11,3,8,2024-12-19 05:27:15
500101014,11,2,9,2024-12-19 05:38:14
500104100,11,2,9,2024-12-19 07:56:15
500101004,11,0,11,2024-12-19 08:54:18
500110080,11,0,11,2024-12-19 08:19:16
500110055,11,4,7,2024-12-19 00:16:15
500108134,11,2,9,2024-12-19 22:54:15
500101007,11,10,1,2024-12-19 01:06:15
500110080,11,7,4,2024-12-19 22:55:16
500110080,11,6,5,2024-12-19 22:13:15
500101014,11,5,6,2024-12-19 01:07:15
500101014,11,1,10,2024-12-19 04:31:15
500101004,11,9,2,2024-12-19 22:21:15
500107100,11,10,1,2024-12-19 12:45:16
500104018,11,7,3,2024-12-19 09:06:15
500107100,11,8,3,2024-12-19 12:06:15
500101007,11,2,8,2024-12-19 09:54:15
500104018,11,3,8,2024-12-19 13:01:15
500110080,11,3,8,2024-12-19 12:25:15
500101004,11,2,9,2024-12-19 10:47:16
500101014,11,1,10,2024-12-19 10:46:15
500104018,11,0,10,2024-12-19 10:49:15
500110080,11,1,10,2024-12-19 09:56:15
500110080,11,1,10,2024-12-19 10:43:15
500101014,11,0,11,2024-12-19 09:07:15
500107100,11,11,0,2024-12-19 18:17:15
500101007,11,10,1,2024-12-19 19:38:16
500107088,11,9,1,2024-12-19 20:54:15
500101014,11,9,2,2024-12-19 17:59:15
500107088,11,8,2,2024-12-19 19:05:16
500108120,11,8,3,2024-12-19 18:43:15
500101014,11,6,5,2024-12-19 17:28:15
500101014,11,6,5,2024-12-19 19:35:16
500104018,11,4,6,2024-12-19 20:13:15
500111025,11,5,6,2024-12-19 17:43:16
500107100,11,4,7,2024-12-19 19:16:15
500101007,11,2,9,2024-12-19 21:18:15
500108134,11,2,9,2024-12-19 20:48:15
500101004,11,11,0,2024-12-19 15:14:15
500101004,11,10,1,2024-12-19 16:38:15
500101004,11,9,2,2024-12-19 13:45:15
500101004,11,9,2,2024-12-19 16:58:15
500101004,11,7,4,2024-12-19 13:26:15
500111025,11,7,4,2024-12-19 16:12:15
500104100,11,6,5,2024-12-19 13:12:15
500107088,11,5,5,2024-12-19 14:16:15
500110080,11,5,6,2024-12-19 15:25:15
500104018,11,4,7,2024-12-19 15:57:15
500104018,11,4,7,2024-12-19 17:08:16
500107088,11,3,7,2024-12-19 14:50:16
500107088,11,2,8,2024-12-19 17:18:16
500101014,11,2,9,2024-12-19 16:28:15
500104018,11,2,9,2024-12-19 13:43:15
500108120,11,2,9,2024-12-19 16:48:16
500107100,11,11,0,2024-12-19 21:46:16
500101014,11,10,1,2024-12-19 08:17:15
500108120,11,9,2,2024-12-19 08:08:16
500111025,11,9,2,2024-12-19 08:17:15
500110080,11,8,3,2024-12-19 06:03:15
500101014,11,7,4,2024-12-19 07:54:15
500108120,11,7,4,2024-12-19 08:40:17
500110055,11,7,4,2024-12-19 05:47:15
500107088,11,5,5,2024-12-19 07:56:15
500101004,11,3,8,2024-12-19 07:14:15
500101014,11,3,8,2024-12-19 07:26:15
500104018,11,0,9,2024-12-19 07:51:15
500110080,11,2,9,2024-12-19 07:45:16
500101014,11,1,10,2024-12-19 05:47:15
500104100,11,1,10,2024-12-19 07:30:16
500104018,11,5,4,2024-12-19 00:00:16
500111025,11,1,10,2024-12-19 18:13:16
500101007,11,6,5,2024-12-19 23:11:15
500104018,11,8,2,2024-12-19 22:37:15
500101004,11,1,10,2024-12-19 21:39:16
500104100,11,4,7,2024-12-19 21:36:15
500101014,11,11,0,2024-12-19 21:38:15
500108120,11,8,3,2024-12-19 02:17:15
500104100,11,6,5,2024-12-19 04:19:15
500107100,11,8,3,2024-12-19 21:54:15
500107088,11,8,2,2024-12-19 23:43:14
500107088,11,4,5,2024-12-19 01:36:15
500107088,11,5,5,2024-12-19 01:58:14
500107088,11,9,1,2024-12-19 23:21:15
500101004,11,11,0,2024-12-19 12:19:16
500107088,11,6,4,2024-12-19 09:07:15
500107100,11,6,5,2024-12-19 09:45:15
500107100,11,5,6,2024-12-19 09:26:15
500111025,11,5,6,2024-12-19 12:02:16
500104018,11,4,7,2024-12-19 11:55:17
500108134,11,4,7,2024-12-19 11:00:19
500110055,11,4,7,2024-12-19 13:08:15
500101007,11,1,9,2024-12-19 10:26:14
500104018,11,1,9,2024-12-19 09:24:15
500104100,11,2,9,2024-12-19 10:08:15
500110055,11,2,9,2024-12-19 09:27:15
500101014,11,1,10,2024-12-19 10:32:15
500108134,11,1,10,2024-12-19 08:52:16
500110055,11,1,10,2024-12-19 10:03:17
500101014,11,0,11,2024-12-19 11:56:15
500101014,11,0,11,2024-12-19 10:04:16
500105053,11,0,11,2024-12-19 09:34:16
500101014,11,11,0,2024-12-19 19:49:15
500107100,11,10,1,2024-12-19 17:58:16
500108120,11,10,1,2024-12-19 19:57:15
500101004,11,8,3,2024-12-19 17:37:16
500101014,11,8,3,2024-12-19 20:28:15
500104018,11,8,3,2024-12-19 18:30:17
500107088,11,7,3,2024-12-19 18:58:16
500101004,11,7,4,2024-12-19 17:48:15
500101007,11,7,4,2024-12-19 17:36:15
500107088,11,6,4,2024-12-19 18:28:16
500101007,11,6,5,2024-12-19 18:45:16
500108120,11,6,5,2024-12-19 18:08:16
500101014,11,5,6,2024-12-19 18:15:16
500104100,11,5,6,2024-12-19 21:09:16
500104100,11,5,6,2024-12-19 18:16:16
500104100,11,5,6,2024-12-19 18:38:16
500105053,11,5,6,2024-12-19 17:36:15
500105053,11,5,6,2024-12-19 21:00:16
500101007,11,4,7,2024-12-19 20:05:16
500101007,11,4,7,2024-12-19 20:34:14
500104018,11,4,7,2024-12-19 17:22:16
500105053,11,4,7,2024-12-19 19:56:15
500108120,11,4,7,2024-12-19 17:48:15
500105053,11,3,8,2024-12-19 20:02:15
500108134,11,3,8,2024-12-19 18:10:17
500101004,11,10,1,2024-12-19 15:56:16
500111025,11,6,5,2024-12-19 16:22:16
500101014,11,5,6,2024-12-19 13:45:16
500104100,11,5,6,2024-12-19 14:25:16
500101014,11,3,8,2024-12-19 16:16:15
500107088,11,2,8,2024-12-19 16:26:15
500104018,11,2,9,2024-12-19 15:01:16
500108120,11,2,9,2024-12-19 17:08:16
500107088,11,8,2,2024-12-19 21:42:15
500104018,11,9,0,2024-12-19 07:32:17
500108120,11,11,0,2024-12-19 07:41:15
500101007,11,10,1,2024-12-19 05:54:15
500101014,11,10,1,2024-12-19 08:01:15
500108120,11,10,1,2024-12-19 06:52:15
500111025,11,10,1,2024-12-19 07:51:15
500101004,11,9,2,2024-12-19 06:17:14
500101014,11,9,2,2024-12-19 06:45:16
500104018,11,6,2,2024-12-19 06:19:15
500104018,11,7,3,2024-12-19 08:47:15
500101014,11,6,5,2024-12-19 07:16:14
500101014,11,6,5,2024-12-19 07:45:16
500110055,11,6,5,2024-12-19 08:17:15
500105053,11,5,6,2024-12-19 06:30:17
500108134,11,5,6,2024-12-19 05:12:14
500110055,11,5,6,2024-12-19 06:24:15
500104100,11,4,7,2024-12-19 06:55:16
500104100,11,2,9,2024-12-19 22:24:14
500107088,11,7,3,2024-12-19 21:38:15
500110055,11,5,6,2024-12-19 02:03:15
500110055,11,7,4,2024-12-19 21:56:15
500101007,11,11,0,2024-12-19 01:24:14
500104018,11,6,4,2024-12-19 22:18:15
500101014,11,10,1,2024-12-19 22:17:15
500107088,11,10,0,2024-12-19 12:24:16
500107088,11,9,1,2024-12-19 11:43:15
500107100,11,8,3,2024-12-19 11:50:16
500107088,11,5,5,2024-12-19 10:27:16
500107088,11,5,5,2024-12-19 10:38:15
500111025,11,6,5,2024-12-19 13:06:14
500108120,11,5,6,2024-12-19 12:00:19
500101014,11,3,8,2024-12-19 12:08:15
500101014,11,3,8,2024-12-19 11:11:15
500101004,11,2,9,2024-12-19 10:03:15
500101014,11,2,9,2024-12-19 10:55:17
500101007,11,0,10,2024-12-19 10:07:16
500110080,11,1,10,2024-12-19 09:26:15
500110080,11,1,10,2024-12-19 11:37:15
500101004,11,0,11,2024-12-19 09:36:15
500110080,11,11,0,2024-12-19 19:23:16
500107100,11,10,1,2024-12-19 20:55:17
500110080,11,10,1,2024-12-19 19:48:15
500101014,11,9,2,2024-12-19 20:05:16
500107088,11,7,3,2024-12-19 18:43:15
500101004,11,7,4,2024-12-19 17:56:15
500101007,11,7,4,2024-12-19 19:49:15
500110080,11,7,4,2024-12-19 17:36:15
500110080,11,7,4,2024-12-19 20:46:16
500101014,11,6,5,2024-12-19 19:04:15
500110055,11,6,5,2024-12-19 17:40:17
500110080,11,6,5,2024-12-19 21:17:15
500101004,11,5,6,2024-12-19 18:58:16
500101007,11,5,6,2024-12-19 17:44:15
500110055,11,5,6,2024-12-19 17:25:16
500101014,11,4,7,2024-12-19 18:36:16
500105053,11,4,7,2024-12-19 20:28:15
500101004,11,3,8,2024-12-19 20:37:16
500101007,11,3,8,2024-12-19 17:22:16
500107088,11,2,8,2024-12-19 18:16:16
500104018,11,2,9,2024-12-19 17:33:16
500108120,11,2,9,2024-12-19 17:31:14
500101004,11,10,1,2024-12-19 14:25:16
500101004,11,9,2,2024-12-19 16:12:14
500110055,11,7,4,2024-12-19 16:41:15
500104100,11,6,5,2024-12-19 15:21:15
500110055,11,6,5,2024-12-19 14:40:16
500107088,11,4,6,2024-12-19 15:40:15
500105053,11,4,7,2024-12-19 17:03:15
500108120,11,4,7,2024-12-19 13:41:15
500105053,11,3,8,2024-12-19 16:55:17
500101014,11,11,0,2024-12-19 08:28:16
500111025,11,11,0,2024-12-19 08:47:15
500101007,11,9,2,2024-12-19 06:17:14
500111025,11,9,2,2024-12-19 08:03:15
500104018,11,6,4,2024-12-19 08:27:16
500104018,11,5,5,2024-12-19 08:35:15
500107088,11,4,6,2024-12-19 08:02:15
500101007,11,4,7,2024-12-19 08:16:15
500105053,11,4,7,2024-12-19 07:41:15
500101014,11,3,8,2024-12-19 05:14:15
500108134,11,3,8,2024-12-19 07:29:15
500101007,11,1,10,2024-12-19 08:41:15
500101004,11,0,11,2024-12-19 08:03:15
500110055,11,0,11,2024-12-19 07:35:16
500110080,11,0,11,2024-12-19 08:17:15
500105053,11,6,5,2024-12-19 01:11:15
500107100,11,7,4,2024-12-19 22:35:16
500101014,11,8,3,2024-12-19 22:33:15
500104100,11,10,1,2024-12-19 02:56:15
500107100,11,7,4,2024-12-19 03:41:15
500101004,11,5,6,2024-12-19 22:03:15
500101014,11,11,0,2024-12-19 22:05:19
500104100,11,3,8,2024-12-19 21:56:15
500101014,11,4,7,2024-12-19 23:31:15
500107100,11,8,3,2024-12-19 22:12:15
500101004,11,11,0,2024-12-19 12:21:16
500101014,11,11,0,2024-12-19 12:31:15
500107088,11,9,1,2024-12-19 12:07:16
500111025,11,10,1,2024-12-19 09:27:14
500101004,11,9,2,2024-12-19 12:48:16
500111025,11,9,2,2024-12-19 09:53:15
500107088,11,7,3,2024-12-19 09:09:15
500107088,11,7,3,2024-12-19 09:45:15
500107100,11,8,3,2024-12-19 10:36:14
500107100,11,8,3,2024-12-19 10:52:15
500107088,11,6,4,2024-12-19 09:36:15
500101007,11,5,5,2024-12-19 12:31:15
500101007,11,5,5,2024-12-19 09:32:15
500108120,11,6,5,2024-12-19 11:52:15
500101007,11,4,6,2024-12-19 12:24:16
500111025,11,5,6,2024-12-19 12:19:16
500101007,11,2,8,2024-12-19 12:15:16
500101014,11,3,8,2024-12-19 11:25:15
500108120,11,3,8,2024-12-19 09:29:15
500101014,11,2,9,2024-12-19 11:08:15
500104018,11,1,9,2024-12-19 09:37:15
500104100,11,2,9,2024-12-19 09:26:15
500110055,11,2,9,2024-12-19 11:55:18
500101004,11,1,10,2024-12-19 09:07:15
500104018,11,1,10,2024-12-19 12:14:16
500101004,11,0,11,2024-12-19 09:38:17
500110055,11,0,11,2024-12-19 09:32:15
500107088,11,10,0,2024-12-19 19:55:16
500110080,11,11,0,2024-12-19 19:13:15
500101004,11,10,1,2024-12-19 17:28:15
500101014,11,10,1,2024-12-19 20:59:15
500101014,11,9,2,2024-12-19 20:49:15
500108120,11,9,2,2024-12-19 19:09:15
500110080,11,9,2,2024-12-19 17:02:15
500104100,11,7,4,2024-12-19 20:20:16
500104100,11,7,4,2024-12-19 17:14:15
500104100,11,7,4,2024-12-19 19:11:15
500105053,11,7,4,2024-12-19 18:48:15
500101014,11,5,6,2024-12-19 19:27:15
500107100,11,5,6,2024-12-19 19:02:16
500101007,11,4,7,2024-12-19 18:17:15
500101014,11,4,7,2024-12-19 18:48:15
500104018,11,4,7,2024-12-19 18:08:16
500104100,11,4,7,2024-12-19 18:49:16
500101004,11,3,8,2024-12-19 18:17:15
500104018,11,2,8,2024-12-19 20:53:15
500110080,11,3,8,2024-12-19 20:27:15
500104018,11,2,9,2024-12-19 19:38:16
500111025,11,2,9,2024-12-19 18:08:15
500101007,11,1,10,2024-12-19 21:20:16
500101014,11,9,2,2024-12-19 13:18:14
500101014,11,8,3,2024-12-19 13:21:16
500107088,11,5,5,2024-12-19 15:38:15
500110055,11,6,5,2024-12-19 16:35:15
500110080,11,6,5,2024-12-19 13:44:15
500107088,11,4,6,2024-12-19 15:19:15
500105053,11,3,8,2024-12-19 17:14:16
500107088,11,2,8,2024-12-19 15:00:17
500108120,11,0,11,2024-12-19 17:17:16
500108120,11,7,3,2024-12-19 21:47:15
500101014,11,10,1,2024-12-19 21:45:16
500104018,11,7,1,2024-12-19 05:37:15
500107088,11,9,1,2024-12-19 07:25:17
500101004,11,9,2,2024-12-19 05:16:14
500104018,11,6,2,2024-12-19 06:55:16
500108120,11,9,2,2024-12-19 07:11:15
500110080,11,9,2,2024-12-19 05:47:15
500111025,11,8,3,2024-12-19 07:05:15
500107100,11,6,5,2024-12-19 07:29:15
500101014,11,4,7,2024-12-19 06:16:15
500110055,11,4,7,2024-12-19 07:00:16
500107088,11,2,8,2024-12-19 08:15:15
500110055,11,3,8,2024-12-19 07:55:17
500101007,11,2,9,2024-12-19 08:25:16
500110055,11,2,9,2024-12-19 07:19:16
500101004,11,1,10,2024-12-19 08:27:16
500107100,11,1,10,2024-12-19 08:53:15
500101004,11,0,11,2024-12-19 08:44:17
500105053,11,0,11,2024-12-19 07:08:16
500101014,11,8,3,2024-12-19 00:57:15
500105053,11,9,2,2024-12-19 22:24:15
500101004,11,11,0,2024-12-19 22:49:15
500101007,11,10,1,2024-12-19 23:57:15
500104018,11,6,3,2024-12-19 00:46:15
500107088,11,9,1,2024-12-19 21:57:15
500104018,11,5,3,2024-12-19 03:37:14
500108134,11,6,5,2024-12-19 04:22:15
500108120,11,5,5,2024-12-19 21:57:15
500110080,11,5,6,2024-12-19 22:00:16
500101007,11,7,4,2024-12-19 22:03:15
500101007,11,9,2,2024-12-19 21:57:15
500104018,11,5,5,2024-12-19 23:09:15
500101007,11,7,4,2024-12-19 22:53:15
500101014,11,9,2,2024-12-19 22:26:16
500101004,11,10,1,2024-12-19 11:47:15
500107088,11,8,2,2024-12-19 12:18:15
500107088,11,8,2,2024-12-19 10:17:15
500107088,11,8,2,2024-12-19 11:16:14
500107100,11,9,2,2024-12-19 11:25:15
500104100,11,5,6,2024-12-19 11:50:16
500110055,11,5,6,2024-12-19 12:37:15
500101004,11,4,7,2024-12-19 11:28:16
500110080,11,4,7,2024-12-19 12:54:15
500110055,11,3,8,2024-12-19 11:30:17
500101004,11,2,9,2024-12-19 09:27:15
500101004,11,2,9,2024-12-19 11:16:15
500105053,11,2,9,2024-12-19 11:30:18
500107100,11,2,9,2024-12-19 09:06:15
500108120,11,2,9,2024-12-19 10:04:16
500110080,11,2,9,2024-12-19 11:27:15
500101007,11,0,10,2024-12-19 10:09:16
500104018,11,1,10,2024-12-19 11:48:16
500105053,11,1,10,2024-12-19 12:17:16
500110055,11,1,10,2024-12-19 12:03:15
500101014,11,0,11,2024-12-19 11:38:15
500108134,11,0,11,2024-12-19 09:36:15
500101014,11,11,0,2024-12-19 17:47:16
500107100,11,11,0,2024-12-19 21:07:17
500107100,11,10,1,2024-12-19 17:41:16
500104100,11,9,2,2024-12-19 20:13:15
500107088,11,8,2,2024-12-19 20:27:15
500107088,11,8,2,2024-12-19 20:32:15
500110055,11,9,2,2024-12-19 20:53:15
500110055,11,8,3,2024-12-19 21:07:16
500110055,11,7,4,2024-12-19 19:53:15
500108120,11,5,5,2024-12-19 21:01:15
500110055,11,6,5,2024-12-19 18:51:16
500110055,11,6,5,2024-12-19 19:47:15
500101007,11,5,6,2024-12-19 19:58:15
500104018,11,5,6,2024-12-19 18:29:16
500107088,11,4,6,2024-12-19 17:58:16
500107100,11,5,6,2024-12-19 19:29:14
500107100,11,9,2,2024-12-19 16:43:15
500101007,11,5,6,2024-12-19 13:25:16
500110080,11,5,6,2024-12-19 15:47:14
500111025,11,5,6,2024-12-19 17:08:16
500101014,11,4,7,2024-12-19 13:57:15
500104018,11,4,7,2024-12-19 13:15:15
500101014,11,3,8,2024-12-19 15:57:15
500104018,11,3,8,2024-12-19 13:32:15
500104018,11,3,8,2024-12-19 17:13:15
500101014,11,2,9,2024-12-19 14:13:15
500101014,11,0,11,2024-12-19 16:37:16
500101007,11,5,6,2024-12-19 21:47:15
500108120,11,9,2,2024-12-19 08:01:17
500111025,11,9,2,2024-12-19 07:26:14
500101014,11,8,3,2024-12-19 06:50:16
500111025,11,8,3,2024-12-19 08:33:16
500101014,11,7,4,2024-12-19 08:47:15
500111025,11,7,4,2024-12-19 04:59:14
500101007,11,6,5,2024-12-19 07:08:15
500101007,11,5,6,2024-12-19 07:37:15
500107088,11,4,6,2024-12-19 08:57:15
500104018,11,2,7,2024-12-19 07:47:14
500107088,11,3,7,2024-12-19 08:37:15
500101004,11,2,9,2024-12-19 08:30:15
500104100,11,2,9,2024-12-19 07:01:15
500105053,11,2,9,2024-12-19 06:46:15
500101004,11,1,10,2024-12-19 07:56:15
500101014,11,6,5,2024-12-19 00:02:15
500119060,12,1,11,2024-12-19 21:07:16
500104110,12,4,8,2024-12-19 19:59:16
500107153,12,6,6,2024-12-19 23:40:15
500108032,12,8,4,2024-12-19 22:47:15
500109067,12,8,4,2024-12-19 23:05:15
500105074,12,1,11,2024-12-19 21:58:16
500106004,12,1,11,2024-12-19 23:47:15
500112048,12,3,4,2024-12-19 23:58:14
500107153,12,6,6,2024-12-19 00:03:16
500112088,12,2,8,2024-12-19 23:04:15
500101118,12,0,12,2024-12-19 21:10:18
500106004,12,1,11,2024-12-19 21:39:15
500112048,12,3,5,2024-12-19 21:39:15
500109091,12,3,7,2024-12-19 21:39:15
500108109,12,3,9,2024-12-19 01:42:15
500105093,12,2,10,2024-12-19 22:08:15
500106003,12,10,2,2024-12-19 22:09:15
500106016,12,11,1,2024-12-19 22:09:15
500105093,12,4,8,2024-12-19 21:44:15
500108063,12,7,4,2024-12-19 21:52:15
500107137,12,3,8,2024-12-19 03:24:15
500109063,12,4,8,2024-12-19 22:49:14
500119060,12,12,0,2024-12-19 12:58:15
500119072,12,12,0,2024-12-19 09:37:16
500119072,12,11,1,2024-12-19 10:15:16
500107143,12,9,2,2024-12-19 09:33:15
500105005,12,9,3,2024-12-19 09:40:16
500106004,12,9,3,2024-12-19 12:57:15
500107153,12,8,4,2024-12-19 12:43:15
500119062,12,8,4,2024-12-19 12:07:16
500107143,12,7,5,2024-12-19 12:47:15
500111085,12,7,5,2024-12-19 11:08:15
500119062,12,7,5,2024-12-19 11:24:15
500101118,12,6,6,2024-12-19 11:47:16
500106003,12,6,6,2024-12-19 13:07:15
500108018,12,6,6,2024-12-19 08:46:15
500108144,12,6,6,2024-12-19 09:56:16
500113072,12,5,6,2024-12-19 10:22:16
500108094,12,5,7,2024-12-19 09:34:15
500108094,12,5,7,2024-12-19 11:47:16
500104094,12,4,8,2024-12-19 11:56:16
500109067,12,4,8,2024-12-19 10:47:16
500109067,12,4,8,2024-12-19 10:56:15
500101118,12,3,9,2024-12-19 10:27:16
500101180,12,2,9,2024-12-19 09:09:15
500106003,12,3,9,2024-12-19 09:54:15
500106118,12,2,9,2024-12-19 10:16:15
500111082,12,3,9,2024-12-19 10:29:15
500119062,12,3,9,2024-12-19 09:50:16
500101118,12,2,10,2024-12-19 12:27:15
500104025,12,2,10,2024-12-19 10:51:16
500104092,12,2,10,2024-12-19 12:55:16
500105043,12,2,10,2024-12-19 11:53:16
500105074,12,2,10,2024-12-19 09:19:15
500105074,12,2,10,2024-12-19 10:15:16
500106016,12,1,10,2024-12-19 13:06:14
500108032,12,2,10,2024-12-19 11:35:16
500109067,12,2,10,2024-12-19 10:15:16
500119072,12,2,10,2024-12-19 11:24:15
500104025,12,1,11,2024-12-19 11:07:16
500105074,12,1,11,2024-12-19 11:19:15
500105085,12,1,11,2024-12-19 09:37:15
500106016,12,0,11,2024-12-19 10:37:15
500106118,12,0,11,2024-12-19 11:45:16
500107084,12,1,11,2024-12-19 11:53:15
500101118,12,0,12,2024-12-19 09:06:15
500106003,12,0,12,2024-12-19 11:35:16
500106004,12,0,12,2024-12-19 12:07:16
500106004,12,0,12,2024-12-19 11:18:15
500108032,12,0,12,2024-12-19 08:56:16
500109063,12,0,12,2024-12-19 10:25:15
500109063,12,0,12,2024-12-19 10:55:16
500109091,12,0,12,2024-12-19 09:00:20
500101180,12,12,0,2024-12-19 19:49:15
500105093,12,12,0,2024-12-19 17:31:18
500106016,12,12,0,2024-12-19 18:06:15
500105093,12,11,1,2024-12-19 17:22:16
500106004,12,11,1,2024-12-19 17:48:15
500106004,12,11,1,2024-12-19 18:44:16
500109091,12,11,1,2024-12-19 20:13:15
500104092,12,10,2,2024-12-19 18:57:15
500106003,12,10,2,2024-12-19 19:27:15
500101180,12,9,3,2024-12-19 18:14:15
500106003,12,9,3,2024-12-19 17:47:16
500106016,12,8,4,2024-12-19 20:54:14
500112048,12,5,4,2024-12-19 20:49:15
500119060,12,8,4,2024-12-19 17:44:15
500119060,12,8,4,2024-12-19 18:07:16
500101180,12,7,5,2024-12-19 18:44:16
500105093,12,7,5,2024-12-19 18:04:15
500108018,12,7,5,2024-12-19 18:22:15
500108032,12,7,5,2024-12-19 18:18:16
500109061,12,7,5,2024-12-19 18:18:15
500112048,12,6,5,2024-12-19 17:56:16
500104025,12,5,6,2024-12-19 21:14:15
500106118,12,5,6,2024-12-19 18:27:15
500108018,12,6,6,2024-12-19 20:31:15
500108032,12,6,6,2024-12-19 17:58:16
500108034,12,5,6,2024-12-19 17:19:15
500108109,12,6,6,2024-12-19 18:06:15
500111085,12,6,6,2024-12-19 18:29:16
500119062,12,6,6,2024-12-19 20:04:16
500119062,12,6,6,2024-12-19 18:18:16
500104025,12,4,7,2024-12-19 20:11:16
500106118,12,4,7,2024-12-19 19:07:15
500106118,12,4,7,2024-12-19 18:46:15
500108018,12,5,7,2024-12-19 18:06:15
500109067,12,5,7,2024-12-19 17:16:16
500112088,12,4,7,2024-12-19 17:21:15
500107137,12,4,8,2024-12-19 18:08:16
500107143,12,4,8,2024-12-19 20:08:14
500104025,12,2,9,2024-12-19 18:30:17
500107137,12,3,9,2024-12-19 19:35:16
500108102,12,3,9,2024-12-19 17:50:16
500111085,12,3,9,2024-12-19 17:53:15
500119060,12,3,9,2024-12-19 18:34:15
500105005,12,2,10,2024-12-19 18:17:15
500105074,12,2,10,2024-12-19 17:27:16
500107143,12,2,10,2024-12-19 20:49:15
500108032,12,2,10,2024-12-19 20:26:16
500109091,12,2,10,2024-12-19 21:09:16
500105005,12,1,11,2024-12-19 19:59:15
500105074,12,1,11,2024-12-19 20:39:16
500108032,12,1,11,2024-12-19 20:37:16
500119060,12,1,11,2024-12-19 19:09:15
500101118,12,0,12,2024-12-19 17:39:16
500105005,12,0,12,2024-12-19 20:02:14
500105005,12,0,12,2024-12-19 20:59:15
500106003,12,0,12,2024-12-19 20:58:15
500106004,12,0,12,2024-12-19 21:18:15
500119060,12,11,1,2024-12-19 15:56:15
500119060,12,11,1,2024-12-19 14:55:16
500105005,12,10,2,2024-12-19 13:30:16
500106003,12,9,3,2024-12-19 16:02:15
500107084,12,8,4,2024-12-19 15:44:14
500109091,12,7,5,2024-12-19 17:08:15
500119060,12,7,5,2024-12-19 13:57:15
500113072,12,5,6,2024-12-19 15:55:16
500109063,12,5,7,2024-12-19 16:33:14
500112088,12,4,7,2024-12-19 13:35:15
500101180,12,4,8,2024-12-19 16:52:14
500104025,12,4,8,2024-12-19 14:27:14
500106003,12,4,8,2024-12-19 13:16:14
500109063,12,4,8,2024-12-19 16:17:15
500112048,12,3,8,2024-12-19 13:57:15
500119072,12,4,8,2024-12-19 13:18:15
500104025,12,3,9,2024-12-19 13:49:15
500106003,12,3,9,2024-12-19 15:46:15
500106004,12,3,9,2024-12-19 14:28:15
500106016,12,2,10,2024-12-19 16:18:15
500108032,12,2,10,2024-12-19 13:36:16
500106003,12,1,11,2024-12-19 15:28:14
500108018,12,1,11,2024-12-19 14:50:16
500105074,12,0,12,2024-12-19 13:48:16
500106016,12,0,12,2024-12-19 13:26:17
500108018,12,3,9,2024-12-19 21:45:16
500110016,12,7,5,2024-12-19 21:45:15
500105005,12,12,0,2024-12-19 07:17:14
500105005,12,12,0,2024-12-19 06:11:15
500119072,12,12,0,2024-12-19 08:16:15
500105005,12,11,1,2024-12-19 06:46:15
500105074,12,10,2,2024-12-19 06:14:15
500108018,12,10,2,2024-12-19 06:37:14
500112088,12,8,2,2024-12-19 07:44:16
500105051,12,9,3,2024-12-19 05:46:14
500105093,12,9,3,2024-12-19 08:14:15
500107084,12,7,3,2024-12-19 05:42:15
500108094,12,9,3,2024-12-19 08:24:15
500112088,12,6,3,2024-12-19 06:56:15
500105051,12,8,4,2024-12-19 05:17:15
500105051,12,8,4,2024-12-19 06:53:15
500106016,12,7,4,2024-12-19 07:22:15
500107143,12,7,4,2024-12-19 08:57:15
500110016,12,8,4,2024-12-19 05:05:16
500110016,12,8,4,2024-12-19 06:12:14
500104025,12,7,5,2024-12-19 06:32:15
500105043,12,7,5,2024-12-19 08:16:15
500105074,12,7,5,2024-12-19 07:55:17
500105043,12,6,6,2024-12-19 08:24:15
500106118,12,5,6,2024-12-19 06:27:15
500107153,12,6,6,2024-12-19 07:25:15
500110016,12,6,6,2024-12-19 07:54:14
500107143,12,4,7,2024-12-19 07:12:15
500108102,12,5,7,2024-12-19 07:25:15
500106004,12,4,8,2024-12-19 06:28:15
500108032,12,4,8,2024-12-19 07:21:15
500108063,12,3,8,2024-12-19 06:14:14
500109091,12,4,8,2024-12-19 07:14:15
500105074,12,3,9,2024-12-19 08:24:15
500106003,12,3,9,2024-12-19 08:26:15
500111082,12,3,9,2024-12-19 07:58:15
500106118,12,1,10,2024-12-19 08:57:15
500107143,12,1,10,2024-12-19 08:27:16
500108032,12,2,10,2024-12-19 08:12:14
500108109,12,2,10,2024-12-19 06:55:16
500109063,12,2,10,2024-12-19 07:56:15
500110016,12,2,10,2024-12-19 08:37:15
500101180,12,0,11,2024-12-19 07:46:15
500104086,12,1,11,2024-12-19 08:12:16
500112048,12,0,11,2024-12-19 08:47:15
500104086,12,0,12,2024-12-19 07:49:17
500106003,12,0,12,2024-12-19 08:40:19
500108109,12,0,12,2024-12-19 08:37:15
500108018,12,10,1,2024-12-19 00:07:16
500108032,12,5,7,2024-12-19 00:01:14
500108109,12,6,6,2024-12-19 23:18:15
500110016,12,7,5,2024-12-19 23:04:15
500106003,12,0,12,2024-12-19 00:33:16
500105005,12,1,11,2024-12-19 01:13:15
500119062,12,1,11,2024-12-19 00:01:14
500110016,12,9,3,2024-12-19 00:16:15
500106004,12,0,12,2024-12-19 23:19:15
500108063,12,7,4,2024-12-19 22:40:15
500106016,12,7,5,2024-12-19 22:26:15
500113072,12,8,4,2024-12-19 22:31:16
500106016,12,9,3,2024-12-19 21:23:16
500107137,12,6,5,2024-12-19 02:59:15
500107084,12,9,1,2024-12-19 01:24:14
500104092,12,7,4,2024-12-19 03:40:15
500108032,12,9,3,2024-12-19 04:18:14
500104025,12,3,6,2024-12-19 22:01:15
500110016,12,7,5,2024-12-19 21:57:15
500101180,12,12,0,2024-12-19 22:09:15
500107143,12,4,7,2024-12-19 03:43:14
500106003,12,1,11,2024-12-19 22:49:15
500106004,12,2,10,2024-12-19 23:08:15
500112048,12,7,1,2024-12-19 22:16:15
500104025,12,8,4,2024-12-19 04:42:14
500108018,12,11,1,2024-12-19 04:39:15
500107084,12,9,1,2024-12-19 22:21:16
500106118,12,5,6,2024-12-19 22:52:15
500106118,12,11,0,2024-12-19 12:58:15
500107137,12,11,0,2024-12-19 09:27:15
500107143,12,12,0,2024-12-19 09:53:17
500105005,12,11,1,2024-12-19 11:47:15
500107143,12,11,1,2024-12-19 11:15:15
500109091,12,10,2,2024-12-19 11:10:16
500113018,12,10,2,2024-12-19 10:24:15
500105005,12,9,3,2024-12-19 12:25:16
500105093,12,9,3,2024-12-19 10:38:15
500112088,12,8,3,2024-12-19 10:24:15
500105005,12,8,4,2024-12-19 10:07:16
500107137,12,7,4,2024-12-19 11:35:17
500108034,12,7,4,2024-12-19 09:32:15
500108144,12,8,4,2024-12-19 08:51:15
500119060,12,7,5,2024-12-19 12:38:15
500107143,12,6,6,2024-12-19 11:37:15
500111085,12,6,6,2024-12-19 09:01:15
500113018,12,6,6,2024-12-19 09:07:15
500119072,12,6,6,2024-12-19 09:54:15
500104110,12,5,7,2024-12-19 12:01:16
500106118,12,4,7,2024-12-19 12:18:15
500107084,12,5,7,2024-12-19 12:41:15
500107137,12,4,7,2024-12-19 12:24:15
500108094,12,5,7,2024-12-19 10:14:15
500108109,12,5,7,2024-12-19 09:37:15
500101118,12,4,8,2024-12-19 11:08:15
500106004,12,4,8,2024-12-19 11:48:15
500112088,12,3,8,2024-12-19 11:54:15
500105043,12,3,9,2024-12-19 12:56:15
500106004,12,3,9,2024-12-19 09:45:15
500106016,12,2,9,2024-12-19 09:35:16
500106118,12,2,9,2024-12-19 09:45:15
500108063,12,2,9,2024-12-19 10:22:16
500119060,12,3,9,2024-12-19 12:18:15
500104025,12,2,10,2024-12-19 11:38:15
500104086,12,2,10,2024-12-19 09:07:15
500105085,12,2,10,2024-12-19 11:53:16
500106004,12,2,10,2024-12-19 09:57:15
500107084,12,2,10,2024-12-19 09:37:15
500108063,12,1,10,2024-12-19 09:07:15
500101118,12,1,11,2024-12-19 12:30:16
500104025,12,1,11,2024-12-19 10:37:15
500108102,12,1,11,2024-12-19 09:25:16
500112048,12,0,11,2024-12-19 09:24:15
500106003,12,12,0,2024-12-19 18:37:15
500106016,12,12,0,2024-12-19 19:48:16
500108094,12,12,0,2024-12-19 17:38:16
500106118,12,10,1,2024-12-19 17:59:15
500109063,12,11,1,2024-12-19 19:57:15
500112048,12,10,1,2024-12-19 18:15:17
500106118,12,9,2,2024-12-19 17:48:16
500107084,12,8,2,2024-12-19 21:02:16
500101180,12,9,3,2024-12-19 20:04:16
500104086,12,9,3,2024-12-19 17:52:15
500104092,12,9,3,2024-12-19 17:58:16
500109091,12,9,3,2024-12-19 19:43:15
500113072,12,9,3,2024-12-19 17:16:16
500113072,12,9,3,2024-12-19 18:01:16
500109061,12,8,4,2024-12-19 18:05:15
500101180,12,7,5,2024-12-19 17:28:15
500112048,12,6,5,2024-12-19 17:48:15
500113018,12,7,5,2024-12-19 17:36:15
500119060,12,7,5,2024-12-19 17:38:16
500101180,12,6,6,2024-12-19 18:27:15
500106016,12,6,6,2024-12-19 17:36:15
500107137,12,6,6,2024-12-19 18:59:15
500108032,12,6,6,2024-12-19 19:26:14
500112048,12,3,6,2024-12-19 20:35:16
500104025,12,4,7,2024-12-19 19:55:16
500108034,12,4,7,2024-12-19 18:02:14
500110016,12,5,7,2024-12-19 20:16:15
500112048,12,3,7,2024-12-19 19:34:15
500104025,12,3,8,2024-12-19 19:19:15
500105043,12,4,8,2024-12-19 17:59:15
500107137,12,4,8,2024-12-19 20:34:15
500107143,12,4,8,2024-12-19 21:01:15
500108063,12,3,8,2024-12-19 18:47:16
500108094,12,3,8,2024-12-19 20:24:16
500119062,12,4,8,2024-12-19 18:47:16
500105005,12,3,9,2024-12-19 18:46:15
500105074,12,3,9,2024-12-19 18:52:15
500106003,12,3,9,2024-12-19 21:09:16
500107143,12,3,9,2024-12-19 17:48:15
500109063,12,3,9,2024-12-19 20:29:15
500110016,12,3,9,2024-12-19 17:54:15
500105074,12,2,10,2024-12-19 18:59:15
500105085,12,2,10,2024-12-19 19:53:15
500106003,12,2,10,2024-12-19 21:15:16
500108032,12,2,10,2024-12-19 20:46:16
500109063,12,2,10,2024-12-19 17:46:16
500119060,12,2,10,2024-12-19 19:28:15
500101118,12,1,11,2024-12-19 18:05:17
500105005,12,1,11,2024-12-19 19:07:15
500105005,12,1,11,2024-12-19 19:38:15
500105005,12,1,11,2024-12-19 18:58:16
500106003,12,1,11,2024-12-19 21:20:16
500106004,12,1,11,2024-12-19 20:33:15
500119072,12,1,11,2024-12-19 20:13:15
500106004,12,0,12,2024-12-19 19:38:16
500106004,12,0,12,2024-12-19 20:59:17
500119072,12,0,12,2024-12-19 17:59:15
500108109,12,11,1,2024-12-19 16:25:18
500119060,12,11,1,2024-12-19 14:36:15
500106118,12,9,2,2024-12-19 13:18:15
500106118,12,9,2,2024-12-19 14:12:15
500107137,12,10,2,2024-12-19 15:06:15
500119060,12,10,2,2024-12-19 16:04:15
500106004,12,9,3,2024-12-19 16:03:15
500106004,12,9,3,2024-12-19 13:22:15
500107137,12,9,3,2024-12-19 15:55:16
500105005,12,8,4,2024-12-19 14:58:15
500108034,12,7,4,2024-12-19 16:01:16
500108034,12,7,4,2024-12-19 16:35:15
500108109,12,8,4,2024-12-19 17:18:16
500113072,12,8,4,2024-12-19 16:33:15
500119060,12,8,4,2024-12-19 16:26:15
500119060,12,8,4,2024-12-19 13:25:16
500107137,12,7,5,2024-12-19 16:43:15
500113018,12,7,5,2024-12-19 16:35:15
500119072,12,7,5,2024-12-19 13:37:14
500112088,12,5,6,2024-12-19 13:21:15
500119062,12,6,6,2024-12-19 17:07:15
500104025,12,5,7,2024-12-19 14:56:15
500107143,12,5,7,2024-12-19 15:58:15
500109061,12,5,7,2024-12-19 16:47:15
500111085,12,5,7,2024-12-19 15:54:15
500111085,12,5,7,2024-12-19 14:44:15
500101180,12,4,8,2024-12-19 15:58:15
500106016,12,4,8,2024-12-19 17:11:15
500109061,12,4,8,2024-12-19 13:34:16
500108063,12,2,9,2024-12-19 16:28:15
500109067,12,3,9,2024-12-19 15:27:15
500108018,12,2,10,2024-12-19 15:17:16
500112048,12,1,10,2024-12-19 14:26:15
500101118,12,0,12,2024-12-19 14:37:14
500105005,12,0,12,2024-12-19 17:08:16
500104092,12,2,8,2024-12-19 21:48:16
500112048,12,4,4,2024-12-19 21:47:15
500107137,12,11,0,2024-12-19 08:26:15
500109063,12,12,0,2024-12-19 06:55:16
500109091,12,12,0,2024-12-19 07:47:15
500106003,12,11,1,2024-12-19 07:16:15
500106003,12,11,1,2024-12-19 07:37:15
500109067,12,11,1,2024-12-19 07:24:15
500107137,12,9,2,2024-12-19 07:46:15
500112048,12,9,2,2024-12-19 08:03:15
500119062,12,10,2,2024-12-19 08:31:16
500104092,12,8,3,2024-12-19 07:42:15
500105093,12,9,3,2024-12-19 07:31:16
500119062,12,9,3,2024-12-19 08:52:16
500105093,12,8,4,2024-12-19 06:43:15
500107137,12,7,4,2024-12-19 07:17:14
500107153,12,8,4,2024-12-19 08:37:15
500108032,12,8,4,2024-12-19 05:33:15
500109061,12,8,4,2024-12-19 08:24:15
500105043,12,7,5,2024-12-19 07:43:15
500105074,12,7,5,2024-12-19 07:27:15
500108144,12,7,5,2024-12-19 08:23:15
500109067,12,7,5,2024-12-19 07:52:15
500101118,12,6,6,2024-12-19 08:15:16
500104092,12,5,6,2024-12-19 08:03:15
500109067,12,5,7,2024-12-19 08:24:15
500109091,12,5,7,2024-12-19 06:52:15
500113018,12,5,7,2024-12-19 05:39:15
500105085,12,4,8,2024-12-19 07:28:15
500105085,12,4,8,2024-12-19 07:53:16
500106118,12,3,8,2024-12-19 06:36:14
500108102,12,4,8,2024-12-19 06:35:14
500108102,12,4,8,2024-12-19 07:56:15
500107084,12,3,9,2024-12-19 07:56:15
500111085,12,3,9,2024-12-19 07:59:15
500119072,12,3,9,2024-12-19 07:14:15
500101180,12,1,10,2024-12-19 07:37:15
500106004,12,2,10,2024-12-19 05:22:15
500119062,12,2,10,2024-12-19 04:52:15
500107143,12,0,11,2024-12-19 07:36:15
500108063,12,0,11,2024-12-19 08:27:16
500113018,12,1,11,2024-12-19 07:49:16
500119062,12,1,11,2024-12-19 08:17:16
500119072,12,1,11,2024-12-19 05:31:15
500107084,12,0,12,2024-12-19 08:18:15
500109091,12,8,4,2024-12-19 00:17:15
500113072,12,3,9,2024-12-19 00:09:14
500107137,12,3,8,2024-12-19 00:37:15
500111082,12,6,6,2024-12-19 21:48:15
500111085,12,7,5,2024-12-19 22:27:15
500101118,12,4,8,2024-12-19 23:26:15
500107143,12,4,8,2024-12-19 23:05:15
500105085,12,5,7,2024-12-19 22:39:15
500119060,12,8,4,2024-12-19 01:02:15
500108018,12,11,0,2024-12-19 00:26:15
500109063,12,6,6,2024-12-19 23:01:15
500106016,12,7,5,2024-12-19 23:17:14
500107084,12,7,5,2024-12-19 22:56:14
500107143,12,2,10,2024-12-19 22:35:16
500104025,12,4,5,2024-12-19 22:26:15
500106118,12,6,5,2024-12-19 22:31:16
500108063,12,6,5,2024-12-19 22:11:15
500101180,12,9,3,2024-12-19 22:38:15
500105005,12,0,12,2024-12-19 21:32:14
500108032,12,4,8,2024-12-19 21:21:15
500108063,12,6,5,2024-12-19 21:09:16
500111085,12,6,6,2024-12-19 21:27:15
500113072,12,4,7,2024-12-19 03:51:15
500104025,12,2,7,2024-12-19 21:57:15
500109063,12,3,9,2024-12-19 03:42:14
500106118,12,6,4,2024-12-19 23:48:14
500112088,12,6,3,2024-12-19 01:06:15
500107143,12,3,9,2024-12-19 22:40:15
500106004,12,5,7,2024-12-19 04:32:14
500106118,12,5,5,2024-12-19 23:05:15
500107143,12,1,11,2024-12-19 22:11:15
500109063,12,2,10,2024-12-19 22:25:16
500113072,12,9,3,2024-12-19 22:23:15
500119062,12,10,2,2024-12-19 22:23:14
500112048,12,1,6,2024-12-19 22:59:15
500106118,12,1,10,2024-12-19 01:50:17
500101118,12,4,8,2024-12-19 02:02:15
500106004,12,12,0,2024-12-19 12:37:15
500106118,12,11,0,2024-12-19 12:48:16
500107137,12,11,0,2024-12-19 09:01:17
500113018,12,11,1,2024-12-19 10:17:16
500101180,12,9,2,2024-12-19 10:35:15
500105093,12,10,2,2024-12-19 08:18:15
500109091,12,10,2,2024-12-19 10:12:15
500101180,12,8,3,2024-12-19 09:36:15
500101180,12,8,3,2024-12-19 11:53:15
500107137,12,7,4,2024-12-19 10:28:15
500109091,12,8,4,2024-12-19 10:47:16
500108034,12,6,5,2024-12-19 08:47:15
500108144,12,7,5,2024-12-19 10:43:16
500113018,12,7,5,2024-12-19 12:27:14
500113072,12,6,5,2024-12-19 08:42:15
500119060,12,7,5,2024-12-19 10:36:14
500119062,12,7,5,2024-12-19 11:55:18
500108094,12,6,6,2024-12-19 09:14:15
500112088,12,5,6,2024-12-19 11:06:15
500113072,12,5,6,2024-12-19 10:41:15
500119062,12,6,6,2024-12-19 09:03:14
500104092,12,4,7,2024-12-19 09:24:15
500106004,12,5,7,2024-12-19 12:26:15
500110016,12,5,7,2024-12-19 10:18:15
500111085,12,5,7,2024-12-19 09:55:17
500106016,12,3,8,2024-12-19 09:40:16
500106016,12,3,8,2024-12-19 09:57:15
500108109,12,4,8,2024-12-19 09:26:15
500111082,12,4,8,2024-12-19 09:39:15
500112048,12,3,8,2024-12-19 09:38:14
500104025,12,3,9,2024-12-19 11:23:14
500104092,12,2,9,2024-12-19 10:03:15
500106118,12,2,9,2024-12-19 11:58:16
500107084,12,3,9,2024-12-19 12:32:15
500108032,12,3,9,2024-12-19 11:22:16
500119072,12,3,9,2024-12-19 11:34:15
500104094,12,2,10,2024-12-19 10:53:16
500105074,12,2,10,2024-12-19 10:47:16
500108102,12,2,10,2024-12-19 08:41:15
500109061,12,2,10,2024-12-19 12:53:15
500112048,12,1,10,2024-12-19 11:46:15
500119060,12,2,10,2024-12-19 11:54:15
500106003,12,1,11,2024-12-19 09:09:16
500106003,12,1,11,2024-12-19 11:58:15
500106004,12,1,11,2024-12-19 10:55:16
500106118,12,0,11,2024-12-19 11:18:16
500107084,12,1,11,2024-12-19 09:26:15
500107084,12,1,11,2024-12-19 11:26:15
500109063,12,1,11,2024-12-19 10:38:15
500119062,12,1,11,2024-12-19 11:04:15
500119072,12,1,11,2024-12-19 12:08:15
500106003,12,0,12,2024-12-19 09:24:15
500106003,12,0,12,2024-12-19 10:29:16
500106003,12,0,12,2024-12-19 11:26:15
500108032,12,7,5,2024-12-19 04:17:15
500106118,12,11,0,2024-12-19 17:27:16
500106118,12,11,0,2024-12-19 19:29:16
500104092,12,11,1,2024-12-19 18:19:15
500106016,12,11,1,2024-12-19 20:08:15
500106016,12,11,1,2024-12-19 19:28:15
500109091,12,11,1,2024-12-19 17:46:15
500101180,12,10,2,2024-12-19 19:29:15
500106004,12,10,2,2024-12-19 18:23:16
500113072,12,10,2,2024-12-19 20:29:15
500104094,12,9,3,2024-12-19 18:52:15
500106016,12,9,3,2024-12-19 21:12:15
500107084,12,9,3,2024-12-19 17:34:15
500109063,12,9,3,2024-12-19 18:58:16
500109091,12,9,3,2024-12-19 17:32:15
500104092,12,8,4,2024-12-19 17:43:16
500113018,12,8,4,2024-12-19 17:42:15
500101180,12,7,5,2024-12-19 18:08:16
500108109,12,7,5,2024-12-19 17:22:16
500119062,12,7,5,2024-12-19 17:57:15
500106118,12,5,6,2024-12-19 18:56:15
500109067,12,6,6,2024-12-19 20:47:15
500105074,12,5,7,2024-12-19 18:17:15
500106004,12,5,7,2024-12-19 20:08:14
500106118,12,4,7,2024-12-19 20:49:14
500107137,12,5,7,2024-12-19 17:54:15
500108063,12,4,7,2024-12-19 18:55:16
500108144,12,5,7,2024-12-19 19:27:16
500110016,12,5,7,2024-12-19 18:17:15
500111082,12,5,7,2024-12-19 19:14:16
500112088,12,4,7,2024-12-19 17:52:15
500119062,12,5,7,2024-12-19 20:45:16
500106004,12,4,8,2024-12-19 19:29:15
500108032,12,4,8,2024-12-19 17:44:15
500108034,12,3,8,2024-12-19 17:49:15
500108063,12,3,8,2024-12-19 20:03:15
500109063,12,4,8,2024-12-19 19:19:15
500109091,12,4,8,2024-12-19 18:37:15
500105085,12,3,9,2024-12-19 20:43:15
500110016,12,3,9,2024-12-19 19:15:16
500111085,12,3,9,2024-12-19 17:44:15
500112048,12,1,9,2024-12-19 18:56:15
500106118,12,1,10,2024-12-19 21:09:15
500107143,12,2,10,2024-12-19 19:33:15
500108032,12,2,10,2024-12-19 20:10:17
500108102,12,2,10,2024-12-19 19:15:16
500108109,12,2,10,2024-12-19 20:16:16
500101118,12,1,11,2024-12-19 17:28:16
500101118,12,1,11,2024-12-19 17:59:15
500105074,12,1,11,2024-12-19 20:13:15
500105085,12,1,11,2024-12-19 18:04:15
500106004,12,1,11,2024-12-19 19:59:17
500105005,12,0,12,2024-12-19 19:24:16
500107084,12,11,1,2024-12-19 16:43:15
500106004,12,10,2,2024-12-19 16:31:15
500106118,12,9,2,2024-12-19 17:17:16
500106118,12,9,2,2024-12-19 14:57:15
500106118,12,9,2,2024-12-19 15:20:16
500107137,12,10,2,2024-12-19 16:06:15
500107137,12,10,2,2024-12-19 15:27:15
500119060,12,10,2,2024-12-19 16:16:14
500106003,12,9,3,2024-12-19 17:18:15
500106004,12,9,3,2024-12-19 13:18:15
500106118,12,8,3,2024-12-19 15:07:15
500106003,12,8,4,2024-12-19 15:56:15
500107084,12,8,4,2024-12-19 15:11:15
500107143,12,8,4,2024-12-19 13:56:15
500109091,12,8,4,2024-12-19 17:15:17
500119072,12,8,4,2024-12-19 13:27:15
500104025,12,7,5,2024-12-19 17:05:17
500104086,12,7,5,2024-12-19 16:41:15
500106004,12,7,5,2024-12-19 13:35:15
500106118,12,6,5,2024-12-19 16:48:16
500107084,12,7,5,2024-12-19 17:13:15
500107137,12,7,5,2024-12-19 15:44:14
500107143,12,7,5,2024-12-19 15:05:16
500101180,12,6,6,2024-12-19 17:08:16
500107143,12,6,6,2024-12-19 14:57:15
500107143,12,6,6,2024-12-19 14:20:16
500107153,12,6,6,2024-12-19 14:55:16
500109091,12,6,6,2024-12-19 16:38:15
500109063,12,5,7,2024-12-19 16:07:15
500119062,12,5,7,2024-12-19 16:05:16
500101180,12,4,8,2024-12-19 14:47:15
500104110,12,4,8,2024-12-19 16:46:14
500105043,12,4,8,2024-12-19 16:30:16
500107143,12,4,8,2024-12-19 16:39:15
500112048,12,3,8,2024-12-19 15:52:15
500104025,12,3,9,2024-12-19 15:16:15
500104025,12,3,9,2024-12-19 16:35:15
500106016,12,3,9,2024-12-19 15:44:15
500109061,12,3,9,2024-12-19 15:23:14
500112048,12,2,9,2024-12-19 16:33:15
500101180,12,2,10,2024-12-19 16:30:16
500104025,12,2,10,2024-12-19 13:09:15
500106016,12,2,10,2024-12-19 13:38:15
500106016,12,2,10,2024-12-19 14:55:16
500108018,12,2,10,2024-12-19 16:57:16
500101118,12,1,11,2024-12-19 15:25:16
500119072,12,1,11,2024-12-19 15:44:14
500105005,12,0,12,2024-12-19 15:43:16
500105005,12,0,12,2024-12-19 16:48:16
500106003,12,0,12,2024-12-19 14:50:19
500104092,12,10,1,2024-12-19 05:13:15
500107137,12,10,1,2024-12-19 08:57:15
500107137,12,10,1,2024-12-19 08:02:15
500107084,12,8,2,2024-12-19 04:55:16
500109061,12,10,2,2024-12-19 07:57:16
500109061,12,10,2,2024-12-19 07:58:15
500119060,12,10,2,2024-12-19 07:32:15
500105005,12,9,3,2024-12-19 05:38:14
500106003,12,9,3,2024-12-19 06:38:15
500110016,12,9,3,2024-12-19 06:29:14
500105085,12,8,4,2024-12-19 05:10:15
500106004,12,8,4,2024-12-19 07:27:15
500108094,12,8,4,2024-12-19 07:22:15
500112048,12,6,4,2024-12-19 06:56:15
500119060,12,8,4,2024-12-19 08:01:15
500104086,12,7,5,2024-12-19 06:56:15
500105074,12,7,5,2024-12-19 07:47:15
500108109,12,7,5,2024-12-19 08:54:15
500112048,12,5,5,2024-12-19 07:47:15
500119072,12,7,5,2024-12-19 07:43:15
500110016,12,6,6,2024-12-19 08:56:16
500104094,12,5,7,2024-12-19 07:25:15
500105074,12,5,7,2024-12-19 08:56:16
500105085,12,5,7,2024-12-19 07:23:15
500106003,12,5,7,2024-12-19 06:04:14
500106016,12,4,7,2024-12-19 07:47:15
500107084,12,3,7,2024-12-19 06:43:15
500107143,12,4,7,2024-12-19 06:16:15
500112088,12,3,7,2024-12-19 08:17:14
500101180,12,3,8,2024-12-19 06:54:16
500109091,12,4,8,2024-12-19 08:32:15
500101180,12,2,9,2024-12-19 07:54:16
500106003,12,3,9,2024-12-19 05:38:14
500106004,12,3,9,2024-12-19 08:27:16
500106016,12,2,9,2024-12-19 08:33:16
500106118,12,2,9,2024-12-19 08:03:15
500107137,12,2,9,2024-12-19 04:44:14
500107143,12,2,9,2024-12-19 08:37:16
500109063,12,3,9,2024-12-19 07:37:15
500113018,12,3,9,2024-12-19 06:20:15
500107143,12,1,10,2024-12-19 07:26:15
500106118,12,0,11,2024-12-19 08:27:15
500108032,12,1,11,2024-12-19 08:26:15
500104086,12,0,12,2024-12-19 07:47:15
500107084,12,0,12,2024-12-19 08:57:15
500113018,12,3,9,2024-12-19 03:57:15
500107143,12,1,11,2024-12-19 00:25:17
500119072,12,0,12,2024-12-19 21:01:21
500113072,12,6,6,2024-12-19 23:33:15
500112088,12,1,9,2024-12-19 23:32:14
500105093,12,6,6,2024-12-19 23:14:15
500106118,12,0,11,2024-12-19 00:10:16
500113072,12,4,8,2024-12-19 00:47:15
500113018,12,5,7,2024-12-19 01:10:16
500106016,12,8,3,2024-12-19 00:21:14
500105005,12,0,12,2024-12-19 22:36:16
500109091,12,6,3,2024-12-19 22:50:16
500108109,12,0,12,2024-12-19 21:49:15
500105043,12,8,4,2024-12-19 21:30:16
500109067,12,9,3,2024-12-19 22:25:16
500105074,12,0,12,2024-12-19 20:58:15
500110016,12,6,6,2024-12-19 21:20:16
500101180,12,9,3,2024-12-19 21:34:15
500107084,12,10,0,2024-12-19 21:24:16
500111082,12,7,5,2024-12-19 04:26:15
500105043,12,9,3,2024-12-19 03:13:15
500104092,12,3,7,2024-12-19 21:51:15
500112048,12,6,2,2024-12-19 22:09:15
500119062,12,9,3,2024-12-19 21:57:15
500112048,12,5,3,2024-12-19 21:56:15
500106004,12,6,6,2024-12-19 21:58:14
500105005,12,0,12,2024-12-19 23:51:15
500108094,12,7,4,2024-12-19 01:07:15
500107137,12,3,8,2024-12-19 02:43:14
500119062,12,2,10,2024-12-19 02:15:15
500109091,12,5,4,2024-12-19 22:48:15
500106004,12,6,6,2024-12-19 22:46:15
500107084,12,9,1,2024-12-19 22:19:15
500106003,12,0,12,2024-12-19 22:26:15
500106003,12,0,12,2024-12-19 22:58:15
500101180,12,11,0,2024-12-19 12:57:15
500105005,12,12,0,2024-12-19 12:50:18
500107143,12,11,0,2024-12-19 09:46:15
500119072,12,12,0,2024-12-19 09:21:17
500101180,12,10,1,2024-12-19 12:41:15
500101180,12,10,1,2024-12-19 09:42:15
500101118,12,10,2,2024-12-19 09:46:16
500101180,12,9,2,2024-12-19 11:46:15
500101180,12,9,2,2024-12-19 12:02:16
500107137,12,9,2,2024-12-19 11:58:16
500107143,12,10,2,2024-12-19 11:04:16
500108109,12,10,2,2024-12-19 11:48:15
500113018,12,10,2,2024-12-19 10:47:16
500101180,12,8,3,2024-12-19 11:06:15
500107143,12,9,3,2024-12-19 12:36:14
500107153,12,9,3,2024-12-19 09:08:15
500119060,12,9,3,2024-12-19 12:45:16
500106003,12,8,4,2024-12-19 12:47:15
500109091,12,8,4,2024-12-19 12:34:14
500101118,12,7,5,2024-12-19 10:07:16
500108109,12,7,5,2024-12-19 09:59:16
500109061,12,7,5,2024-12-19 08:59:15
500112048,12,6,5,2024-12-19 10:15:16
500112088,12,6,5,2024-12-19 13:08:15
500107143,12,5,6,2024-12-19 09:03:14
500111085,12,6,6,2024-12-19 11:35:17
500111085,12,6,6,2024-12-19 10:32:15
500113072,12,5,6,2024-12-19 11:20:16
500104092,12,4,7,2024-12-19 09:39:15
500108102,12,5,7,2024-12-19 11:42:16
500109061,12,5,7,2024-12-19 09:33:15
500112088,12,4,7,2024-12-19 11:39:15
500113072,12,4,7,2024-12-19 10:31:16
500106118,12,3,8,2024-12-19 09:53:15
500105005,12,3,9,2024-12-19 09:05:16
500105043,12,3,9,2024-12-19 12:10:16
500109063,12,3,9,2024-12-19 11:53:16
500112048,12,2,9,2024-12-19 09:36:14
500105043,12,2,10,2024-12-19 13:01:15
500106003,12,2,10,2024-12-19 12:38:15
500119060,12,2,10,2024-12-19 12:28:15
500105074,12,1,11,2024-12-19 09:37:15
500106003,12,1,11,2024-12-19 10:58:15
500106016,12,0,11,2024-12-19 09:00:20
500109063,12,1,11,2024-12-19 09:58:15
500119060,12,1,11,2024-12-19 09:37:15
500101118,12,0,12,2024-12-19 12:17:15
500104025,12,0,12,2024-12-19 09:21:17
500106003,12,0,12,2024-12-19 10:17:15
500106004,12,0,12,2024-12-19 09:19:15
500106004,12,0,12,2024-12-19 11:58:15
500106004,12,0,12,2024-12-19 10:06:15
500106004,12,0,12,2024-12-19 11:20:18
500109063,12,0,12,2024-12-19 10:43:15
500109067,12,0,12,2024-12-19 09:46:15
500106016,12,12,0,2024-12-19 17:59:15
500106016,12,12,0,2024-12-19 18:57:15
500107084,12,12,0,2024-12-19 18:28:16
500112088,12,11,0,2024-12-19 20:06:16
500112088,12,11,0,2024-12-19 19:36:18
500104025,12,11,1,2024-12-19 17:25:16
500106016,12,11,1,2024-12-19 19:53:16
500107084,12,11,1,2024-12-19 20:26:16
500109091,12,11,1,2024-12-19 19:38:14
500111085,12,11,1,2024-12-19 19:49:15
500101180,12,10,2,2024-12-19 19:59:16
500106003,12,10,2,2024-12-19 18:15:17
500106004,12,10,2,2024-12-19 17:59:15
500106004,12,10,2,2024-12-19 18:05:16
500106016,12,10,2,2024-12-19 20:39:16
500106016,12,10,2,2024-12-19 17:48:15
500106118,12,9,2,2024-12-19 20:08:15
500112048,12,9,2,2024-12-19 17:27:16
500113072,12,10,2,2024-12-19 17:38:15
500101180,12,9,3,2024-12-19 17:45:16
500104094,12,8,4,2024-12-19 17:50:16
500106004,12,8,4,2024-12-19 17:28:14
500107143,12,8,4,2024-12-19 18:08:16
500107143,12,8,4,2024-12-19 21:19:16
500108018,12,7,5,2024-12-19 20:42:15
500109061,12,7,5,2024-12-19 20:04:16
500113018,12,7,5,2024-12-19 18:38:16
500104086,12,6,6,2024-12-19 18:18:16
500108018,12,6,6,2024-12-19 19:28:15
500109061,12,6,6,2024-12-19 17:22:16
500111082,12,6,6,2024-12-19 17:54:15
500112048,12,4,6,2024-12-19 19:48:15
500119060,12,6,6,2024-12-19 17:55:17
500104025,12,3,8,2024-12-19 18:18:16
500104092,12,2,8,2024-12-19 20:24:15
500108018,12,4,8,2024-12-19 17:57:15
500108032,12,4,8,2024-12-19 19:39:15
500110016,12,4,8,2024-12-19 19:37:16
500112088,12,3,8,2024-12-19 17:37:16
500112088,12,3,8,2024-12-19 18:26:16
500105085,12,3,9,2024-12-19 19:19:15
500106003,12,3,9,2024-12-19 20:29:15
500107143,12,3,9,2024-12-19 17:22:16
500107143,12,3,9,2024-12-19 17:36:15
500108109,12,3,9,2024-12-19 18:29:16
500119072,12,3,9,2024-12-19 20:06:15
500119072,12,3,9,2024-12-19 17:37:16
500105005,12,2,10,2024-12-19 19:18:15
500105074,12,2,10,2024-12-19 18:33:16
500105074,12,2,10,2024-12-19 18:46:15
500106118,12,1,10,2024-12-19 20:39:16
500108102,12,2,10,2024-12-19 18:54:15
500119060,12,2,10,2024-12-19 19:52:16
500105005,12,1,11,2024-12-19 17:59:15
500105085,12,1,11,2024-12-19 17:28:15
500106004,12,1,11,2024-12-19 21:09:16
500108094,12,0,11,2024-12-19 18:55:17
500108102,12,1,11,2024-12-19 17:36:15
500101118,12,0,12,2024-12-19 17:37:16
500105005,12,0,12,2024-12-19 17:24:17
500105005,12,0,12,2024-12-19 17:37:15
500105085,12,0,12,2024-12-19 18:44:15
500106004,12,11,1,2024-12-19 17:15:17
500106118,12,10,1,2024-12-19 13:28:16
500106118,12,10,1,2024-12-19 13:50:16
500108109,12,10,2,2024-12-19 17:04:15
500106003,12,9,3,2024-12-19 16:26:15
500108094,12,9,3,2024-12-19 16:40:16
500107143,12,8,4,2024-12-19 13:44:15
500109091,12,8,4,2024-12-19 14:00:17
500104025,12,7,5,2024-12-19 16:44:15
500107143,12,7,5,2024-12-19 14:02:15
500105043,12,6,6,2024-12-19 16:43:14
500112088,12,5,6,2024-12-19 16:28:15
500106004,12,5,7,2024-12-19 13:48:15
500110016,12,5,7,2024-12-19 16:03:15
500101180,12,4,8,2024-12-19 13:58:16
500104092,12,4,8,2024-12-19 16:30:16
500106004,12,4,8,2024-12-19 15:36:15
500105085,12,3,9,2024-12-19 16:23:15
500106016,12,3,9,2024-12-19 16:19:15
500108032,12,3,9,2024-12-19 16:21:15
500112048,12,2,9,2024-12-19 17:18:15
500101180,12,2,10,2024-12-19 15:44:14
500119072,12,2,10,2024-12-19 16:25:16
500101118,12,1,11,2024-12-19 13:21:15
500105074,12,1,11,2024-12-19 15:09:16
500106003,12,1,11,2024-12-19 13:55:16
500106004,12,1,11,2024-12-19 14:05:16
500108032,12,1,11,2024-12-19 13:41:15
500101118,12,0,12,2024-12-19 15:33:15
500101118,12,0,12,2024-12-19 14:39:15
500105005,12,0,12,2024-12-19 16:58:15
500105005,12,0,12,2024-12-19 17:17:16
500105074,12,0,12,2024-12-19 16:10:18
500105074,12,0,12,2024-12-19 13:50:17
500106004,12,0,12,2024-12-19 15:18:15
500106004,12,12,0,2024-12-19 07:35:16
500107137,12,11,0,2024-12-19 08:47:15
500119062,12,11,1,2024-12-19 08:26:15
500106016,12,9,2,2024-12-19 06:27:15
500111085,12,10,2,2024-12-19 08:49:15
500105043,12,9,3,2024-12-19 07:15:17
500106003,12,9,3,2024-12-19 07:47:15
500106118,12,8,3,2024-12-19 06:54:16
500101180,12,7,4,2024-12-19 05:45:15
500105043,12,8,4,2024-12-19 06:03:15
500105051,12,8,4,2024-12-19 06:09:15
500108063,12,7,4,2024-12-19 07:14:15
500113072,12,7,4,2024-12-19 08:28:15
500108034,12,6,5,2024-12-19 07:44:14
500109067,12,6,6,2024-12-19 07:47:15
500109091,12,6,6,2024-12-19 08:17:15
500107153,12,5,7,2024-12-19 06:36:14
500108032,12,5,7,2024-12-19 07:35:16
500113018,12,5,7,2024-12-19 05:16:14
500101118,12,4,8,2024-12-19 06:55:16
500101180,12,3,8,2024-12-19 08:39:15
500104094,12,4,8,2024-12-19 07:53:16
500107137,12,3,8,2024-12-19 06:22:14
500107143,12,3,8,2024-12-19 08:38:15
500109061,12,4,8,2024-12-19 07:28:15
500113018,12,4,8,2024-12-19 08:17:14
500106003,12,3,9,2024-12-19 08:57:15
500110016,12,3,9,2024-12-19 08:03:15
500101118,12,2,10,2024-12-19 08:31:16
500106118,12,1,10,2024-12-19 07:47:15
500107084,12,2,10,2024-12-19 08:01:15
500108063,12,1,10,2024-12-19 06:21:15
500109091,12,2,10,2024-12-19 08:42:15
500111082,12,2,10,2024-12-19 08:38:15
500113072,12,1,10,2024-12-19 06:45:16
500101118,12,1,11,2024-12-19 08:38:15
500104025,12,1,11,2024-12-19 07:57:16
500108063,12,0,11,2024-12-19 08:57:16
500108109,12,1,11,2024-12-19 08:25:16
500111085,12,1,11,2024-12-19 07:27:15
500113072,12,0,11,2024-12-19 06:55:16
500112048,12,5,2,2024-12-19 00:45:15
500113018,12,7,5,2024-12-19 00:16:15
500108034,12,2,9,2024-12-19 21:05:16
500108144,12,6,6,2024-12-19 21:24:15
500105051,12,9,3,2024-12-19 19:00:18
500104025,12,7,2,2024-12-19 23:40:15
500107084,12,9,3,2024-12-19 23:37:14
500107143,12,5,7,2024-12-19 00:58:14
500111082,12,6,6,2024-12-19 00:45:17
500105074,12,11,1,2024-12-19 00:08:14
500113018,12,9,3,2024-12-19 22:36:15
500108094,12,1,10,2024-12-19 21:03:15
500105093,12,2,10,2024-12-19 22:29:14
500108032,12,7,5,2024-12-19 22:18:14
500104025,12,3,8,2024-12-19 21:31:15
500105085,12,4,8,2024-12-19 21:17:14
500104094,12,6,4,2024-12-19 21:12:15
500105093,12,6,6,2024-12-19 20:48:15
500106004,12,6,6,2024-12-19 02:54:15
500107137,12,3,8,2024-12-19 03:47:14
500109067,12,8,4,2024-12-19 03:35:15
500105005,12,0,12,2024-12-19 21:55:17
500109091,12,5,5,2024-12-19 21:58:15
500105085,12,5,7,2024-12-19 21:56:15
500106004,12,7,5,2024-12-19 22:09:15
500109061,12,7,5,2024-12-19 22:00:16
500108094,12,9,3,2024-12-19 01:18:15
500107137,12,6,6,2024-12-19 21:55:17
500106004,12,5,7,2024-12-19 03:20:15
500104025,12,6,2,2024-12-19 01:07:15
500106003,12,5,7,2024-12-19 22:18:15
500110016,12,9,3,2024-12-19 22:13:15
500105005,12,5,7,2024-12-19 01:57:15
500105005,12,0,12,2024-12-19 23:29:16
500106118,12,6,4,2024-12-19 23:32:14
500107084,12,8,4,2024-12-19 23:22:15
500105005,12,7,5,2024-12-19 02:05:16
500105005,12,12,0,2024-12-19 10:34:15
500107143,12,12,0,2024-12-19 12:08:15
500119072,12,12,0,2024-12-19 08:52:15
500105005,12,11,1,2024-12-19 13:04:15
500108109,12,11,1,2024-12-19 10:19:16
500108109,12,11,1,2024-12-19 10:55:17
500108144,12,11,1,2024-12-19 09:42:14
500119072,12,11,1,2024-12-19 10:28:16
500101180,12,9,2,2024-12-19 10:57:15
500112088,12,9,2,2024-12-19 10:16:15
500110016,12,9,3,2024-12-19 12:26:15
500110016,12,9,3,2024-12-19 12:36:15
500113018,12,9,3,2024-12-19 10:29:15
500106118,12,7,4,2024-12-19 12:08:15
500107137,12,7,4,2024-12-19 10:38:15
500107143,12,8,4,2024-12-19 11:25:15
500109061,12,8,4,2024-12-19 12:02:16
500108109,12,7,5,2024-12-19 09:09:15
500110016,12,7,5,2024-12-19 11:48:15
500110016,12,7,5,2024-12-19 10:25:16
500113018,12,7,5,2024-12-19 09:34:14
500101118,12,6,6,2024-12-19 10:10:16
500108094,12,6,6,2024-12-19 12:12:15
500108144,12,6,6,2024-12-19 09:58:15
500112088,12,5,6,2024-12-19 12:08:15
500112088,12,5,6,2024-12-19 10:46:15
500113072,12,5,6,2024-12-19 09:26:15
500119060,12,6,6,2024-12-19 10:54:15
500110016,12,5,7,2024-12-19 09:07:15
500113018,12,5,7,2024-12-19 13:08:15
500113072,12,4,7,2024-12-19 12:22:16
500101180,12,3,8,2024-12-19 09:06:15
500104092,12,3,8,2024-12-19 09:02:15
500105005,12,4,8,2024-12-19 09:08:15
500108032,12,4,8,2024-12-19 12:38:15
500119062,12,4,8,2024-12-19 09:36:15
500119072,12,4,8,2024-12-19 11:47:15
500108063,12,2,9,2024-12-19 11:18:16
500108094,12,3,9,2024-12-19 11:30:16
500108102,12,3,9,2024-12-19 12:13:16
500108102,12,3,9,2024-12-19 11:30:17
500112048,12,2,9,2024-12-19 09:07:15
500106118,12,1,10,2024-12-19 10:04:16
500109061,12,2,10,2024-12-19 11:35:17
500111082,12,2,10,2024-12-19 08:57:15
500112048,12,1,10,2024-12-19 11:37:15
500112048,12,1,10,2024-12-19 11:58:16
500119060,12,2,10,2024-12-19 11:34:15
500119060,12,2,10,2024-12-19 11:18:16
500104025,12,1,11,2024-12-19 12:14:16
500104025,12,1,11,2024-12-19 11:40:17
500107084,12,1,11,2024-12-19 11:36:16
500119060,12,1,11,2024-12-19 11:40:17
500119072,12,1,11,2024-12-19 12:55:17
500106003,12,0,12,2024-12-19 12:07:15
500108102,12,0,12,2024-12-19 09:54:15
500119072,12,0,12,2024-12-19 12:27:15
500106003,12,12,0,2024-12-19 17:59:15
500106016,12,12,0,2024-12-19 18:59:16
500106016,12,12,0,2024-12-19 18:35:17
500107084,12,12,0,2024-12-19 18:33:17
500107084,12,12,0,2024-12-19 18:13:17
500111085,12,12,0,2024-12-19 18:57:19
500112048,12,11,0,2024-12-19 17:35:16
500106016,12,11,1,2024-12-19 19:30:18
500106118,12,10,1,2024-12-19 20:10:17
500107084,12,11,1,2024-12-19 19:57:15
500107084,12,11,1,2024-12-19 20:34:15
500111085,12,11,1,2024-12-19 19:51:16
500104092,12,10,2,2024-12-19 18:10:16
500108018,12,10,2,2024-12-19 21:05:16
500113072,12,10,2,2024-12-19 17:57:15
500107084,12,9,3,2024-12-19 17:27:16
500113018,12,9,3,2024-12-19 19:35:16
500119060,12,9,3,2024-12-19 18:12:16
500101180,12,8,4,2024-12-19 19:01:15
500105043,12,8,4,2024-12-19 19:51:15
500105051,12,8,4,2024-12-19 17:55:17
500106003,12,8,4,2024-12-19 19:54:15
500106004,12,8,4,2024-12-19 17:37:16
500113018,12,8,4,2024-12-19 19:14:16
500104094,12,7,5,2024-12-19 17:44:15
500105043,12,7,5,2024-12-19 18:38:16
500106118,12,6,5,2024-12-19 18:16:16
500108109,12,7,5,2024-12-19 17:36:15
500109063,12,7,5,2024-12-19 18:18:16
500106118,12,5,6,2024-12-19 18:37:15
500109061,12,6,6,2024-12-19 17:57:15
500112048,12,2,6,2024-12-19 21:19:15
500105005,12,5,7,2024-12-19 18:36:16
500105043,12,5,7,2024-12-19 17:29:16
500107137,12,5,7,2024-12-19 18:27:15
500108063,12,4,7,2024-12-19 17:26:15
500108063,12,4,7,2024-12-19 19:26:15
500108144,12,5,7,2024-12-19 18:40:17
500109063,12,5,7,2024-12-19 19:32:15
500111085,12,5,7,2024-12-19 18:18:16
500119062,12,5,7,2024-12-19 17:22:15
500104092,12,2,8,2024-12-19 19:07:16
500107137,12,4,8,2024-12-19 18:18:16
500108063,12,3,8,2024-12-19 19:34:15
500109061,12,4,8,2024-12-19 20:39:16
500112048,12,1,8,2024-12-19 20:11:16
500112088,12,3,8,2024-12-19 17:47:16
500101118,12,3,9,2024-12-19 19:06:16
500104110,12,3,9,2024-12-19 16:57:15
500107143,12,3,9,2024-12-19 18:57:15
500109063,12,3,9,2024-12-19 18:07:16
500109067,12,3,9,2024-12-19 17:43:16
500101118,12,2,10,2024-12-19 19:46:15
500104025,12,1,10,2024-12-19 18:53:15
500105074,12,2,10,2024-12-19 19:51:15
500108094,12,1,10,2024-12-19 18:47:16
500108109,12,2,10,2024-12-19 19:49:15
500105074,12,1,11,2024-12-19 19:14:16
500119072,12,1,11,2024-12-19 20:37:16
500105074,12,0,12,2024-12-19 20:21:15
500119072,12,0,12,2024-12-19 20:27:15
500119072,12,0,12,2024-12-19 18:01:18
500106004,12,12,0,2024-12-19 16:47:15
500106004,12,12,0,2024-12-19 17:02:14
500119060,12,12,0,2024-12-19 15:35:16
500106004,12,11,1,2024-12-19 16:58:16
500107137,12,10,2,2024-12-19 13:38:16
500109091,12,10,2,2024-12-19 16:04:15
500108034,12,8,3,2024-12-19 13:41:15
500119060,12,9,3,2024-12-19 15:18:15
500106003,12,8,4,2024-12-19 16:43:15
500106003,12,8,4,2024-12-19 17:08:15
500107143,12,8,4,2024-12-19 13:38:16
500110016,12,8,4,2024-12-19 13:55:16
500105043,12,7,5,2024-12-19 16:53:15
500110016,12,7,5,2024-12-19 14:58:15
500113018,12,7,5,2024-12-19 16:28:15
500101180,12,6,6,2024-12-19 17:15:17
500109063,12,6,6,2024-12-19 16:47:15
500113018,12,6,6,2024-12-19 13:24:15
500119072,12,6,6,2024-12-19 14:14:14
500105005,12,5,7,2024-12-19 16:26:15
500108032,12,5,7,2024-12-19 16:51:16
500109067,12,5,7,2024-12-19 16:37:15
500112088,12,4,7,2024-12-19 14:10:17
500119060,12,5,7,2024-12-19 16:56:15
500110016,12,4,8,2024-12-19 17:04:15
500101118,12,3,9,2024-12-19 16:36:15
500104092,12,3,9,2024-12-19 16:26:15
500106003,12,3,9,2024-12-19 15:36:15
500107143,12,3,9,2024-12-19 16:59:15
500108032,12,3,9,2024-12-19 17:17:16
500108032,12,3,9,2024-12-19 14:26:15
500104092,12,2,10,2024-12-19 13:59:15
500105085,12,2,10,2024-12-19 16:45:17
500106004,12,2,10,2024-12-19 15:28:14
500106004,12,2,10,2024-12-19 14:48:15
500112048,12,1,10,2024-12-19 15:03:15
500101180,12,1,11,2024-12-19 15:37:16
500104092,12,1,11,2024-12-19 13:27:15
500108018,12,1,11,2024-12-19 16:37:15
500108102,12,1,11,2024-12-19 15:32:15
500108102,12,1,11,2024-12-19 16:16:15
500112048,12,0,11,2024-12-19 16:52:15
500112048,12,0,11,2024-12-19 17:08:16
500106003,12,0,12,2024-12-19 14:48:15
500108102,12,0,12,2024-12-19 16:06:16
500101118,12,0,12,2024-12-19 21:47:15
500106016,12,10,1,2024-12-19 06:56:15
500107137,12,10,1,2024-12-19 07:56:15
500108032,12,10,2,2024-12-19 05:01:14
500109063,12,10,2,2024-12-19 06:36:14
500109067,12,10,2,2024-12-19 07:15:17
500105005,12,9,3,2024-12-19 08:47:15
500106016,12,8,3,2024-12-19 07:13:15
500108094,12,9,3,2024-12-19 08:38:15
500108094,12,9,3,2024-12-19 07:34:15
500111085,12,9,3,2024-12-19 08:16:14
500112048,12,7,3,2024-12-19 06:25:15
500119060,12,9,3,2024-12-19 07:39:15
500106003,12,8,4,2024-12-19 06:28:14
500108034,12,7,4,2024-12-19 07:30:16
500108094,12,8,4,2024-12-19 08:53:15
500109063,12,8,4,2024-12-19 07:12:15
500101118,12,7,5,2024-12-19 07:46:15
500105085,12,7,5,2024-12-19 05:42:15
500108063,12,6,5,2024-12-19 07:47:15
500109061,12,7,5,2024-12-19 08:49:15
500109061,12,7,5,2024-12-19 06:27:15
500110016,12,7,5,2024-12-19 07:12:15
500112088,12,5,5,2024-12-19 07:57:16
500106118,12,5,6,2024-12-19 07:37:15
500107084,12,4,6,2024-12-19 06:33:15
500107143,12,5,6,2024-12-19 06:35:15
500109091,12,6,6,2024-12-19 06:24:15
500101118,12,5,7,2024-12-19 07:29:15
500101118,12,5,7,2024-12-19 08:02:15
500107143,12,4,7,2024-12-19 08:03:15
500111082,12,5,7,2024-12-19 07:25:15
500113072,12,4,7,2024-12-19 05:05:16
500101180,12,3,8,2024-12-19 08:20:17
500106016,12,3,8,2024-12-19 07:54:14
500106118,12,3,8,2024-12-19 07:56:15
500107143,12,3,8,2024-12-19 08:11:16
500107143,12,3,8,2024-12-19 07:56:15
500109091,12,4,8,2024-12-19 08:21:16
500110016,12,4,8,2024-12-19 08:27:16
500111085,12,4,8,2024-12-19 06:14:14
500119072,12,4,8,2024-12-19 07:25:15
500108018,12,3,9,2024-12-19 07:39:15
500109063,12,3,9,2024-12-19 08:51:15
500109063,12,3,9,2024-12-19 07:47:15
500101180,12,1,10,2024-12-19 07:26:15
500106004,12,2,10,2024-12-19 08:15:15
500108063,12,1,10,2024-12-19 06:51:15
500113018,12,2,10,2024-12-19 07:58:15
500113072,12,1,10,2024-12-19 07:42:16
500119060,12,2,10,2024-12-19 08:36:14
500119060,12,2,10,2024-12-19 08:53:15
500105074,12,1,11,2024-12-19 08:36:15
500106003,12,1,11,2024-12-19 08:37:16
500106016,12,0,11,2024-12-19 08:27:15
500108063,12,0,11,2024-12-19 08:29:16
500108063,12,0,11,2024-12-19 07:58:15
500108109,12,1,11,2024-12-19 08:44:17
500111085,12,1,11,2024-12-19 07:42:15
500113018,12,1,11,2024-12-19 07:11:15
500104025,12,0,12,2024-12-19 08:00:20
500106003,12,0,12,2024-12-19 08:17:16
500109061,12,0,12,2024-12-19 07:47:15
500101180,12,7,4,2024-12-19 00:16:15
500108102,12,3,9,2024-12-19 23:09:15
500101118,12,4,8,2024-12-19 01:02:15
500112088,12,7,2,2024-12-19 01:08:16
500108102,12,7,5,2024-12-19 00:30:16
500108094,12,8,3,2024-12-19 01:16:15
500105043,12,10,2,2024-12-19 00:43:15
500104025,12,6,3,2024-12-19 22:53:15
500113072,12,7,5,2024-12-19 23:03:15
500107137,12,9,3,2024-12-19 22:22:15
500112088,12,11,0,2024-12-19 21:00:22
500104092,12,1,9,2024-12-19 20:45:16
500108109,12,1,11,2024-12-19 21:39:15
500119062,12,3,9,2024-12-19 02:18:14
500113072,12,5,7,2024-12-19 01:48:15
500101180,12,8,3,2024-12-19 03:04:14
500104094,12,8,4,2024-12-19 01:49:14
500105005,12,8,4,2024-12-19 02:08:15
500105074,12,12,0,2024-12-19 01:55:16
500119060,12,7,5,2024-12-19 03:09:15
500101118,12,1,11,2024-12-19 21:57:15
500101118,12,5,7,2024-12-19 01:19:15
500106118,12,1,10,2024-12-19 21:59:15
500106016,12,12,0,2024-12-19 21:53:15
500113018,12,10,2,2024-12-19 23:46:15
500113018,12,4,8,2024-12-19 01:05:16
500105005,12,2,10,2024-12-19 01:41:15
500104025,12,5,4,2024-12-19 22:42:15
500101180,12,8,4,2024-12-19 22:40:15
500109063,12,12,0,2024-12-19 04:29:15
500106003,12,1,11,2024-12-19 23:08:15
500105005,12,1,11,2024-12-19 22:13:15
500106004,12,3,9,2024-12-19 22:59:14
500119072,12,12,0,2024-12-19 10:34:15
500105005,12,11,1,2024-12-19 10:23:15
500107143,12,10,2,2024-12-19 12:27:14
500108034,12,9,2,2024-12-19 11:22:16
500108109,12,10,2,2024-12-19 11:34:15
500108109,12,10,2,2024-12-19 10:16:15
500107143,12,9,3,2024-12-19 12:50:15
500109091,12,9,3,2024-12-19 11:31:15
500113018,12,9,3,2024-12-19 10:54:15
500107153,12,8,4,2024-12-19 11:57:16
500113018,12,8,4,2024-12-19 11:06:15
500101180,12,6,5,2024-12-19 11:34:15
500105005,12,7,5,2024-12-19 09:37:15
500109061,12,7,5,2024-12-19 11:42:16
500109063,12,7,5,2024-12-19 09:06:15
500112088,12,6,5,2024-12-19 10:53:16
500113018,12,7,5,2024-12-19 09:54:15
500113072,12,6,5,2024-12-19 10:07:16
500107137,12,5,6,2024-12-19 12:18:15
500108109,12,6,6,2024-12-19 09:56:15
500109061,12,6,6,2024-12-19 09:23:15
500110016,12,6,6,2024-12-19 10:48:15
500119072,12,6,6,2024-12-19 09:47:15
500106118,12,4,7,2024-12-19 09:26:15
500107084,12,5,7,2024-12-19 12:16:15
500107084,12,5,7,2024-12-19 12:57:15
500107137,12,4,7,2024-12-19 12:36:15
500119062,12,5,7,2024-12-19 09:09:15
500101118,12,4,8,2024-12-19 10:48:15
500104092,12,3,8,2024-12-19 09:49:15
500105085,12,4,8,2024-12-19 10:20:16
500108032,12,4,8,2024-12-19 12:58:15
500109063,12,4,8,2024-12-19 12:19:16
500109063,12,4,8,2024-12-19 12:57:15
500106016,12,2,9,2024-12-19 09:27:14
500109061,12,3,9,2024-12-19 12:45:16
500111082,12,3,9,2024-12-19 09:35:16
500112048,12,2,9,2024-12-19 12:30:16
500119060,12,3,9,2024-12-19 09:07:15
500101118,12,2,10,2024-12-19 09:09:15
500106016,12,1,10,2024-12-19 11:33:17
500111082,12,2,10,2024-12-19 09:24:15
500119060,12,2,10,2024-12-19 09:26:15
500119062,12,2,10,2024-12-19 10:21:15
500106003,12,1,11,2024-12-19 11:05:17
500106118,12,0,11,2024-12-19 11:05:17
500104025,12,0,12,2024-12-19 09:09:16
500104025,12,0,12,2024-12-19 11:56:15
500105085,12,0,12,2024-12-19 08:24:15
500106003,12,0,12,2024-12-19 10:07:16
500107084,12,0,12,2024-12-19 10:56:14
500101180,12,12,0,2024-12-19 20:49:16
500101180,12,12,0,2024-12-19 20:51:15
500101180,12,12,0,2024-12-19 21:13:16
500106016,12,12,0,2024-12-19 18:18:16
500107084,12,12,0,2024-12-19 19:47:15
500112088,12,11,0,2024-12-19 20:58:15
500105093,12,11,1,2024-12-19 17:56:15
500107084,12,11,1,2024-12-19 18:07:16
500108032,12,11,1,2024-12-19 18:49:15
500101180,12,10,2,2024-12-19 17:34:15
500106003,12,10,2,2024-12-19 18:29:16
500106004,12,10,2,2024-12-19 18:58:16
500106016,12,10,2,2024-12-19 20:10:20
500101180,12,9,3,2024-12-19 19:17:15
500101180,12,9,3,2024-12-19 19:35:16
500108032,12,9,3,2024-12-19 18:29:15
500106003,12,8,4,2024-12-19 19:17:15
500112048,12,5,4,2024-12-19 20:58:15
500104086,12,7,5,2024-12-19 18:03:15
500104086,12,7,5,2024-12-19 18:25:17
500105043,12,7,5,2024-12-19 19:18:15
500110016,12,7,5,2024-12-19 18:53:15
500113018,12,7,5,2024-12-19 17:55:16
500104025,12,5,6,2024-12-19 20:03:15
500104025,12,5,6,2024-12-19 20:30:17
500105043,12,6,6,2024-12-19 18:28:16
500106118,12,5,6,2024-12-19 19:57:15
500106118,12,5,6,2024-12-19 21:19:16
500110016,12,6,6,2024-12-19 18:34:15
500112048,12,5,6,2024-12-19 18:48:15
500108018,12,5,7,2024-12-19 20:05:16
500111082,12,5,7,2024-12-19 18:09:16
500111085,12,5,7,2024-12-19 20:09:15
500119062,12,5,7,2024-12-19 18:55:17
500107143,12,4,8,2024-12-19 19:52:16
500108032,12,4,8,2024-12-19 17:25:16
500109063,12,4,8,2024-12-19 17:58:16
500110016,12,4,8,2024-12-19 19:21:15
500111082,12,4,8,2024-12-19 16:51:16
500111082,12,4,8,2024-12-19 18:30:17
500112048,12,2,8,2024-12-19 19:18:15
500112088,12,3,8,2024-12-19 18:05:16
500105005,12,3,9,2024-12-19 17:41:16
500105074,12,3,9,2024-12-19 17:47:16
500107137,12,3,9,2024-12-19 20:05:15
500107143,12,3,9,2024-12-19 20:54:15
500108032,12,3,9,2024-12-19 20:08:15
500119060,12,3,9,2024-12-19 19:35:16
500105005,12,2,10,2024-12-19 18:07:16
500106003,12,2,10,2024-12-19 20:37:16
500106004,12,2,10,2024-12-19 20:49:16
500108018,12,2,10,2024-12-19 17:26:15
500119072,12,2,10,2024-12-19 17:01:16
500119072,12,2,10,2024-12-19 19:06:16
500108102,12,1,11,2024-12-19 20:53:15
500106003,12,0,12,2024-12-19 20:48:15
500106004,12,0,12,2024-12-19 21:20:19
500107084,12,10,2,2024-12-19 16:35:15
500113072,12,10,2,2024-12-19 16:49:15
500119060,12,10,2,2024-12-19 13:35:15
500119060,12,10,2,2024-12-19 14:45:15
500107084,12,9,3,2024-12-19 15:52:15
500113072,12,9,3,2024-12-19 16:47:15
500104025,12,8,4,2024-12-19 17:17:16
500104086,12,8,4,2024-12-19 16:30:16
500107143,12,8,4,2024-12-19 13:22:15
500107084,12,7,5,2024-12-19 14:48:15
500107153,12,7,5,2024-12-19 14:40:15
500113072,12,6,5,2024-12-19 16:05:16
500113072,12,7,5,2024-12-19 16:16:15
500106118,12,5,6,2024-12-19 16:57:16
500107084,12,6,6,2024-12-19 13:25:15
500112088,12,5,6,2024-12-19 13:55:16
500119060,12,6,6,2024-12-19 14:25:16
500107153,12,5,7,2024-12-19 17:09:15
500101180,12,4,8,2024-12-19 14:00:17
500104094,12,4,8,2024-12-19 13:26:16
500108063,12,3,8,2024-12-19 16:55:17
500109061,12,4,8,2024-12-19 17:08:16
500112088,12,3,8,2024-12-19 16:44:15
500101180,12,3,9,2024-12-19 16:46:15
500105043,12,3,9,2024-12-19 16:24:15
500112048,12,2,9,2024-12-19 14:29:15
500119072,12,3,9,2024-12-19 16:37:15
500105074,12,2,10,2024-12-19 17:13:15
500107143,12,2,10,2024-12-19 17:09:15
500112048,12,1,10,2024-12-19 15:47:15
500112048,12,1,10,2024-12-19 16:45:17
500119072,12,2,10,2024-12-19 15:37:16
500105005,12,1,11,2024-12-19 15:27:15
500108063,12,0,11,2024-12-19 15:16:15
500105005,12,1,11,2024-12-19 21:48:17
500108032,12,2,10,2024-12-19 21:47:15
500106003,12,6,6,2024-12-19 21:47:15
500107143,12,6,6,2024-12-19 21:43:15
500112048,12,11,0,2024-12-19 07:55:16
500109063,12,11,1,2024-12-19 05:57:15
500112088,12,10,1,2024-12-19 08:56:16
500108094,12,10,2,2024-12-19 08:37:15
500112048,12,8,2,2024-12-19 06:32:15
500105074,12,9,3,2024-12-19 06:32:15
500108034,12,8,3,2024-12-19 08:36:15
500108094,12,9,3,2024-12-19 08:05:17
500109067,12,9,3,2024-12-19 07:30:16
500109091,12,9,3,2024-12-19 07:56:15
500104092,12,7,4,2024-12-19 07:21:15
500105043,12,8,4,2024-12-19 07:56:15
500105093,12,8,4,2024-12-19 07:39:15
500105051,12,7,5,2024-12-19 04:58:15
500107143,12,6,5,2024-12-19 06:54:16
500108034,12,6,5,2024-12-19 07:23:15
500107137,12,5,6,2024-12-19 06:54:16
500108032,12,6,6,2024-12-19 06:05:16
500108034,12,5,6,2024-12-19 06:44:14
500109063,12,6,6,2024-12-19 08:27:16
500106118,12,4,7,2024-12-19 05:10:15
500108018,12,5,7,2024-12-19 07:26:14
500108032,12,5,7,2024-12-19 06:33:15
500110016,12,5,7,2024-12-19 07:23:15
500110016,12,5,7,2024-12-19 07:47:15
500119072,12,5,7,2024-12-19 07:37:15
500101118,12,4,8,2024-12-19 06:43:15
500106118,12,3,8,2024-12-19 08:37:15
500108018,12,4,8,2024-12-19 07:35:16
500111082,12,4,8,2024-12-19 07:31:15
500113018,12,4,8,2024-12-19 05:35:15
500113018,12,4,8,2024-12-19 06:38:15
500106118,12,2,9,2024-12-19 08:47:15
500108102,12,3,9,2024-12-19 08:22:15
500112048,12,1,9,2024-12-19 07:37:15
500113018,12,3,9,2024-12-19 06:33:15
500101180,12,1,10,2024-12-19 08:01:15
500106003,12,2,10,2024-12-19 08:03:14
500106118,12,1,10,2024-12-19 08:17:16
500108109,12,2,10,2024-12-19 07:46:15
500104025,12,1,11,2024-12-19 07:41:15
500108109,12,1,11,2024-12-19 08:16:15
500106118,12,5,5,2024-12-19 23:22:15
500106003,12,1,11,2024-12-19 00:04:16
500109067,12,7,5,2024-12-19 00:32:15
500112048,12,5,2,2024-12-19 00:07:16
500112048,12,4,3,2024-12-19 00:17:15
500112088,12,5,3,2024-12-19 00:29:15
500112088,12,6,2,2024-12-19 00:57:15
500105005,12,0,12,2024-12-19 23:49:15
500107137,12,4,6,2024-12-19 00:10:15
500104092,12,6,4,2024-12-19 23:47:14
500104094,12,6,4,2024-12-19 22:26:15
500108018,12,4,8,2024-12-19 22:57:15
500108063,12,4,7,2024-12-19 01:09:14
500112048,12,6,1,2024-12-19 00:51:14
500104094,12,7,5,2024-12-19 00:58:14
500109091,12,7,5,2024-12-19 00:27:15
500109067,12,8,4,2024-12-19 00:45:15
500106003,12,2,10,2024-12-19 23:18:15
500107153,12,2,10,2024-12-19 22:06:15
500101118,12,3,9,2024-12-19 22:24:15
500106003,12,0,12,2024-12-19 22:38:14
500109061,12,3,9,2024-12-19 22:33:15
500106004,12,5,7,2024-12-19 22:36:15
500112048,12,8,0,2024-12-19 22:26:16
500110016,12,8,4,2024-12-19 22:28:15
500108102,12,2,10,2024-12-19 21:30:16
500107137,12,3,9,2024-12-19 21:36:15
500106003,12,6,6,2024-12-19 21:39:15
500113072,12,11,1,2024-12-19 21:33:16
500106003,12,1,11,2024-12-19 02:32:14
500108032,12,5,7,2024-12-19 03:05:15
500112048,12,7,3,2024-12-19 01:42:14
500104086,12,8,4,2024-12-19 02:16:15
500108094,12,10,2,2024-12-19 02:32:15
500106004,12,4,8,2024-12-19 04:14:15
500106118,12,2,9,2024-12-19 22:08:15
500111085,12,6,6,2024-12-19 22:03:15
500113018,12,8,4,2024-12-19 22:07:15
500106003,12,1,11,2024-12-19 01:24:15
500108032,12,1,11,2024-12-19 21:54:14
500113018,12,4,8,2024-12-19 03:39:14
500106004,12,4,8,2024-12-19 00:33:15
500106118,12,4,7,2024-12-19 22:48:15
500107143,12,6,5,2024-12-19 04:34:15
500105093,12,1,11,2024-12-19 22:12:15
500106118,12,11,0,2024-12-19 13:08:16
500105005,12,11,1,2024-12-19 12:05:16
500106118,12,10,1,2024-12-19 12:26:15
500101180,12,9,2,2024-12-19 09:54:15
500107137,12,9,2,2024-12-19 09:36:15
500107137,12,9,2,2024-12-19 09:47:15
500107137,12,9,2,2024-12-19 10:06:15
500107143,12,9,2,2024-12-19 09:26:15
500107137,12,8,3,2024-12-19 13:08:15
500109091,12,9,3,2024-12-19 12:17:16
500109091,12,9,3,2024-12-19 13:01:15
500107137,12,7,4,2024-12-19 12:46:15
500109091,12,8,4,2024-12-19 12:03:15
500113018,12,8,4,2024-12-19 11:59:15
500119060,12,8,4,2024-12-19 10:48:15
500106004,12,7,5,2024-12-19 13:08:15
500107137,12,6,5,2024-12-19 11:24:15
500108094,12,7,5,2024-12-19 11:58:16
500107143,12,6,6,2024-12-19 11:50:16
500110016,12,6,6,2024-12-19 11:31:14
500101118,12,5,7,2024-12-19 11:27:15
500105005,12,5,7,2024-12-19 09:27:15
500105074,12,4,8,2024-12-19 08:59:15
500106016,12,3,8,2024-12-19 10:07:16
500108094,12,4,8,2024-12-19 10:54:15
500108102,12,4,8,2024-12-19 11:51:16
500109063,12,4,8,2024-12-19 12:01:16
500109067,12,4,8,2024-12-19 11:38:15
500110016,12,4,8,2024-12-19 09:23:15
500119060,12,4,8,2024-12-19 11:02:15
500101118,12,3,9,2024-12-19 11:14:15
500105074,12,3,9,2024-12-19 09:09:15
500119072,12,3,9,2024-12-19 11:58:16
500101118,12,2,10,2024-12-19 10:36:14
500106003,12,2,10,2024-12-19 12:19:15
500106004,12,2,10,2024-12-19 11:36:15
500106118,12,1,10,2024-12-19 10:55:17
500107084,12,2,10,2024-12-19 09:50:15
500108032,12,2,10,2024-12-19 11:45:15
500108032,12,2,10,2024-12-19 11:16:15
500108063,12,1,10,2024-12-19 09:09:16
500104092,12,0,11,2024-12-19 11:07:16
500105074,12,1,11,2024-12-19 12:28:15
500107084,12,1,11,2024-12-19 10:06:15
500108032,12,1,11,2024-12-19 11:58:15
500109067,12,1,11,2024-12-19 09:31:15
500112048,12,0,11,2024-12-19 09:09:16
500119072,12,1,11,2024-12-19 12:46:15
500106003,12,0,12,2024-12-19 09:07:15
500106003,12,0,12,2024-12-19 11:17:15
500107084,12,12,0,2024-12-19 17:59:15
500101180,12,11,1,2024-12-19 20:29:15
500106004,12,11,1,2024-12-19 18:15:17
500108018,12,11,1,2024-12-19 21:18:14
500112088,12,10,1,2024-12-19 19:57:14
500112088,12,10,1,2024-12-19 20:45:18
500107084,12,10,2,2024-12-19 20:48:15
500113072,12,10,2,2024-12-19 18:47:16
500104086,12,9,3,2024-12-19 18:33:16
500105043,12,9,3,2024-12-19 21:18:15
500113072,12,9,3,2024-12-19 19:08:15
500104086,12,8,4,2024-12-19 19:43:15
500105043,12,8,4,2024-12-19 21:00:16
500106003,12,8,4,2024-12-19 19:49:15
500109091,12,8,4,2024-12-19 17:24:16
500111085,12,8,4,2024-12-19 18:38:16
500112048,12,7,4,2024-12-19 18:06:15
500112088,12,7,4,2024-12-19 18:57:15
500101180,12,7,5,2024-12-19 18:58:16
500119062,12,7,5,2024-12-19 17:38:16
500101118,12,6,6,2024-12-19 19:25:15
500104094,12,4,6,2024-12-19 20:29:15
500109061,12,6,6,2024-12-19 19:16:15
500109063,12,6,6,2024-12-19 19:42:15
500101118,12,5,7,2024-12-19 20:24:15
500104094,12,5,7,2024-12-19 17:06:16
500105074,12,5,7,2024-12-19 17:52:15
500107137,12,5,7,2024-12-19 17:38:16
500108034,12,4,7,2024-12-19 19:30:17
500109061,12,5,7,2024-12-19 17:47:16
500109061,12,5,7,2024-12-19 21:05:16
500112048,12,2,7,2024-12-19 21:09:16
500105043,12,4,8,2024-12-19 17:48:15
500106004,12,4,8,2024-12-19 20:29:15
500107084,12,4,8,2024-12-19 20:58:15
500109067,12,4,8,2024-12-19 18:58:15
500110016,12,4,8,2024-12-19 20:13:15
500110016,12,4,8,2024-12-19 17:37:16
500119062,12,4,8,2024-12-19 20:35:16
500105074,12,3,9,2024-12-19 17:32:15
500107137,12,3,9,2024-12-19 20:17:15
500107137,12,3,9,2024-12-19 19:21:15
500107137,12,3,9,2024-12-19 20:41:15
500108063,12,2,9,2024-12-19 18:36:16
500104025,12,1,10,2024-12-19 18:03:15
500107143,12,2,10,2024-12-19 20:29:15
500108094,12,1,10,2024-12-19 20:05:17
500119060,12,2,10,2024-12-19 18:58:16
500104025,12,0,11,2024-12-19 18:44:15
500108094,12,0,11,2024-12-19 18:18:16
500108109,12,1,11,2024-12-19 19:12:15
500109063,12,1,11,2024-12-19 17:36:16
500101118,12,0,12,2024-12-19 21:08:15
500105005,12,0,12,2024-12-19 19:49:15
500105074,12,0,12,2024-12-19 20:48:15
500119072,12,0,12,2024-12-19 17:48:15
500106118,12,11,0,2024-12-19 16:07:15
500108109,12,12,0,2024-12-19 15:15:16
500119060,12,11,1,2024-12-19 15:05:17
500108034,12,8,3,2024-12-19 16:13:15
500119060,12,9,3,2024-12-19 15:46:16
500119072,12,9,3,2024-12-19 14:07:16
500107084,12,8,4,2024-12-19 14:25:16
500108094,12,8,4,2024-12-19 16:24:15
500109091,12,8,4,2024-12-19 15:45:16
500109091,12,8,4,2024-12-19 16:18:16
500119060,12,8,4,2024-12-19 14:05:16
500106003,12,7,5,2024-12-19 16:11:15
500108034,12,6,5,2024-12-19 16:43:15
500119060,12,7,5,2024-12-19 16:48:16
500119060,12,6,6,2024-12-19 16:35:15
500107137,12,5,7,2024-12-19 17:14:15
500107143,12,5,7,2024-12-19 14:38:15
500112088,12,4,7,2024-12-19 16:49:15
500101118,12,4,8,2024-12-19 17:04:14
500110016,12,4,8,2024-12-19 16:28:15
500119062,12,4,8,2024-12-19 15:20:16
500119072,12,4,8,2024-12-19 14:48:14
500105074,12,3,9,2024-12-19 17:06:15
500106003,12,3,9,2024-12-19 13:19:15
500106016,12,3,9,2024-12-19 17:08:16
500105005,12,2,10,2024-12-19 15:18:15
500105074,12,1,11,2024-12-19 15:07:15
500112048,12,0,11,2024-12-19 15:24:15
500101180,12,0,12,2024-12-19 15:24:15
500105074,12,0,12,2024-12-19 16:08:15
500108102,12,0,12,2024-12-19 17:11:17
500106004,12,6,6,2024-12-19 21:49:15
500105005,12,12,0,2024-12-19 08:16:15
500105005,12,11,1,2024-12-19 08:26:15
500109063,12,10,2,2024-12-19 08:09:15
500105051,12,9,3,2024-12-19 06:58:15
500106016,12,8,3,2024-12-19 06:10:16
500108094,12,9,3,2024-12-19 06:55:16
500112048,12,7,3,2024-12-19 06:47:15
500112088,12,6,3,2024-12-19 06:15:15
500105005,12,8,4,2024-12-19 05:15:15
500106016,12,7,4,2024-12-19 07:33:15
500109063,12,8,4,2024-12-19 06:43:15
500104086,12,7,5,2024-12-19 06:14:15
500107084,12,7,5,2024-12-19 07:45:16
500104094,12,6,6,2024-12-19 07:09:14
500106118,12,5,6,2024-12-19 06:46:15
500108032,12,6,6,2024-12-19 07:46:15
500108144,12,6,6,2024-12-19 08:12:15
500112048,12,4,6,2024-12-19 07:17:14
500101118,12,5,7,2024-12-19 07:55:17
500106003,12,5,7,2024-12-19 07:57:16
500106004,12,5,7,2024-12-19 06:47:15
500106016,12,4,7,2024-12-19 08:03:15
500108144,12,5,7,2024-12-19 06:51:15
500112088,12,2,7,2024-12-19 07:12:15
500101118,12,4,8,2024-12-19 08:27:16
500101118,12,4,8,2024-12-19 07:13:15
500112048,12,2,8,2024-12-19 07:19:16
500112088,12,1,8,2024-12-19 07:22:15
500101180,12,2,9,2024-12-19 08:52:16
500104094,12,3,9,2024-12-19 08:12:15
500106004,12,3,9,2024-12-19 06:26:15
500108063,12,2,9,2024-12-19 06:40:16
500110016,12,3,9,2024-12-19 08:05:17
500113072,12,1,10,2024-12-19 07:12:16
500112048,12,0,11,2024-12-19 08:37:15
500107084,12,0,12,2024-12-19 08:16:15
500119062,12,0,12,2024-12-19 07:59:16
500107137,12,7,5,2024-12-19 23:08:15
500119062,12,11,1,2024-12-19 23:09:15
500109091,12,6,3,2024-12-19 23:42:15
500109061,12,6,6,2024-12-19 22:59:15
500106004,12,5,7,2024-12-19 01:12:15
500112048,12,2,5,2024-12-19 23:01:15
500106118,12,5,5,2024-12-19 23:18:15
500109063,12,3,9,2024-12-19 22:29:14
500119062,12,11,1,2024-12-19 22:39:15
500106118,12,2,9,2024-12-19 21:39:15
500113018,12,7,5,2024-12-19 19:48:15
500109067,12,8,4,2024-12-19 21:07:16
500106003,12,0,12,2024-12-19 03:20:17
500107143,12,2,9,2024-12-19 04:05:15
500106016,12,9,2,2024-12-19 04:19:15
500109063,12,12,0,2024-12-19 04:27:14
500108102,12,3,9,2024-12-19 21:50:16
500113072,12,10,2,2024-12-19 21:48:16
500101118,12,5,7,2024-12-19 02:12:16
500109061,12,4,8,2024-12-19 22:46:15
500112088,12,6,5,2024-12-19 22:49:14
500106016,12,6,6,2024-12-19 22:43:15
500107084,12,7,5,2024-12-19 22:49:14
500107137,12,8,4,2024-12-19 22:44:15
500108034,12,5,6,2024-12-19 04:33:15
500108094,12,1,10,2024-12-19 23:09:15
500105005,12,9,3,2024-12-19 04:38:14
500105005,12,0,12,2024-12-19 22:23:14
500106118,12,6,5,2024-12-19 22:26:15
500106004,12,8,4,2024-12-19 22:25:16
500101180,12,10,2,2024-12-19 22:26:16
500106003,12,1,11,2024-12-19 23:26:15
500105005,12,12,0,2024-12-19 11:57:16
500107143,12,12,0,2024-12-19 10:58:16
500112088,12,11,0,2024-12-19 10:07:16
500101118,12,11,1,2024-12-19 09:57:15
500108109,12,11,1,2024-12-19 12:51:15
500105005,12,10,2,2024-12-19 12:19:16
500108034,12,9,2,2024-12-19 12:28:15
500109091,12,10,2,2024-12-19 11:04:15
500101180,12,8,3,2024-12-19 12:23:16
500108034,12,8,3,2024-12-19 10:32:15
500101118,12,8,4,2024-12-19 09:25:16
500101180,12,7,4,2024-12-19 11:15:15
500107153,12,8,4,2024-12-19 08:47:15
500113072,12,6,5,2024-12-19 12:51:14
500113072,12,6,5,2024-12-19 10:51:16
500104092,12,5,6,2024-12-19 09:37:15
500108094,12,6,6,2024-12-19 12:51:15
500108109,12,6,6,2024-12-19 09:44:15
500107137,12,4,7,2024-12-19 10:45:16
500108018,12,5,7,2024-12-19 10:11:15
500111085,12,5,7,2024-12-19 10:47:16
500105043,12,4,8,2024-12-19 09:07:15
500107137,12,3,8,2024-12-19 11:08:15
500109061,12,4,8,2024-12-19 10:03:15
500109063,12,4,8,2024-12-19 09:25:16
500109067,12,4,8,2024-12-19 08:59:15
500105085,12,3,9,2024-12-19 10:46:15
500105085,12,3,9,2024-12-19 10:10:16
500106118,12,2,9,2024-12-19 09:37:15
500108032,12,3,9,2024-12-19 09:20:16
500109063,12,3,9,2024-12-19 09:37:15
500109067,12,3,9,2024-12-19 09:22:15
500104092,12,2,10,2024-12-19 11:43:14
500104094,12,2,10,2024-12-19 08:48:15
500105074,12,2,10,2024-12-19 11:52:15
500106016,12,1,10,2024-12-19 10:28:15
500106118,12,1,10,2024-12-19 09:09:15
500106118,12,1,10,2024-12-19 10:27:16
500106118,12,1,10,2024-12-19 10:37:16
500106118,12,1,10,2024-12-19 10:44:16
500108032,12,2,10,2024-12-19 09:45:15
500108063,12,1,10,2024-12-19 09:23:15
500109063,12,2,10,2024-12-19 11:43:15
500109067,12,2,10,2024-12-19 13:06:15
500104086,12,1,11,2024-12-19 11:20:17
500106016,12,0,11,2024-12-19 11:43:15
500108032,12,1,11,2024-12-19 11:07:16
500108102,12,1,11,2024-12-19 09:09:15
500119060,12,1,11,2024-12-19 10:06:14
500119072,12,1,11,2024-12-19 11:03:16
500104086,12,0,12,2024-12-19 12:57:14
500106003,12,0,12,2024-12-19 09:46:15
500106003,12,0,12,2024-12-19 10:27:15
500106016,12,12,0,2024-12-19 19:18:16
500106118,12,11,0,2024-12-19 17:38:16
500109091,12,12,0,2024-12-19 20:46:18
500107084,12,9,1,2024-12-19 21:16:15
500109063,12,11,1,2024-12-19 18:44:16
500112088,12,10,1,2024-12-19 19:12:15
500106004,12,10,2,2024-12-19 19:06:16
500106118,12,9,2,2024-12-19 19:18:15
500106118,12,9,2,2024-12-19 19:49:15
500108094,12,10,2,2024-12-19 17:07:15
500106003,12,9,3,2024-12-19 19:38:14
500110016,12,9,3,2024-12-19 19:02:16
500104086,12,8,4,2024-12-19 17:06:16
500104092,12,8,4,2024-12-19 17:18:16
500101180,12,7,5,2024-12-19 17:59:15
500107137,12,6,6,2024-12-19 17:48:15
500108018,12,6,6,2024-12-19 19:47:15
500109091,12,6,6,2024-12-19 19:05:16
500112088,12,5,6,2024-12-19 18:42:16
500104092,12,3,7,2024-12-19 20:02:14
500104094,12,3,7,2024-12-19 19:13:15
500107143,12,5,7,2024-12-19 18:31:15
500109091,12,3,7,2024-12-19 21:13:16
500110016,12,5,7,2024-12-19 18:25:17
500112048,12,3,7,2024-12-19 19:58:15
500112088,12,4,7,2024-12-19 18:37:15
500104092,12,2,8,2024-12-19 20:12:14
500107137,12,4,8,2024-12-19 19:16:15
500108034,12,3,8,2024-12-19 20:52:15
500110016,12,4,8,2024-12-19 20:02:14
500119062,12,4,8,2024-12-19 18:26:16
500101118,12,3,9,2024-12-19 20:07:15
500107137,12,3,9,2024-12-19 20:53:15
500108102,12,3,9,2024-12-19 18:24:16
500109091,12,3,9,2024-12-19 18:17:15
500119060,12,3,9,2024-12-19 17:28:15
500101118,12,2,10,2024-12-19 20:52:15
500104025,12,1,10,2024-12-19 17:57:16
500106118,12,1,10,2024-12-19 20:55:17
500107137,12,2,10,2024-12-19 21:09:16
500108102,12,2,10,2024-12-19 20:34:15
500101118,12,1,11,2024-12-19 18:36:16
500105005,12,1,11,2024-12-19 20:29:15
500107137,12,1,11,2024-12-19 21:20:16
500107143,12,1,11,2024-12-19 20:33:15
500108094,12,1,11,2024-12-19 18:08:16
500108102,12,1,11,2024-12-19 17:24:17
500106118,12,10,1,2024-12-19 16:33:15
500107137,12,10,2,2024-12-19 15:38:15
500110016,12,10,2,2024-12-19 13:31:15
500119060,12,10,2,2024-12-19 15:28:15
500106004,12,9,3,2024-12-19 16:25:15
500106118,12,8,3,2024-12-19 15:58:15
500107137,12,9,3,2024-12-19 16:58:14
500109091,12,9,3,2024-12-19 15:24:15
500107137,12,8,4,2024-12-19 14:56:14
500109063,12,8,4,2024-12-19 16:55:17
500104092,12,6,6,2024-12-19 17:05:17
500106003,12,6,6,2024-12-19 16:58:15
500107137,12,6,6,2024-12-19 16:38:15
500111085,12,6,6,2024-12-19 15:28:14
500101118,12,5,7,2024-12-19 16:45:16
500119060,12,5,7,2024-12-19 17:08:16
500101180,12,3,8,2024-12-19 13:45:15
500104025,12,4,8,2024-12-19 15:49:15
500104110,12,4,8,2024-12-19 14:30:16
500107143,12,4,8,2024-12-19 16:11:15
500109061,12,4,8,2024-12-19 13:28:16
500109063,12,4,8,2024-12-19 14:31:15
500101180,12,3,9,2024-12-19 16:18:16
500104025,12,3,9,2024-12-19 16:28:15
500108032,12,3,9,2024-12-19 13:24:14
500119072,12,3,9,2024-12-19 14:51:15
500106004,12,2,10,2024-12-19 13:58:16
500106004,12,2,10,2024-12-19 14:10:16
500108032,12,2,10,2024-12-19 15:40:16
500108032,12,2,10,2024-12-19 14:08:15
500112048,12,1,10,2024-12-19 16:14:15
500106016,12,1,11,2024-12-19 14:03:15
500101118,12,0,12,2024-12-19 16:21:15
500106118,12,1,10,2024-12-19 21:49:15
500106016,12,11,1,2024-12-19 21:45:15
500107137,12,11,0,2024-12-19 08:17:16
500112088,12,11,0,2024-12-19 08:41:15
500104025,12,11,1,2024-12-19 07:14:15
500105005,12,11,1,2024-12-19 07:26:15
500105005,12,11,1,2024-12-19 07:57:16
500119072,12,11,1,2024-12-19 08:46:16
500109061,12,10,2,2024-12-19 08:15:16
500112048,12,8,2,2024-12-19 05:19:14
500119062,12,10,2,2024-12-19 08:46:15
500105074,12,9,3,2024-12-19 07:12:15
500108034,12,8,3,2024-12-19 07:53:16
500111085,12,9,3,2024-12-19 08:36:15
500105051,12,8,4,2024-12-19 07:42:15
500110016,12,8,4,2024-12-19 06:46:15
500112088,12,5,4,2024-12-19 06:30:16
500104092,12,6,5,2024-12-19 07:56:15
500113072,12,6,5,2024-12-19 07:59:15
500101180,12,5,6,2024-12-19 08:36:15
500109061,12,6,6,2024-12-19 08:36:15
500109067,12,6,6,2024-12-19 06:50:16
500113072,12,5,6,2024-12-19 04:52:15
500101118,12,5,7,2024-12-19 06:36:14
500108102,12,5,7,2024-12-19 07:41:15
500113018,12,5,7,2024-12-19 08:31:16
500105085,12,4,8,2024-12-19 08:03:15
500101180,12,2,9,2024-12-19 08:09:15
500109067,12,3,9,2024-12-19 08:52:16
500111085,12,3,9,2024-12-19 07:32:15
500113018,12,3,9,2024-12-19 08:24:15
500104025,12,2,10,2024-12-19 07:32:15
500105085,12,2,10,2024-12-19 08:17:15
500106016,12,1,10,2024-12-19 08:45:16
500106016,12,1,10,2024-12-19 08:55:16
500107084,12,0,10,2024-12-19 06:58:17
500109063,12,2,10,2024-12-19 08:35:15
500108109,12,1,11,2024-12-19 07:49:16
500111085,12,1,11,2024-12-19 07:53:16
500104025,12,0,12,2024-12-19 08:24:15
500104025,12,0,12,2024-12-19 08:53:15
500108109,12,0,12,2024-12-19 07:06:16
500101118,12,3,9,2024-12-19 00:35:16
500105005,12,0,12,2024-12-19 00:32:14
500107143,12,0,12,2024-12-19 00:15:16
500107143,12,4,8,2024-12-19 00:52:15
500107137,12,4,7,2024-12-19 03:14:14
500105005,12,1,11,2024-12-19 00:51:15
500105074,12,11,1,2024-12-19 00:06:15
500105043,12,9,3,2024-12-19 22:47:14
500106003,12,0,12,2024-12-19 23:37:15
500106016,12,6,6,2024-12-19 23:27:14
500107137,12,2,9,2024-12-19 00:38:14
500108032,12,5,7,2024-12-19 00:29:15
500105051,12,6,6,2024-12-19 00:52:15
500107084,12,8,2,2024-12-19 00:48:14
500101180,12,9,2,2024-12-19 00:34:14
500108018,12,2,10,2024-12-19 21:56:15
500107153,12,4,8,2024-12-19 17:26:15
500111082,12,4,8,2024-12-19 19:42:15
500109061,12,6,6,2024-12-19 21:11:15
500109063,12,7,5,2024-12-19 20:56:15
500108018,12,9,3,2024-12-19 21:33:16
500101118,12,6,6,2024-12-19 02:23:15
500106118,12,3,8,2024-12-19 04:10:15
500105093,12,7,5,2024-12-19 03:14:14
500105074,12,9,3,2024-12-19 03:52:14
500108032,12,4,8,2024-12-19 22:08:14
500104094,12,5,5,2024-12-19 21:44:15
500107137,12,7,5,2024-12-19 22:08:15
500113072,12,9,3,2024-12-19 22:06:15
500106003,12,6,6,2024-12-19 21:58:15
500105005,12,0,12,2024-12-19 01:02:18
500106004,12,5,7,2024-12-19 02:01:16
500107137,12,3,8,2024-12-19 02:00:17
500106118,12,2,9,2024-12-19 02:14:15
500108102,12,6,6,2024-12-19 04:34:15
500101118,12,2,10,2024-12-19 22:17:15
500106118,12,7,4,2024-12-19 22:18:15
500106004,12,8,4,2024-12-19 22:18:15
500108094,12,0,11,2024-12-19 22:56:15
500112088,12,1,9,2024-12-19 22:54:16
500101180,12,11,0,2024-12-19 12:59:15
500105005,12,12,0,2024-12-19 12:48:15
500105005,12,12,0,2024-12-19 10:51:15
500106004,12,12,0,2024-12-19 12:39:14
500112088,12,10,1,2024-12-19 09:46:16
500112088,12,9,2,2024-12-19 09:22:15
500101180,12,8,3,2024-12-19 12:18:15
500105051,12,9,3,2024-12-19 10:12:15
500107137,12,8,3,2024-12-19 11:39:15
500108034,12,8,3,2024-12-19 12:35:15
500119072,12,9,3,2024-12-19 10:07:16
500105051,12,8,4,2024-12-19 11:28:16
500108094,12,7,5,2024-12-19 09:07:15
500119062,12,7,5,2024-12-19 12:33:15
500108109,12,6,6,2024-12-19 09:07:15
500109061,12,6,6,2024-12-19 12:13:16
500109063,12,6,6,2024-12-19 09:08:15
500112048,12,5,6,2024-12-19 10:24:14
500113018,12,6,6,2024-12-19 12:58:15
500119062,12,6,6,2024-12-19 12:58:15
500107137,12,4,7,2024-12-19 11:14:15
500108094,12,5,7,2024-12-19 12:26:15
500108102,12,5,7,2024-12-19 10:35:16
500109063,12,5,7,2024-12-19 12:41:15
500110016,12,5,7,2024-12-19 11:25:15
500105043,12,4,8,2024-12-19 12:27:15
500106004,12,4,8,2024-12-19 12:19:16
500108018,12,4,8,2024-12-19 10:21:15
500109061,12,4,8,2024-12-19 10:15:16
500112048,12,3,8,2024-12-19 12:26:15
500104092,12,3,9,2024-12-19 11:51:16
500104094,12,3,9,2024-12-19 09:41:15
500105043,12,3,9,2024-12-19 09:08:14
500105074,12,3,9,2024-12-19 10:21:15
500107084,12,3,9,2024-12-19 09:46:16
500108018,12,3,9,2024-12-19 11:19:15
500108094,12,3,9,2024-12-19 11:01:16
500109061,12,3,9,2024-12-19 13:05:15
500109061,12,3,9,2024-12-19 11:19:15
500109067,12,3,9,2024-12-19 11:18:16
500112048,12,2,9,2024-12-19 12:19:15
500104092,12,1,10,2024-12-19 10:31:16
500105085,12,2,10,2024-12-19 10:05:16
500108018,12,2,10,2024-12-19 11:43:14
500108094,12,2,10,2024-12-19 11:27:15
500106118,12,0,11,2024-12-19 09:07:16
500106118,12,0,11,2024-12-19 11:27:15
500108063,12,0,11,2024-12-19 12:19:15
500108063,12,0,11,2024-12-19 11:48:16
500109063,12,1,11,2024-12-19 11:05:17
500119060,12,1,11,2024-12-19 09:45:15
500119072,12,1,11,2024-12-19 12:18:15
500104025,12,0,12,2024-12-19 09:07:15
500106118,12,11,0,2024-12-19 19:35:18
500108032,12,12,0,2024-12-19 19:02:16
500112048,12,11,0,2024-12-19 18:34:16
500112088,12,11,0,2024-12-19 19:49:15
500101180,12,11,1,2024-12-19 21:07:17
500104092,12,11,1,2024-12-19 18:48:16
500106003,12,11,1,2024-12-19 18:07:16
500106016,12,11,1,2024-12-19 18:28:16
500107084,12,10,2,2024-12-19 17:46:15
500108032,12,10,2,2024-12-19 18:48:15
500111085,12,10,2,2024-12-19 18:44:16
500105043,12,9,3,2024-12-19 20:23:15
500106003,12,9,3,2024-12-19 17:38:15
500106003,12,9,3,2024-12-19 18:58:16
500106004,12,9,3,2024-12-19 19:18:15
500106016,12,9,3,2024-12-19 21:04:15
500112088,12,8,3,2024-12-19 19:04:15
500106003,12,8,4,2024-12-19 19:02:16
500106003,12,8,4,2024-12-19 18:48:15
500107143,12,8,4,2024-12-19 17:58:16
500113018,12,8,4,2024-12-19 16:40:16
500107137,12,7,5,2024-12-19 18:31:15
500108032,12,7,5,2024-12-19 19:18:16
500109061,12,7,5,2024-12-19 19:28:15
500119062,12,7,5,2024-12-19 19:15:16
500101118,12,6,6,2024-12-19 19:18:15
500105093,12,6,6,2024-12-19 18:14:14
500106118,12,5,6,2024-12-19 20:22:14
500108144,12,6,6,2024-12-19 17:15:17
500112048,12,4,6,2024-12-19 19:28:15
500113018,12,6,6,2024-12-19 18:29:16
500104025,12,4,7,2024-12-19 20:45:16
500105043,12,5,7,2024-12-19 18:07:16
500105093,12,5,7,2024-12-19 18:57:15
500108032,12,5,7,2024-12-19 19:38:15
500109091,12,5,7,2024-12-19 18:43:15
500110016,12,5,7,2024-12-19 17:45:16
500112048,12,2,7,2024-12-19 20:07:15
500101118,12,4,8,2024-12-19 20:13:15
500106003,12,4,8,2024-12-19 20:08:15
500106003,12,4,8,2024-12-19 20:13:15
500108034,12,3,8,2024-12-19 18:18:16
500108063,12,3,8,2024-12-19 17:59:15
500108102,12,4,8,2024-12-19 19:59:16
500108102,12,4,8,2024-12-19 18:38:16
500110016,12,4,8,2024-12-19 19:47:15
500110016,12,4,8,2024-12-19 17:22:16
500111082,12,4,8,2024-12-19 18:08:15
500112048,12,1,8,2024-12-19 20:21:15
500101118,12,3,9,2024-12-19 19:52:16
500101118,12,3,9,2024-12-19 20:47:15
500107143,12,3,9,2024-12-19 20:13:15
500108109,12,3,9,2024-12-19 20:07:15
500111082,12,3,9,2024-12-19 17:39:15
500105085,12,2,10,2024-12-19 17:31:15
500107143,12,2,10,2024-12-19 19:09:15
500108032,12,2,10,2024-12-19 20:59:15
500108102,12,2,10,2024-12-19 18:06:15
500108102,12,2,10,2024-12-19 18:44:16
500108109,12,2,10,2024-12-19 18:42:16
500109063,12,2,10,2024-12-19 19:06:16
500119060,12,2,10,2024-12-19 18:29:15
500101118,12,1,11,2024-12-19 18:18:16
500105005,12,1,11,2024-12-19 20:13:15
500105074,12,1,11,2024-12-19 20:06:15
500106004,12,1,11,2024-12-19 19:48:16
500108094,12,0,11,2024-12-19 18:20:19
500119072,12,1,11,2024-12-19 19:17:16
500119072,12,1,11,2024-12-19 18:38:16
500119072,12,1,11,2024-12-19 18:51:16
500101118,12,0,12,2024-12-19 18:25:17
500105005,12,0,12,2024-12-19 20:32:16
500105005,12,0,12,2024-12-19 21:01:21
500106118,12,11,0,2024-12-19 17:06:15
500107084,12,12,0,2024-12-19 16:52:15
500109063,12,10,2,2024-12-19 17:11:16
500119060,12,10,2,2024-12-19 13:18:15
500105005,12,9,3,2024-12-19 14:15:16
500107153,12,9,3,2024-12-19 13:47:15
500109063,12,9,3,2024-12-19 17:01:16
500108034,12,7,4,2024-12-19 13:33:15
500119060,12,8,4,2024-12-19 13:48:16
500108094,12,7,5,2024-12-19 13:10:16
500106004,12,6,6,2024-12-19 15:47:15
500110016,12,6,6,2024-12-19 15:03:15
500111085,12,6,6,2024-12-19 16:38:15
500104092,12,5,7,2024-12-19 16:49:15
500104110,12,5,7,2024-12-19 16:31:15
500107143,12,5,7,2024-12-19 16:31:15
500111085,12,5,7,2024-12-19 17:02:15
500112048,12,4,7,2024-12-19 16:07:14
500105005,12,4,8,2024-12-19 16:38:15
500108063,12,3,8,2024-12-19 16:45:17
500109067,12,4,8,2024-12-19 16:26:15
500105005,12,3,9,2024-12-19 15:06:15
500109061,12,3,9,2024-12-19 13:43:15
500101180,12,2,10,2024-12-19 15:06:15
500104092,12,2,10,2024-12-19 16:05:16
500108063,12,1,10,2024-12-19 17:12:16
500108102,12,2,10,2024-12-19 15:23:15
500112048,12,1,10,2024-12-19 15:32:16
500119072,12,2,10,2024-12-19 16:48:16
500101180,12,1,11,2024-12-19 15:17:16
500105005,12,1,11,2024-12-19 15:38:15
500105074,12,1,11,2024-12-19 16:36:16
500106003,12,1,11,2024-12-19 13:48:16
500106004,12,1,11,2024-12-19 14:57:15
500106004,12,1,11,2024-12-19 15:08:15
500101118,12,0,12,2024-12-19 17:17:16
500111085,12,0,12,2024-12-19 17:15:17
500107137,12,4,7,2024-12-19 02:48:14
500105005,12,12,0,2024-12-19 06:36:14
500105005,12,12,0,2024-12-19 06:54:15
500106003,12,12,0,2024-12-19 06:56:15
500112088,12,10,0,2024-12-19 07:37:15
500105005,12,11,1,2024-12-19 08:37:15
500107137,12,10,1,2024-12-19 08:37:15
500112048,12,9,1,2024-12-19 06:07:15
500105074,12,10,2,2024-12-19 05:37:15
500105074,12,10,2,2024-12-19 06:49:14
500112088,12,7,2,2024-12-19 05:44:15
500104092,12,8,3,2024-12-19 07:08:14
500108018,12,9,3,2024-12-19 06:52:15
500108032,12,9,3,2024-12-19 05:26:15
500109063,12,9,3,2024-12-19 06:25:15
500110016,12,9,3,2024-12-19 05:40:15
500111085,12,9,3,2024-12-19 08:45:16
500119060,12,9,3,2024-12-19 07:57:16
500105043,12,8,4,2024-12-19 07:27:15
500111085,12,8,4,2024-12-19 08:25:16
500105005,12,7,5,2024-12-19 08:03:15
500106003,12,7,5,2024-12-19 06:12:15
500105085,12,6,6,2024-12-19 07:14:15
500107137,12,5,6,2024-12-19 07:26:15
500107143,12,5,6,2024-12-19 05:09:15
500108018,12,6,6,2024-12-19 07:14:15
500109061,12,6,6,2024-12-19 06:52:15
500113072,12,5,6,2024-12-19 07:57:16
500105074,12,5,7,2024-12-19 08:11:16
500108032,12,5,7,2024-12-19 08:01:15
500108034,12,4,7,2024-12-19 06:32:15
500109061,12,5,7,2024-12-19 07:24:15
500109091,12,5,7,2024-12-19 06:10:16
500112088,12,3,7,2024-12-19 08:37:15
500119060,12,5,7,2024-12-19 08:17:15
500104092,12,3,8,2024-12-19 08:15:16
500106016,12,3,8,2024-12-19 08:07:14
500110016,12,4,8,2024-12-19 08:46:15
500104092,12,2,9,2024-12-19 08:41:15
500108102,12,3,9,2024-12-19 07:16:15
500112088,12,1,9,2024-12-19 08:27:16
500106004,12,2,10,2024-12-19 08:37:15
500108063,12,1,10,2024-12-19 08:17:16
500111085,12,2,10,2024-12-19 07:14:15
500112048,12,1,10,2024-12-19 08:27:15
500104086,12,1,11,2024-12-19 07:13:15
500106004,12,1,11,2024-12-19 08:46:15
500108018,12,1,11,2024-12-19 08:03:15
500112048,12,0,11,2024-12-19 08:57:16
500119060,12,1,11,2024-12-19 08:26:15
500119060,12,1,11,2024-12-19 08:42:15
500109091,12,0,12,2024-12-19 07:26:15
500119062,12,0,12,2024-12-19 07:57:16
500105043,12,8,4,2024-12-19 00:03:15
500108094,12,6,5,2024-12-19 23:11:17
500104086,12,7,5,2024-12-19 20:30:17
500111085,12,6,6,2024-12-19 01:13:15
500104025,12,9,3,2024-12-19 01:13:15
500104092,12,5,5,2024-12-19 22:48:15
500101180,12,9,3,2024-12-19 23:18:15
500109091,12,4,5,2024-12-19 22:30:15
500104092,12,4,6,2024-12-19 22:39:15
500108102,12,4,8,2024-12-19 22:20:15
500107084,12,6,6,2024-12-19 22:34:15
500107143,12,7,5,2024-12-19 21:36:15
500119062,12,8,4,2024-12-19 21:38:15
500106118,12,4,7,2024-12-19 02:56:15
500108144,12,4,8,2024-12-19 02:30:16
500108018,12,10,1,2024-12-19 02:38:15
500113018,12,4,8,2024-12-19 04:07:15
500112088,12,8,1,2024-12-19 03:18:14
500107143,12,3,9,2024-12-19 22:02:15
500108063,12,7,4,2024-12-19 22:05:16
500109063,12,9,3,2024-12-19 21:55:17
500112048,12,6,4,2024-12-19 01:22:16
500107143,12,5,7,2024-12-19 21:51:15
500109063,12,7,5,2024-12-19 23:57:15
500108063,12,3,8,2024-12-19 00:21:14
500106004,12,6,6,2024-12-19 01:35:15
500106118,12,3,8,2024-12-19 02:22:15
500108032,12,6,6,2024-12-19 01:57:15
500106003,12,0,12,2024-12-19 02:11:15
500101180,12,8,4,2024-12-19 22:54:15
500105085,12,4,8,2024-12-19 22:15:16
500107137,12,8,4,2024-12-19 22:14:15
500106016,12,10,2,2024-12-19 22:10:17
500109061,12,6,6,2024-12-19 22:26:15
500106118,12,11,0,2024-12-19 12:35:17
500107143,12,12,0,2024-12-19 12:10:17
500119060,12,12,0,2024-12-19 13:00:19
500105005,12,11,1,2024-12-19 10:42:17
500108034,12,10,1,2024-12-19 11:52:15
500109091,12,11,1,2024-12-19 10:07:16
500101180,12,9,2,2024-12-19 12:32:15
500105005,12,10,2,2024-12-19 12:35:16
500105005,12,10,2,2024-12-19 10:18:15
500105093,12,10,2,2024-12-19 11:13:15
500107137,12,9,2,2024-12-19 12:08:15
500107143,12,10,2,2024-12-19 10:37:15
500107143,12,10,2,2024-12-19 10:48:15
500112088,12,9,2,2024-12-19 09:06:15
500113018,12,10,2,2024-12-19 10:06:15
500119060,12,10,2,2024-12-19 10:28:15
500101180,12,8,3,2024-12-19 10:07:15
500101180,12,8,3,2024-12-19 10:28:15
500105051,12,9,3,2024-12-19 07:52:14
500108144,12,9,3,2024-12-19 09:10:15
500112088,12,8,3,2024-12-19 09:36:15
500105051,12,8,4,2024-12-19 09:43:15
500107137,12,7,4,2024-12-19 10:17:15
500107153,12,8,4,2024-12-19 11:38:15
500110016,12,8,4,2024-12-19 11:55:18
500112048,12,7,4,2024-12-19 10:07:16
500119060,12,8,4,2024-12-19 10:18:15
500106003,12,7,5,2024-12-19 12:50:15
500107153,12,7,5,2024-12-19 12:06:16
500113018,12,7,5,2024-12-19 11:24:15
500113018,12,7,5,2024-12-19 12:11:16
500107153,12,6,6,2024-12-19 09:50:16
500108018,12,6,6,2024-12-19 09:26:15
500111085,12,6,6,2024-12-19 10:51:16
500112088,12,5,6,2024-12-19 11:19:15
500113018,12,6,6,2024-12-19 09:19:15
500113072,12,5,6,2024-12-19 12:32:16
500101180,12,4,7,2024-12-19 09:25:16
500104094,12,5,7,2024-12-19 12:41:15
500109063,12,5,7,2024-12-19 13:08:15
500112048,12,4,7,2024-12-19 09:52:15
500112048,12,4,7,2024-12-19 11:28:16
500112088,12,4,7,2024-12-19 11:16:14
500101118,12,4,8,2024-12-19 10:53:15
500104110,12,4,8,2024-12-19 09:08:15
500108102,12,4,8,2024-12-19 11:27:15
500109067,12,4,8,2024-12-19 11:54:15
500101118,12,3,9,2024-12-19 12:04:16
500107084,12,3,9,2024-12-19 12:06:16
500109067,12,3,9,2024-12-19 12:56:15
500109067,12,3,9,2024-12-19 11:41:15
500112048,12,2,9,2024-12-19 12:08:15
500104025,12,2,10,2024-12-19 11:12:15
500104092,12,1,10,2024-12-19 11:31:15
500108032,12,2,10,2024-12-19 12:23:16
500108032,12,2,10,2024-12-19 09:49:15
500108063,12,1,10,2024-12-19 12:33:15
500109063,12,2,10,2024-12-19 09:50:16
500105085,12,1,11,2024-12-19 09:39:16
500106003,12,1,11,2024-12-19 12:26:16
500106004,12,1,11,2024-12-19 09:05:16
500106118,12,0,11,2024-12-19 11:34:15
500119060,12,1,11,2024-12-19 12:07:16
500101118,12,0,12,2024-12-19 12:58:15
500107084,12,0,12,2024-12-19 08:59:15
500106003,12,1,11,2024-12-19 02:30:16
500109063,12,2,10,2024-12-19 04:14:15
500112048,12,11,0,2024-12-19 18:28:15
500106016,12,11,1,2024-12-19 18:48:15
500112088,12,10,1,2024-12-19 19:28:15
500113072,12,11,1,2024-12-19 17:43:15
500106003,12,10,2,2024-12-19 17:28:15
500106004,12,10,2,2024-12-19 18:38:16
500109063,12,10,2,2024-12-19 18:30:17
500113072,12,10,2,2024-12-19 19:40:15
500104092,12,9,3,2024-12-19 17:33:16
500105051,12,9,3,2024-12-19 16:32:15
500109063,12,9,3,2024-12-19 18:29:16
500109091,12,8,4,2024-12-19 19:09:15
500106016,12,7,5,2024-12-19 17:27:16
500105043,12,6,6,2024-12-19 17:26:14
500105043,12,6,6,2024-12-19 18:46:15
500106118,12,5,6,2024-12-19 18:08:16
500107137,12,6,6,2024-12-19 17:28:15
500107143,12,6,6,2024-12-19 18:15:17
500107143,12,6,6,2024-12-19 18:28:16
500107143,12,6,6,2024-12-19 18:47:16
500108063,12,5,6,2024-12-19 20:53:15
500109063,12,6,6,2024-12-19 20:48:15
500119062,12,6,6,2024-12-19 19:06:16
500106118,12,4,7,2024-12-19 21:20:16
500108034,12,4,7,2024-12-19 17:48:15
500108063,12,4,7,2024-12-19 20:13:15
500109063,12,5,7,2024-12-19 20:36:15
500109063,12,5,7,2024-12-19 17:28:15
500109067,12,5,7,2024-12-19 20:38:15
500111085,12,5,7,2024-12-19 20:22:15
500101118,12,4,8,2024-12-19 19:38:15
500105005,12,4,8,2024-12-19 18:29:16
500106004,12,4,8,2024-12-19 20:12:15
500107137,12,4,8,2024-12-19 20:10:17
500108102,12,3,9,2024-12-19 19:23:15
500109067,12,3,9,2024-12-19 17:29:16
500109091,12,2,10,2024-12-19 18:19:15
500108094,12,0,11,2024-12-19 20:12:15
500108102,12,1,11,2024-12-19 18:15:17
500111085,12,1,11,2024-12-19 17:23:16
500119072,12,0,12,2024-12-19 18:42:17
500106118,12,11,0,2024-12-19 16:09:16
500107137,12,11,1,2024-12-19 14:36:16
500105005,12,10,2,2024-12-19 14:20:16
500106118,12,9,2,2024-12-19 13:41:15
500104086,12,9,3,2024-12-19 15:33:15
500107137,12,9,3,2024-12-19 16:17:15
500106003,12,8,4,2024-12-19 16:37:15
500106004,12,8,4,2024-12-19 15:58:15
500106118,12,7,4,2024-12-19 15:38:15
500119060,12,8,4,2024-12-19 14:18:15
500107084,12,7,5,2024-12-19 14:04:15
500112088,12,5,6,2024-12-19 15:42:14
500104025,12,5,7,2024-12-19 14:44:15
500106016,12,5,7,2024-12-19 16:45:16
500109091,12,5,7,2024-12-19 16:23:15
500119062,12,5,7,2024-12-19 15:16:15
500108032,12,4,8,2024-12-19 16:42:15
500109061,12,4,8,2024-12-19 16:19:15
500108063,12,2,9,2024-12-19 17:07:15
500112048,12,2,9,2024-12-19 16:26:15
500119060,12,3,9,2024-12-19 17:16:16
500106003,12,2,10,2024-12-19 13:37:15
500101118,12,1,11,2024-12-19 15:56:16
500106003,12,0,12,2024-12-19 15:17:16
500107137,12,4,8,2024-12-19 21:40:16
500104025,12,7,4,2024-12-19 21:49:15
500105005,12,12,0,2024-12-19 07:37:15
500119072,12,12,0,2024-12-19 08:18:15
500105005,12,11,1,2024-12-19 06:02:15
500106004,12,11,1,2024-12-19 07:47:15
500107084,12,11,1,2024-12-19 07:36:15
500109063,12,11,1,2024-12-19 08:02:17
500105005,12,10,2,2024-12-19 05:39:15
500106004,12,10,2,2024-12-19 07:14:15
500108034,12,9,2,2024-12-19 08:07:15
500108094,12,10,2,2024-12-19 07:59:15
500112048,12,8,2,2024-12-19 06:13:14
500112088,12,7,2,2024-12-19 06:42:14
500105074,12,9,3,2024-12-19 05:58:15
500106003,12,9,3,2024-12-19 07:25:17
500106004,12,9,3,2024-12-19 07:57:16
500119060,12,9,3,2024-12-19 07:26:15
500104025,12,8,4,2024-12-19 06:41:15
500104025,12,8,4,2024-12-19 06:50:16
500105074,12,8,4,2024-12-19 07:35:16
500106004,12,8,4,2024-12-19 08:03:15
500108063,12,7,4,2024-12-19 07:35:16
500119060,12,8,4,2024-12-19 06:59:15
500101180,12,6,5,2024-12-19 06:22:14
500106118,12,6,5,2024-12-19 06:11:14
500107137,12,6,5,2024-12-19 07:37:15
500108032,12,7,5,2024-12-19 07:53:16
500109061,12,7,5,2024-12-19 07:13:15
500109067,12,7,5,2024-12-19 05:12:14
500104025,12,6,6,2024-12-19 07:27:15
500106118,12,5,6,2024-12-19 07:16:15
500108032,12,6,6,2024-12-19 06:55:16
500109067,12,6,6,2024-12-19 08:13:15
500109091,12,6,6,2024-12-19 06:42:15
500109091,12,6,6,2024-12-19 05:43:14
500112048,12,5,6,2024-12-19 08:13:15
500107137,12,4,7,2024-12-19 06:34:15
500108034,12,4,7,2024-12-19 05:54:15
500109061,12,5,7,2024-12-19 08:38:15
500101118,12,4,8,2024-12-19 06:25:15
500101180,12,3,8,2024-12-19 07:17:14
500107143,12,3,8,2024-12-19 07:47:15
500107153,12,4,8,2024-12-19 07:00:16
500113018,12,4,8,2024-12-19 06:17:14
500113072,12,3,8,2024-12-19 05:26:15
500108102,12,3,9,2024-12-19 08:05:17
500108102,12,3,9,2024-12-19 06:17:14
500113072,12,2,9,2024-12-19 06:28:15
500105005,12,2,10,2024-12-19 08:57:15
500106118,12,1,10,2024-12-19 07:27:15
500107084,12,0,10,2024-12-19 06:56:15
500113018,12,2,10,2024-12-19 07:40:15
500108063,12,0,11,2024-12-19 07:56:15
500109091,12,1,11,2024-12-19 08:53:14
500113072,12,0,11,2024-12-19 07:25:17
500119062,12,1,11,2024-12-19 07:40:16
500101118,12,0,12,2024-12-19 08:50:19
500105043,12,9,3,2024-12-19 00:21:15
500113018,12,6,6,2024-12-19 00:47:15
500106016,12,7,4,2024-12-19 00:10:16
500106103,13,8,4,2024-12-19 23:52:14
500108138,13,10,3,2024-12-19 01:17:15
500101134,13,1,12,2024-12-19 23:13:14
500103032,13,2,11,2024-12-19 22:28:15
500101223,13,4,6,2024-12-19 23:12:15
500112098,13,4,9,2024-12-19 23:12:15
500110058,13,5,8,2024-12-19 22:45:16
500101134,13,0,13,2024-12-19 22:38:15
500110058,13,1,12,2024-12-19 21:29:15
500109044,13,6,7,2024-12-19 21:36:15
500103066,13,12,1,2024-12-19 21:25:16
500109044,13,6,7,2024-12-19 04:21:15
500105046,13,7,6,2024-12-19 03:31:14
500103066,13,11,2,2024-12-19 21:49:15
500110058,13,1,12,2024-12-19 01:43:15
500101223,13,6,5,2024-12-19 02:02:15
500106012,13,5,8,2024-12-19 23:06:15
500104114,13,10,3,2024-12-19 22:14:15
500104078,13,5,8,2024-12-19 23:32:14
500103066,13,13,0,2024-12-19 09:46:15
500103066,13,12,1,2024-12-19 09:56:15
500104114,13,12,1,2024-12-19 12:47:15
500108108,13,11,1,2024-12-19 09:27:15
500109040,13,9,3,2024-12-19 10:29:15
500105056,13,9,4,2024-12-19 11:11:15
500104114,13,8,5,2024-12-19 11:02:15
500108138,13,8,5,2024-12-19 11:16:15
500106012,13,6,6,2024-12-19 09:37:15
500108138,13,7,6,2024-12-19 10:15:15
500107053,13,6,7,2024-12-19 09:08:15
500108138,13,6,7,2024-12-19 11:48:15
500105067,13,5,8,2024-12-19 10:10:16
500108030,13,5,8,2024-12-19 11:08:15
500110054,13,3,8,2024-12-19 11:22:16
500105040,13,4,9,2024-12-19 12:04:16
500105067,13,4,9,2024-12-19 11:34:15
500107004,13,4,9,2024-12-19 09:28:15
500108166,13,4,9,2024-12-19 10:48:15
500110009,13,4,9,2024-12-19 12:38:15
500110009,13,4,9,2024-12-19 10:35:16
500112098,13,4,9,2024-12-19 12:33:15
500101223,13,3,10,2024-12-19 09:05:16
500107004,13,3,10,2024-12-19 10:11:15
500108168,13,2,10,2024-12-19 11:58:16
500110054,13,1,10,2024-12-19 10:03:17
500101223,13,2,11,2024-12-19 12:46:15
500109044,13,2,11,2024-12-19 12:55:16
500110009,13,2,11,2024-12-19 09:46:16
500101134,13,1,12,2024-12-19 12:27:14
500104119,13,0,12,2024-12-19 09:39:16
500108168,13,0,12,2024-12-19 09:23:15
500101134,13,0,13,2024-12-19 09:54:15
500101223,13,0,13,2024-12-19 11:31:15
500101223,13,0,13,2024-12-19 11:48:15
500106046,13,13,0,2024-12-19 18:08:15
500107053,13,13,0,2024-12-19 17:26:16
500101223,13,12,1,2024-12-19 17:38:16
500107053,13,12,1,2024-12-19 20:23:16
500107072,13,12,1,2024-12-19 20:10:17
500108030,13,12,1,2024-12-19 17:45:16
500108108,13,11,2,2024-12-19 16:11:15
500108166,13,11,2,2024-12-19 17:21:15
500101134,13,10,3,2024-12-19 19:59:16
500101134,13,10,3,2024-12-19 20:59:15
500106012,13,10,3,2024-12-19 20:24:15
500110009,13,10,3,2024-12-19 17:46:15
500104119,13,8,4,2024-12-19 17:36:15
500109044,13,9,4,2024-12-19 18:27:15
500104052,13,5,5,2024-12-19 18:28:16
500105095,13,8,5,2024-12-19 20:55:17
500108138,13,8,5,2024-12-19 18:29:16
500109044,13,8,5,2024-12-19 18:16:16
500112098,13,8,5,2024-12-19 17:59:15
500103066,13,7,6,2024-12-19 17:37:16
500103066,13,7,6,2024-12-19 18:12:16
500104052,13,4,6,2024-12-19 19:49:15
500110058,13,7,6,2024-12-19 18:08:15
500104119,13,5,7,2024-12-19 20:58:15
500107072,13,6,7,2024-12-19 19:22:16
500110009,13,6,7,2024-12-19 18:08:16
500103066,13,5,8,2024-12-19 17:56:16
500106103,13,4,8,2024-12-19 18:06:15
500108166,13,5,8,2024-12-19 18:27:15
500108168,13,4,8,2024-12-19 19:19:15
500103032,13,4,9,2024-12-19 20:10:16
500105067,13,4,9,2024-12-19 18:27:15
500109040,13,3,9,2024-12-19 21:18:15
500109044,13,4,9,2024-12-19 19:56:15
500105056,13,3,10,2024-12-19 20:14:15
500105067,13,3,10,2024-12-19 17:38:16
500108166,13,3,10,2024-12-19 18:53:15
500110054,13,2,10,2024-12-19 17:47:16
500105067,13,2,11,2024-12-19 17:44:15
500108030,13,2,11,2024-12-19 19:08:15
500108166,13,2,11,2024-12-19 21:16:15
500106046,13,0,12,2024-12-19 17:14:16
500108168,13,0,12,2024-12-19 19:59:17
500108168,13,0,12,2024-12-19 18:53:15
500107053,13,12,1,2024-12-19 17:17:16
500101134,13,10,3,2024-12-19 17:18:16
500101223,13,10,3,2024-12-19 17:15:17
500104052,13,4,6,2024-12-19 17:08:16
500107053,13,7,6,2024-12-19 13:58:16
500109040,13,6,6,2024-12-19 14:26:15
500106103,13,5,7,2024-12-19 16:28:15
500106103,13,5,7,2024-12-19 16:51:15
500110009,13,6,7,2024-12-19 13:53:15
500110009,13,6,7,2024-12-19 15:17:15
500101223,13,5,8,2024-12-19 13:43:15
500106012,13,5,8,2024-12-19 16:35:15
500107053,13,5,8,2024-12-19 15:06:15
500110054,13,4,8,2024-12-19 16:50:17
500103066,13,4,9,2024-12-19 13:13:15
500104078,13,4,9,2024-12-19 16:58:15
500104119,13,3,9,2024-12-19 15:18:15
500106012,13,4,9,2024-12-19 15:55:16
500107053,13,4,9,2024-12-19 14:00:17
500108168,13,3,9,2024-12-19 13:39:16
500110054,13,3,9,2024-12-19 14:54:15
500104078,13,3,10,2024-12-19 14:10:17
500104078,13,2,11,2024-12-19 16:17:15
500104078,13,2,11,2024-12-19 14:35:15
500108168,13,1,11,2024-12-19 14:19:15
500101134,13,1,12,2024-12-19 13:24:15
500105056,13,11,2,2024-12-19 07:45:16
500106012,13,9,3,2024-12-19 08:45:15
500106012,13,9,3,2024-12-19 06:54:16
500108138,13,10,3,2024-12-19 07:55:17
500110054,13,8,3,2024-12-19 05:22:15
500104052,13,7,4,2024-12-19 06:43:15
500106012,13,8,4,2024-12-19 08:53:14
500107053,13,9,4,2024-12-19 08:37:15
500101223,13,6,5,2024-12-19 06:35:15
500108030,13,8,5,2024-12-19 07:04:15
500109040,13,8,5,2024-12-19 07:26:15
500109040,13,8,5,2024-12-19 07:30:16
500101223,13,5,6,2024-12-19 07:16:15
500106012,13,6,6,2024-12-19 07:26:15
500103066,13,3,7,2024-12-19 06:09:14
500104119,13,3,7,2024-12-19 06:40:16
500105040,13,6,7,2024-12-19 08:14:16
500108166,13,5,8,2024-12-19 08:37:15
500106046,13,4,9,2024-12-19 06:51:15
500108030,13,4,9,2024-12-19 08:15:16
500108108,13,3,9,2024-12-19 05:13:15
500108108,13,3,9,2024-12-19 07:22:15
500108166,13,4,9,2024-12-19 07:30:16
500110058,13,4,9,2024-12-19 05:37:15
500110058,13,4,9,2024-12-19 06:27:15
500108168,13,2,10,2024-12-19 07:44:15
500101134,13,2,11,2024-12-19 08:27:16
500101134,13,2,11,2024-12-19 08:57:15
500110009,13,2,11,2024-12-19 06:23:14
500110058,13,2,11,2024-12-19 07:28:15
500104119,13,0,12,2024-12-19 08:35:17
500106103,13,0,12,2024-12-19 08:27:15
500107053,13,1,12,2024-12-19 07:14:15
500110058,13,0,13,2024-12-19 08:47:15
500107072,13,6,7,2024-12-19 03:53:15
500105041,13,4,9,2024-12-19 23:28:15
500101134,13,3,10,2024-12-19 23:45:16
500105046,13,3,10,2024-12-19 22:24:14
500108030,13,5,8,2024-12-19 23:04:15
500107053,13,7,6,2024-12-19 23:04:15
500109044,13,9,4,2024-12-19 22:43:15
500103066,13,5,5,2024-12-19 00:56:14
500105046,13,6,7,2024-12-19 01:05:16
500105056,13,8,5,2024-12-19 23:03:15
500105067,13,8,5,2024-12-19 22:32:15
500109044,13,8,5,2024-12-19 22:21:15
500106046,13,3,10,2024-12-19 21:38:15
500107072,13,5,8,2024-12-19 21:38:15
500101134,13,0,13,2024-12-19 01:56:15
500108166,13,2,11,2024-12-19 01:57:15
500101223,13,4,7,2024-12-19 02:18:14
500106103,13,5,7,2024-12-19 21:50:17
500101223,13,6,5,2024-12-19 01:39:15
500105067,13,12,1,2024-12-19 01:47:15
500104078,13,5,8,2024-12-19 22:43:15
500109044,13,7,6,2024-12-19 04:30:15
500101134,13,0,13,2024-12-19 23:05:17
500104078,13,3,10,2024-12-19 22:19:15
500103066,13,13,0,2024-12-19 22:19:15
500101134,13,1,12,2024-12-19 22:20:15
500110009,13,1,12,2024-12-19 22:25:17
500106012,13,6,7,2024-12-19 22:55:16
500105067,13,9,4,2024-12-19 23:29:14
500103066,13,13,0,2024-12-19 10:41:16
500103066,13,12,1,2024-12-19 11:13:15
500104114,13,11,2,2024-12-19 11:45:15
500109040,13,9,3,2024-12-19 11:09:15
500105095,13,8,5,2024-12-19 11:43:15
500104052,13,4,6,2024-12-19 12:17:15
500104114,13,7,6,2024-12-19 09:37:15
500104114,13,7,6,2024-12-19 11:13:15
500106012,13,6,6,2024-12-19 09:07:15
500106103,13,6,6,2024-12-19 12:48:15
500106103,13,6,6,2024-12-19 11:38:14
500108030,13,7,6,2024-12-19 10:22:16
500104052,13,3,7,2024-12-19 12:00:18
500104119,13,5,7,2024-12-19 12:30:16
500106103,13,5,7,2024-12-19 12:32:15
500107053,13,6,7,2024-12-19 10:17:15
500110054,13,4,7,2024-12-19 11:49:16
500103066,13,5,8,2024-12-19 12:49:15
500104119,13,4,8,2024-12-19 11:05:17
500106103,13,4,8,2024-12-19 11:18:15
500107004,13,5,8,2024-12-19 09:26:15
500110054,13,4,8,2024-12-19 12:22:16
500110054,13,3,8,2024-12-19 10:17:16
500104114,13,4,9,2024-12-19 09:02:15
500105067,13,4,9,2024-12-19 09:37:15
500106103,13,3,9,2024-12-19 10:37:16
500110009,13,4,9,2024-12-19 12:22:16
500101223,13,3,10,2024-12-19 12:55:16
500103032,13,3,10,2024-12-19 09:58:14
500104119,13,2,10,2024-12-19 10:53:16
500108166,13,3,10,2024-12-19 09:46:15
500108168,13,2,10,2024-12-19 10:56:15
500112098,13,3,10,2024-12-19 09:30:15
500101223,13,2,11,2024-12-19 12:28:15
500101223,13,2,11,2024-12-19 11:16:15
500103032,13,1,12,2024-12-19 10:31:16
500105046,13,1,12,2024-12-19 10:00:18
500106012,13,1,12,2024-12-19 13:03:15
500107072,13,1,12,2024-12-19 09:09:15
500101134,13,0,13,2024-12-19 13:01:17
500101134,13,0,13,2024-12-19 09:06:17
500109044,13,0,13,2024-12-19 10:33:15
500101134,13,13,0,2024-12-19 17:38:16
500106012,13,13,0,2024-12-19 19:46:14
500101223,13,12,1,2024-12-19 18:38:16
500104114,13,12,1,2024-12-19 19:18:16
500106012,13,12,1,2024-12-19 19:57:14
500110054,13,10,2,2024-12-19 18:51:16
500110009,13,10,3,2024-12-19 17:59:15
500110054,13,8,3,2024-12-19 20:33:15
500101134,13,9,4,2024-12-19 20:29:16
500107053,13,9,4,2024-12-19 19:13:15
500107053,13,9,4,2024-12-19 20:51:15
500110054,13,7,4,2024-12-19 20:04:15
500112098,13,8,5,2024-12-19 19:56:15
500104119,13,6,6,2024-12-19 20:17:15
500106046,13,7,6,2024-12-19 18:18:16
500106103,13,6,6,2024-12-19 20:42:15
500107072,13,7,6,2024-12-19 18:50:15
500108166,13,7,6,2024-12-19 17:36:14
500110058,13,7,6,2024-12-19 18:18:16
500105041,13,6,7,2024-12-19 19:00:18
500106103,13,5,7,2024-12-19 21:07:16
500108138,13,6,7,2024-12-19 18:36:16
500103066,13,5,8,2024-12-19 17:47:16
500108030,13,5,8,2024-12-19 20:31:15
500109044,13,5,8,2024-12-19 17:51:16
500105067,13,4,9,2024-12-19 19:25:15
500106012,13,4,9,2024-12-19 18:46:15
500110054,13,3,9,2024-12-19 17:21:15
500101134,13,3,10,2024-12-19 18:18:16
500104078,13,3,10,2024-12-19 19:29:15
500104078,13,3,10,2024-12-19 19:45:16
500105067,13,3,10,2024-12-19 19:49:15
500109044,13,3,10,2024-12-19 17:48:15
500106046,13,2,11,2024-12-19 20:39:16
500109044,13,2,11,2024-12-19 20:12:14
500110009,13,2,11,2024-12-19 18:37:15
500105040,13,1,12,2024-12-19 17:20:17
500105046,13,1,12,2024-12-19 17:45:16
500107072,13,1,12,2024-12-19 17:45:16
500105067,13,10,3,2024-12-19 16:22:16
500103066,13,8,5,2024-12-19 15:30:17
500104119,13,7,5,2024-12-19 16:59:15
500108166,13,8,5,2024-12-19 15:18:15
500103066,13,7,6,2024-12-19 15:09:15
500106103,13,6,6,2024-12-19 13:24:15
500108166,13,7,6,2024-12-19 14:54:15
500109044,13,7,6,2024-12-19 16:42:15
500105067,13,6,7,2024-12-19 13:29:15
500105067,13,6,7,2024-12-19 15:18:15
500107053,13,6,7,2024-12-19 15:49:15
500109044,13,6,7,2024-12-19 16:18:15
500110009,13,6,7,2024-12-19 15:46:15
500110058,13,6,7,2024-12-19 15:22:15
500103066,13,5,8,2024-12-19 13:32:15
500104119,13,4,8,2024-12-19 15:23:15
500105067,13,5,8,2024-12-19 13:12:15
500106046,13,4,8,2024-12-19 14:08:15
500110009,13,5,8,2024-12-19 13:18:14
500101134,13,3,10,2024-12-19 14:30:16
500101134,13,2,11,2024-12-19 16:48:15
500105041,13,2,11,2024-12-19 17:08:16
500106012,13,2,11,2024-12-19 13:54:15
500108168,13,1,11,2024-12-19 15:24:15
500101134,13,1,12,2024-12-19 16:17:15
500104078,13,1,12,2024-12-19 16:48:16
500109040,13,0,12,2024-12-19 17:05:17
500109044,13,1,12,2024-12-19 13:09:15
500101134,13,0,13,2024-12-19 15:34:16
500101223,13,0,10,2024-12-19 21:48:16
500104119,13,3,9,2024-12-19 21:44:15
500110054,13,5,6,2024-12-19 21:44:15
500105095,13,12,1,2024-12-19 08:50:19
500104052,13,8,3,2024-12-19 06:13:14
500106012,13,9,3,2024-12-19 08:12:15
500109040,13,10,3,2024-12-19 07:43:15
500105040,13,9,4,2024-12-19 07:35:16
500106012,13,8,4,2024-12-19 06:42:15
500106046,13,9,4,2024-12-19 07:57:16
500105067,13,8,5,2024-12-19 08:12:15
500110054,13,6,5,2024-12-19 05:50:15
500112098,13,8,5,2024-12-19 07:57:16
500101223,13,5,6,2024-12-19 07:23:15
500104078,13,7,6,2024-12-19 07:13:15
500104078,13,7,6,2024-12-19 05:39:15
500104114,13,7,6,2024-12-19 06:55:16
500104114,13,7,6,2024-12-19 07:57:16
500104114,13,7,6,2024-12-19 08:03:15
500105040,13,7,6,2024-12-19 07:10:16
500105046,13,6,7,2024-12-19 06:50:16
500108168,13,4,8,2024-12-19 07:17:14
500104114,13,4,9,2024-12-19 07:45:16
500107072,13,4,9,2024-12-19 06:24:15
500110009,13,4,9,2024-12-19 08:37:15
500104078,13,3,10,2024-12-19 08:19:15
500104114,13,3,10,2024-12-19 07:35:16
500110058,13,3,10,2024-12-19 07:21:15
500112098,13,3,10,2024-12-19 08:44:16
500105056,13,2,11,2024-12-19 06:31:15
500108108,13,1,11,2024-12-19 07:47:15
500108168,13,1,11,2024-12-19 08:55:16
500108168,13,1,11,2024-12-19 06:48:14
500110054,13,0,11,2024-12-19 06:55:16
500107053,13,1,12,2024-12-19 08:11:16
500107072,13,1,12,2024-12-19 06:47:15
500108030,13,1,12,2024-12-19 08:27:16
500108108,13,0,12,2024-12-19 07:56:16
500108166,13,1,12,2024-12-19 23:18:15
500104052,13,6,4,2024-12-19 22:13:15
500107004,13,9,4,2024-12-19 23:20:15
500110009,13,1,12,2024-12-19 01:07:15
500104119,13,6,4,2024-12-19 00:04:16
500110054,13,10,1,2024-12-19 00:00:16
500109040,13,1,11,2024-12-19 22:34:15
500110009,13,0,13,2024-12-19 22:30:18
500104114,13,6,7,2024-12-19 21:27:15
500108138,13,7,6,2024-12-19 21:18:15
500107053,13,10,3,2024-12-19 21:32:15
500105040,13,4,9,2024-12-19 02:26:15
500110058,13,4,9,2024-12-19 21:56:15
500110054,13,6,5,2024-12-19 22:06:14
500101134,13,4,9,2024-12-19 21:59:15
500107053,13,11,2,2024-12-19 21:53:15
500106012,13,12,1,2024-12-19 21:54:15
500110054,13,4,7,2024-12-19 23:37:14
500104078,13,6,7,2024-12-19 00:52:15
500108166,13,2,11,2024-12-19 22:43:15
500104119,13,7,5,2024-12-19 22:47:14
500105067,13,9,4,2024-12-19 22:48:15
500105046,13,3,10,2024-12-19 22:19:15
500101134,13,2,11,2024-12-19 23:21:15
500110058,13,13,0,2024-12-19 10:37:16
500107053,13,11,2,2024-12-19 12:30:16
500104078,13,10,3,2024-12-19 12:32:16
500105095,13,10,3,2024-12-19 09:01:15
500104114,13,9,4,2024-12-19 11:38:15
500105095,13,9,4,2024-12-19 09:44:15
500104078,13,8,5,2024-12-19 11:40:17
500105067,13,8,5,2024-12-19 12:41:15
500109040,13,7,5,2024-12-19 12:28:15
500109040,13,7,5,2024-12-19 09:49:15
500104078,13,7,6,2024-12-19 11:17:15
500108166,13,7,6,2024-12-19 12:59:15
500110054,13,6,6,2024-12-19 12:19:16
500103066,13,6,7,2024-12-19 12:35:16
500104078,13,6,7,2024-12-19 09:41:16
500106046,13,6,7,2024-12-19 09:26:15
500106046,13,5,7,2024-12-19 11:31:14
500107053,13,6,7,2024-12-19 11:30:17
500104052,13,3,8,2024-12-19 10:19:16
500105067,13,5,8,2024-12-19 12:09:16
500107053,13,5,8,2024-12-19 11:54:15
500110054,13,4,8,2024-12-19 12:46:15
500110058,13,5,8,2024-12-19 12:06:16
500101223,13,4,9,2024-12-19 09:52:15
500106012,13,4,9,2024-12-19 12:19:15
500108030,13,4,9,2024-12-19 09:46:16
500103032,13,3,10,2024-12-19 08:51:15
500101223,13,2,11,2024-12-19 09:23:15
500104078,13,2,11,2024-12-19 08:50:16
500106012,13,2,11,2024-12-19 11:32:15
500107072,13,2,11,2024-12-19 12:16:15
500107072,13,2,11,2024-12-19 09:54:15
500109044,13,2,11,2024-12-19 09:39:16
500110009,13,2,11,2024-12-19 10:19:16
500101134,13,1,12,2024-12-19 10:26:15
500101223,13,1,12,2024-12-19 10:44:16
500101223,13,1,12,2024-12-19 10:57:15
500103032,13,1,12,2024-12-19 12:31:15
500103032,13,1,12,2024-12-19 09:46:15
500104119,13,0,12,2024-12-19 09:37:15
500104119,13,0,12,2024-12-19 10:05:16
500107004,13,1,12,2024-12-19 11:56:16
500109044,13,1,12,2024-12-19 08:56:16
500112098,13,1,12,2024-12-19 11:09:15
500110009,13,0,13,2024-12-19 11:38:15
500101223,13,13,0,2024-12-19 17:28:16
500106012,13,11,2,2024-12-19 19:37:16
500104078,13,10,3,2024-12-19 19:19:15
500107053,13,10,3,2024-12-19 21:20:16
500110009,13,9,4,2024-12-19 21:20:16
500112098,13,9,4,2024-12-19 19:02:16
500103066,13,8,5,2024-12-19 18:38:16
500104114,13,8,5,2024-12-19 20:42:15
500104119,13,7,5,2024-12-19 18:39:16
500106012,13,8,5,2024-12-19 19:28:15
500106103,13,7,5,2024-12-19 19:49:15
500110058,13,8,5,2024-12-19 17:26:15
500110058,13,8,5,2024-12-19 19:02:16
500112098,13,8,5,2024-12-19 18:38:16
500101223,13,4,6,2024-12-19 20:45:16
500105095,13,7,6,2024-12-19 19:44:15
500106012,13,7,6,2024-12-19 18:19:15
500106103,13,6,6,2024-12-19 17:25:16
500106103,13,6,6,2024-12-19 18:51:16
500109044,13,7,6,2024-12-19 18:08:15
500110009,13,7,6,2024-12-19 21:13:16
500101134,13,6,7,2024-12-19 18:58:16
500101223,13,2,7,2024-12-19 19:19:16
500104119,13,5,7,2024-12-19 21:17:14
500105041,13,5,8,2024-12-19 20:48:15
500105041,13,5,8,2024-12-19 18:34:15
500106046,13,5,8,2024-12-19 18:46:15
500105046,13,4,9,2024-12-19 17:24:16
500106012,13,4,9,2024-12-19 19:00:18
500110058,13,4,9,2024-12-19 21:08:15
500104078,13,2,11,2024-12-19 20:45:18
500105040,13,2,11,2024-12-19 20:02:15
500108166,13,2,11,2024-12-19 20:02:15
500108168,13,1,11,2024-12-19 19:05:15
500109040,13,1,11,2024-12-19 18:47:16
500105067,13,1,12,2024-12-19 18:06:15
500108166,13,1,12,2024-12-19 20:33:15
500110054,13,0,12,2024-12-19 19:18:16
500105040,13,0,13,2024-12-19 17:39:16
500105067,13,0,13,2024-12-19 17:56:15
500110009,13,0,13,2024-12-19 20:12:15
500110009,13,0,13,2024-12-19 20:42:16
500110009,13,13,0,2024-12-19 17:07:15
500105067,13,12,1,2024-12-19 16:58:16
500110009,13,10,3,2024-12-19 16:38:15
500101223,13,9,4,2024-12-19 15:48:15
500101223,13,9,4,2024-12-19 16:17:15
500103066,13,9,4,2024-12-19 17:03:16
500104119,13,8,4,2024-12-19 16:45:17
500105067,13,9,4,2024-12-19 16:04:15
500104114,13,8,5,2024-12-19 14:53:14
500105067,13,8,5,2024-12-19 14:08:15
500108030,13,8,5,2024-12-19 16:34:16
500104119,13,6,6,2024-12-19 15:53:14
500105095,13,7,6,2024-12-19 15:38:15
500108030,13,7,6,2024-12-19 15:45:16
500101223,13,6,7,2024-12-19 13:34:16
500101223,13,6,7,2024-12-19 14:18:15
500110054,13,5,7,2024-12-19 13:41:15
500110058,13,6,7,2024-12-19 17:09:15
500105095,13,5,8,2024-12-19 15:11:15
500110054,13,4,8,2024-12-19 14:03:16
500110058,13,4,9,2024-12-19 16:56:15
500101134,13,3,10,2024-12-19 16:58:15
500101134,13,3,10,2024-12-19 14:48:15
500105056,13,3,10,2024-12-19 17:17:16
500108168,13,2,10,2024-12-19 13:55:16
500109040,13,2,10,2024-12-19 15:21:15
500104078,13,1,12,2024-12-19 15:34:14
500109040,13,0,12,2024-12-19 16:08:16
500112098,13,1,12,2024-12-19 16:51:16
500101134,13,0,13,2024-12-19 16:21:15
500106103,13,4,8,2024-12-19 21:40:15
500104119,13,11,1,2024-12-19 07:05:15
500105056,13,12,1,2024-12-19 07:27:15
500105067,13,12,1,2024-12-19 07:20:18
500105067,13,11,2,2024-12-19 07:34:15
500107053,13,11,2,2024-12-19 06:24:15
500107053,13,10,3,2024-12-19 06:16:15
500110009,13,10,3,2024-12-19 08:26:14
500101134,13,9,4,2024-12-19 06:35:15
500105056,13,9,4,2024-12-19 07:51:15
500101223,13,6,5,2024-12-19 05:32:15
500101223,13,8,5,2024-12-19 07:46:15
500104052,13,6,5,2024-12-19 07:44:15
500105095,13,8,5,2024-12-19 07:20:16
500108138,13,8,5,2024-12-19 06:38:15
500104078,13,7,6,2024-12-19 06:45:15
500105046,13,7,6,2024-12-19 06:40:16
500106012,13,6,6,2024-12-19 07:37:15
500107053,13,7,6,2024-12-19 06:54:16
500109040,13,7,6,2024-12-19 06:42:15
500101134,13,6,7,2024-12-19 07:17:14
500103032,13,5,8,2024-12-19 05:42:15
500106046,13,5,8,2024-12-19 08:35:16
500110009,13,5,8,2024-12-19 07:51:15
500110054,13,3,8,2024-12-19 07:26:15
500110058,13,5,8,2024-12-19 08:26:15
500112098,13,4,8,2024-12-19 07:12:15
500101134,13,4,9,2024-12-19 05:14:15
500104119,13,3,9,2024-12-19 08:12:15
500104119,13,3,9,2024-12-19 07:44:15
500108168,13,3,9,2024-12-19 07:54:15
500109044,13,4,9,2024-12-19 07:27:15
500112098,13,4,9,2024-12-19 08:37:15
500103066,13,0,10,2024-12-19 08:02:15
500105056,13,3,10,2024-12-19 06:53:14
500110054,13,1,10,2024-12-19 08:56:16
500110054,13,1,10,2024-12-19 07:36:15
500108168,13,1,11,2024-12-19 08:37:15
500109044,13,2,11,2024-12-19 07:07:15
500110058,13,2,11,2024-12-19 08:34:15
500110058,13,2,11,2024-12-19 05:14:15
500110009,13,1,12,2024-12-19 06:14:15
500107072,13,0,13,2024-12-19 06:51:15
500109044,13,0,13,2024-12-19 08:13:15
500112098,13,9,3,2024-12-19 00:07:16
500108168,13,1,11,2024-12-19 00:06:15
500105095,13,7,6,2024-12-19 22:35:17
500104114,13,5,7,2024-12-19 00:33:15
500109044,13,5,8,2024-12-19 00:12:15
500112098,13,10,2,2024-12-19 00:27:15
500107053,13,11,2,2024-12-19 00:35:16
500108030,13,4,9,2024-12-19 21:32:15
500110054,13,5,6,2024-12-19 22:21:14
500108138,13,8,5,2024-12-19 21:53:15
500105056,13,0,13,2024-12-19 20:58:15
500106103,13,5,7,2024-12-19 21:22:15
500101134,13,5,8,2024-12-19 21:39:15
500105067,13,5,8,2024-12-19 21:21:15
500107072,13,5,8,2024-12-19 02:41:15
500109040,13,3,9,2024-12-19 22:06:15
500104119,13,4,8,2024-12-19 21:52:15
500108168,13,0,12,2024-12-19 21:58:15
500108138,13,2,11,2024-12-19 00:00:16
500101134,13,1,12,2024-12-19 04:32:15
500103032,13,1,12,2024-12-19 22:19:15
500106012,13,11,2,2024-12-19 22:18:15
500105095,13,13,0,2024-12-19 22:13:15
500101223,13,7,4,2024-12-19 01:52:15
500110058,13,7,6,2024-12-19 23:31:15
500108108,13,11,1,2024-12-19 09:47:15
500103066,13,11,2,2024-12-19 10:09:16
500104114,13,11,2,2024-12-19 12:18:15
500110058,13,10,3,2024-12-19 10:22:15
500107053,13,9,4,2024-12-19 12:16:15
500108138,13,9,4,2024-12-19 09:09:15
500109040,13,8,4,2024-12-19 09:24:15
500106103,13,7,5,2024-12-19 13:00:17
500109040,13,7,5,2024-12-19 12:10:16
500110058,13,8,5,2024-12-19 11:34:15
500104052,13,4,6,2024-12-19 11:31:15
500105067,13,7,6,2024-12-19 12:37:15
500107053,13,7,6,2024-12-19 09:07:15
500108166,13,7,6,2024-12-19 11:08:15
500105067,13,6,7,2024-12-19 12:07:16
500110009,13,6,7,2024-12-19 12:43:15
500104078,13,5,8,2024-12-19 10:57:15
500106046,13,5,8,2024-12-19 09:08:15
500107053,13,5,8,2024-12-19 10:25:16
500108168,13,4,8,2024-12-19 12:26:15
500110009,13,5,8,2024-12-19 10:06:15
500110058,13,5,8,2024-12-19 12:28:15
500106103,13,3,9,2024-12-19 11:23:15
500108166,13,4,9,2024-12-19 12:26:15
500110054,13,2,9,2024-12-19 11:05:16
500105040,13,3,10,2024-12-19 09:37:15
500105041,13,3,10,2024-12-19 10:48:15
500106046,13,3,10,2024-12-19 09:02:15
500104119,13,1,11,2024-12-19 09:26:15
500105041,13,2,11,2024-12-19 08:40:17
500105041,13,2,11,2024-12-19 09:45:15
500106012,13,1,11,2024-12-19 10:35:16
500106012,13,2,11,2024-12-19 10:52:15
500108168,13,1,11,2024-12-19 10:35:16
500110009,13,2,11,2024-12-19 11:09:15
500106103,13,0,12,2024-12-19 09:37:15
500107072,13,1,12,2024-12-19 11:18:15
500109044,13,1,12,2024-12-19 09:37:15
500109044,13,1,12,2024-12-19 10:18:15
500101134,13,0,13,2024-12-19 10:06:15
500101134,13,0,13,2024-12-19 11:00:19
500109044,13,0,13,2024-12-19 09:20:17
500110009,13,0,13,2024-12-19 11:50:19
500103066,13,13,0,2024-12-19 19:46:14
500104114,13,13,0,2024-12-19 19:06:16
500101134,13,12,1,2024-12-19 17:28:14
500101134,13,11,2,2024-12-19 19:29:16
500107053,13,10,3,2024-12-19 21:05:16
500108030,13,10,3,2024-12-19 17:36:15
500108108,13,10,3,2024-12-19 18:16:16
500110054,13,8,3,2024-12-19 20:27:15
500103066,13,9,4,2024-12-19 19:06:16
500104052,13,6,4,2024-12-19 18:06:15
500104078,13,9,4,2024-12-19 17:52:15
500106103,13,8,4,2024-12-19 19:35:16
500110058,13,9,4,2024-12-19 17:29:16
500112098,13,9,4,2024-12-19 19:48:15
500110054,13,7,5,2024-12-19 18:43:15
500104078,13,7,6,2024-12-19 18:18:16
500104114,13,7,6,2024-12-19 17:48:15
500107072,13,7,6,2024-12-19 19:56:16
500108166,13,7,6,2024-12-19 18:14:15
500110054,13,5,6,2024-12-19 19:35:16
500110058,13,7,6,2024-12-19 18:53:15
500101223,13,3,7,2024-12-19 20:59:15
500103066,13,6,7,2024-12-19 18:01:16
500107053,13,6,7,2024-12-19 18:14:15
500108168,13,5,7,2024-12-19 21:09:15
500110058,13,6,7,2024-12-19 20:11:16
500110058,13,6,7,2024-12-19 18:25:17
500104078,13,5,8,2024-12-19 20:13:15
500104114,13,5,8,2024-12-19 20:00:17
500108168,13,4,8,2024-12-19 19:26:15
500101134,13,4,9,2024-12-19 18:08:16
500104078,13,4,9,2024-12-19 19:57:15
500106046,13,4,9,2024-12-19 19:06:16
500110054,13,2,10,2024-12-19 17:59:15
500103032,13,2,11,2024-12-19 17:22:16
500104078,13,2,11,2024-12-19 21:18:14
500108168,13,1,11,2024-12-19 20:13:15
500110009,13,2,11,2024-12-19 19:28:15
500110009,13,0,13,2024-12-19 20:25:16
500108108,13,10,2,2024-12-19 14:51:15
500101223,13,10,3,2024-12-19 15:51:14
500101223,13,10,3,2024-12-19 17:03:16
500105056,13,10,3,2024-12-19 14:09:16
500108166,13,9,4,2024-12-19 16:52:15
500106046,13,7,5,2024-12-19 16:28:15
500108030,13,7,6,2024-12-19 16:26:15
500110009,13,7,6,2024-12-19 16:28:14
500104078,13,6,7,2024-12-19 14:08:15
500104114,13,6,7,2024-12-19 13:26:17
500108166,13,6,7,2024-12-19 13:13:15
500106046,13,4,8,2024-12-19 15:00:17
500110009,13,5,8,2024-12-19 13:40:16
500110058,13,5,8,2024-12-19 16:36:15
500105046,13,4,9,2024-12-19 16:58:14
500109040,13,3,9,2024-12-19 14:56:14
500105040,13,3,10,2024-12-19 17:11:16
500105095,13,3,10,2024-12-19 17:02:15
500108168,13,1,11,2024-12-19 15:51:15
500112098,13,2,11,2024-12-19 16:32:15
500108168,13,0,12,2024-12-19 15:05:17
500101134,13,0,13,2024-12-19 15:07:15
500107072,13,0,13,2024-12-19 16:34:15
500109040,13,5,7,2024-12-19 21:43:15
500106012,13,12,1,2024-12-19 21:49:15
500103066,13,13,0,2024-12-19 08:15:16
500108138,13,12,1,2024-12-19 08:14:16
500108138,13,11,2,2024-12-19 08:35:16
500105067,13,10,3,2024-12-19 08:46:15
500108030,13,10,3,2024-12-19 06:42:15
500108030,13,9,4,2024-12-19 07:29:15
500108138,13,9,4,2024-12-19 05:57:14
500104078,13,8,5,2024-12-19 06:24:15
500109040,13,8,5,2024-12-19 07:03:15
500104052,13,5,6,2024-12-19 08:54:15
500106046,13,7,6,2024-12-19 07:15:17
500101223,13,6,7,2024-12-19 08:23:15
500105040,13,6,7,2024-12-19 07:42:15
500105056,13,6,7,2024-12-19 07:16:14
500101134,13,5,8,2024-12-19 07:26:15
500103066,13,2,8,2024-12-19 06:32:15
500104114,13,5,8,2024-12-19 08:47:15
500109044,13,5,8,2024-12-19 06:45:16
500105041,13,4,9,2024-12-19 06:14:15
500108108,13,3,9,2024-12-19 06:53:15
500101134,13,3,10,2024-12-19 08:17:15
500103032,13,3,10,2024-12-19 08:36:15
500103032,13,3,10,2024-12-19 07:56:15
500105046,13,3,10,2024-12-19 07:42:14
500106046,13,3,10,2024-12-19 06:47:15
500108108,13,2,10,2024-12-19 07:16:15
500110009,13,3,10,2024-12-19 06:31:15
500110054,13,1,10,2024-12-19 08:26:15
500110054,13,1,10,2024-12-19 08:36:17
500110058,13,3,10,2024-12-19 06:55:16
500106103,13,1,11,2024-12-19 07:38:15
500105056,13,1,12,2024-12-19 05:46:15
500108168,13,0,12,2024-12-19 06:22:15
500110009,13,1,12,2024-12-19 08:57:15
500107072,13,0,13,2024-12-19 07:16:16
500109044,13,0,13,2024-12-19 07:42:16
500110058,13,0,13,2024-12-19 07:46:15
500110009,13,0,13,2024-12-19 00:40:17
500104078,13,6,7,2024-12-19 23:46:15
500107072,13,13,0,2024-12-19 23:39:15
500101223,13,7,2,2024-12-19 00:11:14
500106046,13,0,13,2024-12-19 22:44:15
500104119,13,7,5,2024-12-19 23:02:14
500107072,13,6,7,2024-12-19 23:56:14
500106103,13,1,11,2024-12-19 00:57:15
500104078,13,8,5,2024-12-19 01:14:15
500110009,13,1,12,2024-12-19 23:18:15
500104078,13,4,9,2024-12-19 22:59:15
500108166,13,1,12,2024-12-19 21:34:15
500110058,13,4,9,2024-12-19 22:39:15
500110009,13,3,10,2024-12-19 21:36:15
500109040,13,4,8,2024-12-19 21:27:15
500105095,13,11,2,2024-12-19 21:31:15
500110058,13,2,11,2024-12-19 02:34:15
500104114,13,6,7,2024-12-19 01:35:15
500110009,13,0,13,2024-12-19 22:05:19
500106046,13,3,10,2024-12-19 22:00:16
500106012,13,11,2,2024-12-19 22:05:16
500101223,13,2,8,2024-12-19 21:57:15
500110054,13,6,5,2024-12-19 21:53:15
500109044,13,8,5,2024-12-19 21:58:15
500112098,13,4,9,2024-12-19 23:59:15
500106012,13,10,2,2024-12-19 00:54:15
500105040,13,3,10,2024-12-19 04:32:14
500101134,13,3,10,2024-12-19 22:10:17
500104119,13,6,6,2024-12-19 22:58:15
500110054,13,9,2,2024-12-19 02:07:15
500105067,13,13,0,2024-12-19 01:32:15
500104114,13,12,1,2024-12-19 12:03:15
500108108,13,10,2,2024-12-19 10:34:15
500106046,13,9,3,2024-12-19 10:35:16
500109040,13,9,3,2024-12-19 11:33:15
500106046,13,8,4,2024-12-19 10:58:16
500108166,13,9,4,2024-12-19 12:07:16
500106046,13,7,5,2024-12-19 11:07:16
500109040,13,7,5,2024-12-19 12:55:16
500106103,13,6,6,2024-12-19 12:26:15
500103066,13,6,7,2024-12-19 12:15:16
500105067,13,6,7,2024-12-19 09:22:15
500108138,13,6,7,2024-12-19 09:39:15
500108166,13,6,7,2024-12-19 12:52:15
500106012,13,5,8,2024-12-19 12:27:15
500107053,13,5,8,2024-12-19 09:33:15
500103066,13,4,9,2024-12-19 12:27:15
500108168,13,3,9,2024-12-19 12:17:16
500103032,13,3,10,2024-12-19 11:16:15
500107072,13,3,10,2024-12-19 11:57:16
500110009,13,3,10,2024-12-19 10:17:16
500110009,13,3,10,2024-12-19 11:23:15
500103032,13,2,11,2024-12-19 09:08:15
500104119,13,1,11,2024-12-19 10:46:14
500105041,13,2,11,2024-12-19 12:15:16
500106012,13,2,11,2024-12-19 11:19:15
500101134,13,1,12,2024-12-19 09:08:16
500106103,13,0,12,2024-12-19 09:09:15
500107072,13,1,12,2024-12-19 12:28:15
500108030,13,1,12,2024-12-19 10:11:14
500109044,13,1,12,2024-12-19 12:16:15
500110009,13,1,12,2024-12-19 12:04:15
500105046,13,0,13,2024-12-19 12:15:16
500110009,13,0,13,2024-12-19 11:48:15
500101223,13,13,0,2024-12-19 17:48:15
500107053,13,13,0,2024-12-19 17:44:16
500101223,13,12,1,2024-12-19 18:04:16
500107072,13,11,2,2024-12-19 20:08:14
500104078,13,10,3,2024-12-19 18:47:16
500104114,13,10,3,2024-12-19 18:48:15
500107053,13,10,3,2024-12-19 20:48:15
500109044,13,10,3,2024-12-19 19:27:15
500112098,13,10,3,2024-12-19 19:28:15
500110058,13,9,4,2024-12-19 17:59:15
500108138,13,8,5,2024-12-19 17:21:15
500104119,13,6,6,2024-12-19 21:20:16
500106103,13,6,6,2024-12-19 20:06:15
500106103,13,6,6,2024-12-19 18:48:15
500107072,13,7,6,2024-12-19 21:19:16
500110058,13,7,6,2024-12-19 20:07:15
500110058,13,7,6,2024-12-19 20:53:15
500104114,13,6,7,2024-12-19 17:34:15
500104119,13,5,7,2024-12-19 19:58:15
500107072,13,6,7,2024-12-19 21:08:15
500108168,13,5,7,2024-12-19 20:39:16
500108168,13,5,7,2024-12-19 17:40:17
500108168,13,5,7,2024-12-19 20:47:14
500101223,13,2,8,2024-12-19 21:12:15
500105095,13,5,8,2024-12-19 18:42:16
500106103,13,4,8,2024-12-19 21:10:16
500108138,13,5,8,2024-12-19 18:54:15
500108166,13,5,8,2024-12-19 19:24:15
500109044,13,5,8,2024-12-19 19:48:15
500110054,13,3,8,2024-12-19 19:24:15
500105041,13,4,9,2024-12-19 20:03:15
500106012,13,4,9,2024-12-19 19:13:15
500106103,13,3,9,2024-12-19 18:16:16
500108166,13,4,9,2024-12-19 19:34:15
500108168,13,3,9,2024-12-19 18:28:16
500109040,13,3,9,2024-12-19 18:13:16
500112098,13,4,9,2024-12-19 20:36:15
500103032,13,3,10,2024-12-19 19:39:15
500104119,13,2,10,2024-12-19 18:05:17
500105067,13,3,10,2024-12-19 18:42:16
500108168,13,2,10,2024-12-19 19:35:16
500110054,13,2,10,2024-12-19 18:33:16
500105056,13,2,11,2024-12-19 20:13:15
500106046,13,1,11,2024-12-19 17:37:16
500110009,13,2,11,2024-12-19 19:49:15
500105056,13,1,12,2024-12-19 18:00:18
500109044,13,1,12,2024-12-19 20:38:15
500110009,13,1,12,2024-12-19 20:39:16
500110009,13,12,1,2024-12-19 16:48:16
500108166,13,11,2,2024-12-19 17:18:16
500104114,13,10,3,2024-12-19 14:35:15
500106046,13,8,4,2024-12-19 16:09:15
500107053,13,9,4,2024-12-19 16:47:15
500108166,13,9,4,2024-12-19 15:47:15
500104114,13,8,5,2024-12-19 15:45:16
500108030,13,8,5,2024-12-19 14:04:14
500104114,13,7,6,2024-12-19 15:25:15
500105056,13,7,6,2024-12-19 16:37:15
500106012,13,7,6,2024-12-19 16:43:15
500106012,13,7,6,2024-12-19 17:17:16
500106103,13,6,6,2024-12-19 13:55:16
500101223,13,6,7,2024-12-19 13:23:15
500104052,13,3,7,2024-12-19 14:05:16
500104114,13,6,7,2024-12-19 13:33:15
500105056,13,6,7,2024-12-19 16:42:15
500106046,13,5,7,2024-12-19 13:12:15
500106046,13,5,7,2024-12-19 16:38:14
500106046,13,5,7,2024-12-19 15:15:15
500110009,13,6,7,2024-12-19 13:38:15
500110054,13,5,7,2024-12-19 15:50:16
500110054,13,5,7,2024-12-19 13:23:15
500110054,13,5,7,2024-12-19 16:34:15
500110058,13,6,7,2024-12-19 14:08:15
500105046,13,5,8,2024-12-19 14:15:16
500110009,13,5,8,2024-12-19 13:22:15
500110054,13,4,8,2024-12-19 16:13:15
500110058,13,5,8,2024-12-19 16:02:15
500110058,13,5,8,2024-12-19 16:26:15
500105046,13,4,9,2024-12-19 13:39:16
500106046,13,3,9,2024-12-19 16:46:15
500108168,13,3,9,2024-12-19 16:23:15
500108168,13,3,9,2024-12-19 17:17:15
500101134,13,2,11,2024-12-19 16:03:15
500101134,13,2,11,2024-12-19 13:58:16
500103032,13,2,11,2024-12-19 17:11:16
500109040,13,0,12,2024-12-19 16:10:18
500101134,13,7,6,2024-12-19 21:48:16
500104114,13,8,5,2024-12-19 21:47:15
500105095,13,12,1,2024-12-19 08:46:15
500101134,13,11,2,2024-12-19 06:25:15
500103066,13,10,3,2024-12-19 08:55:16
500105056,13,10,3,2024-12-19 08:30:16
500105067,13,9,4,2024-12-19 08:27:16
500104052,13,6,5,2024-12-19 08:14:16
500104119,13,5,5,2024-12-19 05:53:15
500105046,13,8,5,2024-12-19 05:27:15
500105095,13,8,5,2024-12-19 08:01:15
500106012,13,7,5,2024-12-19 08:03:14
500112098,13,7,5,2024-12-19 06:31:15
500101223,13,5,6,2024-12-19 06:48:15
500104114,13,7,6,2024-12-19 05:57:15
500108168,13,6,6,2024-12-19 08:46:14
500101134,13,6,7,2024-12-19 05:35:15
500106012,13,5,7,2024-12-19 07:45:16
500106012,13,5,7,2024-12-19 07:56:15
500110009,13,6,7,2024-12-19 08:17:15
500104119,13,4,8,2024-12-19 07:59:15
500105041,13,5,8,2024-12-19 07:44:15
500108030,13,5,8,2024-12-19 07:54:15
500103066,13,1,9,2024-12-19 07:26:15
500104119,13,3,9,2024-12-19 07:57:16
500110054,13,2,9,2024-12-19 08:14:16
500110054,13,2,9,2024-12-19 06:15:16
500101134,13,3,10,2024-12-19 07:46:15
500104078,13,3,10,2024-12-19 07:20:16
500106103,13,2,10,2024-12-19 07:13:15
500108166,13,3,10,2024-12-19 06:45:16
500108166,13,3,10,2024-12-19 06:56:15
500110058,13,3,10,2024-12-19 05:18:15
500104119,13,1,11,2024-12-19 08:46:14
500107072,13,1,12,2024-12-19 08:22:15
500108168,13,0,12,2024-12-19 08:17:16
500110058,13,1,12,2024-12-19 07:17:14
500110058,13,1,12,2024-12-19 07:57:16
500106103,13,0,12,2024-12-19 00:38:15
500105067,13,8,5,2024-12-19 23:41:14
500105046,13,4,9,2024-12-19 00:01:15
500106103,13,0,12,2024-12-19 00:36:15
500109040,13,6,7,2024-12-19 00:07:15
500105041,13,5,8,2024-12-19 23:30:16
500108138,13,7,5,2024-12-19 22:48:15
500103066,13,11,2,2024-12-19 23:25:16
500101134,13,0,13,2024-12-19 00:29:15
500106012,13,8,4,2024-12-19 01:12:15
500104052,13,10,2,2024-12-19 00:53:15
500108030,13,11,2,2024-12-19 01:13:15
500105067,13,12,1,2024-12-19 00:34:14
500107004,13,7,6,2024-12-19 23:19:15
500107004,13,2,11,2024-12-19 16:39:15
500104119,13,2,10,2024-12-19 21:39:15
500105041,13,6,7,2024-12-19 02:35:15
500110054,13,10,1,2024-12-19 02:17:15
500103066,13,4,6,2024-12-19 03:12:14
500106012,13,9,3,2024-12-19 04:22:15
500107072,13,9,4,2024-12-19 22:00:16
500109044,13,9,4,2024-12-19 22:04:15
500109040,13,4,8,2024-12-19 21:57:15
500108168,13,2,10,2024-12-19 23:51:15
500101134,13,1,12,2024-12-19 01:46:14
500101134,13,0,13,2024-12-19 22:40:17
500109040,13,1,11,2024-12-19 22:17:15
500109040,13,2,10,2024-12-19 22:20:15
500108168,13,4,8,2024-12-19 23:29:14
500101223,13,4,5,2024-12-19 01:30:16
500110058,13,13,0,2024-12-19 10:39:15
500106046,13,11,1,2024-12-19 12:19:16
500103066,13,11,2,2024-12-19 11:28:16
500107053,13,10,3,2024-12-19 13:04:15
500106046,13,8,4,2024-12-19 12:28:15
500109040,13,8,4,2024-12-19 10:43:16
500105095,13,8,5,2024-12-19 09:19:15
500105095,13,8,5,2024-12-19 10:44:16
500106046,13,8,5,2024-12-19 10:18:15
500106046,13,6,6,2024-12-19 12:38:15
500108138,13,7,6,2024-12-19 09:30:16
500110058,13,7,6,2024-12-19 12:40:17
500106046,13,6,7,2024-12-19 09:35:16
500106046,13,5,7,2024-12-19 11:48:15
500106103,13,5,7,2024-12-19 12:09:16
500107004,13,6,7,2024-12-19 08:24:15
500107053,13,6,7,2024-12-19 12:03:15
500110058,13,6,7,2024-12-19 11:48:15
500105040,13,5,8,2024-12-19 10:32:15
500106012,13,4,8,2024-12-19 10:10:16
500106103,13,4,8,2024-12-19 11:56:16
500110054,13,3,8,2024-12-19 10:45:16
500104078,13,4,9,2024-12-19 09:53:15
500105040,13,4,9,2024-12-19 09:42:15
500108166,13,4,9,2024-12-19 10:02:15
500110054,13,2,9,2024-12-19 10:33:15
500101223,13,3,10,2024-12-19 09:37:15
500101223,13,3,10,2024-12-19 12:18:15
500101134,13,2,11,2024-12-19 11:18:15
500103032,13,2,11,2024-12-19 10:26:14
500104078,13,2,11,2024-12-19 09:22:15
500104078,13,2,11,2024-12-19 10:01:16
500104119,13,1,11,2024-12-19 09:50:18
500105040,13,2,11,2024-12-19 09:27:15
500106012,13,2,11,2024-12-19 12:34:14
500107072,13,2,11,2024-12-19 10:12:15
500108030,13,2,11,2024-12-19 09:54:15
500108168,13,1,11,2024-12-19 11:48:15
500108168,13,1,11,2024-12-19 10:26:14
500109044,13,2,11,2024-12-19 09:08:15
500110009,13,2,11,2024-12-19 12:18:15
500110054,13,0,11,2024-12-19 09:05:16
500101223,13,1,12,2024-12-19 11:57:16
500107072,13,1,12,2024-12-19 09:47:15
500107072,13,1,12,2024-12-19 11:47:16
500107072,13,1,12,2024-12-19 10:03:15
500108168,13,0,12,2024-12-19 09:56:15
500101134,13,0,13,2024-12-19 12:48:15
500101134,13,0,13,2024-12-19 09:37:15
500101134,13,0,13,2024-12-19 10:08:16
500107072,13,0,13,2024-12-19 08:48:15
500101223,13,9,0,2024-12-19 19:37:16
500107053,13,13,0,2024-12-19 20:07:16
500103066,13,11,2,2024-12-19 19:19:15
500104114,13,11,2,2024-12-19 18:50:16
500104114,13,10,3,2024-12-19 18:28:16
500106103,13,9,3,2024-12-19 19:18:15
500104078,13,9,4,2024-12-19 18:38:16
500106012,13,9,4,2024-12-19 20:03:15
500109044,13,9,4,2024-12-19 19:05:16
500112098,13,9,4,2024-12-19 18:11:16
500101134,13,8,5,2024-12-19 20:08:14
500104052,13,5,5,2024-12-19 18:46:15
500104119,13,7,5,2024-12-19 17:28:15
500110054,13,6,5,2024-12-19 21:08:15
500101223,13,4,6,2024-12-19 20:26:16
500104052,13,4,6,2024-12-19 18:33:16
500104114,13,7,6,2024-12-19 17:22:16
500104119,13,6,6,2024-12-19 18:54:15
500106103,13,6,6,2024-12-19 17:38:16
500107053,13,7,6,2024-12-19 20:38:16
500107053,13,7,6,2024-12-19 19:04:15
500112098,13,7,6,2024-12-19 17:14:16
500101223,13,3,7,2024-12-19 19:49:15
500101223,13,3,7,2024-12-19 21:09:16
500104119,13,5,7,2024-12-19 19:06:16
500110058,13,6,7,2024-12-19 19:58:15
500103032,13,5,8,2024-12-19 19:22:16
500106103,13,4,8,2024-12-19 17:58:16
500106103,13,4,8,2024-12-19 18:33:16
500107072,13,5,8,2024-12-19 18:27:15
500109044,13,5,8,2024-12-19 19:32:15
500101134,13,4,9,2024-12-19 19:07:15
500105067,13,4,9,2024-12-19 18:58:16
500105095,13,4,9,2024-12-19 18:14:15
500109044,13,4,9,2024-12-19 17:13:15
500103032,13,3,10,2024-12-19 20:37:15
500108108,13,2,10,2024-12-19 19:35:18
500108166,13,3,10,2024-12-19 19:53:15
500109040,13,2,10,2024-12-19 18:20:17
500110058,13,3,10,2024-12-19 21:14:15
500104119,13,1,11,2024-12-19 18:17:15
500108168,13,1,11,2024-12-19 19:40:15
500108168,13,1,11,2024-12-19 18:47:16
500110009,13,2,11,2024-12-19 20:00:20
500105040,13,0,13,2024-12-19 17:37:16
500109044,13,0,13,2024-12-19 20:25:16
500110009,13,0,13,2024-12-19 19:04:15
500107053,13,13,0,2024-12-19 17:04:16
500108108,13,11,1,2024-12-19 14:21:16
500103066,13,10,3,2024-12-19 16:13:15
500104114,13,8,5,2024-12-19 14:23:15
500106103,13,7,5,2024-12-19 16:45:17
500104114,13,7,6,2024-12-19 16:49:15
500105067,13,7,6,2024-12-19 15:37:16
500106103,13,6,6,2024-12-19 16:31:15
500106103,13,6,6,2024-12-19 17:04:15
500109044,13,7,6,2024-12-19 17:03:16
500110009,13,7,6,2024-12-19 15:25:15
500110058,13,7,6,2024-12-19 16:46:15
500105095,13,6,7,2024-12-19 15:26:15
500101134,13,5,8,2024-12-19 14:54:15
500105040,13,5,8,2024-12-19 16:28:14
500105040,13,5,8,2024-12-19 17:05:17
500110058,13,5,8,2024-12-19 17:05:17
500101134,13,2,11,2024-12-19 13:44:15
500101134,13,2,11,2024-12-19 15:28:15
500101134,13,2,11,2024-12-19 14:07:16
500104078,13,2,11,2024-12-19 15:39:15
500108168,13,1,11,2024-12-19 14:51:15
500109040,13,1,11,2024-12-19 15:50:16
500107072,13,1,12,2024-12-19 15:33:15
500107072,13,1,12,2024-12-19 14:32:15
500109044,13,1,12,2024-12-19 15:04:15
500107072,13,0,13,2024-12-19 13:38:16
500107072,13,0,13,2024-12-19 13:40:18
500110009,13,0,13,2024-12-19 21:49:15
500110058,13,2,11,2024-12-19 21:49:15
500101134,13,12,1,2024-12-19 06:44:15
500108138,13,12,1,2024-12-19 07:47:15
500109040,13,12,1,2024-12-19 08:37:16
500101134,13,11,2,2024-12-19 06:56:16
500105067,13,11,2,2024-12-19 07:42:15
500101223,13,9,4,2024-12-19 08:00:17
500105067,13,9,4,2024-12-19 06:03:15
500108030,13,9,4,2024-12-19 06:54:15
500108030,13,9,4,2024-12-19 07:27:15
500105040,13,8,5,2024-12-19 07:23:14
500105067,13,8,5,2024-12-19 08:52:15
500103032,13,7,6,2024-12-19 07:20:16
500104114,13,7,6,2024-12-19 06:43:15
500105040,13,7,6,2024-12-19 08:02:15
500105095,13,7,6,2024-12-19 08:12:15
500108030,13,7,6,2024-12-19 07:47:15
500109040,13,7,6,2024-12-19 06:12:15
500101223,13,6,7,2024-12-19 08:16:15
500105095,13,6,7,2024-12-19 08:34:15
500105095,13,6,7,2024-12-19 07:46:15
500109040,13,6,7,2024-12-19 06:31:14
500103066,13,2,8,2024-12-19 07:47:15
500104078,13,4,9,2024-12-19 07:43:15
500105041,13,4,9,2024-12-19 07:52:15
500108138,13,4,9,2024-12-19 07:15:17
500101134,13,3,10,2024-12-19 05:05:16
500106046,13,3,10,2024-12-19 08:27:16
500108166,13,3,10,2024-12-19 08:54:15
500110054,13,1,10,2024-12-19 06:47:16
500110054,13,1,10,2024-12-19 06:24:15
500101223,13,2,11,2024-12-19 08:35:16
500105040,13,2,11,2024-12-19 06:46:15
500105040,13,2,11,2024-12-19 06:54:16
500106046,13,2,11,2024-12-19 08:51:15
500106103,13,1,11,2024-12-19 07:22:15
500106103,13,1,11,2024-12-19 07:36:14
500110054,13,0,11,2024-12-19 07:00:18
500101223,13,1,12,2024-12-19 08:43:15
500106103,13,0,12,2024-12-19 08:43:15
500107072,13,1,12,2024-12-19 06:36:14
500108168,13,0,12,2024-12-19 07:27:15
500101134,13,0,13,2024-12-19 08:47:15
500107053,13,0,13,2024-12-19 08:25:16
500109044,13,0,13,2024-12-19 08:47:15
500108168,13,0,12,2024-12-19 00:18:14
500101223,13,6,3,2024-12-19 00:25:16
500108168,13,0,12,2024-12-19 00:20:17
500106012,13,9,4,2024-12-19 23:14:15
500108168,13,1,11,2024-12-19 00:45:17
500107072,13,3,10,2024-12-19 00:46:15
500105041,13,3,10,2024-12-19 21:37:15
500110054,13,4,7,2024-12-19 23:14:15
500108168,13,5,7,2024-12-19 22:47:14
500105067,13,8,5,2024-12-19 22:56:15
500103066,13,13,0,2024-12-19 22:58:15
500101223,13,2,8,2024-12-19 22:38:14
500105056,13,2,11,2024-12-19 22:10:19
500106046,13,2,11,2024-12-19 22:28:15
500103066,13,12,1,2024-12-19 22:22:17
500101223,13,2,8,2024-12-19 21:39:16
500103032,13,2,11,2024-12-19 20:48:15
500110054,13,4,7,2024-12-19 21:39:15
500106103,13,2,10,2024-12-19 02:50:16
500105067,13,9,4,2024-12-19 01:49:15
500101223,13,3,7,2024-12-19 22:05:15
500105067,13,7,6,2024-12-19 22:09:15
500104114,13,9,4,2024-12-19 21:57:15
500103066,13,13,0,2024-12-19 22:04:15
500110009,13,1,12,2024-12-19 21:58:15
500106046,13,4,9,2024-12-19 21:56:15
500110009,13,1,12,2024-12-19 23:43:14
500109040,13,2,10,2024-12-19 23:37:14
500105067,13,9,4,2024-12-19 23:51:15
500107072,13,4,9,2024-12-19 01:32:14
500106012,13,8,5,2024-12-19 22:47:15
500101223,13,3,7,2024-12-19 22:51:15
500104114,13,8,5,2024-12-19 23:06:15
500106103,13,6,6,2024-12-19 22:24:15
500101134,13,0,13,2024-12-19 22:59:14
500108108,13,12,0,2024-12-19 08:30:20
500109040,13,13,0,2024-12-19 08:44:17
500109040,13,12,0,2024-12-19 11:28:16
500110058,13,11,2,2024-12-19 11:05:17
500106046,13,10,3,2024-12-19 09:56:16
500107053,13,10,3,2024-12-19 12:22:16
500108108,13,9,3,2024-12-19 10:06:15
500110058,13,10,3,2024-12-19 11:16:15
500105056,13,9,4,2024-12-19 12:48:14
500105056,13,9,4,2024-12-19 08:53:15
500110058,13,9,4,2024-12-19 11:27:15
500106046,13,7,5,2024-12-19 10:23:16
500110058,13,8,5,2024-12-19 10:17:16
500108030,13,7,6,2024-12-19 08:53:15
500110054,13,5,6,2024-12-19 11:59:15
500104052,13,4,7,2024-12-19 09:00:18
500105067,13,6,7,2024-12-19 13:01:15
500106012,13,5,7,2024-12-19 09:23:15
500110054,13,4,7,2024-12-19 11:18:15
500110058,13,6,7,2024-12-19 12:33:15
500110058,13,6,7,2024-12-19 09:55:16
500104119,13,4,8,2024-12-19 12:43:15
500107053,13,5,8,2024-12-19 11:18:16
500112098,13,5,8,2024-12-19 12:40:17
500104114,13,4,9,2024-12-19 09:24:15
500106012,13,4,9,2024-12-19 12:49:15
500110054,13,2,9,2024-12-19 11:34:15
500110058,13,4,9,2024-12-19 12:18:15
500105046,13,3,10,2024-12-19 09:16:15
500106012,13,3,10,2024-12-19 11:14:15
500110009,13,3,10,2024-12-19 11:05:17
500101223,13,2,11,2024-12-19 10:03:15
500105046,13,2,11,2024-12-19 09:43:15
500106103,13,1,11,2024-12-19 09:04:16
500106103,13,1,11,2024-12-19 09:40:19
500108168,13,1,11,2024-12-19 09:09:16
500110009,13,2,11,2024-12-19 09:24:15
500101134,13,1,12,2024-12-19 09:27:15
500101134,13,1,12,2024-12-19 12:19:16
500104119,13,0,12,2024-12-19 08:55:16
500107072,13,1,12,2024-12-19 09:20:16
500101134,13,0,13,2024-12-19 10:58:16
500107072,13,0,13,2024-12-19 11:37:15
500101134,13,13,0,2024-12-19 19:19:14
500108030,13,13,0,2024-12-19 17:55:17
500103066,13,12,1,2024-12-19 20:29:15
500101134,13,11,2,2024-12-19 20:12:15
500107053,13,11,2,2024-12-19 19:41:16
500101134,13,10,3,2024-12-19 19:34:15
500107053,13,10,3,2024-12-19 19:59:16
500109044,13,10,3,2024-12-19 19:19:15
500110058,13,10,3,2024-12-19 17:46:15
500101223,13,5,4,2024-12-19 19:29:15
500108138,13,9,4,2024-12-19 17:43:16
500105095,13,8,5,2024-12-19 18:58:15
500106012,13,8,5,2024-12-19 18:07:16
500107053,13,8,5,2024-12-19 18:08:16
500110009,13,8,5,2024-12-19 17:38:15
500110054,13,6,5,2024-12-19 19:59:16
500110058,13,8,5,2024-12-19 19:18:15
500110058,13,8,5,2024-12-19 19:28:15
500101134,13,7,6,2024-12-19 21:09:16
500101134,13,7,6,2024-12-19 21:20:16
500110058,13,7,6,2024-12-19 20:46:16
500101134,13,6,7,2024-12-19 20:39:15
500101134,13,6,7,2024-12-19 17:48:15
500105095,13,6,7,2024-12-19 19:00:18
500106012,13,6,7,2024-12-19 18:16:16
500107072,13,6,7,2024-12-19 20:28:15
500110009,13,6,7,2024-12-19 18:18:16
500107053,13,5,8,2024-12-19 18:32:16
500108168,13,4,8,2024-12-19 21:20:16
500104119,13,3,9,2024-12-19 18:23:16
500105067,13,4,9,2024-12-19 18:16:16
500105056,13,3,10,2024-12-19 19:50:16
500106046,13,3,10,2024-12-19 20:14:15
500105056,13,2,11,2024-12-19 20:30:17
500110009,13,2,11,2024-12-19 19:58:15
500105056,13,1,12,2024-12-19 17:27:16
500105056,13,1,12,2024-12-19 17:47:16
500105056,13,1,12,2024-12-19 19:05:16
500105067,13,1,12,2024-12-19 20:37:15
500106046,13,1,12,2024-12-19 20:58:14
500108030,13,1,12,2024-12-19 18:55:17
500108030,13,0,13,2024-12-19 18:47:16
500109044,13,0,13,2024-12-19 21:04:16
500108108,13,12,0,2024-12-19 14:16:16
500105095,13,10,3,2024-12-19 16:32:15
500103066,13,9,4,2024-12-19 15:45:16
500108166,13,9,4,2024-12-19 16:09:16
500106046,13,7,5,2024-12-19 15:46:16
500104052,13,4,6,2024-12-19 16:43:15
500103032,13,6,7,2024-12-19 15:11:15
500103066,13,6,7,2024-12-19 14:32:14
500105095,13,6,7,2024-12-19 14:55:16
500105046,13,5,8,2024-12-19 17:17:16
500108168,13,4,8,2024-12-19 13:17:15
500110009,13,5,8,2024-12-19 16:18:16
500110054,13,4,8,2024-12-19 15:17:16
500110058,13,5,8,2024-12-19 14:13:15
500105095,13,4,9,2024-12-19 16:52:15
500108168,13,1,11,2024-12-19 16:45:17
500109040,13,1,11,2024-12-19 16:44:15
500109044,13,2,11,2024-12-19 15:44:15
500107072,13,1,12,2024-12-19 17:18:16
500108168,13,0,12,2024-12-19 16:57:16
500108168,13,0,12,2024-12-19 14:37:15
500105056,13,11,2,2024-12-19 08:03:15
500110054,13,9,2,2024-12-19 05:06:15
500108030,13,9,4,2024-12-19 08:29:16
500110058,13,8,5,2024-12-19 08:57:15
500104119,13,4,6,2024-12-19 06:35:14
500105095,13,7,6,2024-12-19 05:39:15
500106046,13,7,6,2024-12-19 07:20:16
500107004,13,7,6,2024-12-19 08:06:16
500107053,13,7,6,2024-12-19 06:42:15
500105041,13,6,7,2024-12-19 07:22:15
500105041,13,5,8,2024-12-19 07:16:15
500108166,13,5,8,2024-12-19 07:40:16
500108168,13,4,8,2024-12-19 08:00:17
500103032,13,4,9,2024-12-19 08:15:16
500103066,13,1,9,2024-12-19 06:42:15
500103066,13,1,9,2024-12-19 06:56:15
500105046,13,4,9,2024-12-19 07:34:15
500103066,13,0,10,2024-12-19 07:05:15
500104078,13,3,10,2024-12-19 08:43:15
500105041,13,3,10,2024-12-19 08:11:16
500108138,13,3,10,2024-12-19 07:20:16
500110058,13,3,10,2024-12-19 06:14:15
500101134,13,2,11,2024-12-19 07:36:14
500109044,13,2,11,2024-12-19 07:35:16
500101223,13,1,12,2024-12-19 08:57:15
500106046,13,1,12,2024-12-19 08:45:16
500110009,13,1,12,2024-12-19 06:46:15
500107053,13,0,13,2024-12-19 07:26:15
500101134,13,1,12,2024-12-19 00:17:15
500104114,13,4,8,2024-12-19 00:13:15
500106012,13,10,2,2024-12-19 00:14:14
500106103,13,1,11,2024-12-19 00:14:14
500109040,13,10,3,2024-12-19 00:08:15
500106103,13,5,7,2024-12-19 23:48:14
500107053,13,11,2,2024-12-19 00:18:14
500103032,13,1,12,2024-12-19 23:22:15
500101223,13,5,5,2024-12-19 23:24:15
500105095,13,8,5,2024-12-19 01:04:14
500109040,13,8,5,2024-12-19 01:04:14
500104119,13,5,7,2024-12-19 22:37:15
500108168,13,8,4,2024-12-19 22:37:17
500106012,13,9,4,2024-12-19 22:26:15
500107072,13,11,2,2024-12-19 22:35:16
500106012,13,13,0,2024-12-19 21:38:15
500107053,13,12,1,2024-12-19 01:34:15
500104052,13,9,2,2024-12-19 03:17:15
500108168,13,0,12,2024-12-19 22:00:20
500108030,13,10,3,2024-12-19 00:25:16
500112098,13,3,10,2024-12-19 22:59:15
500110009,13,0,13,2024-12-19 22:19:15
500107072,13,10,3,2024-12-19 22:18:15
500104114,13,13,0,2024-12-19 12:54:15
500108166,13,13,0,2024-12-19 09:24:15
500103066,13,12,1,2024-12-19 09:37:16
500103066,13,12,1,2024-12-19 10:36:14
500104114,13,12,1,2024-12-19 11:51:16
500104078,13,11,2,2024-12-19 13:01:15
500104114,13,9,4,2024-12-19 09:43:15
500104114,13,9,4,2024-12-19 10:13:15
500105095,13,9,4,2024-12-19 11:01:17
500106012,13,9,4,2024-12-19 12:05:16
500106046,13,8,4,2024-12-19 11:16:15
500108138,13,9,4,2024-12-19 09:19:15
500108166,13,9,4,2024-12-19 11:58:16
500109040,13,8,4,2024-12-19 12:03:15
500109040,13,8,4,2024-12-19 10:03:15
500108166,13,8,5,2024-12-19 11:41:14
500103066,13,7,6,2024-12-19 11:58:16
500105095,13,7,6,2024-12-19 10:20:16
500108138,13,7,6,2024-12-19 12:34:14
500109040,13,6,6,2024-12-19 12:30:16
500104078,13,6,7,2024-12-19 10:18:15
500105095,13,6,7,2024-12-19 12:59:16
500108030,13,6,7,2024-12-19 09:08:15
500108166,13,6,7,2024-12-19 12:17:16
500108168,13,5,7,2024-12-19 12:39:15
500110058,13,6,7,2024-12-19 09:37:15
500106103,13,4,8,2024-12-19 12:04:16
500107053,13,5,8,2024-12-19 10:03:15
500108030,13,5,8,2024-12-19 11:24:15
500108030,13,5,8,2024-12-19 10:57:15
500108166,13,5,8,2024-12-19 10:49:16
500110009,13,5,8,2024-12-19 12:56:15
500105040,13,4,9,2024-12-19 08:46:15
500108166,13,4,9,2024-12-19 09:54:15
500108168,13,3,9,2024-12-19 09:46:15
500110054,13,2,9,2024-12-19 10:28:15
500106012,13,3,10,2024-12-19 12:39:14
500106012,13,2,10,2024-12-19 09:53:15
500110009,13,3,10,2024-12-19 09:07:15
500101134,13,2,11,2024-12-19 11:35:17
500103032,13,2,11,2024-12-19 10:44:16
500110009,13,2,11,2024-12-19 09:54:15
500101134,13,1,12,2024-12-19 12:37:15
500101134,13,1,12,2024-12-19 12:58:15
500106012,13,1,12,2024-12-19 11:41:15
500107072,13,1,12,2024-12-19 12:38:14
500108168,13,0,12,2024-12-19 09:34:16
500108168,13,0,12,2024-12-19 11:15:17
500112098,13,1,12,2024-12-19 09:22:15
500101134,13,0,13,2024-12-19 09:47:15
500103032,13,0,13,2024-12-19 09:27:15
500107072,13,0,13,2024-12-19 10:38:15
500101223,13,13,0,2024-12-19 18:29:16
500103066,13,13,0,2024-12-19 20:39:16
500106012,13,13,0,2024-12-19 21:04:16
500110009,13,13,0,2024-12-19 17:27:16
500108030,13,12,1,2024-12-19 17:28:15
500105067,13,11,2,2024-12-19 17:24:16
500106012,13,11,2,2024-12-19 20:34:15
500107053,13,10,3,2024-12-19 19:26:15
500108108,13,10,3,2024-12-19 19:06:16
500110054,13,8,3,2024-12-19 21:12:15
500105095,13,9,4,2024-12-19 21:19:15
500108166,13,9,4,2024-12-19 17:59:15
500106103,13,7,5,2024-12-19 19:28:15
500104078,13,7,6,2024-12-19 17:31:14
500104114,13,7,6,2024-12-19 21:15:16
500110058,13,7,6,2024-12-19 20:35:16
500101223,13,4,7,2024-12-19 18:58:16
500107053,13,6,7,2024-12-19 18:25:17
500107072,13,5,8,2024-12-19 19:05:16
500108030,13,5,8,2024-12-19 20:49:15
500108168,13,4,8,2024-12-19 18:08:16
500103032,13,4,9,2024-12-19 17:57:15
500103032,13,4,9,2024-12-19 18:17:15
500104114,13,4,9,2024-12-19 19:59:16
500108030,13,4,9,2024-12-19 20:12:15
500108166,13,4,9,2024-12-19 18:37:15
500110054,13,3,9,2024-12-19 18:28:16
500105041,13,3,10,2024-12-19 17:58:16
500105056,13,2,11,2024-12-19 19:23:15
500105095,13,2,11,2024-12-19 17:16:16
500108168,13,1,11,2024-12-19 18:36:16
500109044,13,2,11,2024-12-19 21:19:16
500105040,13,1,12,2024-12-19 18:53:15
500105056,13,1,12,2024-12-19 18:18:15
500106046,13,1,12,2024-12-19 21:18:15
500106046,13,0,13,2024-12-19 21:06:15
500110009,13,0,13,2024-12-19 18:58:16
500110009,13,13,0,2024-12-19 17:09:16
500101223,13,10,3,2024-12-19 16:35:15
500110009,13,10,3,2024-12-19 16:58:15
500105095,13,9,4,2024-12-19 16:28:15
500108166,13,8,5,2024-12-19 16:42:15
500106012,13,7,6,2024-12-19 16:57:16
500106046,13,6,6,2024-12-19 14:40:15
500106103,13,6,6,2024-12-19 17:10:17
500110058,13,7,6,2024-12-19 15:13:16
500106046,13,5,7,2024-12-19 14:54:15
500106103,13,5,7,2024-12-19 15:37:16
500103032,13,5,8,2024-12-19 14:57:15
500105046,13,5,8,2024-12-19 15:47:15
500105046,13,5,8,2024-12-19 13:31:16
500106103,13,4,8,2024-12-19 16:15:16
500103032,13,4,9,2024-12-19 14:05:16
500110054,13,3,9,2024-12-19 16:46:14
500104078,13,3,10,2024-12-19 15:57:15
500108168,13,2,10,2024-12-19 15:45:16
500101134,13,2,11,2024-12-19 14:28:15
500101134,13,1,12,2024-12-19 13:38:16
500105041,13,1,12,2024-12-19 16:22:16
500106046,13,3,10,2024-12-19 21:48:15
500106012,13,11,1,2024-12-19 08:22:14
500104119,13,9,3,2024-12-19 07:26:15
500106046,13,10,3,2024-12-19 08:03:15
500105056,13,9,4,2024-12-19 08:19:15
500106046,13,9,4,2024-12-19 07:37:15
500110054,13,7,4,2024-12-19 05:33:15
500101223,13,8,5,2024-12-19 07:55:17
500106046,13,8,5,2024-12-19 07:45:15
500108166,13,7,6,2024-12-19 07:58:15
500112098,13,7,6,2024-12-19 08:24:14
500108166,13,6,7,2024-12-19 07:53:16
500112098,13,5,7,2024-12-19 07:27:15
500103066,13,2,8,2024-12-19 07:34:15
500104114,13,5,8,2024-12-19 08:55:16
500107053,13,5,8,2024-12-19 08:53:15
500112098,13,4,8,2024-12-19 07:32:15
500110058,13,4,9,2024-12-19 08:02:15
500110009,13,3,10,2024-12-19 07:37:15
500104119,13,1,11,2024-12-19 08:25:16
500106103,13,1,11,2024-12-19 08:55:16
500101134,13,1,12,2024-12-19 08:03:15
500106103,13,0,12,2024-12-19 07:52:15
500109044,13,1,12,2024-12-19 07:54:16
500105040,13,0,13,2024-12-19 05:37:15
500107072,13,0,13,2024-12-19 08:16:15
500107072,13,0,13,2024-12-19 08:46:15
500107072,13,0,13,2024-12-19 07:47:15
500110009,13,0,13,2024-12-19 08:03:14
500103066,13,9,1,2024-12-19 00:25:17
500104078,13,5,8,2024-12-19 00:39:15
500104078,13,4,9,2024-12-19 00:18:14
500108108,13,4,8,2024-12-19 21:48:16
500105056,13,9,4,2024-12-19 23:24:15
500105040,13,1,12,2024-12-19 23:40:15
500104078,13,7,6,2024-12-19 23:53:15
500105040,13,1,12,2024-12-19 20:41:15
500107072,13,12,1,2024-12-19 22:57:15
500104078,13,2,11,2024-12-19 21:39:15
500108108,13,3,9,2024-12-19 21:16:15
500104052,13,5,5,2024-12-19 21:15:16
500107072,13,5,8,2024-12-19 03:58:15
500101134,13,3,10,2024-12-19 23:56:14
500108108,13,4,8,2024-12-19 04:32:14
500106046,13,13,0,2024-12-19 10:03:17
500103066,13,12,1,2024-12-19 09:03:14
500103066,13,12,1,2024-12-19 09:27:15
500106046,13,11,1,2024-12-19 11:56:16
500108108,13,10,2,2024-12-19 09:49:15
500110058,13,11,2,2024-12-19 09:06:15
500103066,13,10,3,2024-12-19 11:29:15
500108138,13,10,3,2024-12-19 08:56:16
500109040,13,9,3,2024-12-19 11:47:15
500104114,13,8,5,2024-12-19 10:24:15
500104114,13,8,5,2024-12-19 11:28:16
500105056,13,8,5,2024-12-19 12:16:15
500105056,13,8,5,2024-12-19 09:47:15
500105095,13,8,5,2024-12-19 10:02:14
500105095,13,7,6,2024-12-19 12:06:16
500108030,13,7,6,2024-12-19 12:05:17
500104119,13,5,7,2024-12-19 11:40:17
500106012,13,5,7,2024-12-19 09:42:15
500110058,13,6,7,2024-12-19 11:52:15
500106012,13,4,8,2024-12-19 10:07:16
500106046,13,4,8,2024-12-19 12:39:15
500108030,13,5,8,2024-12-19 09:25:16
500108166,13,5,8,2024-12-19 12:48:14
500108168,13,4,8,2024-12-19 12:33:15
500110058,13,5,8,2024-12-19 09:25:16
500101134,13,3,10,2024-12-19 10:38:15
500101223,13,3,10,2024-12-19 10:21:15
500106012,13,3,10,2024-12-19 10:59:15
500112098,13,3,10,2024-12-19 09:08:15
500101223,13,2,11,2024-12-19 12:35:15
500101223,13,2,11,2024-12-19 11:01:16
500103032,13,2,11,2024-12-19 09:55:16
500107072,13,2,11,2024-12-19 10:47:16
500108168,13,1,11,2024-12-19 09:07:15
500108168,13,1,11,2024-12-19 11:05:17
500110009,13,2,11,2024-12-19 09:37:15
500101134,13,1,12,2024-12-19 11:53:15
500103032,13,1,12,2024-12-19 10:54:15
500107072,13,1,12,2024-12-19 10:21:15
500103032,13,0,13,2024-12-19 12:04:15
500107072,13,0,13,2024-12-19 09:33:15
500106012,13,13,0,2024-12-19 20:48:15
500106046,13,12,0,2024-12-19 17:48:15
500101223,13,10,1,2024-12-19 19:07:15
500112098,13,10,3,2024-12-19 19:35:16
500101223,13,6,4,2024-12-19 20:35:16
500106103,13,8,4,2024-12-19 19:03:15
500107053,13,9,4,2024-12-19 21:10:16
500112098,13,9,4,2024-12-19 19:19:15
500101134,13,8,5,2024-12-19 20:46:16
500104052,13,5,5,2024-12-19 17:47:16
500104119,13,7,5,2024-12-19 20:11:16
500106012,13,8,5,2024-12-19 17:48:15
500106103,13,7,5,2024-12-19 20:36:15
500109044,13,8,5,2024-12-19 18:53:15
500101223,13,4,6,2024-12-19 19:53:14
500108138,13,7,6,2024-12-19 18:17:15
500110058,13,7,6,2024-12-19 18:35:16
500112098,13,7,6,2024-12-19 18:52:15
500107072,13,6,7,2024-12-19 18:34:15
500107072,13,6,7,2024-12-19 18:47:16
500108138,13,6,7,2024-12-19 19:47:15
500108166,13,6,7,2024-12-19 18:08:16
500110058,13,6,7,2024-12-19 19:40:15
500101134,13,5,8,2024-12-19 21:19:16
500106046,13,5,8,2024-12-19 19:58:15
500108168,13,4,8,2024-12-19 17:21:15
500103032,13,4,9,2024-12-19 19:36:15
500104078,13,4,9,2024-12-19 20:34:15
500104114,13,4,9,2024-12-19 19:37:16
500105067,13,4,9,2024-12-19 21:18:15
500106046,13,4,9,2024-12-19 18:25:17
500110009,13,4,9,2024-12-19 19:33:15
500110054,13,3,9,2024-12-19 17:38:16
500101134,13,3,10,2024-12-19 18:47:16
500104078,13,3,10,2024-12-19 20:57:16
500105041,13,3,10,2024-12-19 19:29:15
500108030,13,3,10,2024-12-19 19:54:15
500109040,13,2,10,2024-12-19 17:47:16
500110054,13,2,10,2024-12-19 18:15:17
500101134,13,2,11,2024-12-19 17:59:15
500101134,13,2,11,2024-12-19 18:38:16
500105041,13,2,11,2024-12-19 17:16:16
500105067,13,2,11,2024-12-19 20:19:15
500105067,13,2,11,2024-12-19 21:04:15
500107072,13,2,11,2024-12-19 18:09:15
500108030,13,2,11,2024-12-19 19:46:15
500108108,13,1,11,2024-12-19 20:18:15
500108168,13,1,11,2024-12-19 18:11:16
500110009,13,2,11,2024-12-19 19:17:15
500110054,13,1,11,2024-12-19 18:07:16
500105056,13,0,13,2024-12-19 17:59:15
500108108,13,11,1,2024-12-19 13:34:15
500105067,13,11,2,2024-12-19 17:05:17
500105056,13,10,3,2024-12-19 15:48:15
500108030,13,10,3,2024-12-19 17:05:17
500104114,13,9,4,2024-12-19 15:13:15
500104119,13,8,4,2024-12-19 17:10:17
500101223,13,8,5,2024-12-19 15:26:15
500104052,13,5,5,2024-12-19 16:58:15
500101223,13,7,6,2024-12-19 14:22:15
500108138,13,7,6,2024-12-19 16:38:14
500110054,13,6,6,2024-12-19 13:38:16
500106046,13,5,7,2024-12-19 14:38:15
500109040,13,5,7,2024-12-19 14:41:15
500110009,13,6,7,2024-12-19 14:17:15
500103032,13,5,8,2024-12-19 16:15:16
500104078,13,5,8,2024-12-19 17:08:16
500104119,13,4,8,2024-12-19 15:03:15
500103032,13,4,9,2024-12-19 13:43:15
500106046,13,3,9,2024-12-19 16:55:17
500106012,13,3,10,2024-12-19 15:43:15
500108168,13,2,10,2024-12-19 16:37:15
500101134,13,2,11,2024-12-19 13:16:16
500103032,13,2,11,2024-12-19 13:18:15
500104078,13,2,11,2024-12-19 16:35:15
500101134,13,0,13,2024-12-19 16:35:16
500101134,13,0,13,2024-12-19 15:13:15
500107072,13,0,13,2024-12-19 15:01:18
500109044,13,0,13,2024-12-19 14:26:15
500101134,13,13,0,2024-12-19 06:03:16
500103066,13,13,0,2024-12-19 08:23:15
500106046,13,13,0,2024-12-19 08:16:15
500108166,13,13,0,2024-12-19 08:22:15
500109040,13,13,0,2024-12-19 08:14:16
500103066,13,12,1,2024-12-19 08:44:16
500104114,13,11,2,2024-12-19 08:25:16
500108108,13,10,2,2024-12-19 08:27:16
500108138,13,11,2,2024-12-19 08:00:17
500109040,13,11,2,2024-12-19 07:54:15
500108166,13,10,3,2024-12-19 08:14:16
500112098,13,8,4,2024-12-19 06:16:15
500103032,13,7,6,2024-12-19 07:02:15
500105040,13,7,6,2024-12-19 08:26:14
500105041,13,7,6,2024-12-19 07:31:16
500104114,13,6,7,2024-12-19 08:36:15
500105095,13,6,7,2024-12-19 07:16:14
500109044,13,6,7,2024-12-19 06:27:15
500110009,13,6,7,2024-12-19 06:53:15
500103032,13,5,8,2024-12-19 08:27:16
500103032,13,5,8,2024-12-19 07:46:15
500110054,13,3,8,2024-12-19 06:02:14
500112098,13,4,9,2024-12-19 08:48:15
500105041,13,3,10,2024-12-19 08:27:15
500108168,13,2,10,2024-12-19 08:27:16
500110058,13,3,10,2024-12-19 06:02:15
500108168,13,1,11,2024-12-19 06:46:15
500110009,13,2,11,2024-12-19 08:47:15
500110054,13,0,11,2024-12-19 06:33:16
500110054,13,0,11,2024-12-19 07:42:16
500108166,13,1,12,2024-12-19 08:47:15
500101134,13,0,13,2024-12-19 08:37:15
500110058,13,6,7,2024-12-19 23:25:16
500101223,13,7,2,2024-12-19 00:47:15
500106012,13,11,1,2024-12-19 00:31:14
500110009,13,1,12,2024-12-19 00:14:14
500110058,13,6,7,2024-12-19 23:49:15
500104114,13,7,6,2024-12-19 23:10:16
500108108,13,5,8,2024-12-19 00:58:14
500101223,13,8,1,2024-12-19 01:00:17
500106103,13,6,6,2024-12-19 22:34:14
500112098,13,3,10,2024-12-19 21:01:15
500104078,13,4,9,2024-12-19 22:39:15
500104114,13,9,4,2024-12-19 22:31:16
500107053,13,12,1,2024-12-19 22:02:16
500105046,13,2,11,2024-12-19 19:50:16
500108168,13,3,9,2024-12-19 21:30:16
500106012,13,8,4,2024-12-19 02:16:15
500105056,13,1,12,2024-12-19 22:08:15
500101134,13,2,11,2024-12-19 22:09:15
500104078,13,3,10,2024-12-19 21:45:15
500105095,13,12,1,2024-12-19 22:08:15
500107072,13,8,5,2024-12-19 21:59:15
500107072,13,6,7,2024-12-19 03:20:15
500101223,13,0,10,2024-12-19 22:17:15
500106046,13,2,11,2024-12-19 22:21:15
500110058,13,5,8,2024-12-19 22:20:15
500105040,13,2,11,2024-12-19 23:20:16
500105067,13,11,2,2024-12-19 09:03:14
500106046,13,10,2,2024-12-19 12:02:16
500104078,13,10,3,2024-12-19 12:46:15
500104078,13,9,4,2024-12-19 11:52:15
500104114,13,9,4,2024-12-19 10:47:16
500103066,13,8,5,2024-12-19 11:47:16
500104114,13,8,5,2024-12-19 09:59:16
500106046,13,8,5,2024-12-19 09:45:15
500101134,13,7,6,2024-12-19 11:28:16
500104052,13,5,6,2024-12-19 10:55:17
500106046,13,6,6,2024-12-19 11:26:15
500107053,13,6,7,2024-12-19 09:39:15
500107053,13,6,7,2024-12-19 10:40:15
500108138,13,6,7,2024-12-19 12:04:16
500108166,13,6,7,2024-12-19 11:18:16
500108168,13,4,8,2024-12-19 12:56:15
500110054,13,3,8,2024-12-19 11:43:15
500110058,13,5,8,2024-12-19 12:57:15
500105046,13,4,9,2024-12-19 08:36:15
500106012,13,4,9,2024-12-19 11:53:16
500106103,13,3,9,2024-12-19 10:48:15
500107053,13,4,9,2024-12-19 09:27:15
500108166,13,4,9,2024-12-19 09:05:16
500108168,13,3,9,2024-12-19 12:06:16
500105067,13,3,10,2024-12-19 09:47:15
500106012,13,2,10,2024-12-19 10:23:15
500106103,13,2,10,2024-12-19 09:19:15
500108166,13,3,10,2024-12-19 10:20:16
500110054,13,2,10,2024-12-19 12:38:14
500101134,13,2,11,2024-12-19 11:48:15
500101223,13,2,11,2024-12-19 12:08:15
500103032,13,2,11,2024-12-19 11:25:15
500106103,13,1,11,2024-12-19 10:27:16
500108168,13,1,11,2024-12-19 10:47:16
500112098,13,2,11,2024-12-19 09:04:15
500112098,13,2,11,2024-12-19 09:59:16
500101134,13,1,12,2024-12-19 12:07:16
500101223,13,1,12,2024-12-19 11:24:15
500103032,13,1,12,2024-12-19 11:52:15
500105041,13,1,12,2024-12-19 09:27:15
500106103,13,0,12,2024-12-19 09:57:15
500106103,13,0,12,2024-12-19 10:14:14
500101223,13,12,1,2024-12-19 18:17:15
500106012,13,12,1,2024-12-19 20:58:15
500108108,13,12,1,2024-12-19 19:16:15
500110054,13,9,2,2024-12-19 20:58:15
500101134,13,10,3,2024-12-19 19:49:15
500103066,13,10,3,2024-12-19 18:58:16
500106046,13,10,3,2024-12-19 17:58:16
500103066,13,9,4,2024-12-19 17:14:16
500103066,13,9,4,2024-12-19 18:28:15
500104114,13,9,4,2024-12-19 18:33:16
500104119,13,8,4,2024-12-19 17:47:16
500101223,13,5,5,2024-12-19 20:09:15
500104052,13,5,5,2024-12-19 17:16:16
500104078,13,8,5,2024-12-19 17:18:16
500106012,13,8,5,2024-12-19 17:26:15
500106103,13,7,5,2024-12-19 20:16:16
500110054,13,6,5,2024-12-19 19:46:15
500110058,13,8,5,2024-12-19 18:45:15
500104114,13,7,6,2024-12-19 20:39:16
500104119,13,6,6,2024-12-19 18:32:16
500106012,13,7,6,2024-12-19 17:53:15
500108108,13,7,6,2024-12-19 19:29:16
500108138,13,7,6,2024-12-19 19:38:15
500108166,13,7,6,2024-12-19 17:41:16
500110058,13,7,6,2024-12-19 20:18:15
500106046,13,6,7,2024-12-19 18:51:16
500107072,13,6,7,2024-12-19 20:48:15
500108030,13,6,7,2024-12-19 21:12:15
500106012,13,5,8,2024-12-19 18:36:16
500106103,13,4,8,2024-12-19 17:41:16
500101223,13,2,9,2024-12-19 18:48:16
500105041,13,4,9,2024-12-19 18:02:15
500105041,13,4,9,2024-12-19 19:17:15
500105067,13,4,9,2024-12-19 19:51:15
500106046,13,4,9,2024-12-19 20:05:16
500108168,13,3,9,2024-12-19 20:23:15
500109040,13,3,9,2024-12-19 17:56:15
500104114,13,3,10,2024-12-19 19:41:16
500105067,13,3,10,2024-12-19 19:09:15
500106012,13,3,10,2024-12-19 18:57:15
500109040,13,2,10,2024-12-19 20:28:15
500109040,13,2,10,2024-12-19 17:38:16
500109040,13,2,10,2024-12-19 19:49:15
500110009,13,3,10,2024-12-19 18:25:17
500112098,13,3,10,2024-12-19 20:29:14
500101134,13,2,11,2024-12-19 18:28:16
500104078,13,2,11,2024-12-19 19:31:15
500105056,13,2,11,2024-12-19 18:21:16
500105095,13,2,11,2024-12-19 17:58:15
500106046,13,2,11,2024-12-19 19:16:15
500107072,13,2,11,2024-12-19 17:28:15
500108166,13,2,11,2024-12-19 19:18:15
500109040,13,1,11,2024-12-19 19:50:16
500106046,13,1,12,2024-12-19 20:40:16
500109040,13,0,12,2024-12-19 17:22:16
500109044,13,1,12,2024-12-19 20:45:18
500110009,13,0,13,2024-12-19 18:47:16
500107053,13,11,2,2024-12-19 16:52:15
500108030,13,9,4,2024-12-19 16:46:15
500105095,13,8,5,2024-12-19 16:14:14
500107053,13,8,5,2024-12-19 16:28:15
500103066,13,7,6,2024-12-19 13:55:16
500105067,13,7,6,2024-12-19 13:40:16
500105067,13,7,6,2024-12-19 15:05:16
500107053,13,7,6,2024-12-19 15:59:15
500103066,13,6,7,2024-12-19 13:41:15
500103066,13,6,7,2024-12-19 14:58:15
500104114,13,6,7,2024-12-19 17:10:17
500106103,13,5,7,2024-12-19 15:46:16
500101223,13,5,8,2024-12-19 13:11:15
500105056,13,5,8,2024-12-19 16:54:16
500110009,13,5,8,2024-12-19 14:36:16
500110009,13,5,8,2024-12-19 14:04:14
500101134,13,4,9,2024-12-19 17:08:16
500103032,13,4,9,2024-12-19 17:04:15
500104119,13,3,9,2024-12-19 14:56:14
500105046,13,4,9,2024-12-19 15:31:15
500112098,13,4,9,2024-12-19 15:08:15
500103032,13,3,10,2024-12-19 13:23:15
500106046,13,2,10,2024-12-19 17:08:16
500109040,13,1,11,2024-12-19 17:17:15
500112098,13,2,11,2024-12-19 17:00:16
500101134,13,1,12,2024-12-19 15:58:16
500108168,13,1,11,2024-12-19 21:47:15
500107072,13,6,7,2024-12-19 21:48:16
500103066,13,11,2,2024-12-19 08:37:15
500106012,13,10,2,2024-12-19 08:36:15
500107053,13,11,2,2024-12-19 05:53:15
500105067,13,10,3,2024-12-19 08:36:15
500112098,13,9,3,2024-12-19 05:52:14
500104114,13,8,5,2024-12-19 08:15:16
500105067,13,8,5,2024-12-19 07:55:17
500105095,13,8,5,2024-12-19 07:35:16
500107053,13,8,5,2024-12-19 06:36:14
500112098,13,8,5,2024-12-19 07:47:15
500104052,13,5,6,2024-12-19 07:55:17
500105067,13,7,6,2024-12-19 07:17:14
500105095,13,7,6,2024-12-19 07:54:15
500103032,13,6,7,2024-12-19 06:42:15
500104114,13,6,7,2024-12-19 07:15:17
500104119,13,3,7,2024-12-19 06:49:15
500104119,13,5,7,2024-12-19 07:37:15
500105067,13,6,7,2024-12-19 06:55:16
500107053,13,6,7,2024-12-19 08:44:16
500105046,13,5,8,2024-12-19 07:00:16
500110058,13,5,8,2024-12-19 08:17:15
500110058,13,5,8,2024-12-19 06:35:15
500104078,13,4,9,2024-12-19 08:08:16
500104078,13,4,9,2024-12-19 08:30:16
500104114,13,4,9,2024-12-19 07:26:15
500110009,13,4,9,2024-12-19 07:17:14
500104078,13,3,10,2024-12-19 07:51:15
500110009,13,3,10,2024-12-19 07:24:15
500106103,13,1,11,2024-12-19 06:24:15
500107072,13,2,11,2024-12-19 07:57:15
500108168,13,1,11,2024-12-19 06:37:15
500110009,13,2,11,2024-12-19 07:46:15
500105040,13,1,12,2024-12-19 04:49:15
500106046,13,1,12,2024-12-19 06:31:15
500107053,13,1,12,2024-12-19 07:43:15
500101134,13,0,13,2024-12-19 07:56:15
500106046,13,0,13,2024-12-19 06:25:17
500107072,13,0,13,2024-12-19 08:37:15
500110009,13,0,13,2024-12-19 05:25:16
500101134,13,2,11,2024-12-19 00:04:16
500108168,13,3,9,2024-12-19 23:46:15
500103060,14,2,12,2024-12-19 23:38:15
500113085,14,5,7,2024-12-19 23:30:16
500107070,14,7,7,2024-12-19 23:48:14
500119085,14,5,9,2024-12-19 23:59:15
500103063,14,10,4,2024-12-19 23:39:14
500110057,14,4,6,2024-12-19 01:16:15
500104082,14,7,5,2024-12-19 01:09:14
500103063,14,7,7,2024-12-19 00:35:16
500107098,14,1,13,2024-12-19 22:32:15
500119085,14,1,13,2024-12-19 22:26:15
500111091,14,4,10,2024-12-19 22:36:15
500106094,14,13,1,2024-12-19 22:37:17
500101242,14,1,11,2024-12-19 21:38:15
500110050,14,2,12,2024-12-19 21:38:15
500104015,14,3,8,2024-12-19 21:36:15
500101015,14,3,11,2024-12-19 21:37:15
500109009,14,5,9,2024-12-19 21:31:15
500113083,14,5,9,2024-12-19 21:11:15
500104126,14,7,7,2024-12-19 21:34:15
500104103,14,10,4,2024-12-19 21:19:16
500104104,14,10,4,2024-12-19 21:33:16
500107070,14,11,3,2024-12-19 21:38:15
500106094,14,12,2,2024-12-19 21:13:16
500110057,14,7,3,2024-12-19 03:00:16
500105047,14,14,0,2024-12-19 01:29:15
500110057,14,10,0,2024-12-19 03:58:15
500103063,14,13,1,2024-12-19 03:34:15
500112093,14,1,13,2024-12-19 21:57:15
500119085,14,2,12,2024-12-19 22:07:15
500103063,14,8,6,2024-12-19 21:58:15
500113085,14,8,6,2024-12-19 22:09:15
500107044,14,9,4,2024-12-19 22:06:14
500107124,14,10,4,2024-12-19 22:05:16
500106125,14,4,4,2024-12-19 21:59:15
500106020,14,4,9,2024-12-19 21:58:14
500110057,14,8,4,2024-12-19 21:58:15
500107044,14,8,5,2024-12-19 21:40:15
500104104,14,11,3,2024-12-19 21:47:15
500107124,14,11,3,2024-12-19 21:56:15
500105015,14,4,10,2024-12-19 23:47:14
500107070,14,0,14,2024-12-19 00:48:15
500119085,14,2,12,2024-12-19 01:35:15
500113001,14,6,8,2024-12-19 02:11:15
500110057,14,3,9,2024-12-19 22:47:14
500108006,14,10,1,2024-12-19 22:46:15
500111080,14,11,3,2024-12-19 04:31:15
500101015,14,2,12,2024-12-19 23:02:14
500104104,14,7,7,2024-12-19 22:15:15
500113001,14,8,6,2024-12-19 22:14:15
500112002,14,13,1,2024-12-19 03:51:16
500105015,14,4,10,2024-12-19 22:23:14
500112002,14,4,10,2024-12-19 22:23:15
500104104,14,7,7,2024-12-19 22:26:15
500110057,14,5,7,2024-12-19 23:20:15
500103060,14,14,0,2024-12-19 10:28:16
500109078,14,14,0,2024-12-19 10:17:15
500110057,14,14,0,2024-12-19 09:23:15
500111091,14,14,0,2024-12-19 12:15:16
500119085,14,14,0,2024-12-19 10:16:15
500103033,14,13,1,2024-12-19 12:27:15
500108135,14,13,1,2024-12-19 11:51:16
500109078,14,13,1,2024-12-19 09:09:15
500103033,14,12,2,2024-12-19 11:57:16
500103033,14,11,3,2024-12-19 11:13:15
500103060,14,11,3,2024-12-19 09:34:15
500103060,14,11,3,2024-12-19 10:47:16
500113001,14,10,3,2024-12-19 08:54:15
500103033,14,10,4,2024-12-19 11:21:15
500105047,14,9,5,2024-12-19 11:57:16
500106094,14,9,5,2024-12-19 09:00:18
500107070,14,9,5,2024-12-19 11:34:15
500103070,14,8,6,2024-12-19 09:37:15
500105034,14,8,6,2024-12-19 11:03:16
500108152,14,8,6,2024-12-19 11:58:16
500105034,14,7,7,2024-12-19 09:01:15
500105091,14,6,7,2024-12-19 08:46:15
500106020,14,6,7,2024-12-19 09:32:15
500107098,14,7,7,2024-12-19 09:22:14
500112002,14,6,7,2024-12-19 11:35:17
500106094,14,6,8,2024-12-19 09:20:16
500107098,14,6,8,2024-12-19 10:42:14
500107124,14,6,8,2024-12-19 12:57:14
500107124,14,6,8,2024-12-19 10:23:15
500113085,14,6,8,2024-12-19 09:47:15
500105091,14,4,9,2024-12-19 09:08:15
500106125,14,5,9,2024-12-19 10:27:15
500107124,14,5,9,2024-12-19 09:25:16
500108152,14,5,9,2024-12-19 09:08:16
500110057,14,5,9,2024-12-19 10:41:15
500110085,14,4,9,2024-12-19 09:56:16
500112002,14,4,9,2024-12-19 11:09:15
500101158,14,4,10,2024-12-19 12:02:16
500104082,14,4,10,2024-12-19 12:46:15
500104116,14,4,10,2024-12-19 12:38:15
500104118,14,2,10,2024-12-19 08:56:16
500105047,14,4,10,2024-12-19 09:52:14
500110085,14,3,10,2024-12-19 12:17:16
500113055,14,4,10,2024-12-19 09:06:15
500101015,14,3,11,2024-12-19 12:41:15
500101158,14,3,11,2024-12-19 12:45:16
500103056,14,2,11,2024-12-19 09:35:16
500104067,14,2,11,2024-12-19 11:25:15
500104104,14,3,11,2024-12-19 09:03:14
500104126,14,3,11,2024-12-19 09:46:15
500106113,14,3,11,2024-12-19 10:12:15
500107044,14,2,11,2024-12-19 12:27:14
500107044,14,2,11,2024-12-19 10:38:15
500107124,14,3,11,2024-12-19 11:25:15
500108151,14,3,11,2024-12-19 10:44:16
500112002,14,2,11,2024-12-19 12:39:14
500113001,14,2,11,2024-12-19 12:26:15
500113055,14,3,11,2024-12-19 10:18:15
500103070,14,2,12,2024-12-19 12:18:15
500104082,14,2,12,2024-12-19 09:34:15
500104120,14,2,12,2024-12-19 10:34:14
500106125,14,2,12,2024-12-19 12:14:16
500107044,14,1,12,2024-12-19 11:46:14
500107107,14,2,12,2024-12-19 09:04:15
500107107,14,2,12,2024-12-19 11:37:15
500107107,14,2,12,2024-12-19 12:13:16
500107107,14,2,12,2024-12-19 10:46:14
500109009,14,2,12,2024-12-19 12:48:15
500103006,14,1,13,2024-12-19 12:26:15
500103063,14,1,13,2024-12-19 12:49:15
500104104,14,1,13,2024-12-19 09:31:15
500104120,14,1,13,2024-12-19 09:57:15
500104120,14,1,13,2024-12-19 10:25:15
500105015,14,1,13,2024-12-19 09:09:16
500105015,14,1,13,2024-12-19 10:55:16
500105073,14,1,13,2024-12-19 09:24:15
500106125,14,1,13,2024-12-19 12:46:15
500107044,14,0,13,2024-12-19 08:51:18
500109009,14,1,13,2024-12-19 11:18:15
500112002,14,0,13,2024-12-19 12:57:14
500113083,14,1,13,2024-12-19 10:43:15
500101122,14,0,14,2024-12-19 09:06:15
500101187,14,0,14,2024-12-19 12:21:16
500104082,14,0,14,2024-12-19 10:38:15
500105015,14,0,14,2024-12-19 12:38:14
500107107,14,0,14,2024-12-19 10:25:15
500108006,14,0,14,2024-12-19 08:16:15
500109009,14,0,14,2024-12-19 09:24:15
500112093,14,0,14,2024-12-19 09:08:16
500101158,14,14,0,2024-12-19 19:16:15
500104116,14,14,0,2024-12-19 17:53:16
500104116,14,14,0,2024-12-19 18:12:17
500106114,14,14,0,2024-12-19 18:14:16
500101158,14,13,1,2024-12-19 19:01:15
500101242,14,11,1,2024-12-19 20:53:15
500104033,14,13,1,2024-12-19 18:40:17
500106020,14,12,1,2024-12-19 18:48:16
500106094,14,13,1,2024-12-19 21:07:17
500106114,14,13,1,2024-12-19 19:48:15
500101122,14,12,2,2024-12-19 20:26:16
500103063,14,12,2,2024-12-19 17:52:15
500104033,14,12,2,2024-12-19 18:52:14
500106113,14,12,2,2024-12-19 18:08:16
500106113,14,12,2,2024-12-19 18:16:16
500108167,14,12,2,2024-12-19 18:29:16
500109078,14,11,2,2024-12-19 17:44:15
500101158,14,11,3,2024-12-19 17:27:16
500105091,14,11,3,2024-12-19 18:45:16
500107124,14,11,3,2024-12-19 18:08:16
500104103,14,10,4,2024-12-19 17:29:15
500104116,14,6,4,2024-12-19 20:41:15
500106020,14,9,4,2024-12-19 20:13:15
500107124,14,10,4,2024-12-19 19:24:15
500110050,14,10,4,2024-12-19 18:16:16
500111090,14,10,4,2024-12-19 17:37:16
500113001,14,10,4,2024-12-19 17:29:16
500113085,14,10,4,2024-12-19 20:19:15
500101187,14,9,5,2024-12-19 18:59:15
500104104,14,9,5,2024-12-19 18:22:16
500106114,14,9,5,2024-12-19 17:35:16
500112093,14,9,5,2024-12-19 18:08:16
500113085,14,9,5,2024-12-19 20:08:15
500103070,14,8,6,2024-12-19 19:33:15
500107124,14,8,6,2024-12-19 19:52:15
500107124,14,8,6,2024-12-19 18:34:15
500112093,14,8,6,2024-12-19 17:35:16
500104082,14,3,7,2024-12-19 21:02:15
500104082,14,5,7,2024-12-19 18:56:15
500106113,14,7,7,2024-12-19 20:59:15
500107044,14,6,7,2024-12-19 20:58:15
500107098,14,7,7,2024-12-19 18:28:16
500109078,14,6,7,2024-12-19 20:34:14
500111066,14,7,7,2024-12-19 17:47:16
500111066,14,7,7,2024-12-19 18:57:15
500112002,14,7,7,2024-12-19 19:41:16
500103022,14,6,8,2024-12-19 17:56:16
500104015,14,4,8,2024-12-19 18:34:15
500104126,14,6,8,2024-12-19 18:58:16
500105034,14,6,8,2024-12-19 18:23:16
500106113,14,6,8,2024-12-19 18:57:15
500106114,14,6,8,2024-12-19 17:23:15
500107044,14,5,8,2024-12-19 18:17:15
500110057,14,4,8,2024-12-19 21:18:15
500111080,14,6,8,2024-12-19 18:54:15
500103022,14,5,9,2024-12-19 18:25:17
500104104,14,5,9,2024-12-19 17:36:15
500104126,14,5,9,2024-12-19 20:38:15
500105015,14,5,9,2024-12-19 18:55:17
500105073,14,5,9,2024-12-19 17:37:16
500105091,14,4,9,2024-12-19 20:46:16
500106113,14,5,9,2024-12-19 19:24:15
500108006,14,3,9,2024-12-19 21:19:16
500110057,14,5,9,2024-12-19 18:45:16
500110085,14,4,9,2024-12-19 21:13:16
500112002,14,5,9,2024-12-19 20:29:15
500113083,14,5,9,2024-12-19 19:15:16
500103033,14,4,10,2024-12-19 19:58:15
500104120,14,4,10,2024-12-19 19:09:15
500104126,14,4,10,2024-12-19 17:56:15
500105047,14,4,10,2024-12-19 21:08:15
500109009,14,4,10,2024-12-19 17:18:16
500109009,14,4,10,2024-12-19 18:18:16
500109094,14,4,10,2024-12-19 17:48:15
500112093,14,4,10,2024-12-19 21:09:16
500101015,14,3,11,2024-12-19 17:48:15
500103022,14,3,11,2024-12-19 20:13:15
500110050,14,3,11,2024-12-19 18:46:15
500111091,14,3,11,2024-12-19 19:30:17
500112002,14,3,11,2024-12-19 20:58:15
500101015,14,2,12,2024-12-19 20:39:15
500105015,14,2,12,2024-12-19 21:12:15
500105054,14,2,12,2024-12-19 19:19:15
500105073,14,2,12,2024-12-19 19:10:17
500110057,14,2,12,2024-12-19 18:37:15
500111091,14,2,12,2024-12-19 20:20:16
500113083,14,2,12,2024-12-19 20:49:15
500103022,14,1,13,2024-12-19 19:19:15
500104104,14,1,13,2024-12-19 19:29:15
500105015,14,1,13,2024-12-19 19:02:16
500101015,14,0,14,2024-12-19 17:28:15
500101122,14,0,14,2024-12-19 18:18:16
500105047,14,0,14,2024-12-19 18:07:16
500105047,14,0,14,2024-12-19 18:36:16
500112002,14,0,14,2024-12-19 21:09:15
500113061,14,0,14,2024-12-19 18:04:16
500111091,14,14,0,2024-12-19 13:10:19
500107070,14,13,1,2024-12-19 13:57:15
500119085,14,13,1,2024-12-19 16:14:15
500107070,14,12,2,2024-12-19 15:14:15
500111066,14,11,3,2024-12-19 16:38:15
500110010,14,10,4,2024-12-19 14:40:15
500103063,14,9,5,2024-12-19 16:58:15
500108152,14,9,5,2024-12-19 16:57:16
500113085,14,9,5,2024-12-19 17:05:17
500106114,14,8,6,2024-12-19 15:54:15
500107124,14,8,6,2024-12-19 13:24:15
500110050,14,8,6,2024-12-19 17:18:16
500105047,14,7,7,2024-12-19 15:17:16
500106114,14,7,7,2024-12-19 16:29:15
500107070,14,7,7,2024-12-19 17:18:16
500109078,14,6,7,2024-12-19 13:56:15
500112093,14,7,7,2024-12-19 14:51:15
500112093,14,7,7,2024-12-19 14:14:15
500103063,14,6,8,2024-12-19 16:36:15
500113001,14,6,8,2024-12-19 16:56:15
500101158,14,5,9,2024-12-19 14:13:15
500103060,14,5,9,2024-12-19 15:18:15
500105034,14,5,9,2024-12-19 16:20:17
500113055,14,5,9,2024-12-19 13:16:15
500101015,14,4,10,2024-12-19 13:16:15
500103022,14,4,10,2024-12-19 16:34:16
500104120,14,4,10,2024-12-19 13:35:15
500112093,14,4,10,2024-12-19 16:45:17
500101158,14,3,11,2024-12-19 14:28:15
500103060,14,3,11,2024-12-19 16:10:16
500104104,14,3,11,2024-12-19 13:51:15
500106125,14,3,11,2024-12-19 16:32:15
500107044,14,2,11,2024-12-19 17:16:16
500109009,14,3,11,2024-12-19 15:24:15
500101187,14,2,12,2024-12-19 14:56:14
500103022,14,2,12,2024-12-19 16:04:15
500105091,14,1,12,2024-12-19 13:16:16
500106125,14,2,12,2024-12-19 15:57:15
500113083,14,2,12,2024-12-19 16:47:15
500101015,14,1,13,2024-12-19 16:20:17
500110057,14,1,13,2024-12-19 15:35:16
500103006,14,0,14,2024-12-19 15:07:15
500103070,14,0,14,2024-12-19 15:17:16
500103056,14,8,5,2024-12-19 21:47:15
500106113,14,12,2,2024-12-19 21:46:15
500107107,14,14,0,2024-12-19 07:45:16
500110010,14,14,0,2024-12-19 08:00:20
500111091,14,14,0,2024-12-19 08:14:16
500106094,14,13,1,2024-12-19 05:41:15
500110010,14,13,1,2024-12-19 07:16:14
500110010,14,13,1,2024-12-19 07:27:15
500112002,14,12,1,2024-12-19 07:17:14
500106094,14,12,2,2024-12-19 05:56:14
500107044,14,10,3,2024-12-19 05:49:15
500113055,14,11,3,2024-12-19 05:25:15
500101242,14,6,4,2024-12-19 06:40:16
500103033,14,10,4,2024-12-19 08:52:15
500106114,14,10,4,2024-12-19 07:11:15
500113001,14,9,4,2024-12-19 08:31:16
500101158,14,9,5,2024-12-19 07:24:15
500103033,14,9,5,2024-12-19 06:38:15
500103070,14,8,5,2024-12-19 08:34:14
500104082,14,8,5,2024-12-19 05:43:14
500104126,14,9,5,2024-12-19 07:17:14
500105047,14,9,5,2024-12-19 08:01:15
500107044,14,8,5,2024-12-19 07:24:15
500108152,14,9,5,2024-12-19 07:42:15
500103022,14,8,6,2024-12-19 07:33:14
500104120,14,7,6,2024-12-19 07:33:14
500105015,14,8,6,2024-12-19 05:40:15
500105054,14,8,6,2024-12-19 06:39:15
500106114,14,8,6,2024-12-19 07:47:15
500108152,14,8,6,2024-12-19 06:58:15
500103056,14,6,7,2024-12-19 08:12:15
500104015,14,4,7,2024-12-19 06:55:16
500107124,14,7,7,2024-12-19 07:56:15
500113061,14,7,7,2024-12-19 08:03:14
500101187,14,6,8,2024-12-19 08:26:15
500103022,14,6,8,2024-12-19 07:53:16
500103056,14,4,8,2024-12-19 07:15:17
500104033,14,6,8,2024-12-19 07:11:15
500104082,14,5,8,2024-12-19 06:47:15
500108152,14,6,8,2024-12-19 06:47:15
500110057,14,6,8,2024-12-19 08:56:16
500101122,14,5,9,2024-12-19 06:37:14
500103033,14,5,9,2024-12-19 07:59:15
500103063,14,5,9,2024-12-19 08:04:15
500104116,14,5,9,2024-12-19 07:26:15
500105054,14,5,9,2024-12-19 07:58:15
500107124,14,5,9,2024-12-19 07:59:15
500101158,14,4,10,2024-12-19 08:14:16
500101187,14,4,10,2024-12-19 07:30:16
500101242,14,2,10,2024-12-19 08:13:15
500103022,14,4,10,2024-12-19 08:02:15
500104033,14,4,10,2024-12-19 06:43:15
500104033,14,4,10,2024-12-19 07:32:15
500106125,14,4,10,2024-12-19 08:16:15
500112093,14,4,10,2024-12-19 05:27:15
500106020,14,1,11,2024-12-19 07:25:17
500106113,14,3,11,2024-12-19 08:34:14
500107070,14,3,11,2024-12-19 08:37:15
500110050,14,3,11,2024-12-19 06:16:15
500110057,14,1,11,2024-12-19 08:16:15
500110057,14,1,11,2024-12-19 08:27:16
500113055,14,3,11,2024-12-19 08:48:15
500107044,14,1,12,2024-12-19 08:21:16
500108006,14,2,12,2024-12-19 08:03:15
500112093,14,2,12,2024-12-19 08:17:15
500101122,14,1,13,2024-12-19 07:33:15
500104033,14,1,13,2024-12-19 07:57:15
500104082,14,0,13,2024-12-19 08:17:16
500105015,14,1,13,2024-12-19 08:31:16
500110050,14,1,13,2024-12-19 04:48:15
500110050,14,1,13,2024-12-19 07:37:15
500110050,14,0,14,2024-12-19 08:02:17
500112093,14,0,14,2024-12-19 08:46:15
500101122,14,3,11,2024-12-19 00:16:15
500103033,14,11,3,2024-12-19 00:11:14
500109009,14,10,4,2024-12-19 00:31:14
500103056,14,12,0,2024-12-19 00:17:15
500105047,14,13,1,2024-12-19 00:32:15
500106113,14,12,2,2024-12-19 00:18:15
500113016,14,11,3,2024-12-19 00:17:15
500119085,14,7,7,2024-12-19 00:21:14
500111090,14,10,4,2024-12-19 23:55:16
500110050,14,1,13,2024-12-19 23:45:17
500103056,14,12,1,2024-12-19 22:25:16
500110057,14,4,8,2024-12-19 23:57:15
500111066,14,9,5,2024-12-19 21:11:15
500101015,14,1,13,2024-12-19 00:42:15
500107044,14,4,9,2024-12-19 00:42:15
500103056,14,6,6,2024-12-19 00:47:16
500105091,14,11,2,2024-12-19 01:12:15
500113016,14,11,3,2024-12-19 00:19:15
500113085,14,12,2,2024-12-19 00:32:14
500106113,14,14,0,2024-12-19 00:30:18
500113061,14,7,7,2024-12-19 22:55:16
500101242,14,8,2,2024-12-19 23:17:14
500107070,14,8,6,2024-12-19 22:40:15
500104103,14,9,5,2024-12-19 22:13:15
500105015,14,3,11,2024-12-19 22:35:16
500113083,14,4,10,2024-12-19 22:03:15
500103033,14,6,8,2024-12-19 22:31:15
500104104,14,6,8,2024-12-19 22:37:15
500106125,14,7,1,2024-12-19 22:35:17
500103022,14,6,8,2024-12-19 20:51:16
500110057,14,8,4,2024-12-19 21:34:15
500103022,14,11,2,2024-12-19 01:39:15
500107107,14,11,3,2024-12-19 01:55:16
500110085,14,12,1,2024-12-19 02:07:16
500104082,14,9,4,2024-12-19 04:17:15
500105047,14,2,12,2024-12-19 22:06:14
500104120,14,10,4,2024-12-19 22:03:15
500101158,14,14,0,2024-12-19 21:57:15
500104067,14,9,4,2024-12-19 01:18:15
500112002,14,2,12,2024-12-19 21:47:15
500103022,14,5,9,2024-12-19 21:50:17
500111080,14,4,10,2024-12-19 01:07:15
500104082,14,9,3,2024-12-19 01:03:15
500104104,14,6,8,2024-12-19 01:35:16
500108167,14,7,5,2024-12-19 04:34:15
500103033,14,12,2,2024-12-19 04:33:15
500111091,14,3,11,2024-12-19 22:19:15
500101242,14,6,4,2024-12-19 22:11:15
500103063,14,8,6,2024-12-19 22:17:15
500104120,14,10,4,2024-12-19 22:15:16
500103060,14,1,13,2024-12-19 22:25:15
500108006,14,6,5,2024-12-19 22:22:15
500108006,14,11,0,2024-12-19 22:58:15
500111091,14,13,1,2024-12-19 12:45:16
500111091,14,13,1,2024-12-19 09:41:15
500101219,14,12,2,2024-12-19 08:31:16
500103060,14,12,2,2024-12-19 09:41:15
500111091,14,12,2,2024-12-19 09:37:15
500111091,14,12,2,2024-12-19 12:02:16
500106020,14,10,3,2024-12-19 10:17:16
500106020,14,10,3,2024-12-19 10:44:15
500110057,14,11,3,2024-12-19 09:37:15
500103033,14,10,4,2024-12-19 11:46:14
500104015,14,10,4,2024-12-19 09:23:15
500108167,14,10,4,2024-12-19 10:15:16
500112093,14,10,4,2024-12-19 12:47:15
500113001,14,9,4,2024-12-19 10:43:16
500110057,14,9,5,2024-12-19 10:13:15
500103033,14,8,6,2024-12-19 10:01:16
500105047,14,8,6,2024-12-19 12:48:15
500110050,14,8,6,2024-12-19 11:59:15
500112093,14,8,6,2024-12-19 09:56:16
500103033,14,7,7,2024-12-19 10:47:16
500104033,14,7,7,2024-12-19 12:51:15
500106114,14,7,7,2024-12-19 12:54:15
500106114,14,7,7,2024-12-19 09:07:15
500107070,14,7,7,2024-12-19 12:23:15
500107070,14,7,7,2024-12-19 12:37:15
500107070,14,7,7,2024-12-19 09:55:17
500107070,14,7,7,2024-12-19 11:13:15
500108152,14,7,7,2024-12-19 12:04:16
500110057,14,7,7,2024-12-19 10:26:14
500110085,14,6,7,2024-12-19 10:36:14
500110085,14,6,7,2024-12-19 11:21:15
500112002,14,6,7,2024-12-19 09:51:14
500101158,14,6,8,2024-12-19 10:35:16
500103006,14,6,8,2024-12-19 10:41:15
500104120,14,6,8,2024-12-19 12:40:17
500105097,14,6,8,2024-12-19 09:30:18
500106020,14,5,8,2024-12-19 12:08:15
500108151,14,6,8,2024-12-19 11:20:16
500113083,14,6,8,2024-12-19 08:51:14
500103022,14,5,9,2024-12-19 12:11:16
500103056,14,4,9,2024-12-19 09:05:16
500104116,14,5,9,2024-12-19 13:01:15
500106113,14,5,9,2024-12-19 09:30:16
500107098,14,5,9,2024-12-19 10:30:15
500109078,14,4,9,2024-12-19 12:44:15
500109078,14,4,9,2024-12-19 11:02:15
500113085,14,5,9,2024-12-19 10:37:16
500113085,14,5,9,2024-12-19 10:10:16
500119085,14,5,9,2024-12-19 10:37:16
500101015,14,4,10,2024-12-19 12:58:15
500101158,14,4,10,2024-12-19 09:09:15
500101242,14,3,10,2024-12-19 12:56:15
500104015,14,4,10,2024-12-19 12:14:16
500104120,14,4,10,2024-12-19 11:57:16
500105042,14,4,10,2024-12-19 10:42:17
500106094,14,4,10,2024-12-19 10:16:15
500107098,14,4,10,2024-12-19 12:51:15
500107124,14,4,10,2024-12-19 11:40:16
500108006,14,4,10,2024-12-19 12:28:15
500109094,14,4,10,2024-12-19 12:56:15
500112093,14,4,10,2024-12-19 09:45:16
500113001,14,3,10,2024-12-19 12:45:16
500113061,14,4,10,2024-12-19 11:43:15
500103063,14,3,11,2024-12-19 10:06:14
500104033,14,3,11,2024-12-19 10:37:16
500104103,14,3,11,2024-12-19 10:26:14
500106094,14,3,11,2024-12-19 11:42:16
500106094,14,3,11,2024-12-19 10:21:15
500107044,14,2,11,2024-12-19 12:12:15
500111080,14,3,11,2024-12-19 10:48:15
500101187,14,2,12,2024-12-19 09:41:15
500103006,14,2,12,2024-12-19 10:06:15
500103022,14,2,12,2024-12-19 09:55:17
500104104,14,2,12,2024-12-19 12:23:16
500104104,14,2,12,2024-12-19 12:03:15
500104104,14,2,12,2024-12-19 11:26:14
500104120,14,2,12,2024-12-19 11:08:15
500105047,14,2,12,2024-12-19 10:22:16
500105064,14,2,12,2024-12-19 10:21:16
500106113,14,2,12,2024-12-19 10:35:16
500109009,14,2,12,2024-12-19 12:02:16
500101122,14,1,13,2024-12-19 12:56:16
500104082,14,1,13,2024-12-19 11:27:15
500104082,14,1,13,2024-12-19 10:28:15
500104103,14,1,13,2024-12-19 11:48:16
500104103,14,1,13,2024-12-19 10:48:15
500104104,14,1,13,2024-12-19 10:48:15
500104126,14,1,13,2024-12-19 12:00:19
500107107,14,1,13,2024-12-19 10:06:14
500108152,14,1,13,2024-12-19 12:17:15
500108152,14,1,13,2024-12-19 12:31:15
500111080,14,1,13,2024-12-19 09:18:15
500101122,14,0,14,2024-12-19 11:46:14
500103063,14,0,14,2024-12-19 10:58:16
500104082,14,0,14,2024-12-19 10:40:18
500104120,14,0,14,2024-12-19 09:46:15
500107107,14,0,14,2024-12-19 09:36:15
500109009,14,0,14,2024-12-19 09:35:17
500103056,14,13,0,2024-12-19 19:01:18
500103056,14,13,0,2024-12-19 18:43:15
500104126,14,14,0,2024-12-19 18:30:20
500101242,14,11,1,2024-12-19 19:30:17
500103056,14,12,1,2024-12-19 18:58:16
500107124,14,13,1,2024-12-19 18:17:15
500111090,14,13,1,2024-12-19 19:02:16
500108151,14,12,2,2024-12-19 17:37:16
500101122,14,11,3,2024-12-19 20:47:15
500106114,14,11,3,2024-12-19 17:47:16
500108135,14,11,3,2024-12-19 20:49:14
500103063,14,10,4,2024-12-19 17:25:16
500104116,14,6,4,2024-12-19 19:36:15
500105015,14,10,4,2024-12-19 18:18:16
500106114,14,10,4,2024-12-19 20:10:17
500107124,14,10,4,2024-12-19 19:35:16
500110050,14,10,4,2024-12-19 19:17:15
500101122,14,9,5,2024-12-19 20:55:17
500104082,14,3,5,2024-12-19 19:56:16
500104116,14,5,5,2024-12-19 19:12:14
500105097,14,9,5,2024-12-19 18:12:16
500112093,14,9,5,2024-12-19 18:47:16
500113085,14,9,5,2024-12-19 19:59:16
500103070,14,8,6,2024-12-19 21:19:15
500106113,14,8,6,2024-12-19 21:00:16
500107124,14,8,6,2024-12-19 21:19:15
500111066,14,8,6,2024-12-19 19:40:15
500112093,14,8,6,2024-12-19 18:38:16
500103063,14,7,7,2024-12-19 19:26:15
500103070,14,7,7,2024-12-19 18:16:16
500105015,14,7,7,2024-12-19 18:45:15
500105042,14,7,7,2024-12-19 17:29:16
500107070,14,7,7,2024-12-19 17:48:15
500108167,14,7,7,2024-12-19 17:57:15
500111066,14,7,7,2024-12-19 19:36:15
500101187,14,6,8,2024-12-19 17:22:16
500103033,14,6,8,2024-12-19 19:39:15
500104120,14,6,8,2024-12-19 19:37:16
500107044,14,5,8,2024-12-19 21:12:15
500107098,14,6,8,2024-12-19 18:45:16
500108006,14,4,8,2024-12-19 20:42:15
500110057,14,6,8,2024-12-19 19:07:15
500111066,14,6,8,2024-12-19 19:25:15
500111066,14,6,8,2024-12-19 18:31:15
500104104,14,5,9,2024-12-19 18:35:16
500104120,14,5,9,2024-12-19 17:15:17
500104120,14,5,9,2024-12-19 19:02:16
500107070,14,5,9,2024-12-19 20:10:17
500107098,14,5,9,2024-12-19 19:55:16
500108006,14,3,9,2024-12-19 20:28:15
500109009,14,5,9,2024-12-19 18:40:17
500110050,14,5,9,2024-12-19 20:37:16
500110050,14,5,9,2024-12-19 19:36:15
500103022,14,4,10,2024-12-19 18:43:15
500103060,14,4,10,2024-12-19 20:00:17
500105091,14,3,10,2024-12-19 19:13:15
500107044,14,3,10,2024-12-19 17:25:16
500107070,14,4,10,2024-12-19 20:46:16
500107107,14,4,10,2024-12-19 17:24:15
500108152,14,4,10,2024-12-19 20:18:15
500108152,14,4,10,2024-12-19 18:57:15
500108152,14,4,10,2024-12-19 19:29:15
500108167,14,2,10,2024-12-19 20:08:15
500109009,14,4,10,2024-12-19 20:55:17
500110057,14,4,10,2024-12-19 19:19:15
500113001,14,4,10,2024-12-19 19:08:15
500101122,14,3,11,2024-12-19 17:18:16
500103022,14,3,11,2024-12-19 19:38:15
500105047,14,3,11,2024-12-19 17:26:15
500108006,14,3,11,2024-12-19 18:35:16
500109009,14,3,11,2024-12-19 20:45:16
500110010,14,3,11,2024-12-19 20:02:15
500110085,14,2,11,2024-12-19 18:08:16
500110085,14,2,11,2024-12-19 18:16:16
500111080,14,3,11,2024-12-19 20:12:15
500113055,14,3,11,2024-12-19 17:55:17
500101219,14,2,12,2024-12-19 19:46:15
500103006,14,2,12,2024-12-19 18:39:16
500103022,14,2,12,2024-12-19 19:20:17
500105054,14,2,12,2024-12-19 19:21:16
500105073,14,2,12,2024-12-19 18:35:16
500107098,14,2,12,2024-12-19 20:44:15
500111091,14,2,12,2024-12-19 20:44:15
500112093,14,2,12,2024-12-19 19:26:15
500101015,14,1,13,2024-12-19 20:28:15
500101015,14,1,13,2024-12-19 19:18:15
500101219,14,1,13,2024-12-19 18:53:15
500103006,14,1,13,2024-12-19 17:44:15
500103060,14,1,13,2024-12-19 19:31:15
500105073,14,1,13,2024-12-19 19:07:15
500110010,14,1,13,2024-12-19 19:33:15
500111091,14,1,13,2024-12-19 20:56:15
500113055,14,1,13,2024-12-19 20:58:15
500105054,14,0,14,2024-12-19 17:19:15
500110010,14,0,14,2024-12-19 17:51:16
500107070,14,14,0,2024-12-19 14:04:15
500106113,14,13,1,2024-12-19 15:31:15
500108135,14,13,1,2024-12-19 13:35:15
500119085,14,13,1,2024-12-19 13:47:15
500101122,14,12,2,2024-12-19 14:18:15
500111091,14,12,2,2024-12-19 14:48:14
500105015,14,11,3,2024-12-19 16:16:14
500103063,14,10,4,2024-12-19 17:12:16
500104082,14,10,4,2024-12-19 15:17:16
500108152,14,10,4,2024-12-19 17:15:17
500111091,14,10,4,2024-12-19 15:31:15
500101242,14,8,5,2024-12-19 16:14:15
500106020,14,8,5,2024-12-19 17:14:16
500107124,14,9,5,2024-12-19 15:05:16
500107124,14,9,5,2024-12-19 14:11:16
500108151,14,9,5,2024-12-19 16:28:14
500110010,14,9,5,2024-12-19 15:13:16
500110050,14,9,5,2024-12-19 13:26:16
500112093,14,9,5,2024-12-19 17:18:15
500106094,14,8,6,2024-12-19 16:40:16
500107124,14,8,6,2024-12-19 13:50:16
500108151,14,8,6,2024-12-19 16:56:15
500109078,14,7,6,2024-12-19 16:06:15
500101158,14,7,7,2024-12-19 17:11:16
500104033,14,7,7,2024-12-19 15:03:15
500104126,14,7,7,2024-12-19 16:32:15
500105015,14,7,7,2024-12-19 13:32:15
500101158,14,6,8,2024-12-19 16:23:15
500104033,14,6,8,2024-12-19 17:15:17
500112093,14,6,8,2024-12-19 14:07:16
500104104,14,5,9,2024-12-19 17:17:16
500104120,14,5,9,2024-12-19 15:13:16
500113001,14,5,9,2024-12-19 13:33:15
500103060,14,4,10,2024-12-19 15:20:16
500103070,14,4,10,2024-12-19 16:38:15
500104118,14,2,10,2024-12-19 16:10:16
500104120,14,4,10,2024-12-19 15:01:16
500105047,14,4,10,2024-12-19 17:08:16
500106020,14,3,10,2024-12-19 16:02:15
500106125,14,4,10,2024-12-19 13:43:15
500108167,14,4,10,2024-12-19 14:57:15
500112002,14,4,10,2024-12-19 17:00:17
500113055,14,4,10,2024-12-19 13:54:15
500103070,14,3,11,2024-12-19 16:27:15
500104104,14,3,11,2024-12-19 13:09:15
500101015,14,2,12,2024-12-19 16:13:15
500103063,14,2,12,2024-12-19 15:36:15
500105091,14,1,12,2024-12-19 15:06:16
500107107,14,2,12,2024-12-19 15:58:15
500109009,14,2,12,2024-12-19 14:34:15
500110057,14,2,12,2024-12-19 15:20:16
500106125,14,1,13,2024-12-19 15:22:15
500109009,14,1,13,2024-12-19 16:33:15
500110010,14,1,13,2024-12-19 17:07:15
500103063,14,0,14,2024-12-19 15:03:15
500104126,14,0,14,2024-12-19 16:48:16
500104116,14,4,5,2024-12-19 21:46:15
500113083,14,6,8,2024-12-19 21:43:15
500107124,14,10,4,2024-12-19 21:45:15
500110010,14,14,0,2024-12-19 07:30:18
500113001,14,13,0,2024-12-19 07:37:15
500105091,14,11,1,2024-12-19 07:53:16
500110057,14,9,1,2024-12-19 05:10:17
500110085,14,12,1,2024-12-19 07:41:15
500113016,14,13,1,2024-12-19 05:57:14
500104120,14,11,2,2024-12-19 06:16:15
500112002,14,11,2,2024-12-19 07:46:15
500113085,14,12,2,2024-12-19 07:20:16
500103060,14,11,3,2024-12-19 08:35:16
500104104,14,11,3,2024-12-19 08:27:16
500107107,14,11,3,2024-12-19 08:17:15
500110085,14,10,3,2024-12-19 06:51:15
500107107,14,10,4,2024-12-19 07:36:15
500111066,14,10,4,2024-12-19 08:47:15
500105047,14,9,5,2024-12-19 06:06:14
500106094,14,9,5,2024-12-19 06:53:15
500107070,14,9,5,2024-12-19 08:03:15
500110010,14,9,5,2024-12-19 05:48:14
500119085,14,9,5,2024-12-19 08:36:15
500103063,14,8,6,2024-12-19 06:34:15
500104116,14,8,6,2024-12-19 06:07:15
500105091,14,6,6,2024-12-19 07:26:15
500106125,14,4,6,2024-12-19 05:09:15
500107044,14,7,6,2024-12-19 07:34:15
500112093,14,8,6,2024-12-19 06:56:15
500101187,14,7,7,2024-12-19 07:58:15
500103033,14,7,7,2024-12-19 08:47:15
500105073,14,7,7,2024-12-19 05:54:14
500105091,14,5,7,2024-12-19 08:26:15
500107044,14,6,7,2024-12-19 07:45:16
500108006,14,6,7,2024-12-19 06:36:14
500110085,14,6,7,2024-12-19 08:57:15
500111066,14,7,7,2024-12-19 07:13:15
500113061,14,7,7,2024-12-19 07:46:15
500113083,14,7,7,2024-12-19 08:39:15
500106113,14,6,8,2024-12-19 08:16:15
500106114,14,6,8,2024-12-19 08:55:16
500108151,14,6,8,2024-12-19 07:47:15
500109078,14,6,8,2024-12-19 08:17:15
500111090,14,6,8,2024-12-19 06:10:16
500112093,14,6,8,2024-12-19 07:56:15
500103006,14,5,9,2024-12-19 06:45:16
500103006,14,5,9,2024-12-19 07:02:15
500107124,14,5,9,2024-12-19 07:33:14
500110057,14,1,9,2024-12-19 07:17:14
500111080,14,5,9,2024-12-19 06:54:16
500111090,14,5,9,2024-12-19 06:57:15
500103006,14,4,10,2024-12-19 08:26:15
500103022,14,4,10,2024-12-19 08:26:15
500103022,14,4,10,2024-12-19 08:49:15
500104104,14,4,10,2024-12-19 07:37:15
500107107,14,4,10,2024-12-19 08:37:15
500113061,14,4,10,2024-12-19 06:52:15
500113061,14,4,10,2024-12-19 07:22:15
500113061,14,4,10,2024-12-19 06:17:14
500106113,14,3,11,2024-12-19 06:01:14
500107070,14,3,11,2024-12-19 06:54:16
500108006,14,3,11,2024-12-19 07:53:16
500109078,14,3,11,2024-12-19 07:15:17
500101122,14,2,12,2024-12-19 08:13:15
500101158,14,2,12,2024-12-19 08:55:16
500103060,14,2,12,2024-12-19 06:11:14
500106114,14,2,12,2024-12-19 08:36:15
500107124,14,2,12,2024-12-19 08:45:16
500110050,14,2,12,2024-12-19 06:30:16
500113061,14,2,12,2024-12-19 06:41:14
500119085,14,2,12,2024-12-19 07:25:15
500103070,14,0,13,2024-12-19 07:54:16
500104033,14,1,13,2024-12-19 08:42:15
500107070,14,1,13,2024-12-19 08:25:16
500101122,14,0,14,2024-12-19 07:57:16
500103060,14,0,14,2024-12-19 06:33:16
500106113,14,0,14,2024-12-19 07:51:15
500103033,14,10,4,2024-12-19 00:26:15
500110057,14,6,4,2024-12-19 00:38:14
500104104,14,1,13,2024-12-19 00:08:15
500119085,14,8,6,2024-12-19 00:39:15
500108152,14,3,11,2024-12-19 22:32:14
500110010,14,5,9,2024-12-19 21:48:16
500101158,14,12,2,2024-12-19 23:41:14
500104067,14,3,10,2024-12-19 19:31:15
500105097,14,6,8,2024-12-19 23:11:14
500104033,14,2,12,2024-12-19 23:00:16
500108151,14,5,9,2024-12-19 00:12:15
500108006,14,10,3,2024-12-19 01:08:16
500101015,14,1,13,2024-12-19 22:34:15
500106020,14,5,8,2024-12-19 22:16:15
500112002,14,5,9,2024-12-19 22:28:15
500105097,14,8,6,2024-12-19 22:09:15
500106114,14,14,0,2024-12-19 22:03:15
500105091,14,3,10,2024-12-19 21:29:15
500105047,14,3,11,2024-12-19 21:38:15
500101219,14,5,9,2024-12-19 21:12:14
500103056,14,7,6,2024-12-19 21:31:15
500105097,14,9,5,2024-12-19 21:09:16
500106114,14,9,5,2024-12-19 21:38:14
500107107,14,9,5,2024-12-19 21:28:15
500110050,14,2,12,2024-12-19 02:50:16
500113001,14,5,9,2024-12-19 02:34:15
500104015,14,7,4,2024-12-19 01:40:15
500113055,14,12,2,2024-12-19 02:14:15
500113001,14,4,9,2024-12-19 04:10:15
500107044,14,11,2,2024-12-19 04:21:15
500103033,14,11,3,2024-12-19 04:11:15
500112002,14,12,1,2024-12-19 04:09:15
500101122,14,0,14,2024-12-19 22:08:14
500104082,14,9,1,2024-12-19 22:02:16
500107070,14,10,4,2024-12-19 21:47:15
500107107,14,11,3,2024-12-19 21:58:15
500113085,14,11,3,2024-12-19 01:24:14
500113055,14,1,13,2024-12-19 21:54:14
500103056,14,9,4,2024-12-19 21:55:17
500106094,14,13,1,2024-12-19 21:51:15
500112002,14,14,0,2024-12-19 03:38:15
500104082,14,2,6,2024-12-19 23:44:15
500106020,14,4,9,2024-12-19 22:45:16
500104104,14,4,10,2024-12-19 22:40:15
500119085,14,3,11,2024-12-19 04:34:15
500113061,14,3,11,2024-12-19 22:19:15
500103022,14,9,5,2024-12-19 22:13:15
500104082,14,1,7,2024-12-19 22:22:15
500112002,14,14,0,2024-12-19 03:36:15
500111080,14,6,8,2024-12-19 01:51:14
500119085,14,14,0,2024-12-19 08:58:15
500103033,14,13,1,2024-12-19 09:05:16
500111066,14,13,1,2024-12-19 09:15:15
500107070,14,12,2,2024-12-19 12:07:16
500108135,14,12,2,2024-12-19 09:42:14
500103033,14,11,3,2024-12-19 11:36:15
500108167,14,11,3,2024-12-19 09:34:15
500111066,14,11,3,2024-12-19 11:33:16
500111066,14,11,3,2024-12-19 12:12:15
500103070,14,9,4,2024-12-19 09:08:15
500105047,14,10,4,2024-12-19 11:35:16
500106113,14,10,4,2024-12-19 12:27:15
500104015,14,9,5,2024-12-19 09:36:15
500105047,14,9,5,2024-12-19 12:32:15
500110050,14,9,5,2024-12-19 12:31:15
500110050,14,8,6,2024-12-19 12:46:15
500112002,14,7,6,2024-12-19 10:03:15
500112093,14,8,6,2024-12-19 10:42:15
500119085,14,8,6,2024-12-19 10:52:15
500101158,14,7,7,2024-12-19 10:27:16
500105097,14,7,7,2024-12-19 12:36:14
500107070,14,7,7,2024-12-19 09:39:15
500112093,14,7,7,2024-12-19 10:13:16
500103060,14,6,8,2024-12-19 12:52:15
500103070,14,6,8,2024-12-19 11:08:15
500104103,14,6,8,2024-12-19 08:51:15
500109078,14,5,8,2024-12-19 11:46:15
500110085,14,5,8,2024-12-19 12:37:15
500112093,14,6,8,2024-12-19 11:15:16
500113061,14,6,8,2024-12-19 09:45:15
500104015,14,5,9,2024-12-19 12:21:15
500105015,14,5,9,2024-12-19 13:03:14
500105047,14,5,9,2024-12-19 09:43:15
500106094,14,5,9,2024-12-19 10:07:16
500106114,14,5,9,2024-12-19 10:45:16
500108006,14,5,9,2024-12-19 13:00:17
500108006,14,5,9,2024-12-19 10:24:15
500109094,14,5,9,2024-12-19 11:24:15
500110085,14,4,9,2024-12-19 12:45:15
500104033,14,4,10,2024-12-19 12:38:14
500107098,14,4,10,2024-12-19 09:47:15
500110057,14,4,10,2024-12-19 12:33:15
500101242,14,1,11,2024-12-19 08:55:16
500103056,14,2,11,2024-12-19 12:43:15
500103070,14,3,11,2024-12-19 12:42:14
500107098,14,3,11,2024-12-19 12:08:15
500108006,14,3,11,2024-12-19 11:30:17
500108006,14,3,11,2024-12-19 10:43:16
500109009,14,3,11,2024-12-19 09:05:16
500119085,14,3,11,2024-12-19 12:18:15
500101015,14,2,12,2024-12-19 10:43:15
500101015,14,2,12,2024-12-19 11:24:15
500101122,14,2,12,2024-12-19 10:06:14
500101187,14,2,12,2024-12-19 09:08:14
500104033,14,2,12,2024-12-19 10:45:16
500108151,14,2,12,2024-12-19 12:17:16
500108151,14,2,12,2024-12-19 10:05:16
500110057,14,2,12,2024-12-19 12:07:16
500111080,14,2,12,2024-12-19 11:28:16
500113016,14,2,12,2024-12-19 11:18:16
500113016,14,2,12,2024-12-19 09:50:16
500113055,14,2,12,2024-12-19 10:42:15
500113083,14,2,12,2024-12-19 12:57:15
500101015,14,1,13,2024-12-19 09:21:17
500103063,14,1,13,2024-12-19 09:39:15
500104116,14,1,13,2024-12-19 11:04:16
500105047,14,1,13,2024-12-19 11:12:16
500107107,14,1,13,2024-12-19 12:08:15
500109009,14,1,13,2024-12-19 10:17:16
500112002,14,0,13,2024-12-19 09:22:16
500113016,14,1,13,2024-12-19 10:05:16
500113016,14,1,13,2024-12-19 10:31:16
500104033,14,0,14,2024-12-19 09:09:16
500104120,14,0,14,2024-12-19 09:05:16
500105073,14,0,14,2024-12-19 09:06:15
500106020,14,0,12,2024-12-19 04:16:14
500104126,14,14,0,2024-12-19 18:28:16
500106113,14,14,0,2024-12-19 17:59:15
500108151,14,14,0,2024-12-19 17:25:16
500110057,14,14,0,2024-12-19 17:37:16
500106020,14,12,1,2024-12-19 18:13:17
500108135,14,13,1,2024-12-19 15:37:16
500108135,14,13,1,2024-12-19 18:22:16
500101158,14,12,2,2024-12-19 20:29:14
500101158,14,12,2,2024-12-19 21:06:15
500101242,14,10,2,2024-12-19 20:38:15
500105015,14,12,2,2024-12-19 18:05:16
500106020,14,11,2,2024-12-19 19:57:14
500106020,14,11,2,2024-12-19 17:37:16
500109078,14,11,2,2024-12-19 17:53:15
500103056,14,10,3,2024-12-19 17:52:15
500104116,14,11,3,2024-12-19 17:24:16
500104116,14,7,3,2024-12-19 20:53:15
500105097,14,11,3,2024-12-19 20:17:14
500106020,14,10,3,2024-12-19 20:04:15
500109078,14,10,3,2024-12-19 17:27:16
500101122,14,10,4,2024-12-19 20:07:15
500104126,14,10,4,2024-12-19 18:12:16
500107070,14,10,4,2024-12-19 18:17:15
500113016,14,10,4,2024-12-19 18:31:15
500105091,14,9,5,2024-12-19 18:15:17
500107044,14,8,5,2024-12-19 18:23:16
500110050,14,9,5,2024-12-19 17:23:15
500110050,14,9,5,2024-12-19 19:20:17
500113001,14,9,5,2024-12-19 20:39:16
500113001,14,9,5,2024-12-19 17:26:15
500103056,14,7,6,2024-12-19 19:45:16
500106113,14,8,6,2024-12-19 18:45:16
500106125,14,8,6,2024-12-19 17:29:16
500107107,14,8,6,2024-12-19 18:26:16
500108006,14,8,6,2024-12-19 19:09:14
500108151,14,8,6,2024-12-19 18:16:16
500103070,14,7,7,2024-12-19 19:19:15
500104126,14,7,7,2024-12-19 19:20:17
500106094,14,7,7,2024-12-19 17:02:15
500109094,14,7,7,2024-12-19 18:07:16
500110085,14,6,7,2024-12-19 20:43:15
500111066,14,7,7,2024-12-19 20:46:16
500112002,14,7,7,2024-12-19 19:58:15
500113016,14,7,7,2024-12-19 17:48:15
500113085,14,7,7,2024-12-19 19:37:16
500104082,14,2,8,2024-12-19 20:48:15
500104104,14,6,8,2024-12-19 18:44:16
500105034,14,6,8,2024-12-19 16:30:16
500108006,14,6,8,2024-12-19 19:06:16
500111066,14,6,8,2024-12-19 20:25:15
500106113,14,5,9,2024-12-19 19:54:15
500108152,14,5,9,2024-12-19 17:39:15
500108167,14,5,9,2024-12-19 16:47:15
500112093,14,5,9,2024-12-19 20:07:15
500113055,14,5,9,2024-12-19 17:33:16
500103022,14,4,10,2024-12-19 20:06:15
500103033,14,4,10,2024-12-19 20:49:15
500104082,14,2,10,2024-12-19 18:26:16
500104104,14,4,10,2024-12-19 19:05:16
500104120,14,4,10,2024-12-19 17:57:15
500106113,14,4,10,2024-12-19 20:02:15
500106113,14,4,10,2024-12-19 19:33:15
500108152,14,4,10,2024-12-19 18:12:15
500111080,14,4,10,2024-12-19 20:47:15
500111091,14,4,10,2024-12-19 19:29:14
500101219,14,3,11,2024-12-19 20:00:17
500103060,14,3,11,2024-12-19 19:57:15
500104033,14,3,11,2024-12-19 20:09:15
500105064,14,3,11,2024-12-19 18:43:15
500108006,14,1,11,2024-12-19 21:20:16
500110010,14,3,11,2024-12-19 20:51:16
500110050,14,3,11,2024-12-19 18:58:16
500111080,14,3,11,2024-12-19 17:11:16
500111080,14,3,11,2024-12-19 17:55:17
500112093,14,3,11,2024-12-19 19:36:15
500112093,14,3,11,2024-12-19 20:48:15
500103060,14,2,12,2024-12-19 19:49:15
500105047,14,2,12,2024-12-19 17:56:16
500105047,14,2,12,2024-12-19 19:00:18
500105073,14,2,12,2024-12-19 18:21:16
500111091,14,2,12,2024-12-19 19:13:15
500113001,14,2,12,2024-12-19 21:09:15
500101015,14,1,13,2024-12-19 19:07:15
500101015,14,1,13,2024-12-19 19:37:16
500103060,14,1,13,2024-12-19 18:08:15
500107098,14,1,13,2024-12-19 20:55:17
500110010,14,1,13,2024-12-19 19:05:16
500119085,14,1,13,2024-12-19 17:48:15
500104104,14,0,14,2024-12-19 19:49:15
500110010,14,0,14,2024-12-19 19:29:15
500104082,14,14,0,2024-12-19 16:58:15
500110057,14,14,0,2024-12-19 17:18:16
500106113,14,13,1,2024-12-19 13:32:15
500108151,14,13,1,2024-12-19 17:15:17
500103033,14,12,2,2024-12-19 15:29:15
500105015,14,12,2,2024-12-19 16:58:15
500107124,14,12,2,2024-12-19 16:04:15
500103033,14,11,3,2024-12-19 16:27:16
500107070,14,11,3,2024-12-19 15:36:15
500105015,14,10,4,2024-12-19 14:18:15
500110050,14,10,4,2024-12-19 13:47:15
500111091,14,10,4,2024-12-19 14:50:19
500101242,14,8,5,2024-12-19 17:08:16
500105047,14,9,5,2024-12-19 15:03:15
500113085,14,9,5,2024-12-19 14:03:15
500101122,14,8,6,2024-12-19 15:37:16
500101242,14,7,6,2024-12-19 16:52:15
500103060,14,8,6,2024-12-19 13:15:15
500104082,14,8,6,2024-12-19 15:06:15
500106114,14,8,6,2024-12-19 16:28:15
500106114,14,8,6,2024-12-19 15:13:15
500107070,14,8,6,2024-12-19 16:38:15
500101158,14,7,7,2024-12-19 16:38:15
500106114,14,7,7,2024-12-19 16:48:16
500108151,14,7,7,2024-12-19 17:05:17
500113085,14,7,7,2024-12-19 13:43:15
500104015,14,6,8,2024-12-19 14:50:16
500104082,14,6,8,2024-12-19 14:33:16
500105015,14,6,8,2024-12-19 13:10:16
500113001,14,6,8,2024-12-19 14:34:14
500101122,14,5,9,2024-12-19 17:05:17
500104104,14,5,9,2024-12-19 15:32:15
500103022,14,4,10,2024-12-19 15:53:14
500103056,14,3,10,2024-12-19 15:37:16
500103063,14,4,10,2024-12-19 16:18:16
500110085,14,3,10,2024-12-19 17:07:15
500112002,14,4,10,2024-12-19 16:25:16
500101015,14,3,11,2024-12-19 15:43:15
500103022,14,3,11,2024-12-19 16:42:15
500104104,14,3,11,2024-12-19 16:26:15
500105091,14,3,11,2024-12-19 16:55:17
500108006,14,3,11,2024-12-19 16:19:15
500111080,14,3,11,2024-12-19 16:06:15
500105091,14,2,12,2024-12-19 15:27:15
500107044,14,1,12,2024-12-19 15:53:14
500107044,14,1,12,2024-12-19 16:37:15
500108152,14,2,12,2024-12-19 13:20:17
500109009,14,2,12,2024-12-19 15:54:15
500109009,14,1,13,2024-12-19 13:37:15
500101015,14,0,14,2024-12-19 16:37:16
500113083,14,0,14,2024-12-19 15:38:15
500108006,14,3,8,2024-12-19 21:46:14
500105091,14,12,0,2024-12-19 08:03:15
500119085,14,14,0,2024-12-19 08:56:16
500101158,14,13,1,2024-12-19 06:56:15
500107107,14,13,1,2024-12-19 07:56:16
500108167,14,13,1,2024-12-19 08:24:15
500110010,14,13,1,2024-12-19 08:34:16
500113085,14,13,1,2024-12-19 06:42:15
500101242,14,8,2,2024-12-19 06:10:16
500108167,14,12,2,2024-12-19 07:56:15
500110085,14,11,2,2024-12-19 06:32:15
500112002,14,11,2,2024-12-19 07:32:14
500110057,14,7,3,2024-12-19 06:11:14
500110085,14,10,3,2024-12-19 07:37:15
500111091,14,11,3,2024-12-19 08:55:16
500113061,14,11,3,2024-12-19 05:06:15
500104126,14,10,4,2024-12-19 06:31:14
500111080,14,10,4,2024-12-19 05:36:15
500113055,14,10,4,2024-12-19 06:29:15
500101242,14,7,5,2024-12-19 07:57:16
500103006,14,9,5,2024-12-19 04:58:15
500103060,14,9,5,2024-12-19 07:32:15
500104103,14,9,5,2024-12-19 05:50:15
500108167,14,9,5,2024-12-19 07:47:15
500110057,14,5,5,2024-12-19 06:35:15
500113016,14,9,5,2024-12-19 07:27:15
500101242,14,4,6,2024-12-19 06:58:15
500107107,14,8,6,2024-12-19 08:27:16
500111066,14,8,6,2024-12-19 08:17:15
500103056,14,5,7,2024-12-19 06:04:14
500106125,14,3,7,2024-12-19 05:49:15
500107070,14,7,7,2024-12-19 08:56:15
500108151,14,7,7,2024-12-19 08:45:15
500108167,14,5,7,2024-12-19 06:20:15
500113085,14,7,7,2024-12-19 08:16:15
500105047,14,6,8,2024-12-19 06:37:15
500105073,14,6,8,2024-12-19 06:44:15
500107124,14,6,8,2024-12-19 07:22:15
500109078,14,6,8,2024-12-19 08:03:15
500112093,14,6,8,2024-12-19 05:44:15
500113055,14,6,8,2024-12-19 08:46:15
500103063,14,5,9,2024-12-19 06:45:16
500104120,14,5,9,2024-12-19 08:14:16
500107098,14,5,9,2024-12-19 08:07:15
500108151,14,5,9,2024-12-19 07:22:14
500110050,14,5,9,2024-12-19 07:17:14
500113001,14,4,9,2024-12-19 06:46:15
500113055,14,5,9,2024-12-19 07:59:15
500119085,14,5,9,2024-12-19 08:03:14
500104015,14,1,10,2024-12-19 07:13:15
500105047,14,4,10,2024-12-19 08:11:16
500108151,14,4,10,2024-12-19 08:34:15
500101158,14,3,11,2024-12-19 08:23:15
500101242,14,1,11,2024-12-19 08:38:15
500105073,14,3,11,2024-12-19 07:13:15
500106114,14,3,11,2024-12-19 08:27:16
500106125,14,3,11,2024-12-19 08:37:15
500107044,14,2,11,2024-12-19 06:53:15
500109009,14,3,11,2024-12-19 08:15:16
500109094,14,3,11,2024-12-19 08:34:15
500110050,14,3,11,2024-12-19 06:51:15
500101015,14,2,12,2024-12-19 07:27:15
500104104,14,2,12,2024-12-19 07:17:14
500104126,14,2,12,2024-12-19 08:11:16
500105047,14,2,12,2024-12-19 08:56:16
500105054,14,2,12,2024-12-19 08:27:15
500106020,14,0,12,2024-12-19 07:12:16
500106094,14,2,12,2024-12-19 08:09:15
500109009,14,2,12,2024-12-19 08:00:17
500110050,14,2,12,2024-12-19 06:44:15
500101015,14,1,13,2024-12-19 08:35:16
500103006,14,1,13,2024-12-19 08:17:15
500104082,14,1,13,2024-12-19 08:47:15
500104082,14,0,13,2024-12-19 07:25:17
500104120,14,1,13,2024-12-19 08:56:16
500105015,14,1,13,2024-12-19 08:24:15
500105073,14,1,13,2024-12-19 07:47:15
500105097,14,1,13,2024-12-19 07:23:15
500106113,14,1,13,2024-12-19 07:47:15
500111080,14,1,13,2024-12-19 08:47:15
500104104,14,0,14,2024-12-19 08:36:15
500104104,14,0,14,2024-12-19 06:15:16
500109009,14,0,14,2024-12-19 08:34:16
500111080,14,0,14,2024-12-19 07:24:16
500112093,14,4,10,2024-12-19 03:56:14
500107044,14,4,9,2024-12-19 00:10:15
500112093,14,1,13,2024-12-19 00:17:15
500112093,14,1,13,2024-12-19 23:39:15
500103006,14,9,5,2024-12-19 23:34:14
500104120,14,2,9,2024-12-19 00:43:15
500105091,14,9,4,2024-12-19 00:15:16
500107098,14,3,11,2024-12-19 00:57:15
500107107,14,10,3,2024-12-19 00:51:14
500109094,14,5,9,2024-12-19 22:31:15
500103033,14,8,6,2024-12-19 23:17:14
500108135,14,11,3,2024-12-19 22:37:15
500104120,14,12,2,2024-12-19 23:17:14
500106094,14,14,0,2024-12-19 22:49:15
500107098,14,3,11,2024-12-19 22:45:15
500107124,14,2,12,2024-12-19 23:36:15
500104104,14,4,10,2024-12-19 23:11:14
500105064,14,9,5,2024-12-19 23:16:15
500104126,14,10,4,2024-12-19 23:29:14
500107107,14,12,2,2024-12-19 22:37:15
500107124,14,3,11,2024-12-19 00:37:15
500104015,14,8,3,2024-12-19 00:34:15
500101187,14,9,5,2024-12-19 00:34:14
500105047,14,2,12,2024-12-19 22:30:16
500105015,14,3,11,2024-12-19 22:47:15
500105091,14,5,8,2024-12-19 22:31:15
500106125,14,7,1,2024-12-19 23:05:17
500111080,14,7,7,2024-12-19 22:28:15
500104126,14,9,5,2024-12-19 23:17:14
500108006,14,11,0,2024-12-19 23:00:20
500103060,14,2,12,2024-12-19 22:34:15
500113016,14,9,5,2024-12-19 22:18:15
500101122,14,3,11,2024-12-19 21:27:14
500108152,14,4,10,2024-12-19 21:11:15
500110010,14,4,10,2024-12-19 21:38:15
500107124,14,9,5,2024-12-19 21:33:16
500101158,14,13,1,2024-12-19 21:38:15
500107044,14,5,8,2024-12-19 02:16:15
500104116,14,7,7,2024-12-19 01:58:14
500101187,14,10,4,2024-12-19 02:58:15
500105015,14,13,1,2024-12-19 02:28:15
500106113,14,5,9,2024-12-19 04:02:16
500103070,14,7,6,2024-12-19 03:36:15
500107098,14,8,6,2024-12-19 03:42:14
500110050,14,1,13,2024-12-19 22:03:15
500104033,14,2,12,2024-12-19 21:42:15
500113001,14,5,9,2024-12-19 21:56:15
500112002,14,6,8,2024-12-19 22:09:15
500103056,14,10,3,2024-12-19 22:07:15
500101122,14,2,12,2024-12-19 21:55:16
500104015,14,3,8,2024-12-19 23:42:15
500107098,14,8,6,2024-12-19 00:59:15
500105091,14,10,3,2024-12-19 00:37:15
500106125,14,9,0,2024-12-19 01:29:15
500104120,14,10,4,2024-12-19 22:58:15
500104033,14,2,12,2024-12-19 22:17:15
500105015,14,2,12,2024-12-19 22:18:14
500103056,14,11,2,2024-12-19 22:18:15
500105047,14,1,13,2024-12-19 22:22:15
500113001,14,5,9,2024-12-19 01:49:14
500101122,14,1,13,2024-12-19 01:34:15
500110057,14,13,1,2024-12-19 09:47:15
500111091,14,13,1,2024-12-19 09:54:15
500107070,14,12,2,2024-12-19 11:47:16
500108151,14,12,2,2024-12-19 09:57:15
500109078,14,12,2,2024-12-19 09:39:15
500111066,14,12,2,2024-12-19 09:33:15
500113001,14,11,2,2024-12-19 09:21:15
500101219,14,11,3,2024-12-19 09:09:15
500108135,14,11,3,2024-12-19 09:26:15
500110010,14,11,3,2024-12-19 12:41:15
500110010,14,11,3,2024-12-19 09:07:15
500111066,14,11,3,2024-12-19 08:50:16
500111091,14,11,3,2024-12-19 11:54:15
500101219,14,10,4,2024-12-19 09:36:14
500108151,14,10,4,2024-12-19 09:25:16
500107070,14,9,5,2024-12-19 12:19:16
500110085,14,8,5,2024-12-19 09:35:16
500103033,14,8,6,2024-12-19 10:29:15
500103060,14,8,6,2024-12-19 11:37:15
500105047,14,8,6,2024-12-19 12:21:15
500106114,14,8,6,2024-12-19 09:08:14
500104126,14,7,7,2024-12-19 12:54:15
500108152,14,7,7,2024-12-19 09:18:15
500109078,14,6,7,2024-12-19 12:20:16
500110085,14,6,7,2024-12-19 09:46:16
500110085,14,6,7,2024-12-19 11:44:15
500101219,14,6,8,2024-12-19 12:58:15
500104103,14,6,8,2024-12-19 13:05:16
500106114,14,6,8,2024-12-19 10:09:16
500109078,14,5,8,2024-12-19 12:17:16
500112002,14,5,8,2024-12-19 11:48:15
500113085,14,6,8,2024-12-19 12:10:16
500101158,14,5,9,2024-12-19 11:15:16
500103006,14,5,9,2024-12-19 10:23:15
500104103,14,5,9,2024-12-19 09:08:15
500105047,14,5,9,2024-12-19 09:37:15
500106125,14,5,9,2024-12-19 10:07:16
500107044,14,4,9,2024-12-19 09:27:15
500107070,14,5,9,2024-12-19 10:35:16
500108006,14,5,9,2024-12-19 10:15:16
500108151,14,5,9,2024-12-19 10:58:16
500109078,14,4,9,2024-12-19 11:38:15
500113055,14,5,9,2024-12-19 09:16:15
500113061,14,5,9,2024-12-19 10:04:16
500101158,14,4,10,2024-12-19 09:27:14
500103060,14,4,10,2024-12-19 12:35:15
500104015,14,4,10,2024-12-19 10:43:15
500106113,14,4,10,2024-12-19 09:24:15
500108006,14,4,10,2024-12-19 11:20:17
500104082,14,3,11,2024-12-19 09:05:16
500104103,14,3,11,2024-12-19 09:47:14
500104104,14,3,11,2024-12-19 12:57:15
500104104,14,3,11,2024-12-19 11:46:15
500104120,14,3,11,2024-12-19 11:14:15
500105015,14,3,11,2024-12-19 12:58:15
500106020,14,2,11,2024-12-19 12:48:15
500106125,14,3,11,2024-12-19 09:57:15
500107098,14,3,11,2024-12-19 12:23:15
500111080,14,3,11,2024-12-19 12:05:16
500111080,14,3,11,2024-12-19 10:00:17
500119085,14,3,11,2024-12-19 12:26:15
500103063,14,2,12,2024-12-19 09:28:15
500104082,14,2,12,2024-12-19 11:17:15
500107044,14,1,12,2024-12-19 11:04:16
500109009,14,2,12,2024-12-19 11:04:15
500111080,14,2,12,2024-12-19 09:29:15
500101122,14,1,13,2024-12-19 12:08:15
500101242,14,0,13,2024-12-19 09:41:16
500103063,14,1,13,2024-12-19 11:25:16
500104104,14,1,13,2024-12-19 11:38:14
500104126,14,1,13,2024-12-19 09:50:16
500105015,14,1,13,2024-12-19 11:58:16
500105015,14,1,13,2024-12-19 11:18:16
500105064,14,1,13,2024-12-19 11:32:15
500110057,14,1,13,2024-12-19 11:36:15
500101122,14,0,14,2024-12-19 12:15:16
500101187,14,0,14,2024-12-19 12:19:16
500104033,14,0,14,2024-12-19 12:00:19
500104116,14,0,14,2024-12-19 09:30:18
500104120,14,0,14,2024-12-19 10:17:16
500105015,14,0,14,2024-12-19 11:04:16
500109009,14,0,14,2024-12-19 12:12:15
500113016,14,0,14,2024-12-19 10:26:15
500113083,14,0,14,2024-12-19 11:52:16
500107044,14,6,7,2024-12-19 04:17:15
500104015,14,14,0,2024-12-19 17:28:14
500104082,14,9,0,2024-12-19 19:48:15
500108135,14,14,0,2024-12-19 17:57:16
500103056,14,12,1,2024-12-19 18:21:16
500105015,14,13,1,2024-12-19 17:47:16
500106125,14,13,1,2024-12-19 17:57:15
500101187,14,12,2,2024-12-19 19:46:14
500106125,14,9,2,2024-12-19 19:41:16
500107070,14,12,2,2024-12-19 18:56:15
500107070,14,12,2,2024-12-19 21:04:16
500111090,14,12,2,2024-12-19 17:23:15
500113001,14,12,2,2024-12-19 18:01:16
500101187,14,11,3,2024-12-19 20:06:15
500104082,14,6,3,2024-12-19 19:35:16
500104104,14,11,3,2024-12-19 20:57:16
500104104,14,11,3,2024-12-19 18:11:16
500106125,14,5,3,2024-12-19 20:53:15
500108135,14,11,3,2024-12-19 20:29:15
500113001,14,11,3,2024-12-19 17:46:15
500101158,14,10,4,2024-12-19 18:23:16
500103056,14,9,4,2024-12-19 19:33:15
500110050,14,10,4,2024-12-19 20:01:15
500101242,14,7,5,2024-12-19 18:47:16
500103056,14,8,5,2024-12-19 17:03:16
500103070,14,9,5,2024-12-19 18:36:16
500106020,14,8,5,2024-12-19 21:04:15
500106113,14,9,5,2024-12-19 17:29:16
500106114,14,9,5,2024-12-19 21:06:15
500106125,14,9,5,2024-12-19 17:47:16
500108151,14,9,5,2024-12-19 18:07:16
500101242,14,6,6,2024-12-19 18:14:15
500103033,14,8,6,2024-12-19 19:18:15
500103070,14,8,6,2024-12-19 20:16:16
500104015,14,5,6,2024-12-19 19:30:17
500105042,14,8,6,2024-12-19 20:11:16
500105091,14,8,6,2024-12-19 17:58:16
500108006,14,6,6,2024-12-19 20:56:15
500109078,14,7,6,2024-12-19 19:29:15
500109078,14,7,6,2024-12-19 19:32:15
500103006,14,7,7,2024-12-19 20:11:15
500103063,14,7,7,2024-12-19 20:10:16
500104116,14,3,7,2024-12-19 20:19:16
500106094,14,7,7,2024-12-19 18:58:16
500107070,14,7,7,2024-12-19 19:53:15
500108006,14,7,7,2024-12-19 19:51:15
500110050,14,7,7,2024-12-19 18:38:16
500110085,14,6,7,2024-12-19 19:35:16
500112002,14,7,7,2024-12-19 19:29:15
500112093,14,7,7,2024-12-19 17:27:16
500101122,14,6,8,2024-12-19 21:07:16
500103063,14,6,8,2024-12-19 20:09:15
500107070,14,6,8,2024-12-19 17:25:16
500108152,14,6,8,2024-12-19 19:17:15
500111080,14,6,8,2024-12-19 18:48:15
500112002,14,6,8,2024-12-19 20:31:15
500112093,14,6,8,2024-12-19 17:59:15
500103022,14,5,9,2024-12-19 20:35:16
500103022,14,5,9,2024-12-19 18:49:16
500104015,14,2,9,2024-12-19 19:19:16
500104015,14,5,9,2024-12-19 18:18:16
500109094,14,5,9,2024-12-19 18:28:16
500113016,14,5,9,2024-12-19 17:26:15
500103033,14,4,10,2024-12-19 20:59:15
500105047,14,4,10,2024-12-19 20:13:15
500105047,14,4,10,2024-12-19 17:33:16
500105091,14,4,10,2024-12-19 17:23:15
500105091,14,3,10,2024-12-19 21:01:15
500107044,14,3,10,2024-12-19 20:33:15
500113083,14,4,10,2024-12-19 18:41:15
500101015,14,3,11,2024-12-19 21:03:15
500103022,14,3,11,2024-12-19 19:48:14
500108006,14,3,11,2024-12-19 17:53:15
500108152,14,3,11,2024-12-19 18:07:16
500109094,14,3,11,2024-12-19 17:04:15
500112093,14,3,11,2024-12-19 20:59:15
500103006,14,2,12,2024-12-19 18:08:16
500103070,14,2,12,2024-12-19 17:43:16
500104104,14,2,12,2024-12-19 17:48:15
500105015,14,2,12,2024-12-19 20:53:15
500105047,14,2,12,2024-12-19 18:27:15
500108006,14,2,12,2024-12-19 20:12:15
500109009,14,2,12,2024-12-19 19:46:14
500110057,14,2,12,2024-12-19 20:59:15
500113016,14,2,12,2024-12-19 20:03:15
500101015,14,1,13,2024-12-19 18:40:17
500105015,14,1,13,2024-12-19 19:18:16
500105047,14,1,13,2024-12-19 19:18:15
500110010,14,1,13,2024-12-19 17:48:14
500113055,14,1,13,2024-12-19 18:49:15
500119085,14,1,13,2024-12-19 19:44:15
500119085,14,1,13,2024-12-19 18:35:16
500105015,14,0,14,2024-12-19 19:38:15
500110010,14,0,14,2024-12-19 18:13:17
500111091,14,13,1,2024-12-19 13:42:15
500119085,14,13,1,2024-12-19 13:53:15
500103033,14,12,2,2024-12-19 17:16:16
500107124,14,12,2,2024-12-19 17:14:16
500119085,14,12,2,2024-12-19 15:36:15
500104116,14,10,4,2024-12-19 16:58:15
500107124,14,10,4,2024-12-19 14:46:15
500108151,14,10,4,2024-12-19 15:08:14
500109078,14,9,4,2024-12-19 17:08:16
500111091,14,10,4,2024-12-19 16:56:15
500106020,14,8,5,2024-12-19 16:55:16
500110050,14,9,5,2024-12-19 16:57:15
500110050,14,8,6,2024-12-19 15:18:15
500101242,14,6,7,2024-12-19 13:43:15
500104033,14,7,7,2024-12-19 13:52:15
500105034,14,7,7,2024-12-19 16:14:15
500110085,14,6,7,2024-12-19 14:05:15
500112093,14,7,7,2024-12-19 13:51:15
500113001,14,7,7,2024-12-19 14:59:14
500113001,14,7,7,2024-12-19 16:36:15
500101158,14,6,8,2024-12-19 17:05:17
500104033,14,6,8,2024-12-19 17:04:15
500107098,14,6,8,2024-12-19 14:59:15
500110085,14,5,8,2024-12-19 16:54:16
500101158,14,5,9,2024-12-19 16:17:15
500104118,14,3,9,2024-12-19 13:11:15
500113001,14,5,9,2024-12-19 16:42:15
500101158,14,4,10,2024-12-19 15:05:16
500104104,14,4,10,2024-12-19 15:47:15
500103022,14,3,11,2024-12-19 16:13:15
500105047,14,3,11,2024-12-19 16:57:15
500105091,14,3,11,2024-12-19 16:21:15
500107044,14,2,11,2024-12-19 16:48:15
500107044,14,2,11,2024-12-19 16:55:16
500101015,14,2,12,2024-12-19 14:27:15
500103070,14,2,12,2024-12-19 13:42:15
500104104,14,2,12,2024-12-19 13:42:15
500104104,14,2,12,2024-12-19 16:50:17
500106125,14,2,12,2024-12-19 14:17:15
500108006,14,2,12,2024-12-19 16:15:16
500113016,14,2,12,2024-12-19 14:01:17
500101219,14,1,13,2024-12-19 15:39:15
500106125,14,1,13,2024-12-19 14:32:14
500107107,14,1,13,2024-12-19 15:28:14
500107107,14,0,14,2024-12-19 13:48:15
500103070,14,10,4,2024-12-19 21:44:15
500103033,14,14,0,2024-12-19 08:26:15
500108167,14,14,0,2024-12-19 08:17:15
500110085,14,13,0,2024-12-19 07:26:15
500113055,14,14,0,2024-12-19 08:27:16
500101219,14,13,1,2024-12-19 08:02:15
500104015,14,13,1,2024-12-19 08:44:17
500106114,14,13,1,2024-12-19 05:11:15
500106114,14,13,1,2024-12-19 06:44:15
500108167,14,13,1,2024-12-19 07:25:15
500110010,14,13,1,2024-12-19 08:47:15
500112002,14,12,1,2024-12-19 05:02:15
500101187,14,11,3,2024-12-19 05:18:15
500101219,14,11,3,2024-12-19 07:42:15
500110057,14,11,3,2024-12-19 08:37:15
500101219,14,10,4,2024-12-19 07:08:15
500101219,14,10,4,2024-12-19 07:31:16
500103022,14,9,4,2024-12-19 06:17:14
500110010,14,10,4,2024-12-19 05:58:15
500111066,14,10,4,2024-12-19 07:54:15
500101242,14,5,5,2024-12-19 06:48:15
500103022,14,9,5,2024-12-19 07:22:15
500104082,14,8,5,2024-12-19 05:07:15
500105091,14,7,5,2024-12-19 06:17:14
500107107,14,9,5,2024-12-19 07:27:15
500108152,14,9,5,2024-12-19 07:37:15
500108152,14,9,5,2024-12-19 07:56:15
500111066,14,9,5,2024-12-19 07:40:16
500111091,14,9,5,2024-12-19 07:44:15
500112093,14,9,5,2024-12-19 08:37:15
500112093,14,9,5,2024-12-19 07:45:16
500113085,14,9,5,2024-12-19 07:44:15
500103033,14,8,6,2024-12-19 07:30:16
500104015,14,5,6,2024-12-19 06:24:15
500104103,14,8,6,2024-12-19 07:32:15
500106125,14,4,6,2024-12-19 06:50:16
500113001,14,7,6,2024-12-19 08:03:15
500113085,14,8,6,2024-12-19 07:56:15
500113085,14,7,7,2024-12-19 08:34:15
500103056,14,4,8,2024-12-19 07:20:16
500103063,14,6,8,2024-12-19 07:39:15
500106125,14,2,8,2024-12-19 05:54:15
500107098,14,6,8,2024-12-19 07:54:15
500108135,14,6,8,2024-12-19 08:53:15
500111091,14,6,8,2024-12-19 06:45:16
500112093,14,6,8,2024-12-19 07:37:15
500113016,14,6,8,2024-12-19 07:51:15
500104120,14,5,9,2024-12-19 08:27:16
500104120,14,4,9,2024-12-19 07:47:15
500108152,14,5,9,2024-12-19 06:30:16
500108152,14,5,9,2024-12-19 06:00:17
500110057,14,3,9,2024-12-19 08:03:15
500104126,14,4,10,2024-12-19 08:01:15
500105047,14,4,10,2024-12-19 08:21:16
500106125,14,3,10,2024-12-19 07:56:15
500113001,14,3,10,2024-12-19 06:55:15
500106094,14,3,11,2024-12-19 07:49:15
500107107,14,3,11,2024-12-19 08:56:16
500109009,14,3,11,2024-12-19 07:55:17
500109078,14,3,11,2024-12-19 07:36:15
500119085,14,3,11,2024-12-19 07:57:16
500104116,14,2,12,2024-12-19 08:54:15
500109078,14,2,12,2024-12-19 06:26:14
500110050,14,2,12,2024-12-19 05:41:14
500103060,14,1,13,2024-12-19 06:54:15
500104082,14,0,13,2024-12-19 07:50:19
500104126,14,1,13,2024-12-19 08:37:15
500109009,14,1,13,2024-12-19 07:40:15
500112002,14,0,13,2024-12-19 08:36:15
500101122,14,0,14,2024-12-19 07:26:15
500105073,14,0,14,2024-12-19 08:16:15
500106114,14,13,1,2024-12-19 00:17:15
500107044,14,6,7,2024-12-19 00:04:16
500111080,14,5,9,2024-12-19 00:06:15
500111080,14,3,11,2024-12-19 00:32:15
500107124,14,1,13,2024-12-19 00:17:15
500108167,14,4,8,2024-12-19 21:42:15
500113083,14,7,7,2024-12-19 23:31:15
500104103,14,8,6,2024-12-19 23:47:14
500103006,14,10,4,2024-12-19 23:58:14
500101015,14,6,8,2024-12-19 23:48:14
500106113,14,13,0,2024-12-19 23:06:15
500105097,14,2,12,2024-12-19 00:43:15
500104103,14,9,5,2024-12-19 00:28:14
500109009,14,10,4,2024-12-19 00:38:15
500101158,14,14,0,2024-12-19 00:22:15
500112093,14,0,14,2024-12-19 22:20:17
500103060,14,1,13,2024-12-19 22:41:15
500107124,14,3,11,2024-12-19 22:46:15
500101219,14,4,10,2024-12-19 22:15:16
500113083,14,5,9,2024-12-19 22:54:15
500110085,14,4,9,2024-12-19 22:25:16
500107044,14,7,6,2024-12-19 22:39:15
500111091,14,1,13,2024-12-19 21:36:15
500106125,14,4,4,2024-12-19 21:30:16
500108135,14,12,2,2024-12-19 21:31:15
500119085,14,1,13,2024-12-19 02:50:16
500104067,14,7,6,2024-12-19 01:42:14
500105091,14,12,1,2024-12-19 01:26:15
500103033,14,12,2,2024-12-19 01:19:15
500112002,14,13,1,2024-12-19 02:56:14
500108167,14,6,5,2024-12-19 04:06:15
500101122,14,6,8,2024-12-19 04:07:17
500104033,14,10,4,2024-12-19 04:09:17
500111080,14,10,4,2024-12-19 03:57:15
500111091,14,2,12,2024-12-19 21:42:15
500106125,14,5,3,2024-12-19 22:02:16
500110085,14,5,8,2024-12-19 22:06:14
500103006,14,8,6,2024-12-19 22:00:16
500105073,14,8,6,2024-12-19 21:44:15
500110057,14,9,3,2024-12-19 22:04:15
500106113,14,12,2,2024-12-19 21:58:15
500106094,14,14,0,2024-12-19 22:09:15
500105047,14,4,10,2024-12-19 21:59:15
500106114,14,12,2,2024-12-19 21:57:15
500111080,14,6,8,2024-12-19 03:09:15
500110057,14,8,2,2024-12-19 03:12:14
500112093,14,0,14,2024-12-19 23:52:15
500108006,14,3,9,2024-12-19 23:59:15
500101219,14,7,7,2024-12-19 23:56:14
500105015,14,12,2,2024-12-19 02:02:15
500103033,14,7,7,2024-12-19 22:45:16
500101015,14,0,14,2024-12-19 22:16:15
500119085,14,2,12,2024-12-19 22:19:15
500107124,14,4,10,2024-12-19 04:39:15
500103060,14,13,1,2024-12-19 11:01:16
500103060,14,12,2,2024-12-19 09:05:16
500109078,14,12,2,2024-12-19 09:03:14
500111066,14,12,2,2024-12-19 12:24:16
500113001,14,11,2,2024-12-19 09:08:15
500101219,14,11,3,2024-12-19 09:26:15
500106113,14,11,3,2024-12-19 12:38:15
500113001,14,10,3,2024-12-19 11:40:17
500103033,14,10,4,2024-12-19 11:04:15
500110010,14,10,4,2024-12-19 12:38:15
500119085,14,10,4,2024-12-19 13:08:15
500110050,14,9,5,2024-12-19 12:58:15
500119085,14,9,5,2024-12-19 11:05:17
500103070,14,8,6,2024-12-19 09:25:16
500108167,14,8,6,2024-12-19 10:55:17
500112093,14,8,6,2024-12-19 11:43:15
500112093,14,8,6,2024-12-19 10:57:15
500101242,14,6,7,2024-12-19 12:17:16
500101242,14,6,7,2024-12-19 12:39:14
500105047,14,7,7,2024-12-19 12:59:15
500105047,14,7,7,2024-12-19 09:24:15
500108151,14,7,7,2024-12-19 09:08:15
500108152,14,7,7,2024-12-19 09:07:15
500110085,14,6,7,2024-12-19 09:11:15
500112093,14,7,7,2024-12-19 10:05:16
500113061,14,7,7,2024-12-19 11:10:16
500113085,14,7,7,2024-12-19 12:37:15
500103006,14,6,8,2024-12-19 11:40:17
500104120,14,6,8,2024-12-19 12:16:15
500105042,14,6,8,2024-12-19 12:54:15
500106114,14,6,8,2024-12-19 09:26:15
500107044,14,5,8,2024-12-19 09:54:15
500109094,14,6,8,2024-12-19 09:31:15
500110050,14,6,8,2024-12-19 11:18:15
500110085,14,5,8,2024-12-19 10:06:15
500106094,14,5,9,2024-12-19 09:41:15
500106113,14,5,9,2024-12-19 11:09:15
500107070,14,5,9,2024-12-19 11:00:18
500108135,14,5,9,2024-12-19 09:07:15
500108167,14,5,9,2024-12-19 11:43:15
500103063,14,4,10,2024-12-19 09:24:15
500104118,14,2,10,2024-12-19 10:36:14
500104120,14,4,10,2024-12-19 11:47:16
500105054,14,4,10,2024-12-19 11:01:18
500106113,14,4,10,2024-12-19 09:41:15
500107044,14,3,10,2024-12-19 10:04:15
500107124,14,4,10,2024-12-19 10:57:15
500107124,14,4,10,2024-12-19 11:05:17
500108006,14,4,10,2024-12-19 11:39:15
500101158,14,3,11,2024-12-19 09:07:15
500103006,14,3,11,2024-12-19 10:17:16
500103022,14,3,11,2024-12-19 10:52:15
500104082,14,3,11,2024-12-19 09:27:15
500107070,14,3,11,2024-12-19 10:18:15
500107098,14,3,11,2024-12-19 11:25:15
500110057,14,3,11,2024-12-19 12:27:15
500110057,14,3,11,2024-12-19 09:07:15
500101015,14,2,12,2024-12-19 10:20:16
500103063,14,2,12,2024-12-19 12:36:15
500103063,14,2,12,2024-12-19 10:11:15
500104126,14,2,12,2024-12-19 11:38:15
500113016,14,2,12,2024-12-19 09:11:15
500113083,14,2,12,2024-12-19 10:25:16
500103022,14,1,13,2024-12-19 09:14:15
500104103,14,1,13,2024-12-19 09:54:15
500104116,14,1,13,2024-12-19 10:10:16
500104126,14,1,13,2024-12-19 09:27:15
500107107,14,1,13,2024-12-19 12:26:15
500113016,14,1,13,2024-12-19 11:58:16
500101122,14,0,14,2024-12-19 09:08:16
500105015,14,0,14,2024-12-19 09:42:15
500105015,14,0,14,2024-12-19 11:26:15
500105054,14,0,14,2024-12-19 09:10:18
500105097,14,0,14,2024-12-19 07:36:15
500110050,14,0,14,2024-12-19 09:07:15
500112093,14,0,14,2024-12-19 09:06:14
500104033,14,14,0,2024-12-19 19:18:16
500104082,14,14,0,2024-12-19 17:18:15
500105015,14,14,0,2024-12-19 17:58:16
500106020,14,13,0,2024-12-19 18:21:16
500106094,14,14,0,2024-12-19 20:38:16
500106094,14,14,0,2024-12-19 19:37:15
500106125,14,11,0,2024-12-19 20:06:16
500107124,14,14,0,2024-12-19 17:42:17
500110057,14,14,0,2024-12-19 20:39:16
500110057,14,14,0,2024-12-19 17:28:15
500110057,14,14,0,2024-12-19 20:41:18
500101158,14,13,1,2024-12-19 19:57:14
500104103,14,13,1,2024-12-19 19:01:18
500104103,14,13,1,2024-12-19 18:13:16
500104103,14,13,1,2024-12-19 18:36:16
500104104,14,13,1,2024-12-19 18:08:16
500106020,14,12,1,2024-12-19 19:43:16
500106114,14,13,1,2024-12-19 19:37:16
500108135,14,13,1,2024-12-19 18:01:18
500113085,14,13,1,2024-12-19 19:05:16
500106125,14,9,2,2024-12-19 20:13:15
500107070,14,12,2,2024-12-19 18:45:16
500107124,14,12,2,2024-12-19 17:28:15
500101158,14,11,3,2024-12-19 18:36:16
500101242,14,9,3,2024-12-19 20:27:15
500105091,14,11,3,2024-12-19 18:53:15
500105097,14,11,3,2024-12-19 20:39:15
500106020,14,10,3,2024-12-19 17:44:15
500106114,14,11,3,2024-12-19 17:55:17
500113001,14,11,3,2024-12-19 20:57:15
500113085,14,11,3,2024-12-19 20:36:15
500101242,14,9,4,2024-12-19 17:48:15
500103056,14,9,4,2024-12-19 20:27:15
500104033,14,10,4,2024-12-19 17:59:14
500108167,14,10,4,2024-12-19 18:08:16
500113016,14,10,4,2024-12-19 19:00:18
500103033,14,9,5,2024-12-19 18:25:17
500110050,14,9,5,2024-12-19 20:11:15
500111066,14,9,5,2024-12-19 17:16:16
500112093,14,9,5,2024-12-19 18:29:16
500103056,14,7,6,2024-12-19 19:23:16
500103063,14,8,6,2024-12-19 21:05:16
500104082,14,6,6,2024-12-19 19:06:16
500104116,14,4,6,2024-12-19 18:43:15
500107124,14,8,6,2024-12-19 21:04:15
500109078,14,7,6,2024-12-19 18:45:16
500109078,14,7,6,2024-12-19 19:47:15
500103070,14,7,7,2024-12-19 19:43:15
500106113,14,7,7,2024-12-19 17:27:16
500107070,14,7,7,2024-12-19 20:26:15
500107124,14,7,7,2024-12-19 18:28:16
500109078,14,6,7,2024-12-19 18:23:16
500104082,14,2,8,2024-12-19 20:53:15
500104082,14,4,8,2024-12-19 18:37:15
500105091,14,6,8,2024-12-19 17:48:15
500106113,14,6,8,2024-12-19 18:38:15
500110050,14,6,8,2024-12-19 20:48:15
500110085,14,5,8,2024-12-19 20:03:15
500103022,14,5,9,2024-12-19 17:43:16
500104126,14,5,9,2024-12-19 20:56:15
500105064,14,5,9,2024-12-19 20:59:15
500107044,14,4,9,2024-12-19 17:51:16
500108152,14,5,9,2024-12-19 18:47:16
500109009,14,5,9,2024-12-19 20:20:16
500109009,14,5,9,2024-12-19 21:18:15
500111080,14,5,9,2024-12-19 19:26:15
500103022,14,4,10,2024-12-19 20:23:15
500104120,14,4,10,2024-12-19 19:55:16
500104120,14,4,10,2024-12-19 17:30:16
500105034,14,4,10,2024-12-19 18:47:16
500105073,14,4,10,2024-12-19 20:11:16
500107098,14,4,10,2024-12-19 20:15:16
500109009,14,4,10,2024-12-19 20:39:15
500110050,14,4,10,2024-12-19 21:09:16
500110085,14,3,10,2024-12-19 19:16:15
500113001,14,4,10,2024-12-19 20:07:15
500101015,14,3,11,2024-12-19 19:47:15
500103006,14,3,11,2024-12-19 17:26:15
500103033,14,3,11,2024-12-19 21:00:16
500104015,14,0,11,2024-12-19 21:19:16
500105047,14,3,11,2024-12-19 20:07:15
500106113,14,3,11,2024-12-19 19:46:15
500101015,14,2,12,2024-12-19 20:56:15
500101219,14,2,12,2024-12-19 17:52:15
500103060,14,2,12,2024-12-19 17:43:16
500105034,14,2,12,2024-12-19 20:43:15
500107044,14,1,12,2024-12-19 19:07:15
500108006,14,2,12,2024-12-19 18:17:15
500110057,14,2,12,2024-12-19 19:38:15
500110085,14,1,12,2024-12-19 18:58:16
500111091,14,2,12,2024-12-19 20:10:17
500101015,14,1,13,2024-12-19 19:20:19
500103006,14,1,13,2024-12-19 18:16:16
500103060,14,1,13,2024-12-19 19:29:15
500110010,14,1,13,2024-12-19 18:08:16
500111091,14,1,13,2024-12-19 18:19:16
500113055,14,1,13,2024-12-19 18:38:16
500119085,14,1,13,2024-12-19 19:04:15
500101122,14,0,14,2024-12-19 17:56:15
500101219,14,0,14,2024-12-19 18:28:15
500103060,14,0,14,2024-12-19 18:38:16
500104104,14,0,14,2024-12-19 19:51:16
500105015,14,14,0,2024-12-19 16:48:16
500104082,14,12,2,2024-12-19 16:15:16
500105015,14,12,2,2024-12-19 17:00:19
500108135,14,12,2,2024-12-19 13:58:16
500119085,14,12,2,2024-12-19 16:03:15
500119085,14,12,2,2024-12-19 16:38:16
500105015,14,11,3,2024-12-19 15:18:15
500108151,14,10,4,2024-12-19 14:48:15
500105047,14,9,5,2024-12-19 16:28:15
500105047,14,8,6,2024-12-19 13:18:15
500105097,14,8,6,2024-12-19 13:09:15
500106113,14,8,6,2024-12-19 16:46:15
500110050,14,8,6,2024-12-19 14:25:16
500113001,14,8,6,2024-12-19 17:18:16
500103056,14,6,7,2024-12-19 16:55:17
500103063,14,7,7,2024-12-19 16:40:16
500106113,14,7,7,2024-12-19 17:08:16
500106114,14,7,7,2024-12-19 15:47:15
500106114,14,7,7,2024-12-19 16:13:15
500107070,14,7,7,2024-12-19 17:08:16
500107124,14,7,7,2024-12-19 13:44:15
500112093,14,7,7,2024-12-19 17:08:15
500101015,14,5,9,2024-12-19 16:06:15
500104033,14,5,9,2024-12-19 16:28:15
500105047,14,5,9,2024-12-19 16:47:15
500112093,14,5,9,2024-12-19 16:16:15
500103022,14,4,10,2024-12-19 14:39:16
500103060,14,4,10,2024-12-19 14:52:16
500103060,14,4,10,2024-12-19 14:08:15
500103070,14,4,10,2024-12-19 17:13:15
500104116,14,4,10,2024-12-19 15:20:15
500103006,14,3,11,2024-12-19 15:48:15
500103070,14,3,11,2024-12-19 16:52:15
500108006,14,3,11,2024-12-19 15:10:15
500113061,14,3,11,2024-12-19 15:32:15
500103060,14,2,12,2024-12-19 17:15:17
500104104,14,2,12,2024-12-19 16:36:15
500105073,14,2,12,2024-12-19 17:18:16
500109009,14,2,12,2024-12-19 15:38:15
500112002,14,1,12,2024-12-19 13:38:15
500113055,14,2,12,2024-12-19 16:22:16
500113083,14,2,12,2024-12-19 16:00:17
500119085,14,2,12,2024-12-19 17:17:16
500104033,14,1,13,2024-12-19 14:48:14
500104104,14,1,13,2024-12-19 16:43:15
500105047,14,1,13,2024-12-19 17:17:16
500107044,14,0,13,2024-12-19 16:25:18
500107107,14,1,13,2024-12-19 17:07:15
500113083,14,1,13,2024-12-19 15:41:15
500108006,14,0,14,2024-12-19 17:18:16
500106114,14,12,2,2024-12-19 21:49:14
500113085,14,14,0,2024-12-19 05:41:15
500110010,14,13,1,2024-12-19 08:26:15
500101158,14,12,2,2024-12-19 06:42:15
500112002,14,11,2,2024-12-19 05:22:15
500101219,14,11,3,2024-12-19 08:22:14
500107044,14,10,3,2024-12-19 08:02:15
500108151,14,11,3,2024-12-19 08:06:16
500108152,14,11,3,2024-12-19 08:43:15
500110085,14,10,3,2024-12-19 07:57:15
500103022,14,10,4,2024-12-19 06:35:15
500103060,14,10,4,2024-12-19 08:57:15
500103070,14,9,4,2024-12-19 08:41:15
500108135,14,10,4,2024-12-19 07:08:15
500108152,14,10,4,2024-12-19 08:00:17
500110057,14,6,4,2024-12-19 06:01:14
500110085,14,9,4,2024-12-19 08:00:17
500113055,14,10,4,2024-12-19 08:13:15
500103070,14,8,5,2024-12-19 08:49:15
500108006,14,8,5,2024-12-19 06:23:15
500109094,14,9,5,2024-12-19 08:19:15
500103006,14,8,6,2024-12-19 05:50:15
500103033,14,8,6,2024-12-19 07:14:15
500104103,14,8,6,2024-12-19 06:50:16
500107044,14,7,6,2024-12-19 06:35:15
500107098,14,8,6,2024-12-19 07:17:14
500107124,14,8,6,2024-12-19 07:47:15
500108151,14,8,6,2024-12-19 07:59:15
500108167,14,6,6,2024-12-19 06:03:15
500112093,14,8,6,2024-12-19 06:25:15
500107070,14,7,7,2024-12-19 07:57:16
500107098,14,7,7,2024-12-19 08:34:15
500107098,14,7,7,2024-12-19 08:57:15
500110057,14,3,7,2024-12-19 06:52:14
500112002,14,6,7,2024-12-19 08:13:15
500112093,14,7,7,2024-12-19 06:02:15
500103006,14,6,8,2024-12-19 06:24:15
500105034,14,6,8,2024-12-19 07:04:15
500109094,14,6,8,2024-12-19 06:45:15
500113001,14,5,8,2024-12-19 08:10:17
500105091,14,3,9,2024-12-19 07:43:15
500107124,14,5,9,2024-12-19 06:13:14
500108167,14,5,9,2024-12-19 07:05:15
500101015,14,4,10,2024-12-19 06:25:15
500101122,14,4,10,2024-12-19 07:47:15
500101242,14,2,10,2024-12-19 08:26:14
500104082,14,3,10,2024-12-19 07:17:14
500107124,14,4,10,2024-12-19 08:37:15
500108152,14,4,10,2024-12-19 06:25:15
500109094,14,4,10,2024-12-19 06:06:14
500112093,14,4,10,2024-12-19 08:27:15
500113001,14,3,10,2024-12-19 06:02:15
500101015,14,3,11,2024-12-19 06:00:17
500104116,14,3,11,2024-12-19 08:20:17
500106020,14,1,11,2024-12-19 06:53:14
500107044,14,2,11,2024-12-19 08:45:16
500110050,14,3,11,2024-12-19 07:27:15
500101122,14,2,12,2024-12-19 08:27:16
500104104,14,2,12,2024-12-19 08:56:16
500106094,14,2,12,2024-12-19 08:47:15
500110050,14,2,12,2024-12-19 08:16:14
500113016,14,2,12,2024-12-19 08:29:15
500104082,14,0,13,2024-12-19 07:36:15
500107070,14,1,13,2024-12-19 07:46:15
500109078,14,1,13,2024-12-19 06:40:16
500110050,14,1,13,2024-12-19 07:47:15
500104120,14,0,14,2024-12-19 08:45:16
500106113,14,0,14,2024-12-19 06:56:16
500106125,14,5,3,2024-12-19 23:28:15
500113083,14,6,8,2024-12-19 23:22:15
500101187,14,9,5,2024-12-19 00:14:15
500105015,14,12,2,2024-12-19 00:35:16
500106125,14,6,3,2024-12-19 00:17:15
500110085,14,5,7,2024-12-19 23:13:14
500105047,14,4,10,2024-12-19 23:48:14
500111080,14,7,7,2024-12-19 23:32:15
500103022,14,10,4,2024-12-19 23:38:15
500104104,14,0,14,2024-12-19 00:43:15
500109078,14,4,10,2024-12-19 00:02:15
500104033,14,5,9,2024-12-19 00:27:15
500111091,14,7,7,2024-12-19 00:19:15
500106125,14,8,1,2024-12-19 01:13:15
500104120,14,10,3,2024-12-19 00:58:16
500107107,14,11,2,2024-12-19 01:05:16
500101219,14,12,2,2024-12-19 01:11:15
500108135,14,12,2,2024-12-19 00:13:15
500112002,14,13,1,2024-12-19 00:16:15
500106114,14,14,0,2024-12-19 00:27:15
500119085,14,1,13,2024-12-19 23:18:15
500104082,14,3,5,2024-12-19 23:01:15
500110057,14,4,8,2024-12-19 23:12:15
500103022,14,9,5,2024-12-19 23:12:15
500113001,14,9,5,2024-12-19 22:44:14
500101158,14,13,1,2024-12-19 23:10:17
500103070,14,14,0,2024-12-19 22:01:17
500112093,14,0,14,2024-12-19 21:38:16
500113061,14,1,13,2024-12-19 19:41:16
500109078,14,5,8,2024-12-19 21:03:15
500111090,14,8,6,2024-12-19 19:58:15
500113085,14,14,0,2024-12-19 21:33:15
500104104,14,5,9,2024-12-19 02:01:16
500113061,14,11,3,2024-12-19 02:25:15
500112093,14,4,10,2024-12-19 03:58:15
500105015,14,3,11,2024-12-19 21:46:15
500101242,14,1,9,2024-12-19 21:59:15
500104015,14,3,8,2024-12-19 21:59:15
500113083,14,3,11,2024-12-19 21:59:15
500108006,14,9,4,2024-12-19 00:58:14
500107044,14,5,8,2024-12-19 01:29:15
500113061,14,10,4,2024-12-19 01:36:15
500112002,14,14,0,2024-12-19 02:46:15
500104104,14,5,9,2024-12-19 23:02:14
500105097,14,7,7,2024-12-19 22:57:15
500110057,14,9,3,2024-12-19 22:15:15
500101015,14,5,9,2024-12-19 23:26:15
500101219,14,6,8,2024-12-19 23:27:14
500101242,14,9,1,2024-12-19 23:20:16
500106125,14,5,5,2024-12-19 01:58:15
500119085,14,14,0,2024-12-19 09:30:18
500119085,14,14,0,2024-12-19 10:04:16
500107070,14,13,1,2024-12-19 11:56:15
500103033,14,12,2,2024-12-19 12:36:15
500106020,14,11,2,2024-12-19 10:04:15
500108151,14,12,2,2024-12-19 09:30:16
500111066,14,12,2,2024-12-19 12:02:16
500103060,14,11,3,2024-12-19 10:06:14
500110010,14,11,3,2024-12-19 09:19:15
500110010,14,11,3,2024-12-19 10:03:15
500111091,14,11,3,2024-12-19 09:05:16
500113001,14,10,3,2024-12-19 10:26:14
500103060,14,10,4,2024-12-19 09:27:14
500110010,14,10,4,2024-12-19 10:15:16
500110050,14,10,4,2024-12-19 13:08:15
500106020,14,8,5,2024-12-19 12:12:15
500108152,14,9,5,2024-12-19 09:56:16
500110010,14,9,5,2024-12-19 12:26:15
500110050,14,9,5,2024-12-19 12:18:15
500113001,14,8,5,2024-12-19 12:05:17
500101219,14,8,6,2024-12-19 11:59:16
500103033,14,8,6,2024-12-19 10:55:17
500110010,14,8,6,2024-12-19 12:02:16
500111090,14,8,6,2024-12-19 08:34:15
500112093,14,8,6,2024-12-19 12:28:15
500103060,14,7,7,2024-12-19 12:59:16
500103070,14,7,7,2024-12-19 10:26:14
500103070,14,7,7,2024-12-19 10:52:15
500108152,14,7,7,2024-12-19 11:38:14
500112093,14,7,7,2024-12-19 11:07:16
500101242,14,5,8,2024-12-19 11:27:15
500101242,14,5,8,2024-12-19 12:07:15
500104033,14,6,8,2024-12-19 12:39:15
500109078,14,5,8,2024-12-19 10:51:16
500110050,14,6,8,2024-12-19 10:57:15
500112002,14,5,8,2024-12-19 10:33:15
500113061,14,6,8,2024-12-19 11:21:14
500119085,14,6,8,2024-12-19 12:58:15
500103022,14,5,9,2024-12-19 10:35:16
500109078,14,5,9,2024-12-19 10:48:15
500110057,14,5,9,2024-12-19 10:32:15
500103022,14,4,10,2024-12-19 11:31:15
500103056,14,3,10,2024-12-19 09:10:15
500103070,14,4,10,2024-12-19 11:26:15
500104116,14,4,10,2024-12-19 12:19:15
500106094,14,4,10,2024-12-19 12:00:19
500109078,14,3,10,2024-12-19 11:55:18
500109094,14,4,10,2024-12-19 08:41:15
500110057,14,4,10,2024-12-19 11:01:17
500112002,14,3,10,2024-12-19 09:34:15
500112002,14,3,10,2024-12-19 11:57:16
500113055,14,4,10,2024-12-19 09:48:15
500113083,14,4,10,2024-12-19 09:46:16
500101158,14,3,11,2024-12-19 11:42:16
500103022,14,3,11,2024-12-19 09:00:18
500103022,14,3,11,2024-12-19 10:13:16
500103056,14,2,11,2024-12-19 10:02:15
500103063,14,3,11,2024-12-19 10:25:16
500103070,14,3,11,2024-12-19 11:33:16
500106113,14,3,11,2024-12-19 11:37:15
500107124,14,3,11,2024-12-19 12:17:16
500110085,14,2,11,2024-12-19 12:06:16
500112002,14,2,11,2024-12-19 09:05:16
500101015,14,2,12,2024-12-19 09:36:15
500101242,14,1,12,2024-12-19 10:06:15
500103006,14,2,12,2024-12-19 12:43:15
500104104,14,2,12,2024-12-19 09:54:15
500104126,14,2,12,2024-12-19 10:39:15
500107098,14,2,12,2024-12-19 12:19:16
500108151,14,2,12,2024-12-19 12:24:16
500108151,14,2,12,2024-12-19 10:36:14
500110057,14,2,12,2024-12-19 13:05:16
500110057,14,2,12,2024-12-19 09:08:14
500113055,14,2,12,2024-12-19 11:43:15
500101015,14,1,13,2024-12-19 11:29:15
500101015,14,1,13,2024-12-19 10:30:16
500101122,14,1,13,2024-12-19 09:26:15
500101187,14,1,13,2024-12-19 09:16:15
500103063,14,1,13,2024-12-19 11:38:15
500103070,14,1,13,2024-12-19 12:24:16
500104033,14,1,13,2024-12-19 09:53:17
500104082,14,1,13,2024-12-19 09:39:15
500104120,14,1,13,2024-12-19 09:09:15
500107107,14,1,13,2024-12-19 12:46:15
500103006,14,0,14,2024-12-19 09:26:15
500103063,14,0,14,2024-12-19 11:00:19
500104033,14,0,14,2024-12-19 11:18:15
500104082,14,0,14,2024-12-19 12:04:15
500105015,14,0,14,2024-12-19 12:04:15
500105015,14,0,14,2024-12-19 09:36:15
500105015,14,0,14,2024-12-19 10:03:17
500113061,14,0,14,2024-12-19 12:03:15
500104015,14,14,0,2024-12-19 17:30:19
500106125,14,9,0,2024-12-19 20:30:20
500101187,14,13,1,2024-12-19 20:49:14
500103063,14,13,1,2024-12-19 17:41:16
500106114,14,12,2,2024-12-19 18:06:15
500107070,14,12,2,2024-12-19 18:05:16
500108135,14,12,2,2024-12-19 18:11:16
500101187,14,11,3,2024-12-19 19:30:16
500103033,14,11,3,2024-12-19 17:30:16
500104033,14,11,3,2024-12-19 18:00:18
500104116,14,7,3,2024-12-19 20:06:15
500105097,14,11,3,2024-12-19 19:59:16
500106020,14,10,3,2024-12-19 20:49:15
500106114,14,11,3,2024-12-19 21:18:15
500107070,14,11,3,2024-12-19 17:57:15
500107070,14,11,3,2024-12-19 19:28:14
500108151,14,11,3,2024-12-19 17:43:15
500113001,14,11,3,2024-12-19 20:49:15
500113085,14,11,3,2024-12-19 17:53:15
500101158,14,10,4,2024-12-19 18:18:16
500101187,14,10,4,2024-12-19 19:11:15
500101242,14,8,4,2024-12-19 18:29:16
500103033,14,10,4,2024-12-19 17:42:15
500104116,14,6,4,2024-12-19 19:56:16
500105097,14,10,4,2024-12-19 17:03:16
500113085,14,10,4,2024-12-19 18:37:15
500108151,14,9,5,2024-12-19 19:36:15
500110050,14,9,5,2024-12-19 19:58:15
500112093,14,9,5,2024-12-19 18:51:16
500103056,14,7,6,2024-12-19 21:19:16
500106114,14,8,6,2024-12-19 18:47:16
500106125,14,5,6,2024-12-19 19:05:16
500101187,14,7,7,2024-12-19 18:44:16
500103033,14,7,7,2024-12-19 19:37:15
500104116,14,3,7,2024-12-19 18:37:15
500107070,14,7,7,2024-12-19 17:32:15
500110050,14,7,7,2024-12-19 18:00:18
500103022,14,6,8,2024-12-19 17:34:15
500104033,14,6,8,2024-12-19 17:44:15
500104120,14,6,8,2024-12-19 20:05:16
500104126,14,6,8,2024-12-19 19:44:14
500104126,14,6,8,2024-12-19 19:17:15
500106094,14,6,8,2024-12-19 17:59:15
500106094,14,6,8,2024-12-19 18:31:15
500107044,14,5,8,2024-12-19 21:08:15
500107070,14,6,8,2024-12-19 20:00:17
500110085,14,5,8,2024-12-19 20:38:15
500111080,14,6,8,2024-12-19 19:18:15
500112002,14,6,8,2024-12-19 18:36:16
500113055,14,6,8,2024-12-19 17:26:15
500103033,14,5,9,2024-12-19 20:27:15
500105073,14,5,9,2024-12-19 20:22:14
500105073,14,5,9,2024-12-19 20:48:15
500107070,14,5,9,2024-12-19 20:39:16
500109009,14,5,9,2024-12-19 21:05:15
500109094,14,5,9,2024-12-19 19:47:15
500110057,14,3,9,2024-12-19 21:08:15
500110085,14,4,9,2024-12-19 20:26:16
500106113,14,4,10,2024-12-19 20:38:15
500106113,14,4,10,2024-12-19 19:17:15
500107044,14,3,10,2024-12-19 17:45:16
500108167,14,4,10,2024-12-19 19:38:15
500110010,14,4,10,2024-12-19 20:19:14
500111080,14,4,10,2024-12-19 18:38:16
500112093,14,4,10,2024-12-19 19:06:16
500103006,14,3,11,2024-12-19 18:35:16
500105073,14,3,11,2024-12-19 19:25:15
500105091,14,2,11,2024-12-19 20:06:15
500107044,14,2,11,2024-12-19 19:18:15
500107107,14,3,11,2024-12-19 17:35:15
500108006,14,3,11,2024-12-19 18:46:15
500109009,14,3,11,2024-12-19 17:46:15
500111080,14,3,11,2024-12-19 20:59:15
500113016,14,3,11,2024-12-19 20:17:15
500119085,14,3,11,2024-12-19 19:58:15
500104104,14,2,12,2024-12-19 20:28:15
500104120,14,2,12,2024-12-19 18:57:15
500105015,14,2,12,2024-12-19 21:09:16
500109009,14,2,12,2024-12-19 19:31:15
500110010,14,2,12,2024-12-19 19:43:15
500112093,14,2,12,2024-12-19 17:48:15
500113083,14,2,12,2024-12-19 18:18:16
500101122,14,1,13,2024-12-19 17:43:16
500105015,14,1,13,2024-12-19 19:49:15
500105015,14,1,13,2024-12-19 20:42:16
500105047,14,1,13,2024-12-19 18:55:17
500113016,14,1,13,2024-12-19 20:11:16
500113055,14,1,13,2024-12-19 18:47:16
500113083,14,1,13,2024-12-19 17:37:16
500101015,14,0,14,2024-12-19 18:57:19
500113001,14,0,14,2024-12-19 18:37:15
500113083,14,0,14,2024-12-19 17:27:16
500105015,14,14,0,2024-12-19 16:31:15
500119085,14,14,0,2024-12-19 16:25:18
500119085,14,14,0,2024-12-19 13:17:15
500119085,14,14,0,2024-12-19 14:05:18
500105015,14,13,1,2024-12-19 15:07:15
500111090,14,13,1,2024-12-19 16:26:15
500119085,14,13,1,2024-12-19 15:58:14
500105015,14,12,2,2024-12-19 16:08:16
500106113,14,12,2,2024-12-19 13:39:16
500119085,14,12,2,2024-12-19 15:18:16
500105015,14,11,3,2024-12-19 14:20:16
500113085,14,10,4,2024-12-19 16:21:15
500119085,14,10,4,2024-12-19 16:47:15
500104103,14,9,5,2024-12-19 16:54:16
500105047,14,9,5,2024-12-19 14:18:15
500106094,14,9,5,2024-12-19 14:20:16
500110050,14,9,5,2024-12-19 16:43:15
500101242,14,7,6,2024-12-19 15:25:15
500104116,14,8,6,2024-12-19 16:18:16
500104120,14,8,6,2024-12-19 17:06:16
500104126,14,8,6,2024-12-19 15:18:15
500106094,14,8,6,2024-12-19 15:33:15
500107070,14,8,6,2024-12-19 16:44:15
500109078,14,7,6,2024-12-19 14:45:15
500110050,14,8,6,2024-12-19 17:05:17
500106113,14,7,7,2024-12-19 17:17:16
500107098,14,7,7,2024-12-19 16:21:15
500110085,14,6,7,2024-12-19 16:24:15
500101158,14,6,8,2024-12-19 15:51:14
500101158,14,6,8,2024-12-19 15:36:15
500101187,14,6,8,2024-12-19 16:53:15
500110085,14,5,8,2024-12-19 13:11:15
500103022,14,5,9,2024-12-19 15:14:15
500104116,14,5,9,2024-12-19 14:17:15
500104120,14,5,9,2024-12-19 16:15:16
500106020,14,4,9,2024-12-19 15:34:15
500106020,14,4,9,2024-12-19 16:36:15
500112093,14,5,9,2024-12-19 15:29:15
500101015,14,4,10,2024-12-19 15:55:16
500103070,14,4,10,2024-12-19 16:04:15
500106020,14,3,10,2024-12-19 13:30:16
500108006,14,4,10,2024-12-19 16:53:14
500108006,14,4,10,2024-12-19 14:52:15
500108151,14,4,10,2024-12-19 13:23:15
500112093,14,4,10,2024-12-19 16:58:15
500113016,14,4,10,2024-12-19 16:55:17
500101187,14,3,11,2024-12-19 16:24:15
500107044,14,2,11,2024-12-19 14:20:16
500107107,14,3,11,2024-12-19 17:18:16
500108006,14,3,11,2024-12-19 17:04:15
500111080,14,3,11,2024-12-19 13:16:14
500111080,14,3,11,2024-12-19 16:36:15
500107107,14,2,12,2024-12-19 16:57:16
500109009,14,2,12,2024-12-19 13:41:15
500109094,14,2,12,2024-12-19 16:04:15
500101015,14,1,13,2024-12-19 16:58:15
500101015,14,1,13,2024-12-19 17:17:16
500101015,14,1,13,2024-12-19 14:38:15
500103006,14,1,13,2024-12-19 14:17:15
500103060,14,1,13,2024-12-19 14:28:15
500105054,14,1,13,2024-12-19 16:19:15
500106125,14,1,13,2024-12-19 16:01:16
500113083,14,1,13,2024-12-19 17:02:15
500110010,14,0,14,2024-12-19 17:18:16
500112093,14,1,13,2024-12-19 21:42:15
500103060,14,14,0,2024-12-19 08:11:16
500106114,14,14,0,2024-12-19 06:26:15
500110010,14,14,0,2024-12-19 08:11:16
500103060,14,13,1,2024-12-19 08:02:15
500103033,14,12,2,2024-12-19 08:37:15
500104126,14,12,2,2024-12-19 06:06:14
500105047,14,12,2,2024-12-19 07:37:15
500101242,14,7,3,2024-12-19 06:20:15
500108167,14,11,3,2024-12-19 07:36:15
500105015,14,10,4,2024-12-19 07:44:15
500106094,14,10,4,2024-12-19 06:42:15
500104033,14,9,5,2024-12-19 06:53:15
500107107,14,9,5,2024-12-19 05:48:14
500108152,14,9,5,2024-12-19 08:13:15
500113083,14,9,5,2024-12-19 08:08:15
500105015,14,8,6,2024-12-19 07:16:15
500105015,14,8,6,2024-12-19 07:53:15
500108151,14,8,6,2024-12-19 07:55:17
500109009,14,8,6,2024-12-19 06:05:15
500110057,14,8,6,2024-12-19 08:47:15
500111080,14,8,6,2024-12-19 06:30:17
500101122,14,7,7,2024-12-19 08:53:15
500104126,14,7,7,2024-12-19 07:24:16
500105015,14,7,7,2024-12-19 07:21:15
500105091,14,5,7,2024-12-19 07:37:15
500106094,14,7,7,2024-12-19 07:22:15
500108151,14,7,7,2024-12-19 08:57:15
500103033,14,6,8,2024-12-19 07:52:15
500104104,14,6,8,2024-12-19 07:51:14
500104126,14,6,8,2024-12-19 07:44:15
500105064,14,6,8,2024-12-19 07:10:16
500106114,14,6,8,2024-12-19 07:37:15
500106114,14,6,8,2024-12-19 08:01:15
500107070,14,6,8,2024-12-19 06:10:16
500109078,14,6,8,2024-12-19 07:57:16
500110085,14,5,8,2024-12-19 08:25:16
500101187,14,5,9,2024-12-19 07:06:15
500101187,14,5,9,2024-12-19 07:27:15
500103063,14,5,9,2024-12-19 07:57:16
500106020,14,3,9,2024-12-19 08:37:15
500106125,14,5,9,2024-12-19 08:03:15
500108151,14,5,9,2024-12-19 07:14:15
500113055,14,5,9,2024-12-19 07:37:15
500113061,14,5,9,2024-12-19 06:05:16
500101015,14,4,10,2024-12-19 07:16:15
500104118,14,2,10,2024-12-19 08:24:15
500109009,14,4,10,2024-12-19 07:24:15
500101015,14,3,11,2024-12-19 08:27:16
500101122,14,3,11,2024-12-19 07:17:14
500103006,14,3,11,2024-12-19 07:27:15
500103070,14,2,11,2024-12-19 07:26:15
500104015,14,0,11,2024-12-19 08:15:16
500109078,14,3,11,2024-12-19 05:39:15
500113016,14,3,11,2024-12-19 08:23:15
500101015,14,2,12,2024-12-19 07:34:15
500105064,14,2,12,2024-12-19 07:47:15
500106020,14,0,12,2024-12-19 07:33:15
500107070,14,1,13,2024-12-19 07:17:14
500103006,14,0,14,2024-12-19 08:50:19
500103006,14,0,14,2024-12-19 07:47:15
500104082,14,0,14,2024-12-19 08:36:17
500110050,14,0,14,2024-12-19 07:52:15
500104104,14,2,12,2024-12-19 00:06:15
500104120,14,7,4,2024-12-19 00:00:16
500108151,14,0,14,2024-12-19 00:06:15
500105054,14,1,13,2024-12-19 21:04:15
500113055,14,2,12,2024-12-19 22:00:16
500101122,14,0,14,2024-12-19 22:10:19
500119085,14,4,10,2024-12-19 01:14:14
500101242,14,7,3,2024-12-19 01:15:15
500104126,14,12,2,2024-12-19 00:55:16
500105047,14,13,1,2024-12-19 00:55:16
500113061,14,13,1,2024-12-19 01:04:14
500110050,14,0,14,2024-12-19 22:32:15
500104015,14,4,7,2024-12-19 22:09:15
500112002,14,5,8,2024-12-19 22:53:15
500103006,14,10,4,2024-12-19 23:12:15
500113001,14,7,7,2024-12-19 22:25:16
500112002,14,0,14,2024-12-19 21:36:15
500104116,14,4,5,2024-12-19 21:32:15
500110085,14,4,9,2024-12-19 21:35:15
500105015,14,5,9,2024-12-19 21:34:14
500111080,14,5,9,2024-12-19 21:06:15
500103063,14,8,6,2024-12-19 21:38:15
500106113,14,12,2,2024-12-19 21:35:16
500111080,14,5,9,2024-12-19 02:04:15
500106125,14,6,4,2024-12-19 02:15:15
500113083,14,8,6,2024-12-19 01:37:14
500101219,14,13,1,2024-12-19 02:05:16
500106020,14,0,12,2024-12-19 04:18:15
500104104,14,4,10,2024-12-19 03:40:15
500110010,14,6,8,2024-12-19 04:04:15
500105091,14,11,1,2024-12-19 03:41:15
500113061,14,2,12,2024-12-19 21:51:15
500101242,14,3,7,2024-12-19 22:06:15
500106020,14,5,8,2024-12-19 22:07:15
500111080,14,6,8,2024-12-19 21:53:15
500113016,14,8,6,2024-12-19 22:05:16
500105073,14,7,7,2024-12-19 01:24:14
500101015,14,2,12,2024-12-19 21:56:15
500110085,14,6,7,2024-12-19 21:55:17
500104082,14,8,2,2024-12-19 21:59:15
500110057,14,9,1,2024-12-19 03:35:15
500103063,14,12,2,2024-12-19 03:27:15
500101242,14,6,4,2024-12-19 23:55:15
500110057,14,4,6,2024-12-19 01:06:15
500101219,14,10,4,2024-12-19 00:07:15
500105015,14,14,0,2024-12-19 01:45:16
500119085,14,2,12,2024-12-19 22:43:15
500112002,14,6,8,2024-12-19 22:46:15
500107044,14,8,5,2024-12-19 22:45:16
500105073,14,11,3,2024-12-19 23:09:15
500103033,14,10,4,2024-12-19 04:40:15
500110057,14,10,2,2024-12-19 22:22:15
500113061,14,6,8,2024-12-19 23:24:15
500119085,14,13,1,2024-12-19 09:27:15
500103060,14,12,2,2024-12-19 10:58:16
500108135,14,12,2,2024-12-19 12:38:15
500109078,14,12,2,2024-12-19 09:54:15
500110057,14,12,2,2024-12-19 10:07:16
500104015,14,11,3,2024-12-19 09:09:15
500110010,14,10,4,2024-12-19 09:30:16
500101158,14,9,5,2024-12-19 10:18:15
500103070,14,8,5,2024-12-19 09:04:15
500105047,14,9,5,2024-12-19 09:05:16
500107044,14,8,5,2024-12-19 09:36:15
500110050,14,9,5,2024-12-19 11:50:16
500112093,14,9,5,2024-12-19 13:06:15
500101242,14,7,6,2024-12-19 11:11:15
500103060,14,8,6,2024-12-19 11:28:15
500103070,14,8,6,2024-12-19 10:34:15
500106020,14,7,6,2024-12-19 12:28:15
500106113,14,8,6,2024-12-19 12:07:16
500110050,14,8,6,2024-12-19 11:35:17
500113085,14,8,6,2024-12-19 12:56:15
500103006,14,7,7,2024-12-19 11:35:17
500106094,14,7,7,2024-12-19 13:05:16
500106113,14,7,7,2024-12-19 11:57:16
500107070,14,7,7,2024-12-19 09:08:14
500108151,14,7,7,2024-12-19 11:15:16
500110050,14,7,7,2024-12-19 10:37:16
500112002,14,6,7,2024-12-19 10:10:16
500106114,14,6,8,2024-12-19 12:37:15
500106125,14,6,8,2024-12-19 10:15:16
500107070,14,6,8,2024-12-19 10:25:16
500107098,14,6,8,2024-12-19 09:37:15
500109078,14,5,8,2024-12-19 12:49:15
500113085,14,6,8,2024-12-19 08:53:14
500113085,14,6,8,2024-12-19 10:26:14
500103022,14,5,9,2024-12-19 11:09:15
500103060,14,5,9,2024-12-19 12:21:15
500103070,14,5,9,2024-12-19 10:47:16
500104120,14,5,9,2024-12-19 12:08:15
500105097,14,5,9,2024-12-19 09:44:15
500106114,14,5,9,2024-12-19 09:46:15
500106114,14,5,9,2024-12-19 10:36:14
500106114,14,5,9,2024-12-19 11:01:17
500107070,14,5,9,2024-12-19 09:05:16
500107124,14,5,9,2024-12-19 12:46:15
500109094,14,5,9,2024-12-19 09:58:14
500112002,14,4,9,2024-12-19 12:19:15
500112093,14,5,9,2024-12-19 11:54:15
500112093,14,5,9,2024-12-19 12:18:15
500103022,14,4,10,2024-12-19 11:56:16
500103056,14,3,10,2024-12-19 09:40:16
500105091,14,3,10,2024-12-19 10:11:15
500107070,14,4,10,2024-12-19 10:07:16
500109009,14,4,10,2024-12-19 11:48:15
500101187,14,3,11,2024-12-19 10:13:15
500104104,14,3,11,2024-12-19 10:38:15
500105047,14,3,11,2024-12-19 10:04:15
500106094,14,3,11,2024-12-19 11:54:15
500106113,14,3,11,2024-12-19 11:06:15
500108006,14,3,11,2024-12-19 11:56:15
500109009,14,3,11,2024-12-19 10:39:16
500113055,14,3,11,2024-12-19 11:27:15
500101015,14,2,12,2024-12-19 11:59:15
500101158,14,2,12,2024-12-19 12:36:15
500101187,14,2,12,2024-12-19 10:44:16
500103056,14,1,12,2024-12-19 10:36:14
500103063,14,2,12,2024-12-19 13:06:14
500103070,14,2,12,2024-12-19 11:48:15
500110057,14,2,12,2024-12-19 11:13:15
500112002,14,1,12,2024-12-19 09:08:15
500112093,14,2,12,2024-12-19 09:27:15
500113016,14,2,12,2024-12-19 08:43:15
500113061,14,2,12,2024-12-19 12:28:15
500101015,14,1,13,2024-12-19 12:14:16
500101015,14,1,13,2024-12-19 11:09:15
500101122,14,1,13,2024-12-19 09:43:15
500104116,14,1,13,2024-12-19 09:27:15
500104126,14,1,13,2024-12-19 11:13:15
500105054,14,1,13,2024-12-19 08:59:15
500107044,14,0,13,2024-12-19 11:57:16
500107107,14,1,13,2024-12-19 09:44:15
500108151,14,1,13,2024-12-19 11:58:16
500113083,14,1,13,2024-12-19 12:36:15
500101015,14,0,14,2024-12-19 08:41:15
500104033,14,0,14,2024-12-19 09:07:15
500105015,14,0,14,2024-12-19 12:39:14
500105073,14,0,14,2024-12-19 09:08:16
500110050,14,0,14,2024-12-19 09:09:16
500113016,14,0,14,2024-12-19 12:18:16
500104082,14,14,0,2024-12-19 18:07:16
500104103,14,14,0,2024-12-19 18:27:18
500106020,14,13,0,2024-12-19 17:59:14
500106020,14,13,0,2024-12-19 19:03:16
500106125,14,14,0,2024-12-19 18:07:16
500111090,14,14,0,2024-12-19 19:26:16
500101122,14,13,1,2024-12-19 20:39:16
500101158,14,12,2,2024-12-19 18:53:15
500101187,14,12,2,2024-12-19 20:28:15
500106114,14,12,2,2024-12-19 20:02:15
500106114,14,12,2,2024-12-19 20:21:15
500107107,14,12,2,2024-12-19 18:51:16
500101122,14,11,3,2024-12-19 19:25:15
500105015,14,11,3,2024-12-19 17:27:16
500105097,14,11,3,2024-12-19 19:41:16
500107107,14,11,3,2024-12-19 20:56:15
500106125,14,7,4,2024-12-19 19:25:15
500107070,14,10,4,2024-12-19 19:18:15
500107070,14,10,4,2024-12-19 21:18:15
500107070,14,10,4,2024-12-19 18:28:16
500107124,14,10,4,2024-12-19 20:21:15
500108006,14,10,4,2024-12-19 20:07:15
500108135,14,10,4,2024-12-19 20:30:20
500103033,14,9,5,2024-12-19 18:31:15
500103070,14,9,5,2024-12-19 19:55:16
500106094,14,9,5,2024-12-19 19:19:15
500106114,14,9,5,2024-12-19 18:57:15
500106125,14,9,5,2024-12-19 17:23:15
500106125,14,6,5,2024-12-19 19:19:15
500107107,14,9,5,2024-12-19 18:30:17
500107124,14,9,5,2024-12-19 20:01:15
500107124,14,9,5,2024-12-19 19:19:15
500107124,14,9,5,2024-12-19 19:47:15
500108151,14,9,5,2024-12-19 20:16:16
500112002,14,9,5,2024-12-19 18:08:16
500113016,14,9,5,2024-12-19 17:57:15
500113016,14,9,5,2024-12-19 19:14:16
500104082,14,6,6,2024-12-19 19:18:15
500107070,14,8,6,2024-12-19 19:46:14
500108151,14,8,6,2024-12-19 18:35:16
500108152,14,8,6,2024-12-19 17:27:16
500109078,14,7,6,2024-12-19 18:33:16
500110050,14,8,6,2024-12-19 17:38:16
500110050,14,8,6,2024-12-19 19:05:16
500103033,14,7,7,2024-12-19 18:52:15
500103070,14,7,7,2024-12-19 18:55:17
500104116,14,3,7,2024-12-19 18:59:15
500104126,14,7,7,2024-12-19 18:02:15
500112002,14,7,7,2024-12-19 17:37:15
500108152,14,6,8,2024-12-19 19:52:16
500108167,14,6,8,2024-12-19 17:44:15
500110050,14,6,8,2024-12-19 21:12:15
500113085,14,6,8,2024-12-19 19:28:15
500103022,14,5,9,2024-12-19 16:56:15
500103063,14,5,9,2024-12-19 18:58:16
500103070,14,5,9,2024-12-19 18:07:16
500104104,14,5,9,2024-12-19 17:25:16
500104126,14,5,9,2024-12-19 19:36:15
500110085,14,4,9,2024-12-19 19:25:15
500112002,14,5,9,2024-12-19 18:48:15
500103063,14,4,10,2024-12-19 18:32:16
500104015,14,1,10,2024-12-19 19:59:17
500104082,14,0,10,2024-12-19 21:14:16
500104120,14,4,10,2024-12-19 18:05:15
500112093,14,4,10,2024-12-19 19:53:15
500112093,14,4,10,2024-12-19 20:39:16
500101219,14,3,11,2024-12-19 19:30:17
500101219,14,3,11,2024-12-19 20:46:15
500103006,14,3,11,2024-12-19 19:03:15
500105047,14,3,11,2024-12-19 19:49:15
500105047,14,3,11,2024-12-19 20:37:16
500105073,14,3,11,2024-12-19 17:57:15
500108167,14,1,11,2024-12-19 19:43:16
500112093,14,3,11,2024-12-19 20:29:15
500113001,14,3,11,2024-12-19 18:59:15
500113083,14,3,11,2024-12-19 18:31:15
500101015,14,2,12,2024-12-19 18:29:16
500104067,14,1,12,2024-12-19 18:14:15
500104104,14,2,12,2024-12-19 19:15:16
500104120,14,2,12,2024-12-19 18:47:15
500111080,14,2,12,2024-12-19 17:38:15
500112093,14,2,12,2024-12-19 21:19:15
500104104,14,1,13,2024-12-19 19:38:15
500104120,14,1,13,2024-12-19 18:17:15
500105073,14,1,13,2024-12-19 18:06:15
500109009,14,1,13,2024-12-19 19:16:15
500111091,14,1,13,2024-12-19 18:48:15
500113001,14,1,13,2024-12-19 18:27:15
500113055,14,1,13,2024-12-19 18:15:17
500113061,14,1,13,2024-12-19 17:22:16
500101219,14,0,14,2024-12-19 18:30:20
500104082,14,14,0,2024-12-19 17:08:16
500111091,14,14,0,2024-12-19 14:13:15
500103033,14,13,1,2024-12-19 16:59:15
500119085,14,13,1,2024-12-19 14:56:16
500105015,14,12,2,2024-12-19 14:32:15
500101122,14,11,3,2024-12-19 14:32:14
500113085,14,11,3,2024-12-19 15:40:16
500101122,14,10,4,2024-12-19 15:04:15
500104103,14,10,4,2024-12-19 17:10:17
500107124,14,10,4,2024-12-19 16:19:15
500110050,14,10,4,2024-12-19 13:29:14
500119085,14,10,4,2024-12-19 16:54:16
500104116,14,9,5,2024-12-19 16:28:14
500106020,14,8,5,2024-12-19 17:08:16
500109078,14,8,5,2024-12-19 14:09:16
500105047,14,8,6,2024-12-19 15:38:15
500106094,14,8,6,2024-12-19 16:27:16
500106114,14,8,6,2024-12-19 16:49:15
500110050,14,8,6,2024-12-19 16:28:15
500110050,14,8,6,2024-12-19 14:07:16
500112093,14,8,6,2024-12-19 16:27:15
500112093,14,8,6,2024-12-19 13:35:15
500104033,14,7,7,2024-12-19 14:22:15
500104116,14,7,7,2024-12-19 16:06:15
500104126,14,7,7,2024-12-19 13:28:16
500103022,14,6,8,2024-12-19 15:28:14
500104033,14,6,8,2024-12-19 13:37:14
500104116,14,6,8,2024-12-19 14:25:16
500112093,14,6,8,2024-12-19 15:27:15
500101187,14,5,9,2024-12-19 17:14:16
500101219,14,5,9,2024-12-19 13:27:15
500103056,14,4,9,2024-12-19 16:36:15
500103060,14,5,9,2024-12-19 13:45:16
500104082,14,5,9,2024-12-19 13:38:16
500106020,14,4,9,2024-12-19 14:21:15
500107098,14,5,9,2024-12-19 14:04:15
500110010,14,5,9,2024-12-19 16:46:15
500103060,14,4,10,2024-12-19 16:36:15
500103070,14,4,10,2024-12-19 17:04:15
500101187,14,3,11,2024-12-19 15:36:15
500101187,14,3,11,2024-12-19 16:43:14
500103060,14,3,11,2024-12-19 16:51:16
500107044,14,2,11,2024-12-19 17:07:15
500108152,14,3,11,2024-12-19 14:03:16
500109009,14,3,11,2024-12-19 17:03:16
500112002,14,2,11,2024-12-19 14:57:15
500112002,14,3,11,2024-12-19 16:44:15
500105091,14,2,12,2024-12-19 16:47:15
500110057,14,2,12,2024-12-19 16:16:15
500112002,14,2,12,2024-12-19 16:31:15
500101219,14,1,13,2024-12-19 17:08:15
500103063,14,1,13,2024-12-19 14:44:15
500103070,14,1,13,2024-12-19 15:07:15
500105073,14,1,13,2024-12-19 15:27:15
500107044,14,0,13,2024-12-19 16:13:15
500107107,14,1,13,2024-12-19 16:43:15
500109009,14,1,13,2024-12-19 16:48:15
500104015,14,2,9,2024-12-19 21:42:15
500104120,14,3,11,2024-12-19 21:48:16
500101015,14,4,10,2024-12-19 21:49:15
500105047,14,4,10,2024-12-19 21:49:15
500110050,14,4,10,2024-12-19 21:48:16
500106125,14,5,3,2024-12-19 21:42:15
500101158,14,13,1,2024-12-19 06:35:15
500111091,14,13,1,2024-12-19 07:59:15
500101158,14,12,2,2024-12-19 05:58:15
500113016,14,12,2,2024-12-19 07:02:15
500104120,14,10,3,2024-12-19 07:18:15
500110010,14,11,3,2024-12-19 06:54:15
500101187,14,10,4,2024-12-19 05:44:15
500104116,14,10,4,2024-12-19 06:37:15
500105091,14,8,4,2024-12-19 06:03:15
500110057,14,6,4,2024-12-19 06:42:15
500113055,14,10,4,2024-12-19 07:01:15
500103060,14,9,5,2024-12-19 07:46:15
500104015,14,6,5,2024-12-19 06:32:15
500107044,14,8,5,2024-12-19 07:57:15
500108006,14,9,5,2024-12-19 07:31:16
500111090,14,9,5,2024-12-19 08:15:16
500101187,14,8,6,2024-12-19 08:13:15
500104033,14,8,6,2024-12-19 05:31:14
500105064,14,8,6,2024-12-19 06:52:15
500107098,14,8,6,2024-12-19 06:25:15
500109078,14,8,6,2024-12-19 08:25:16
500103063,14,7,7,2024-12-19 08:57:15
500105091,14,5,7,2024-12-19 07:14:14
500106114,14,7,7,2024-12-19 08:47:15
500106114,14,7,7,2024-12-19 07:25:15
500107124,14,7,7,2024-12-19 08:17:15
500111080,14,7,7,2024-12-19 06:44:15
500113083,14,7,7,2024-12-19 06:12:15
500104104,14,6,8,2024-12-19 08:00:17
500104126,14,6,8,2024-12-19 07:34:15
500108135,14,6,8,2024-12-19 07:42:15
500108151,14,6,8,2024-12-19 06:45:16
500119085,14,6,8,2024-12-19 08:25:16
500101158,14,5,9,2024-12-19 08:03:15
500105054,14,5,9,2024-12-19 08:12:15
500106113,14,5,9,2024-12-19 08:45:16
500107070,14,5,9,2024-12-19 05:51:14
500111091,14,5,9,2024-12-19 07:17:14
500113001,14,4,9,2024-12-19 05:48:14
500113061,14,5,9,2024-12-19 07:28:15
500101122,14,4,10,2024-12-19 06:40:16
500101187,14,4,10,2024-12-19 08:30:15
500105047,14,4,10,2024-12-19 07:26:15
500105091,14,2,10,2024-12-19 08:37:15
500111090,14,4,10,2024-12-19 07:46:15
500101015,14,3,11,2024-12-19 06:33:15
500106020,14,1,11,2024-12-19 08:15:16
500101158,14,2,12,2024-12-19 08:36:14
500103006,14,2,12,2024-12-19 08:33:16
500104033,14,2,12,2024-12-19 07:46:15
500104104,14,2,12,2024-12-19 04:53:14
500109078,14,2,12,2024-12-19 07:20:16
500112002,14,1,12,2024-12-19 08:47:15
500119085,14,2,12,2024-12-19 04:45:15
500104104,14,1,13,2024-12-19 08:45:16
500104104,14,1,13,2024-12-19 05:50:15
500105047,14,1,13,2024-12-19 07:17:14
500105064,14,1,13,2024-12-19 07:51:15
500108151,14,1,13,2024-12-19 08:27:15
500109009,14,1,13,2024-12-19 08:22:15
500103006,14,0,14,2024-12-19 07:49:17
500112093,14,0,14,2024-12-19 08:57:15
500103070,14,8,6,2024-12-19 00:06:15
500107107,14,9,4,2024-12-19 00:11:14
500108006,14,8,5,2024-12-19 00:27:15
500110050,14,2,12,2024-12-19 00:01:15
500113085,14,14,0,2024-12-19 00:16:15
500111091,14,8,6,2024-12-19 00:00:16
500105091,14,6,7,2024-12-19 23:56:14
500112002,14,6,7,2024-12-19 23:49:15
500103033,14,11,3,2024-12-19 01:00:17
500110085,14,13,0,2024-12-19 00:36:15
500105015,14,13,1,2024-12-19 00:50:16
500101015,14,4,10,2024-12-19 23:17:14
500113016,14,8,5,2024-12-19 23:04:15
500103063,14,9,5,2024-12-19 22:22:15
500104082,14,2,6,2024-12-19 22:27:15
500104033,14,3,11,2024-12-19 22:20:15
500113061,14,5,9,2024-12-19 22:33:15
500101242,14,7,3,2024-12-19 22:32:15
500108006,14,8,3,2024-12-19 22:28:15
500101158,14,13,1,2024-12-19 22:36:16
500113055,14,0,14,2024-12-19 21:10:18
500107098,14,1,13,2024-12-19 21:19:16
500113001,14,1,13,2024-12-19 21:29:15
500103060,14,2,12,2024-12-19 20:52:15
500108167,14,3,9,2024-12-19 20:24:15
500109094,14,4,10,2024-12-19 19:55:16
500104033,14,5,9,2024-12-19 21:39:15
500104120,14,6,8,2024-12-19 21:37:15
500105073,14,7,7,2024-12-19 21:16:15
500103070,14,9,5,2024-12-19 21:27:15
500108151,14,11,3,2024-12-19 21:37:15
500106020,14,1,11,2024-12-19 02:59:15
500105073,14,8,6,2024-12-19 02:37:15
500108006,14,9,4,2024-12-19 02:06:15
500113085,14,12,2,2024-12-19 02:02:15
500101158,14,13,1,2024-12-19 01:43:15
500103022,14,12,1,2024-12-19 03:28:14
500107098,14,1,13,2024-12-19 21:59:15
500104116,14,5,4,2024-12-19 21:50:17
500109009,14,6,8,2024-12-19 21:48:16
500119085,14,5,9,2024-12-19 00:52:15
500110057,14,6,4,2024-12-19 01:44:14
500106125,14,8,0,2024-12-19 22:46:15
500101158,14,13,1,2024-12-19 23:08:15
500107098,14,2,12,2024-12-19 22:12:15
500107044,14,7,6,2024-12-19 22:18:15
500110057,14,4,8,2024-12-19 22:55:16
500119085,14,13,1,2024-12-19 09:47:15
500103033,14,12,2,2024-12-19 09:20:16
500103060,14,12,2,2024-12-19 10:15:15
500111091,14,12,2,2024-12-19 09:59:16
500103060,14,11,3,2024-12-19 10:38:15
500113001,14,10,3,2024-12-19 09:31:15
500119085,14,11,3,2024-12-19 11:45:15
500106020,14,9,4,2024-12-19 10:55:17
500113001,14,9,4,2024-12-19 10:13:16
500119085,14,10,4,2024-12-19 11:36:15
500101242,14,8,5,2024-12-19 11:08:15
500103033,14,9,5,2024-12-19 09:54:15
500108167,14,9,5,2024-12-19 10:19:16
500112093,14,9,5,2024-12-19 11:36:15
500119085,14,9,5,2024-12-19 11:12:15
500105047,14,8,6,2024-12-19 12:19:16
500106020,14,7,6,2024-12-19 09:41:15
500106020,14,7,6,2024-12-19 11:03:16
500106094,14,8,6,2024-12-19 09:08:15
500106114,14,8,6,2024-12-19 11:46:15
500107070,14,8,6,2024-12-19 11:27:15
500106020,14,6,7,2024-12-19 11:32:15
500108152,14,7,7,2024-12-19 11:46:15
500113061,14,7,7,2024-12-19 09:01:15
500101242,14,5,8,2024-12-19 12:32:16
500103060,14,6,8,2024-12-19 12:19:16
500104104,14,6,8,2024-12-19 10:16:15
500106094,14,6,8,2024-12-19 09:35:16
500106114,14,6,8,2024-12-19 12:25:16
500107070,14,6,8,2024-12-19 10:48:15
500107124,14,6,8,2024-12-19 09:33:15
500108151,14,6,8,2024-12-19 09:07:15
500108151,14,6,8,2024-12-19 11:06:15
500112002,14,5,8,2024-12-19 12:07:16
500103022,14,5,9,2024-12-19 11:47:16
500104015,14,5,9,2024-12-19 11:36:15
500104120,14,5,9,2024-12-19 13:08:15
500105091,14,4,9,2024-12-19 09:37:15
500106094,14,5,9,2024-12-19 12:50:15
500106113,14,5,9,2024-12-19 09:07:15
500106113,14,5,9,2024-12-19 09:57:15
500107070,14,5,9,2024-12-19 09:26:15
500107098,14,5,9,2024-12-19 11:12:16
500109078,14,4,9,2024-12-19 11:17:15
500110050,14,5,9,2024-12-19 11:06:15
500113083,14,5,9,2024-12-19 09:15:15
500101015,14,4,10,2024-12-19 09:56:16
500101015,14,4,10,2024-12-19 10:04:15
500103022,14,4,10,2024-12-19 10:27:15
500103063,14,4,10,2024-12-19 09:55:16
500104104,14,4,10,2024-12-19 13:05:16
500106113,14,4,10,2024-12-19 10:06:15
500107044,14,3,10,2024-12-19 12:50:15
500110057,14,4,10,2024-12-19 11:48:15
500101015,14,3,11,2024-12-19 13:04:16
500101122,14,3,11,2024-12-19 09:37:15
500101187,14,3,11,2024-12-19 12:37:15
500103056,14,2,11,2024-12-19 11:59:16
500104104,14,3,11,2024-12-19 12:33:15
500107107,14,3,11,2024-12-19 11:40:17
500108152,14,3,11,2024-12-19 12:42:15
500110057,14,3,11,2024-12-19 12:46:15
500110057,14,3,11,2024-12-19 10:51:16
500113016,14,3,11,2024-12-19 09:08:15
500113016,14,3,11,2024-12-19 10:55:17
500113055,14,3,11,2024-12-19 12:58:15
500113055,14,3,11,2024-12-19 09:47:15
500104082,14,2,12,2024-12-19 11:56:15
500104082,14,2,12,2024-12-19 09:53:15
500104104,14,2,12,2024-12-19 09:21:14
500104104,14,2,12,2024-12-19 10:07:15
500105047,14,2,12,2024-12-19 10:13:16
500105054,14,2,12,2024-12-19 12:23:16
500106113,14,2,12,2024-12-19 10:21:15
500106113,14,2,12,2024-12-19 10:48:15
500107107,14,2,12,2024-12-19 10:56:15
500107124,14,2,12,2024-12-19 12:07:16
500110057,14,2,12,2024-12-19 11:28:16
500111080,14,2,12,2024-12-19 11:48:15
500112002,14,1,12,2024-12-19 12:37:15
500101015,14,1,13,2024-12-19 10:16:15
500101242,14,0,13,2024-12-19 10:12:16
500103063,14,1,13,2024-12-19 11:54:14
500103070,14,1,13,2024-12-19 12:08:15
500104082,14,1,13,2024-12-19 12:34:15
500104116,14,1,13,2024-12-19 09:57:15
500104120,14,1,13,2024-12-19 10:40:16
500104120,14,1,13,2024-12-19 10:57:15
500105015,14,1,13,2024-12-19 09:07:15
500105015,14,1,13,2024-12-19 09:51:16
500105015,14,1,13,2024-12-19 10:28:16
500105091,14,0,13,2024-12-19 12:57:14
500106125,14,1,13,2024-12-19 12:24:16
500106125,14,1,13,2024-12-19 08:54:15
500107044,14,0,13,2024-12-19 11:11:15
500113061,14,1,13,2024-12-19 12:47:15
500104033,14,0,14,2024-12-19 09:43:16
500105054,14,0,14,2024-12-19 09:08:15
500107107,14,0,14,2024-12-19 09:18:15
500109009,14,0,14,2024-12-19 09:47:15
500109009,14,0,14,2024-12-19 09:54:15
500104103,14,14,0,2024-12-19 18:41:16
500106125,14,14,0,2024-12-19 18:17:15
500110057,14,14,0,2024-12-19 18:16:15
500103033,14,13,1,2024-12-19 17:20:16
500107044,14,12,1,2024-12-19 18:38:16
500104103,14,12,2,2024-12-19 19:57:14
500106114,14,12,2,2024-12-19 19:06:16
500108167,14,12,2,2024-12-19 19:04:15
500113085,14,12,2,2024-12-19 18:55:17
500101122,14,11,3,2024-12-19 19:49:15
500101122,14,11,3,2024-12-19 19:04:15
500101158,14,11,3,2024-12-19 17:38:16
500103063,14,11,3,2024-12-19 17:31:15
500104103,14,11,3,2024-12-19 18:03:15
500107107,14,11,3,2024-12-19 20:09:15
500107124,14,11,3,2024-12-19 20:43:14
500110050,14,11,3,2024-12-19 18:20:17
500113085,14,11,3,2024-12-19 20:54:15
500103056,14,9,4,2024-12-19 20:07:15
500105091,14,10,4,2024-12-19 18:26:16
500106094,14,10,4,2024-12-19 19:27:15
500106113,14,10,4,2024-12-19 21:15:16
500107107,14,10,4,2024-12-19 20:42:15
500107124,14,10,4,2024-12-19 20:58:15
500109094,14,10,4,2024-12-19 17:50:16
500113085,14,10,4,2024-12-19 17:12:15
500113085,14,10,4,2024-12-19 17:47:16
500103056,14,8,5,2024-12-19 20:42:15
500103063,14,9,5,2024-12-19 20:38:15
500105015,14,9,5,2024-12-19 18:38:16
500106020,14,8,5,2024-12-19 20:17:14
500106114,14,9,5,2024-12-19 18:35:16
500108006,14,7,5,2024-12-19 21:05:16
500101187,14,8,6,2024-12-19 18:53:15
500105097,14,8,6,2024-12-19 18:21:16
500106094,14,8,6,2024-12-19 18:06:15
500103070,14,7,7,2024-12-19 19:05:16
500104015,14,4,7,2024-12-19 19:27:15
500105034,14,7,7,2024-12-19 18:05:16
500107098,14,7,7,2024-12-19 17:38:16
500107124,14,7,7,2024-12-19 18:59:15
500110050,14,7,7,2024-12-19 17:48:15
500111091,14,7,7,2024-12-19 17:22:16
500112002,14,7,7,2024-12-19 20:48:15
500113001,14,7,7,2024-12-19 20:29:15
500101015,14,6,8,2024-12-19 21:18:15
500105073,14,6,8,2024-12-19 21:08:15
500107044,14,5,8,2024-12-19 20:48:15
500108152,14,6,8,2024-12-19 17:30:16
500109009,14,6,8,2024-12-19 18:52:14
500109078,14,5,8,2024-12-19 20:29:15
500109094,14,6,8,2024-12-19 18:16:15
500112002,14,6,8,2024-12-19 19:16:15
500104015,14,3,9,2024-12-19 18:22:16
500104120,14,5,9,2024-12-19 20:52:14
500105091,14,4,9,2024-12-19 21:18:14
500106125,14,2,9,2024-12-19 18:38:15
500107044,14,4,9,2024-12-19 20:09:15
500108152,14,5,9,2024-12-19 19:38:15
500110057,14,5,9,2024-12-19 19:25:15
500101015,14,4,10,2024-12-19 17:55:16
500101187,14,4,10,2024-12-19 18:18:16
500103033,14,4,10,2024-12-19 21:18:15
500105073,14,4,10,2024-12-19 17:46:15
500106094,14,4,10,2024-12-19 17:38:16
500106113,14,4,10,2024-12-19 19:07:15
500107107,14,4,10,2024-12-19 17:50:16
500110057,14,4,10,2024-12-19 19:54:15
500111080,14,4,10,2024-12-19 20:04:16
500101187,14,3,11,2024-12-19 17:55:17
500103063,14,3,11,2024-12-19 19:06:16
500103063,14,3,11,2024-12-19 18:47:16
500103070,14,3,11,2024-12-19 17:28:15
500104126,14,3,11,2024-12-19 17:21:15
500105034,14,3,11,2024-12-19 19:01:15
500105047,14,3,11,2024-12-19 19:28:15
500108152,14,3,11,2024-12-19 20:50:16
500110085,14,2,11,2024-12-19 19:05:16
500113055,14,3,11,2024-12-19 17:46:15
500101219,14,2,12,2024-12-19 17:22:16
500105015,14,2,12,2024-12-19 19:27:15
500105047,14,2,12,2024-12-19 20:47:15
500105064,14,2,12,2024-12-19 17:56:16
500108006,14,2,12,2024-12-19 17:33:16
500112093,14,2,12,2024-12-19 19:19:15
500113001,14,2,12,2024-12-19 18:46:15
500113016,14,2,12,2024-12-19 21:13:16
500119085,14,2,12,2024-12-19 19:36:15
500101219,14,1,13,2024-12-19 17:47:16
500111091,14,1,13,2024-12-19 18:17:15
500101015,14,0,14,2024-12-19 20:06:16
500103060,14,0,14,2024-12-19 18:40:20
500105015,14,0,14,2024-12-19 19:58:15
500108006,14,0,14,2024-12-19 17:28:16
500113055,14,0,14,2024-12-19 21:08:15
500110057,14,14,0,2024-12-19 17:07:15
500119085,14,14,0,2024-12-19 15:08:14
500119085,14,14,0,2024-12-19 14:18:15
500103033,14,13,1,2024-12-19 16:37:15
500104082,14,13,1,2024-12-19 16:34:16
500107070,14,13,1,2024-12-19 13:12:15
500110057,14,13,1,2024-12-19 16:56:15
500119085,14,12,2,2024-12-19 15:44:15
500119085,14,12,2,2024-12-19 13:37:15
500104015,14,11,3,2024-12-19 17:17:16
500105047,14,11,3,2024-12-19 16:37:15
500107124,14,11,3,2024-12-19 17:06:16
500105015,14,10,4,2024-12-19 17:17:16
500105047,14,10,4,2024-12-19 16:14:15
500106113,14,10,4,2024-12-19 15:42:15
500110010,14,10,4,2024-12-19 16:18:16
500110010,14,10,4,2024-12-19 15:19:16
500105047,14,9,5,2024-12-19 15:45:15
500106094,14,9,5,2024-12-19 16:55:17
500110010,14,9,5,2024-12-19 16:37:15
500110050,14,9,5,2024-12-19 13:15:15
500101242,14,7,6,2024-12-19 14:13:15
500104103,14,8,6,2024-12-19 15:06:14
500105097,14,8,6,2024-12-19 16:08:16
500106094,14,8,6,2024-12-19 13:46:16
500106125,14,8,6,2024-12-19 17:16:16
500112093,14,8,6,2024-12-19 13:13:15
500113085,14,8,6,2024-12-19 16:55:17
500101158,14,7,7,2024-12-19 15:47:14
500101242,14,6,7,2024-12-19 14:41:15
500104033,14,7,7,2024-12-19 15:22:15
500104082,14,7,7,2024-12-19 14:53:14
500105015,14,7,7,2024-12-19 13:43:15
500109078,14,6,7,2024-12-19 15:39:15
500101242,14,5,8,2024-12-19 13:25:16
500104116,14,6,8,2024-12-19 13:23:15
500106020,14,5,8,2024-12-19 15:01:16
500108151,14,6,8,2024-12-19 13:56:15
500112093,14,6,8,2024-12-19 14:25:16
500101187,14,5,9,2024-12-19 17:05:17
500101242,14,4,9,2024-12-19 13:09:15
500104116,14,5,9,2024-12-19 15:48:15
500104118,14,3,9,2024-12-19 16:33:15
500104116,14,4,10,2024-12-19 15:33:15
500110057,14,4,10,2024-12-19 16:38:15
500111080,14,4,10,2024-12-19 15:13:16
500112002,14,4,10,2024-12-19 16:56:15
500112093,14,4,10,2024-12-19 16:38:15
500103063,14,3,11,2024-12-19 14:37:14
500104104,14,3,11,2024-12-19 17:03:16
500105091,14,3,11,2024-12-19 17:12:16
500106125,14,3,11,2024-12-19 13:35:15
500113016,14,3,11,2024-12-19 16:39:15
500106125,14,2,12,2024-12-19 16:10:16
500106125,14,2,12,2024-12-19 13:22:15
500106125,14,2,12,2024-12-19 14:57:15
500107107,14,2,12,2024-12-19 16:25:16
500101015,14,1,13,2024-12-19 17:06:15
500106125,14,1,13,2024-12-19 16:27:15
500112002,14,0,13,2024-12-19 14:23:16
500105054,14,0,14,2024-12-19 17:17:16
500105073,14,0,14,2024-12-19 14:26:15
500113061,14,0,14,2024-12-19 13:09:17
500113061,14,0,14,2024-12-19 17:15:17
500101242,14,0,10,2024-12-19 21:46:16
500113055,14,1,13,2024-12-19 21:49:15
500101122,14,4,10,2024-12-19 21:44:15
500113001,14,4,10,2024-12-19 21:44:15
500104015,14,14,0,2024-12-19 08:37:16
500113016,14,14,0,2024-12-19 06:42:15
500113055,14,14,0,2024-12-19 08:37:15
500101158,14,13,1,2024-12-19 07:17:14
500103060,14,13,1,2024-12-19 08:23:15
500110085,14,12,1,2024-12-19 05:44:15
500112002,14,12,1,2024-12-19 07:25:17
500113001,14,11,2,2024-12-19 07:44:15
500113085,14,12,2,2024-12-19 06:52:15
500101242,14,9,3,2024-12-19 07:35:16
500111091,14,11,3,2024-12-19 07:52:15
500112002,14,10,3,2024-12-19 06:02:15
500113083,14,11,3,2024-12-19 07:43:15
500103022,14,10,4,2024-12-19 06:27:15
500106125,14,9,4,2024-12-19 07:47:15
500111091,14,10,4,2024-12-19 08:43:15
500112002,14,9,4,2024-12-19 08:03:15
500109009,14,9,5,2024-12-19 06:18:15
500111080,14,9,5,2024-12-19 06:22:14
500113055,14,9,5,2024-12-19 06:38:15
500103070,14,7,6,2024-12-19 08:16:15
500104015,14,5,6,2024-12-19 06:45:16
500104103,14,8,6,2024-12-19 07:24:15
500105047,14,8,6,2024-12-19 07:47:15
500107107,14,8,6,2024-12-19 07:14:15
500108135,14,8,6,2024-12-19 07:34:15
500111091,14,8,6,2024-12-19 07:34:15
500113083,14,8,6,2024-12-19 08:31:15
500113085,14,8,6,2024-12-19 07:36:15
500103033,14,7,7,2024-12-19 07:18:14
500103060,14,7,7,2024-12-19 07:26:15
500105047,14,7,7,2024-12-19 07:57:15
500106114,14,7,7,2024-12-19 07:56:15
500106125,14,3,7,2024-12-19 06:09:14
500107098,14,7,7,2024-12-19 08:40:17
500108152,14,7,7,2024-12-19 06:56:15
500109094,14,7,7,2024-12-19 07:48:14
500110010,14,7,7,2024-12-19 05:37:15
500111066,14,7,7,2024-12-19 06:36:14
500112093,14,7,7,2024-12-19 06:47:15
500113055,14,7,7,2024-12-19 07:56:15
500101187,14,6,8,2024-12-19 07:47:15
500103022,14,6,8,2024-12-19 07:45:16
500104033,14,6,8,2024-12-19 06:01:14
500105054,14,6,8,2024-12-19 07:57:16
500106094,14,6,8,2024-12-19 07:31:16
500111091,14,6,8,2024-12-19 06:30:17
500111091,14,6,8,2024-12-19 07:22:15
500113001,14,5,8,2024-12-19 07:17:14
500113055,14,6,8,2024-12-19 07:44:15
500113061,14,6,8,2024-12-19 07:54:15
500101122,14,5,9,2024-12-19 06:49:15
500103063,14,5,9,2024-12-19 07:25:15
500104067,14,4,9,2024-12-19 07:16:15
500106113,14,5,9,2024-12-19 08:23:15
500110085,14,4,9,2024-12-19 08:47:15
500112093,14,5,9,2024-12-19 07:14:15
500113061,14,5,9,2024-12-19 05:28:14
500106094,14,4,10,2024-12-19 07:44:14
500107044,14,3,10,2024-12-19 08:15:16
500107044,14,3,10,2024-12-19 06:45:16
500107124,14,4,10,2024-12-19 06:24:15
500111080,14,4,10,2024-12-19 08:10:17
500113016,14,4,10,2024-12-19 08:03:14
500113061,14,4,10,2024-12-19 05:50:15
500103022,14,3,11,2024-12-19 08:30:16
500106020,14,1,11,2024-12-19 08:57:15
500101015,14,2,12,2024-12-19 05:41:14
500101122,14,2,12,2024-12-19 08:32:15
500104082,14,2,12,2024-12-19 08:51:15
500104082,14,1,12,2024-12-19 07:47:15
500104120,14,1,12,2024-12-19 07:56:15
500106113,14,2,12,2024-12-19 08:02:17
500107044,14,1,12,2024-12-19 08:37:16
500109009,14,2,12,2024-12-19 08:55:16
500111080,14,2,12,2024-12-19 07:16:15
500111080,14,2,12,2024-12-19 07:35:16
500113016,14,2,12,2024-12-19 08:15:16
500101122,14,1,13,2024-12-19 08:44:16
500103006,14,1,13,2024-12-19 08:38:15
500103022,14,1,13,2024-12-19 08:10:17
500104126,14,1,13,2024-12-19 08:21:16
500110050,14,1,13,2024-12-19 08:37:15
500104033,14,0,14,2024-12-19 08:52:15
500105073,14,0,14,2024-12-19 07:56:16
500107070,14,0,14,2024-12-19 07:26:15
500110050,14,0,14,2024-12-19 08:51:18
500111080,14,0,14,2024-12-19 07:47:15
500104120,14,4,7,2024-12-19 00:37:15
500101242,14,10,0,2024-12-19 23:38:16
500104082,14,8,1,2024-12-19 00:57:15
500107107,14,11,2,2024-12-19 00:02:15
500104118,14,4,8,2024-12-19 17:00:17
500106125,14,5,5,2024-12-19 23:32:16
500109078,14,5,8,2024-12-19 22:01:15
500111091,14,5,9,2024-12-19 23:10:16
500113016,14,9,4,2024-12-19 23:39:14
500106114,14,12,2,2024-12-19 23:31:15
500101187,14,14,0,2024-12-19 21:24:16
500113061,14,7,7,2024-12-19 23:36:15
500112093,14,0,14,2024-12-19 00:26:15
500110050,14,1,13,2024-12-19 00:17:15
500105073,14,7,7,2024-12-19 00:58:14
500103070,14,8,6,2024-12-19 00:09:14
500107098,14,9,5,2024-12-19 01:15:15
500109009,14,5,9,2024-12-19 22:06:14
500113085,14,6,6,2024-12-19 22:13:15
500111090,14,9,5,2024-12-19 21:55:16
500108151,14,10,4,2024-12-19 21:40:16
500106114,14,13,1,2024-12-19 22:56:15
500103006,14,9,5,2024-12-19 22:28:15
500106113,14,14,0,2024-12-19 22:39:15
500119085,14,1,13,2024-12-19 21:35:16
500108006,14,2,9,2024-12-19 21:36:15
500103006,14,7,7,2024-12-19 21:18:15
500101122,14,0,14,2024-12-19 01:49:15
500108151,14,4,10,2024-12-19 01:50:15
500110010,14,5,9,2024-12-19 01:30:16
500103063,14,13,1,2024-12-19 02:01:17
500105047,14,11,3,2024-12-19 03:48:15
500101015,14,1,13,2024-12-19 22:04:15
500103022,14,8,6,2024-12-19 22:09:15
500104104,14,8,6,2024-12-19 22:06:14
500101242,14,8,2,2024-12-19 01:20:15
500110050,14,3,11,2024-12-19 21:50:17
500103070,14,13,1,2024-12-19 21:59:15
500106020,14,1,11,2024-12-19 00:25:17
500101122,14,0,14,2024-12-19 01:47:15
500103063,14,5,9,2024-12-19 01:40:15
500108006,14,9,4,2024-12-19 01:29:15
500101242,14,8,2,2024-12-19 22:44:14
500104033,14,9,5,2024-12-19 04:32:14
500110057,14,3,9,2024-12-19 23:08:15
500110085,14,3,9,2024-12-19 22:55:16
500104126,14,8,6,2024-12-19 22:54:15
500104082,14,2,8,2024-12-19 22:19:15
500106125,14,5,5,2024-12-19 04:43:15
500113061,14,4,10,2024-12-19 22:23:14
500104116,14,6,3,2024-12-19 22:23:14
500106113,14,13,1,2024-12-19 22:20:15
500108151,14,14,0,2024-12-19 09:41:16
500110057,14,14,0,2024-12-19 09:50:18
500111091,14,14,0,2024-12-19 13:08:15
500109078,14,13,1,2024-12-19 10:07:16
500103033,14,12,2,2024-12-19 12:12:15
500103060,14,12,2,2024-12-19 11:17:15
500104015,14,12,2,2024-12-19 08:55:15
500107070,14,12,2,2024-12-19 12:57:15
500108167,14,12,2,2024-12-19 08:29:15
500109078,14,12,2,2024-12-19 09:17:16
500111091,14,12,2,2024-12-19 09:08:15
500111091,14,12,2,2024-12-19 09:22:15
500113001,14,11,2,2024-12-19 09:54:15
500113001,14,11,2,2024-12-19 10:07:16
500103060,14,10,4,2024-12-19 09:54:15
500107124,14,9,5,2024-12-19 09:53:15
500110085,14,8,5,2024-12-19 11:34:15
500106114,14,8,6,2024-12-19 12:17:16
500107044,14,7,6,2024-12-19 09:47:15
500107070,14,8,6,2024-12-19 12:48:14
500108152,14,8,6,2024-12-19 10:17:16
500113001,14,7,6,2024-12-19 12:14:16
500119085,14,8,6,2024-12-19 11:26:15
500104120,14,7,7,2024-12-19 12:31:15
500106020,14,6,7,2024-12-19 12:38:14
500106020,14,6,7,2024-12-19 11:17:15
500106113,14,7,7,2024-12-19 12:19:16
500106114,14,7,7,2024-12-19 09:56:15
500107124,14,7,7,2024-12-19 10:02:14
500109094,14,7,7,2024-12-19 09:26:15
500110085,14,6,7,2024-12-19 12:58:15
500112002,14,6,7,2024-12-19 09:47:15
500101158,14,6,8,2024-12-19 10:48:15
500103060,14,6,8,2024-12-19 11:48:15
500104015,14,6,8,2024-12-19 10:33:15
500106020,14,5,8,2024-12-19 09:25:16
500108167,14,6,8,2024-12-19 11:16:15
500110050,14,6,8,2024-12-19 10:14:15
500112002,14,5,8,2024-12-19 10:46:15
500119085,14,6,8,2024-12-19 12:37:15
500101158,14,5,9,2024-12-19 09:44:15
500103060,14,5,9,2024-12-19 12:40:17
500104126,14,5,9,2024-12-19 09:37:15
500106113,14,5,9,2024-12-19 11:46:15
500106114,14,5,9,2024-12-19 09:37:15
500106125,14,5,9,2024-12-19 11:27:15
500113085,14,5,9,2024-12-19 09:22:15
500103006,14,4,10,2024-12-19 12:03:15
500103022,14,4,10,2024-12-19 11:03:15
500104067,14,3,10,2024-12-19 08:05:16
500104116,14,4,10,2024-12-19 12:27:15
500104118,14,2,10,2024-12-19 11:23:14
500105091,14,3,10,2024-12-19 09:27:14
500106020,14,2,10,2024-12-19 09:07:15
500106114,14,4,10,2024-12-19 11:38:15
500106125,14,4,10,2024-12-19 11:09:15
500107124,14,4,10,2024-12-19 09:03:14
500110085,14,3,10,2024-12-19 11:58:16
500112002,14,3,10,2024-12-19 12:26:15
500101158,14,3,11,2024-12-19 12:12:15
500106125,14,3,11,2024-12-19 11:58:16
500108151,14,3,11,2024-12-19 12:59:16
500108151,14,3,11,2024-12-19 11:46:15
500108151,14,3,11,2024-12-19 10:25:15
500109009,14,3,11,2024-12-19 11:28:16
500109094,14,3,11,2024-12-19 12:12:15
500119085,14,3,11,2024-12-19 12:08:15
500101242,14,1,12,2024-12-19 09:27:15
500103022,14,2,12,2024-12-19 09:09:15
500103056,14,1,12,2024-12-19 12:20:16
500104033,14,2,12,2024-12-19 10:05:16
500105091,14,1,12,2024-12-19 12:00:19
500106094,14,2,12,2024-12-19 10:52:15
500107044,14,1,12,2024-12-19 10:13:16
500107107,14,2,12,2024-12-19 12:32:16
500107107,14,2,12,2024-12-19 11:56:16
500101158,14,1,13,2024-12-19 12:26:15
500101187,14,1,13,2024-12-19 08:47:15
500101187,14,1,13,2024-12-19 11:17:15
500103022,14,1,13,2024-12-19 09:58:15
500107107,14,1,13,2024-12-19 10:18:15
500111080,14,1,13,2024-12-19 09:07:16
500103063,14,0,14,2024-12-19 11:48:15
500103063,14,0,14,2024-12-19 10:38:15
500104033,14,0,14,2024-12-19 11:20:18
500104033,14,0,14,2024-12-19 11:58:16
500104103,14,0,14,2024-12-19 11:32:15
500104120,14,0,14,2024-12-19 10:00:18
500105064,14,0,14,2024-12-19 08:25:16
500105073,14,0,14,2024-12-19 10:34:15
500107107,14,0,14,2024-12-19 09:50:18
500110050,14,0,14,2024-12-19 09:18:15
500113061,14,0,14,2024-12-19 13:07:15
500106114,14,14,0,2024-12-19 19:18:16
500106125,14,14,0,2024-12-19 18:28:15
500113001,14,14,0,2024-12-19 18:18:16
500101158,14,13,1,2024-12-19 20:55:17
500107044,14,12,1,2024-12-19 18:48:15
500110057,14,13,1,2024-12-19 17:48:15
500101158,14,12,2,2024-12-19 18:45:16
500106114,14,12,2,2024-12-19 18:25:17
500108167,14,12,2,2024-12-19 18:33:16
500101242,14,9,3,2024-12-19 19:19:15
500104103,14,11,3,2024-12-19 20:32:14
500104103,14,11,3,2024-12-19 17:19:15
500106125,14,8,3,2024-12-19 19:32:15
500108167,14,11,3,2024-12-19 18:17:15
500110057,14,11,3,2024-12-19 18:07:16
500103056,14,9,4,2024-12-19 17:41:16
500104033,14,10,4,2024-12-19 18:10:17
500106125,14,5,4,2024-12-19 20:48:15
500107070,14,10,4,2024-12-19 19:35:16
500107107,14,10,4,2024-12-19 18:39:16
500108151,14,10,4,2024-12-19 21:06:15
500112002,14,10,4,2024-12-19 17:57:15
500103033,14,9,5,2024-12-19 17:50:16
500103063,14,9,5,2024-12-19 20:22:15
500104104,14,9,5,2024-12-19 20:45:16
500104116,14,5,5,2024-12-19 20:31:15
500107107,14,9,5,2024-12-19 20:11:15
500108151,14,9,5,2024-12-19 19:28:15
500113016,14,9,5,2024-12-19 18:22:15
500103056,14,7,6,2024-12-19 19:19:15
500103070,14,8,6,2024-12-19 19:20:17
500104082,14,6,6,2024-12-19 20:22:14
500104082,14,3,6,2024-12-19 19:29:14
500104116,14,8,6,2024-12-19 18:29:15
500106020,14,7,6,2024-12-19 17:19:15
500111066,14,8,6,2024-12-19 20:54:15
500103033,14,7,7,2024-12-19 19:02:16
500108151,14,7,7,2024-12-19 18:55:17
500111080,14,7,7,2024-12-19 19:03:15
500112002,14,7,7,2024-12-19 19:34:15
500101187,14,6,8,2024-12-19 18:25:17
500103006,14,6,8,2024-12-19 19:59:16
500103022,14,6,8,2024-12-19 18:16:16
500104033,14,6,8,2024-12-19 21:06:14
500104120,14,6,8,2024-12-19 20:44:14
500106094,14,6,8,2024-12-19 18:45:16
500106125,14,3,8,2024-12-19 18:53:15
500110050,14,6,8,2024-12-19 20:25:15
500110050,14,6,8,2024-12-19 19:49:15
500112093,14,6,8,2024-12-19 18:18:16
500113083,14,6,8,2024-12-19 19:24:15
500101122,14,5,9,2024-12-19 21:11:14
500104120,14,5,9,2024-12-19 19:47:15
500106113,14,5,9,2024-12-19 20:16:16
500107098,14,5,9,2024-12-19 17:25:16
500112093,14,5,9,2024-12-19 19:45:16
500101219,14,4,10,2024-12-19 20:56:15
500101242,14,2,10,2024-12-19 17:55:17
500103063,14,4,10,2024-12-19 18:28:15
500104033,14,4,10,2024-12-19 20:12:15
500107044,14,3,10,2024-12-19 19:30:17
500113083,14,4,10,2024-12-19 20:22:15
500104067,14,2,11,2024-12-19 18:19:15
500109009,14,3,11,2024-12-19 18:01:16
500110010,14,3,11,2024-12-19 21:16:15
500110085,14,2,11,2024-12-19 17:48:15
500110085,14,2,11,2024-12-19 18:29:16
500112093,14,3,11,2024-12-19 21:20:16
500101015,14,2,12,2024-12-19 18:04:16
500101122,14,2,12,2024-12-19 17:37:16
500101219,14,2,12,2024-12-19 20:38:15
500103060,14,2,12,2024-12-19 17:53:15
500105047,14,2,12,2024-12-19 18:44:15
500108006,14,2,12,2024-12-19 18:27:15
500109009,14,2,12,2024-12-19 17:57:15
500110085,14,1,12,2024-12-19 17:28:15
500111091,14,2,12,2024-12-19 17:37:16
500113055,14,2,12,2024-12-19 18:03:15
500113083,14,2,12,2024-12-19 20:56:15
500101015,14,1,13,2024-12-19 18:35:16
500101219,14,1,13,2024-12-19 18:16:16
500119085,14,1,13,2024-12-19 17:19:15
500119085,14,1,13,2024-12-19 17:59:15
500104104,14,0,14,2024-12-19 17:57:16
500101122,14,13,1,2024-12-19 13:39:15
500105015,14,13,1,2024-12-19 14:55:16
500119085,14,13,1,2024-12-19 13:28:16
500105015,14,12,2,2024-12-19 15:47:14
500105015,14,12,2,2024-12-19 15:31:15
500106113,14,12,2,2024-12-19 15:21:15
500106113,14,12,2,2024-12-19 14:04:14
500104082,14,11,3,2024-12-19 15:54:15
500107124,14,11,3,2024-12-19 16:16:15
500108152,14,11,3,2024-12-19 16:38:16
500111091,14,11,3,2024-12-19 15:12:15
500105047,14,10,4,2024-12-19 15:57:15
500107070,14,10,4,2024-12-19 16:27:16
500107124,14,10,4,2024-12-19 14:28:15
500101122,14,9,5,2024-12-19 16:46:15
500105097,14,9,5,2024-12-19 13:36:16
500106113,14,9,5,2024-12-19 16:35:15
500109078,14,8,5,2024-12-19 16:20:17
500110057,14,9,5,2024-12-19 16:47:15
500111091,14,9,5,2024-12-19 16:46:15
500106094,14,8,6,2024-12-19 13:11:15
500110085,14,7,6,2024-12-19 15:18:15
500104103,14,7,7,2024-12-19 13:26:16
500105047,14,7,7,2024-12-19 15:23:15
500106114,14,7,7,2024-12-19 17:13:14
500110050,14,7,7,2024-12-19 14:58:15
500110085,14,6,7,2024-12-19 16:46:14
500104033,14,6,8,2024-12-19 16:42:15
500107098,14,6,8,2024-12-19 17:07:15
500103022,14,5,9,2024-12-19 15:44:15
500104104,14,5,9,2024-12-19 14:58:15
500110085,14,4,9,2024-12-19 17:15:16
500101158,14,4,10,2024-12-19 13:26:16
500111080,14,4,10,2024-12-19 16:42:15
500101015,14,3,11,2024-12-19 13:48:16
500103063,14,3,11,2024-12-19 15:40:16
500104033,14,3,11,2024-12-19 14:58:15
500110057,14,3,11,2024-12-19 13:10:16
500110057,14,3,11,2024-12-19 13:47:15
500110057,14,3,11,2024-12-19 14:13:15
500111080,14,3,11,2024-12-19 16:26:15
500111080,14,3,11,2024-12-19 14:53:15
500113055,14,3,11,2024-12-19 15:32:15
500113055,14,3,11,2024-12-19 16:53:15
500101219,14,2,12,2024-12-19 16:44:15
500104104,14,2,12,2024-12-19 14:11:16
500107107,14,2,12,2024-12-19 14:16:16
500110057,14,2,12,2024-12-19 16:28:15
500110057,14,2,12,2024-12-19 14:38:15
500111080,14,2,12,2024-12-19 13:47:15
500112002,14,2,12,2024-12-19 17:16:16
500112002,14,1,12,2024-12-19 14:08:15
500113055,14,2,12,2024-12-19 17:02:15
500103063,14,1,13,2024-12-19 15:28:14
500112002,14,0,13,2024-12-19 13:45:16
500113061,14,1,13,2024-12-19 13:36:15
500113061,14,1,13,2024-12-19 17:06:15
500113083,14,1,13,2024-12-19 13:19:15
500113083,14,1,13,2024-12-19 17:17:16
500104082,14,2,8,2024-12-19 21:49:15
500110057,14,7,5,2024-12-19 21:49:14
500112002,14,13,0,2024-12-19 06:55:16
500108152,14,13,1,2024-12-19 08:55:16
500101219,14,12,2,2024-12-19 06:36:14
500103022,14,11,2,2024-12-19 06:03:15
500103063,14,12,2,2024-12-19 05:53:15
500105091,14,10,2,2024-12-19 05:32:15
500103060,14,11,3,2024-12-19 07:57:16
500119085,14,11,3,2024-12-19 08:46:15
500104120,14,9,4,2024-12-19 07:15:17
500106094,14,10,4,2024-12-19 06:14:15
500107044,14,9,4,2024-12-19 06:20:15
500107107,14,10,4,2024-12-19 05:35:15
500112002,14,9,4,2024-12-19 07:57:16
500113061,14,10,4,2024-12-19 04:49:15
500101187,14,9,5,2024-12-19 06:36:14
500103063,14,9,5,2024-12-19 08:45:16
500104082,14,8,5,2024-12-19 06:34:15
500110085,14,8,5,2024-12-19 08:14:16
500113001,14,8,5,2024-12-19 08:47:15
500101015,14,8,6,2024-12-19 08:00:17
500101242,14,6,6,2024-12-19 08:03:14
500103033,14,8,6,2024-12-19 06:26:15
500103056,14,7,6,2024-12-19 08:00:20
500105015,14,8,6,2024-12-19 07:34:15
500107098,14,8,6,2024-12-19 07:32:15
500110057,14,6,6,2024-12-19 07:56:15
500113001,14,7,6,2024-12-19 08:27:16
500103022,14,7,7,2024-12-19 07:11:15
500104103,14,7,7,2024-12-19 08:27:16
500104103,14,7,7,2024-12-19 06:59:15
500106094,14,7,7,2024-12-19 08:57:14
500107098,14,7,7,2024-12-19 05:35:15
500109009,14,7,7,2024-12-19 06:44:15
500101015,14,6,8,2024-12-19 07:56:15
500101158,14,6,8,2024-12-19 07:37:15
500103056,14,5,8,2024-12-19 08:50:16
500103063,14,6,8,2024-12-19 07:37:15
500103063,14,6,8,2024-12-19 08:01:14
500103070,14,5,8,2024-12-19 07:02:15
500104126,14,6,8,2024-12-19 07:57:16
500107098,14,6,8,2024-12-19 08:25:16
500107124,14,6,8,2024-12-19 08:19:15
500111091,14,6,8,2024-12-19 05:59:14
500113061,14,6,8,2024-12-19 05:33:15
500101158,14,5,9,2024-12-19 07:53:16
500104104,14,5,9,2024-12-19 07:47:15
500109094,14,5,9,2024-12-19 06:37:15
500110010,14,5,9,2024-12-19 05:19:14
500110085,14,4,9,2024-12-19 08:36:15
500112093,14,5,9,2024-12-19 05:34:15
500112093,14,5,9,2024-12-19 07:26:15
500113061,14,5,9,2024-12-19 05:46:15
500101015,14,4,10,2024-12-19 07:46:15
500105015,14,4,10,2024-12-19 08:13:15
500106020,14,2,10,2024-12-19 08:42:15
500112093,14,4,10,2024-12-19 08:03:14
500106114,14,3,11,2024-12-19 08:13:15
500111080,14,3,11,2024-12-19 08:25:16
500113061,14,3,11,2024-12-19 06:37:15
500101122,14,2,12,2024-12-19 08:02:15
500104104,14,2,12,2024-12-19 07:27:15
500104120,14,2,12,2024-12-19 08:35:16
500107070,14,2,12,2024-12-19 06:33:14
500111080,14,2,12,2024-12-19 08:03:14
500111080,14,1,13,2024-12-19 08:37:16
500104033,14,0,14,2024-12-19 08:06:17
500105015,14,0,14,2024-12-19 08:45:16
500110050,14,0,14,2024-12-19 08:27:16
500110057,14,10,0,2024-12-19 03:56:14
500108135,14,11,3,2024-12-19 00:02:15
500105034,14,1,13,2024-12-19 21:24:14
500105042,14,7,7,2024-12-19 21:14:15
500104116,14,5,3,2024-12-19 22:29:14
500105073,14,10,4,2024-12-19 23:10:15
500106020,14,6,7,2024-12-19 22:54:15
500106020,14,2,10,2024-12-19 01:11:15
500101122,14,2,12,2024-12-19 00:43:15
500104118,14,4,8,2024-12-19 00:43:15
500107070,14,5,9,2024-12-19 01:12:15
500111080,14,5,9,2024-12-19 01:11:15
500103006,14,8,6,2024-12-19 00:00:18
500104116,14,8,6,2024-12-19 01:05:16
500113055,14,11,3,2024-12-19 00:21:15
500107044,14,9,4,2024-12-19 23:04:15
500104126,14,7,7,2024-12-19 22:23:15
500105064,14,8,6,2024-12-19 21:45:15
500107070,14,9,5,2024-12-19 22:21:15
500107124,14,9,5,2024-12-19 22:31:16
500103022,14,10,4,2024-12-19 22:39:15
500105073,14,10,4,2024-12-19 22:18:15
500110057,14,11,1,2024-12-19 22:34:15
500104120,14,11,3,2024-12-19 22:29:14
500104082,14,1,9,2024-12-19 21:38:15
500103033,14,5,9,2024-12-19 21:26:16
500106020,14,6,7,2024-12-19 21:21:14
500113016,14,6,8,2024-12-19 21:28:15
500107044,14,7,6,2024-12-19 21:34:15
500105064,14,7,7,2024-12-19 21:12:15
500107070,14,3,11,2024-12-19 01:50:15
500104082,14,5,7,2024-12-19 01:30:16
500101242,14,9,1,2024-12-19 01:51:14
500104103,14,10,4,2024-12-19 01:40:15
500104126,14,13,1,2024-12-19 01:32:14
500105015,14,9,5,2024-12-19 03:39:15
500108006,14,5,6,2024-12-19 22:01:15
500105091,14,5,8,2024-12-19 22:01:15
500104126,14,8,6,2024-12-19 22:02:16
500119085,14,3,11,2024-12-19 01:19:15
500108006,14,4,7,2024-12-19 21:53:15
500105091,14,4,9,2024-12-19 21:48:15
500109078,14,6,7,2024-12-19 21:44:15
500104120,14,7,7,2024-12-19 21:54:15
500105015,14,14,0,2024-12-19 03:21:15
500107044,14,8,5,2024-12-19 23:53:15
500106125,14,7,2,2024-12-19 00:48:14
500101158,14,14,0,2024-12-19 22:43:15
500101242,14,9,1,2024-12-19 22:50:16
500112093,14,0,14,2024-12-19 22:18:15
500103060,14,1,13,2024-12-19 22:11:15
500104116,14,5,4,2024-12-19 22:11:15
500112002,14,5,9,2024-12-19 22:15:16
500106125,14,6,2,2024-12-19 22:11:15
500103006,14,10,4,2024-12-19 22:17:15
500107044,14,6,7,2024-12-19 22:21:14
500106125,14,7,1,2024-12-19 22:26:15
500106125,14,4,5,2024-12-19 01:56:14
500103063,14,10,4,2024-12-19 23:33:15
500107044,14,4,9,2024-12-19 02:02:15
500110057,14,5,5,2024-12-19 01:26:15
500103063,14,6,8,2024-12-19 01:30:16
500103033,14,13,1,2024-12-19 09:46:16
500103033,14,13,1,2024-12-19 12:08:15
500101122,14,12,2,2024-12-19 13:06:14
500106020,14,11,2,2024-12-19 10:21:15
500106113,14,12,2,2024-12-19 12:39:14
500106113,14,12,2,2024-12-19 12:55:16
500119085,14,10,4,2024-12-19 11:52:15
500101219,14,9,5,2024-12-19 09:59:16
500110010,14,9,5,2024-12-19 11:51:16
500112093,14,9,5,2024-12-19 12:37:15
500103070,14,8,6,2024-12-19 09:43:15
500107124,14,8,6,2024-12-19 10:17:16
500108152,14,8,6,2024-12-19 09:38:14
500110085,14,7,6,2024-12-19 12:26:15
500110085,14,7,6,2024-12-19 09:07:15
500103006,14,7,7,2024-12-19 11:22:16
500103033,14,7,7,2024-12-19 10:09:16
500104015,14,7,7,2024-12-19 09:47:15
500107098,14,7,7,2024-12-19 10:49:16
500112093,14,7,7,2024-12-19 10:27:15
500119085,14,7,7,2024-12-19 12:46:15
500119085,14,7,7,2024-12-19 10:46:15
500103060,14,6,8,2024-12-19 12:04:16
500103063,14,6,8,2024-12-19 09:01:15
500104126,14,6,8,2024-12-19 12:59:15
500105097,14,6,8,2024-12-19 10:40:16
500106094,14,6,8,2024-12-19 12:25:15
500107070,14,6,8,2024-12-19 09:37:15
500107098,14,6,8,2024-12-19 09:06:15
500107124,14,6,8,2024-12-19 11:57:16
500108006,14,6,8,2024-12-19 09:34:15
500109078,14,5,8,2024-12-19 12:32:16
500104104,14,5,9,2024-12-19 10:20:16
500106020,14,4,9,2024-12-19 11:27:15
500107098,14,5,9,2024-12-19 12:43:15
500107124,14,5,9,2024-12-19 12:26:15
500107124,14,5,9,2024-12-19 10:37:16
500101158,14,4,10,2024-12-19 09:34:15
500101158,14,4,10,2024-12-19 11:38:15
500101158,14,4,10,2024-12-19 10:05:16
500103022,14,4,10,2024-12-19 10:48:15
500106114,14,4,10,2024-12-19 10:56:14
500106125,14,4,10,2024-12-19 11:40:16
500107044,14,3,10,2024-12-19 13:05:16
500107098,14,4,10,2024-12-19 12:30:16
500107098,14,4,10,2024-12-19 11:32:15
500109094,14,4,10,2024-12-19 11:40:17
500110057,14,4,10,2024-12-19 11:55:17
500111080,14,4,10,2024-12-19 12:39:15
500113055,14,4,10,2024-12-19 13:08:15
500101158,14,3,11,2024-12-19 11:56:16
500103006,14,3,11,2024-12-19 12:19:16
500105091,14,2,11,2024-12-19 11:33:16
500107124,14,3,11,2024-12-19 12:30:16
500110057,14,3,11,2024-12-19 12:18:15
500112093,14,3,11,2024-12-19 12:08:15
500113016,14,3,11,2024-12-19 09:43:15
500113083,14,3,11,2024-12-19 09:57:15
500101015,14,2,12,2024-12-19 12:38:14
500101015,14,2,12,2024-12-19 10:56:14
500103070,14,2,12,2024-12-19 12:31:15
500104116,14,2,12,2024-12-19 12:08:15
500104116,14,2,12,2024-12-19 10:00:17
500104126,14,2,12,2024-12-19 08:52:16
500108006,14,2,12,2024-12-19 12:19:16
500109009,14,2,12,2024-12-19 10:24:15
500101122,14,1,13,2024-12-19 10:38:15
500104033,14,1,13,2024-12-19 10:59:15
500104104,14,1,13,2024-12-19 09:46:16
500104104,14,1,13,2024-12-19 11:03:16
500105073,14,1,13,2024-12-19 12:07:16
500107044,14,0,13,2024-12-19 11:59:15
500107044,14,0,13,2024-12-19 10:45:16
500111080,14,1,13,2024-12-19 10:16:15
500112093,14,1,13,2024-12-19 09:30:16
500103006,14,0,14,2024-12-19 09:04:16
500104033,14,0,14,2024-12-19 09:37:16
500104116,14,0,14,2024-12-19 09:07:15
500104116,14,0,14,2024-12-19 09:09:16
500104116,14,0,14,2024-12-19 11:28:15
500104116,14,0,14,2024-12-19 10:31:16
500104116,14,0,14,2024-12-19 11:17:17
500104120,14,0,14,2024-12-19 09:16:16
500105042,14,0,14,2024-12-19 07:54:16
500104103,14,14,0,2024-12-19 19:33:15
500106020,14,13,0,2024-12-19 18:01:18
500106094,14,14,0,2024-12-19 19:39:16
500106125,14,9,0,2024-12-19 20:28:15
500107107,14,14,0,2024-12-19 19:05:16
500108135,14,14,0,2024-12-19 18:52:15
500110057,14,14,0,2024-12-19 17:58:16
500111090,14,14,0,2024-12-19 17:47:15
500101122,14,13,1,2024-12-19 19:38:15
500101122,14,13,1,2024-12-19 18:46:15
500106125,14,10,1,2024-12-19 19:57:15
500109078,14,12,1,2024-12-19 18:05:16
500101122,14,12,2,2024-12-19 19:19:15
500101242,14,11,2,2024-12-19 17:26:15
500104033,14,12,2,2024-12-19 18:29:16
500104116,14,12,2,2024-12-19 17:42:15
500113085,14,12,2,2024-12-19 21:13:16
500103033,14,11,3,2024-12-19 18:17:15
500106113,14,11,3,2024-12-19 17:47:15
500113085,14,11,3,2024-12-19 17:37:16
500101158,14,10,4,2024-12-19 17:48:15
500104082,14,10,4,2024-12-19 18:18:16
500104104,14,10,4,2024-12-19 21:18:15
500104116,14,6,4,2024-12-19 19:43:15
500107124,14,10,4,2024-12-19 17:36:15
500108151,14,10,4,2024-12-19 17:56:16
500113016,14,10,4,2024-12-19 18:14:15
500103056,14,8,5,2024-12-19 19:56:16
500103056,14,8,5,2024-12-19 21:06:15
500104116,14,4,5,2024-12-19 21:14:16
500106113,14,9,5,2024-12-19 18:26:16
500109078,14,8,5,2024-12-19 18:17:15
500110057,14,9,5,2024-12-19 20:29:15
500104015,14,6,6,2024-12-19 18:58:16
500106020,14,7,6,2024-12-19 21:11:15
500109078,14,7,6,2024-12-19 20:00:17
500112002,14,8,6,2024-12-19 20:01:15
500112002,14,8,6,2024-12-19 18:18:15
500103063,14,7,7,2024-12-19 19:49:15
500103070,14,7,7,2024-12-19 20:44:14
500104015,14,5,7,2024-12-19 19:04:15
500104082,14,5,7,2024-12-19 18:42:16
500106094,14,7,7,2024-12-19 18:28:16
500108151,14,7,7,2024-12-19 18:28:15
500109078,14,6,7,2024-12-19 19:52:15
500111066,14,7,7,2024-12-19 20:02:15
500113083,14,7,7,2024-12-19 19:38:15
500103033,14,6,8,2024-12-19 20:09:15
500103063,14,6,8,2024-12-19 19:15:16
500104033,14,6,8,2024-12-19 20:33:15
500104120,14,6,8,2024-12-19 20:22:15
500104126,14,6,8,2024-12-19 21:14:15
500105091,14,6,8,2024-12-19 19:06:16
500107098,14,6,8,2024-12-19 17:40:17
500108151,14,6,8,2024-12-19 18:59:15
500101187,14,5,9,2024-12-19 17:45:15
500101242,14,3,9,2024-12-19 18:00:18
500103022,14,5,9,2024-12-19 19:59:15
500104033,14,5,9,2024-12-19 17:26:15
500105047,14,5,9,2024-12-19 21:16:15
500105091,14,4,9,2024-12-19 19:23:15
500108152,14,5,9,2024-12-19 20:08:14
500110085,14,4,9,2024-12-19 17:55:16
500112002,14,5,9,2024-12-19 18:56:15
500103022,14,4,10,2024-12-19 18:59:15
500105034,14,4,10,2024-12-19 20:20:16
500105064,14,4,10,2024-12-19 18:58:16
500105091,14,3,10,2024-12-19 19:35:16
500107044,14,3,10,2024-12-19 19:58:14
500108152,14,4,10,2024-12-19 17:50:16
500110057,14,4,10,2024-12-19 19:46:14
500111080,14,4,10,2024-12-19 18:13:16
500112002,14,4,10,2024-12-19 17:27:16
500113016,14,4,10,2024-12-19 19:38:14
500113055,14,4,10,2024-12-19 19:29:15
500101015,14,3,11,2024-12-19 20:46:16
500103070,14,3,11,2024-12-19 17:52:14
500105047,14,3,11,2024-12-19 20:26:16
500105047,14,3,11,2024-12-19 20:56:15
500107044,14,2,11,2024-12-19 17:31:15
500107107,14,3,11,2024-12-19 18:06:15
500109009,14,3,11,2024-12-19 19:58:14
500110057,14,3,11,2024-12-19 18:57:15
500111080,14,3,11,2024-12-19 20:39:16
500111080,14,3,11,2024-12-19 18:29:16
500111091,14,3,11,2024-12-19 19:01:15
500113055,14,3,11,2024-12-19 19:12:15
500113083,14,3,11,2024-12-19 20:37:16
500113083,14,3,11,2024-12-19 21:08:15
500101219,14,2,12,2024-12-19 19:16:15
500103060,14,2,12,2024-12-19 17:26:15
500103060,14,2,12,2024-12-19 18:17:15
500111080,14,2,12,2024-12-19 17:48:15
500113001,14,2,12,2024-12-19 18:54:15
500113055,14,2,12,2024-12-19 19:04:15
500101015,14,1,13,2024-12-19 17:31:18
500105073,14,1,13,2024-12-19 17:27:16
500111091,14,1,13,2024-12-19 17:44:15
500111091,14,1,13,2024-12-19 17:58:16
500113055,14,1,13,2024-12-19 19:38:15
500119085,14,1,13,2024-12-19 20:09:15
500104104,14,0,14,2024-12-19 20:33:16
500110010,14,0,14,2024-12-19 17:20:20
500110057,14,0,14,2024-12-19 18:29:16
500111091,14,0,14,2024-12-19 21:02:16
500103033,14,13,1,2024-12-19 14:00:17
500105015,14,13,1,2024-12-19 16:26:15
500103033,14,12,2,2024-12-19 16:52:15
500106113,14,11,3,2024-12-19 14:47:15
500110010,14,11,3,2024-12-19 15:48:15
500101242,14,9,4,2024-12-19 17:17:16
500107124,14,10,4,2024-12-19 15:37:15
500109078,14,9,4,2024-12-19 16:32:15
500111066,14,10,4,2024-12-19 16:56:15
500113085,14,10,4,2024-12-19 15:13:16
500101122,14,9,5,2024-12-19 15:15:16
500105047,14,9,5,2024-12-19 13:20:16
500111091,14,9,5,2024-12-19 17:12:16
500112093,14,9,5,2024-12-19 13:25:16
500112093,14,9,5,2024-12-19 15:07:15
500101122,14,8,6,2024-12-19 16:55:17
500101122,14,8,6,2024-12-19 15:19:16
500105047,14,8,6,2024-12-19 14:47:15
500106020,14,7,6,2024-12-19 16:47:15
500106113,14,8,6,2024-12-19 16:58:15
500104015,14,7,7,2024-12-19 17:03:16
500110050,14,7,7,2024-12-19 16:37:15
500112093,14,7,7,2024-12-19 15:17:15
500112093,14,7,7,2024-12-19 14:30:16
500110050,14,6,8,2024-12-19 14:38:15
500110085,14,5,8,2024-12-19 16:36:15
500101158,14,5,9,2024-12-19 15:27:15
500106125,14,4,10,2024-12-19 16:46:15
500101219,14,3,11,2024-12-19 14:22:15
500103060,14,3,11,2024-12-19 14:48:15
500104120,14,3,11,2024-12-19 13:52:15
500109094,14,3,11,2024-12-19 13:53:14
500101015,14,2,12,2024-12-19 14:01:15
500101187,14,2,12,2024-12-19 16:10:16
500101187,14,2,12,2024-12-19 16:30:16
500101219,14,2,12,2024-12-19 15:03:15
500112002,14,1,12,2024-12-19 13:23:15
500113061,14,2,12,2024-12-19 13:47:15
500119085,14,2,12,2024-12-19 17:08:15
500105091,14,0,13,2024-12-19 13:42:15
500110057,14,1,13,2024-12-19 14:57:15
500105073,14,0,14,2024-12-19 16:41:15
500113083,14,0,14,2024-12-19 16:21:15
500107098,14,2,12,2024-12-19 21:46:14
500107107,14,14,0,2024-12-19 08:03:15
500110057,14,12,0,2024-12-19 07:46:15
500101242,14,9,1,2024-12-19 05:48:15
500110010,14,13,1,2024-12-19 08:49:16
500110010,14,13,1,2024-12-19 07:57:16
500107070,14,12,2,2024-12-19 08:17:15
500110085,14,11,2,2024-12-19 05:30:15
500112002,14,11,2,2024-12-19 06:41:15
500113001,14,11,2,2024-12-19 07:24:16
500103060,14,11,3,2024-12-19 08:43:15
500105091,14,9,3,2024-12-19 08:17:15
500107044,14,10,3,2024-12-19 07:15:17
500109078,14,11,3,2024-12-19 08:47:15
500110085,14,10,3,2024-12-19 07:13:15
500101242,14,6,4,2024-12-19 07:27:15
500101242,14,8,4,2024-12-19 07:47:15
500103006,14,10,4,2024-12-19 05:25:15
500104082,14,9,4,2024-12-19 05:36:15
500108152,14,10,4,2024-12-19 08:22:15
500111090,14,10,4,2024-12-19 08:00:17
500111091,14,10,4,2024-12-19 08:36:15
500112093,14,10,4,2024-12-19 06:37:15
500101015,14,9,5,2024-12-19 08:16:14
500103033,14,9,5,2024-12-19 08:15:16
500103063,14,9,5,2024-12-19 06:14:15
500104104,14,9,5,2024-12-19 08:16:15
500104126,14,9,5,2024-12-19 06:43:15
500105054,14,9,5,2024-12-19 05:30:15
500108152,14,9,5,2024-12-19 07:27:15
500109078,14,9,5,2024-12-19 08:34:14
500101187,14,8,6,2024-12-19 06:38:15
500104015,14,5,6,2024-12-19 06:07:15
500109009,14,8,6,2024-12-19 06:37:15
500113016,14,8,6,2024-12-19 07:28:15
500113055,14,8,6,2024-12-19 07:27:15
500113061,14,8,6,2024-12-19 05:15:15
500113083,14,8,6,2024-12-19 07:23:15
500103033,14,7,7,2024-12-19 07:47:15
500103070,14,6,7,2024-12-19 06:42:15
500104116,14,7,7,2024-12-19 07:15:17
500104120,14,6,7,2024-12-19 08:03:15
500105015,14,7,7,2024-12-19 06:42:15
500105047,14,7,7,2024-12-19 06:20:15
500106113,14,7,7,2024-12-19 08:51:15
500107098,14,7,7,2024-12-19 07:46:15
500108135,14,7,7,2024-12-19 08:44:16
500103056,14,5,8,2024-12-19 08:27:16
500103063,14,6,8,2024-12-19 08:21:16
500103063,14,6,8,2024-12-19 06:53:15
500103063,14,6,8,2024-12-19 07:16:15
500104033,14,6,8,2024-12-19 07:27:15
500104103,14,6,8,2024-12-19 08:40:17
500108006,14,5,8,2024-12-19 07:27:15
500108006,14,6,8,2024-12-19 07:46:15
500103060,14,5,9,2024-12-19 07:15:17
500104033,14,5,9,2024-12-19 06:08:14
500104116,14,5,9,2024-12-19 08:15:16
500104118,14,3,9,2024-12-19 08:03:15
500105073,14,5,9,2024-12-19 06:54:16
500106020,14,3,9,2024-12-19 08:25:16
500106125,14,1,9,2024-12-19 07:11:15
500107124,14,5,9,2024-12-19 07:17:14
500108006,14,4,9,2024-12-19 06:52:14
500110057,14,1,9,2024-12-19 07:26:15
500104116,14,4,10,2024-12-19 08:47:15
500104116,14,4,10,2024-12-19 07:46:15
500105047,14,4,10,2024-12-19 08:38:15
500107124,14,4,10,2024-12-19 08:57:15
500109009,14,4,10,2024-12-19 07:17:14
500110057,14,0,10,2024-12-19 07:30:18
500103056,14,1,11,2024-12-19 07:54:15
500104015,14,0,11,2024-12-19 07:23:14
500105047,14,3,11,2024-12-19 08:37:15
500107070,14,3,11,2024-12-19 08:47:15
500107124,14,3,11,2024-12-19 06:37:15
500108006,14,2,11,2024-12-19 07:11:15
500113061,14,3,11,2024-12-19 07:13:15
500113061,14,3,11,2024-12-19 06:21:15
500106125,14,2,12,2024-12-19 08:43:15
500109009,14,2,12,2024-12-19 07:37:15
500110050,14,2,12,2024-12-19 08:47:15
500112002,14,1,12,2024-12-19 08:53:15
500105073,14,1,13,2024-12-19 07:33:15
500112002,14,0,13,2024-12-19 08:27:16
500119085,14,1,13,2024-12-19 06:10:16
500105073,14,0,14,2024-12-19 08:57:15
500104120,14,8,3,2024-12-19 00:56:14
500106113,14,11,3,2024-12-19 00:08:15
500107070,14,1,13,2024-12-19 00:07:15
500107070,14,0,14,2024-12-19 00:46:15
500101197,15,2,13,2024-12-19 23:56:14
500109073,15,3,12,2024-12-19 22:44:15
500109082,15,3,12,2024-12-19 20:40:16
500106108,15,7,6,2024-12-19 23:58:14
500109030,15,8,7,2024-12-19 22:50:16
500103062,15,15,0,2024-12-19 23:57:15
500110074,15,1,14,2024-12-19 23:19:15
500104121,15,3,12,2024-12-19 23:42:15
500107052,15,4,9,2024-12-19 23:30:16
500105039,15,8,7,2024-12-19 23:05:15
500106128,15,10,3,2024-12-19 23:57:15
500113050,15,10,5,2024-12-19 23:54:15
500103003,15,12,2,2024-12-19 23:03:15
500108139,15,4,10,2024-12-19 00:55:16
500108075,15,4,11,2024-12-19 01:17:15
500113054,15,4,11,2024-12-19 00:02:15
500101232,15,5,10,2024-12-19 01:13:15
500104056,15,6,9,2024-12-19 00:20:15
500104117,15,6,9,2024-12-19 00:46:15
500113062,15,7,8,2024-12-19 01:08:16
500109097,15,8,6,2024-12-19 00:32:15
500105096,15,9,6,2024-12-19 00:07:16
500106128,15,9,6,2024-12-19 00:47:15
500113048,15,10,3,2024-12-19 00:41:14
500101042,15,15,0,2024-12-19 01:08:15
500113054,15,1,14,2024-12-19 21:40:16
500101184,15,2,13,2024-12-19 23:17:14
500104106,15,3,11,2024-12-19 23:13:15
500110081,15,3,12,2024-12-19 22:37:15
500107052,15,5,8,2024-12-19 22:49:15
500107119,15,6,5,2024-12-19 23:07:14
500108119,15,6,9,2024-12-19 22:42:15
500107054,15,8,5,2024-12-19 23:17:14
500109018,15,8,7,2024-12-19 21:58:14
500113074,15,9,6,2024-12-19 23:15:15
500104124,15,10,5,2024-12-19 23:01:15
500105096,15,10,5,2024-12-19 23:02:14
500107106,15,1,14,2024-12-19 22:28:16
500106108,15,6,7,2024-12-19 22:16:15
500113075,15,8,5,2024-12-19 22:34:15
500104002,15,10,5,2024-12-19 22:29:14
500101103,15,11,0,2024-12-19 22:32:15
500106109,15,11,4,2024-12-19 22:34:15
500107134,15,13,1,2024-12-19 22:32:14
500107139,15,15,0,2024-12-19 21:17:15
500111086,15,0,15,2024-12-19 21:05:17
500112090,15,0,15,2024-12-19 21:33:15
500105071,15,2,13,2024-12-19 21:34:14
500108185,15,3,12,2024-12-19 21:32:14
500104106,15,4,10,2024-12-19 21:34:14
500108085,15,4,11,2024-12-19 20:49:15
500113077,15,5,8,2024-12-19 21:30:16
500106087,15,5,9,2024-12-19 21:16:15
500107002,15,6,9,2024-12-19 21:19:16
500107146,15,7,7,2024-12-19 21:39:15
500104059,15,10,4,2024-12-19 21:19:15
500106128,15,11,2,2024-12-19 21:39:15
500113074,15,11,4,2024-12-19 21:29:14
500107154,15,12,3,2024-12-19 21:23:16
500109016,15,12,3,2024-12-19 21:18:15
500112094,15,15,0,2024-12-19 21:26:16
500110088,15,2,12,2024-12-19 01:21:15
500106027,15,7,5,2024-12-19 02:57:14
500111086,15,11,4,2024-12-19 01:34:15
500101177,15,12,3,2024-12-19 03:02:15
500113050,15,3,12,2024-12-19 04:09:15
500104059,15,8,4,2024-12-19 04:17:15
500101232,15,0,15,2024-12-19 22:09:15
500110074,15,2,13,2024-12-19 22:06:15
500113077,15,5,8,2024-12-19 22:00:16
500104128,15,7,6,2024-12-19 22:09:15
500101163,15,7,8,2024-12-19 22:08:15
500104071,15,7,8,2024-12-19 21:58:15
500107067,15,13,2,2024-12-19 21:58:15
500103062,15,14,1,2024-12-19 22:06:15
500105071,15,0,15,2024-12-19 01:20:16
500107054,15,9,4,2024-12-19 01:24:14
500113075,15,12,1,2024-12-19 21:53:15
500113047,15,14,1,2024-12-19 21:58:14
500108015,15,7,8,2024-12-19 23:42:15
500101155,15,12,3,2024-12-19 23:50:15
500107039,15,3,12,2024-12-19 00:59:15
500111073,15,8,3,2024-12-19 00:18:14
500101184,15,12,3,2024-12-19 01:01:14
500101177,15,13,2,2024-12-19 02:25:15
500109060,15,5,9,2024-12-19 22:49:14
500107156,15,8,2,2024-12-19 22:49:15
500107047,15,8,4,2024-12-19 22:43:15
500106028,15,7,5,2024-12-19 04:36:15
500113080,15,8,5,2024-12-19 04:32:14
500101177,15,11,4,2024-12-19 04:33:15
500103062,15,13,2,2024-12-19 04:35:15
500101042,15,14,1,2024-12-19 23:07:15
500109089,15,8,6,2024-12-19 22:19:15
500103065,15,10,4,2024-12-19 22:13:15
500101042,15,14,1,2024-12-19 22:18:15
500106013,15,14,1,2024-12-19 03:59:15
500110081,15,2,13,2024-12-19 22:24:15
500105066,15,4,11,2024-12-19 22:24:15
500104124,15,7,8,2024-12-19 22:26:15
500113048,15,9,4,2024-12-19 22:25:16
500101155,15,12,3,2024-12-19 22:25:15
500101229,15,9,6,2024-12-19 01:54:15
500101177,15,11,4,2024-12-19 01:57:15
500101224,15,4,11,2024-12-19 23:20:16
500106128,15,9,4,2024-12-19 23:23:15
500110082,15,9,6,2024-12-19 02:03:15
500110027,15,13,1,2024-12-19 02:06:15
500107139,15,15,0,2024-12-19 09:25:17
500108015,15,15,0,2024-12-19 08:46:16
500108015,15,15,0,2024-12-19 09:26:15
500101145,15,14,1,2024-12-19 11:57:16
500101145,15,14,1,2024-12-19 09:57:15
500104053,15,14,1,2024-12-19 11:17:15
500101145,15,13,2,2024-12-19 12:30:16
500104053,15,13,2,2024-12-19 09:44:15
500107054,15,13,2,2024-12-19 10:57:15
500108015,15,13,2,2024-12-19 12:31:15
500108164,15,13,2,2024-12-19 09:08:15
500109080,15,13,2,2024-12-19 08:44:16
500101145,15,12,3,2024-12-19 09:36:15
500103062,15,12,3,2024-12-19 10:09:16
500103062,15,12,3,2024-12-19 10:21:15
500104130,15,11,3,2024-12-19 12:03:15
500107002,15,12,3,2024-12-19 10:17:16
500107033,15,12,3,2024-12-19 09:45:15
500107033,15,12,3,2024-12-19 09:56:16
500107127,15,12,3,2024-12-19 09:21:15
500112090,15,12,3,2024-12-19 09:05:16
500103062,15,11,4,2024-12-19 10:38:15
500106087,15,10,4,2024-12-19 11:55:18
500106124,15,11,4,2024-12-19 12:19:15
500107002,15,11,4,2024-12-19 12:16:15
500107047,15,10,4,2024-12-19 12:51:15
500107154,15,11,4,2024-12-19 09:25:16
500110043,15,11,4,2024-12-19 10:07:15
500104056,15,10,5,2024-12-19 10:42:15
500107002,15,10,5,2024-12-19 11:44:15
500108015,15,10,5,2024-12-19 11:58:16
500108148,15,10,5,2024-12-19 12:35:16
500109018,15,10,5,2024-12-19 09:51:16
500110074,15,10,5,2024-12-19 12:37:15
500113080,15,10,5,2024-12-19 09:42:15
500101197,15,9,6,2024-12-19 12:51:15
500103062,15,9,6,2024-12-19 08:57:15
500105071,15,9,6,2024-12-19 09:05:16
500107047,15,8,6,2024-12-19 10:19:16
500107052,15,8,6,2024-12-19 09:44:15
500107068,15,9,6,2024-12-19 11:15:16
500107119,15,4,6,2024-12-19 09:23:15
500107125,15,9,6,2024-12-19 11:48:15
500107127,15,9,6,2024-12-19 12:11:16
500107154,15,9,6,2024-12-19 11:37:15
500108019,15,8,6,2024-12-19 10:33:15
500109089,15,8,6,2024-12-19 08:41:15
500110074,15,9,6,2024-12-19 11:32:15
500113086,15,9,6,2024-12-19 12:19:15
500103062,15,8,7,2024-12-19 11:37:15
500104124,15,8,7,2024-12-19 11:54:15
500105071,15,8,7,2024-12-19 09:42:15
500106087,15,7,7,2024-12-19 12:57:15
500107047,15,7,7,2024-12-19 09:22:14
500107068,15,8,7,2024-12-19 12:18:15
500107080,15,8,7,2024-12-19 12:06:16
500108019,15,7,7,2024-12-19 10:18:15
500108123,15,8,7,2024-12-19 09:34:15
500108139,15,6,7,2024-12-19 09:51:16
500109018,15,8,7,2024-12-19 10:33:15
500109097,15,8,7,2024-12-19 10:15:16
500109100,15,8,7,2024-12-19 11:12:16
500110043,15,8,7,2024-12-19 10:18:15
500111018,15,8,7,2024-12-19 08:55:16
500113048,15,6,7,2024-12-19 12:28:15
500113050,15,8,7,2024-12-19 11:25:15
500113074,15,8,7,2024-12-19 09:06:15
500104056,15,7,8,2024-12-19 09:19:15
500104056,15,7,8,2024-12-19 09:37:15
500104124,15,7,8,2024-12-19 11:20:16
500106015,15,6,8,2024-12-19 12:48:15
500106015,15,6,8,2024-12-19 12:18:15
500106124,15,7,8,2024-12-19 10:47:16
500106124,15,7,8,2024-12-19 11:28:16
500107068,15,7,8,2024-12-19 10:06:14
500107104,15,7,8,2024-12-19 09:47:15
500107139,15,7,8,2024-12-19 10:23:15
500107154,15,7,8,2024-12-19 10:26:14
500108012,15,7,8,2024-12-19 09:24:15
500108019,15,6,8,2024-12-19 11:43:15
500108185,15,7,8,2024-12-19 09:00:18
500109060,15,6,8,2024-12-19 10:45:16
500113037,15,7,8,2024-12-19 09:40:16
500113050,15,7,8,2024-12-19 09:39:15
500113086,15,7,8,2024-12-19 10:14:15
500101163,15,6,9,2024-12-19 12:48:14
500104056,15,6,9,2024-12-19 09:47:15
500106008,15,6,9,2024-12-19 10:39:16
500106124,15,6,9,2024-12-19 10:38:15
500107081,15,6,9,2024-12-19 09:40:16
500107135,15,6,9,2024-12-19 09:36:15
500108119,15,6,9,2024-12-19 12:46:15
500108170,15,6,9,2024-12-19 12:17:15
500108170,15,6,9,2024-12-19 11:24:15
500108172,15,6,9,2024-12-19 10:17:16
500109089,15,5,9,2024-12-19 12:07:16
500113037,15,6,9,2024-12-19 09:53:15
500113050,15,6,9,2024-12-19 09:37:15
500113074,15,6,9,2024-12-19 12:19:16
500101042,15,5,10,2024-12-19 12:42:15
500101130,15,5,10,2024-12-19 12:38:15
500101229,15,4,10,2024-12-19 10:38:15
500103062,15,5,10,2024-12-19 12:20:16
500104071,15,5,10,2024-12-19 12:55:16
500106008,15,5,10,2024-12-19 10:38:15
500106108,15,4,10,2024-12-19 09:10:15
500106108,15,4,10,2024-12-19 10:18:15
500106124,15,5,10,2024-12-19 09:47:15
500107106,15,5,10,2024-12-19 09:01:15
500107146,15,4,10,2024-12-19 09:41:16
500108023,15,4,10,2024-12-19 11:11:15
500109016,15,5,10,2024-12-19 09:23:15
500109089,15,4,10,2024-12-19 13:04:16
500113037,15,5,10,2024-12-19 11:53:16
500101042,15,3,11,2024-12-19 09:27:15
500101117,15,4,11,2024-12-19 12:37:15
500103069,15,4,11,2024-12-19 09:31:15
500104013,15,4,11,2024-12-19 11:38:15
500104013,15,4,11,2024-12-19 10:49:15
500104111,15,4,11,2024-12-19 12:22:16
500104125,15,4,11,2024-12-19 12:07:16
500106027,15,3,11,2024-12-19 11:25:15
500106074,15,3,11,2024-12-19 12:53:15
500107074,15,4,11,2024-12-19 11:54:15
500107106,15,4,11,2024-12-19 09:37:16
500107154,15,4,11,2024-12-19 12:07:16
500108019,15,3,11,2024-12-19 09:25:16
500109018,15,4,11,2024-12-19 09:08:15
500110027,15,3,11,2024-12-19 10:23:15
500110088,15,4,11,2024-12-19 13:03:15
500110088,15,4,11,2024-12-19 10:58:16
500101103,15,3,12,2024-12-19 12:38:14
500101130,15,3,12,2024-12-19 10:37:16
500103065,15,3,12,2024-12-19 09:22:15
500106013,15,3,12,2024-12-19 11:36:15
500107068,15,3,12,2024-12-19 09:34:15
500107074,15,3,12,2024-12-19 12:58:15
500107154,15,3,12,2024-12-19 12:10:16
500108119,15,3,12,2024-12-19 11:55:18
500108142,15,3,12,2024-12-19 11:24:15
500108172,15,3,12,2024-12-19 12:23:16
500110081,15,3,12,2024-12-19 11:45:15
500112094,15,2,12,2024-12-19 09:47:14
500112094,15,2,12,2024-12-19 10:13:16
500113077,15,3,12,2024-12-19 11:29:15
500101042,15,2,13,2024-12-19 12:52:15
500101042,15,1,13,2024-12-19 09:07:16
500101103,15,2,13,2024-12-19 11:25:15
500101155,15,2,13,2024-12-19 11:45:15
500101155,15,2,13,2024-12-19 11:18:16
500101177,15,2,13,2024-12-19 11:47:15
500101184,15,2,13,2024-12-19 09:09:15
500104002,15,2,13,2024-12-19 10:12:15
500104059,15,2,13,2024-12-19 10:54:15
500104128,15,2,13,2024-12-19 11:47:16
500104128,15,2,13,2024-12-19 10:28:15
500106074,15,1,13,2024-12-19 09:27:15
500106074,15,1,13,2024-12-19 10:16:15
500106109,15,2,13,2024-12-19 09:40:16
500107067,15,2,13,2024-12-19 12:02:16
500107074,15,2,13,2024-12-19 12:19:16
500107134,15,1,13,2024-12-19 09:04:15
500107146,15,1,13,2024-12-19 12:47:16
500109018,15,2,13,2024-12-19 09:18:15
500110070,15,2,13,2024-12-19 11:18:16
500110082,15,2,13,2024-12-19 11:50:16
500110082,15,2,13,2024-12-19 12:05:17
500101103,15,1,14,2024-12-19 09:00:18
500101149,15,1,14,2024-12-19 09:23:15
500101155,15,1,14,2024-12-19 11:38:15
500101163,15,1,14,2024-12-19 09:46:15
500101208,15,1,14,2024-12-19 08:39:15
500101224,15,1,14,2024-12-19 11:25:16
500101232,15,1,14,2024-12-19 12:56:15
500104059,15,1,14,2024-12-19 09:29:15
500104059,15,1,14,2024-12-19 10:17:16
500104071,15,1,14,2024-12-19 12:07:15
500104106,15,0,14,2024-12-19 09:21:17
500104106,15,0,14,2024-12-19 10:15:16
500105066,15,1,14,2024-12-19 09:05:16
500107067,15,1,14,2024-12-19 09:08:15
500107067,15,1,14,2024-12-19 10:53:15
500107121,15,0,14,2024-12-19 09:47:15
500107134,15,0,14,2024-12-19 09:26:15
500107134,15,0,14,2024-12-19 10:58:15
500107135,15,1,14,2024-12-19 12:06:14
500107146,15,0,14,2024-12-19 11:53:15
500110027,15,0,14,2024-12-19 13:08:15
500110081,15,1,14,2024-12-19 11:24:15
500111006,15,1,14,2024-12-19 10:06:15
500112019,15,1,14,2024-12-19 12:37:15
500112019,15,1,14,2024-12-19 12:19:15
500112019,15,1,14,2024-12-19 10:28:15
500113047,15,1,14,2024-12-19 11:37:15
500101042,15,0,15,2024-12-19 10:44:16
500101117,15,0,15,2024-12-19 09:05:16
500101163,15,0,15,2024-12-19 09:55:16
500101232,15,0,15,2024-12-19 12:00:19
500103065,15,0,15,2024-12-19 12:28:15
500103065,15,0,15,2024-12-19 12:11:16
500103069,15,0,15,2024-12-19 11:38:15
500104071,15,0,15,2024-12-19 10:28:15
500104071,15,0,15,2024-12-19 10:43:15
500105066,15,0,15,2024-12-19 12:41:16
500106013,15,0,15,2024-12-19 12:18:16
500107074,15,0,15,2024-12-19 09:49:15
500108170,15,0,15,2024-12-19 09:37:16
500113054,15,0,15,2024-12-19 11:10:18
500101163,15,15,0,2024-12-19 19:58:15
500101184,15,15,0,2024-12-19 18:07:16
500101184,15,15,0,2024-12-19 19:40:19
500101229,15,15,0,2024-12-19 18:08:16
500101229,15,15,0,2024-12-19 18:24:15
500107033,15,15,0,2024-12-19 18:18:16
500107054,15,15,0,2024-12-19 18:29:15
500108031,15,15,0,2024-12-19 19:28:15
500112094,15,15,0,2024-12-19 20:31:19
500113050,15,15,0,2024-12-19 21:20:16
500101177,15,14,1,2024-12-19 19:18:16
500101229,15,14,1,2024-12-19 20:36:15
500104117,15,14,1,2024-12-19 17:58:16
500108012,15,14,1,2024-12-19 20:29:14
500108031,15,14,1,2024-12-19 18:47:16
500111006,15,14,1,2024-12-19 18:48:16
500111018,15,14,1,2024-12-19 20:20:19
500101155,15,13,2,2024-12-19 21:09:16
500104080,15,13,2,2024-12-19 18:10:17
500104128,15,13,2,2024-12-19 18:06:15
500113050,15,13,2,2024-12-19 20:59:15
500101239,15,12,3,2024-12-19 19:27:15
500104059,15,12,3,2024-12-19 17:54:15
500106124,15,12,3,2024-12-19 18:48:15
500107074,15,12,3,2024-12-19 20:11:16
500107134,15,11,3,2024-12-19 17:24:16
500111006,15,12,3,2024-12-19 18:28:16
500112106,15,12,3,2024-12-19 20:08:14
500101229,15,11,4,2024-12-19 20:57:16
500104059,15,11,4,2024-12-19 17:37:16
500106128,15,11,4,2024-12-19 18:55:17
500107054,15,11,4,2024-12-19 20:29:15
500108023,15,11,4,2024-12-19 19:58:15
500109060,15,10,4,2024-12-19 18:26:16
500110043,15,11,4,2024-12-19 20:12:15
500111087,15,11,4,2024-12-19 17:37:16
500101130,15,10,5,2024-12-19 20:55:17
500101163,15,10,5,2024-12-19 17:36:15
500101177,15,10,5,2024-12-19 20:28:15
500101184,15,10,5,2024-12-19 18:29:16
500103062,15,10,5,2024-12-19 19:24:15
500103065,15,9,5,2024-12-19 20:05:16
500103065,15,9,5,2024-12-19 19:38:14
500105075,15,10,5,2024-12-19 18:37:15
500106109,15,10,5,2024-12-19 20:33:15
500107067,15,10,5,2024-12-19 20:06:15
500107154,15,10,5,2024-12-19 20:53:15
500108123,15,10,5,2024-12-19 18:11:16
500109030,15,10,5,2024-12-19 19:21:15
500110043,15,10,5,2024-12-19 18:58:16
500110070,15,10,5,2024-12-19 17:34:15
500112106,15,10,5,2024-12-19 19:57:15
500113037,15,10,5,2024-12-19 20:21:15
500113050,15,10,5,2024-12-19 19:58:15
500113075,15,8,5,2024-12-19 21:07:16
500101103,15,6,6,2024-12-19 19:33:14
500101239,15,9,6,2024-12-19 19:13:15
500101239,15,9,6,2024-12-19 21:01:15
500104071,15,9,6,2024-12-19 17:36:15
500104111,15,7,6,2024-12-19 20:07:15
500104131,15,9,6,2024-12-19 19:19:15
500106015,15,8,6,2024-12-19 19:32:15
500106028,15,9,6,2024-12-19 21:15:16
500106074,15,8,6,2024-12-19 17:28:15
500106108,15,8,6,2024-12-19 19:06:16
500106108,15,8,6,2024-12-19 19:24:15
500107033,15,9,6,2024-12-19 20:49:15
500107047,15,6,6,2024-12-19 20:59:15
500107054,15,9,6,2024-12-19 20:02:15
500107067,15,9,6,2024-12-19 20:46:16
500107074,15,9,6,2024-12-19 17:58:16
500107106,15,9,6,2024-12-19 19:55:16
500108012,15,9,6,2024-12-19 20:43:15
500108143,15,9,6,2024-12-19 18:25:17
500108172,15,9,6,2024-12-19 18:46:15
500111006,15,9,6,2024-12-19 21:07:16
500111087,15,9,6,2024-12-19 19:15:16
500103003,15,7,7,2024-12-19 19:14:16
500104063,15,8,7,2024-12-19 21:05:16
500104111,15,4,7,2024-12-19 20:47:14
500105076,15,8,7,2024-12-19 18:21:16
500105079,15,8,7,2024-12-19 18:11:16
500105096,15,8,7,2024-12-19 18:25:17
500106109,15,8,7,2024-12-19 19:29:15
500107074,15,8,7,2024-12-19 17:36:15
500107080,15,8,7,2024-12-19 17:20:17
500107125,15,8,7,2024-12-19 18:29:15
500107146,15,7,7,2024-12-19 20:58:14
500108019,15,7,7,2024-12-19 17:59:15
500108023,15,8,7,2024-12-19 19:19:15
500108170,15,8,7,2024-12-19 20:28:15
500108170,15,8,7,2024-12-19 17:18:16
500110027,15,6,7,2024-12-19 20:31:15
500110043,15,8,7,2024-12-19 17:59:15
500111078,15,8,7,2024-12-19 18:41:15
500113086,15,8,7,2024-12-19 20:09:15
500113086,15,8,7,2024-12-19 19:31:15
500113086,15,8,7,2024-12-19 21:06:15
500101103,15,7,8,2024-12-19 18:09:16
500101145,15,7,8,2024-12-19 17:37:16
500101184,15,7,8,2024-12-19 20:57:15
500103062,15,7,8,2024-12-19 16:53:15
500104049,15,7,8,2024-12-19 18:49:16
500104071,15,7,8,2024-12-19 19:38:15
500104096,15,7,8,2024-12-19 17:31:14
500104124,15,7,8,2024-12-19 19:57:15
500105079,15,7,8,2024-12-19 17:57:15
500105082,15,7,8,2024-12-19 17:28:15
500105082,15,7,8,2024-12-19 18:35:16
500106013,15,7,8,2024-12-19 21:06:15
500106109,15,7,8,2024-12-19 19:18:15
500107074,15,7,8,2024-12-19 20:37:16
500107080,15,7,8,2024-12-19 17:57:15
500107080,15,7,8,2024-12-19 19:21:15
500107080,15,7,8,2024-12-19 18:43:15
500107081,15,7,8,2024-12-19 18:16:16
500107106,15,7,8,2024-12-19 20:43:16
500107156,15,7,8,2024-12-19 17:25:16
500107156,15,7,8,2024-12-19 19:29:15
500108019,15,6,8,2024-12-19 18:00:18
500109060,15,6,8,2024-12-19 17:26:15
500111078,15,7,8,2024-12-19 18:05:16
500111087,15,7,8,2024-12-19 20:02:15
500113037,15,7,8,2024-12-19 17:17:15
500113050,15,7,8,2024-12-19 19:18:15
500113074,15,7,8,2024-12-19 19:41:16
500101130,15,6,9,2024-12-19 18:14:15
500101232,15,6,9,2024-12-19 19:35:16
500101239,15,6,9,2024-12-19 18:08:16
500103062,15,6,9,2024-12-19 17:36:15
500104071,15,6,9,2024-12-19 20:28:15
500104106,15,5,9,2024-12-19 18:33:16
500107067,15,6,9,2024-12-19 18:20:17
500107121,15,5,9,2024-12-19 17:28:14
500107125,15,6,9,2024-12-19 18:13:16
500108164,15,6,9,2024-12-19 17:18:16
500110027,15,5,9,2024-12-19 17:26:15
500110081,15,6,9,2024-12-19 17:59:15
500111078,15,6,9,2024-12-19 19:56:16
500111078,15,6,9,2024-12-19 17:56:16
500111078,15,6,9,2024-12-19 21:08:15
500111084,15,6,9,2024-12-19 17:38:16
500113062,15,6,9,2024-12-19 19:24:15
500113077,15,3,9,2024-12-19 18:34:15
500101232,15,5,10,2024-12-19 18:48:15
500104071,15,5,10,2024-12-19 18:45:16
500104111,15,5,10,2024-12-19 18:32:16
500104128,15,4,10,2024-12-19 20:39:16
500105039,15,5,10,2024-12-19 19:06:15
500105076,15,5,10,2024-12-19 17:22:16
500105077,15,4,10,2024-12-19 19:43:15
500105077,15,4,10,2024-12-19 20:46:16
500106074,15,4,10,2024-12-19 19:18:15
500106108,15,4,10,2024-12-19 18:06:15
500108170,15,5,10,2024-12-19 17:42:15
500110027,15,4,10,2024-12-19 19:28:15
500113047,15,5,10,2024-12-19 18:27:15
500101117,15,4,11,2024-12-19 21:13:16
500101130,15,4,11,2024-12-19 17:46:15
500101155,15,4,11,2024-12-19 19:36:15
500101213,15,4,11,2024-12-19 17:49:15
500101213,15,4,11,2024-12-19 18:58:16
500101239,15,4,11,2024-12-19 17:54:15
500104059,15,4,11,2024-12-19 19:49:15
500106108,15,3,11,2024-12-19 17:28:15
500107039,15,4,11,2024-12-19 20:35:16
500107039,15,4,11,2024-12-19 20:59:15
500107125,15,4,11,2024-12-19 19:38:15
500108172,15,4,11,2024-12-19 18:16:16
500109100,15,4,11,2024-12-19 20:51:16
500109104,15,4,11,2024-12-19 17:45:16
500111073,15,2,11,2024-12-19 20:13:15
500112090,15,4,11,2024-12-19 19:18:15
500113062,15,4,11,2024-12-19 18:55:17
500101117,15,3,12,2024-12-19 20:35:16
500101163,15,3,12,2024-12-19 21:20:16
500101213,15,3,12,2024-12-19 19:34:15
500105083,15,3,12,2024-12-19 18:18:16
500106108,15,2,12,2024-12-19 17:58:16
500109104,15,3,12,2024-12-19 18:10:17
500113054,15,3,12,2024-12-19 18:46:15
500113074,15,3,12,2024-12-19 18:20:17
500101208,15,2,13,2024-12-19 19:47:15
500104080,15,2,13,2024-12-19 19:06:16
500106087,15,1,13,2024-12-19 19:16:15
500106108,15,1,13,2024-12-19 17:38:16
500106128,15,2,13,2024-12-19 17:18:15
500108015,15,2,13,2024-12-19 20:39:16
500108075,15,2,13,2024-12-19 18:37:15
500108119,15,2,13,2024-12-19 18:30:17
500109073,15,2,13,2024-12-19 15:43:15
500109073,15,2,13,2024-12-19 21:19:16
500109073,15,2,13,2024-12-19 18:17:15
500109098,15,2,13,2024-12-19 17:34:15
500111073,15,0,13,2024-12-19 19:57:14
500113054,15,2,13,2024-12-19 18:29:16
500101149,15,1,14,2024-12-19 17:37:16
500101155,15,1,14,2024-12-19 18:08:16
500101197,15,1,14,2024-12-19 17:56:16
500101213,15,1,14,2024-12-19 19:22:16
500103069,15,1,14,2024-12-19 18:49:15
500105077,15,1,14,2024-12-19 18:10:19
500106028,15,1,14,2024-12-19 18:44:16
500106129,15,1,14,2024-12-19 21:10:18
500107104,15,1,14,2024-12-19 19:33:15
500109059,15,1,14,2024-12-19 17:30:19
500112019,15,1,14,2024-12-19 20:09:15
500112019,15,1,14,2024-12-19 20:44:14
500112019,15,1,14,2024-12-19 20:59:15
500112094,15,1,14,2024-12-19 18:24:16
500113050,15,1,14,2024-12-19 17:42:15
500105066,15,0,15,2024-12-19 17:30:19
500105071,15,0,15,2024-12-19 18:47:16
500108015,15,0,15,2024-12-19 20:48:15
500110082,15,0,15,2024-12-19 18:39:15
500110088,15,0,15,2024-12-19 17:38:16
500110088,15,0,15,2024-12-19 19:09:16
500101145,15,15,0,2024-12-19 13:52:15
500101145,15,15,0,2024-12-19 16:49:15
500101145,15,14,1,2024-12-19 16:17:16
500101145,15,14,1,2024-12-19 15:35:16
500109080,15,14,1,2024-12-19 17:05:17
500111006,15,14,1,2024-12-19 17:18:16
500104130,15,12,2,2024-12-19 17:10:17
500106124,15,13,2,2024-12-19 14:42:15
500111087,15,13,2,2024-12-19 15:37:16
500101184,15,12,3,2024-12-19 13:33:15
500104130,15,11,3,2024-12-19 13:21:15
500106100,15,12,3,2024-12-19 17:10:17
500106100,15,12,3,2024-12-19 14:21:15
500106124,15,12,3,2024-12-19 13:25:16
500107047,15,11,3,2024-12-19 13:46:16
500108015,15,12,3,2024-12-19 16:15:17
500110074,15,12,3,2024-12-19 15:11:15
500111006,15,12,3,2024-12-19 13:57:15
500113048,15,10,3,2024-12-19 16:49:15
500106087,15,10,4,2024-12-19 13:47:15
500107039,15,11,4,2024-12-19 13:55:16
500111086,15,11,4,2024-12-19 15:28:14
500103065,15,9,5,2024-12-19 16:57:16
500106100,15,10,5,2024-12-19 16:43:15
500107039,15,10,5,2024-12-19 14:06:15
500107068,15,10,5,2024-12-19 17:08:16
500107106,15,10,5,2024-12-19 16:05:16
500108012,15,10,5,2024-12-19 15:17:16
500108170,15,10,5,2024-12-19 15:10:15
500109018,15,10,5,2024-12-19 16:04:14
500110074,15,10,5,2024-12-19 13:25:16
500101184,15,9,6,2024-12-19 16:28:14
500107068,15,9,6,2024-12-19 16:18:15
500107139,15,9,6,2024-12-19 16:55:17
500108015,15,9,6,2024-12-19 14:56:15
500110043,15,9,6,2024-12-19 16:15:16
500110043,15,9,6,2024-12-19 14:17:15
500110074,15,9,6,2024-12-19 17:09:15
500110074,15,9,6,2024-12-19 14:46:15
500101208,15,8,7,2024-12-19 16:10:16
500104056,15,7,7,2024-12-19 14:52:16
500104124,15,8,7,2024-12-19 16:36:15
500106015,15,7,7,2024-12-19 16:24:15
500106087,15,7,7,2024-12-19 15:04:14
500107119,15,4,7,2024-12-19 16:55:17
500108031,15,8,7,2024-12-19 16:17:15
500111018,15,8,7,2024-12-19 16:38:15
500101177,15,7,8,2024-12-19 14:51:15
500101184,15,7,8,2024-12-19 17:05:17
500104053,15,7,8,2024-12-19 13:17:15
500106015,15,6,8,2024-12-19 14:03:16
500107039,15,7,8,2024-12-19 16:06:15
500108023,15,6,8,2024-12-19 14:31:15
500109100,15,7,8,2024-12-19 16:20:17
500110043,15,7,8,2024-12-19 14:08:15
500110070,15,7,8,2024-12-19 17:17:16
500110088,15,7,8,2024-12-19 14:24:15
500112094,15,6,8,2024-12-19 15:19:16
500112106,15,7,8,2024-12-19 16:59:15
500101103,15,6,9,2024-12-19 16:55:17
500104071,15,6,9,2024-12-19 16:11:15
500106027,15,5,9,2024-12-19 13:14:15
500107154,15,6,9,2024-12-19 13:38:16
500108019,15,5,9,2024-12-19 16:35:15
500109030,15,6,9,2024-12-19 14:17:15
500101163,15,5,10,2024-12-19 13:36:16
500101177,15,5,10,2024-12-19 16:13:15
500101177,15,5,10,2024-12-19 16:47:15
500101177,15,5,10,2024-12-19 17:02:15
500101232,15,5,10,2024-12-19 16:51:16
500104071,15,5,10,2024-12-19 13:20:17
500107033,15,5,10,2024-12-19 13:23:15
500107054,15,5,10,2024-12-19 14:28:15
500107074,15,5,10,2024-12-19 16:54:15
500110081,15,5,10,2024-12-19 15:54:15
500113074,15,5,10,2024-12-19 13:59:15
500113080,15,5,10,2024-12-19 16:44:15
500101163,15,4,11,2024-12-19 13:48:15
500101197,15,4,11,2024-12-19 15:32:15
500104013,15,4,11,2024-12-19 16:45:16
500104049,15,4,11,2024-12-19 15:56:15
500104071,15,4,11,2024-12-19 13:36:15
500104096,15,4,11,2024-12-19 16:06:15
500107054,15,4,11,2024-12-19 17:07:15
500108075,15,4,11,2024-12-19 16:22:16
500108172,15,4,11,2024-12-19 16:47:15
500108172,15,4,11,2024-12-19 15:05:16
500110088,15,4,11,2024-12-19 15:30:17
500112106,15,4,11,2024-12-19 13:25:15
500101042,15,3,12,2024-12-19 16:48:16
500101103,15,3,12,2024-12-19 15:52:15
500101130,15,3,12,2024-12-19 14:51:15
500101149,15,3,12,2024-12-19 16:10:16
500101149,15,3,12,2024-12-19 17:08:16
500101155,15,3,12,2024-12-19 16:58:15
500101224,15,3,12,2024-12-19 17:18:16
500104101,15,3,12,2024-12-19 14:24:14
500105066,15,3,12,2024-12-19 15:48:15
500105096,15,3,12,2024-12-19 15:38:15
500106108,15,2,12,2024-12-19 16:40:16
500106108,15,2,12,2024-12-19 16:54:15
500108050,15,3,12,2024-12-19 15:03:15
500110082,15,3,12,2024-12-19 13:22:15
500111084,15,3,12,2024-12-19 17:18:16
500112094,15,2,12,2024-12-19 13:21:16
500101042,15,2,13,2024-12-19 15:41:15
500101042,15,2,13,2024-12-19 17:17:16
500104013,15,2,13,2024-12-19 16:54:16
500104071,15,2,13,2024-12-19 16:41:15
500105082,15,2,13,2024-12-19 16:05:16
500107054,15,2,13,2024-12-19 16:43:15
500107074,15,2,13,2024-12-19 16:17:15
500110027,15,1,13,2024-12-19 16:51:16
500110070,15,2,13,2024-12-19 16:28:15
500110081,15,2,13,2024-12-19 16:29:15
500101117,15,1,14,2024-12-19 16:12:15
500101117,15,1,14,2024-12-19 17:07:15
500101224,15,1,14,2024-12-19 15:53:14
500101239,15,1,14,2024-12-19 13:56:15
500106028,15,1,14,2024-12-19 15:57:15
500110081,15,1,14,2024-12-19 16:43:15
500112090,15,1,14,2024-12-19 13:38:16
500101117,15,0,15,2024-12-19 13:56:15
500101239,15,0,15,2024-12-19 15:07:15
500103069,15,0,15,2024-12-19 16:44:15
500107106,15,0,15,2024-12-19 17:18:15
500109016,15,0,15,2024-12-19 17:13:16
500107074,15,3,12,2024-12-19 21:47:15
500104125,15,9,6,2024-12-19 21:40:15
500105079,15,9,6,2024-12-19 21:42:15
500106100,15,15,0,2024-12-19 08:27:15
500108015,15,15,0,2024-12-19 08:37:16
500111018,15,15,0,2024-12-19 07:55:16
500101184,15,14,1,2024-12-19 07:42:16
500104130,15,13,1,2024-12-19 07:33:15
500105071,15,14,1,2024-12-19 07:43:15
500107125,15,10,1,2024-12-19 05:43:16
500111073,15,10,1,2024-12-19 07:42:15
500113077,15,14,1,2024-12-19 07:37:15
500106027,15,12,2,2024-12-19 07:37:15
500106108,15,9,2,2024-12-19 07:27:15
500107125,15,9,2,2024-12-19 06:00:16
500107134,15,12,2,2024-12-19 06:03:15
500108019,15,12,2,2024-12-19 07:36:15
500108023,15,12,2,2024-12-19 07:17:14
500108031,15,13,2,2024-12-19 08:27:16
500111018,15,13,2,2024-12-19 06:29:15
500101103,15,9,3,2024-12-19 05:58:15
500104106,15,11,3,2024-12-19 06:28:15
500104124,15,11,3,2024-12-19 05:17:15
500106015,15,11,3,2024-12-19 07:14:15
500106124,15,12,3,2024-12-19 06:54:15
500107119,15,7,3,2024-12-19 07:14:15
500108059,15,12,3,2024-12-19 07:19:15
500101103,15,9,4,2024-12-19 06:47:15
500101103,15,11,4,2024-12-19 07:46:15
500101145,15,10,4,2024-12-19 06:15:16
500104053,15,10,4,2024-12-19 07:27:15
500104080,15,11,4,2024-12-19 06:31:15
500104117,15,10,4,2024-12-19 07:36:15
500104130,15,10,4,2024-12-19 06:41:15
500106087,15,10,4,2024-12-19 07:24:15
500107033,15,11,4,2024-12-19 08:56:16
500108023,15,10,4,2024-12-19 06:00:16
500108085,15,10,4,2024-12-19 05:07:15
500111086,15,10,4,2024-12-19 07:54:15
500113037,15,11,4,2024-12-19 07:10:16
500101149,15,10,5,2024-12-19 07:47:15
500104059,15,7,5,2024-12-19 06:03:15
500106087,15,9,5,2024-12-19 05:34:15
500107119,15,5,5,2024-12-19 08:06:16
500107127,15,10,5,2024-12-19 08:11:16
500108185,15,10,5,2024-12-19 07:20:16
500109018,15,10,5,2024-12-19 06:19:15
500109059,15,10,5,2024-12-19 08:10:17
500109104,15,10,5,2024-12-19 07:08:15
500101149,15,9,6,2024-12-19 08:22:15
500106027,15,6,6,2024-12-19 06:26:14
500107030,15,9,6,2024-12-19 08:35:16
500107119,15,4,6,2024-12-19 05:45:15
500107145,15,9,6,2024-12-19 07:17:14
500108019,15,8,6,2024-12-19 08:39:15
500108077,15,9,6,2024-12-19 06:14:15
500109059,15,9,6,2024-12-19 08:30:16
500111086,15,8,6,2024-12-19 07:27:15
500113037,15,9,6,2024-12-19 08:35:16
500113062,15,8,6,2024-12-19 07:36:15
500101145,15,7,7,2024-12-19 08:37:15
500104013,15,8,7,2024-12-19 07:36:15
500105039,15,8,7,2024-12-19 06:58:14
500106028,15,8,7,2024-12-19 08:53:15
500107002,15,8,7,2024-12-19 07:27:15
500108031,15,8,7,2024-12-19 06:51:15
500109030,15,8,7,2024-12-19 06:01:14
500110088,15,7,7,2024-12-19 06:35:15
500113062,15,7,7,2024-12-19 07:15:17
500113074,15,8,7,2024-12-19 06:52:14
500101145,15,6,8,2024-12-19 08:12:15
500101184,15,7,8,2024-12-19 08:31:16
500105039,15,7,8,2024-12-19 07:20:16
500105079,15,7,8,2024-12-19 08:33:16
500106008,15,7,8,2024-12-19 08:10:17
500106087,15,6,8,2024-12-19 07:44:15
500106128,15,6,8,2024-12-19 06:08:14
500107002,15,7,8,2024-12-19 06:32:15
500107121,15,6,8,2024-12-19 08:56:16
500108019,15,6,8,2024-12-19 05:31:14
500108172,15,7,8,2024-12-19 07:24:15
500109030,15,7,8,2024-12-19 06:21:15
500109030,15,7,8,2024-12-19 06:08:14
500109082,15,7,8,2024-12-19 07:34:15
500110070,15,7,8,2024-12-19 07:14:15
500110074,15,6,8,2024-12-19 06:16:15
500111073,15,6,8,2024-12-19 08:27:16
500113050,15,7,8,2024-12-19 08:25:16
500101117,15,6,9,2024-12-19 06:30:16
500101208,15,6,9,2024-12-19 07:56:15
500101232,15,6,9,2024-12-19 07:37:15
500101232,15,6,9,2024-12-19 07:53:15
500104049,15,4,9,2024-12-19 08:46:15
500105096,15,6,9,2024-12-19 08:16:15
500107002,15,6,9,2024-12-19 05:56:14
500107080,15,6,9,2024-12-19 07:31:16
500112094,15,5,9,2024-12-19 08:20:17
500113062,15,5,9,2024-12-19 08:24:15
500101029,15,4,10,2024-12-19 08:46:15
500101197,15,5,10,2024-12-19 07:26:15
500101213,15,5,10,2024-12-19 07:57:16
500101232,15,5,10,2024-12-19 07:26:15
500104124,15,4,10,2024-12-19 06:47:15
500105039,15,5,10,2024-12-19 08:01:15
500105076,15,5,10,2024-12-19 07:46:15
500106015,15,4,10,2024-12-19 08:57:15
500107067,15,5,10,2024-12-19 07:58:15
500107127,15,5,10,2024-12-19 05:24:14
500107146,15,4,10,2024-12-19 08:57:14
500108185,15,5,10,2024-12-19 08:08:15
500109060,15,4,10,2024-12-19 07:38:15
500111084,15,5,10,2024-12-19 07:34:15
500111087,15,4,10,2024-12-19 08:55:16
500111087,15,4,10,2024-12-19 07:56:15
500101229,15,3,11,2024-12-19 08:03:15
500103069,15,4,11,2024-12-19 06:41:15
500104096,15,4,11,2024-12-19 08:04:14
500104096,15,4,11,2024-12-19 04:44:14
500104101,15,3,11,2024-12-19 08:11:16
500104125,15,4,11,2024-12-19 07:55:17
500106074,15,3,11,2024-12-19 07:36:15
500107047,15,3,11,2024-12-19 07:12:15
500107067,15,4,11,2024-12-19 08:16:15
500108119,15,4,11,2024-12-19 06:43:15
500108164,15,4,11,2024-12-19 07:36:14
500110088,15,3,11,2024-12-19 06:13:14
500113048,15,2,11,2024-12-19 08:02:15
500101224,15,3,12,2024-12-19 07:36:15
500104002,15,3,12,2024-12-19 08:01:15
500104056,15,3,12,2024-12-19 08:42:15
500104106,15,2,12,2024-12-19 08:36:14
500104106,15,2,12,2024-12-19 07:51:15
500104121,15,1,12,2024-12-19 07:59:15
500104125,15,3,12,2024-12-19 08:39:15
500105077,15,3,12,2024-12-19 08:49:15
500106008,15,3,12,2024-12-19 08:47:15
500107030,15,3,12,2024-12-19 08:27:16
500107052,15,2,12,2024-12-19 07:22:14
500107054,15,1,12,2024-12-19 08:03:15
500107080,15,3,12,2024-12-19 06:47:15
500107134,15,2,12,2024-12-19 08:34:15
500107154,15,3,12,2024-12-19 08:27:16
500113054,15,3,12,2024-12-19 06:09:15
500113062,15,2,12,2024-12-19 07:59:15
500101208,15,2,13,2024-12-19 08:37:15
500104071,15,2,13,2024-12-19 08:40:19
500104121,15,0,13,2024-12-19 08:43:15
500107080,15,2,13,2024-12-19 05:57:14
500108012,15,2,13,2024-12-19 07:30:16
500108170,15,2,13,2024-12-19 08:52:16
500109097,15,1,13,2024-12-19 07:27:15
500110043,15,2,13,2024-12-19 06:56:15
500110043,15,2,13,2024-12-19 07:17:14
500110043,15,2,13,2024-12-19 07:37:15
500110081,15,1,13,2024-12-19 06:53:15
500113050,15,2,13,2024-12-19 07:54:15
500101163,15,1,14,2024-12-19 08:47:15
500103065,15,1,14,2024-12-19 07:37:15
500104002,15,1,14,2024-12-19 08:57:15
500105066,15,1,14,2024-12-19 06:56:15
500107033,15,1,14,2024-12-19 07:12:15
500107033,15,1,14,2024-12-19 07:57:16
500107135,15,1,14,2024-12-19 06:18:15
500113047,15,1,14,2024-12-19 08:45:16
500101117,15,0,15,2024-12-19 08:27:16
500101163,15,0,15,2024-12-19 08:37:15
500101163,15,0,15,2024-12-19 06:35:16
500107074,15,0,15,2024-12-19 08:26:15
500113047,15,0,15,2024-12-19 05:27:15
500113054,15,0,15,2024-12-19 07:51:15
500106028,15,11,4,2024-12-19 23:28:15
500101155,15,0,15,2024-12-19 00:15:16
500104056,15,5,10,2024-12-19 00:09:14
500104056,15,4,11,2024-12-19 00:01:15
500107145,15,12,3,2024-12-19 00:28:14
500110027,15,10,4,2024-12-19 00:31:14
500110043,15,0,15,2024-12-19 00:18:14
500101208,15,8,7,2024-12-19 00:16:15
500105079,15,6,9,2024-12-19 00:36:15
500107039,15,2,13,2024-12-19 00:23:14
500113048,15,9,4,2024-12-19 00:35:16
500107002,15,2,13,2024-12-19 23:10:15
500104068,15,5,10,2024-12-19 21:02:15
500104080,15,6,9,2024-12-19 23:45:16
500109104,15,9,6,2024-12-19 22:26:15
500104117,15,13,2,2024-12-19 23:51:15
500109060,15,4,10,2024-12-19 23:56:14
500101103,15,10,1,2024-12-19 23:47:15
500106074,15,14,0,2024-12-19 23:46:15
500107106,15,2,13,2024-12-19 23:43:14
500107047,15,7,5,2024-12-19 23:08:15
500107054,15,7,6,2024-12-19 23:22:15
500107074,15,7,8,2024-12-19 23:44:15
500101163,15,9,5,2024-12-19 23:57:15
500105071,15,1,14,2024-12-19 01:12:15
500104111,15,3,7,2024-12-19 00:38:14
500105082,15,7,7,2024-12-19 00:58:14
500113050,15,9,6,2024-12-19 01:17:15
500106087,15,10,4,2024-12-19 00:56:14
500101208,15,10,5,2024-12-19 00:57:15
500107121,15,12,2,2024-12-19 00:14:14
500106109,15,13,2,2024-12-19 00:12:15
500110083,15,13,2,2024-12-19 01:04:14
500101117,15,5,10,2024-12-19 22:58:15
500111073,15,9,4,2024-12-19 23:19:15
500113048,15,9,4,2024-12-19 23:17:14
500107146,15,9,5,2024-12-19 23:10:16
500101163,15,10,4,2024-12-19 23:19:15
500106028,15,11,4,2024-12-19 23:13:14
500101155,15,15,0,2024-12-19 23:16:15
500106087,15,3,11,2024-12-19 22:23:15
500104121,15,3,12,2024-12-19 22:38:14
500104106,15,4,10,2024-12-19 22:18:14
500108085,15,5,10,2024-12-19 22:00:16
500108119,15,7,8,2024-12-19 22:39:15
500107125,15,9,6,2024-12-19 22:24:15
500113048,15,10,3,2024-12-19 22:37:15
500104071,15,10,5,2024-12-19 22:29:14
500107145,15,10,5,2024-12-19 22:02:16
500103003,15,11,3,2024-12-19 22:18:15
500108139,15,11,3,2024-12-19 21:37:15
500111084,15,12,3,2024-12-19 22:06:14
500110027,15,13,1,2024-12-19 22:25:15
500113037,15,14,1,2024-12-19 22:21:15
500110081,15,1,14,2024-12-19 21:35:15
500101117,15,2,13,2024-12-19 21:33:16
500101208,15,2,13,2024-12-19 21:37:15
500108023,15,2,13,2024-12-19 21:37:16
500104101,15,4,11,2024-12-19 21:39:15
500101042,15,8,7,2024-12-19 21:34:15
500101155,15,8,7,2024-12-19 21:39:15
500104124,15,8,7,2024-12-19 21:39:15
500108164,15,8,7,2024-12-19 21:23:15
500113086,15,9,6,2024-12-19 21:35:16
500105079,15,10,5,2024-12-19 21:31:15
500105075,15,11,4,2024-12-19 21:23:15
500107067,15,11,4,2024-12-19 21:12:15
500112106,15,11,4,2024-12-19 21:33:16
500109030,15,13,2,2024-12-19 21:31:15
500101155,15,1,14,2024-12-19 01:18:15
500105071,15,1,14,2024-12-19 02:59:15
500108050,15,3,12,2024-12-19 02:10:16
500112019,15,3,12,2024-12-19 01:29:15
500108143,15,4,11,2024-12-19 01:32:14
500108075,15,5,10,2024-12-19 01:44:14
500112090,15,5,10,2024-12-19 01:22:15
500108085,15,9,6,2024-12-19 02:17:15
500104125,15,12,3,2024-12-19 01:33:15
500101184,15,13,2,2024-12-19 02:45:16
500105066,15,2,13,2024-12-19 04:05:15
500111078,15,6,9,2024-12-19 04:27:14
500109089,15,11,3,2024-12-19 03:16:15
500104125,15,13,2,2024-12-19 03:26:14
500112019,15,0,15,2024-12-19 22:00:20
500106087,15,4,10,2024-12-19 21:55:17
500101208,15,5,10,2024-12-19 22:05:16
500109104,15,8,7,2024-12-19 21:54:14
500101042,15,9,6,2024-12-19 22:06:15
500103003,15,10,4,2024-12-19 21:53:15
500101177,15,10,5,2024-12-19 22:03:15
500103069,15,11,4,2024-12-19 22:09:15
500107039,15,5,10,2024-12-19 01:21:15
500110082,15,8,7,2024-12-19 01:21:15
500101229,15,11,4,2024-12-19 01:19:15
500111006,15,4,11,2024-12-19 21:51:15
500109089,15,5,9,2024-12-19 21:51:15
500111077,15,5,10,2024-12-19 21:45:15
500107146,15,8,6,2024-12-19 21:45:15
500105079,15,8,7,2024-12-19 21:56:15
500104059,15,11,3,2024-12-19 21:54:15
500106074,15,11,3,2024-12-19 21:56:15
500103062,15,13,2,2024-12-19 21:40:16
500110043,15,0,15,2024-12-19 03:38:15
500113048,15,6,7,2024-12-19 03:24:15
500104059,15,10,4,2024-12-19 23:23:15
500101229,15,11,3,2024-12-19 23:49:15
500101232,15,3,12,2024-12-19 01:03:15
500101232,15,6,9,2024-12-19 01:45:15
500101042,15,14,1,2024-12-19 02:10:17
500101224,15,9,6,2024-12-19 01:52:15
500101232,15,0,15,2024-12-19 22:42:16
500110088,15,6,9,2024-12-19 22:46:15
500113037,15,13,2,2024-12-19 22:43:15
500105066,15,1,14,2024-12-19 04:29:15
500107119,15,3,7,2024-12-19 04:31:15
500112019,15,1,14,2024-12-19 23:09:15
500106013,15,11,3,2024-12-19 23:05:15
500107134,15,14,0,2024-12-19 22:58:15
500101177,15,14,1,2024-12-19 23:00:16
500105077,15,3,11,2024-12-19 22:15:16
500106129,15,4,11,2024-12-19 22:13:15
500104124,15,6,9,2024-12-19 22:10:17
500104128,15,9,4,2024-12-19 22:13:15
500113048,15,10,3,2024-12-19 22:17:15
500113048,15,8,5,2024-12-19 04:05:15
500101103,15,9,2,2024-12-19 22:24:15
500111018,15,13,2,2024-12-19 22:56:14
500107145,15,10,5,2024-12-19 23:22:15
500101103,15,11,0,2024-12-19 23:20:18
500101042,15,13,2,2024-12-19 23:32:14
500101197,15,1,14,2024-12-19 02:00:17
500113050,15,5,10,2024-12-19 02:04:15
500101145,15,9,5,2024-12-19 01:31:15
500101145,15,15,0,2024-12-19 12:18:15
500110088,15,15,0,2024-12-19 09:07:15
500107127,15,14,1,2024-12-19 09:48:15
500104053,15,13,2,2024-12-19 12:17:16
500108015,15,13,2,2024-12-19 10:14:15
500111086,15,12,2,2024-12-19 09:36:15
500101145,15,12,3,2024-12-19 12:58:15
500104117,15,11,3,2024-12-19 10:38:15
500106100,15,12,3,2024-12-19 09:44:15
500113062,15,11,3,2024-12-19 09:35:16
500101229,15,10,4,2024-12-19 09:05:16
500104063,15,11,4,2024-12-19 09:15:15
500104117,15,10,4,2024-12-19 09:22:15
500107002,15,11,4,2024-12-19 09:56:15
500107052,15,10,4,2024-12-19 09:17:15
500111086,15,10,4,2024-12-19 10:26:14
500111086,15,10,4,2024-12-19 11:48:15
500101197,15,10,5,2024-12-19 12:45:15
500106100,15,10,5,2024-12-19 12:36:15
500107080,15,10,5,2024-12-19 08:51:15
500108031,15,10,5,2024-12-19 10:46:15
500111078,15,10,5,2024-12-19 11:38:15
500104056,15,9,6,2024-12-19 10:56:14
500107002,15,9,6,2024-12-19 11:36:15
500107054,15,8,6,2024-12-19 09:24:15
500107154,15,9,6,2024-12-19 09:36:15
500108012,15,9,6,2024-12-19 11:36:15
500108143,15,9,6,2024-12-19 08:53:15
500109018,15,9,6,2024-12-19 13:05:16
500109100,15,9,6,2024-12-19 13:04:15
500110074,15,9,6,2024-12-19 11:58:16
500113080,15,9,6,2024-12-19 10:20:16
500101229,15,8,7,2024-12-19 11:38:15
500105071,15,8,7,2024-12-19 10:19:15
500105082,15,7,7,2024-12-19 12:35:15
500107047,15,7,7,2024-12-19 11:12:16
500107125,15,5,7,2024-12-19 11:14:15
500107145,15,8,7,2024-12-19 11:06:15
500109097,15,8,7,2024-12-19 12:54:15
500111077,15,8,7,2024-12-19 09:23:15
500113048,15,6,7,2024-12-19 11:47:15
500113050,15,8,7,2024-12-19 12:40:17
500113050,15,8,7,2024-12-19 10:54:15
500101239,15,7,8,2024-12-19 11:17:15
500105079,15,7,8,2024-12-19 09:13:15
500106027,15,6,8,2024-12-19 09:54:15
500107030,15,7,8,2024-12-19 09:02:15
500107047,15,6,8,2024-12-19 11:05:17
500107068,15,7,8,2024-12-19 10:16:15
500107081,15,7,8,2024-12-19 08:15:16
500107127,15,7,8,2024-12-19 12:36:15
500108119,15,7,8,2024-12-19 09:55:17
500109060,15,6,8,2024-12-19 10:23:15
500110043,15,7,8,2024-12-19 10:23:15
500111018,15,7,8,2024-12-19 09:22:15
500111073,15,7,8,2024-12-19 11:42:15
500113037,15,7,8,2024-12-19 09:26:15
500113048,15,5,8,2024-12-19 11:09:15
500113050,15,7,8,2024-12-19 09:04:15
500113062,15,7,8,2024-12-19 12:44:15
500101029,15,5,9,2024-12-19 13:05:16
500104049,15,6,9,2024-12-19 09:03:14
500104101,15,6,9,2024-12-19 09:25:16
500106028,15,6,9,2024-12-19 09:50:15
500106109,15,6,9,2024-12-19 09:05:15
500107030,15,5,9,2024-12-19 12:31:15
500107030,15,6,9,2024-12-19 09:08:15
500107030,15,5,9,2024-12-19 11:58:16
500107033,15,6,9,2024-12-19 11:27:15
500107052,15,5,9,2024-12-19 10:17:16
500107052,15,5,9,2024-12-19 11:00:18
500107125,15,6,9,2024-12-19 12:07:16
500107145,15,6,9,2024-12-19 09:27:14
500107145,15,6,9,2024-12-19 11:25:15
500108023,15,5,9,2024-12-19 10:52:15
500108050,15,6,9,2024-12-19 11:21:15
500108139,15,4,9,2024-12-19 12:22:16
500108143,15,6,9,2024-12-19 10:25:16
500109089,15,5,9,2024-12-19 12:36:15
500109100,15,6,9,2024-12-19 09:04:15
500111006,15,6,9,2024-12-19 11:57:16
500111087,15,5,9,2024-12-19 09:08:15
500112094,15,5,9,2024-12-19 11:52:15
500113047,15,6,9,2024-12-19 12:55:15
500113048,15,4,9,2024-12-19 09:36:15
500113050,15,6,9,2024-12-19 10:18:15
500113080,15,6,9,2024-12-19 12:21:15
500101229,15,4,10,2024-12-19 10:27:16
500103065,15,5,10,2024-12-19 10:13:16
500104106,15,4,10,2024-12-19 11:30:16
500104121,15,5,10,2024-12-19 13:01:15
500106109,15,5,10,2024-12-19 09:08:15
500106128,15,4,10,2024-12-19 09:08:15
500108119,15,5,10,2024-12-19 12:22:16
500108119,15,5,10,2024-12-19 10:16:15
500113050,15,5,10,2024-12-19 12:24:16
500101155,15,4,11,2024-12-19 11:58:15
500104002,15,4,11,2024-12-19 10:44:15
500104013,15,4,11,2024-12-19 12:58:15
500104121,15,2,11,2024-12-19 10:13:16
500106013,15,4,11,2024-12-19 10:17:16
500106015,15,3,11,2024-12-19 09:25:16
500107030,15,4,11,2024-12-19 10:10:15
500107033,15,4,11,2024-12-19 12:08:15
500107039,15,4,11,2024-12-19 09:46:16
500107039,15,4,11,2024-12-19 10:58:16
500107052,15,3,11,2024-12-19 12:14:16
500107121,15,3,11,2024-12-19 11:52:15
500107121,15,3,11,2024-12-19 10:39:16
500107125,15,4,11,2024-12-19 12:15:16
500107139,15,4,11,2024-12-19 10:35:16
500108123,15,4,11,2024-12-19 09:07:15
500110070,15,4,11,2024-12-19 11:49:15
500113077,15,4,11,2024-12-19 12:41:15
500101155,15,3,12,2024-12-19 12:28:15
500101155,15,3,12,2024-12-19 12:57:14
500101155,15,3,12,2024-12-19 09:37:15
500101177,15,3,12,2024-12-19 11:11:15
500101213,15,3,12,2024-12-19 09:25:16
500101229,15,3,12,2024-12-19 13:07:15
500104059,15,3,12,2024-12-19 08:57:15
500104125,15,3,12,2024-12-19 10:55:17
500104128,15,3,12,2024-12-19 12:26:15
500106124,15,3,12,2024-12-19 09:57:15
500107074,15,3,12,2024-12-19 12:23:15
500109060,15,2,12,2024-12-19 11:42:16
500109073,15,3,12,2024-12-19 09:42:15
500109098,15,3,12,2024-12-19 09:20:16
500110027,15,2,12,2024-12-19 11:13:15
500110070,15,3,12,2024-12-19 13:08:15
500111006,15,3,12,2024-12-19 09:09:15
500112019,15,3,12,2024-12-19 10:05:16
500112106,15,3,12,2024-12-19 11:55:18
500113047,15,3,12,2024-12-19 10:03:15
500101042,15,2,13,2024-12-19 12:19:16
500101103,15,2,13,2024-12-19 10:17:16
500101130,15,2,13,2024-12-19 11:55:18
500101155,15,2,13,2024-12-19 13:04:16
500101163,15,2,13,2024-12-19 09:27:15
500101184,15,2,13,2024-12-19 11:38:15
500101229,15,2,13,2024-12-19 12:55:16
500101229,15,1,13,2024-12-19 09:46:15
500103069,15,2,13,2024-12-19 10:18:15
500104002,15,2,13,2024-12-19 09:36:15
500104059,15,2,13,2024-12-19 11:51:16
500104106,15,1,13,2024-12-19 10:07:16
500104121,15,0,13,2024-12-19 09:27:15
500104125,15,2,13,2024-12-19 09:35:16
500104125,15,2,13,2024-12-19 10:48:15
500105077,15,2,13,2024-12-19 12:51:15
500106015,15,1,13,2024-12-19 09:09:16
500106129,15,1,13,2024-12-19 09:06:14
500107106,15,2,13,2024-12-19 11:20:17
500107121,15,1,13,2024-12-19 12:33:15
500107121,15,1,13,2024-12-19 12:17:15
500107135,15,2,13,2024-12-19 13:04:16
500107135,15,2,13,2024-12-19 12:18:15
500107146,15,1,13,2024-12-19 09:19:15
500109073,15,2,13,2024-12-19 10:07:15
500110081,15,2,13,2024-12-19 09:23:15
500110081,15,2,13,2024-12-19 09:36:15
500110088,15,2,13,2024-12-19 10:37:16
500112090,15,2,13,2024-12-19 13:01:15
500112106,15,2,13,2024-12-19 09:14:15
500113047,15,2,13,2024-12-19 09:47:15
500113047,15,2,13,2024-12-19 09:49:15
500101042,15,1,14,2024-12-19 09:37:16
500101130,15,1,14,2024-12-19 09:23:15
500101149,15,1,14,2024-12-19 10:33:15
500101155,15,1,14,2024-12-19 12:37:15
500101184,15,1,14,2024-12-19 11:21:14
500101239,15,1,14,2024-12-19 09:09:15
500104059,15,1,14,2024-12-19 11:03:15
500104071,15,1,14,2024-12-19 09:27:15
500104096,15,1,14,2024-12-19 11:05:17
500104106,15,0,14,2024-12-19 09:44:15
500104111,15,1,14,2024-12-19 11:40:18
500104111,15,1,14,2024-12-19 10:03:17
500104128,15,1,14,2024-12-19 11:00:19
500107067,15,1,14,2024-12-19 09:30:15
500107134,15,0,14,2024-12-19 10:28:15
500108170,15,1,14,2024-12-19 09:05:16
500110088,15,1,14,2024-12-19 11:47:16
500111084,15,1,14,2024-12-19 09:16:16
500112090,15,1,14,2024-12-19 12:57:15
500112094,15,0,14,2024-12-19 09:35:17
500101117,15,0,15,2024-12-19 11:47:15
500101149,15,0,15,2024-12-19 09:08:16
500101149,15,0,15,2024-12-19 09:52:16
500101155,15,0,15,2024-12-19 09:56:15
500101232,15,0,15,2024-12-19 10:18:15
500101239,15,0,15,2024-12-19 09:30:18
500103069,15,0,15,2024-12-19 11:11:15
500104059,15,0,15,2024-12-19 10:07:16
500104071,15,0,15,2024-12-19 10:30:17
500104111,15,0,15,2024-12-19 09:45:16
500104111,15,0,15,2024-12-19 10:18:15
500105066,15,0,15,2024-12-19 13:04:15
500110088,15,0,15,2024-12-19 12:19:15
500111084,15,0,15,2024-12-19 12:27:15
500112019,15,0,15,2024-12-19 11:16:16
500101042,15,15,0,2024-12-19 20:20:19
500101177,15,15,0,2024-12-19 20:02:14
500104071,15,15,0,2024-12-19 18:28:15
500108012,15,15,0,2024-12-19 17:16:17
500110081,15,15,0,2024-12-19 19:14:16
500111018,15,15,0,2024-12-19 19:21:16
500101184,15,14,1,2024-12-19 18:17:15
500101229,15,14,1,2024-12-19 19:19:15
500101239,15,14,1,2024-12-19 20:09:15
500104130,15,13,1,2024-12-19 17:20:17
500107047,15,12,1,2024-12-19 19:59:16
500107054,15,12,1,2024-12-19 21:11:15
500107146,15,13,1,2024-12-19 19:05:16
500110043,15,14,1,2024-12-19 19:46:14
500110081,15,14,1,2024-12-19 20:09:15
500101177,15,13,2,2024-12-19 19:37:16
500101229,15,13,2,2024-12-19 19:27:15
500101239,15,13,2,2024-12-19 20:44:15
500107054,15,11,2,2024-12-19 21:05:15
500107068,15,13,2,2024-12-19 18:58:16
500111018,15,13,2,2024-12-19 18:38:16
500113047,15,13,2,2024-12-19 20:59:17
500101103,15,9,3,2024-12-19 21:02:15
500101145,15,12,3,2024-12-19 21:16:15
500101177,15,12,3,2024-12-19 18:45:16
500101184,15,12,3,2024-12-19 19:59:15
500106074,15,11,3,2024-12-19 20:38:15
500106100,15,12,3,2024-12-19 18:45:16
500107047,15,10,3,2024-12-19 19:11:15
500108123,15,12,3,2024-12-19 19:13:15
500109080,15,12,3,2024-12-19 18:24:16
500111018,15,12,3,2024-12-19 18:40:17
500111086,15,12,3,2024-12-19 18:29:16
500101042,15,11,4,2024-12-19 18:58:16
500101229,15,11,4,2024-12-19 20:44:15
500104121,15,11,4,2024-12-19 18:13:16
500106074,15,10,4,2024-12-19 20:27:14
500107054,15,9,4,2024-12-19 20:48:15
500108148,15,11,4,2024-12-19 17:36:15
500109060,15,10,4,2024-12-19 19:58:15
500110043,15,11,4,2024-12-19 18:37:15
500111086,15,11,4,2024-12-19 18:46:15
500113047,15,11,4,2024-12-19 19:49:15
500113048,15,9,4,2024-12-19 20:27:15
500101145,15,10,5,2024-12-19 20:46:16
500101163,15,10,5,2024-12-19 18:47:16
500101224,15,10,5,2024-12-19 19:27:15
500104056,15,10,5,2024-12-19 17:07:15
500104124,15,10,5,2024-12-19 19:20:17
500104128,15,7,5,2024-12-19 19:47:15
500105075,15,10,5,2024-12-19 19:05:16
500105075,15,10,5,2024-12-19 20:39:15
500107033,15,10,5,2024-12-19 19:18:15
500107068,15,10,5,2024-12-19 18:16:15
500108031,15,10,5,2024-12-19 21:01:15
500108170,15,10,5,2024-12-19 21:15:16
500110074,15,10,5,2024-12-19 17:59:15
500110083,15,10,5,2024-12-19 18:58:16
500111018,15,10,5,2024-12-19 17:38:16
500111084,15,10,5,2024-12-19 20:09:15
500112094,15,10,5,2024-12-19 17:28:15
500113047,15,10,5,2024-12-19 19:32:15
500113077,15,10,5,2024-12-19 17:52:15
500101130,15,9,6,2024-12-19 18:42:16
500101177,15,9,6,2024-12-19 18:32:16
500101208,15,9,6,2024-12-19 18:28:15
500103062,15,9,6,2024-12-19 18:17:15
500106128,15,7,6,2024-12-19 21:19:16
500107054,15,9,6,2024-12-19 19:07:15
500108023,15,9,6,2024-12-19 19:28:15
500109060,15,8,6,2024-12-19 18:52:14
500110070,15,9,6,2024-12-19 17:27:16
500113075,15,7,6,2024-12-19 20:42:15
500101163,15,8,7,2024-12-19 19:16:15
500101177,15,8,7,2024-12-19 17:27:16
500103062,15,8,7,2024-12-19 17:54:15
500104124,15,8,7,2024-12-19 19:17:15
500105039,15,8,7,2024-12-19 20:11:16
500105075,15,8,7,2024-12-19 17:42:15
500105079,15,8,7,2024-12-19 17:47:16
500106074,15,7,7,2024-12-19 17:47:16
500106074,15,7,7,2024-12-19 17:58:16
500107002,15,8,7,2024-12-19 18:02:15
500107039,15,8,7,2024-12-19 17:55:17
500107047,15,5,7,2024-12-19 20:34:15
500107080,15,8,7,2024-12-19 18:05:16
500107106,15,8,7,2024-12-19 19:37:16
500107127,15,8,7,2024-12-19 17:55:17
500107134,15,7,7,2024-12-19 18:29:16
500108119,15,8,7,2024-12-19 18:59:16
500108172,15,8,7,2024-12-19 19:31:15
500109060,15,7,7,2024-12-19 19:41:16
500111078,15,8,7,2024-12-19 19:21:15
500111078,15,8,7,2024-12-19 18:35:16
500111087,15,8,7,2024-12-19 19:47:15
500112106,15,8,7,2024-12-19 19:16:15
500113037,15,8,7,2024-12-19 19:13:15
500113086,15,8,7,2024-12-19 20:23:15
500101103,15,4,8,2024-12-19 19:20:17
500101145,15,7,8,2024-12-19 20:11:15
500104063,15,7,8,2024-12-19 20:32:15
500104121,15,7,8,2024-12-19 18:50:16
500104128,15,4,8,2024-12-19 18:57:15
500105039,15,7,8,2024-12-19 19:17:15
500105079,15,7,8,2024-12-19 19:00:18
500106008,15,6,8,2024-12-19 17:27:16
500106108,15,6,8,2024-12-19 18:54:15
500107039,15,7,8,2024-12-19 17:36:15
500107067,15,7,8,2024-12-19 19:30:17
500107135,15,7,8,2024-12-19 17:58:16
500107156,15,6,8,2024-12-19 19:46:15
500108143,15,7,8,2024-12-19 18:42:15
500108148,15,7,8,2024-12-19 18:24:16
500110074,15,7,8,2024-12-19 20:35:16
500111087,15,7,8,2024-12-19 20:54:15
500112106,15,7,8,2024-12-19 19:39:15
500113086,15,7,8,2024-12-19 18:44:15
500101155,15,6,9,2024-12-19 20:29:14
500101224,15,6,9,2024-12-19 19:06:15
500101224,15,6,9,2024-12-19 18:33:16
500103065,15,5,9,2024-12-19 17:19:15
500103069,15,6,9,2024-12-19 20:56:15
500104121,15,6,9,2024-12-19 20:15:15
500104125,15,6,9,2024-12-19 17:49:15
500104128,15,3,9,2024-12-19 18:17:15
500106087,15,5,9,2024-12-19 20:29:15
500107047,15,3,9,2024-12-19 20:46:16
500107074,15,6,9,2024-12-19 17:11:16
500107121,15,5,9,2024-12-19 18:44:16
500107135,15,6,9,2024-12-19 17:35:16
500107154,15,6,9,2024-12-19 17:36:15
500108172,15,6,9,2024-12-19 20:55:16
500111078,15,6,9,2024-12-19 19:36:15
500112106,15,6,9,2024-12-19 17:33:16
500113047,15,6,9,2024-12-19 18:16:16
500101155,15,5,10,2024-12-19 18:58:16
500101163,15,5,10,2024-12-19 18:17:15
500101208,15,5,10,2024-12-19 18:08:16
500103069,15,5,10,2024-12-19 18:05:16
500104128,15,4,10,2024-12-19 21:06:15
500107134,15,4,10,2024-12-19 18:50:15
500107135,15,5,10,2024-12-19 20:34:15
500107145,15,5,10,2024-12-19 18:38:16
500108023,15,5,10,2024-12-19 21:17:15
500108023,15,5,10,2024-12-19 18:35:16
500108050,15,5,10,2024-12-19 19:56:16
500109100,15,5,10,2024-12-19 18:04:16
500101130,15,4,11,2024-12-19 17:56:16
500104013,15,4,11,2024-12-19 20:42:15
500106013,15,4,11,2024-12-19 17:37:15
500106028,15,4,11,2024-12-19 18:37:15
500106128,15,2,11,2024-12-19 20:41:15
500107052,15,3,11,2024-12-19 20:08:15
500107052,15,3,11,2024-12-19 19:45:16
500108019,15,2,11,2024-12-19 20:45:18
500109089,15,3,11,2024-12-19 20:13:15
500109104,15,4,11,2024-12-19 18:58:16
500110027,15,3,11,2024-12-19 18:56:15
500112094,15,4,11,2024-12-19 19:26:14
500101232,15,3,12,2024-12-19 21:19:16
500103065,15,2,12,2024-12-19 17:49:15
500104080,15,3,12,2024-12-19 20:30:17
500105071,15,3,12,2024-12-19 17:57:15
500106087,15,2,12,2024-12-19 17:36:15
500106087,15,2,12,2024-12-19 18:17:15
500106129,15,3,12,2024-12-19 17:41:16
500106129,15,3,12,2024-12-19 18:00:18
500107052,15,2,12,2024-12-19 18:06:15
500107067,15,3,12,2024-12-19 17:40:17
500107074,15,3,12,2024-12-19 21:20:16
500107106,15,3,12,2024-12-19 19:15:16
500108015,15,3,12,2024-12-19 20:12:15
500108015,15,3,12,2024-12-19 17:38:16
500110088,15,3,12,2024-12-19 18:58:15
500111073,15,1,12,2024-12-19 19:47:15
500113074,15,3,12,2024-12-19 17:28:15
500101029,15,2,13,2024-12-19 21:16:15
500101117,15,2,13,2024-12-19 21:09:16
500101155,15,2,13,2024-12-19 18:29:15
500101163,15,2,13,2024-12-19 21:07:15
500101213,15,2,13,2024-12-19 19:17:14
500101232,15,2,13,2024-12-19 17:21:15
500104013,15,2,13,2024-12-19 17:45:16
500104080,15,2,13,2024-12-19 20:20:16
500105039,15,2,13,2024-12-19 18:47:15
500106128,15,2,13,2024-12-19 18:12:16
500107106,15,2,13,2024-12-19 18:28:16
500111086,15,2,13,2024-12-19 19:40:15
500112019,15,2,13,2024-12-19 20:37:16
500112019,15,2,13,2024-12-19 19:38:14
500112019,15,2,13,2024-12-19 18:37:15
500101042,15,1,14,2024-12-19 17:31:15
500101042,15,1,14,2024-12-19 18:05:16
500101103,15,1,14,2024-12-19 19:07:15
500101197,15,1,14,2024-12-19 21:20:16
500101208,15,1,14,2024-12-19 17:59:15
500103069,15,1,14,2024-12-19 18:37:15
500105066,15,1,14,2024-12-19 17:43:16
500105071,15,1,14,2024-12-19 19:07:15
500106015,15,0,14,2024-12-19 18:52:15
500106129,15,1,14,2024-12-19 20:34:16
500106129,15,1,14,2024-12-19 17:22:16
500106129,15,1,14,2024-12-19 18:27:15
500109073,15,1,14,2024-12-19 18:40:17
500111086,15,1,14,2024-12-19 20:14:15
500106028,15,0,15,2024-12-19 17:28:16
500110082,15,0,15,2024-12-19 20:58:15
500110088,15,0,15,2024-12-19 18:47:16
500101145,15,15,0,2024-12-19 17:08:16
500101229,15,15,0,2024-12-19 16:56:15
500110043,15,15,0,2024-12-19 13:28:16
500109080,15,14,1,2024-12-19 15:19:16
500107002,15,13,2,2024-12-19 13:27:15
500110043,15,13,2,2024-12-19 13:39:16
500113047,15,13,2,2024-12-19 16:30:16
500101184,15,12,3,2024-12-19 13:18:14
500108012,15,12,3,2024-12-19 16:15:16
500110043,15,12,3,2024-12-19 15:18:15
500110074,15,12,3,2024-12-19 16:48:16
500113047,15,12,3,2024-12-19 17:05:17
500101145,15,11,4,2024-12-19 13:34:15
500101184,15,11,4,2024-12-19 14:26:15
500104124,15,11,4,2024-12-19 16:05:16
500105082,15,10,4,2024-12-19 13:18:14
500110074,15,11,4,2024-12-19 13:34:16
500111073,15,11,4,2024-12-19 14:01:15
500101229,15,10,5,2024-12-19 14:13:15
500104124,15,10,5,2024-12-19 16:11:15
500105082,15,9,5,2024-12-19 13:39:15
500106124,15,10,5,2024-12-19 13:43:15
500107047,15,9,5,2024-12-19 15:49:14
500110074,15,10,5,2024-12-19 17:06:16
500111073,15,10,5,2024-12-19 15:21:15
500101229,15,9,6,2024-12-19 14:56:15
500106015,15,8,6,2024-12-19 16:11:15
500107134,15,8,6,2024-12-19 16:28:15
500107139,15,9,6,2024-12-19 13:14:15
500107139,15,9,6,2024-12-19 16:48:16
500108015,15,9,6,2024-12-19 13:44:15
500109018,15,9,6,2024-12-19 16:36:15
500110043,15,9,6,2024-12-19 14:35:15
500110088,15,9,6,2024-12-19 13:54:15
500111018,15,9,6,2024-12-19 16:45:17
500111086,15,9,6,2024-12-19 13:56:14
500101103,15,8,7,2024-12-19 16:23:15
500101117,15,8,7,2024-12-19 17:18:16
500101130,15,8,7,2024-12-19 16:57:16
500101184,15,8,7,2024-12-19 16:13:15
500101213,15,8,7,2024-12-19 13:18:14
500104122,15,8,7,2024-12-19 13:11:15
500106015,15,7,7,2024-12-19 13:49:14
500106109,15,8,7,2024-12-19 13:55:16
500107068,15,8,7,2024-12-19 14:51:15
500109073,15,8,7,2024-12-19 13:38:16
500110043,15,8,7,2024-12-19 14:54:15
500110043,15,8,7,2024-12-19 14:39:15
500111078,15,8,7,2024-12-19 14:07:16
500101103,15,7,8,2024-12-19 13:20:17
500101130,15,7,8,2024-12-19 13:23:15
500101177,15,7,8,2024-12-19 17:14:16
500101208,15,7,8,2024-12-19 16:05:16
500101213,15,7,8,2024-12-19 15:51:14
500101232,15,7,8,2024-12-19 15:26:15
500106008,15,6,8,2024-12-19 15:14:15
500106087,15,6,8,2024-12-19 15:10:15
500106124,15,7,8,2024-12-19 16:40:16
500107033,15,7,8,2024-12-19 16:48:16
500107106,15,7,8,2024-12-19 14:37:14
500107127,15,7,8,2024-12-19 16:35:15
500107127,15,7,8,2024-12-19 14:05:16
500108031,15,7,8,2024-12-19 13:18:15
500108139,15,6,8,2024-12-19 16:09:15
500110043,15,7,8,2024-12-19 16:47:15
500110088,15,7,8,2024-12-19 14:58:15
500113062,15,7,8,2024-12-19 13:49:15
500113086,15,7,8,2024-12-19 16:28:14
500101163,15,6,9,2024-12-19 16:57:16
500101232,15,6,9,2024-12-19 17:07:15
500104013,15,6,9,2024-12-19 14:07:15
500105071,15,6,9,2024-12-19 15:56:15
500105082,15,6,9,2024-12-19 15:26:15
500106013,15,6,9,2024-12-19 16:32:15
500107033,15,6,9,2024-12-19 15:58:15
500107033,15,6,9,2024-12-19 16:33:15
500107033,15,6,9,2024-12-19 15:14:15
500107156,15,5,9,2024-12-19 13:43:15
500108019,15,5,9,2024-12-19 17:08:16
500109030,15,6,9,2024-12-19 13:26:16
500109060,15,5,9,2024-12-19 16:16:15
500101197,15,5,10,2024-12-19 15:15:16
500104125,15,5,10,2024-12-19 14:45:15
500106027,15,4,10,2024-12-19 13:19:15
500108119,15,5,10,2024-12-19 15:01:16
500113050,15,5,10,2024-12-19 14:35:15
500101224,15,4,11,2024-12-19 16:51:15
500103065,15,4,11,2024-12-19 15:54:14
500103069,15,4,11,2024-12-19 13:55:16
500104059,15,4,11,2024-12-19 16:07:14
500104071,15,4,11,2024-12-19 15:38:15
500104106,15,3,11,2024-12-19 13:40:16
500105071,15,4,11,2024-12-19 15:41:15
500106074,15,3,11,2024-12-19 15:06:14
500107052,15,3,11,2024-12-19 17:18:15
500107074,15,4,11,2024-12-19 13:58:16
500107074,15,4,11,2024-12-19 14:34:15
500107135,15,4,11,2024-12-19 16:24:15
500107146,15,3,11,2024-12-19 15:13:16
500101042,15,3,12,2024-12-19 16:37:15
500101117,15,3,12,2024-12-19 15:58:15
500101117,15,3,12,2024-12-19 16:24:15
500101213,15,3,12,2024-12-19 16:33:15
500101224,15,3,12,2024-12-19 16:47:15
500101224,15,3,12,2024-12-19 14:31:16
500103065,15,3,12,2024-12-19 13:53:14
500104013,15,3,12,2024-12-19 16:59:15
500104071,15,3,12,2024-12-19 17:06:16
500104096,15,3,12,2024-12-19 14:55:16
500104128,15,3,12,2024-12-19 15:03:15
500106013,15,3,12,2024-12-19 15:28:14
500107054,15,3,12,2024-12-19 14:56:15
500107054,15,3,12,2024-12-19 14:41:15
500107074,15,3,12,2024-12-19 14:43:14
500108172,15,3,12,2024-12-19 17:12:16
500109059,15,3,12,2024-12-19 13:33:15
500109060,15,2,12,2024-12-19 15:27:15
500109097,15,3,12,2024-12-19 15:44:14
500110081,15,3,12,2024-12-19 14:02:15
500112019,15,3,12,2024-12-19 15:17:15
500113077,15,3,12,2024-12-19 14:19:14
500101042,15,2,13,2024-12-19 13:27:15
500103065,15,2,13,2024-12-19 14:45:15
500104002,15,2,13,2024-12-19 15:42:14
500104101,15,2,13,2024-12-19 17:01:16
500106028,15,2,13,2024-12-19 16:05:16
500107054,15,2,13,2024-12-19 15:39:15
500107074,15,2,13,2024-12-19 15:10:15
500108172,15,2,13,2024-12-19 16:30:16
500109104,15,2,13,2024-12-19 14:54:15
500112090,15,2,13,2024-12-19 15:47:15
500113050,15,2,13,2024-12-19 15:23:15
500101042,15,1,14,2024-12-19 14:04:15
500101155,15,1,14,2024-12-19 13:42:15
500101163,15,1,14,2024-12-19 15:58:16
500104071,15,1,14,2024-12-19 16:38:15
500105039,15,1,14,2024-12-19 17:18:16
500106108,15,0,14,2024-12-19 17:12:16
500107074,15,1,14,2024-12-19 15:47:15
500110081,15,1,14,2024-12-19 13:41:15
500112019,15,1,14,2024-12-19 14:06:15
500113054,15,1,14,2024-12-19 16:44:15
500101117,15,0,15,2024-12-19 13:44:15
500101232,15,0,15,2024-12-19 13:18:15
500106013,15,0,15,2024-12-19 13:12:15
500107156,15,8,3,2024-12-19 21:40:16
500103003,15,9,5,2024-12-19 21:47:15
500110083,15,9,6,2024-12-19 21:41:15
500101184,15,15,0,2024-12-19 07:02:15
500101229,15,14,0,2024-12-19 06:37:15
500105071,15,15,0,2024-12-19 07:34:15
500108023,15,14,0,2024-12-19 07:27:15
500101042,15,13,1,2024-12-19 05:35:15
500101103,15,12,1,2024-12-19 06:27:15
500106100,15,14,1,2024-12-19 08:03:15
500107134,15,14,1,2024-12-19 05:04:14
500110088,15,13,1,2024-12-19 07:37:15
500101042,15,12,2,2024-12-19 04:50:16
500105071,15,13,2,2024-12-19 08:01:15
500107106,15,13,2,2024-12-19 08:15:16
500107139,15,13,2,2024-12-19 08:32:15
500107146,15,12,2,2024-12-19 08:14:16
500110083,15,13,2,2024-12-19 07:03:15
500111018,15,13,2,2024-12-19 05:50:15
500101145,15,11,3,2024-12-19 06:34:15
500104130,15,11,3,2024-12-19 07:27:15
500106124,15,12,3,2024-12-19 06:16:15
500107106,15,12,3,2024-12-19 07:15:17
500107125,15,8,3,2024-12-19 06:42:15
500107139,15,12,3,2024-12-19 07:25:15
500107146,15,12,3,2024-12-19 05:02:15
500108031,15,12,3,2024-12-19 07:35:16
500109059,15,12,3,2024-12-19 06:46:15
500109089,15,11,3,2024-12-19 08:16:15
500111086,15,11,3,2024-12-19 04:49:15
500111086,15,11,3,2024-12-19 06:22:14
500101145,15,10,4,2024-12-19 07:15:17
500101177,15,11,4,2024-12-19 06:56:14
500104122,15,11,4,2024-12-19 07:57:16
500104124,15,11,4,2024-12-19 07:54:15
500106087,15,10,4,2024-12-19 06:54:16
500107127,15,11,4,2024-12-19 08:47:15
500108085,15,10,4,2024-12-19 08:23:15
500108170,15,11,4,2024-12-19 07:21:15
500111073,15,10,4,2024-12-19 08:16:15
500111073,15,7,4,2024-12-19 06:28:14
500101042,15,9,5,2024-12-19 07:05:15
500101042,15,9,5,2024-12-19 07:35:16
500101177,15,10,5,2024-12-19 05:28:14
500101208,15,10,5,2024-12-19 07:37:15
500101239,15,10,5,2024-12-19 07:34:15
500104080,15,10,5,2024-12-19 06:56:15
500104125,15,10,5,2024-12-19 06:55:16
500105039,15,10,5,2024-12-19 06:33:15
500105075,15,10,5,2024-12-19 08:00:17
500106015,15,9,5,2024-12-19 06:44:15
500106028,15,10,5,2024-12-19 08:01:15
500106100,15,10,5,2024-12-19 07:17:14
500108023,15,9,5,2024-12-19 04:57:14
500108185,15,10,5,2024-12-19 07:31:16
500110082,15,10,5,2024-12-19 06:13:14
500111018,15,10,5,2024-12-19 08:39:15
500113062,15,9,5,2024-12-19 07:24:15
500101177,15,9,6,2024-12-19 07:11:15
500104002,15,9,6,2024-12-19 05:38:14
500104059,15,8,6,2024-12-19 07:16:14
500104063,15,9,6,2024-12-19 08:48:15
500104121,15,7,6,2024-12-19 07:14:15
500105039,15,9,6,2024-12-19 06:48:15
500105082,15,8,6,2024-12-19 07:46:15
500107125,15,5,6,2024-12-19 07:14:14
500107146,15,8,6,2024-12-19 08:34:15
500108170,15,9,6,2024-12-19 05:54:14
500109062,15,9,6,2024-12-19 05:54:14
500109080,15,9,6,2024-12-19 07:02:15
500112090,15,9,6,2024-12-19 08:45:16
500113086,15,8,6,2024-12-19 08:37:15
500104002,15,8,7,2024-12-19 05:48:14
500104121,15,6,7,2024-12-19 07:33:15
500104128,15,8,7,2024-12-19 07:37:15
500106008,15,8,7,2024-12-19 08:01:15
500106109,15,8,7,2024-12-19 07:58:15
500107052,15,7,7,2024-12-19 06:41:14
500107074,15,8,7,2024-12-19 05:38:14
500107127,15,8,7,2024-12-19 07:18:15
500109082,15,8,7,2024-12-19 07:40:16
500109097,15,7,7,2024-12-19 06:45:16
500111006,15,8,7,2024-12-19 07:14:15
500112090,15,8,7,2024-12-19 08:37:15
500112106,15,8,7,2024-12-19 06:06:14
500113037,15,8,7,2024-12-19 07:45:16
500101117,15,7,8,2024-12-19 04:55:16
500101145,15,6,8,2024-12-19 08:46:15
500106027,15,4,8,2024-12-19 06:57:15
500107127,15,7,8,2024-12-19 06:27:15
500108050,15,7,8,2024-12-19 07:57:16
500108085,15,6,8,2024-12-19 07:02:15
500111073,15,7,8,2024-12-19 08:52:16
500111073,15,3,8,2024-12-19 06:53:14
500113062,15,6,8,2024-12-19 08:16:15
500101029,15,6,9,2024-12-19 07:45:16
500101103,15,4,9,2024-12-19 07:22:15
500101155,15,6,9,2024-12-19 08:00:17
500101229,15,5,9,2024-12-19 07:46:15
500104013,15,6,9,2024-12-19 05:06:15
500106087,15,5,9,2024-12-19 07:48:15
500106108,15,2,9,2024-12-19 07:17:14
500106108,15,6,9,2024-12-19 07:54:15
500106128,15,5,9,2024-12-19 07:16:15
500107039,15,6,9,2024-12-19 05:27:15
500107047,15,5,9,2024-12-19 08:56:15
500108085,15,5,9,2024-12-19 07:20:16
500108185,15,6,9,2024-12-19 08:31:15
500108185,15,6,9,2024-12-19 06:55:16
500110074,15,5,9,2024-12-19 06:07:15
500110081,15,6,9,2024-12-19 07:44:15
500111006,15,6,9,2024-12-19 05:45:15
500111087,15,5,9,2024-12-19 08:02:15
500113062,15,5,9,2024-12-19 08:35:16
500101149,15,5,10,2024-12-19 07:33:15
500101213,15,5,10,2024-12-19 08:54:15
500101239,15,5,10,2024-12-19 08:16:15
500104124,15,4,10,2024-12-19 06:33:15
500106087,15,4,10,2024-12-19 08:46:15
500107039,15,5,10,2024-12-19 06:24:15
500108119,15,5,10,2024-12-19 08:57:15
500110043,15,5,10,2024-12-19 07:46:15
500111077,15,5,10,2024-12-19 08:15:16
500113062,15,4,10,2024-12-19 06:45:16
500101029,15,4,11,2024-12-19 06:19:15
500101208,15,4,11,2024-12-19 08:27:15
500107033,15,4,11,2024-12-19 08:17:14
500107052,15,3,11,2024-12-19 08:37:15
500108085,15,3,11,2024-12-19 08:02:15
500110082,15,4,11,2024-12-19 08:35:16
500113050,15,4,11,2024-12-19 05:35:15
500101149,15,3,12,2024-12-19 08:56:16
500101224,15,3,12,2024-12-19 08:50:16
500104121,15,1,12,2024-12-19 08:34:16
500106108,15,2,12,2024-12-19 08:33:16
500107047,15,2,12,2024-12-19 07:33:15
500107080,15,3,12,2024-12-19 06:56:15
500107135,15,3,12,2024-12-19 08:16:14
500107135,15,3,12,2024-12-19 08:26:15
500108012,15,3,12,2024-12-19 07:22:15
500108050,15,3,12,2024-12-19 08:24:15
500108119,15,3,12,2024-12-19 08:21:16
500108119,15,3,12,2024-12-19 07:30:16
500108164,15,3,12,2024-12-19 07:23:15
500109097,15,2,12,2024-12-19 07:13:15
500110027,15,2,12,2024-12-19 08:14:16
500111006,15,3,12,2024-12-19 08:53:15
500111084,15,3,12,2024-12-19 07:42:15
500112094,15,2,12,2024-12-19 08:43:15
500113037,15,3,12,2024-12-19 08:22:15
500113048,15,1,12,2024-12-19 08:15:16
500101155,15,2,13,2024-12-19 08:17:15
500103069,15,2,13,2024-12-19 08:12:16
500104111,15,2,13,2024-12-19 08:34:15
500104111,15,2,13,2024-12-19 07:57:16
500105077,15,2,13,2024-12-19 08:13:15
500107067,15,2,13,2024-12-19 08:31:16
500107135,15,2,13,2024-12-19 08:00:17
500109030,15,2,13,2024-12-19 08:31:16
500111006,15,2,13,2024-12-19 08:27:16
500111084,15,2,13,2024-12-19 08:08:16
500103069,15,1,14,2024-12-19 07:14:14
500106128,15,0,14,2024-12-19 08:02:17
500106129,15,0,14,2024-12-19 08:02:17
500107039,15,1,14,2024-12-19 08:02:15
500107080,15,1,14,2024-12-19 06:28:14
500107121,15,0,14,2024-12-19 08:00:20
500110043,15,1,14,2024-12-19 05:28:15
500110070,15,1,14,2024-12-19 08:02:17
500110081,15,1,14,2024-12-19 08:35:16
500110082,15,1,14,2024-12-19 08:44:16
500101197,15,0,15,2024-12-19 08:23:15
500104002,15,0,15,2024-12-19 08:27:16
500104002,15,0,15,2024-12-19 08:29:16
500104071,15,0,15,2024-12-19 07:14:15
500105066,15,0,15,2024-12-19 08:47:15
500105066,15,0,15,2024-12-19 06:01:16
500106013,15,0,15,2024-12-19 08:47:15
500113047,15,0,15,2024-12-19 05:29:16
500101155,15,15,0,2024-12-19 23:29:14
500101229,15,13,2,2024-12-19 00:00:16
500106027,15,8,4,2024-12-19 00:23:14
500107047,15,12,2,2024-12-19 00:13:15
500107127,15,7,8,2024-12-19 00:10:15
500107135,15,1,14,2024-12-19 00:14:15
500108023,15,8,7,2024-12-19 00:21:14
500108142,15,2,13,2024-12-19 00:56:14
500111018,15,11,4,2024-12-19 00:17:15
500101229,15,14,1,2024-12-19 03:15:15
500107146,15,10,4,2024-12-19 23:36:15
500106074,15,14,0,2024-12-19 00:18:14
500108142,15,3,12,2024-12-19 00:47:15
500101213,15,2,13,2024-12-19 22:03:14
500109100,15,2,13,2024-12-19 21:09:16
500110088,15,3,12,2024-12-19 23:17:14
500107119,15,5,5,2024-12-19 23:22:15
500108031,15,5,10,2024-12-19 22:26:15
500108173,15,7,8,2024-12-19 23:46:15
500104122,15,9,6,2024-12-19 21:21:15
500111078,15,10,5,2024-12-19 21:58:15
500104125,15,11,4,2024-12-19 22:10:17
500106100,15,11,4,2024-12-19 23:45:16
500109062,15,11,4,2024-12-19 20:33:15
500113037,15,12,3,2024-12-19 23:46:15
500105066,15,7,8,2024-12-19 23:52:14
500113048,15,8,5,2024-12-19 23:48:14
500101208,15,5,10,2024-12-19 22:50:16
500108139,15,12,2,2024-12-19 23:01:15
500105082,15,15,0,2024-12-19 22:36:16
500111018,15,15,0,2024-12-19 23:21:15
500108142,15,1,14,2024-12-19 01:00:17
500101197,15,3,12,2024-12-19 00:27:15
500107002,15,4,11,2024-12-19 01:14:14
500112090,15,4,11,2024-12-19 01:15:16
500104096,15,6,9,2024-12-19 00:39:15
500108012,15,8,7,2024-12-19 00:22:15
500108085,15,8,7,2024-12-19 00:48:15
500111073,15,9,2,2024-12-19 01:17:15
500107156,15,10,2,2024-12-19 01:15:15
500101224,15,11,4,2024-12-19 01:04:14
500104071,15,12,3,2024-12-19 00:28:14
500109059,15,14,1,2024-12-19 00:07:15
500107039,15,2,13,2024-12-19 22:22:15
500107033,15,7,8,2024-12-19 23:18:15
500107145,15,11,4,2024-12-19 23:00:17
500110027,15,12,1,2024-12-19 23:17:15
500108170,15,12,3,2024-12-19 22:42:15
500101042,15,13,2,2024-12-19 23:18:15
500110070,15,13,2,2024-12-19 23:07:15
500103065,15,14,0,2024-12-19 22:35:17
500103062,15,14,1,2024-12-19 22:50:18
500101232,15,1,14,2024-12-19 22:37:15
500105066,15,2,13,2024-12-19 22:35:16
500107068,15,2,13,2024-12-19 22:38:16
500109073,15,2,13,2024-12-19 22:15:15
500104056,15,3,9,2024-12-19 21:55:17
500101197,15,3,12,2024-12-19 22:35:16
500111077,15,3,12,2024-12-19 22:35:16
500101208,15,4,11,2024-12-19 22:38:15
500110088,15,4,11,2024-12-19 22:32:15
500104128,15,7,6,2024-12-19 22:38:15
500107135,15,8,7,2024-12-19 22:12:15
500101163,15,9,6,2024-12-19 22:30:16
500106074,15,12,2,2024-12-19 22:28:15
500107154,15,13,2,2024-12-19 22:16:15
500101149,15,15,0,2024-12-19 22:09:15
500109073,15,1,14,2024-12-19 21:27:15
500113054,15,2,13,2024-12-19 21:39:15
500104096,15,4,11,2024-12-19 20:49:15
500107156,15,7,4,2024-12-19 21:35:16
500101229,15,7,8,2024-12-19 21:36:15
500104121,15,7,8,2024-12-19 21:28:15
500104002,15,9,6,2024-12-19 21:32:15
500107145,15,9,6,2024-12-19 21:09:16
500108012,15,9,6,2024-12-19 21:39:15
500107054,15,11,2,2024-12-19 21:36:15
500106124,15,12,3,2024-12-19 21:38:15
500111084,15,12,3,2024-12-19 21:31:15
500101149,15,13,2,2024-12-19 21:10:16
500111018,15,14,1,2024-12-19 21:26:16
500101197,15,0,15,2024-12-19 02:17:15
500107052,15,8,6,2024-12-19 01:49:14
500108139,15,8,6,2024-12-19 02:23:15
500107156,15,10,2,2024-12-19 01:42:14
500107146,15,13,2,2024-12-19 02:18:14
500110027,15,14,0,2024-12-19 02:12:16
500110081,15,4,10,2024-12-19 04:27:14
500104117,15,5,9,2024-12-19 03:40:15
500107074,15,8,7,2024-12-19 04:13:15
500109060,15,11,3,2024-12-19 04:26:15
500101177,15,11,4,2024-12-19 04:22:15
500109018,15,12,3,2024-12-19 03:32:15
500107052,15,4,10,2024-12-19 22:06:15
500107125,15,6,9,2024-12-19 22:03:14
500108031,15,6,9,2024-12-19 21:55:17
500109089,15,7,7,2024-12-19 22:02:16
500108119,15,8,7,2024-12-19 22:06:15
500110027,15,10,4,2024-12-19 21:58:15
500101155,15,11,4,2024-12-19 22:05:15
500110070,15,12,3,2024-12-19 22:07:15
500104059,15,13,1,2024-12-19 22:01:15
500112094,15,15,0,2024-12-19 22:06:15
500101184,15,2,13,2024-12-19 21:49:15
500107104,15,2,13,2024-12-19 21:43:15
500107033,15,4,11,2024-12-19 21:56:15
500101163,15,5,10,2024-12-19 21:58:15
500106128,15,12,1,2024-12-19 21:57:15
500113050,15,3,12,2024-12-19 03:21:15
500107039,15,1,14,2024-12-19 23:26:15
500106124,15,15,0,2024-12-19 23:50:17
500113062,15,8,7,2024-12-19 00:49:15
500109098,15,13,2,2024-12-19 01:30:16
500113050,15,6,9,2024-12-19 02:13:15
500106074,15,13,1,2024-12-19 01:53:16
500107068,15,1,14,2024-12-19 22:40:15
500101197,15,2,13,2024-12-19 22:48:15
500113075,15,7,6,2024-12-19 22:43:15
500113086,15,9,6,2024-12-19 22:44:14
500106129,15,3,11,2024-12-19 04:35:15
500111018,15,14,1,2024-12-19 23:04:15
500110043,15,1,14,2024-12-19 22:10:17
500104121,15,3,12,2024-12-19 22:16:14
500107127,15,7,8,2024-12-19 22:11:15
500106013,15,11,4,2024-12-19 22:19:15
500101197,15,7,8,2024-12-19 04:01:20
500104071,15,7,8,2024-12-19 22:26:15
500113050,15,15,0,2024-12-19 22:26:15
500107154,15,3,12,2024-12-19 22:51:15
500101042,15,12,3,2024-12-19 22:58:15
500104096,15,2,13,2024-12-19 23:24:15
500104121,15,2,13,2024-12-19 23:25:16
500110043,15,3,12,2024-12-19 23:21:15
500106124,15,15,0,2024-12-19 12:57:14
500101145,15,13,2,2024-12-19 11:12:16
500104131,15,13,2,2024-12-19 07:25:15
500107033,15,13,2,2024-12-19 10:36:14
500110088,15,13,2,2024-12-19 09:37:16
500106124,15,12,3,2024-12-19 12:25:16
500107002,15,12,3,2024-12-19 12:38:15
500108143,15,12,3,2024-12-19 09:36:15
500109082,15,12,3,2024-12-19 10:31:16
500110043,15,12,3,2024-12-19 12:48:15
500110043,15,12,3,2024-12-19 12:19:16
500111087,15,12,3,2024-12-19 12:52:15
500103062,15,11,4,2024-12-19 09:56:15
500104063,15,11,4,2024-12-19 11:19:15
500107156,15,10,4,2024-12-19 09:31:15
500108050,15,11,4,2024-12-19 10:13:16
500108148,15,11,4,2024-12-19 12:48:15
500110074,15,11,4,2024-12-19 12:19:16
500110074,15,11,4,2024-12-19 10:57:15
500110074,15,11,4,2024-12-19 11:07:16
500111078,15,11,4,2024-12-19 10:02:15
500113086,15,11,4,2024-12-19 09:09:15
500103062,15,10,5,2024-12-19 11:08:15
500103065,15,10,5,2024-12-19 09:04:15
500106087,15,9,5,2024-12-19 12:01:16
500107039,15,10,5,2024-12-19 12:34:14
500107054,15,10,5,2024-12-19 11:46:15
500107054,15,10,5,2024-12-19 11:17:15
500107080,15,10,5,2024-12-19 11:08:15
500107125,15,7,5,2024-12-19 10:21:15
500109082,15,10,5,2024-12-19 12:45:16
500109082,15,10,5,2024-12-19 11:54:15
500109100,15,10,5,2024-12-19 12:09:15
500110043,15,10,5,2024-12-19 11:58:16
500111078,15,10,5,2024-12-19 10:09:16
500103062,15,9,6,2024-12-19 11:41:15
500104056,15,9,6,2024-12-19 11:33:16
500105071,15,9,6,2024-12-19 09:25:16
500105075,15,9,6,2024-12-19 08:21:16
500106015,15,8,6,2024-12-19 10:44:15
500107033,15,9,6,2024-12-19 10:56:14
500107039,15,9,6,2024-12-19 12:06:16
500107145,15,9,6,2024-12-19 09:59:16
500108015,15,9,6,2024-12-19 11:48:15
500108185,15,9,6,2024-12-19 11:00:18
500112019,15,9,6,2024-12-19 09:22:15
500113050,15,9,6,2024-12-19 11:03:16
500104101,15,8,7,2024-12-19 12:14:16
500105075,15,8,7,2024-12-19 12:12:15
500106015,15,7,7,2024-12-19 11:25:15
500107047,15,7,7,2024-12-19 11:28:16
500107068,15,8,7,2024-12-19 10:52:15
500107139,15,8,7,2024-12-19 12:43:15
500108185,15,8,7,2024-12-19 11:35:17
500109089,15,7,7,2024-12-19 11:47:16
500111077,15,8,7,2024-12-19 11:13:15
500101229,15,7,8,2024-12-19 11:56:16
500104128,15,7,8,2024-12-19 09:44:15
500106027,15,6,8,2024-12-19 09:30:16
500107030,15,6,8,2024-12-19 12:46:15
500107033,15,7,8,2024-12-19 11:45:15
500107080,15,7,8,2024-12-19 12:10:16
500107134,15,6,8,2024-12-19 12:56:15
500107154,15,7,8,2024-12-19 09:42:15
500108012,15,7,8,2024-12-19 09:05:16
500108031,15,7,8,2024-12-19 12:36:15
500108075,15,7,8,2024-12-19 08:45:16
500108077,15,7,8,2024-12-19 09:56:16
500108164,15,7,8,2024-12-19 11:56:16
500108164,15,7,8,2024-12-19 09:50:15
500110070,15,7,8,2024-12-19 10:34:15
500111018,15,7,8,2024-12-19 10:12:15
500113050,15,7,8,2024-12-19 12:36:15
500101197,15,6,9,2024-12-19 12:26:15
500101213,15,6,9,2024-12-19 10:14:15
500103065,15,6,9,2024-12-19 09:56:16
500105082,15,5,9,2024-12-19 09:25:16
500106008,15,5,9,2024-12-19 11:12:16
500106008,15,6,9,2024-12-19 10:19:16
500106015,15,5,9,2024-12-19 10:25:16
500107047,15,5,9,2024-12-19 12:07:16
500107154,15,6,9,2024-12-19 09:55:17
500107154,15,6,9,2024-12-19 10:34:15
500108119,15,6,9,2024-12-19 10:51:16
500108143,15,6,9,2024-12-19 12:01:16
500108164,15,6,9,2024-12-19 12:00:18
500109030,15,6,9,2024-12-19 11:59:15
500109030,15,6,9,2024-12-19 10:25:16
500113037,15,6,9,2024-12-19 09:08:14
500113050,15,6,9,2024-12-19 11:35:16
500113074,15,6,9,2024-12-19 12:45:16
500113074,15,6,9,2024-12-19 11:54:15
500101184,15,5,10,2024-12-19 09:57:15
500101208,15,5,10,2024-12-19 09:45:15
500101229,15,4,10,2024-12-19 10:40:16
500103069,15,5,10,2024-12-19 12:55:16
500104128,15,5,10,2024-12-19 12:07:16
500105096,15,5,10,2024-12-19 09:07:15
500106013,15,5,10,2024-12-19 09:07:15
500106013,15,5,10,2024-12-19 10:45:16
500106015,15,4,10,2024-12-19 10:11:15
500107033,15,5,10,2024-12-19 09:27:15
500107121,15,4,10,2024-12-19 09:23:15
500107134,15,4,10,2024-12-19 12:24:16
500107145,15,5,10,2024-12-19 11:37:15
500107146,15,4,10,2024-12-19 10:27:16
500108172,15,5,10,2024-12-19 10:50:15
500109059,15,5,10,2024-12-19 10:14:14
500109060,15,4,10,2024-12-19 11:26:14
500109104,15,5,10,2024-12-19 08:13:15
500111087,15,4,10,2024-12-19 09:01:15
500113080,15,5,10,2024-12-19 12:12:15
500101029,15,3,11,2024-12-19 12:15:16
500101130,15,4,11,2024-12-19 12:04:15
500101163,15,4,11,2024-12-19 13:01:15
500101197,15,4,11,2024-12-19 11:44:15
500104013,15,4,11,2024-12-19 12:25:15
500104013,15,4,11,2024-12-19 11:46:15
500104049,15,4,11,2024-12-19 12:47:15
500105071,15,4,11,2024-12-19 12:25:15
500106027,15,3,11,2024-12-19 09:25:16
500106108,15,3,11,2024-12-19 10:07:16
500107039,15,4,11,2024-12-19 10:05:16
500107074,15,4,11,2024-12-19 11:16:15
500108023,15,3,11,2024-12-19 11:28:15
500109060,15,3,11,2024-12-19 10:51:16
500109073,15,4,11,2024-12-19 09:04:14
500110074,15,3,11,2024-12-19 09:27:15
500111006,15,4,11,2024-12-19 12:06:16
500113048,15,2,11,2024-12-19 08:54:15
500113075,15,4,11,2024-12-19 11:43:15
500101042,15,3,12,2024-12-19 12:35:16
500101117,15,3,12,2024-12-19 11:37:15
500101130,15,3,12,2024-12-19 11:01:16
500101184,15,3,12,2024-12-19 09:35:16
500101184,15,3,12,2024-12-19 11:57:16
500101197,15,3,12,2024-12-19 11:32:15
500101224,15,3,12,2024-12-19 09:02:15
500101229,15,3,12,2024-12-19 12:35:15
500101232,15,3,12,2024-12-19 11:11:15
500101239,15,3,12,2024-12-19 12:36:15
500103065,15,3,12,2024-12-19 10:27:15
500104002,15,3,12,2024-12-19 10:31:15
500104068,15,3,12,2024-12-19 11:05:17
500104071,15,3,12,2024-12-19 11:48:15
500106013,15,3,12,2024-12-19 09:26:15
500106028,15,3,12,2024-12-19 12:14:16
500106087,15,2,12,2024-12-19 10:00:18
500106129,15,2,12,2024-12-19 12:58:15
500107039,15,3,12,2024-12-19 11:21:15
500107052,15,2,12,2024-12-19 12:22:16
500107074,15,3,12,2024-12-19 11:34:15
500108023,15,2,12,2024-12-19 12:16:15
500108142,15,3,12,2024-12-19 08:51:15
500109060,15,2,12,2024-12-19 12:32:15
500109060,15,2,12,2024-12-19 12:47:15
500109082,15,3,12,2024-12-19 09:27:15
500110083,15,3,12,2024-12-19 10:50:16
500112019,15,3,12,2024-12-19 12:47:15
500112094,15,2,12,2024-12-19 12:43:15
500112094,15,2,12,2024-12-19 09:23:15
500101208,15,2,13,2024-12-19 11:14:15
500101229,15,1,13,2024-12-19 09:37:15
500104068,15,2,13,2024-12-19 09:46:16
500107067,15,2,13,2024-12-19 09:00:18
500107135,15,2,13,2024-12-19 10:07:15
500108139,15,0,13,2024-12-19 08:46:16
500110027,15,1,13,2024-12-19 11:07:16
500111006,15,2,13,2024-12-19 10:28:15
500113077,15,2,13,2024-12-19 11:09:15
500101103,15,1,14,2024-12-19 09:35:16
500101117,15,1,14,2024-12-19 09:09:15
500101117,15,1,14,2024-12-19 09:27:15
500101117,15,1,14,2024-12-19 11:22:16
500101184,15,1,14,2024-12-19 10:25:15
500101224,15,1,14,2024-12-19 12:44:15
500101239,15,1,14,2024-12-19 12:27:15
500103065,15,1,14,2024-12-19 12:35:17
500103065,15,1,14,2024-12-19 11:38:15
500103069,15,1,14,2024-12-19 12:28:15
500104059,15,1,14,2024-12-19 09:27:15
500104096,15,1,14,2024-12-19 08:43:15
500106013,15,1,14,2024-12-19 12:47:16
500106129,15,0,14,2024-12-19 10:28:16
500107134,15,0,14,2024-12-19 09:32:15
500107139,15,1,14,2024-12-19 12:16:15
500109073,15,1,14,2024-12-19 11:24:15
500110027,15,0,14,2024-12-19 08:50:19
500110070,15,1,14,2024-12-19 09:26:15
500110070,15,1,14,2024-12-19 09:28:16
500110081,15,1,14,2024-12-19 10:07:15
500110082,15,1,14,2024-12-19 09:55:17
500111073,15,1,14,2024-12-19 10:57:15
500111084,15,1,14,2024-12-19 12:42:15
500112094,15,0,14,2024-12-19 08:57:16
500113047,15,1,14,2024-12-19 11:57:15
500113054,15,1,14,2024-12-19 11:23:15
500101042,15,0,15,2024-12-19 13:01:17
500101117,15,0,15,2024-12-19 09:58:15
500101197,15,0,15,2024-12-19 09:36:15
500101224,15,0,15,2024-12-19 10:27:17
500101232,15,0,15,2024-12-19 12:43:15
500103065,15,0,15,2024-12-19 12:52:16
500103065,15,0,15,2024-12-19 11:19:15
500103069,15,0,15,2024-12-19 11:40:18
500104071,15,0,15,2024-12-19 12:14:16
500104111,15,0,15,2024-12-19 10:20:18
500105066,15,0,15,2024-12-19 12:18:16
500106109,15,0,15,2024-12-19 10:42:17
500107068,15,0,15,2024-12-19 09:08:16
500107106,15,0,15,2024-12-19 13:08:15
500107135,15,0,15,2024-12-19 12:32:15
500108172,15,0,15,2024-12-19 09:37:15
500109073,15,0,15,2024-12-19 11:43:15
500111084,15,0,15,2024-12-19 10:32:16
500112019,15,0,15,2024-12-19 11:32:15
500112090,15,0,15,2024-12-19 12:36:15
500106124,15,11,4,2024-12-19 02:29:14
500101130,15,15,0,2024-12-19 19:31:15
500101229,15,15,0,2024-12-19 18:35:17
500104130,15,14,0,2024-12-19 18:05:17
500107054,15,15,0,2024-12-19 18:35:17
500107139,15,15,0,2024-12-19 19:01:18
500107156,15,15,0,2024-12-19 18:34:16
500110070,15,15,0,2024-12-19 18:57:19
500113047,15,15,0,2024-12-19 20:39:16
500101130,15,14,1,2024-12-19 19:16:15
500101155,15,14,1,2024-12-19 21:19:16
500101224,15,14,1,2024-12-19 20:10:17
500101229,15,14,1,2024-12-19 20:12:15
500103062,15,14,1,2024-12-19 20:27:15
500106013,15,14,1,2024-12-19 19:55:16
500106100,15,14,1,2024-12-19 19:01:15
500107146,15,13,1,2024-12-19 18:45:15
500108031,15,14,1,2024-12-19 19:34:16
500110070,15,14,1,2024-12-19 20:49:15
500110081,15,14,1,2024-12-19 18:59:15
500110081,15,14,1,2024-12-19 20:44:15
500101145,15,13,2,2024-12-19 21:20:16
500103062,15,13,2,2024-12-19 20:42:15
500105076,15,13,2,2024-12-19 21:12:15
500106108,15,12,2,2024-12-19 20:58:15
500107033,15,13,2,2024-12-19 17:22:16
500107139,15,13,2,2024-12-19 20:22:15
500109080,15,13,2,2024-12-19 17:10:17
500111018,15,13,2,2024-12-19 19:03:15
500111073,15,13,2,2024-12-19 17:30:16
500101130,15,12,3,2024-12-19 21:09:16
500101145,15,12,3,2024-12-19 19:32:15
500101184,15,12,3,2024-12-19 17:38:16
500103003,15,12,3,2024-12-19 18:07:16
500106027,15,12,3,2024-12-19 18:16:16
500107030,15,11,3,2024-12-19 17:37:16
500107033,15,12,3,2024-12-19 19:28:15
500107054,15,10,3,2024-12-19 20:55:17
500107156,15,12,3,2024-12-19 18:05:16
500107156,15,10,3,2024-12-19 21:09:16
500110070,15,12,3,2024-12-19 19:38:15
500111073,15,12,3,2024-12-19 17:48:15
500111087,15,12,3,2024-12-19 18:15:17
500113048,15,10,3,2024-12-19 18:55:16
500113050,15,12,3,2024-12-19 20:23:15
500113050,15,12,3,2024-12-19 21:08:15
500101103,15,8,4,2024-12-19 20:58:15
500101155,15,11,4,2024-12-19 17:47:16
500101177,15,11,4,2024-12-19 20:36:15
500101184,15,11,4,2024-12-19 19:06:15
500103003,15,11,4,2024-12-19 18:18:15
500105096,15,11,4,2024-12-19 20:39:16
500106074,15,10,4,2024-12-19 18:11:16
500106128,15,11,4,2024-12-19 19:57:15
500107134,15,10,4,2024-12-19 17:50:15
500112106,15,11,4,2024-12-19 18:53:15
500113047,15,11,4,2024-12-19 17:35:16
500113080,15,11,4,2024-12-19 19:05:16
500101177,15,10,5,2024-12-19 20:48:15
500104121,15,10,5,2024-12-19 18:08:16
500104124,15,10,5,2024-12-19 20:57:16
500105082,15,10,5,2024-12-19 18:12:16
500106013,15,10,5,2024-12-19 18:29:16
500106100,15,10,5,2024-12-19 17:20:17
500106128,15,10,5,2024-12-19 20:08:15
500107033,15,10,5,2024-12-19 20:09:15
500107033,15,10,5,2024-12-19 20:23:15
500107054,15,10,5,2024-12-19 19:26:15
500108031,15,10,5,2024-12-19 17:38:16
500108119,15,10,5,2024-12-19 20:08:15
500108164,15,10,5,2024-12-19 19:19:16
500109060,15,9,5,2024-12-19 20:20:16
500109060,15,9,5,2024-12-19 20:32:15
500109060,15,9,5,2024-12-19 19:17:15
500109080,15,10,5,2024-12-19 19:38:14
500110074,15,10,5,2024-12-19 17:28:15
500110083,15,10,5,2024-12-19 17:27:16
500113037,15,10,5,2024-12-19 19:45:15
500113075,15,10,5,2024-12-19 18:31:15
500101177,15,9,6,2024-12-19 17:59:15
500101232,15,9,6,2024-12-19 17:59:15
500103062,15,9,6,2024-12-19 18:54:15
500104124,15,9,6,2024-12-19 18:40:16
500105075,15,9,6,2024-12-19 17:19:15
500106109,15,9,6,2024-12-19 19:04:15
500106109,15,9,6,2024-12-19 19:35:16
500106124,15,9,6,2024-12-19 17:35:16
500107146,15,8,6,2024-12-19 21:01:15
500107156,15,5,6,2024-12-19 21:14:16
500108119,15,9,6,2024-12-19 20:11:16
500108119,15,9,6,2024-12-19 19:12:15
500108170,15,9,6,2024-12-19 20:49:15
500113037,15,9,6,2024-12-19 19:28:14
500113037,15,9,6,2024-12-19 19:34:15
500113074,15,9,6,2024-12-19 20:52:15
500101130,15,8,7,2024-12-19 17:26:15
500101229,15,8,7,2024-12-19 17:28:15
500103003,15,7,7,2024-12-19 20:37:16
500103062,15,8,7,2024-12-19 17:47:16
500104002,15,8,7,2024-12-19 20:44:15
500104049,15,8,7,2024-12-19 19:41:16
500104063,15,8,7,2024-12-19 20:13:15
500104106,15,7,7,2024-12-19 18:52:15
500104111,15,4,7,2024-12-19 21:13:16
500105079,15,8,7,2024-12-19 17:17:15
500107134,15,7,7,2024-12-19 18:18:16
500107156,15,8,7,2024-12-19 17:31:14
500108050,15,8,7,2024-12-19 17:06:16
500108139,15,7,7,2024-12-19 17:16:16
500111006,15,8,7,2024-12-19 20:58:15
500112094,15,8,7,2024-12-19 19:49:15
500113075,15,8,7,2024-12-19 18:12:16
500113077,15,8,7,2024-12-19 17:36:15
500101149,15,7,8,2024-12-19 19:37:15
500101177,15,7,8,2024-12-19 17:36:15
500104106,15,6,8,2024-12-19 19:13:15
500106028,15,7,8,2024-12-19 20:54:15
500106087,15,6,8,2024-12-19 20:36:15
500106109,15,7,8,2024-12-19 19:56:16
500106128,15,7,8,2024-12-19 18:33:16
500107002,15,7,8,2024-12-19 17:43:16
500107002,15,7,8,2024-12-19 18:21:16
500107068,15,7,8,2024-12-19 21:11:15
500107125,15,7,8,2024-12-19 19:25:15
500107127,15,7,8,2024-12-19 17:21:15
500108185,15,7,8,2024-12-19 17:40:17
500109102,15,7,8,2024-12-19 19:09:15
500111006,15,7,8,2024-12-19 19:18:15
500111077,15,7,8,2024-12-19 19:49:15
500113037,15,7,8,2024-12-19 19:04:15
500113086,15,7,8,2024-12-19 17:25:15
500101155,15,6,9,2024-12-19 19:54:15
500104049,15,6,9,2024-12-19 17:29:16
500105096,15,6,9,2024-12-19 18:08:15
500106109,15,6,9,2024-12-19 17:27:16
500106124,15,6,9,2024-12-19 18:13:16
500107080,15,6,9,2024-12-19 17:48:15
500108050,15,6,9,2024-12-19 19:40:15
500108119,15,6,9,2024-12-19 17:28:15
500108148,15,6,9,2024-12-19 19:54:15
500109089,15,5,9,2024-12-19 20:26:16
500110027,15,4,9,2024-12-19 19:45:16
500113047,15,6,9,2024-12-19 17:59:15
500113074,15,6,9,2024-12-19 19:25:15
500113075,15,6,9,2024-12-19 17:47:16
500113086,15,6,9,2024-12-19 20:40:16
500113086,15,6,9,2024-12-19 18:34:15
500101155,15,5,10,2024-12-19 20:49:15
500101232,15,5,10,2024-12-19 18:17:15
500103069,15,5,10,2024-12-19 17:59:15
500104002,15,5,10,2024-12-19 18:26:16
500104071,15,5,10,2024-12-19 20:55:17
500105083,15,5,10,2024-12-19 19:44:15
500107121,15,4,10,2024-12-19 17:48:15
500107127,15,5,10,2024-12-19 18:34:15
500107154,15,5,10,2024-12-19 19:58:15
500108077,15,5,10,2024-12-19 18:26:16
500108085,15,5,10,2024-12-19 19:47:15
500109030,15,5,10,2024-12-19 15:11:15
500109089,15,4,10,2024-12-19 19:36:15
500111073,15,3,10,2024-12-19 20:38:15
500113050,15,5,10,2024-12-19 19:06:16
500113050,15,5,10,2024-12-19 18:41:15
500113077,15,3,10,2024-12-19 21:07:17
500101117,15,4,11,2024-12-19 20:29:15
500104080,15,4,11,2024-12-19 20:49:15
500104101,15,4,11,2024-12-19 21:14:15
500106013,15,4,11,2024-12-19 18:08:16
500106015,15,3,11,2024-12-19 19:48:15
500106027,15,2,11,2024-12-19 18:57:15
500106128,15,4,11,2024-12-19 18:26:16
500107039,15,4,11,2024-12-19 19:06:16
500107052,15,3,11,2024-12-19 18:14:15
500107052,15,3,11,2024-12-19 18:57:15
500107106,15,4,11,2024-12-19 19:29:15
500107154,15,4,11,2024-12-19 18:34:15
500108023,15,4,11,2024-12-19 20:44:15
500108143,15,4,11,2024-12-19 17:21:15
500108172,15,4,11,2024-12-19 17:26:15
500110027,15,3,11,2024-12-19 17:36:15
500110027,15,3,11,2024-12-19 17:56:16
500110074,15,4,11,2024-12-19 19:57:15
500110074,15,4,11,2024-12-19 19:16:15
500110081,15,4,11,2024-12-19 17:40:17
500101117,15,3,12,2024-12-19 20:49:15
500101117,15,3,12,2024-12-19 18:30:20
500101149,15,3,12,2024-12-19 17:25:16
500101149,15,3,12,2024-12-19 18:16:15
500105039,15,3,12,2024-12-19 18:23:16
500105066,15,3,12,2024-12-19 19:35:16
500105077,15,2,12,2024-12-19 18:54:15
500106087,15,2,12,2024-12-19 19:24:15
500108023,15,3,12,2024-12-19 20:28:15
500108170,15,3,12,2024-12-19 17:51:16
500108170,15,3,12,2024-12-19 18:37:15
500109016,15,3,12,2024-12-19 18:03:15
500109082,15,3,12,2024-12-19 17:06:16
500110074,15,3,12,2024-12-19 19:33:15
500101029,15,2,13,2024-12-19 18:03:15
500101042,15,2,13,2024-12-19 17:28:15
500101149,15,2,13,2024-12-19 18:30:17
500101224,15,2,13,2024-12-19 17:28:15
500104013,15,2,13,2024-12-19 17:26:15
500106015,15,1,13,2024-12-19 20:25:16
500106015,15,1,13,2024-12-19 17:28:14
500106087,15,1,13,2024-12-19 17:18:16
500106087,15,1,13,2024-12-19 17:48:15
500106129,15,2,13,2024-12-19 17:50:16
500107127,15,2,13,2024-12-19 18:48:15
500108015,15,2,13,2024-12-19 17:15:17
500111086,15,2,13,2024-12-19 20:42:15
500112019,15,2,13,2024-12-19 18:27:15
500113074,15,2,13,2024-12-19 18:55:17
500101042,15,1,14,2024-12-19 18:37:15
500101117,15,1,14,2024-12-19 20:13:15
500101149,15,1,14,2024-12-19 18:25:17
500101213,15,1,14,2024-12-19 20:35:16
500101232,15,1,14,2024-12-19 19:18:15
500105077,15,1,14,2024-12-19 17:37:16
500106128,15,1,14,2024-12-19 17:33:16
500107106,15,1,14,2024-12-19 17:47:16
500107106,15,1,14,2024-12-19 18:15:17
500108075,15,1,14,2024-12-19 17:15:17
500108075,15,1,14,2024-12-19 18:04:16
500110082,15,1,14,2024-12-19 18:04:16
500110082,15,1,14,2024-12-19 20:47:15
500110088,15,1,14,2024-12-19 19:56:16
500110088,15,1,14,2024-12-19 20:13:15
500112090,15,1,14,2024-12-19 20:29:16
500101197,15,0,15,2024-12-19 18:56:15
500101213,15,0,15,2024-12-19 18:34:16
500105066,15,0,15,2024-12-19 18:28:15
500107106,15,0,15,2024-12-19 18:38:16
500112090,15,0,15,2024-12-19 20:44:15
500107121,15,13,1,2024-12-19 15:20:16
500108012,15,14,1,2024-12-19 16:59:15
500113047,15,13,2,2024-12-19 17:10:17
500104063,15,12,3,2024-12-19 15:35:16
500104130,15,11,3,2024-12-19 15:03:15
500107039,15,12,3,2024-12-19 13:24:14
500111087,15,12,3,2024-12-19 16:16:14
500111087,15,12,3,2024-12-19 16:43:15
500101145,15,11,4,2024-12-19 16:36:15
500104128,15,11,4,2024-12-19 16:56:15
500110043,15,11,4,2024-12-19 13:58:16
500111006,15,11,4,2024-12-19 16:26:15
500111073,15,11,4,2024-12-19 14:45:15
500101229,15,10,5,2024-12-19 15:42:15
500104080,15,10,5,2024-12-19 15:18:15
500107033,15,10,5,2024-12-19 16:54:16
500107139,15,10,5,2024-12-19 17:08:16
500108012,15,10,5,2024-12-19 14:24:14
500108015,15,10,5,2024-12-19 13:23:15
500113048,15,8,5,2024-12-19 14:39:16
500101029,15,9,6,2024-12-19 16:45:17
500101130,15,9,6,2024-12-19 16:13:15
500104059,15,9,6,2024-12-19 17:07:15
500104128,15,9,6,2024-12-19 16:47:15
500106008,15,8,6,2024-12-19 16:17:15
500107002,15,9,6,2024-12-19 15:57:16
500107121,15,8,6,2024-12-19 13:28:16
500108031,15,9,6,2024-12-19 15:42:15
500108050,15,9,6,2024-12-19 16:33:15
500110083,15,9,6,2024-12-19 17:02:15
500113048,15,7,6,2024-12-19 13:47:15
500101184,15,8,7,2024-12-19 14:47:15
500101208,15,8,7,2024-12-19 15:10:15
500103062,15,8,7,2024-12-19 15:31:15
500106109,15,8,7,2024-12-19 16:05:16
500107106,15,8,7,2024-12-19 16:13:15
500107106,15,8,7,2024-12-19 15:01:16
500107127,15,8,7,2024-12-19 15:14:15
500107127,15,8,7,2024-12-19 15:05:16
500108123,15,8,7,2024-12-19 13:30:16
500109060,15,7,7,2024-12-19 16:52:15
500101029,15,6,8,2024-12-19 13:13:14
500101184,15,7,8,2024-12-19 16:36:15
500101184,15,7,8,2024-12-19 16:56:15
500101184,15,7,8,2024-12-19 15:20:15
500101197,15,7,8,2024-12-19 13:44:15
500101232,15,7,8,2024-12-19 16:34:16
500103062,15,7,8,2024-12-19 14:06:15
500103069,15,7,8,2024-12-19 14:51:15
500104056,15,6,8,2024-12-19 14:47:15
500104106,15,6,8,2024-12-19 16:21:15
500106013,15,7,8,2024-12-19 17:08:16
500106124,15,7,8,2024-12-19 15:55:16
500106124,15,7,8,2024-12-19 17:02:15
500107106,15,7,8,2024-12-19 13:43:15
500107156,15,6,8,2024-12-19 13:22:15
500108139,15,5,8,2024-12-19 14:00:17
500109060,15,6,8,2024-12-19 16:34:16
500113062,15,7,8,2024-12-19 15:10:15
500101029,15,5,9,2024-12-19 13:23:15
500101177,15,6,9,2024-12-19 15:10:15
500101197,15,6,9,2024-12-19 13:35:15
500104106,15,5,9,2024-12-19 15:53:14
500107033,15,6,9,2024-12-19 14:23:15
500107047,15,5,9,2024-12-19 16:48:16
500108019,15,5,9,2024-12-19 13:55:16
500108031,15,6,9,2024-12-19 14:27:15
500108119,15,6,9,2024-12-19 15:54:14
500108185,15,6,9,2024-12-19 16:42:15
500110088,15,6,9,2024-12-19 13:37:15
500112090,15,6,9,2024-12-19 16:48:16
500112106,15,6,9,2024-12-19 16:49:15
500113050,15,6,9,2024-12-19 13:58:16
500113062,15,6,9,2024-12-19 14:13:15
500113075,15,6,9,2024-12-19 13:47:15
500101117,15,5,10,2024-12-19 13:17:15
500101232,15,5,10,2024-12-19 17:16:16
500104013,15,5,10,2024-12-19 15:09:15
500106027,15,5,10,2024-12-19 15:54:14
500106087,15,4,10,2024-12-19 16:36:15
500107033,15,5,10,2024-12-19 13:54:15
500107106,15,5,10,2024-12-19 16:26:15
500107146,15,4,10,2024-12-19 16:36:15
500107156,15,4,10,2024-12-19 14:15:16
500101042,15,4,11,2024-12-19 15:17:16
500101163,15,4,11,2024-12-19 13:28:16
500101232,15,4,11,2024-12-19 15:14:15
500101239,15,4,11,2024-12-19 17:12:16
500104013,15,4,11,2024-12-19 15:43:15
500104106,15,3,11,2024-12-19 15:41:15
500104121,15,4,11,2024-12-19 14:14:15
500106027,15,4,11,2024-12-19 14:48:15
500107125,15,4,11,2024-12-19 14:43:15
500107135,15,4,11,2024-12-19 14:51:15
500108085,15,4,11,2024-12-19 16:11:15
500110081,15,4,11,2024-12-19 14:09:16
500110082,15,4,11,2024-12-19 13:35:15
500110083,15,4,11,2024-12-19 13:15:15
500112019,15,4,11,2024-12-19 16:28:14
500113074,15,4,11,2024-12-19 14:51:15
500101155,15,3,12,2024-12-19 13:18:15
500101155,15,3,12,2024-12-19 17:18:16
500103065,15,3,12,2024-12-19 13:32:15
500104002,15,3,12,2024-12-19 15:22:15
500107074,15,3,12,2024-12-19 14:14:14
500107135,15,3,12,2024-12-19 13:47:15
500107146,15,2,12,2024-12-19 16:18:16
500109060,15,2,12,2024-12-19 14:49:15
500110027,15,2,12,2024-12-19 15:12:16
500110043,15,3,12,2024-12-19 17:05:17
500110070,15,3,12,2024-12-19 13:44:15
500110081,15,3,12,2024-12-19 16:21:15
500112019,15,3,12,2024-12-19 13:37:15
500112019,15,3,12,2024-12-19 13:46:16
500101117,15,2,13,2024-12-19 15:13:16
500101130,15,2,13,2024-12-19 15:04:15
500101149,15,2,13,2024-12-19 16:32:15
500101155,15,2,13,2024-12-19 15:08:14
500105077,15,2,13,2024-12-19 17:17:16
500106108,15,1,13,2024-12-19 16:59:15
500109089,15,1,13,2024-12-19 17:07:15
500109104,15,2,13,2024-12-19 15:53:14
500109104,15,2,13,2024-12-19 16:52:15
500113077,15,2,13,2024-12-19 16:34:16
500113077,15,2,13,2024-12-19 14:45:15
500101042,15,1,14,2024-12-19 15:27:15
500101163,15,1,14,2024-12-19 16:18:16
500101213,15,1,14,2024-12-19 17:02:15
500101224,15,1,14,2024-12-19 14:47:15
500103065,15,1,14,2024-12-19 15:08:14
500104053,15,1,14,2024-12-19 15:13:15
500105066,15,1,14,2024-12-19 16:57:16
500105066,15,1,14,2024-12-19 17:12:16
500106015,15,0,14,2024-12-19 17:11:17
500106128,15,1,14,2024-12-19 13:35:16
500101163,15,0,15,2024-12-19 15:48:15
500101232,15,0,15,2024-12-19 13:58:16
500105066,15,0,15,2024-12-19 14:04:15
500110043,15,3,12,2024-12-19 21:44:15
500107047,15,7,5,2024-12-19 21:41:14
500104124,15,7,8,2024-12-19 21:41:15
500103069,15,8,7,2024-12-19 21:48:15
500113048,15,11,2,2024-12-19 21:45:14
500113050,15,14,1,2024-12-19 21:46:15
500107139,15,15,0,2024-12-19 06:34:15
500109089,15,14,0,2024-12-19 07:30:18
500101130,15,14,1,2024-12-19 05:47:15
500104130,15,13,1,2024-12-19 08:17:16
500107106,15,14,1,2024-12-19 07:27:14
500108164,15,14,1,2024-12-19 08:51:14
500110027,15,13,1,2024-12-19 05:16:15
500112094,15,11,1,2024-12-19 04:51:15
500101149,15,13,2,2024-12-19 06:11:14
500103065,15,13,2,2024-12-19 08:51:15
500106109,15,13,2,2024-12-19 05:33:15
500108059,15,13,2,2024-12-19 07:00:16
500110074,15,12,2,2024-12-19 08:27:16
500101130,15,12,3,2024-12-19 06:36:14
500104111,15,9,3,2024-12-19 05:35:16
500106015,15,11,3,2024-12-19 08:00:17
500107106,15,12,3,2024-12-19 05:46:14
500107146,15,11,3,2024-12-19 07:37:15
500107156,15,11,3,2024-12-19 08:44:17
500111086,15,11,3,2024-12-19 08:11:15
500112090,15,12,3,2024-12-19 08:56:16
500112094,15,11,3,2024-12-19 06:36:14
500113086,15,11,3,2024-12-19 07:31:16
500113086,15,8,3,2024-12-19 06:03:15
500101042,15,10,4,2024-12-19 06:53:15
500101163,15,11,4,2024-12-19 07:45:16
500101239,15,11,4,2024-12-19 07:25:17
500104111,15,8,4,2024-12-19 06:35:15
500104124,15,11,4,2024-12-19 07:20:18
500104124,15,11,4,2024-12-19 07:37:15
500104128,15,8,4,2024-12-19 06:25:15
500104128,15,8,4,2024-12-19 06:55:15
500105082,15,10,4,2024-12-19 07:05:15
500106013,15,11,4,2024-12-19 06:09:14
500110082,15,11,4,2024-12-19 07:44:15
500110088,15,10,4,2024-12-19 07:57:16
500111018,15,11,4,2024-12-19 06:17:14
500113037,15,11,4,2024-12-19 07:36:15
500113048,15,9,4,2024-12-19 05:13:15
500101130,15,10,5,2024-12-19 07:22:15
500101145,15,9,5,2024-12-19 08:02:15
500101145,15,9,5,2024-12-19 05:57:15
500101177,15,10,5,2024-12-19 07:27:15
500101184,15,10,5,2024-12-19 05:56:14
500104053,15,10,5,2024-12-19 08:12:15
500104053,15,9,5,2024-12-19 07:33:15
500108015,15,10,5,2024-12-19 08:03:15
500109082,15,10,5,2024-12-19 07:57:16
500110082,15,10,5,2024-12-19 05:26:15
500101130,15,9,6,2024-12-19 08:08:16
500101130,15,9,6,2024-12-19 08:01:15
500101177,15,9,6,2024-12-19 05:33:15
500104080,15,9,6,2024-12-19 07:30:15
500107030,15,9,6,2024-12-19 08:44:15
500107039,15,9,6,2024-12-19 08:57:14
500108059,15,9,6,2024-12-19 08:09:14
500108172,15,9,6,2024-12-19 06:43:15
500110083,15,9,6,2024-12-19 07:41:15
500110083,15,9,6,2024-12-19 07:52:15
500110088,15,8,6,2024-12-19 06:42:15
500111073,15,9,6,2024-12-19 08:41:15
500111087,15,8,6,2024-12-19 06:31:15
500101177,15,8,7,2024-12-19 07:41:15
500101184,15,8,7,2024-12-19 08:27:16
500104128,15,8,7,2024-12-19 08:17:15
500104128,15,8,7,2024-12-19 08:37:15
500105076,15,8,7,2024-12-19 07:09:15
500106100,15,8,7,2024-12-19 07:36:15
500106128,15,7,7,2024-12-19 08:57:15
500107052,15,7,7,2024-12-19 08:55:16
500107080,15,8,7,2024-12-19 08:15:16
500107127,15,8,7,2024-12-19 06:47:15
500107146,15,7,7,2024-12-19 07:50:16
500108077,15,8,7,2024-12-19 07:05:15
500108143,15,8,7,2024-12-19 08:36:14
500108170,15,8,7,2024-12-19 08:11:16
500110074,15,7,7,2024-12-19 06:43:15
500111078,15,8,7,2024-12-19 08:36:15
500112090,15,8,7,2024-12-19 07:47:14
500112090,15,8,7,2024-12-19 08:03:15
500113037,15,8,7,2024-12-19 08:56:15
500103062,15,7,8,2024-12-19 08:41:15
500104002,15,7,8,2024-12-19 06:20:15
500104111,15,4,8,2024-12-19 07:16:15
500106124,15,7,8,2024-12-19 07:48:15
500107074,15,7,8,2024-12-19 05:43:14
500107127,15,7,8,2024-12-19 07:54:15
500108139,15,5,8,2024-12-19 07:54:15
500108143,15,7,8,2024-12-19 07:43:15
500109062,15,7,8,2024-12-19 07:32:15
500110070,15,7,8,2024-12-19 06:47:15
500110082,15,7,8,2024-12-19 08:23:15
500111087,15,6,8,2024-12-19 06:03:15
500112090,15,7,8,2024-12-19 08:27:16
500112090,15,7,8,2024-12-19 05:13:15
500113086,15,3,8,2024-12-19 06:53:15
500101232,15,6,9,2024-12-19 05:15:15
500104106,15,5,9,2024-12-19 07:17:14
500106015,15,5,9,2024-12-19 08:27:16
500106028,15,3,9,2024-12-19 06:41:15
500107154,15,6,9,2024-12-19 06:56:15
500108119,15,6,9,2024-12-19 08:03:15
500109018,15,6,9,2024-12-19 07:50:16
500112094,15,5,9,2024-12-19 08:33:16
500113050,15,6,9,2024-12-19 07:17:14
500113077,15,3,9,2024-12-19 06:49:14
500113086,15,5,9,2024-12-19 08:03:14
500101042,15,4,10,2024-12-19 08:27:16
500101177,15,5,10,2024-12-19 07:57:16
500104117,15,4,10,2024-12-19 07:14:15
500106128,15,4,10,2024-12-19 08:33:16
500107002,15,5,10,2024-12-19 08:27:16
500107002,15,5,10,2024-12-19 08:33:16
500107002,15,5,10,2024-12-19 08:54:15
500107080,15,5,10,2024-12-19 07:46:15
500107104,15,5,10,2024-12-19 08:25:16
500107135,15,5,10,2024-12-19 08:46:15
500107145,15,5,10,2024-12-19 07:57:16
500108023,15,4,10,2024-12-19 07:55:17
500108172,15,5,10,2024-12-19 08:00:17
500110070,15,5,10,2024-12-19 06:37:14
500113037,15,5,10,2024-12-19 08:17:15
500101229,15,3,11,2024-12-19 08:37:15
500104002,15,4,11,2024-12-19 06:59:14
500104013,15,4,11,2024-12-19 07:49:16
500104125,15,4,11,2024-12-19 08:22:15
500105083,15,4,11,2024-12-19 06:38:15
500105083,15,4,11,2024-12-19 07:07:15
500106074,15,3,11,2024-12-19 07:17:14
500106128,15,3,11,2024-12-19 06:56:15
500107030,15,4,11,2024-12-19 07:36:15
500107068,15,4,11,2024-12-19 05:40:15
500107074,15,4,11,2024-12-19 06:55:16
500107135,15,4,11,2024-12-19 08:28:14
500109018,15,4,11,2024-12-19 08:10:17
500109018,15,4,11,2024-12-19 08:28:14
500109030,15,4,11,2024-12-19 07:24:15
500109060,15,3,11,2024-12-19 07:33:15
500110070,15,4,11,2024-12-19 07:56:15
500113048,15,2,11,2024-12-19 06:56:15
500104096,15,3,12,2024-12-19 06:21:15
500107039,15,3,12,2024-12-19 08:25:15
500107068,15,3,12,2024-12-19 07:13:15
500108142,15,3,12,2024-12-19 08:43:15
500108142,15,3,12,2024-12-19 07:55:17
500108170,15,3,12,2024-12-19 08:36:15
500108172,15,3,12,2024-12-19 08:56:16
500109082,15,3,12,2024-12-19 08:56:15
500110043,15,3,12,2024-12-19 08:37:15
500110088,15,2,12,2024-12-19 06:07:15
500111073,15,2,12,2024-12-19 08:35:16
500101163,15,2,13,2024-12-19 08:27:16
500103065,15,2,13,2024-12-19 08:17:15
500104056,15,2,13,2024-12-19 08:18:15
500104111,15,2,13,2024-12-19 08:56:15
500106074,15,1,13,2024-12-19 08:57:14
500106109,15,2,13,2024-12-19 08:14:16
500106128,15,1,13,2024-12-19 08:17:15
500106129,15,1,13,2024-12-19 07:57:16
500107054,15,0,13,2024-12-19 07:54:16
500107067,15,2,13,2024-12-19 08:54:15
500107135,15,2,13,2024-12-19 04:57:14
500108119,15,2,13,2024-12-19 08:35:16
500109030,15,2,13,2024-12-19 07:46:15
500109073,15,2,13,2024-12-19 08:56:16
500109073,15,2,13,2024-12-19 07:52:15
500110027,15,1,13,2024-12-19 08:33:16
500107033,15,1,14,2024-12-19 07:37:15
500110043,15,1,14,2024-12-19 07:27:15
500110043,15,1,14,2024-12-19 08:03:15
500112019,15,1,14,2024-12-19 08:56:16
500112019,15,1,14,2024-12-19 06:47:15
500113050,15,1,14,2024-12-19 08:03:15
500113054,15,1,14,2024-12-19 07:45:16
500103065,15,0,15,2024-12-19 07:13:16
500107135,15,0,15,2024-12-19 07:07:16
500113047,15,0,15,2024-12-19 08:27:16
500113054,15,0,15,2024-12-19 06:51:15
500113074,15,0,15,2024-12-19 08:37:16
500113075,15,0,15,2024-12-19 08:56:16
500101184,15,13,2,2024-12-19 00:48:14
500103069,15,3,12,2024-12-19 00:31:14
500104124,15,9,4,2024-12-19 00:21:14
500104128,15,6,6,2024-12-19 00:36:15
500107104,15,8,7,2024-12-19 00:22:15
500108085,15,8,7,2024-12-19 00:45:15
500110070,15,3,12,2024-12-19 00:56:14
500113047,15,3,12,2024-12-19 00:10:15
500108170,15,7,8,2024-12-19 03:13:15
500105066,15,6,9,2024-12-19 23:46:15
500101163,15,10,4,2024-12-19 23:35:15
500101155,15,11,4,2024-12-19 23:49:15
500107154,15,3,12,2024-12-19 23:08:15
500105077,15,4,10,2024-12-19 23:17:14
500101117,15,4,11,2024-12-19 23:33:15
500108142,15,4,11,2024-12-19 20:28:15
500108085,15,6,9,2024-12-19 22:51:15
500108172,15,6,9,2024-12-19 22:07:15
500104131,15,7,5,2024-12-19 21:13:15
500108143,15,7,8,2024-12-19 21:56:15
500113080,15,9,4,2024-12-19 21:48:16
500109098,15,9,6,2024-12-19 23:43:14
500108123,15,10,4,2024-12-19 22:57:14
500107125,15,10,5,2024-12-19 22:54:14
500111084,15,13,2,2024-12-19 22:50:16
500106015,15,2,12,2024-12-19 23:44:15
500113062,15,4,11,2024-12-19 23:09:15
500113086,15,7,8,2024-12-19 23:56:14
500101130,15,10,5,2024-12-19 23:53:15
500107134,15,14,0,2024-12-19 23:18:15
500105066,15,3,12,2024-12-19 00:57:15
500104128,15,6,6,2024-12-19 01:08:16
500101163,15,6,9,2024-12-19 00:27:15
500107033,15,6,9,2024-12-19 01:17:15
500108185,15,6,9,2024-12-19 00:00:18
500109104,15,9,6,2024-12-19 00:55:16
500112106,15,11,4,2024-12-19 01:06:15
500101229,15,12,3,2024-12-19 01:10:16
500101149,15,13,2,2024-12-19 00:37:15
500111018,15,13,2,2024-12-19 01:03:15
500101197,15,3,12,2024-12-19 22:57:15
500107106,15,3,12,2024-12-19 22:52:15
500104049,15,4,11,2024-12-19 22:07:15
500106128,15,8,5,2024-12-19 23:19:15
500113086,15,8,7,2024-12-19 22:50:16
500104071,15,13,2,2024-12-19 23:17:14
500105071,15,0,15,2024-12-19 21:50:18
500110074,15,1,14,2024-12-19 22:28:15
500112019,15,1,14,2024-12-19 22:24:15
500101184,15,2,13,2024-12-19 22:32:15
500106027,15,6,7,2024-12-19 22:24:15
500107074,15,6,9,2024-12-19 22:39:15
500105096,15,11,4,2024-12-19 22:13:15
500112106,15,11,4,2024-12-19 22:23:15
500101145,15,13,2,2024-12-19 22:26:15
500101155,15,14,1,2024-12-19 22:33:15
500103062,15,15,0,2024-12-19 22:27:14
500112019,15,0,15,2024-12-19 21:18:15
500107039,15,1,14,2024-12-19 21:39:15
500110082,15,1,14,2024-12-19 21:29:15
500113062,15,1,14,2024-12-19 21:37:15
500104049,15,2,13,2024-12-19 20:34:15
500108050,15,2,13,2024-12-19 21:34:15
500101163,15,5,10,2024-12-19 21:36:15
500107121,15,6,8,2024-12-19 21:30:16
500108143,15,6,9,2024-12-19 18:58:16
500111006,15,6,9,2024-12-19 21:35:15
500101177,15,7,8,2024-12-19 21:29:14
500105083,15,7,8,2024-12-19 21:03:15
500106028,15,10,5,2024-12-19 21:33:16
500107030,15,12,2,2024-12-19 21:33:16
500105082,15,12,3,2024-12-19 21:15:16
500107134,15,13,1,2024-12-19 21:38:15
500103069,15,2,13,2024-12-19 02:36:14
500108142,15,2,13,2024-12-19 01:41:15
500101117,15,6,9,2024-12-19 01:44:14
500111078,15,7,8,2024-12-19 02:16:15
500113048,15,9,4,2024-12-19 02:05:16
500111077,15,9,6,2024-12-19 02:51:15
500104071,15,11,4,2024-12-19 02:36:14
500101239,15,14,1,2024-12-19 01:41:15
500110088,15,3,11,2024-12-19 03:57:15
500113077,15,4,8,2024-12-19 04:03:14
500107081,15,4,11,2024-12-19 03:52:14
500101197,15,6,9,2024-12-19 04:15:15
500108148,15,6,9,2024-12-19 04:01:16
500101145,15,8,6,2024-12-19 03:21:15
500113048,15,10,3,2024-12-19 04:11:15
500107106,15,10,5,2024-12-19 04:05:15
500109062,15,10,5,2024-12-19 03:42:14
500111084,15,10,5,2024-12-19 03:48:15
500104080,15,11,4,2024-12-19 04:03:14
500101229,15,13,1,2024-12-19 03:35:15
500105077,15,4,10,2024-12-19 22:00:16
500108023,15,4,11,2024-12-19 21:58:15
500107135,15,7,8,2024-12-19 22:01:15
500113048,15,9,4,2024-12-19 22:04:15
500107106,15,1,14,2024-12-19 21:52:15
500104128,15,2,11,2024-12-19 21:57:15
500107039,15,2,13,2024-12-19 21:56:15
500110088,15,3,12,2024-12-19 21:54:15
500106108,15,4,9,2024-12-19 21:52:15
500108172,15,6,9,2024-12-19 21:41:15
500107127,15,7,8,2024-12-19 21:59:15
500104125,15,9,6,2024-12-19 21:53:15
500107135,15,9,6,2024-12-19 21:55:17
500107030,15,11,3,2024-12-19 21:51:15
500106109,15,11,4,2024-12-19 21:54:15
500112106,15,14,1,2024-12-19 21:57:15
500105071,15,0,15,2024-12-19 03:23:15
500105066,15,4,11,2024-12-19 03:24:15
500101229,15,11,4,2024-12-19 00:30:16
500107047,15,13,1,2024-12-19 00:34:14
500101184,15,11,4,2024-12-19 01:45:15
500106124,15,12,3,2024-12-19 02:39:15
500112106,15,10,5,2024-12-19 22:40:15
500101177,15,13,2,2024-12-19 22:49:14
500101229,15,15,0,2024-12-19 22:46:15
500107106,15,11,4,2024-12-19 04:29:15
500104059,15,10,4,2024-12-19 22:59:15
500104071,15,11,4,2024-12-19 23:09:15
500110088,15,2,13,2024-12-19 22:18:15
500110081,15,3,12,2024-12-19 22:15:15
500109060,15,5,9,2024-12-19 22:19:15
500107156,15,8,3,2024-12-19 22:15:16
500107125,15,8,7,2024-12-19 22:16:15
500101177,15,10,5,2024-12-19 22:16:15
500108185,15,5,10,2024-12-19 04:42:14
500107156,15,9,2,2024-12-19 04:41:15
500101177,15,12,3,2024-12-19 22:23:15
500105096,15,11,4,2024-12-19 22:57:15
500106013,15,9,5,2024-12-19 23:20:16
500101229,15,12,2,2024-12-19 23:21:14
500101145,15,13,2,2024-12-19 23:24:14
500101145,15,15,0,2024-12-19 11:29:14
500101145,15,15,0,2024-12-19 11:27:15
500108015,15,15,0,2024-12-19 09:52:16
500108119,15,15,0,2024-12-19 09:37:16
500110088,15,15,0,2024-12-19 09:27:15
500106124,15,14,1,2024-12-19 12:32:16
500107127,15,14,1,2024-12-19 09:46:16
500107139,15,14,1,2024-12-19 09:09:15
500108015,15,14,1,2024-12-19 09:36:15
500110043,15,14,1,2024-12-19 11:17:15
500111087,15,14,1,2024-12-19 10:14:15
500101145,15,12,2,2024-12-19 09:06:17
500104130,15,12,2,2024-12-19 09:01:15
500108015,15,13,2,2024-12-19 09:42:15
500107156,15,11,3,2024-12-19 11:52:15
500111086,15,11,3,2024-12-19 09:02:15
500111086,15,11,3,2024-12-19 09:55:17
500111087,15,12,3,2024-12-19 09:34:15
500113086,15,12,3,2024-12-19 09:05:15
500101145,15,11,4,2024-12-19 09:44:15
500106100,15,11,4,2024-12-19 11:52:15
500107054,15,11,4,2024-12-19 13:05:16
500107080,15,11,4,2024-12-19 09:25:16
500108015,15,11,4,2024-12-19 11:04:15
500111086,15,10,4,2024-12-19 09:09:15
500111087,15,11,4,2024-12-19 10:04:16
500101184,15,10,5,2024-12-19 12:19:15
500103003,15,10,5,2024-12-19 11:05:17
500107002,15,10,5,2024-12-19 10:22:16
500107047,15,9,5,2024-12-19 12:42:15
500107081,15,10,5,2024-12-19 11:53:16
500107119,15,5,5,2024-12-19 09:40:16
500107125,15,7,5,2024-12-19 09:58:14
500108143,15,10,5,2024-12-19 09:13:14
500108148,15,10,5,2024-12-19 11:30:17
500104056,15,9,6,2024-12-19 09:01:17
500104063,15,9,6,2024-12-19 12:01:16
500104124,15,9,6,2024-12-19 12:45:16
500106015,15,8,6,2024-12-19 11:18:15
500106087,15,8,6,2024-12-19 12:25:16
500107080,15,9,6,2024-12-19 11:55:18
500107080,15,9,6,2024-12-19 09:53:15
500107125,15,6,6,2024-12-19 09:51:14
500107156,15,8,6,2024-12-19 11:28:15
500108012,15,9,6,2024-12-19 13:02:14
500108012,15,9,6,2024-12-19 09:31:15
500108059,15,9,6,2024-12-19 08:58:15
500108185,15,9,6,2024-12-19 12:01:16
500110074,15,9,6,2024-12-19 12:44:15
500113062,15,9,6,2024-12-19 11:35:17
500113074,15,9,6,2024-12-19 09:53:15
500101229,15,7,7,2024-12-19 09:27:15
500106015,15,7,7,2024-12-19 11:53:15
500107047,15,7,7,2024-12-19 10:04:16
500107080,15,8,7,2024-12-19 11:16:15
500107134,15,7,7,2024-12-19 13:05:16
500107156,15,7,7,2024-12-19 10:33:15
500108164,15,8,7,2024-12-19 11:09:15
500109100,15,8,7,2024-12-19 12:31:15
500113048,15,6,7,2024-12-19 11:26:15
500113080,15,8,7,2024-12-19 11:39:15
500101103,15,7,8,2024-12-19 12:51:15
500101213,15,7,8,2024-12-19 11:17:15
500103003,15,7,8,2024-12-19 12:22:16
500105082,15,6,8,2024-12-19 12:28:15
500106028,15,7,8,2024-12-19 09:07:15
500107033,15,7,8,2024-12-19 09:09:15
500108031,15,7,8,2024-12-19 12:17:16
500108139,15,5,8,2024-12-19 12:07:15
500109030,15,7,8,2024-12-19 11:37:15
500109030,15,7,8,2024-12-19 10:50:15
500109082,15,7,8,2024-12-19 09:07:15
500109100,15,7,8,2024-12-19 10:48:15
500111077,15,7,8,2024-12-19 12:49:15
500111077,15,7,8,2024-12-19 10:07:15
500113050,15,7,8,2024-12-19 10:24:15
500113062,15,6,8,2024-12-19 10:03:15
500113080,15,7,8,2024-12-19 11:26:15
500101177,15,6,9,2024-12-19 12:16:15
500101224,15,6,9,2024-12-19 09:21:15
500101229,15,5,9,2024-12-19 11:15:16
500104101,15,6,9,2024-12-19 10:36:14
500105039,15,6,9,2024-12-19 09:13:15
500106013,15,6,9,2024-12-19 10:49:16
500107033,15,6,9,2024-12-19 12:20:16
500107047,15,5,9,2024-12-19 11:55:17
500107134,15,5,9,2024-12-19 12:30:16
500107139,15,6,9,2024-12-19 10:03:15
500108031,15,6,9,2024-12-19 11:52:15
500109016,15,6,9,2024-12-19 08:59:15
500109104,15,6,9,2024-12-19 09:23:15
500110083,15,6,9,2024-12-19 09:03:14
500113062,15,6,9,2024-12-19 12:05:16
500113080,15,6,9,2024-12-19 12:07:15
500101029,15,4,10,2024-12-19 10:37:16
500101149,15,5,10,2024-12-19 12:45:16
500101208,15,5,10,2024-12-19 10:16:15
500106108,15,4,10,2024-12-19 09:46:15
500107052,15,4,10,2024-12-19 13:06:15
500107104,15,5,10,2024-12-19 11:09:15
500107106,15,5,10,2024-12-19 10:34:15
500107121,15,4,10,2024-12-19 11:45:15
500107139,15,5,10,2024-12-19 09:53:15
500109059,15,5,10,2024-12-19 09:18:15
500110043,15,5,10,2024-12-19 09:37:15
500112094,15,4,10,2024-12-19 12:08:15
500113050,15,5,10,2024-12-19 11:40:17
500113077,15,5,10,2024-12-19 09:39:14
500101229,15,4,11,2024-12-19 12:16:15
500104013,15,4,11,2024-12-19 08:56:16
500104121,15,2,11,2024-12-19 10:48:15
500104128,15,4,11,2024-12-19 10:18:15
500106008,15,4,11,2024-12-19 09:16:15
500106108,15,3,11,2024-12-19 09:33:15
500106109,15,4,11,2024-12-19 12:37:15
500107145,15,4,11,2024-12-19 11:40:17
500107154,15,4,11,2024-12-19 12:59:15
500108085,15,3,11,2024-12-19 12:21:15
500110070,15,4,11,2024-12-19 11:06:15
500110083,15,4,11,2024-12-19 12:10:16
500112094,15,3,11,2024-12-19 10:58:16
500113047,15,4,11,2024-12-19 12:09:16
500113050,15,4,11,2024-12-19 12:17:16
500101117,15,3,12,2024-12-19 10:57:15
500104002,15,3,12,2024-12-19 09:22:15
500104059,15,3,12,2024-12-19 12:08:15
500104121,15,1,12,2024-12-19 09:56:16
500104125,15,3,12,2024-12-19 11:37:15
500104128,15,3,12,2024-12-19 11:22:16
500106013,15,3,12,2024-12-19 10:32:15
500106108,15,2,12,2024-12-19 11:31:15
500106124,15,3,12,2024-12-19 10:09:16
500107039,15,3,12,2024-12-19 10:16:15
500107106,15,3,12,2024-12-19 11:01:16
500107125,15,3,12,2024-12-19 12:39:15
500108085,15,2,12,2024-12-19 12:13:16
500109104,15,3,12,2024-12-19 11:25:15
500110070,15,3,12,2024-12-19 11:23:14
500110088,15,3,12,2024-12-19 10:27:15
500111006,15,3,12,2024-12-19 09:25:16
500111084,15,3,12,2024-12-19 11:28:16
500112094,15,2,12,2024-12-19 12:12:15
500113047,15,3,12,2024-12-19 12:03:15
500101130,15,2,13,2024-12-19 10:57:15
500101155,15,2,13,2024-12-19 09:26:15
500101163,15,2,13,2024-12-19 12:38:15
500101184,15,2,13,2024-12-19 09:22:15
500101184,15,2,13,2024-12-19 11:08:15
500101208,15,2,13,2024-12-19 12:47:15
500101224,15,2,13,2024-12-19 09:55:17
500103003,15,1,13,2024-12-19 08:57:15
500104059,15,2,13,2024-12-19 11:36:15
500104106,15,1,13,2024-12-19 10:34:15
500104125,15,2,13,2024-12-19 11:40:17
500104125,15,2,13,2024-12-19 11:25:15
500104128,15,2,13,2024-12-19 11:57:16
500105066,15,2,13,2024-12-19 09:47:14
500106013,15,2,13,2024-12-19 11:58:16
500107039,15,2,13,2024-12-19 11:03:15
500107139,15,2,13,2024-12-19 10:40:16
500107154,15,2,13,2024-12-19 12:21:15
500108142,15,2,13,2024-12-19 09:35:16
500110081,15,2,13,2024-12-19 13:01:17
500111006,15,2,13,2024-12-19 10:14:15
500111006,15,2,13,2024-12-19 10:50:15
500112019,15,2,13,2024-12-19 11:58:16
500112094,15,1,13,2024-12-19 09:08:15
500113054,15,2,13,2024-12-19 10:39:16
500101103,15,1,14,2024-12-19 10:29:15
500101155,15,1,14,2024-12-19 10:56:15
500101208,15,1,14,2024-12-19 11:38:15
500104059,15,1,14,2024-12-19 09:56:15
500104059,15,1,14,2024-12-19 10:38:15
500104125,15,1,14,2024-12-19 10:19:16
500104128,15,1,14,2024-12-19 11:35:17
500105066,15,1,14,2024-12-19 12:38:15
500106109,15,1,14,2024-12-19 10:02:14
500107106,15,1,14,2024-12-19 12:28:15
500107121,15,0,14,2024-12-19 09:49:15
500108023,15,0,14,2024-12-19 08:55:16
500108031,15,1,14,2024-12-19 10:20:16
500110081,15,1,14,2024-12-19 09:53:15
500111084,15,1,14,2024-12-19 09:05:16
500111084,15,1,14,2024-12-19 11:45:15
500112019,15,1,14,2024-12-19 12:21:16
500112090,15,1,14,2024-12-19 11:40:18
500101155,15,0,15,2024-12-19 12:48:16
500103065,15,0,15,2024-12-19 11:47:16
500103065,15,0,15,2024-12-19 10:56:14
500104128,15,0,15,2024-12-19 10:34:15
500106109,15,0,15,2024-12-19 09:24:15
500106109,15,0,15,2024-12-19 11:25:16
500107068,15,0,15,2024-12-19 09:07:16
500107106,15,0,15,2024-12-19 12:56:16
500108170,15,0,15,2024-12-19 09:13:15
500109073,15,0,15,2024-12-19 10:38:15
500110081,15,0,15,2024-12-19 09:03:15
500112090,15,0,15,2024-12-19 12:14:16
500113054,15,0,15,2024-12-19 08:57:16
500101239,15,13,2,2024-12-19 04:17:15
500101229,15,15,0,2024-12-19 19:35:18
500101239,15,15,0,2024-12-19 20:20:19
500107156,15,15,0,2024-12-19 19:16:15
500108023,15,15,0,2024-12-19 17:35:16
500108031,15,15,0,2024-12-19 18:08:16
500101229,15,14,1,2024-12-19 19:06:16
500104071,15,14,1,2024-12-19 18:18:15
500106100,15,14,1,2024-12-19 18:56:15
500107106,15,14,1,2024-12-19 20:09:15
500107139,15,14,1,2024-12-19 18:30:17
500107139,15,14,1,2024-12-19 18:58:16
500108012,15,14,1,2024-12-19 20:31:19
500109030,15,14,1,2024-12-19 18:24:15
500111006,15,14,1,2024-12-19 18:58:16
500112094,15,14,1,2024-12-19 17:57:16
500101130,15,13,2,2024-12-19 19:47:15
500101177,15,13,2,2024-12-19 19:49:15
500101184,15,13,2,2024-12-19 19:27:15
500101224,15,13,2,2024-12-19 20:06:15
500101229,15,13,2,2024-12-19 21:19:16
500104059,15,13,2,2024-12-19 18:54:15
500104131,15,13,2,2024-12-19 18:26:16
500107030,15,12,2,2024-12-19 17:59:14
500107033,15,13,2,2024-12-19 18:08:16
500108023,15,13,2,2024-12-19 20:09:15
500110070,15,13,2,2024-12-19 17:59:15
500113047,15,13,2,2024-12-19 21:09:16
500101145,15,12,3,2024-12-19 21:09:16
500101145,15,12,3,2024-12-19 18:55:17
500103065,15,11,3,2024-12-19 20:34:14
500106108,15,11,3,2024-12-19 21:09:15
500107030,15,11,3,2024-12-19 18:10:17
500108059,15,12,3,2024-12-19 20:57:16
500109062,15,12,3,2024-12-19 19:35:16
500112094,15,12,3,2024-12-19 20:08:15
500113048,15,10,3,2024-12-19 21:19:16
500101163,15,11,4,2024-12-19 19:25:15
500101184,15,11,4,2024-12-19 17:27:16
500104059,15,11,4,2024-12-19 18:18:15
500105075,15,11,4,2024-12-19 20:12:15
500106100,15,11,4,2024-12-19 18:34:15
500106124,15,11,4,2024-12-19 20:12:15
500107135,15,11,4,2024-12-19 19:27:15
500107146,15,10,4,2024-12-19 18:07:15
500108031,15,11,4,2024-12-19 20:13:15
500108123,15,11,4,2024-12-19 19:22:16
500109016,15,11,4,2024-12-19 20:01:15
500110083,15,11,4,2024-12-19 19:38:15
500111087,15,11,4,2024-12-19 18:20:17
500112106,15,11,4,2024-12-19 20:44:15
500113048,15,9,4,2024-12-19 20:47:14
500113050,15,11,4,2024-12-19 19:38:15
500104071,15,10,5,2024-12-19 17:48:14
500105079,15,10,5,2024-12-19 21:01:15
500105082,15,10,5,2024-12-19 19:20:17
500105096,15,10,5,2024-12-19 19:36:15
500105096,15,10,5,2024-12-19 20:56:15
500106074,15,9,5,2024-12-19 21:11:14
500106109,15,10,5,2024-12-19 18:55:17
500107033,15,10,5,2024-12-19 19:45:16
500107054,15,10,5,2024-12-19 19:34:15
500107054,15,10,5,2024-12-19 19:47:15
500107068,15,10,5,2024-12-19 17:59:15
500107081,15,10,5,2024-12-19 17:30:16
500107139,15,10,5,2024-12-19 17:26:15
500108031,15,10,5,2024-12-19 17:22:16
500108143,15,10,5,2024-12-19 18:17:15
500109060,15,9,5,2024-12-19 18:40:17
500110043,15,10,5,2024-12-19 21:20:16
500110043,15,10,5,2024-12-19 18:29:16
500110081,15,10,5,2024-12-19 18:37:15
500111087,15,10,5,2024-12-19 18:35:16
500112106,15,10,5,2024-12-19 20:23:15
500101177,15,9,6,2024-12-19 21:07:16
500104080,15,9,6,2024-12-19 17:44:15
500106074,15,8,6,2024-12-19 20:11:16
500107068,15,9,6,2024-12-19 20:57:16
500107119,15,5,6,2024-12-19 18:10:17
500108023,15,9,6,2024-12-19 18:47:16
500108123,15,9,6,2024-12-19 17:27:16
500110027,15,7,6,2024-12-19 21:10:16
500110081,15,9,6,2024-12-19 18:27:15
500111084,15,9,6,2024-12-19 18:50:16
500113075,15,9,6,2024-12-19 18:21:16
500101145,15,8,7,2024-12-19 20:24:15
500103062,15,8,7,2024-12-19 18:08:16
500104096,15,8,7,2024-12-19 18:25:17
500104117,15,8,7,2024-12-19 19:44:15
500104121,15,8,7,2024-12-19 20:58:14
500104122,15,8,7,2024-12-19 17:27:16
500105076,15,8,7,2024-12-19 17:55:17
500107039,15,8,7,2024-12-19 17:02:15
500107068,15,8,7,2024-12-19 20:30:17
500107074,15,8,7,2024-12-19 18:29:16
500107125,15,8,7,2024-12-19 17:36:15
500107135,15,8,7,2024-12-19 20:03:15
500107135,15,8,7,2024-12-19 18:10:17
500107145,15,8,7,2024-12-19 20:19:15
500108031,15,8,7,2024-12-19 20:20:16
500108085,15,8,7,2024-12-19 17:37:16
500108119,15,8,7,2024-12-19 19:37:16
500108185,15,8,7,2024-12-19 18:14:15
500111018,15,8,7,2024-12-19 16:57:15
500111077,15,8,7,2024-12-19 17:53:15
500113047,15,8,7,2024-12-19 18:38:16
500113086,15,8,7,2024-12-19 19:58:15
500101042,15,7,8,2024-12-19 21:09:15
500101117,15,7,8,2024-12-19 17:34:15
500101117,15,7,8,2024-12-19 18:58:16
500101163,15,7,8,2024-12-19 17:48:15
500101239,15,7,8,2024-12-19 18:13:16
500104059,15,6,8,2024-12-19 20:30:17
500104111,15,3,8,2024-12-19 21:05:16
500104121,15,7,8,2024-12-19 17:38:16
500104128,15,4,8,2024-12-19 18:34:15
500105039,15,7,8,2024-12-19 20:06:15
500107002,15,7,8,2024-12-19 17:19:15
500107002,15,7,8,2024-12-19 20:59:15
500107135,15,7,8,2024-12-19 20:28:15
500107146,15,6,8,2024-12-19 20:20:16
500107154,15,7,8,2024-12-19 18:25:17
500108085,15,7,8,2024-12-19 16:58:15
500108119,15,7,8,2024-12-19 19:49:15
500110081,15,7,8,2024-12-19 18:17:15
500111084,15,7,8,2024-12-19 17:39:15
500113047,15,7,8,2024-12-19 18:40:17
500113075,15,7,8,2024-12-19 18:05:15
500113086,15,7,8,2024-12-19 20:58:15
500101145,15,6,9,2024-12-19 20:04:15
500101145,15,6,9,2024-12-19 18:03:15
500101149,15,6,9,2024-12-19 19:08:15
500101155,15,6,9,2024-12-19 19:29:15
500103065,15,5,9,2024-12-19 21:08:15
500104002,15,6,9,2024-12-19 19:00:18
500104071,15,6,9,2024-12-19 21:08:15
500104128,15,3,9,2024-12-19 18:44:16
500105082,15,6,9,2024-12-19 18:29:15
500105083,15,6,9,2024-12-19 20:26:16
500106124,15,6,9,2024-12-19 18:38:15
500106128,15,4,9,2024-12-19 20:29:15
500107067,15,6,9,2024-12-19 19:23:15
500107121,15,5,9,2024-12-19 21:08:15
500107127,15,6,9,2024-12-19 18:05:15
500107145,15,6,9,2024-12-19 19:01:15
500107146,15,5,9,2024-12-19 21:15:16
500107156,15,5,9,2024-12-19 19:31:15
500108077,15,6,9,2024-12-19 17:56:16
500108185,15,6,9,2024-12-19 17:56:16
500110043,15,6,9,2024-12-19 17:38:16
500110043,15,6,9,2024-12-19 17:47:16
500113037,15,6,9,2024-12-19 17:30:16
500113074,15,6,9,2024-12-19 20:00:17
500113080,15,6,9,2024-12-19 17:15:17
500113080,15,4,9,2024-12-19 19:37:16
500101117,15,5,10,2024-12-19 18:47:16
500101184,15,5,10,2024-12-19 20:45:16
500103069,15,5,10,2024-12-19 17:39:15
500103069,15,5,10,2024-12-19 20:48:15
500104096,15,5,10,2024-12-19 19:23:15
500104106,15,4,10,2024-12-19 17:25:16
500104106,15,4,10,2024-12-19 18:17:15
500104111,15,5,10,2024-12-19 17:45:16
500104111,15,5,10,2024-12-19 18:56:15
500105083,15,5,10,2024-12-19 19:30:17
500106087,15,4,10,2024-12-19 21:04:15
500107039,15,5,10,2024-12-19 20:49:15
500107125,15,5,10,2024-12-19 20:01:15
500107145,15,5,10,2024-12-19 18:03:15
500107145,15,5,10,2024-12-19 18:52:15
500107154,15,5,10,2024-12-19 18:46:15
500111073,15,3,10,2024-12-19 19:07:15
500111078,15,5,10,2024-12-19 20:45:16
500112090,15,5,10,2024-12-19 19:07:15
500101103,15,4,11,2024-12-19 17:38:16
500103065,15,3,11,2024-12-19 18:18:15
500104059,15,3,11,2024-12-19 19:51:16
500104059,15,3,11,2024-12-19 20:06:15
500104125,15,4,11,2024-12-19 17:20:17
500105083,15,4,11,2024-12-19 19:19:15
500106087,15,3,11,2024-12-19 20:04:16
500106087,15,3,11,2024-12-19 19:33:15
500106129,15,4,11,2024-12-19 19:21:15
500107039,15,4,11,2024-12-19 18:44:16
500107125,15,4,11,2024-12-19 19:39:16
500108119,15,4,11,2024-12-19 17:52:14
500108142,15,4,11,2024-12-19 19:05:16
500101130,15,3,12,2024-12-19 18:08:15
500101155,15,3,12,2024-12-19 19:19:15
500101208,15,3,12,2024-12-19 20:56:15
500104049,15,3,12,2024-12-19 20:23:16
500104101,15,3,12,2024-12-19 18:50:16
500105071,15,3,12,2024-12-19 17:48:15
500106028,15,3,12,2024-12-19 18:54:14
500106128,15,3,12,2024-12-19 18:03:14
500107127,15,3,12,2024-12-19 19:44:15
500107146,15,2,12,2024-12-19 19:27:15
500108170,15,3,12,2024-12-19 19:28:15
500108170,15,3,12,2024-12-19 18:09:16
500110081,15,3,12,2024-12-19 17:24:16
500112019,15,3,12,2024-12-19 17:56:16
500112019,15,3,12,2024-12-19 19:06:16
500101197,15,2,13,2024-12-19 18:03:15
500101213,15,2,13,2024-12-19 20:25:15
500101213,15,2,13,2024-12-19 18:48:15
500106015,15,1,13,2024-12-19 21:17:15
500106087,15,1,13,2024-12-19 18:44:16
500107067,15,2,13,2024-12-19 17:21:15
500107127,15,2,13,2024-12-19 19:14:16
500108085,15,2,13,2024-12-19 20:23:15
500112019,15,2,13,2024-12-19 17:26:15
500112019,15,2,13,2024-12-19 18:18:16
500113050,15,2,13,2024-12-19 17:38:16
500113074,15,2,13,2024-12-19 17:43:16
500101149,15,1,14,2024-12-19 17:59:16
500101232,15,1,14,2024-12-19 20:24:15
500101232,15,1,14,2024-12-19 19:05:16
500105066,15,1,14,2024-12-19 17:56:16
500105066,15,1,14,2024-12-19 18:05:16
500105066,15,1,14,2024-12-19 18:58:16
500105071,15,1,14,2024-12-19 19:59:17
500106028,15,1,14,2024-12-19 17:38:16
500106129,15,1,14,2024-12-19 19:37:16
500107104,15,1,14,2024-12-19 20:25:15
500108015,15,1,14,2024-12-19 18:28:16
500109059,15,1,14,2024-12-19 17:28:15
500110082,15,1,14,2024-12-19 19:06:16
500110088,15,1,14,2024-12-19 17:28:15
500111006,15,1,14,2024-12-19 20:29:16
500112090,15,1,14,2024-12-19 17:48:15
500112090,15,1,14,2024-12-19 19:45:15
500105066,15,0,15,2024-12-19 17:28:15
500107106,15,0,15,2024-12-19 17:59:15
500107106,15,0,15,2024-12-19 18:54:16
500108075,15,0,15,2024-12-19 20:27:15
500110088,15,0,15,2024-12-19 18:07:16
500112019,15,0,15,2024-12-19 17:33:16
500101208,15,15,0,2024-12-19 17:17:16
500104128,15,15,0,2024-12-19 17:15:17
500101145,15,14,1,2024-12-19 15:08:15
500109098,15,14,1,2024-12-19 17:18:16
500111087,15,14,1,2024-12-19 17:04:15
500101029,15,13,2,2024-12-19 16:20:17
500107068,15,13,2,2024-12-19 17:17:16
500113048,15,11,2,2024-12-19 16:10:16
500101208,15,12,3,2024-12-19 16:57:16
500106100,15,12,3,2024-12-19 13:14:15
500101232,15,11,4,2024-12-19 16:02:15
500107039,15,11,4,2024-12-19 13:14:15
500107047,15,10,4,2024-12-19 15:29:15
500108015,15,11,4,2024-12-19 16:23:15
500110043,15,11,4,2024-12-19 15:47:15
500110043,15,11,4,2024-12-19 16:00:17
500111073,15,11,4,2024-12-19 15:52:15
500111086,15,11,4,2024-12-19 14:46:15
500101184,15,10,5,2024-12-19 14:29:15
500104080,15,10,5,2024-12-19 15:35:16
500105075,15,10,5,2024-12-19 16:59:15
500105079,15,10,5,2024-12-19 16:24:15
500106087,15,9,5,2024-12-19 13:27:15
500106087,15,9,5,2024-12-19 13:52:15
500106124,15,10,5,2024-12-19 15:25:15
500107033,15,10,5,2024-12-19 17:04:15
500110043,15,10,5,2024-12-19 15:56:15
500110043,15,10,5,2024-12-19 16:23:15
500110043,15,10,5,2024-12-19 15:38:15
500111073,15,10,5,2024-12-19 13:27:15
500111073,15,10,5,2024-12-19 17:18:16
500101029,15,8,6,2024-12-19 13:55:16
500101213,15,9,6,2024-12-19 14:15:16
500101229,15,9,6,2024-12-19 16:08:16
500104101,15,9,6,2024-12-19 13:48:16
500106124,15,9,6,2024-12-19 15:37:15
500107119,15,4,6,2024-12-19 13:37:15
500108170,15,9,6,2024-12-19 16:42:15
500109073,15,9,6,2024-12-19 13:45:15
500101130,15,8,7,2024-12-19 15:32:14
500101184,15,8,7,2024-12-19 17:18:16
500101229,15,8,7,2024-12-19 13:41:15
500103065,15,7,7,2024-12-19 17:18:16
500106074,15,7,7,2024-12-19 17:08:16
500106087,15,7,7,2024-12-19 14:25:16
500107139,15,8,7,2024-12-19 14:08:15
500107139,15,8,7,2024-12-19 15:14:15
500107154,15,8,7,2024-12-19 16:05:16
500101197,15,7,8,2024-12-19 13:11:15
500103065,15,6,8,2024-12-19 16:25:16
500104071,15,7,8,2024-12-19 17:18:16
500105071,15,7,8,2024-12-19 16:58:15
500105071,15,7,8,2024-12-19 15:32:14
500106015,15,6,8,2024-12-19 15:13:16
500106074,15,6,8,2024-12-19 16:28:15
500106087,15,6,8,2024-12-19 15:57:15
500107068,15,7,8,2024-12-19 14:22:15
500107134,15,6,8,2024-12-19 16:12:15
500108019,15,6,8,2024-12-19 16:27:16
500109060,15,6,8,2024-12-19 16:24:15
500109073,15,7,8,2024-12-19 13:28:16
500110088,15,7,8,2024-12-19 13:15:15
500101149,15,6,9,2024-12-19 13:37:15
500101224,15,6,9,2024-12-19 17:04:15
500101229,15,6,9,2024-12-19 13:18:15
500103062,15,6,9,2024-12-19 15:07:15
500103065,15,5,9,2024-12-19 16:35:15
500104121,15,6,9,2024-12-19 16:57:16
500104128,15,6,9,2024-12-19 15:42:15
500105071,15,6,9,2024-12-19 16:18:16
500105082,15,6,9,2024-12-19 17:13:15
500106015,15,5,9,2024-12-19 14:54:15
500106087,15,5,9,2024-12-19 15:35:16
500106087,15,5,9,2024-12-19 16:07:15
500107106,15,6,9,2024-12-19 13:34:16
500107127,15,6,9,2024-12-19 16:45:17
500109082,15,6,9,2024-12-19 16:27:16
500110027,15,5,9,2024-12-19 17:17:16
500110081,15,6,9,2024-12-19 16:00:17
500111018,15,6,9,2024-12-19 14:57:15
500112019,15,6,9,2024-12-19 13:19:15
500113050,15,6,9,2024-12-19 13:26:16
500101163,15,5,10,2024-12-19 16:48:16
500103069,15,5,10,2024-12-19 15:42:15
500104106,15,4,10,2024-12-19 17:12:16
500105076,15,5,10,2024-12-19 14:34:15
500106027,15,5,10,2024-12-19 14:32:14
500106074,15,4,10,2024-12-19 16:15:16
500106074,15,4,10,2024-12-19 15:22:15
500107039,15,5,10,2024-12-19 15:37:15
500107052,15,4,10,2024-12-19 13:47:15
500109089,15,4,10,2024-12-19 16:09:14
500110081,15,5,10,2024-12-19 15:09:15
500112090,15,5,10,2024-12-19 16:33:14
500112094,15,5,10,2024-12-19 16:15:16
500101042,15,4,11,2024-12-19 15:54:15
500101177,15,4,11,2024-12-19 16:52:15
500101213,15,4,11,2024-12-19 16:47:15
500104013,15,4,11,2024-12-19 13:20:17
500104111,15,4,11,2024-12-19 16:05:16
500104121,15,4,11,2024-12-19 15:44:15
500104125,15,4,11,2024-12-19 15:06:15
500105071,15,4,11,2024-12-19 17:14:16
500105076,15,4,11,2024-12-19 16:15:16
500106027,15,4,11,2024-12-19 14:08:15
500107052,15,3,11,2024-12-19 16:08:15
500108015,15,4,11,2024-12-19 17:08:16
500109059,15,4,11,2024-12-19 13:55:16
500109060,15,3,11,2024-12-19 13:15:15
500111084,15,4,11,2024-12-19 17:07:15
500101103,15,3,12,2024-12-19 16:05:16
500101155,15,3,12,2024-12-19 15:47:14
500101163,15,3,12,2024-12-19 16:29:15
500104101,15,3,12,2024-12-19 16:12:15
500107052,15,2,12,2024-12-19 16:46:15
500107135,15,3,12,2024-12-19 13:35:15
500108172,15,3,12,2024-12-19 16:14:15
500108172,15,3,12,2024-12-19 16:28:15
500109016,15,3,12,2024-12-19 16:42:15
500109059,15,3,12,2024-12-19 15:17:15
500109097,15,3,12,2024-12-19 16:52:14
500110082,15,3,12,2024-12-19 15:09:15
500101042,15,2,13,2024-12-19 16:17:15
500101042,15,2,13,2024-12-19 16:58:15
500101163,15,2,13,2024-12-19 16:25:18
500104059,15,2,13,2024-12-19 14:17:15
500104096,15,2,13,2024-12-19 14:42:15
500105039,15,2,13,2024-12-19 14:04:14
500105066,15,2,13,2024-12-19 15:34:16
500106013,15,2,13,2024-12-19 15:45:16
500106015,15,1,13,2024-12-19 17:03:16
500107125,15,2,13,2024-12-19 14:10:17
500110081,15,2,13,2024-12-19 13:32:15
500112019,15,2,13,2024-12-19 15:37:15
500113050,15,2,13,2024-12-19 16:56:15
500113077,15,2,13,2024-12-19 15:54:14
500101155,15,1,14,2024-12-19 14:18:15
500106128,15,1,14,2024-12-19 15:39:15
500112019,15,1,14,2024-12-19 17:08:16
500101213,15,0,15,2024-12-19 17:11:17
500101224,15,0,15,2024-12-19 14:54:15
500101239,15,0,15,2024-12-19 13:34:15
500106013,15,0,15,2024-12-19 15:07:15
500106128,15,0,15,2024-12-19 16:38:16
500112019,15,0,15,2024-12-19 14:58:15
500105071,15,1,14,2024-12-19 02:57:14
500101197,15,1,14,2024-12-19 21:42:15
500101155,15,8,7,2024-12-19 21:48:15
500112106,15,13,2,2024-12-19 21:44:15
500107139,15,15,0,2024-12-19 05:27:15
500108031,15,15,0,2024-12-19 07:17:14
500110088,15,14,1,2024-12-19 08:55:16
500110088,15,13,1,2024-12-19 07:17:14
500112094,15,13,1,2024-12-19 07:36:15
500113037,15,14,1,2024-12-19 05:06:15
500101184,15,13,2,2024-12-19 07:48:15
500104128,15,10,2,2024-12-19 05:28:15
500106013,15,13,2,2024-12-19 06:51:15
500106028,15,13,2,2024-12-19 07:17:14
500106028,15,13,2,2024-12-19 07:34:15
500107139,15,13,2,2024-12-19 08:07:15
500108015,15,13,2,2024-12-19 08:27:16
500108031,15,13,2,2024-12-19 07:26:15
500108164,15,13,2,2024-12-19 08:39:15
500110074,15,12,2,2024-12-19 08:46:15
500111006,15,13,2,2024-12-19 06:53:15
500101042,15,11,3,2024-12-19 07:56:15
500101184,15,12,3,2024-12-19 07:27:15
500104117,15,11,3,2024-12-19 08:26:14
500104125,15,12,3,2024-12-19 06:42:14
500104130,15,11,3,2024-12-19 06:50:16
500106013,15,12,3,2024-12-19 06:30:17
500106013,15,12,3,2024-12-19 06:40:16
500106074,15,11,3,2024-12-19 04:59:14
500107106,15,12,3,2024-12-19 05:03:15
500108023,15,11,3,2024-12-19 05:17:15
500110088,15,12,3,2024-12-19 08:37:15
500111018,15,12,3,2024-12-19 06:26:15
500103062,15,11,4,2024-12-19 06:10:16
500104128,15,11,4,2024-12-19 07:25:15
500106015,15,10,4,2024-12-19 06:54:16
500107002,15,11,4,2024-12-19 08:17:15
500107106,15,11,4,2024-12-19 05:50:15
500108164,15,11,4,2024-12-19 08:27:16
500109059,15,11,4,2024-12-19 06:54:15
500109060,15,10,4,2024-12-19 05:16:14
500109080,15,11,4,2024-12-19 08:21:16
500110027,15,10,4,2024-12-19 07:23:15
500113075,15,11,4,2024-12-19 06:35:15
500101177,15,10,5,2024-12-19 06:43:15
500101239,15,10,5,2024-12-19 07:45:16
500103065,15,10,5,2024-12-19 06:25:15
500106124,15,10,5,2024-12-19 07:23:15
500107106,15,10,5,2024-12-19 06:27:15
500108015,15,10,5,2024-12-19 07:45:16
500108031,15,10,5,2024-12-19 06:03:15
500108139,15,8,5,2024-12-19 07:20:16
500108164,15,10,5,2024-12-19 08:07:15
500108170,15,10,5,2024-12-19 07:47:15
500110027,15,9,5,2024-12-19 07:15:17
500110074,15,9,5,2024-12-19 07:47:15
500111086,15,9,5,2024-12-19 07:46:15
500111087,15,9,5,2024-12-19 06:46:15
500101130,15,9,6,2024-12-19 07:33:15
500103003,15,8,6,2024-12-19 07:08:15
500103062,15,9,6,2024-12-19 08:15:16
500105082,15,8,6,2024-12-19 04:46:15
500106013,15,9,6,2024-12-19 07:15:17
500106027,15,8,6,2024-12-19 07:56:15
500106028,15,9,6,2024-12-19 08:29:15
500107002,15,9,6,2024-12-19 07:46:15
500107134,15,8,6,2024-12-19 07:01:15
500108031,15,9,6,2024-12-19 06:25:15
500109018,15,9,6,2024-12-19 06:48:15
500113037,15,9,6,2024-12-19 08:47:15
500113086,15,9,6,2024-12-19 08:38:15
500101029,15,8,7,2024-12-19 08:03:15
500101103,15,8,7,2024-12-19 08:15:15
500104053,15,7,7,2024-12-19 07:12:15
500106027,15,7,7,2024-12-19 08:01:15
500106028,15,5,7,2024-12-19 06:22:14
500106108,15,8,7,2024-12-19 07:43:15
500107047,15,7,7,2024-12-19 06:53:15
500107047,15,7,7,2024-12-19 06:24:15
500107054,15,7,7,2024-12-19 08:57:15
500107081,15,8,7,2024-12-19 07:56:15
500107106,15,8,7,2024-12-19 06:42:15
500107134,15,7,7,2024-12-19 07:25:15
500108015,15,8,7,2024-12-19 07:57:16
500108023,15,7,7,2024-12-19 07:45:16
500109060,15,7,7,2024-12-19 06:16:15
500109098,15,8,7,2024-12-19 06:55:16
500113050,15,8,7,2024-12-19 08:48:14
500101197,15,7,8,2024-12-19 06:40:16
500101232,15,7,8,2024-12-19 05:03:15
500104125,15,7,8,2024-12-19 07:26:15
500106109,15,7,8,2024-12-19 07:56:15
500107081,15,7,8,2024-12-19 07:37:15
500107104,15,7,8,2024-12-19 07:10:16
500107106,15,7,8,2024-12-19 08:56:16
500109062,15,7,8,2024-12-19 07:09:15
500109098,15,7,8,2024-12-19 07:33:15
500110027,15,6,8,2024-12-19 07:58:15
500111084,15,7,8,2024-12-19 06:27:15
500113062,15,6,8,2024-12-19 08:55:16
500113062,15,6,8,2024-12-19 07:46:15
500101149,15,6,9,2024-12-19 08:35:16
500104106,15,5,9,2024-12-19 07:27:15
500104125,15,6,9,2024-12-19 07:44:15
500105083,15,6,9,2024-12-19 05:58:15
500108050,15,6,9,2024-12-19 06:20:15
500108077,15,6,9,2024-12-19 07:25:15
500108085,15,5,9,2024-12-19 08:47:15
500109082,15,6,9,2024-12-19 07:25:15
500113048,15,4,9,2024-12-19 05:57:15
500101130,15,5,10,2024-12-19 08:53:15
500101149,15,5,10,2024-12-19 08:45:16
500104071,15,5,10,2024-12-19 06:36:14
500104106,15,4,10,2024-12-19 07:44:14
500104111,15,5,10,2024-12-19 07:46:15
500104121,15,3,10,2024-12-19 07:57:16
500105071,15,5,10,2024-12-19 06:54:16
500106108,15,4,10,2024-12-19 08:03:15
500107074,15,5,10,2024-12-19 06:07:15
500107081,15,5,10,2024-12-19 06:30:17
500107104,15,5,10,2024-12-19 06:47:15
500107154,15,5,10,2024-12-19 04:54:15
500108012,15,5,10,2024-12-19 07:17:14
500108015,15,5,10,2024-12-19 07:33:15
500108119,15,5,10,2024-12-19 08:16:15
500108123,15,5,10,2024-12-19 08:27:16
500108172,15,5,10,2024-12-19 08:42:15
500109073,15,5,10,2024-12-19 06:32:15
500109098,15,5,10,2024-12-19 08:39:15
500109104,15,5,10,2024-12-19 07:43:15
500110074,15,4,10,2024-12-19 05:38:14
500110081,15,5,10,2024-12-19 07:56:15
500110088,15,4,10,2024-12-19 08:16:15
500110088,15,4,10,2024-12-19 06:25:15
500101117,15,4,11,2024-12-19 08:03:15
500101149,15,4,11,2024-12-19 07:27:15
500101197,15,4,11,2024-12-19 07:47:15
500101229,15,3,11,2024-12-19 07:32:15
500105079,15,4,11,2024-12-19 05:55:16
500106028,15,1,11,2024-12-19 06:56:15
500106074,15,3,11,2024-12-19 07:22:15
500106108,15,3,11,2024-12-19 08:09:15
500106124,15,4,11,2024-12-19 08:47:15
500107033,15,4,11,2024-12-19 06:07:15
500107154,15,4,11,2024-12-19 08:37:15
500108015,15,4,11,2024-12-19 06:24:15
500109060,15,3,11,2024-12-19 07:51:15
500109082,15,4,11,2024-12-19 06:44:15
500110081,15,4,11,2024-12-19 08:15:16
500113062,15,3,11,2024-12-19 06:55:15
500113074,15,4,11,2024-12-19 07:42:15
500113074,15,4,11,2024-12-19 07:57:16
500101155,15,3,12,2024-12-19 07:57:16
500101229,15,2,12,2024-12-19 08:26:15
500103065,15,3,12,2024-12-19 08:25:16
500103069,15,3,12,2024-12-19 07:47:15
500104096,15,3,12,2024-12-19 08:34:15
500107047,15,2,12,2024-12-19 08:43:14
500107067,15,3,12,2024-12-19 08:25:16
500108023,15,2,12,2024-12-19 06:56:15
500110043,15,3,12,2024-12-19 06:28:15
500111078,15,3,12,2024-12-19 06:51:15
500113050,15,3,12,2024-12-19 05:18:15
500113075,15,3,12,2024-12-19 07:15:17
500101213,15,2,13,2024-12-19 07:45:16
500105066,15,2,13,2024-12-19 08:35:16
500105066,15,2,13,2024-12-19 08:01:14
500105066,15,2,13,2024-12-19 05:43:14
500106074,15,1,13,2024-12-19 08:13:15
500107080,15,2,13,2024-12-19 07:14:15
500107121,15,1,13,2024-12-19 07:35:16
500107135,15,2,13,2024-12-19 07:50:16
500108142,15,2,13,2024-12-19 07:05:15
500109030,15,2,13,2024-12-19 08:24:15
500111078,15,2,13,2024-12-19 06:23:15
500111084,15,2,13,2024-12-19 08:56:16
500113048,15,0,13,2024-12-19 08:38:15
500101155,15,1,14,2024-12-19 04:58:15
500101163,15,1,14,2024-12-19 07:36:15
500101163,15,1,14,2024-12-19 06:26:15
500101197,15,1,14,2024-12-19 08:54:18
500107067,15,1,14,2024-12-19 08:42:15
500107074,15,1,14,2024-12-19 08:30:20
500107135,15,1,14,2024-12-19 06:47:16
500112019,15,1,14,2024-12-19 08:25:16
500101117,15,0,15,2024-12-19 08:56:16
500101155,15,0,15,2024-12-19 06:47:16
500101177,15,0,15,2024-12-19 08:32:15
500103065,15,0,15,2024-12-19 07:45:16
500104071,15,0,15,2024-12-19 07:45:16
500107074,15,0,15,2024-12-19 07:46:15
500107106,15,0,15,2024-12-19 08:36:15
500105066,15,6,9,2024-12-19 03:55:15
500113048,15,7,6,2024-12-19 03:54:15
500103069,15,4,11,2024-12-19 00:06:15
500104013,15,8,7,2024-12-19 00:33:15
500104071,15,12,3,2024-12-19 00:01:14
500104128,15,5,7,2024-12-19 00:12:14
500105066,15,6,9,2024-12-19 00:13:15
500105082,15,8,6,2024-12-19 00:10:15
500107052,15,6,8,2024-12-19 00:22:15
500107054,15,13,0,2024-12-19 00:13:15
500110070,15,4,11,2024-12-19 00:06:15
500110074,15,2,13,2024-12-19 00:15:16
500111073,15,7,4,2024-12-19 00:03:15
500113037,15,14,1,2024-12-19 00:35:16
500111073,15,11,2,2024-12-19 23:43:14
500106124,15,15,0,2024-12-19 23:48:15
500104096,15,6,6,2024-12-19 00:32:15
500104106,15,10,4,2024-12-19 00:31:14
500107139,15,13,2,2024-12-19 00:31:14
500107145,15,13,2,2024-12-19 00:07:16
500111018,15,15,0,2024-12-19 00:41:15
500108164,15,6,9,2024-12-19 22:03:15
500104106,15,9,5,2024-12-19 23:44:15
500106028,15,12,3,2024-12-19 23:31:15
500101239,15,15,0,2024-12-19 22:56:15
500111077,15,7,8,2024-12-19 23:11:14
500111086,15,2,13,2024-12-19 23:34:14
500108023,15,6,9,2024-12-19 23:46:15
500111073,15,8,5,2024-12-19 23:54:16
500112106,15,9,6,2024-12-19 23:15:15
500105076,15,13,1,2024-12-19 23:23:14
500112019,15,1,14,2024-12-19 01:01:20
500101029,15,3,12,2024-12-19 00:03:15
500103069,15,3,12,2024-12-19 00:42:15
500105079,15,5,10,2024-12-19 01:00:17
500106100,15,6,9,2024-12-19 01:10:16
500107068,15,6,9,2024-12-19 00:13:15
500107052,15,7,7,2024-12-19 01:02:15
500106015,15,8,6,2024-12-19 00:44:15
500104101,15,9,5,2024-12-19 00:39:15
500111077,15,9,6,2024-12-19 01:16:15
500110027,15,11,3,2024-12-19 00:59:15
500106008,15,11,4,2024-12-19 00:57:15
500104106,15,12,2,2024-12-19 01:13:15
500101177,15,12,3,2024-12-19 01:06:15
500103062,15,12,3,2024-12-19 00:21:14
500104125,15,12,3,2024-12-19 00:02:15
500107134,15,13,2,2024-12-19 01:12:15
500113037,15,15,0,2024-12-19 00:52:15
500109060,15,5,9,2024-12-19 23:18:15
500107127,15,6,9,2024-12-19 22:35:15
500113050,15,9,6,2024-12-19 23:11:15
500101103,15,11,0,2024-12-19 23:18:15
500107030,15,12,2,2024-12-19 22:08:15
500104117,15,12,3,2024-12-19 22:08:15
500101149,15,15,0,2024-12-19 22:52:16
500104101,15,3,12,2024-12-19 21:51:15
500107119,15,6,5,2024-12-19 19:31:15
500107033,15,7,8,2024-12-19 22:37:15
500106128,15,13,0,2024-12-19 22:10:19
500110074,15,1,14,2024-12-19 21:38:15
500110043,15,3,12,2024-12-19 21:39:15
500111077,15,6,9,2024-12-19 20:43:15
500107125,15,7,8,2024-12-19 21:23:16
500107047,15,8,4,2024-12-19 21:33:15
500113080,15,8,5,2024-12-19 20:17:15
500107135,15,8,7,2024-12-19 21:34:15
500109098,15,8,7,2024-12-19 20:26:16
500113048,15,10,3,2024-12-19 21:31:15
500113075,15,10,3,2024-12-19 21:28:15
500104125,15,10,5,2024-12-19 21:36:15
500101130,15,11,4,2024-12-19 21:35:16
500113037,15,11,4,2024-12-19 20:35:15
500101145,15,12,3,2024-12-19 21:31:15
500113050,15,12,3,2024-12-19 21:36:15
500113047,15,14,1,2024-12-19 21:14:15
500105066,15,3,12,2024-12-19 02:23:15
500111087,15,6,8,2024-12-19 02:46:14
500101208,15,11,4,2024-12-19 01:34:15
500107047,15,13,1,2024-12-19 02:17:15
500107139,15,14,1,2024-12-19 02:58:14
500107134,15,15,0,2024-12-19 02:42:15
500107068,15,5,10,2024-12-19 04:13:15
500108031,15,10,5,2024-12-19 03:08:15
500104124,15,11,3,2024-12-19 03:24:15
500104106,15,12,2,2024-12-19 03:37:15
500107039,15,1,14,2024-12-19 22:06:15
500107068,15,2,13,2024-12-19 22:07:15
500110043,15,2,13,2024-12-19 22:05:16
500111077,15,4,11,2024-12-19 22:07:15
500106013,15,9,6,2024-12-19 22:08:15
500106109,15,10,5,2024-12-19 22:00:16
500108170,15,10,5,2024-12-19 22:04:15
500101229,15,11,4,2024-12-19 22:04:15
500107054,15,12,1,2024-12-19 22:08:15
500106074,15,12,2,2024-12-19 22:08:14
500107134,15,12,2,2024-12-19 21:59:15
500110043,15,2,13,2024-12-19 21:59:15
500113062,15,2,13,2024-12-19 21:44:15
500101177,15,7,8,2024-12-19 21:59:15
500101224,15,7,8,2024-12-19 21:47:15
500104111,15,9,2,2024-12-19 21:49:15
500106013,15,9,6,2024-12-19 21:52:15
500103065,15,10,4,2024-12-19 21:44:15
500107054,15,11,2,2024-12-19 21:58:15
500110043,15,1,14,2024-12-19 03:10:16
500104096,15,0,15,2024-12-19 23:59:15
500101155,15,1,14,2024-12-19 01:07:15
500109060,15,8,6,2024-12-19 00:24:14
500104106,15,11,3,2024-12-19 00:41:14
500101145,15,8,6,2024-12-19 01:43:15
500104124,15,9,4,2024-12-19 01:27:15
500101229,15,10,5,2024-12-19 01:40:15
500106124,15,10,5,2024-12-19 01:39:15
500113047,15,3,12,2024-12-19 02:07:15
500110074,15,0,15,2024-12-19 22:48:15
500108123,15,11,3,2024-12-19 22:47:14
500111086,15,10,4,2024-12-19 04:32:14
500101232,15,2,13,2024-12-19 23:08:15
500108023,15,7,8,2024-12-19 22:52:14
500111073,15,8,5,2024-12-19 23:00:17
500109016,15,14,1,2024-12-19 22:57:14
500107033,15,6,9,2024-12-19 22:17:15
500104071,15,8,7,2024-12-19 22:13:15
500107054,15,10,3,2024-12-19 22:13:15
500106074,15,11,3,2024-12-19 22:16:14
500111078,15,5,10,2024-12-19 04:41:15
500107033,15,7,8,2024-12-19 22:22:15
500105071,15,1,14,2024-12-19 22:55:17
500107047,15,9,3,2024-12-19 22:57:14
500113048,15,11,2,2024-12-19 22:54:15
500106013,15,12,3,2024-12-19 22:54:14
500108119,15,9,6,2024-12-19 01:55:16
500106015,15,1,13,2024-12-19 23:23:14
500110081,15,4,11,2024-12-19 23:26:15
500108023,15,5,10,2024-12-19 23:23:15
500111073,15,10,3,2024-12-19 23:28:15
500104071,15,13,2,2024-12-19 23:33:15
500106100,15,15,0,2024-12-19 10:04:16
500108015,15,15,0,2024-12-19 12:51:15
500111087,15,15,0,2024-12-19 11:42:16
500107054,15,13,1,2024-12-19 09:36:15
500107127,15,14,1,2024-12-19 11:16:16
500108015,15,14,1,2024-12-19 12:28:15
500101145,15,13,2,2024-12-19 13:05:16
500110043,15,13,2,2024-12-19 11:07:16
500107033,15,12,3,2024-12-19 09:07:15
500107039,15,12,3,2024-12-19 12:56:15
500110043,15,12,3,2024-12-19 13:04:16
500110043,15,12,3,2024-12-19 11:26:14
500111086,15,11,3,2024-12-19 09:27:15
500111087,15,12,3,2024-12-19 12:15:16
500103062,15,11,4,2024-12-19 10:01:16
500106100,15,11,4,2024-12-19 12:54:15
500107002,15,11,4,2024-12-19 10:03:15
500101145,15,10,5,2024-12-19 12:06:16
500101184,15,10,5,2024-12-19 12:29:16
500107047,15,9,5,2024-12-19 10:38:15
500108050,15,10,5,2024-12-19 10:06:15
500110043,15,10,5,2024-12-19 12:25:16
500110074,15,10,5,2024-12-19 11:39:15
500110074,15,10,5,2024-12-19 09:56:16
500111078,15,10,5,2024-12-19 08:57:15
500113062,15,9,5,2024-12-19 09:47:15
500104056,15,9,6,2024-12-19 10:22:16
500106015,15,8,6,2024-12-19 12:34:14
500106087,15,8,6,2024-12-19 12:41:15
500107047,15,8,6,2024-12-19 12:36:15
500107054,15,8,6,2024-12-19 09:07:15
500107119,15,4,6,2024-12-19 10:10:16
500107125,15,6,6,2024-12-19 09:30:15
500107125,15,6,6,2024-12-19 11:08:15
500107139,15,9,6,2024-12-19 09:36:15
500108185,15,9,6,2024-12-19 12:40:17
500109018,15,9,6,2024-12-19 10:23:15
500112019,15,9,6,2024-12-19 09:45:15
500101130,15,8,7,2024-12-19 13:03:14
500103003,15,8,7,2024-12-19 11:48:15
500107052,15,7,7,2024-12-19 09:36:14
500107068,15,8,7,2024-12-19 10:22:15
500107119,15,3,7,2024-12-19 12:20:16
500107125,15,8,7,2024-12-19 11:28:15
500107156,15,7,7,2024-12-19 10:21:15
500108031,15,8,7,2024-12-19 11:12:16
500108077,15,8,7,2024-12-19 09:22:15
500108164,15,8,7,2024-12-19 12:18:15
500108170,15,8,7,2024-12-19 13:06:15
500108173,15,8,7,2024-12-19 08:36:15
500108185,15,8,7,2024-12-19 12:38:15
500108185,15,8,7,2024-12-19 10:31:15
500109030,15,8,7,2024-12-19 09:06:17
500109089,15,7,7,2024-12-19 11:02:15
500109097,15,8,7,2024-12-19 08:35:16
500109097,15,8,7,2024-12-19 09:46:16
500109100,15,8,7,2024-12-19 12:08:15
500113048,15,6,7,2024-12-19 12:19:16
500113062,15,8,7,2024-12-19 11:39:15
500101213,15,7,8,2024-12-19 10:54:15
500103062,15,7,8,2024-12-19 12:58:15
500103065,15,7,8,2024-12-19 09:44:15
500106124,15,7,8,2024-12-19 09:37:15
500107047,15,6,8,2024-12-19 09:52:15
500107119,15,2,8,2024-12-19 11:46:14
500107134,15,6,8,2024-12-19 12:43:15
500108075,15,7,8,2024-12-19 10:44:16
500108185,15,7,8,2024-12-19 09:25:16
500109030,15,7,8,2024-12-19 09:18:15
500113037,15,7,8,2024-12-19 09:07:15
500113037,15,7,8,2024-12-19 10:02:15
500113047,15,7,8,2024-12-19 13:04:16
500113074,15,7,8,2024-12-19 11:29:14
500101117,15,6,9,2024-12-19 13:08:15
500101177,15,6,9,2024-12-19 12:52:15
500104049,15,6,9,2024-12-19 12:20:16
500106028,15,6,9,2024-12-19 09:23:15
500106108,15,5,9,2024-12-19 09:07:15
500107104,15,6,9,2024-12-19 12:56:15
500107154,15,6,9,2024-12-19 11:47:16
500108050,15,6,9,2024-12-19 09:32:14
500110070,15,6,9,2024-12-19 10:17:16
500111018,15,6,9,2024-12-19 10:07:15
500113062,15,6,9,2024-12-19 13:05:15
500113074,15,6,9,2024-12-19 09:26:15
500101149,15,5,10,2024-12-19 12:28:15
500101184,15,5,10,2024-12-19 09:46:16
500101229,15,4,10,2024-12-19 09:57:15
500101232,15,5,10,2024-12-19 11:02:15
500104101,15,5,10,2024-12-19 11:07:16
500104128,15,5,10,2024-12-19 09:35:16
500105071,15,5,10,2024-12-19 11:14:15
500106013,15,5,10,2024-12-19 11:47:16
500106015,15,4,10,2024-12-19 09:37:15
500106124,15,5,10,2024-12-19 09:02:15
500107030,15,5,10,2024-12-19 09:48:15
500107039,15,5,10,2024-12-19 09:37:15
500107052,15,4,10,2024-12-19 11:33:16
500107121,15,4,10,2024-12-19 11:00:18
500107135,15,5,10,2024-12-19 09:07:15
500107135,15,5,10,2024-12-19 09:47:15
500108050,15,5,10,2024-12-19 13:01:15
500108172,15,5,10,2024-12-19 13:02:15
500110070,15,5,10,2024-12-19 10:57:15
500112106,15,5,10,2024-12-19 09:04:14
500113074,15,5,10,2024-12-19 12:04:16
500113075,15,5,10,2024-12-19 12:16:15
500113077,15,5,10,2024-12-19 09:55:17
500101029,15,3,11,2024-12-19 09:02:15
500101029,15,3,11,2024-12-19 11:24:15
500101177,15,4,11,2024-12-19 11:25:15
500101208,15,4,11,2024-12-19 10:26:14
500101213,15,4,11,2024-12-19 09:06:15
500101232,15,4,11,2024-12-19 09:27:14
500103069,15,4,11,2024-12-19 10:07:16
500104049,15,4,11,2024-12-19 11:43:15
500104128,15,4,11,2024-12-19 12:18:15
500105076,15,4,11,2024-12-19 12:19:16
500105082,15,3,11,2024-12-19 09:04:15
500106015,15,3,11,2024-12-19 10:06:15
500106087,15,3,11,2024-12-19 09:50:16
500108023,15,3,11,2024-12-19 11:01:16
500109059,15,4,11,2024-12-19 10:44:16
500109059,15,4,11,2024-12-19 09:32:15
500109073,15,4,11,2024-12-19 09:28:15
500110070,15,4,11,2024-12-19 12:33:15
500110070,15,4,11,2024-12-19 10:25:16
500113050,15,4,11,2024-12-19 09:27:14
500113075,15,4,11,2024-12-19 10:27:17
500101155,15,3,12,2024-12-19 11:28:15
500101208,15,3,12,2024-12-19 11:01:17
500104002,15,3,12,2024-12-19 09:45:15
500104121,15,1,12,2024-12-19 09:07:15
500106013,15,3,12,2024-12-19 10:27:15
500106015,15,2,12,2024-12-19 09:46:16
500106074,15,2,12,2024-12-19 12:42:15
500107068,15,3,12,2024-12-19 09:44:15
500108023,15,2,12,2024-12-19 11:42:16
500109016,15,3,12,2024-12-19 10:45:16
500110027,15,2,12,2024-12-19 09:24:15
500110083,15,3,12,2024-12-19 13:02:14
500111006,15,3,12,2024-12-19 11:25:15
500101103,15,2,13,2024-12-19 11:34:15
500101149,15,2,13,2024-12-19 10:55:17
500101155,15,2,13,2024-12-19 10:28:15
500101155,15,2,13,2024-12-19 10:37:16
500101163,15,2,13,2024-12-19 11:40:17
500101177,15,2,13,2024-12-19 10:14:15
500104059,15,2,13,2024-12-19 12:45:16
500106074,15,1,13,2024-12-19 12:24:16
500106109,15,2,13,2024-12-19 11:54:15
500106129,15,1,13,2024-12-19 12:46:15
500106129,15,1,13,2024-12-19 09:08:16
500107106,15,2,13,2024-12-19 12:07:16
500108085,15,1,13,2024-12-19 11:15:15
500108172,15,2,13,2024-12-19 09:07:15
500109016,15,2,13,2024-12-19 12:43:15
500109060,15,1,13,2024-12-19 12:18:15
500110082,15,2,13,2024-12-19 09:35:16
500113047,15,2,13,2024-12-19 09:37:15
500113047,15,2,13,2024-12-19 11:48:15
500113054,15,2,13,2024-12-19 12:12:15
500101163,15,1,14,2024-12-19 10:17:15
500101163,15,1,14,2024-12-19 10:27:16
500101197,15,1,14,2024-12-19 09:22:15
500101232,15,1,14,2024-12-19 13:08:15
500104111,15,1,14,2024-12-19 09:06:17
500105066,15,1,14,2024-12-19 12:54:15
500105066,15,1,14,2024-12-19 10:06:14
500107067,15,1,14,2024-12-19 12:50:15
500107134,15,0,14,2024-12-19 09:52:16
500107135,15,1,14,2024-12-19 11:37:15
500108172,15,1,14,2024-12-19 09:20:16
500110027,15,0,14,2024-12-19 12:38:14
500112090,15,1,14,2024-12-19 12:07:16
500113047,15,1,14,2024-12-19 10:15:16
500101042,15,0,15,2024-12-19 11:37:15
500101042,15,0,15,2024-12-19 11:05:17
500101117,15,0,15,2024-12-19 09:56:16
500101163,15,0,15,2024-12-19 08:51:18
500101163,15,0,15,2024-12-19 11:07:16
500101177,15,0,15,2024-12-19 09:24:15
500101232,15,0,15,2024-12-19 11:58:16
500103065,15,0,15,2024-12-19 10:39:15
500107074,15,0,15,2024-12-19 09:47:15
500107135,15,0,15,2024-12-19 10:33:15
500107135,15,0,15,2024-12-19 11:17:15
500110070,15,0,15,2024-12-19 09:07:16
500110081,15,0,15,2024-12-19 12:26:16
500110081,15,0,15,2024-12-19 10:25:15
500110088,15,0,15,2024-12-19 10:17:15
500101163,15,15,0,2024-12-19 20:09:15
500101184,15,15,0,2024-12-19 19:38:14
500101229,15,15,0,2024-12-19 20:18:16
500104117,15,15,0,2024-12-19 18:31:16
500106074,15,14,0,2024-12-19 18:42:17
500107139,15,15,0,2024-12-19 19:58:15
500107139,15,15,0,2024-12-19 18:41:16
500107156,15,13,0,2024-12-19 20:58:14
500110043,15,15,0,2024-12-19 20:09:15
500110081,15,15,0,2024-12-19 20:15:16
500110081,15,15,0,2024-12-19 21:04:16
500112094,15,15,0,2024-12-19 18:08:16
500104128,15,14,1,2024-12-19 17:27:16
500106013,15,14,1,2024-12-19 18:54:15
500107030,15,13,1,2024-12-19 19:58:15
500107030,15,13,1,2024-12-19 19:16:15
500107156,15,12,1,2024-12-19 20:49:15
500107156,15,14,1,2024-12-19 18:48:15
500108012,15,14,1,2024-12-19 17:45:17
500109030,15,14,1,2024-12-19 18:07:16
500110070,15,14,1,2024-12-19 18:46:15
500101155,15,13,2,2024-12-19 21:20:16
500101177,15,13,2,2024-12-19 20:13:15
500101224,15,13,2,2024-12-19 19:53:15
500101239,15,13,2,2024-12-19 19:57:15
500104128,15,13,2,2024-12-19 17:59:15
500107146,15,12,2,2024-12-19 18:18:16
500110070,15,13,2,2024-12-19 19:43:15
500111018,15,13,2,2024-12-19 18:49:16
500111086,15,13,2,2024-12-19 17:58:16
500113048,15,11,2,2024-12-19 17:12:16
500113050,15,13,2,2024-12-19 20:05:16
500113075,15,13,2,2024-12-19 19:43:15
500101229,15,12,3,2024-12-19 18:18:16
500104059,15,12,3,2024-12-19 18:37:15
500104128,15,9,3,2024-12-19 19:58:15
500106124,15,12,3,2024-12-19 20:02:15
500107033,15,12,3,2024-12-19 18:35:16
500107054,15,12,3,2024-12-19 20:37:16
500107156,15,11,3,2024-12-19 20:37:16
500113047,15,12,3,2024-12-19 19:57:14
500106108,15,10,4,2024-12-19 19:51:15
500106108,15,10,4,2024-12-19 20:39:16
500107030,15,10,4,2024-12-19 18:32:16
500107030,15,10,4,2024-12-19 18:47:16
500107033,15,11,4,2024-12-19 18:58:16
500107054,15,11,4,2024-12-19 19:55:16
500107134,15,10,4,2024-12-19 18:07:16
500107139,15,11,4,2024-12-19 17:31:15
500108139,15,10,4,2024-12-19 20:17:15
500113048,15,9,4,2024-12-19 19:39:15
500113048,15,9,4,2024-12-19 17:39:15
500101042,15,10,5,2024-12-19 21:18:15
500101103,15,10,5,2024-12-19 18:27:15
500101155,15,10,5,2024-12-19 18:38:16
500101224,15,10,5,2024-12-19 20:44:14
500103062,15,10,5,2024-12-19 18:32:16
500104059,15,10,5,2024-12-19 17:40:16
500104130,15,9,5,2024-12-19 19:49:15
500106027,15,8,5,2024-12-19 19:27:15
500106108,15,9,5,2024-12-19 19:36:15
500107033,15,10,5,2024-12-19 20:59:15
500107054,15,10,5,2024-12-19 17:53:15
500107074,15,10,5,2024-12-19 18:40:17
500107156,15,10,5,2024-12-19 17:45:16
500108139,15,9,5,2024-12-19 19:52:16
500108172,15,10,5,2024-12-19 19:04:15
500110043,15,10,5,2024-12-19 18:07:16
500110083,15,10,5,2024-12-19 19:48:15
500111087,15,10,5,2024-12-19 17:27:16
500112106,15,10,5,2024-12-19 19:05:16
500113050,15,10,5,2024-12-19 19:41:16
500101177,15,9,6,2024-12-19 18:26:16
500103065,15,8,6,2024-12-19 21:19:15
500104117,15,9,6,2024-12-19 19:26:16
500104121,15,9,6,2024-12-19 18:44:16
500105096,15,9,6,2024-12-19 18:40:17
500107033,15,9,6,2024-12-19 21:02:15
500108119,15,9,6,2024-12-19 20:23:15
500110074,15,9,6,2024-12-19 18:29:16
500113077,15,6,6,2024-12-19 19:08:15
500101232,15,8,7,2024-12-19 17:48:15
500104071,15,8,7,2024-12-19 17:19:15
500104071,15,8,7,2024-12-19 19:47:15
500104111,15,6,7,2024-12-19 20:39:16
500105082,15,8,7,2024-12-19 19:02:16
500106013,15,8,7,2024-12-19 21:19:15
500106013,15,8,7,2024-12-19 18:18:15
500106109,15,8,7,2024-12-19 17:58:16
500106124,15,8,7,2024-12-19 20:29:15
500107033,15,8,7,2024-12-19 19:04:15
500107047,15,5,7,2024-12-19 20:19:16
500107068,15,8,7,2024-12-19 21:20:16
500107135,15,8,7,2024-12-19 20:57:16
500108050,15,8,7,2024-12-19 18:31:15
500108143,15,8,7,2024-12-19 18:38:16
500111084,15,8,7,2024-12-19 20:48:15
500111084,15,8,7,2024-12-19 20:59:15
500111087,15,8,7,2024-12-19 21:14:15
500112106,15,8,7,2024-12-19 17:43:16
500112106,15,8,7,2024-12-19 19:34:15
500113047,15,8,7,2024-12-19 18:57:15
500113050,15,8,7,2024-12-19 19:23:15
500101117,15,7,8,2024-12-19 17:58:16
500101130,15,7,8,2024-12-19 17:38:16
500101232,15,7,8,2024-12-19 18:05:16
500104049,15,7,8,2024-12-19 18:13:16
500104053,15,7,8,2024-12-19 21:02:15
500104106,15,6,8,2024-12-19 21:06:15
500104106,15,6,8,2024-12-19 18:45:16
500106128,15,5,8,2024-12-19 20:56:15
500107047,15,5,8,2024-12-19 18:37:15
500107054,15,7,8,2024-12-19 17:47:16
500107074,15,7,8,2024-12-19 21:07:15
500107121,15,6,8,2024-12-19 18:17:15
500107127,15,7,8,2024-12-19 20:25:15
500107146,15,6,8,2024-12-19 17:41:16
500108164,15,7,8,2024-12-19 17:58:16
500108173,15,7,8,2024-12-19 16:08:16
500110081,15,7,8,2024-12-19 18:08:16
500110083,15,7,8,2024-12-19 20:51:16
500111084,15,7,8,2024-12-19 18:24:15
500113037,15,7,8,2024-12-19 17:48:15
500113086,15,7,8,2024-12-19 19:05:16
500101103,15,2,9,2024-12-19 21:19:16
500104059,15,5,9,2024-12-19 20:22:15
500104096,15,6,9,2024-12-19 16:38:14
500104111,15,6,9,2024-12-19 17:25:16
500105071,15,6,9,2024-12-19 17:37:16
500106028,15,6,9,2024-12-19 19:43:15
500107002,15,6,9,2024-12-19 17:29:16
500107121,15,5,9,2024-12-19 18:03:15
500107121,15,5,9,2024-12-19 20:44:15
500107127,15,6,9,2024-12-19 20:49:15
500107145,15,6,9,2024-12-19 18:46:15
500107146,15,5,9,2024-12-19 19:47:15
500108019,15,5,9,2024-12-19 17:26:14
500108119,15,6,9,2024-12-19 18:13:16
500108172,15,6,9,2024-12-19 18:27:15
500109060,15,5,9,2024-12-19 17:59:14
500109100,15,6,9,2024-12-19 19:38:15
500109100,15,6,9,2024-12-19 17:57:15
500110074,15,6,9,2024-12-19 20:08:15
500104056,15,2,10,2024-12-19 18:29:16
500104128,15,2,10,2024-12-19 18:29:16
500105096,15,5,10,2024-12-19 16:32:15
500106027,15,3,10,2024-12-19 18:47:16
500107067,15,5,10,2024-12-19 18:13:16
500107067,15,5,10,2024-12-19 18:49:15
500107074,15,5,10,2024-12-19 21:19:16
500108085,15,5,10,2024-12-19 18:47:16
500108119,15,5,10,2024-12-19 17:43:16
500110083,15,5,10,2024-12-19 20:33:15
500111073,15,3,10,2024-12-19 18:30:20
500113050,15,5,10,2024-12-19 18:58:16
500113075,15,5,10,2024-12-19 17:38:16
500101029,15,4,11,2024-12-19 17:54:14
500101149,15,4,11,2024-12-19 18:56:15
500103065,15,3,11,2024-12-19 18:04:16
500103069,15,4,11,2024-12-19 17:37:16
500104068,15,4,11,2024-12-19 14:21:15
500104128,15,3,11,2024-12-19 21:20:16
500106028,15,4,11,2024-12-19 19:19:14
500107039,15,4,11,2024-12-19 18:57:15
500107127,15,4,11,2024-12-19 21:04:15
500107127,15,4,11,2024-12-19 18:57:15
500107154,15,4,11,2024-12-19 19:43:15
500109089,15,3,11,2024-12-19 17:36:15
500109089,15,3,11,2024-12-19 19:41:15
500110074,15,4,11,2024-12-19 19:47:15
500111073,15,2,11,2024-12-19 18:43:15
500111086,15,4,11,2024-12-19 19:37:16
500112019,15,4,11,2024-12-19 18:07:16
500101213,15,3,12,2024-12-19 17:42:15
500101232,15,3,12,2024-12-19 18:38:16
500103069,15,3,12,2024-12-19 19:51:15
500104013,15,3,12,2024-12-19 17:35:16
500104071,15,3,12,2024-12-19 20:40:16
500104101,15,3,12,2024-12-19 17:40:16
500105071,15,3,12,2024-12-19 18:38:16
500107127,15,3,12,2024-12-19 18:59:15
500108142,15,3,12,2024-12-19 19:15:16
500108172,15,3,12,2024-12-19 17:57:14
500109098,15,3,12,2024-12-19 17:46:15
500110027,15,2,12,2024-12-19 17:46:15
500112090,15,3,12,2024-12-19 19:28:15
500101208,15,2,13,2024-12-19 21:15:16
500101213,15,2,13,2024-12-19 17:32:15
500101213,15,2,13,2024-12-19 21:14:15
500101239,15,2,13,2024-12-19 17:22:16
500104013,15,2,13,2024-12-19 21:03:15
500105077,15,1,13,2024-12-19 18:32:16
500106015,15,1,13,2024-12-19 20:59:17
500106087,15,1,13,2024-12-19 18:35:17
500106129,15,2,13,2024-12-19 20:49:15
500109062,15,2,13,2024-12-19 18:49:16
500110082,15,2,13,2024-12-19 19:43:15
500112019,15,2,13,2024-12-19 20:22:15
500113074,15,2,13,2024-12-19 18:15:17
500101042,15,1,14,2024-12-19 17:47:16
500101224,15,1,14,2024-12-19 17:51:16
500105066,15,1,14,2024-12-19 19:49:15
500106015,15,0,14,2024-12-19 20:35:16
500106015,15,0,14,2024-12-19 17:44:16
500110082,15,1,14,2024-12-19 19:56:16
500110088,15,1,14,2024-12-19 20:49:15
500110088,15,1,14,2024-12-19 18:37:15
500111086,15,1,14,2024-12-19 20:59:15
500112090,15,1,14,2024-12-19 18:29:16
500113062,15,1,14,2024-12-19 18:16:16
500104013,15,0,15,2024-12-19 17:55:17
500105066,15,0,15,2024-12-19 18:38:16
500105071,15,0,15,2024-12-19 20:39:16
500105071,15,0,15,2024-12-19 19:29:16
500105071,15,0,15,2024-12-19 20:46:18
500108015,15,0,15,2024-12-19 20:58:15
500112019,15,0,15,2024-12-19 19:26:16
500112090,15,0,15,2024-12-19 18:48:15
500101145,15,15,0,2024-12-19 16:07:15
500108023,15,15,0,2024-12-19 17:06:15
500101145,15,13,2,2024-12-19 13:18:15
500101145,15,13,2,2024-12-19 14:39:15
500104130,15,12,2,2024-12-19 14:27:15
500110074,15,13,2,2024-12-19 16:05:16
500111006,15,13,2,2024-12-19 14:00:17
500111087,15,13,2,2024-12-19 16:31:15
500101229,15,12,3,2024-12-19 17:16:16
500104124,15,12,3,2024-12-19 15:20:15
500106124,15,12,3,2024-12-19 14:50:15
500111086,15,12,3,2024-12-19 15:36:15
500111086,15,12,3,2024-12-19 15:11:14
500111087,15,12,3,2024-12-19 15:14:15
500113047,15,12,3,2024-12-19 15:39:15
500101229,15,11,4,2024-12-19 15:27:15
500106100,15,11,4,2024-12-19 15:38:15
500107121,15,10,4,2024-12-19 13:46:16
500108050,15,11,4,2024-12-19 15:38:15
500104063,15,10,5,2024-12-19 13:28:16
500104122,15,10,5,2024-12-19 16:22:15
500106008,15,9,5,2024-12-19 15:49:14
500108023,15,10,5,2024-12-19 16:13:15
500108023,15,10,5,2024-12-19 16:21:15
500108023,15,9,5,2024-12-19 15:19:16
500108050,15,10,5,2024-12-19 16:14:15
500112094,15,10,5,2024-12-19 17:00:16
500101184,15,9,6,2024-12-19 13:58:15
500101208,15,9,6,2024-12-19 16:28:14
500101229,15,9,6,2024-12-19 13:49:15
500105079,15,9,6,2024-12-19 13:27:15
500106109,15,9,6,2024-12-19 15:29:15
500107068,15,9,6,2024-12-19 15:06:14
500107121,15,8,6,2024-12-19 16:57:16
500107139,15,9,6,2024-12-19 15:31:15
500109018,15,9,6,2024-12-19 16:27:16
500101103,15,8,7,2024-12-19 17:08:16
500107033,15,8,7,2024-12-19 16:27:16
500108023,15,7,7,2024-12-19 15:02:15
500108031,15,8,7,2024-12-19 15:10:15
500109018,15,8,7,2024-12-19 13:13:14
500101130,15,7,8,2024-12-19 13:42:15
500101177,15,7,8,2024-12-19 15:22:15
500101213,15,7,8,2024-12-19 15:03:15
500106008,15,6,8,2024-12-19 17:03:16
500106087,15,6,8,2024-12-19 14:50:16
500106087,15,6,8,2024-12-19 15:25:15
500107139,15,7,8,2024-12-19 15:08:15
500108031,15,7,8,2024-12-19 14:29:15
500108119,15,7,8,2024-12-19 16:23:15
500109082,15,7,8,2024-12-19 15:59:15
500111018,15,7,8,2024-12-19 15:05:16
500111078,15,7,8,2024-12-19 16:36:15
500112106,15,7,8,2024-12-19 16:45:17
500113037,15,7,8,2024-12-19 15:36:15
500101029,15,5,9,2024-12-19 15:07:15
500101029,15,5,9,2024-12-19 14:42:15
500101130,15,6,9,2024-12-19 15:28:14
500101184,15,6,9,2024-12-19 15:17:15
500106027,15,6,9,2024-12-19 16:57:16
500106074,15,5,9,2024-12-19 16:54:16
500107039,15,6,9,2024-12-19 16:36:15
500107156,15,6,9,2024-12-19 16:18:15
500109073,15,6,9,2024-12-19 15:22:15
500112094,15,5,9,2024-12-19 15:41:15
500113075,15,6,9,2024-12-19 13:13:15
500101103,15,5,10,2024-12-19 16:17:15
500103065,15,4,10,2024-12-19 16:17:14
500104071,15,5,10,2024-12-19 16:07:14
500105076,15,5,10,2024-12-19 16:29:15
500107106,15,5,10,2024-12-19 13:18:15
500107154,15,5,10,2024-12-19 13:19:15
500108019,15,4,10,2024-12-19 17:12:16
500108085,15,5,10,2024-12-19 16:31:15
500109030,15,5,10,2024-12-19 13:49:14
500112094,15,4,10,2024-12-19 14:19:15
500113037,15,5,10,2024-12-19 13:11:15
500113062,15,5,10,2024-12-19 17:18:16
500113086,15,5,10,2024-12-19 16:06:15
500101117,15,4,11,2024-12-19 13:24:15
500101197,15,4,11,2024-12-19 16:54:16
500104071,15,4,11,2024-12-19 16:27:15
500105071,15,4,11,2024-12-19 16:06:15
500105071,15,4,11,2024-12-19 13:48:16
500106074,15,3,11,2024-12-19 14:55:16
500107033,15,4,11,2024-12-19 13:18:15
500107074,15,4,11,2024-12-19 15:02:15
500107134,15,3,11,2024-12-19 15:27:15
500109059,15,4,11,2024-12-19 13:25:16
500110070,15,4,11,2024-12-19 13:58:16
500112090,15,4,11,2024-12-19 17:08:16
500101042,15,3,12,2024-12-19 13:38:16
500101042,15,3,12,2024-12-19 14:14:14
500101155,15,3,12,2024-12-19 17:06:16
500104002,15,3,12,2024-12-19 15:59:15
500104053,15,3,12,2024-12-19 14:24:15
500104071,15,3,12,2024-12-19 15:19:16
500107054,15,3,12,2024-12-19 16:21:15
500108075,15,3,12,2024-12-19 16:29:15
500112090,15,3,12,2024-12-19 14:26:15
500113074,15,3,12,2024-12-19 15:01:16
500101042,15,2,13,2024-12-19 13:57:15
500101155,15,2,13,2024-12-19 14:23:15
500106129,15,2,13,2024-12-19 17:03:16
500107067,15,2,13,2024-12-19 14:32:14
500107146,15,1,13,2024-12-19 15:40:16
500110027,15,1,13,2024-12-19 15:27:15
500110070,15,2,13,2024-12-19 13:38:16
500113075,15,2,13,2024-12-19 17:18:16
500113077,15,2,13,2024-12-19 16:24:15
500101163,15,1,14,2024-12-19 16:07:15
500101239,15,1,14,2024-12-19 13:19:15
500103069,15,1,14,2024-12-19 17:18:15
500104128,15,1,14,2024-12-19 13:18:14
500107106,15,1,14,2024-12-19 17:01:17
500110081,15,1,14,2024-12-19 17:07:15
500110082,15,1,14,2024-12-19 16:41:15
500113050,15,1,14,2024-12-19 15:35:16
500113062,15,1,14,2024-12-19 16:25:16
500113074,15,1,14,2024-12-19 16:26:15
500106128,15,0,15,2024-12-19 17:05:17
500109059,15,0,15,2024-12-19 16:47:15
500104128,15,2,11,2024-12-19 21:47:15
500101177,15,7,8,2024-12-19 21:44:15
500107033,15,7,8,2024-12-19 21:48:16
500106013,15,8,7,2024-12-19 21:47:15
500105075,15,10,5,2024-12-19 21:41:15
500106109,15,10,5,2024-12-19 21:42:15
500108031,15,15,0,2024-12-19 07:58:15
500108031,15,15,0,2024-12-19 07:56:15
500107134,15,13,1,2024-12-19 05:09:15
500108019,15,12,2,2024-12-19 08:01:15
500108059,15,13,2,2024-12-19 06:19:15
500110074,15,12,2,2024-12-19 08:17:15
500111018,15,13,2,2024-12-19 07:12:15
500112094,15,12,2,2024-12-19 06:09:15
500101145,15,11,3,2024-12-19 06:56:15
500101149,15,12,3,2024-12-19 06:26:14
500101184,15,12,3,2024-12-19 06:22:14
500104049,15,12,3,2024-12-19 04:57:14
500104080,15,12,3,2024-12-19 06:13:14
500104128,15,9,3,2024-12-19 05:58:15
500107145,15,12,3,2024-12-19 06:14:15
500108077,15,12,3,2024-12-19 07:29:16
500108085,15,11,3,2024-12-19 08:16:15
500112094,15,9,3,2024-12-19 05:24:14
500101130,15,11,4,2024-12-19 06:53:15
500106015,15,10,4,2024-12-19 08:17:15
500106074,15,10,4,2024-12-19 06:19:15
500106124,15,11,4,2024-12-19 06:18:15
500107154,15,11,4,2024-12-19 08:57:15
500109082,15,11,4,2024-12-19 08:15:16
500110082,15,11,4,2024-12-19 08:01:15
500111077,15,11,4,2024-12-19 05:32:15
500111086,15,10,4,2024-12-19 08:45:16
500111086,15,10,4,2024-12-19 05:55:16
500106015,15,9,5,2024-12-19 07:26:15
500108023,15,9,5,2024-12-19 06:34:15
500108085,15,9,5,2024-12-19 05:28:14
500109080,15,10,5,2024-12-19 07:57:16
500109089,15,9,5,2024-12-19 08:30:16
500110083,15,10,5,2024-12-19 07:33:15
500112094,15,7,5,2024-12-19 05:39:15
500112106,15,10,5,2024-12-19 05:10:15
500101029,15,9,6,2024-12-19 08:07:15
500101103,15,9,6,2024-12-19 07:56:15
500101163,15,9,6,2024-12-19 08:15:16
500104053,15,7,6,2024-12-19 07:57:16
500104122,15,9,6,2024-12-19 07:20:16
500106008,15,9,6,2024-12-19 07:55:17
500106013,15,9,6,2024-12-19 07:26:15
500106108,15,5,6,2024-12-19 06:08:14
500107127,15,9,6,2024-12-19 07:15:17
500107134,15,8,6,2024-12-19 06:35:15
500107134,15,8,6,2024-12-19 06:47:15
500108123,15,9,6,2024-12-19 06:22:14
500108139,15,7,6,2024-12-19 07:42:15
500109059,15,9,6,2024-12-19 07:10:16
500110082,15,9,6,2024-12-19 06:35:15
500111006,15,9,6,2024-12-19 06:02:14
500112019,15,9,6,2024-12-19 07:27:15
500112106,15,9,6,2024-12-19 05:38:14
500113048,15,7,6,2024-12-19 05:47:15
500113074,15,9,6,2024-12-19 06:06:14
500101103,15,8,7,2024-12-19 08:03:15
500104013,15,8,7,2024-12-19 07:00:16
500104059,15,7,7,2024-12-19 07:27:15
500104111,15,5,7,2024-12-19 06:50:16
500104128,15,8,7,2024-12-19 08:46:15
500105071,15,8,7,2024-12-19 08:57:15
500108170,15,8,7,2024-12-19 07:57:16
500111077,15,8,7,2024-12-19 07:26:15
500112019,15,8,7,2024-12-19 07:17:14
500101029,15,7,8,2024-12-19 07:53:16
500101177,15,7,8,2024-12-19 08:01:15
500101224,15,7,8,2024-12-19 06:50:16
500104053,15,6,8,2024-12-19 06:46:15
500104059,15,7,8,2024-12-19 08:16:15
500104101,15,6,8,2024-12-19 07:35:15
500105077,15,7,8,2024-12-19 06:37:15
500105096,15,7,8,2024-12-19 07:17:14
500107033,15,7,8,2024-12-19 08:26:15
500108050,15,7,8,2024-12-19 07:22:15
500108075,15,7,8,2024-12-19 07:31:15
500108123,15,7,8,2024-12-19 08:01:15
500108173,15,7,8,2024-12-19 06:52:14
500111078,15,7,8,2024-12-19 07:54:15
500112106,15,7,8,2024-12-19 08:27:16
500113080,15,5,8,2024-12-19 07:43:15
500101184,15,6,9,2024-12-19 08:46:15
500101197,15,6,9,2024-12-19 07:17:14
500101213,15,6,9,2024-12-19 08:14:16
500101232,15,6,9,2024-12-19 06:16:15
500103003,15,5,9,2024-12-19 08:02:15
500103062,15,6,9,2024-12-19 07:54:15
500103065,15,6,9,2024-12-19 07:27:15
500104056,15,6,9,2024-12-19 07:14:15
500104101,15,5,9,2024-12-19 07:21:15
500104117,15,5,9,2024-12-19 06:35:15
500105076,15,6,9,2024-12-19 07:37:15
500107068,15,6,9,2024-12-19 06:27:15
500107156,15,2,9,2024-12-19 07:06:15
500108139,15,4,9,2024-12-19 08:17:15
500108172,15,6,9,2024-12-19 08:14:16
500108172,15,6,9,2024-12-19 08:25:16
500108185,15,6,9,2024-12-19 06:46:14
500109073,15,6,9,2024-12-19 04:59:14
500109100,15,6,9,2024-12-19 07:21:15
500111006,15,6,9,2024-12-19 07:36:15
500112019,15,6,9,2024-12-19 08:42:15
500112106,15,6,9,2024-12-19 08:36:15
500113074,15,6,9,2024-12-19 07:26:15
500113080,15,4,9,2024-12-19 08:14:16
500101184,15,5,10,2024-12-19 08:56:16
500104101,15,4,10,2024-12-19 07:45:16
500105071,15,5,10,2024-12-19 06:26:15
500106128,15,4,10,2024-12-19 06:46:15
500107039,15,5,10,2024-12-19 07:15:17
500107106,15,5,10,2024-12-19 08:27:16
500107146,15,4,10,2024-12-19 08:45:16
500108015,15,5,10,2024-12-19 06:46:15
500108019,15,4,10,2024-12-19 06:33:14
500108119,15,5,10,2024-12-19 07:43:15
500109073,15,5,10,2024-12-19 05:33:15
500109097,15,4,10,2024-12-19 06:56:15
500111006,15,5,10,2024-12-19 07:26:15
500111087,15,4,10,2024-12-19 08:07:15
500113086,15,1,10,2024-12-19 07:27:15
500101163,15,4,11,2024-12-19 06:05:15
500101213,15,4,11,2024-12-19 07:24:15
500101232,15,4,11,2024-12-19 08:52:15
500104013,15,4,11,2024-12-19 08:36:15
500106027,15,3,11,2024-12-19 08:25:16
500106027,15,1,11,2024-12-19 07:23:15
500107074,15,4,11,2024-12-19 06:14:14
500109062,15,4,11,2024-12-19 07:58:15
500110081,15,3,11,2024-12-19 06:26:15
500111078,15,4,11,2024-12-19 07:20:16
500111087,15,3,11,2024-12-19 08:45:16
500101103,15,3,12,2024-12-19 08:27:16
500104013,15,3,12,2024-12-19 08:24:15
500104096,15,3,12,2024-12-19 07:16:15
500104121,15,1,12,2024-12-19 08:57:16
500106015,15,2,12,2024-12-19 08:47:15
500106128,15,2,12,2024-12-19 07:41:15
500107039,15,3,12,2024-12-19 07:27:15
500107154,15,3,12,2024-12-19 07:55:17
500108085,15,2,12,2024-12-19 07:41:15
500108170,15,3,12,2024-12-19 08:25:16
500109060,15,2,12,2024-12-19 07:26:15
500109073,15,3,12,2024-12-19 06:46:14
500110088,15,2,12,2024-12-19 08:02:15
500111078,15,3,12,2024-12-19 06:07:15
500112019,15,3,12,2024-12-19 06:00:16
500101197,15,2,13,2024-12-19 07:50:16
500101224,15,2,13,2024-12-19 07:47:15
500104013,15,2,13,2024-12-19 08:14:16
500104111,15,2,13,2024-12-19 08:26:15
500107033,15,2,13,2024-12-19 07:27:15
500107033,15,2,13,2024-12-19 07:44:15
500107074,15,2,13,2024-12-19 08:56:16
500109073,15,2,13,2024-12-19 08:47:15
500113047,15,2,13,2024-12-19 07:56:15
500101155,15,1,14,2024-12-19 06:54:16
500107052,15,0,14,2024-12-19 08:00:20
500107074,15,1,14,2024-12-19 07:04:15
500107121,15,0,14,2024-12-19 07:27:15
500107135,15,1,14,2024-12-19 07:25:17
500107135,15,1,14,2024-12-19 07:41:15
500108050,15,1,14,2024-12-19 08:04:16
500101117,15,0,15,2024-12-19 07:57:15
500103065,15,0,15,2024-12-19 07:55:16
500101042,15,13,2,2024-12-19 00:17:15
500101184,15,8,7,2024-12-19 00:06:15
500105083,15,7,8,2024-12-19 00:34:14
500110082,15,8,7,2024-12-19 00:19:15
500112019,15,0,15,2024-12-19 00:04:16
500113048,15,10,3,2024-12-19 00:17:15
500113050,15,7,8,2024-12-19 00:36:15
500112094,15,13,2,2024-12-19 23:36:15
500101042,15,15,0,2024-12-19 00:47:15
500101103,15,6,1,2024-12-19 00:45:17
500101184,15,11,4,2024-12-19 00:33:15
500112106,15,12,3,2024-12-19 00:47:15
500110081,15,2,13,2024-12-19 23:55:16
500108148,15,5,10,2024-12-19 22:48:15
500104128,15,6,7,2024-12-19 23:14:15
500107081,15,6,9,2024-12-19 19:59:15
500109080,15,8,7,2024-12-19 21:20:16
500104063,15,9,6,2024-12-19 21:33:15
500109097,15,9,6,2024-12-19 21:58:14
500104130,15,10,4,2024-12-19 23:01:15
500104071,15,14,1,2024-12-19 23:38:15
500107156,15,2,8,2024-12-19 23:28:15
500104101,15,4,11,2024-12-19 22:48:15
500107145,15,9,6,2024-12-19 23:44:15
500107121,15,10,4,2024-12-19 21:54:15
500107139,15,11,4,2024-12-19 23:12:15
500109059,15,3,12,2024-12-19 23:45:16
500101224,15,4,11,2024-12-19 23:48:14
500103069,15,7,8,2024-12-19 23:51:15
500107135,15,7,8,2024-12-19 23:18:15
500108170,15,11,4,2024-12-19 23:59:15
500107146,15,12,2,2024-12-19 23:59:15
500101177,15,14,1,2024-12-19 23:25:16
500113047,15,15,0,2024-12-19 22:35:17
500101155,15,1,14,2024-12-19 01:16:15
500108050,15,2,13,2024-12-19 01:01:14
500106124,15,9,6,2024-12-19 00:40:16
500104130,15,10,4,2024-12-19 00:08:15
500109089,15,10,4,2024-12-19 00:02:15
500107074,15,10,5,2024-12-19 01:06:15
500108077,15,10,5,2024-12-19 00:43:15
500107139,15,14,1,2024-12-19 00:53:15
500107145,15,14,1,2024-12-19 01:00:17
500111086,15,1,14,2024-12-19 22:09:15
500101224,15,5,10,2024-12-19 23:12:15
500104080,15,5,10,2024-12-19 20:55:16
500108173,15,8,7,2024-12-19 20:07:15
500104059,15,11,3,2024-12-19 23:19:15
500106100,15,12,3,2024-12-19 22:13:15
500106074,15,13,1,2024-12-19 23:18:15
500101177,15,13,2,2024-12-19 23:13:14
500101145,15,14,1,2024-12-19 23:10:15
500105076,15,14,1,2024-12-19 21:23:16
500109060,15,6,8,2024-12-19 22:25:16
500108023,15,6,9,2024-12-19 22:37:15
500107156,15,9,2,2024-12-19 22:39:15
500101177,15,11,4,2024-12-19 22:29:14
500107054,15,12,1,2024-12-19 22:38:15
500106124,15,13,2,2024-12-19 22:04:15
500101029,15,1,14,2024-12-19 21:26:16
500107074,15,2,13,2024-12-19 21:39:15
500108075,15,2,13,2024-12-19 21:16:15
500111073,15,4,9,2024-12-19 21:13:15
500101184,15,6,9,2024-12-19 21:31:15
500110083,15,7,8,2024-12-19 21:35:16
500106013,15,9,6,2024-12-19 21:39:15
500108119,15,9,6,2024-12-19 21:27:15
500103065,15,10,4,2024-12-19 21:28:15
500106100,15,11,4,2024-12-19 21:07:15
500110070,15,13,2,2024-12-19 21:38:16
500108164,15,4,11,2024-12-19 01:52:15
500110081,15,5,9,2024-12-19 01:25:15
500108172,15,10,5,2024-12-19 02:00:17
500106074,15,12,2,2024-12-19 02:25:15
500101149,15,12,3,2024-12-19 01:36:15
500101229,15,13,2,2024-12-19 02:47:15
500106124,15,13,2,2024-12-19 02:48:14
500109098,15,13,2,2024-12-19 01:53:16
500101155,15,2,13,2024-12-19 04:01:16
500109082,15,3,12,2024-12-19 04:20:16
500113062,15,6,8,2024-12-19 04:07:15
500106128,15,8,6,2024-12-19 03:42:14
500106013,15,12,3,2024-12-19 04:22:15
500106109,15,12,3,2024-12-19 03:43:14
500107104,15,3,12,2024-12-19 22:02:16
500105066,15,4,11,2024-12-19 22:05:15
500107047,15,5,7,2024-12-19 22:06:15
500105039,15,8,7,2024-12-19 21:59:15
500105079,15,9,6,2024-12-19 22:02:16
500104125,15,10,5,2024-12-19 22:05:16
500112106,15,11,4,2024-12-19 22:05:16
500113074,15,11,4,2024-12-19 22:09:15
500111018,15,13,2,2024-12-19 21:41:15
500113047,15,13,2,2024-12-19 22:07:15
500113050,15,15,0,2024-12-19 22:03:15
500107156,15,10,2,2024-12-19 01:19:15
500104071,15,11,4,2024-12-19 01:23:15
500101232,15,2,13,2024-12-19 21:59:15
500105066,15,3,12,2024-12-19 21:59:15
500107145,15,7,8,2024-12-19 21:55:17
500111084,15,11,4,2024-12-19 21:42:15
500109030,15,14,1,2024-12-19 21:41:15
500110070,15,14,1,2024-12-19 21:47:15
500101117,15,5,10,2024-12-19 03:32:15
500101229,15,14,1,2024-12-19 03:26:14
500112090,15,0,15,2024-12-19 01:06:15
500104128,15,5,7,2024-12-19 00:50:16
500107047,15,12,2,2024-12-19 01:47:15
500107139,15,15,0,2024-12-19 01:41:15
500107074,15,11,4,2024-12-19 02:39:15
500108139,15,11,3,2024-12-19 02:10:17
500106129,15,2,13,2024-12-19 22:41:15
500110043,15,2,13,2024-12-19 22:46:15
500104128,15,8,5,2024-12-19 22:44:14
500103062,15,14,1,2024-12-19 22:48:15
500101184,15,2,13,2024-12-19 23:04:15
500110088,15,4,11,2024-12-19 23:07:14
500113048,15,10,3,2024-12-19 23:05:15
500112094,15,10,5,2024-12-19 23:02:14
500113074,15,10,5,2024-12-19 22:50:15
500101163,15,11,4,2024-12-19 23:09:15
500107139,15,13,2,2024-12-19 23:09:16
500101184,15,1,14,2024-12-19 22:18:15
500108023,15,5,10,2024-12-19 22:13:15
500109098,15,7,8,2024-12-19 22:18:15
500101145,15,11,4,2024-12-19 22:18:15
500110027,15,12,2,2024-12-19 22:16:14
500105082,15,14,1,2024-12-19 22:15:16
500101163,15,9,5,2024-12-19 23:29:14
500101184,15,10,5,2024-12-19 01:34:15
500106100,15,15,0,2024-12-19 09:57:15
500106100,15,15,0,2024-12-19 10:25:15
500108164,15,15,0,2024-12-19 09:27:15
500110088,15,15,0,2024-12-19 09:09:16
500101145,15,14,1,2024-12-19 11:03:15
500107127,15,14,1,2024-12-19 10:18:15
500111087,15,14,1,2024-12-19 11:07:16
500103062,15,13,2,2024-12-19 09:24:15
500106100,15,13,2,2024-12-19 09:03:15
500106100,15,13,2,2024-12-19 09:21:15
500108015,15,13,2,2024-12-19 12:17:15
500112090,15,13,2,2024-12-19 09:09:15
500107156,15,11,3,2024-12-19 08:56:16
500110074,15,12,3,2024-12-19 12:22:16
500111006,15,12,3,2024-12-19 12:55:15
500111077,15,12,3,2024-12-19 08:55:16
500103003,15,11,4,2024-12-19 10:32:15
500104130,15,10,4,2024-12-19 09:35:16
500104130,15,10,4,2024-12-19 12:14:16
500107039,15,11,4,2024-12-19 12:20:15
500107054,15,10,4,2024-12-19 10:36:14
500107127,15,11,4,2024-12-19 09:01:15
500108148,15,11,4,2024-12-19 11:53:16
500109082,15,11,4,2024-12-19 10:07:16
500111078,15,11,4,2024-12-19 11:01:17
500111087,15,11,4,2024-12-19 12:48:15
500103003,15,10,5,2024-12-19 10:23:15
500104063,15,10,5,2024-12-19 09:28:15
500104063,15,10,5,2024-12-19 11:33:16
500106087,15,9,5,2024-12-19 12:14:16
500107039,15,10,5,2024-12-19 12:16:15
500107068,15,10,5,2024-12-19 10:44:16
500107145,15,10,5,2024-12-19 09:56:16
500107156,15,9,5,2024-12-19 11:36:15
500108012,15,10,5,2024-12-19 11:48:15
500108015,15,10,5,2024-12-19 10:28:15
500108031,15,10,5,2024-12-19 09:05:16
500108077,15,10,5,2024-12-19 08:38:15
500111078,15,10,5,2024-12-19 12:13:16
500106015,15,8,6,2024-12-19 11:44:15
500106087,15,8,6,2024-12-19 08:59:15
500107068,15,9,6,2024-12-19 10:31:16
500107119,15,4,6,2024-12-19 08:34:15
500107127,15,9,6,2024-12-19 12:06:16
500108012,15,9,6,2024-12-19 12:32:16
500108139,15,7,6,2024-12-19 10:58:16
500108143,15,9,6,2024-12-19 09:47:14
500109082,15,9,6,2024-12-19 12:07:16
500109089,15,8,6,2024-12-19 09:21:15
500110074,15,9,6,2024-12-19 10:47:16
500113074,15,9,6,2024-12-19 10:39:16
500104056,15,8,7,2024-12-19 11:46:15
500106087,15,7,7,2024-12-19 09:21:15
500107002,15,8,7,2024-12-19 09:44:15
500107039,15,8,7,2024-12-19 11:57:16
500107068,15,8,7,2024-12-19 11:08:15
500107145,15,8,7,2024-12-19 10:55:17
500108185,15,8,7,2024-12-19 12:59:16
500109018,15,8,7,2024-12-19 12:48:15
500110043,15,8,7,2024-12-19 12:38:14
500111018,15,8,7,2024-12-19 10:35:15
500111086,15,7,7,2024-12-19 12:54:15
500113062,15,7,7,2024-12-19 09:51:14
500113062,15,8,7,2024-12-19 11:16:15
500113074,15,8,7,2024-12-19 11:25:15
500101224,15,7,8,2024-12-19 09:37:15
500105039,15,7,8,2024-12-19 10:20:16
500107033,15,7,8,2024-12-19 11:55:18
500107139,15,7,8,2024-12-19 09:44:15
500107154,15,7,8,2024-12-19 10:40:16
500108143,15,7,8,2024-12-19 09:56:16
500108164,15,7,8,2024-12-19 11:39:15
500109018,15,7,8,2024-12-19 12:19:16
500109060,15,6,8,2024-12-19 09:44:15
500109098,15,7,8,2024-12-19 10:15:16
500101177,15,6,9,2024-12-19 12:48:14
500101213,15,6,9,2024-12-19 12:12:15
500101239,15,6,9,2024-12-19 10:53:16
500105071,15,6,9,2024-12-19 10:55:17
500106015,15,5,9,2024-12-19 12:05:17
500106028,15,6,9,2024-12-19 10:18:15
500106109,15,6,9,2024-12-19 12:52:15
500107002,15,6,9,2024-12-19 09:05:16
500107047,15,5,9,2024-12-19 12:28:15
500108050,15,6,9,2024-12-19 09:05:16
500109089,15,5,9,2024-12-19 10:48:15
500110074,15,5,9,2024-12-19 09:47:15
500113037,15,6,9,2024-12-19 10:37:15
500113048,15,4,9,2024-12-19 09:45:15
500113062,15,5,9,2024-12-19 10:33:15
500101177,15,5,10,2024-12-19 11:59:16
500101208,15,5,10,2024-12-19 10:06:15
500101208,15,5,10,2024-12-19 10:37:16
500104013,15,5,10,2024-12-19 11:49:15
500105076,15,5,10,2024-12-19 12:32:16
500106074,15,4,10,2024-12-19 09:09:15
500106087,15,4,10,2024-12-19 09:39:15
500107047,15,4,10,2024-12-19 09:00:18
500108119,15,5,10,2024-12-19 12:32:16
500109089,15,4,10,2024-12-19 12:19:16
500110027,15,4,10,2024-12-19 10:35:16
500110070,15,5,10,2024-12-19 12:46:15
500113062,15,5,10,2024-12-19 12:17:16
500101184,15,4,11,2024-12-19 10:00:18
500101239,15,4,11,2024-12-19 11:57:15
500103069,15,4,11,2024-12-19 12:40:17
500104049,15,4,11,2024-12-19 09:37:15
500104106,15,3,11,2024-12-19 10:44:16
500106027,15,3,11,2024-12-19 12:47:15
500106128,15,3,11,2024-12-19 09:31:15
500107052,15,3,11,2024-12-19 11:47:16
500107074,15,4,11,2024-12-19 10:43:16
500107146,15,3,11,2024-12-19 09:03:14
500108085,15,3,11,2024-12-19 09:27:15
500108172,15,4,11,2024-12-19 11:08:15
500109060,15,3,11,2024-12-19 12:06:16
500109098,15,4,11,2024-12-19 08:49:15
500111006,15,4,11,2024-12-19 11:18:15
500113050,15,4,11,2024-12-19 12:08:15
500101117,15,3,12,2024-12-19 12:25:16
500101208,15,3,12,2024-12-19 09:27:15
500101239,15,3,12,2024-12-19 12:19:16
500104002,15,3,12,2024-12-19 10:49:16
500104059,15,3,12,2024-12-19 12:28:15
500106074,15,2,12,2024-12-19 09:07:15
500107030,15,2,12,2024-12-19 12:08:15
500107052,15,2,12,2024-12-19 11:56:16
500107068,15,3,12,2024-12-19 09:57:15
500107121,15,2,12,2024-12-19 12:26:15
500109016,15,3,12,2024-12-19 12:30:16
500109062,15,3,12,2024-12-19 08:04:15
500110027,15,2,12,2024-12-19 10:06:14
500110082,15,3,12,2024-12-19 12:27:15
500111006,15,3,12,2024-12-19 10:43:15
500112106,15,3,12,2024-12-19 12:13:16
500113077,15,3,12,2024-12-19 11:08:15
500113080,15,1,12,2024-12-19 08:48:15
500101103,15,2,13,2024-12-19 09:22:15
500101117,15,2,13,2024-12-19 09:44:15
500101149,15,2,13,2024-12-19 11:46:14
500101197,15,2,13,2024-12-19 09:07:15
500101197,15,2,13,2024-12-19 11:14:15
500106027,15,1,13,2024-12-19 09:03:14
500106087,15,1,13,2024-12-19 10:12:15
500106109,15,2,13,2024-12-19 11:37:15
500107067,15,2,13,2024-12-19 09:44:15
500107135,15,2,13,2024-12-19 11:28:15
500107146,15,1,13,2024-12-19 11:30:16
500107146,15,1,13,2024-12-19 10:37:16
500108142,15,2,13,2024-12-19 12:29:16
500109016,15,2,13,2024-12-19 11:59:16
500110027,15,1,13,2024-12-19 12:47:16
500110027,15,1,13,2024-12-19 11:39:15
500110081,15,2,13,2024-12-19 10:13:16
500110081,15,2,13,2024-12-19 11:15:17
500110082,15,2,13,2024-12-19 08:52:16
500110088,15,2,13,2024-12-19 11:28:16
500111006,15,2,13,2024-12-19 09:04:15
500112094,15,1,13,2024-12-19 12:22:16
500113054,15,2,13,2024-12-19 11:46:14
500101042,15,1,14,2024-12-19 10:54:15
500101103,15,1,14,2024-12-19 11:46:15
500101117,15,1,14,2024-12-19 11:57:16
500101163,15,1,14,2024-12-19 10:03:17
500101163,15,1,14,2024-12-19 10:47:16
500101163,15,1,14,2024-12-19 10:57:15
500101208,15,1,14,2024-12-19 12:33:15
500101232,15,1,14,2024-12-19 10:37:16
500103069,15,1,14,2024-12-19 12:08:15
500103069,15,1,14,2024-12-19 10:54:15
500104059,15,1,14,2024-12-19 10:40:18
500104111,15,1,14,2024-12-19 11:09:15
500105077,15,1,14,2024-12-19 12:46:15
500106015,15,0,14,2024-12-19 09:07:15
500106074,15,0,14,2024-12-19 11:42:16
500106074,15,0,14,2024-12-19 11:24:15
500106087,15,0,14,2024-12-19 10:27:16
500106128,15,0,14,2024-12-19 11:54:14
500107134,15,0,14,2024-12-19 09:09:15
500107135,15,1,14,2024-12-19 11:55:17
500107135,15,1,14,2024-12-19 10:21:15
500111006,15,1,14,2024-12-19 09:31:15
500112090,15,1,14,2024-12-19 10:46:14
500101232,15,0,15,2024-12-19 12:18:16
500103069,15,0,15,2024-12-19 10:25:15
500104111,15,0,15,2024-12-19 10:47:16
500107135,15,0,15,2024-12-19 11:46:14
500112090,15,0,15,2024-12-19 09:35:17
500112090,15,0,15,2024-12-19 09:48:15
500113054,15,0,15,2024-12-19 11:08:15
500101130,15,15,0,2024-12-19 19:56:15
500101163,15,15,0,2024-12-19 19:44:17
500101177,15,15,0,2024-12-19 19:07:16
500104117,15,15,0,2024-12-19 18:29:16
500106013,15,15,0,2024-12-19 20:18:16
500107068,15,15,0,2024-12-19 17:48:16
500107068,15,15,0,2024-12-19 19:14:16
500107146,15,14,0,2024-12-19 19:10:20
500107156,15,15,0,2024-12-19 18:21:16
500108012,15,15,0,2024-12-19 20:06:16
500110043,15,15,0,2024-12-19 19:59:16
500110043,15,15,0,2024-12-19 19:32:16
500110070,15,15,0,2024-12-19 21:11:16
500110070,15,15,0,2024-12-19 18:10:19
500110081,15,15,0,2024-12-19 20:13:15
500112094,15,15,0,2024-12-19 20:54:15
500101130,15,14,1,2024-12-19 20:07:16
500101145,15,14,1,2024-12-19 18:44:16
500104071,15,14,1,2024-12-19 18:33:17
500106124,15,14,1,2024-12-19 19:02:16
500106124,15,14,1,2024-12-19 19:49:15
500107068,15,14,1,2024-12-19 19:07:16
500107068,15,14,1,2024-12-19 18:47:16
500108031,15,14,1,2024-12-19 18:38:16
500110070,15,14,1,2024-12-19 18:28:16
500101145,15,13,2,2024-12-19 19:07:15
500101145,15,13,2,2024-12-19 20:57:16
500103062,15,13,2,2024-12-19 19:55:16
500104128,15,13,2,2024-12-19 17:48:14
500106100,15,13,2,2024-12-19 19:27:15
500106124,15,13,2,2024-12-19 19:30:17
500107139,15,13,2,2024-12-19 18:16:16
500110070,15,13,2,2024-12-19 20:09:15
500113048,15,11,2,2024-12-19 20:57:16
500113077,15,10,2,2024-12-19 20:23:15
500101042,15,12,3,2024-12-19 20:49:14
500104071,15,12,3,2024-12-19 19:58:15
500104130,15,11,3,2024-12-19 19:38:15
500107030,15,11,3,2024-12-19 18:54:14
500107139,15,12,3,2024-12-19 17:45:16
500109030,15,12,3,2024-12-19 21:20:16
500110081,15,12,3,2024-12-19 18:45:16
500113047,15,12,3,2024-12-19 17:19:15
500113050,15,12,3,2024-12-19 20:34:15
500101163,15,11,4,2024-12-19 20:38:15
500101177,15,11,4,2024-12-19 18:08:16
500103003,15,11,4,2024-12-19 17:56:16
500107030,15,10,4,2024-12-19 17:21:15
500107047,15,9,4,2024-12-19 19:06:16
500107146,15,10,4,2024-12-19 18:38:16
500110074,15,11,4,2024-12-19 18:17:15
500110083,15,11,4,2024-12-19 20:01:15
500112094,15,11,4,2024-12-19 19:52:16
500113077,15,8,4,2024-12-19 20:13:15
500101184,15,10,5,2024-12-19 18:58:15
500103003,15,10,5,2024-12-19 15:26:15
500104059,15,10,5,2024-12-19 17:13:15
500104059,15,10,5,2024-12-19 18:20:17
500104063,15,10,5,2024-12-19 16:25:16
500104111,15,9,5,2024-12-19 19:12:15
500105076,15,10,5,2024-12-19 19:23:15
500106100,15,10,5,2024-12-19 20:54:15
500107047,15,8,5,2024-12-19 18:58:16
500107119,15,6,5,2024-12-19 17:14:16
500107135,15,10,5,2024-12-19 19:45:16
500107156,15,9,5,2024-12-19 20:09:15
500107156,15,9,5,2024-12-19 20:24:15
500107156,15,10,5,2024-12-19 17:58:16
500108059,15,10,5,2024-12-19 19:38:15
500110083,15,10,5,2024-12-19 19:15:16
500112106,15,10,5,2024-12-19 18:36:15
500113074,15,10,5,2024-12-19 21:10:16
500113080,15,10,5,2024-12-19 19:11:15
500103065,15,8,6,2024-12-19 19:12:15
500104049,15,9,6,2024-12-19 19:31:15
500104131,15,6,6,2024-12-19 19:57:15
500106008,15,8,6,2024-12-19 18:32:16
500106074,15,8,6,2024-12-19 18:07:16
500106128,15,9,6,2024-12-19 19:17:15
500107047,15,7,6,2024-12-19 18:26:16
500107127,15,9,6,2024-12-19 17:48:14
500108059,15,9,6,2024-12-19 18:07:16
500108119,15,9,6,2024-12-19 20:48:15
500108148,15,9,6,2024-12-19 18:18:16
500108164,15,9,6,2024-12-19 20:24:15
500110074,15,9,6,2024-12-19 18:08:16
500113077,15,9,6,2024-12-19 17:43:15
500113077,15,6,6,2024-12-19 18:45:16
500101145,15,8,7,2024-12-19 17:28:15
500101208,15,8,7,2024-12-19 17:48:15
500104121,15,8,7,2024-12-19 17:21:15
500105039,15,8,7,2024-12-19 19:34:15
500106074,15,7,7,2024-12-19 20:07:15
500106128,15,8,7,2024-12-19 18:48:15
500107039,15,8,7,2024-12-19 18:06:15
500107054,15,8,7,2024-12-19 18:58:16
500107067,15,8,7,2024-12-19 19:39:15
500107074,15,8,7,2024-12-19 20:58:15
500107074,15,8,7,2024-12-19 18:18:16
500107127,15,8,7,2024-12-19 17:36:15
500107135,15,8,7,2024-12-19 21:04:15
500107154,15,8,7,2024-12-19 20:47:15
500111006,15,8,7,2024-12-19 21:17:15
500111078,15,8,7,2024-12-19 18:28:16
500113077,15,8,7,2024-12-19 17:19:15
500101117,15,7,8,2024-12-19 17:46:15
500101130,15,7,8,2024-12-19 18:32:16
500104049,15,7,8,2024-12-19 16:54:16
500104124,15,7,8,2024-12-19 19:01:15
500104128,15,4,8,2024-12-19 19:07:15
500104128,15,4,8,2024-12-19 19:19:15
500105071,15,7,8,2024-12-19 17:28:15
500106013,15,7,8,2024-12-19 17:21:15
500106015,15,6,8,2024-12-19 19:06:16
500107039,15,7,8,2024-12-19 18:35:16
500107074,15,7,8,2024-12-19 17:45:16
500107134,15,6,8,2024-12-19 18:33:16
500107135,15,7,8,2024-12-19 18:08:16
500107135,15,7,8,2024-12-19 18:33:16
500108077,15,7,8,2024-12-19 19:41:16
500108172,15,7,8,2024-12-19 18:34:15
500109097,15,7,8,2024-12-19 21:06:14
500109098,15,7,8,2024-12-19 20:07:15
500111077,15,7,8,2024-12-19 17:37:16
500111078,15,7,8,2024-12-19 17:48:15
500112106,15,7,8,2024-12-19 19:21:15
500113080,15,7,8,2024-12-19 17:36:15
500113086,15,7,8,2024-12-19 20:39:16
500101029,15,6,9,2024-12-19 17:48:15
500104002,15,6,9,2024-12-19 18:16:16
500105066,15,6,9,2024-12-19 20:08:15
500105066,15,6,9,2024-12-19 20:28:15
500105076,15,6,9,2024-12-19 17:43:16
500107125,15,6,9,2024-12-19 20:32:14
500107127,15,6,9,2024-12-19 20:35:16
500107135,15,6,9,2024-12-19 17:23:15
500107135,15,6,9,2024-12-19 18:42:16
500107145,15,6,9,2024-12-19 14:51:15
500108077,15,6,9,2024-12-19 18:45:16
500108164,15,6,9,2024-12-19 18:04:16
500108185,15,6,9,2024-12-19 17:34:15
500109098,15,6,9,2024-12-19 19:51:15
500109100,15,6,9,2024-12-19 20:28:15
500109104,15,6,9,2024-12-19 19:53:14
500111087,15,6,9,2024-12-19 20:17:15
500113086,15,6,9,2024-12-19 19:15:16
500101103,15,5,10,2024-12-19 17:45:16
500101145,15,5,10,2024-12-19 17:51:16
500101145,15,5,10,2024-12-19 18:18:16
500101149,15,5,10,2024-12-19 19:05:16
500103065,15,4,10,2024-12-19 18:51:16
500104071,15,5,10,2024-12-19 19:26:15
500104128,15,4,10,2024-12-19 20:59:15
500105066,15,5,10,2024-12-19 19:19:15
500106124,15,5,10,2024-12-19 18:29:16
500107039,15,5,10,2024-12-19 19:27:15
500107047,15,3,10,2024-12-19 17:28:15
500107047,15,3,10,2024-12-19 17:43:16
500107104,15,5,10,2024-12-19 17:06:16
500107154,15,5,10,2024-12-19 18:16:16
500108119,15,5,10,2024-12-19 18:58:15
500108142,15,5,10,2024-12-19 18:02:15
500108164,15,5,10,2024-12-19 18:26:16
500109018,15,5,10,2024-12-19 19:38:15
500109100,15,5,10,2024-12-19 18:11:15
500111077,15,5,10,2024-12-19 19:23:15
500113047,15,5,10,2024-12-19 18:06:15
500101184,15,4,11,2024-12-19 20:37:16
500101224,15,4,11,2024-12-19 18:29:16
500101232,15,4,11,2024-12-19 21:20:16
500103069,15,4,11,2024-12-19 20:09:15
500104111,15,4,11,2024-12-19 18:27:15
500106087,15,3,11,2024-12-19 19:49:15
500107047,15,2,11,2024-12-19 17:29:16
500107052,15,3,11,2024-12-19 20:25:15
500108015,15,4,11,2024-12-19 17:56:16
500108142,15,4,11,2024-12-19 18:09:16
500109018,15,4,11,2024-12-19 17:28:15
500109018,15,4,11,2024-12-19 19:01:15
500109097,15,4,11,2024-12-19 17:03:16
500113050,15,4,11,2024-12-19 18:18:16
500113074,15,4,11,2024-12-19 18:08:16
500104013,15,3,12,2024-12-19 20:39:16
500106087,15,2,12,2024-12-19 17:58:16
500106087,15,2,12,2024-12-19 18:08:16
500106108,15,2,12,2024-12-19 17:39:15
500106129,15,3,12,2024-12-19 19:18:15
500107052,15,2,12,2024-12-19 17:53:15
500107146,15,2,12,2024-12-19 19:32:16
500108050,15,3,12,2024-12-19 20:25:15
500108142,15,3,12,2024-12-19 17:43:16
500101029,15,2,13,2024-12-19 19:44:15
500101149,15,2,13,2024-12-19 18:03:15
500101197,15,2,13,2024-12-19 17:35:16
500101232,15,2,13,2024-12-19 18:29:16
500104101,15,2,13,2024-12-19 17:50:16
500105071,15,2,13,2024-12-19 20:29:15
500105077,15,2,13,2024-12-19 17:55:17
500105083,15,2,13,2024-12-19 17:33:16
500106129,15,2,13,2024-12-19 17:38:16
500107052,15,1,13,2024-12-19 19:09:15
500108015,15,2,13,2024-12-19 20:08:15
500108015,15,2,13,2024-12-19 18:52:15
500108023,15,2,13,2024-12-19 17:57:15
500109089,15,1,13,2024-12-19 17:46:16
500109089,15,1,13,2024-12-19 18:48:15
500112090,15,2,13,2024-12-19 18:01:18
500112094,15,2,13,2024-12-19 18:58:16
500113062,15,2,13,2024-12-19 18:42:16
500104053,15,1,14,2024-12-19 20:27:15
500104101,15,1,14,2024-12-19 19:37:16
500105039,15,1,14,2024-12-19 17:27:16
500106087,15,0,14,2024-12-19 18:56:15
500107039,15,1,14,2024-12-19 19:56:16
500109073,15,1,14,2024-12-19 18:03:15
500111006,15,1,14,2024-12-19 19:34:15
500101163,15,0,15,2024-12-19 18:08:16
500101224,15,0,15,2024-12-19 17:40:19
500104053,15,0,15,2024-12-19 18:38:16
500106129,15,0,15,2024-12-19 20:11:15
500108015,15,0,15,2024-12-19 18:33:17
500110082,15,0,15,2024-12-19 21:00:22
500110082,15,0,15,2024-12-19 18:37:15
500110088,15,0,15,2024-12-19 18:18:16
500112090,15,0,15,2024-12-19 21:07:17
500113062,15,0,15,2024-12-19 17:37:15
500108023,15,15,0,2024-12-19 17:18:15
500109098,15,15,0,2024-12-19 16:33:15
500101029,15,13,1,2024-12-19 15:53:14
500101163,15,14,1,2024-12-19 15:04:15
500111086,15,14,1,2024-12-19 17:08:16
500111087,15,14,1,2024-12-19 16:54:16
500104117,15,13,2,2024-12-19 13:16:14
500104130,15,12,2,2024-12-19 13:15:15
500104131,15,13,2,2024-12-19 13:27:15
500107033,15,13,2,2024-12-19 17:17:16
500107047,15,12,2,2024-12-19 16:08:16
500101145,15,12,3,2024-12-19 17:18:16
500110074,15,12,3,2024-12-19 16:31:15
500111086,15,12,3,2024-12-19 17:18:16
500113048,15,10,3,2024-12-19 16:08:16
500106100,15,11,4,2024-12-19 17:02:15
500107068,15,11,4,2024-12-19 16:45:17
500108170,15,11,4,2024-12-19 16:31:15
500101229,15,10,5,2024-12-19 16:28:15
500101232,15,10,5,2024-12-19 15:58:15
500107039,15,10,5,2024-12-19 14:23:15
500107047,15,8,5,2024-12-19 17:07:15
500107047,15,9,5,2024-12-19 14:49:15
500107081,15,10,5,2024-12-19 14:04:14
500107121,15,9,5,2024-12-19 13:29:14
500107134,15,9,5,2024-12-19 16:43:15
500109018,15,10,5,2024-12-19 16:40:16
500110043,15,10,5,2024-12-19 15:27:15
500111006,15,10,5,2024-12-19 15:15:16
500111073,15,10,5,2024-12-19 16:52:15
500101229,15,9,6,2024-12-19 15:56:15
500101229,15,9,6,2024-12-19 16:17:15
500101232,15,9,6,2024-12-19 15:48:15
500107030,15,8,6,2024-12-19 17:17:16
500107039,15,9,6,2024-12-19 14:42:15
500107106,15,9,6,2024-12-19 15:52:15
500107127,15,9,6,2024-12-19 13:36:15
500108023,15,8,6,2024-12-19 15:11:15
500111073,15,9,6,2024-12-19 17:08:16
500111086,15,9,6,2024-12-19 13:46:16
500113047,15,9,6,2024-12-19 14:44:15
500101155,15,8,7,2024-12-19 16:18:15
500101232,15,8,7,2024-12-19 15:35:16
500106015,15,7,7,2024-12-19 15:53:14
500106109,15,8,7,2024-12-19 17:02:15
500107039,15,8,7,2024-12-19 16:43:15
500107125,15,8,7,2024-12-19 16:07:15
500109018,15,8,7,2024-12-19 14:21:15
500109082,15,8,7,2024-12-19 14:58:15
500109100,15,8,7,2024-12-19 15:57:15
500109100,15,8,7,2024-12-19 13:38:16
500113047,15,8,7,2024-12-19 13:29:14
500113075,15,8,7,2024-12-19 17:08:16
500101042,15,7,8,2024-12-19 15:03:15
500101130,15,7,8,2024-12-19 17:15:17
500101163,15,7,8,2024-12-19 17:07:15
500101208,15,7,8,2024-12-19 15:03:15
500104059,15,7,8,2024-12-19 16:49:15
500106015,15,6,8,2024-12-19 16:45:17
500107047,15,5,8,2024-12-19 16:57:16
500107068,15,7,8,2024-12-19 13:35:15
500107156,15,7,8,2024-12-19 16:43:15
500108031,15,7,8,2024-12-19 16:36:15
500108119,15,7,8,2024-12-19 16:44:15
500108123,15,7,8,2024-12-19 14:01:15
500108185,15,7,8,2024-12-19 14:04:15
500109060,15,6,8,2024-12-19 17:15:16
500109100,15,7,8,2024-12-19 16:58:14
500111018,15,7,8,2024-12-19 14:11:16
500112094,15,7,8,2024-12-19 16:42:15
500101103,15,6,9,2024-12-19 14:19:15
500103003,15,6,9,2024-12-19 13:23:15
500104002,15,6,9,2024-12-19 17:02:15
500106015,15,5,9,2024-12-19 15:33:15
500107033,15,6,9,2024-12-19 15:08:15
500107039,15,6,9,2024-12-19 15:25:15
500107068,15,6,9,2024-12-19 13:56:15
500107104,15,6,9,2024-12-19 16:21:15
500110043,15,6,9,2024-12-19 16:38:15
500110081,15,6,9,2024-12-19 15:08:15
500110083,15,6,9,2024-12-19 16:47:15
500110088,15,6,9,2024-12-19 15:17:15
500113062,15,6,9,2024-12-19 15:20:15
500104013,15,5,10,2024-12-19 13:15:15
500104071,15,5,10,2024-12-19 13:46:16
500104128,15,5,10,2024-12-19 16:18:16
500105082,15,5,10,2024-12-19 16:39:15
500106013,15,5,10,2024-12-19 16:07:14
500106027,15,5,10,2024-12-19 16:47:15
500107106,15,5,10,2024-12-19 13:23:15
500107127,15,5,10,2024-12-19 17:15:17
500107134,15,4,10,2024-12-19 15:08:15
500108019,15,4,10,2024-12-19 16:41:15
500101149,15,4,11,2024-12-19 16:07:15
500101155,15,4,11,2024-12-19 16:36:15
500101213,15,4,11,2024-12-19 16:22:16
500104128,15,4,11,2024-12-19 15:20:15
500105082,15,4,11,2024-12-19 16:28:15
500107039,15,4,11,2024-12-19 15:07:15
500108172,15,4,11,2024-12-19 15:47:15
500109016,15,4,11,2024-12-19 16:59:15
500110070,15,4,11,2024-12-19 15:33:15
500113080,15,4,11,2024-12-19 14:41:15
500101197,15,3,12,2024-12-19 16:26:15
500104111,15,3,12,2024-12-19 14:47:15
500107067,15,3,12,2024-12-19 16:35:15
500108172,15,3,12,2024-12-19 17:08:16
500109097,15,3,12,2024-12-19 16:35:15
500113077,15,3,12,2024-12-19 15:23:14
500113077,15,3,12,2024-12-19 17:03:16
500101155,15,2,13,2024-12-19 15:14:15
500104049,15,2,13,2024-12-19 15:12:15
500104053,15,2,13,2024-12-19 13:24:15
500105066,15,2,13,2024-12-19 15:49:15
500105096,15,2,13,2024-12-19 15:05:16
500101224,15,1,14,2024-12-19 15:12:15
500104128,15,1,14,2024-12-19 14:54:15
500105066,15,1,14,2024-12-19 13:37:16
500105066,15,1,14,2024-12-19 16:39:15
500105071,15,1,14,2024-12-19 17:08:16
500106013,15,1,14,2024-12-19 15:16:15
500106028,15,1,14,2024-12-19 16:40:16
500107054,15,1,14,2024-12-19 16:13:15
500109104,15,1,14,2024-12-19 15:28:14
500110082,15,1,14,2024-12-19 17:04:15
500113050,15,1,14,2024-12-19 16:15:16
500113050,15,1,14,2024-12-19 16:21:14
500103069,15,0,15,2024-12-19 16:57:16
500105066,15,0,15,2024-12-19 17:07:15
500110082,15,0,15,2024-12-19 16:27:16
500105071,15,0,15,2024-12-19 21:48:15
500112090,15,1,14,2024-12-19 21:47:15
500107106,15,2,13,2024-12-19 21:49:15
500109089,15,6,8,2024-12-19 21:45:15
500110027,15,9,5,2024-12-19 21:49:15
500104059,15,10,4,2024-12-19 21:44:15
500108012,15,10,5,2024-12-19 21:42:15
500113075,15,11,2,2024-12-19 21:47:15
500107067,15,12,3,2024-12-19 21:46:15
500104130,15,14,0,2024-12-19 07:42:16
500105071,15,15,0,2024-12-19 08:16:15
500101042,15,13,1,2024-12-19 07:45:16
500104125,15,14,1,2024-12-19 05:10:15
500106100,15,14,1,2024-12-19 08:17:15
500101042,15,12,2,2024-12-19 06:45:16
500104124,15,12,2,2024-12-19 07:14:15
500106028,15,13,2,2024-12-19 07:24:15
500107139,15,13,2,2024-12-19 06:50:16
500107139,15,13,2,2024-12-19 08:01:15
500107145,15,13,2,2024-12-19 06:07:15
500109082,15,13,2,2024-12-19 08:34:15
500113037,15,13,2,2024-12-19 06:41:16
500104117,15,11,3,2024-12-19 07:19:16
500104130,15,11,3,2024-12-19 05:01:14
500106028,15,12,3,2024-12-19 07:49:16
500106124,15,12,3,2024-12-19 07:13:15
500107125,15,9,3,2024-12-19 07:57:16
500108019,15,11,3,2024-12-19 07:21:15
500108019,15,11,3,2024-12-19 07:43:15
500108059,15,12,3,2024-12-19 06:48:15
500109016,15,12,3,2024-12-19 07:17:14
500110082,15,12,3,2024-12-19 07:50:16
500101145,15,10,4,2024-12-19 04:46:15
500101145,15,10,4,2024-12-19 05:39:15
500101208,15,11,4,2024-12-19 06:05:16
500103062,15,11,4,2024-12-19 07:36:15
500103065,15,11,4,2024-12-19 05:28:14
500104117,15,10,4,2024-12-19 08:33:16
500106008,15,11,4,2024-12-19 07:20:16
500106108,15,11,4,2024-12-19 07:36:15
500108019,15,10,4,2024-12-19 08:19:15
500108077,15,11,4,2024-12-19 08:32:15
500108170,15,11,4,2024-12-19 06:50:16
500112094,15,10,4,2024-12-19 07:42:15
500113086,15,11,4,2024-12-19 08:56:16
500101239,15,10,5,2024-12-19 08:01:15
500104049,15,10,5,2024-12-19 07:16:15
500104053,15,10,5,2024-12-19 08:00:16
500104080,15,10,5,2024-12-19 07:26:15
500104080,15,10,5,2024-12-19 07:47:15
500106008,15,10,5,2024-12-19 06:43:15
500106008,15,10,5,2024-12-19 07:41:15
500106015,15,9,5,2024-12-19 06:14:15
500106087,15,9,5,2024-12-19 06:46:15
500107146,15,9,5,2024-12-19 08:27:16
500107156,15,6,5,2024-12-19 05:50:15
500108031,15,10,5,2024-12-19 08:37:15
500108085,15,9,5,2024-12-19 08:35:16
500108123,15,10,5,2024-12-19 06:13:14
500113074,15,10,5,2024-12-19 05:40:15
500113080,15,8,5,2024-12-19 06:51:15
500113086,15,6,5,2024-12-19 06:23:14
500106028,15,6,6,2024-12-19 05:49:15
500106074,15,8,6,2024-12-19 06:54:16
500107002,15,9,6,2024-12-19 08:02:15
500107030,15,9,6,2024-12-19 08:53:15
500107030,15,9,6,2024-12-19 07:16:15
500107033,15,9,6,2024-12-19 08:45:16
500107080,15,9,6,2024-12-19 08:40:17
500107146,15,8,6,2024-12-19 07:45:15
500108085,15,8,6,2024-12-19 06:16:15
500109016,15,9,6,2024-12-19 07:40:16
500109098,15,9,6,2024-12-19 07:17:14
500111077,15,9,6,2024-12-19 07:15:17
500112094,15,6,6,2024-12-19 05:50:15
500113086,15,5,6,2024-12-19 06:37:15
500113086,15,8,6,2024-12-19 07:42:15
500101229,15,7,7,2024-12-19 07:16:15
500104059,15,5,7,2024-12-19 06:33:15
500106087,15,7,7,2024-12-19 08:25:16
500107047,15,7,7,2024-12-19 06:34:15
500107052,15,7,7,2024-12-19 05:12:14
500107067,15,8,7,2024-12-19 07:42:15
500107156,15,4,7,2024-12-19 06:54:16
500108077,15,8,7,2024-12-19 06:53:15
500108148,15,8,7,2024-12-19 08:46:15
500110074,15,7,7,2024-12-19 07:11:15
500112090,15,8,7,2024-12-19 06:25:15
500112090,15,8,7,2024-12-19 07:56:15
500113050,15,8,7,2024-12-19 08:36:15
500113086,15,7,7,2024-12-19 07:48:15
500103003,15,6,8,2024-12-19 07:31:16
500104013,15,7,8,2024-12-19 06:47:15
500104071,15,7,8,2024-12-19 06:16:15
500105077,15,7,8,2024-12-19 05:43:14
500106109,15,7,8,2024-12-19 08:32:15
500107002,15,7,8,2024-12-19 07:09:15
500107047,15,6,8,2024-12-19 08:35:16
500107067,15,7,8,2024-12-19 07:25:15
500107067,15,7,8,2024-12-19 07:48:15
500107074,15,7,8,2024-12-19 05:16:14
500108185,15,7,8,2024-12-19 08:51:14
500109016,15,7,8,2024-12-19 08:14:15
500109059,15,7,8,2024-12-19 08:43:15
500109100,15,7,8,2024-12-19 08:06:16
500109104,15,7,8,2024-12-19 07:31:16
500110074,15,6,8,2024-12-19 07:21:15
500101130,15,6,9,2024-12-19 08:40:16
500104106,15,5,9,2024-12-19 07:31:16
500106008,15,6,9,2024-12-19 08:37:15
500107030,15,6,9,2024-12-19 07:22:15
500107033,15,6,9,2024-12-19 08:37:15
500107080,15,6,9,2024-12-19 07:57:16
500107104,15,6,9,2024-12-19 08:16:15
500108012,15,6,9,2024-12-19 06:55:16
500108075,15,6,9,2024-12-19 08:13:15
500108075,15,6,9,2024-12-19 07:24:15
500108143,15,6,9,2024-12-19 06:56:15
500108143,15,6,9,2024-12-19 07:07:15
500108148,15,6,9,2024-12-19 08:12:15
500109098,15,6,9,2024-12-19 07:46:15
500110027,15,5,9,2024-12-19 07:53:16
500110070,15,6,9,2024-12-19 07:20:16
500110081,15,6,9,2024-12-19 08:03:15
500112019,15,6,9,2024-12-19 07:37:15
500101224,15,5,10,2024-12-19 07:22:15
500103003,15,4,10,2024-12-19 08:05:17
500105077,15,5,10,2024-12-19 07:17:14
500107033,15,5,10,2024-12-19 05:34:15
500107068,15,5,10,2024-12-19 07:29:15
500107127,15,5,10,2024-12-19 07:41:15
500108050,15,5,10,2024-12-19 08:46:15
500108085,15,4,10,2024-12-19 08:52:16
500109016,15,5,10,2024-12-19 06:10:16
500110083,15,5,10,2024-12-19 08:45:16
500111006,15,5,10,2024-12-19 08:16:14
500111006,15,5,10,2024-12-19 07:46:15
500111087,15,4,10,2024-12-19 07:47:15
500112094,15,4,10,2024-12-19 07:56:15
500101117,15,4,11,2024-12-19 07:14:15
500105096,15,4,11,2024-12-19 08:24:15
500107030,15,4,11,2024-12-19 07:57:15
500107068,15,4,11,2024-12-19 06:34:15
500107134,15,3,11,2024-12-19 07:39:15
500107154,15,4,11,2024-12-19 08:00:17
500108119,15,4,11,2024-12-19 07:10:16
500110043,15,4,11,2024-12-19 06:26:15
500110074,15,3,11,2024-12-19 05:03:15
500110081,15,3,11,2024-12-19 06:36:14
500111087,15,3,11,2024-12-19 08:28:15
500112106,15,4,11,2024-12-19 08:44:16
500113050,15,4,11,2024-12-19 05:08:14
500113080,15,2,11,2024-12-19 08:38:15
500113086,15,0,11,2024-12-19 07:12:16
500101177,15,3,12,2024-12-19 08:54:15
500104121,15,1,12,2024-12-19 08:15:16
500105077,15,3,12,2024-12-19 07:31:16
500107030,15,3,12,2024-12-19 07:45:16
500107134,15,2,12,2024-12-19 08:46:15
500109030,15,3,12,2024-12-19 08:17:15
500110027,15,2,12,2024-12-19 08:26:15
500110043,15,3,12,2024-12-19 08:27:16
500110043,15,3,12,2024-12-19 06:13:14
500110070,15,3,12,2024-12-19 07:46:15
500110070,15,3,12,2024-12-19 06:03:15
500111087,15,2,12,2024-12-19 08:23:15
500101042,15,1,13,2024-12-19 08:57:16
500101155,15,2,13,2024-12-19 07:16:15
500104096,15,2,13,2024-12-19 08:27:16
500105077,15,2,13,2024-12-19 07:40:16
500105083,15,2,13,2024-12-19 07:34:15
500106074,15,1,13,2024-12-19 07:46:15
500106128,15,1,13,2024-12-19 07:24:15
500112019,15,2,13,2024-12-19 08:37:15
500113047,15,2,13,2024-12-19 08:37:16
500113054,15,2,13,2024-12-19 06:30:17
500101155,15,1,14,2024-12-19 06:23:14
500101224,15,1,14,2024-12-19 08:26:15
500101232,15,1,14,2024-12-19 08:27:16
500108023,15,0,14,2024-12-19 08:14:16
500110070,15,1,14,2024-12-19 08:46:16
500110081,15,1,14,2024-12-19 08:27:16
500113075,15,1,14,2024-12-19 08:34:16
500104111,15,0,15,2024-12-19 08:16:15
500105079,15,0,15,2024-12-19 07:21:16
500107135,15,0,15,2024-12-19 07:37:15
500108012,15,0,15,2024-12-19 07:54:16
500113047,15,0,15,2024-12-19 08:13:15
500105066,15,5,10,2024-12-19 23:26:15
500101103,15,7,0,2024-12-19 00:03:16
500101117,15,6,9,2024-12-19 00:44:15
500101149,15,13,2,2024-12-19 00:18:14
500109060,15,7,7,2024-12-19 00:07:15
500109097,15,7,7,2024-12-19 00:07:15
500109104,15,8,7,2024-12-19 00:11:14
500110070,15,4,11,2024-12-19 00:25:16
500113050,15,6,9,2024-12-19 00:07:16
500113077,15,3,9,2024-12-19 00:15:16
500105071,15,2,13,2024-12-19 23:41:15
500103062,15,9,6,2024-12-19 00:00:16
500110082,15,8,7,2024-12-19 00:01:14
500113048,15,8,5,2024-12-19 00:07:15
500113075,15,8,5,2024-12-19 22:51:15
500106008,15,8,6,2024-12-19 22:22:15
500107030,15,11,3,2024-12-19 23:23:14
500108059,15,12,3,2024-12-19 21:03:15
500105075,15,9,6,2024-12-19 21:57:15
500107068,15,3,12,2024-12-19 22:59:15
500104013,15,5,10,2024-12-19 21:38:15
500109016,15,9,6,2024-12-19 23:15:15
500108012,15,11,4,2024-12-19 21:59:15
500110088,15,1,13,2024-12-19 01:08:16
500107080,15,1,14,2024-12-19 00:24:16
500107135,15,2,13,2024-12-19 01:14:14
500113077,15,3,9,2024-12-19 01:07:15
500107104,15,4,11,2024-12-19 01:10:16
500101117,15,5,10,2024-12-19 01:01:14
500107127,15,6,9,2024-12-19 00:26:15
500105083,15,8,7,2024-12-19 00:51:14
500108031,15,9,6,2024-12-19 00:04:16
500101145,15,10,4,2024-12-19 01:13:15
500113074,15,10,5,2024-12-19 01:05:16
500113075,15,13,2,2024-12-19 00:13:15
500103003,15,14,0,2024-12-19 00:36:15
500106074,15,14,0,2024-12-19 00:20:17
500101232,15,1,14,2024-12-19 23:19:15
500104121,15,1,14,2024-12-19 23:10:16
500107104,15,4,11,2024-12-19 22:16:15
500104111,15,6,3,2024-12-19 22:43:15
500108023,15,6,9,2024-12-19 23:16:15
500107080,15,7,8,2024-12-19 20:58:15
500103069,15,9,6,2024-12-19 22:16:14
500106013,15,10,4,2024-12-19 23:11:15
500112094,15,12,3,2024-12-19 23:15:14
500113037,15,12,3,2024-12-19 23:04:15
500111018,15,15,0,2024-12-19 23:19:15
500106015,15,0,14,2024-12-19 21:42:15
500105077,15,4,10,2024-12-19 22:26:15
500108148,15,6,9,2024-12-19 21:51:15
500109030,15,7,8,2024-12-19 22:16:15
500113074,15,9,6,2024-12-19 22:21:15
500107067,15,12,3,2024-12-19 22:37:15
500109016,15,13,2,2024-12-19 22:18:15
500110070,15,13,2,2024-12-19 22:20:15
500104059,15,14,0,2024-12-19 22:32:15
500101239,15,14,1,2024-12-19 22:07:15
500107106,15,0,15,2024-12-19 21:37:16
500110088,15,1,14,2024-12-19 21:18:15
500101197,15,2,13,2024-12-19 21:36:15
500104071,15,4,11,2024-12-19 21:26:15
500103069,15,7,8,2024-12-19 21:39:15
500105039,15,7,8,2024-12-19 21:36:15
500109018,15,7,8,2024-12-19 20:31:15
500109104,15,7,8,2024-12-19 20:18:15
500110027,15,8,5,2024-12-19 21:29:15
500108031,15,8,7,2024-12-19 21:33:15
500109097,15,8,7,2024-12-19 21:25:16
500104130,15,10,4,2024-12-19 21:29:15
500101239,15,11,4,2024-12-19 21:35:16
500104117,15,11,4,2024-12-19 20:22:15
500105096,15,12,3,2024-12-19 21:28:15
500107135,15,1,14,2024-12-19 02:09:15
500113047,15,1,14,2024-12-19 03:03:15
500110043,15,2,13,2024-12-19 02:48:14
500108119,15,4,11,2024-12-19 02:06:15
500101145,15,7,7,2024-12-19 02:56:15
500108019,15,7,7,2024-12-19 02:37:15
500106100,15,7,8,2024-12-19 01:24:14
500101224,15,10,5,2024-12-19 02:19:15
500109104,15,10,5,2024-12-19 01:56:14
500113074,15,11,4,2024-12-19 01:39:15
500104131,15,12,3,2024-12-19 01:46:14
500104106,15,14,0,2024-12-19 01:52:15
500108059,15,14,1,2024-12-19 01:31:15
500113037,15,14,1,2024-12-19 03:01:16
500101130,15,15,0,2024-12-19 02:27:15
500105071,15,2,13,2024-12-19 03:56:15
500106108,15,6,5,2024-12-19 03:43:14
500112090,15,6,9,2024-12-19 03:52:14
500108170,15,8,7,2024-12-19 03:22:14
500103003,15,12,2,2024-12-19 03:27:15
500113037,15,15,0,2024-12-19 03:16:14
500104111,15,2,7,2024-12-19 22:07:16
500107074,15,3,12,2024-12-19 22:01:15
500104106,15,5,9,2024-12-19 21:59:15
500109060,15,5,9,2024-12-19 22:02:15
500107156,15,8,3,2024-12-19 22:07:15
500113086,15,9,6,2024-12-19 21:53:15
500103065,15,11,3,2024-12-19 22:01:15
500101130,15,12,3,2024-12-19 21:58:15
500101145,15,14,1,2024-12-19 21:56:15
500101184,15,13,2,2024-12-19 01:24:14
500113077,15,4,9,2024-12-19 21:53:15
500107074,15,4,11,2024-12-19 21:59:15
500113048,15,10,3,2024-12-19 21:57:15
500101149,15,14,1,2024-12-19 21:51:15
500107135,15,3,12,2024-12-19 00:38:14
500107156,15,9,3,2024-12-19 00:26:15
500107104,15,9,6,2024-12-19 00:55:16
500101042,15,15,0,2024-12-19 01:06:15
500104106,15,13,1,2024-12-19 01:27:15
500106074,15,14,0,2024-12-19 01:31:15
500101229,15,10,5,2024-12-19 02:13:15
500105066,15,3,12,2024-12-19 02:04:15
500110082,15,10,5,2024-12-19 02:10:16
500101177,15,12,3,2024-12-19 02:15:15
500107135,15,9,6,2024-12-19 22:41:15
500107154,15,11,4,2024-12-19 22:49:14
500101149,15,14,1,2024-12-19 22:47:15
500110043,15,3,12,2024-12-19 23:08:15
500106108,15,5,8,2024-12-19 23:06:15
500105077,15,5,9,2024-12-19 22:54:15
500107033,15,6,9,2024-12-19 23:06:15
500106074,15,14,0,2024-12-19 22:57:16
500112106,15,10,5,2024-12-19 22:10:17
500113074,15,10,5,2024-12-19 22:18:15
500101155,15,12,3,2024-12-19 22:19:15
500113050,15,14,1,2024-12-19 22:15:16
500110074,15,4,10,2024-12-19 04:41:15
500101145,15,7,7,2024-12-19 04:43:15
500107074,15,4,11,2024-12-19 22:24:14
500101042,15,14,1,2024-12-19 22:26:15
500110027,15,12,1,2024-12-19 22:54:15
500110043,15,0,15,2024-12-19 03:36:15
500104106,15,12,2,2024-12-19 03:36:15
500105066,15,5,10,2024-12-19 23:33:15
500107054,15,14,0,2024-12-19 09:40:19
500107127,15,15,0,2024-12-19 11:28:15
500107127,15,15,0,2024-12-19 10:06:15
500107156,15,14,0,2024-12-19 12:25:15
500101184,15,14,1,2024-12-19 12:56:15
500106100,15,14,1,2024-12-19 11:14:16
500111087,15,14,1,2024-12-19 10:31:16
500107054,15,13,2,2024-12-19 12:19:16
500101145,15,11,3,2024-12-19 09:26:15
500104124,15,12,3,2024-12-19 09:54:15
500104131,15,12,3,2024-12-19 09:27:15
500107033,15,12,3,2024-12-19 09:36:15
500107054,15,11,3,2024-12-19 10:28:15
500111086,15,11,3,2024-12-19 11:53:16
500107154,15,11,4,2024-12-19 09:07:15
500113080,15,11,4,2024-12-19 09:17:15
500101229,15,10,5,2024-12-19 11:48:15
500105071,15,10,5,2024-12-19 09:08:15
500105082,15,9,5,2024-12-19 12:40:17
500107068,15,10,5,2024-12-19 12:39:15
500107156,15,9,5,2024-12-19 09:47:14
500108148,15,10,5,2024-12-19 08:59:14
500103003,15,9,6,2024-12-19 09:36:14
500103065,15,9,6,2024-12-19 09:09:15
500105075,15,9,6,2024-12-19 10:31:15
500107081,15,9,6,2024-12-19 12:24:16
500107156,15,8,6,2024-12-19 10:06:15
500108015,15,9,6,2024-12-19 10:52:15
500108148,15,9,6,2024-12-19 09:11:15
500109082,15,9,6,2024-12-19 09:45:15
500109098,15,9,6,2024-12-19 10:37:16
500110074,15,9,6,2024-12-19 10:32:15
500111006,15,9,6,2024-12-19 12:40:17
500112019,15,9,6,2024-12-19 09:37:15
500101229,15,7,7,2024-12-19 11:28:15
500106124,15,8,7,2024-12-19 10:53:16
500107081,15,8,7,2024-12-19 09:49:14
500107125,15,5,7,2024-12-19 09:41:15
500111006,15,8,7,2024-12-19 12:37:15
500113050,15,8,7,2024-12-19 10:00:18
500113077,15,8,7,2024-12-19 08:52:16
500113086,15,8,7,2024-12-19 11:28:16
500104124,15,7,8,2024-12-19 10:22:16
500104124,15,7,8,2024-12-19 10:58:16
500105071,15,7,8,2024-12-19 10:44:16
500106008,15,6,8,2024-12-19 12:42:15
500107030,15,7,8,2024-12-19 09:35:16
500107154,15,7,8,2024-12-19 11:27:15
500108019,15,6,8,2024-12-19 09:09:15
500108031,15,7,8,2024-12-19 12:02:16
500109082,15,7,8,2024-12-19 09:33:15
500109089,15,6,8,2024-12-19 09:57:15
500109100,15,7,8,2024-12-19 11:23:15
500111018,15,7,8,2024-12-19 12:43:15
500104121,15,6,9,2024-12-19 11:19:15
500105083,15,6,9,2024-12-19 11:47:16
500106027,15,5,9,2024-12-19 10:35:16
500106108,15,5,9,2024-12-19 10:41:15
500108031,15,6,9,2024-12-19 09:24:15
500108075,15,6,9,2024-12-19 11:07:16
500108075,15,6,9,2024-12-19 09:39:15
500108085,15,5,9,2024-12-19 09:00:18
500108172,15,6,9,2024-12-19 09:45:15
500110083,15,6,9,2024-12-19 09:11:15
500110088,15,6,9,2024-12-19 10:45:16
500111006,15,6,9,2024-12-19 12:27:14
500111077,15,6,9,2024-12-19 12:10:16
500113062,15,5,9,2024-12-19 10:26:14
500101117,15,5,10,2024-12-19 12:41:15
500101163,15,5,10,2024-12-19 12:52:15
500101208,15,5,10,2024-12-19 12:57:14
500104013,15,5,10,2024-12-19 10:25:16
500104049,15,5,10,2024-12-19 09:17:16
500104049,15,5,10,2024-12-19 11:16:15
500104106,15,4,10,2024-12-19 10:57:15
500104121,15,5,10,2024-12-19 11:53:16
500104128,15,5,10,2024-12-19 09:57:15
500105076,15,5,10,2024-12-19 08:56:15
500106027,15,4,10,2024-12-19 12:53:15
500106109,15,5,10,2024-12-19 12:44:15
500107033,15,5,10,2024-12-19 12:38:15
500107039,15,5,10,2024-12-19 10:42:15
500107074,15,5,10,2024-12-19 10:58:16
500107125,15,5,10,2024-12-19 12:25:15
500107145,15,5,10,2024-12-19 12:06:16
500108031,15,5,10,2024-12-19 09:47:15
500108143,15,5,10,2024-12-19 12:20:16
500110074,15,4,10,2024-12-19 09:35:16
500112019,15,5,10,2024-12-19 09:57:15
500101155,15,4,11,2024-12-19 12:19:16
500104049,15,4,11,2024-12-19 10:34:15
500106109,15,4,11,2024-12-19 12:19:15
500106124,15,4,11,2024-12-19 10:27:15
500107039,15,4,11,2024-12-19 11:47:16
500108085,15,3,11,2024-12-19 10:53:16
500108119,15,4,11,2024-12-19 09:07:15
500108142,15,4,11,2024-12-19 09:25:16
500109016,15,4,11,2024-12-19 10:22:16
500109030,15,4,11,2024-12-19 11:18:15
500109104,15,4,11,2024-12-19 10:37:16
500110088,15,4,11,2024-12-19 11:02:15
500112094,15,3,11,2024-12-19 11:23:14
500113086,15,4,11,2024-12-19 12:36:15
500101029,15,2,12,2024-12-19 09:40:16
500101232,15,3,12,2024-12-19 11:38:15
500103069,15,3,12,2024-12-19 12:38:15
500104059,15,3,12,2024-12-19 13:08:15
500104068,15,3,12,2024-12-19 08:50:16
500104096,15,3,12,2024-12-19 12:26:15
500104111,15,3,12,2024-12-19 12:16:15
500104121,15,1,12,2024-12-19 10:07:16
500104125,15,3,12,2024-12-19 11:49:16
500104125,15,3,12,2024-12-19 11:00:18
500104128,15,3,12,2024-12-19 12:54:15
500105039,15,3,12,2024-12-19 13:01:15
500107067,15,3,12,2024-12-19 09:17:16
500107074,15,3,12,2024-12-19 11:45:15
500107134,15,2,12,2024-12-19 11:54:15
500107139,15,3,12,2024-12-19 11:13:15
500107146,15,2,12,2024-12-19 10:04:16
500107154,15,3,12,2024-12-19 12:57:15
500109059,15,3,12,2024-12-19 09:49:15
500110074,15,2,12,2024-12-19 09:05:16
500110088,15,3,12,2024-12-19 10:06:15
500112094,15,2,12,2024-12-19 09:57:15
500101103,15,2,13,2024-12-19 11:50:16
500101149,15,2,13,2024-12-19 10:40:16
500101149,15,2,13,2024-12-19 11:13:15
500101155,15,2,13,2024-12-19 11:03:15
500101177,15,2,13,2024-12-19 09:45:15
500101208,15,2,13,2024-12-19 12:01:16
500101232,15,2,13,2024-12-19 12:28:15
500101239,15,2,13,2024-12-19 08:55:16
500103069,15,2,13,2024-12-19 09:27:15
500104002,15,2,13,2024-12-19 11:03:16
500104071,15,2,13,2024-12-19 12:37:15
500104071,15,2,13,2024-12-19 11:56:16
500104128,15,2,13,2024-12-19 11:09:15
500105066,15,2,13,2024-12-19 12:04:16
500106008,15,2,13,2024-12-19 10:53:16
500108031,15,2,13,2024-12-19 10:07:16
500109104,15,2,13,2024-12-19 12:10:16
500110043,15,2,13,2024-12-19 09:27:15
500111084,15,2,13,2024-12-19 11:38:14
500101042,15,1,14,2024-12-19 11:24:15
500101117,15,1,14,2024-12-19 09:28:16
500101163,15,1,14,2024-12-19 11:38:15
500101197,15,1,14,2024-12-19 10:02:15
500101232,15,1,14,2024-12-19 10:27:16
500101239,15,1,14,2024-12-19 10:47:16
500103065,15,1,14,2024-12-19 13:06:14
500104002,15,1,14,2024-12-19 08:59:15
500104111,15,1,14,2024-12-19 11:07:16
500105066,15,1,14,2024-12-19 09:27:15
500105066,15,1,14,2024-12-19 09:36:15
500106028,15,1,14,2024-12-19 12:36:15
500107074,15,1,14,2024-12-19 10:04:16
500107135,15,1,14,2024-12-19 10:55:16
500108170,15,1,14,2024-12-19 09:51:16
500110027,15,0,14,2024-12-19 11:52:16
500110081,15,1,14,2024-12-19 12:16:15
500111084,15,1,14,2024-12-19 10:26:14
500112090,15,1,14,2024-12-19 11:38:15
500113054,15,1,14,2024-12-19 12:00:19
500113054,15,1,14,2024-12-19 10:08:16
500101163,15,0,15,2024-12-19 10:36:15
500101224,15,0,15,2024-12-19 11:39:15
500103065,15,0,15,2024-12-19 11:17:15
500104071,15,0,15,2024-12-19 09:30:18
500104071,15,0,15,2024-12-19 09:55:16
500105066,15,0,15,2024-12-19 10:15:16
500106013,15,0,15,2024-12-19 12:27:15
500106028,15,0,15,2024-12-19 12:27:15
500108170,15,0,15,2024-12-19 10:04:16
500108172,15,0,15,2024-12-19 11:46:14
500112019,15,0,15,2024-12-19 09:06:15
500112019,15,0,15,2024-12-19 10:14:14
500112019,15,0,15,2024-12-19 10:36:15
500112090,15,0,15,2024-12-19 11:04:16
500101130,15,15,0,2024-12-19 19:29:15
500101155,15,15,0,2024-12-19 20:59:17
500106013,15,15,0,2024-12-19 20:03:15
500108031,15,15,0,2024-12-19 18:29:15
500110070,15,15,0,2024-12-19 18:08:15
500101145,15,14,1,2024-12-19 18:36:16
500101177,15,14,1,2024-12-19 19:56:16
500106124,15,14,1,2024-12-19 19:17:15
500107156,15,14,1,2024-12-19 18:17:15
500108012,15,14,1,2024-12-19 19:29:15
500108031,15,14,1,2024-12-19 19:05:16
500111086,15,14,1,2024-12-19 17:27:16
500112094,15,14,1,2024-12-19 21:19:15
500106027,15,13,2,2024-12-19 18:29:16
500106074,15,12,2,2024-12-19 18:58:16
500107047,15,11,2,2024-12-19 20:08:15
500107156,15,13,2,2024-12-19 19:04:15
500109030,15,13,2,2024-12-19 17:54:15
500113047,15,13,2,2024-12-19 20:23:15
500101042,15,12,3,2024-12-19 20:03:15
500104071,15,12,3,2024-12-19 18:06:15
500106008,15,11,3,2024-12-19 20:16:16
500106013,15,12,3,2024-12-19 20:48:15
500106100,15,12,3,2024-12-19 18:20:17
500106108,15,11,3,2024-12-19 20:29:15
500107074,15,12,3,2024-12-19 19:07:15
500110070,15,12,3,2024-12-19 17:48:15
500111018,15,12,3,2024-12-19 18:16:16
500111073,15,12,3,2024-12-19 17:23:15
500113077,15,9,3,2024-12-19 20:39:16
500101229,15,11,4,2024-12-19 17:37:16
500101229,15,11,4,2024-12-19 17:48:15
500103065,15,10,4,2024-12-19 19:25:15
500104056,15,11,4,2024-12-19 17:40:17
500104125,15,11,4,2024-12-19 19:49:15
500104128,15,8,4,2024-12-19 19:28:15
500105075,15,11,4,2024-12-19 17:54:14
500106013,15,11,4,2024-12-19 18:44:16
500106100,15,11,4,2024-12-19 20:05:15
500107047,15,8,4,2024-12-19 21:12:15
500107054,15,11,4,2024-12-19 18:05:16
500108123,15,11,4,2024-12-19 18:42:16
500109030,15,11,4,2024-12-19 20:38:15
500110043,15,11,4,2024-12-19 21:14:15
500111084,15,11,4,2024-12-19 19:58:14
500111084,15,11,4,2024-12-19 19:27:15
500112106,15,11,4,2024-12-19 21:03:15
500113047,15,11,4,2024-12-19 19:04:15
500113048,15,9,4,2024-12-19 19:06:16
500101145,15,10,5,2024-12-19 20:38:15
500101149,15,10,5,2024-12-19 20:40:16
500101208,15,10,5,2024-12-19 18:58:15
500106027,15,8,5,2024-12-19 20:35:16
500106027,15,10,5,2024-12-19 17:47:16
500107067,15,10,5,2024-12-19 20:58:14
500107146,15,9,5,2024-12-19 18:24:16
500108019,15,9,5,2024-12-19 18:58:16
500108019,15,9,5,2024-12-19 20:39:16
500108139,15,9,5,2024-12-19 18:36:16
500113077,15,7,5,2024-12-19 18:57:15
500101155,15,9,6,2024-12-19 19:49:15
500101239,15,9,6,2024-12-19 18:58:16
500104049,15,9,6,2024-12-19 19:57:15
500104096,15,9,6,2024-12-19 17:53:15
500104125,15,9,6,2024-12-19 18:55:17
500105039,15,9,6,2024-12-19 20:40:16
500105079,15,9,6,2024-12-19 20:39:16
500105096,15,9,6,2024-12-19 18:17:15
500106027,15,9,6,2024-12-19 18:02:15
500106109,15,9,6,2024-12-19 18:02:15
500106109,15,9,6,2024-12-19 21:19:16
500107067,15,9,6,2024-12-19 20:39:16
500107074,15,9,6,2024-12-19 18:57:15
500107135,15,9,6,2024-12-19 19:50:16
500108059,15,9,6,2024-12-19 20:03:15
500109030,15,9,6,2024-12-19 19:14:16
500109060,15,8,6,2024-12-19 19:29:15
500109060,15,8,6,2024-12-19 18:16:16
500109080,15,9,6,2024-12-19 20:06:15
500113080,15,9,6,2024-12-19 18:49:16
500101029,15,8,7,2024-12-19 17:35:16
500101042,15,8,7,2024-12-19 18:46:15
500101103,15,8,7,2024-12-19 18:05:16
500101130,15,8,7,2024-12-19 18:29:16
500101224,15,8,7,2024-12-19 19:17:15
500104049,15,8,7,2024-12-19 19:23:15
500104096,15,8,7,2024-12-19 17:43:16
500104096,15,8,7,2024-12-19 18:58:16
500104121,15,8,7,2024-12-19 17:41:16
500104131,15,5,7,2024-12-19 19:23:16
500105039,15,8,7,2024-12-19 20:55:17
500106124,15,8,7,2024-12-19 21:02:15
500107054,15,8,7,2024-12-19 17:37:16
500108050,15,8,7,2024-12-19 18:12:15
500109016,15,8,7,2024-12-19 19:07:15
500109060,15,7,7,2024-12-19 18:06:15
500101224,15,7,8,2024-12-19 18:57:15
500104071,15,7,8,2024-12-19 18:56:15
500104106,15,6,8,2024-12-19 18:27:15
500104111,15,7,8,2024-12-19 19:05:15
500104121,15,7,8,2024-12-19 20:31:15
500106108,15,6,8,2024-12-19 18:24:16
500106109,15,7,8,2024-12-19 17:29:16
500106124,15,7,8,2024-12-19 17:27:16
500107068,15,7,8,2024-12-19 20:48:15
500107080,15,7,8,2024-12-19 18:13:16
500107154,15,7,8,2024-12-19 20:38:15
500108015,15,7,8,2024-12-19 18:07:16
500108050,15,7,8,2024-12-19 19:21:15
500108050,15,7,8,2024-12-19 18:22:16
500108172,15,7,8,2024-12-19 20:25:15
500110027,15,5,8,2024-12-19 20:13:15
500110027,15,5,8,2024-12-19 20:59:15
500101149,15,6,9,2024-12-19 19:43:15
500101163,15,6,9,2024-12-19 17:28:15
500103003,15,5,9,2024-12-19 18:25:17
500104111,15,4,9,2024-12-19 19:23:16
500106074,15,5,9,2024-12-19 19:45:16
500107002,15,6,9,2024-12-19 19:16:15
500107047,15,4,9,2024-12-19 18:05:16
500107154,15,6,9,2024-12-19 17:08:16
500108172,15,6,9,2024-12-19 17:39:15
500108185,15,6,9,2024-12-19 20:35:16
500108185,15,6,9,2024-12-19 17:19:15
500108185,15,6,9,2024-12-19 19:40:15
500109102,15,6,9,2024-12-19 18:44:16
500113077,15,4,9,2024-12-19 21:17:15
500101117,15,5,10,2024-12-19 19:04:15
500101232,15,5,10,2024-12-19 17:38:16
500104068,15,5,10,2024-12-19 18:26:16
500104125,15,5,10,2024-12-19 17:47:16
500105066,15,5,10,2024-12-19 20:11:16
500106027,15,3,10,2024-12-19 19:01:15
500106028,15,5,10,2024-12-19 19:51:15
500106028,15,5,10,2024-12-19 18:23:16
500107146,15,4,10,2024-12-19 19:51:15
500108023,15,5,10,2024-12-19 20:56:15
500109016,15,5,10,2024-12-19 18:28:16
500109089,15,4,10,2024-12-19 20:04:16
500110043,15,5,10,2024-12-19 20:38:15
500110074,15,5,10,2024-12-19 21:14:15
500101224,15,4,11,2024-12-19 18:16:16
500103065,15,3,11,2024-12-19 17:37:15
500103065,15,3,11,2024-12-19 17:48:14
500103065,15,3,11,2024-12-19 18:41:15
500105066,15,4,11,2024-12-19 20:53:15
500105083,15,4,11,2024-12-19 18:43:15
500107052,15,3,11,2024-12-19 19:58:15
500107052,15,3,11,2024-12-19 18:36:16
500107135,15,4,11,2024-12-19 17:48:15
500108119,15,4,11,2024-12-19 18:04:16
500109082,15,4,11,2024-12-19 20:12:15
500109089,15,3,11,2024-12-19 17:24:15
500112090,15,4,11,2024-12-19 17:20:17
500112094,15,4,11,2024-12-19 18:18:16
500113050,15,4,11,2024-12-19 17:24:16
500101117,15,3,12,2024-12-19 19:28:15
500101117,15,3,12,2024-12-19 18:08:16
500101117,15,3,12,2024-12-19 19:19:14
500101232,15,3,12,2024-12-19 19:49:15
500103069,15,3,12,2024-12-19 17:24:15
500103069,15,3,12,2024-12-19 19:27:15
500104101,15,3,12,2024-12-19 17:20:17
500106015,15,2,12,2024-12-19 18:08:16
500107052,15,2,12,2024-12-19 17:21:14
500107052,15,2,12,2024-12-19 17:47:16
500107052,15,2,12,2024-12-19 19:34:15
500107052,15,2,12,2024-12-19 18:47:16
500109016,15,3,12,2024-12-19 17:47:16
500110074,15,3,12,2024-12-19 19:06:15
500112094,15,3,12,2024-12-19 19:02:16
500113054,15,3,12,2024-12-19 20:28:15
500108023,15,2,13,2024-12-19 18:16:15
500109018,15,2,13,2024-12-19 18:33:16
500109082,15,2,13,2024-12-19 17:57:15
500111006,15,2,13,2024-12-19 19:29:15
500113054,15,2,13,2024-12-19 17:04:15
500113062,15,2,13,2024-12-19 18:06:15
500101042,15,1,14,2024-12-19 18:15:17
500101042,15,1,14,2024-12-19 18:28:16
500101197,15,1,14,2024-12-19 18:46:15
500104053,15,1,14,2024-12-19 16:57:16
500105066,15,1,14,2024-12-19 19:51:16
500105071,15,1,14,2024-12-19 18:54:15
500107039,15,1,14,2024-12-19 21:16:15
500108170,15,1,14,2024-12-19 19:48:15
500110088,15,1,14,2024-12-19 20:35:16
500110088,15,1,14,2024-12-19 17:48:16
500110088,15,1,14,2024-12-19 19:47:15
500112019,15,1,14,2024-12-19 17:48:15
500112090,15,1,14,2024-12-19 20:36:15
500112094,15,1,14,2024-12-19 18:37:15
500113074,15,1,14,2024-12-19 17:59:15
500101117,15,0,15,2024-12-19 20:08:14
500109073,15,0,15,2024-12-19 18:55:17
500110082,15,0,15,2024-12-19 19:17:16
500111006,15,0,15,2024-12-19 19:59:17
500112090,15,0,15,2024-12-19 17:52:16
500101145,15,14,1,2024-12-19 16:26:15
500104128,15,14,1,2024-12-19 17:05:17
500110043,15,14,1,2024-12-19 13:36:15
500111006,15,13,2,2024-12-19 17:06:16
500101184,15,12,3,2024-12-19 14:08:15
500107054,15,12,3,2024-12-19 13:13:14
500107139,15,12,3,2024-12-19 17:16:16
500110043,15,12,3,2024-12-19 13:16:15
500101184,15,11,4,2024-12-19 13:19:15
500101229,15,11,4,2024-12-19 15:36:15
500106124,15,11,4,2024-12-19 15:09:15
500108023,15,10,4,2024-12-19 15:29:15
500111006,15,11,4,2024-12-19 13:46:16
500112094,15,11,4,2024-12-19 17:18:16
500101130,15,10,5,2024-12-19 16:26:15
500106074,15,9,5,2024-12-19 17:14:16
500107039,15,10,5,2024-12-19 14:56:15
500107047,15,8,5,2024-12-19 17:14:16
500107080,15,10,5,2024-12-19 17:04:15
500107134,15,9,5,2024-12-19 17:02:15
500110074,15,10,5,2024-12-19 14:29:15
500101184,15,9,6,2024-12-19 15:53:14
500101229,15,9,6,2024-12-19 13:28:15
500101229,15,9,6,2024-12-19 14:45:15
500106008,15,8,6,2024-12-19 15:26:14
500106109,15,9,6,2024-12-19 14:43:15
500106124,15,9,6,2024-12-19 17:17:16
500107002,15,9,6,2024-12-19 15:35:16
500107030,15,8,6,2024-12-19 16:45:17
500107080,15,9,6,2024-12-19 17:15:17
500103003,15,8,7,2024-12-19 14:32:14
500103062,15,8,7,2024-12-19 16:36:15
500103062,15,8,7,2024-12-19 14:27:14
500103065,15,7,7,2024-12-19 16:46:15
500106008,15,7,7,2024-12-19 16:19:15
500107033,15,8,7,2024-12-19 14:46:15
500107121,15,7,7,2024-12-19 16:43:15
500108077,15,8,7,2024-12-19 15:07:15
500108119,15,8,7,2024-12-19 17:18:16
500110088,15,8,7,2024-12-19 14:04:14
500113086,15,8,7,2024-12-19 16:46:15
500101184,15,7,8,2024-12-19 16:45:17
500101213,15,7,8,2024-12-19 14:34:14
500104002,15,7,8,2024-12-19 17:16:16
500105082,15,7,8,2024-12-19 14:54:15
500106027,15,7,8,2024-12-19 17:08:15
500106124,15,7,8,2024-12-19 16:56:15
500107039,15,7,8,2024-12-19 16:56:15
500107134,15,6,8,2024-12-19 13:39:16
500107135,15,7,8,2024-12-19 17:15:16
500109073,15,7,8,2024-12-19 13:16:15
500113077,15,7,8,2024-12-19 17:15:17
500101042,15,6,9,2024-12-19 14:58:15
500101208,15,6,9,2024-12-19 13:17:15
500101213,15,6,9,2024-12-19 16:17:15
500103069,15,6,9,2024-12-19 16:12:15
500106124,15,6,9,2024-12-19 15:43:15
500106124,15,6,9,2024-12-19 16:29:15
500107039,15,6,9,2024-12-19 16:22:16
500107052,15,5,9,2024-12-19 13:55:16
500109100,15,6,9,2024-12-19 16:46:15
500113037,15,6,9,2024-12-19 15:15:16
500101042,15,5,10,2024-12-19 16:06:15
500101197,15,5,10,2024-12-19 16:45:17
500103065,15,5,10,2024-12-19 16:06:15
500104049,15,5,10,2024-12-19 16:27:16
500104071,15,5,10,2024-12-19 15:43:15
500104096,15,5,10,2024-12-19 16:23:15
500105071,15,5,10,2024-12-19 15:17:16
500105082,15,5,10,2024-12-19 15:48:15
500107052,15,4,10,2024-12-19 14:26:15
500108075,15,5,10,2024-12-19 13:36:16
500108172,15,5,10,2024-12-19 15:33:15
500108185,15,5,10,2024-12-19 17:12:16
500109073,15,5,10,2024-12-19 15:33:15
500110081,15,5,10,2024-12-19 14:24:15
500110083,15,5,10,2024-12-19 15:37:16
500112090,15,5,10,2024-12-19 17:18:16
500113080,15,5,10,2024-12-19 14:54:15
500101155,15,4,11,2024-12-19 15:52:15
500101163,15,4,11,2024-12-19 13:58:16
500104002,15,4,11,2024-12-19 16:33:15
500104071,15,4,11,2024-12-19 13:54:15
500104071,15,4,11,2024-12-19 14:21:15
500105076,15,4,11,2024-12-19 16:41:15
500107052,15,3,11,2024-12-19 15:46:15
500107074,15,4,11,2024-12-19 16:35:15
500107106,15,4,11,2024-12-19 16:36:15
500107135,15,4,11,2024-12-19 13:28:16
500107135,15,4,11,2024-12-19 16:41:14
500107135,15,4,11,2024-12-19 17:04:15
500108172,15,4,11,2024-12-19 16:56:15
500112106,15,4,11,2024-12-19 15:34:15
500101042,15,3,12,2024-12-19 15:34:15
500101155,15,3,12,2024-12-19 15:36:15
500101239,15,3,12,2024-12-19 16:56:15
500104049,15,3,12,2024-12-19 15:19:16
500105071,15,3,12,2024-12-19 13:09:15
500105071,15,3,12,2024-12-19 14:58:15
500106013,15,3,12,2024-12-19 15:52:15
500106087,15,2,12,2024-12-19 16:59:15
500107135,15,3,12,2024-12-19 16:18:16
500107146,15,2,12,2024-12-19 13:51:15
500113050,15,3,12,2024-12-19 16:38:14
500101155,15,2,13,2024-12-19 16:46:15
500101224,15,2,13,2024-12-19 16:27:15
500104013,15,2,13,2024-12-19 17:11:15
500104049,15,2,13,2024-12-19 13:34:16
500106074,15,1,13,2024-12-19 14:08:15
500106108,15,1,13,2024-12-19 16:36:15
500106128,15,2,13,2024-12-19 14:33:15
500110027,15,1,13,2024-12-19 16:35:16
500110043,15,2,13,2024-12-19 17:14:16
500112019,15,2,13,2024-12-19 16:15:16
500101117,15,1,14,2024-12-19 13:36:16
500101232,15,1,14,2024-12-19 14:18:15
500103069,15,1,14,2024-12-19 16:36:15
500105066,15,1,14,2024-12-19 16:16:14
500106129,15,1,14,2024-12-19 15:23:14
500109104,15,1,14,2024-12-19 16:22:16
500110027,15,0,14,2024-12-19 15:42:15
500110088,15,1,14,2024-12-19 16:57:16
500112019,15,1,14,2024-12-19 16:48:16
500101163,15,0,15,2024-12-19 15:27:15
500110082,15,0,15,2024-12-19 17:12:16
500113047,15,2,13,2024-12-19 02:50:16
500107139,15,14,1,2024-12-19 02:56:15
500110088,15,2,13,2024-12-19 21:44:15
500104121,15,3,12,2024-12-19 21:49:15
500111006,15,5,10,2024-12-19 21:47:15
500104071,15,6,9,2024-12-19 21:49:15
500107121,15,9,5,2024-12-19 21:49:15
500107030,15,13,1,2024-12-19 21:40:15
500101239,15,13,2,2024-12-19 21:41:15
500101145,15,14,1,2024-12-19 21:47:15
500101229,15,14,0,2024-12-19 06:00:17
500101184,15,14,1,2024-12-19 07:32:14
500101229,15,13,1,2024-12-19 06:14:15
500101229,15,13,1,2024-12-19 06:27:15
500106109,15,14,1,2024-12-19 06:34:15
500109059,15,14,1,2024-12-19 04:48:15
500109089,15,13,1,2024-12-19 07:09:15
500110088,15,13,1,2024-12-19 07:46:15
500104111,15,8,2,2024-12-19 05:11:15
500104124,15,12,2,2024-12-19 05:05:16
500107106,15,13,2,2024-12-19 05:23:15
500107139,15,13,2,2024-12-19 08:27:16
500107146,15,13,2,2024-12-19 06:02:15
500101103,15,12,3,2024-12-19 07:37:15
500101145,15,11,3,2024-12-19 06:46:15
500104053,15,12,3,2024-12-19 08:23:15
500105039,15,12,3,2024-12-19 05:05:16
500106124,15,12,3,2024-12-19 04:58:15
500107030,15,12,3,2024-12-19 06:25:15
500107106,15,12,3,2024-12-19 07:55:17
500107125,15,9,3,2024-12-19 07:59:15
500108015,15,12,3,2024-12-19 08:17:15
500111086,15,11,3,2024-12-19 06:47:15
500101042,15,10,4,2024-12-19 08:17:15
500104111,15,8,4,2024-12-19 06:01:14
500106124,15,11,4,2024-12-19 05:37:15
500107146,15,11,4,2024-12-19 07:15:17
500108023,15,10,4,2024-12-19 04:58:15
500109016,15,11,4,2024-12-19 07:27:15
500110074,15,10,4,2024-12-19 08:37:15
500112094,15,10,4,2024-12-19 06:41:15
500113077,15,11,4,2024-12-19 07:55:17
500101149,15,10,5,2024-12-19 08:16:15
500101184,15,10,5,2024-12-19 08:14:16
500101239,15,10,5,2024-12-19 07:55:16
500103003,15,9,5,2024-12-19 06:31:15
500103062,15,10,5,2024-12-19 07:18:15
500104002,15,10,5,2024-12-19 05:05:16
500104124,15,10,5,2024-12-19 08:21:16
500104125,15,10,5,2024-12-19 07:08:15
500105082,15,9,5,2024-12-19 06:15:16
500106087,15,9,5,2024-12-19 07:12:15
500106100,15,10,5,2024-12-19 06:56:15
500106124,15,10,5,2024-12-19 06:45:16
500107104,15,10,5,2024-12-19 07:37:15
500107104,15,10,5,2024-12-19 07:54:15
500107119,15,5,5,2024-12-19 06:40:15
500107134,15,9,5,2024-12-19 06:24:15
500107145,15,10,5,2024-12-19 07:22:15
500107146,15,10,5,2024-12-19 06:47:15
500110027,15,9,5,2024-12-19 07:29:14
500110082,15,10,5,2024-12-19 07:37:15
500101042,15,8,6,2024-12-19 07:19:16
500101145,15,8,6,2024-12-19 07:35:16
500101232,15,9,6,2024-12-19 06:45:16
500101232,15,9,6,2024-12-19 06:55:16
500104071,15,9,6,2024-12-19 05:55:15
500105082,15,8,6,2024-12-19 07:27:15
500106027,15,6,6,2024-12-19 06:04:14
500106100,15,9,6,2024-12-19 06:40:16
500107080,15,9,6,2024-12-19 08:34:15
500107104,15,9,6,2024-12-19 07:24:15
500107121,15,8,6,2024-12-19 06:16:15
500107139,15,9,6,2024-12-19 07:47:15
500108148,15,9,6,2024-12-19 08:57:15
500108164,15,9,6,2024-12-19 08:03:15
500109104,15,9,6,2024-12-19 07:19:16
500112090,15,9,6,2024-12-19 07:26:15
500101197,15,8,7,2024-12-19 06:54:16
500103003,15,7,7,2024-12-19 07:25:15
500103062,15,8,7,2024-12-19 07:41:15
500104128,15,8,7,2024-12-19 08:57:15
500105071,15,8,7,2024-12-19 08:37:15
500105077,15,8,7,2024-12-19 06:21:15
500105079,15,8,7,2024-12-19 08:21:16
500106013,15,8,7,2024-12-19 07:36:15
500107121,15,7,7,2024-12-19 08:45:16
500107125,15,5,7,2024-12-19 08:47:15
500108012,15,8,7,2024-12-19 08:25:16
500108172,15,8,7,2024-12-19 07:10:16
500110082,15,8,7,2024-12-19 07:25:15
500110083,15,8,7,2024-12-19 08:03:15
500112090,15,8,7,2024-12-19 07:34:15
500104063,15,7,8,2024-12-19 06:56:15
500104128,15,7,8,2024-12-19 08:27:16
500106087,15,6,8,2024-12-19 08:36:15
500106100,15,7,8,2024-12-19 06:26:15
500107039,15,7,8,2024-12-19 05:39:15
500108075,15,7,8,2024-12-19 07:08:14
500108185,15,7,8,2024-12-19 08:47:15
500109016,15,7,8,2024-12-19 08:26:15
500109018,15,7,8,2024-12-19 07:20:16
500110043,15,7,8,2024-12-19 08:17:15
500110043,15,7,8,2024-12-19 08:47:15
500110081,15,7,8,2024-12-19 07:16:15
500113050,15,7,8,2024-12-19 08:47:15
500113077,15,7,8,2024-12-19 08:46:15
500101117,15,6,9,2024-12-19 05:54:14
500101149,15,6,9,2024-12-19 07:17:14
500101208,15,6,9,2024-12-19 07:47:15
500104059,15,3,9,2024-12-19 06:53:14
500104071,15,6,9,2024-12-19 06:41:15
500105071,15,6,9,2024-12-19 06:36:14
500106109,15,6,9,2024-12-19 08:27:15
500107033,15,6,9,2024-12-19 05:27:15
500107135,15,6,9,2024-12-19 08:57:15
500107145,15,6,9,2024-12-19 08:40:16
500108015,15,6,9,2024-12-19 07:26:15
500108019,15,6,9,2024-12-19 07:13:14
500109018,15,6,9,2024-12-19 07:34:15
500109030,15,6,9,2024-12-19 07:11:15
500109060,15,5,9,2024-12-19 08:03:15
500109060,15,5,9,2024-12-19 08:50:16
500109062,15,6,9,2024-12-19 07:25:15
500110074,15,5,9,2024-12-19 08:57:15
500101029,15,4,10,2024-12-19 08:49:15
500101197,15,5,10,2024-12-19 06:23:15
500104111,15,2,10,2024-12-19 07:25:15
500106015,15,4,10,2024-12-19 08:37:15
500107052,15,4,10,2024-12-19 07:15:16
500107134,15,4,10,2024-12-19 07:36:15
500107134,15,4,10,2024-12-19 08:02:15
500107156,15,1,10,2024-12-19 07:27:15
500107156,15,1,10,2024-12-19 07:56:15
500108015,15,5,10,2024-12-19 05:34:15
500108050,15,5,10,2024-12-19 05:36:15
500108139,15,3,10,2024-12-19 08:25:16
500113050,15,5,10,2024-12-19 06:17:14
500101163,15,4,11,2024-12-19 07:55:16
500101229,15,3,11,2024-12-19 07:52:15
500105039,15,4,11,2024-12-19 07:45:16
500105066,15,4,11,2024-12-19 08:10:17
500106124,15,4,11,2024-12-19 08:14:16
500107047,15,3,11,2024-12-19 08:27:16
500107134,15,3,11,2024-12-19 07:51:15
500108142,15,4,11,2024-12-19 07:46:15
500108185,15,4,11,2024-12-19 08:00:17
500101232,15,3,12,2024-12-19 08:47:15
500104013,15,3,12,2024-12-19 08:42:15
500104096,15,3,12,2024-12-19 06:47:15
500105066,15,3,12,2024-12-19 07:11:15
500105083,15,3,12,2024-12-19 07:23:15
500106128,15,2,12,2024-12-19 07:53:16
500107033,15,3,12,2024-12-19 06:30:16
500107054,15,1,12,2024-12-19 07:06:16
500107154,15,3,12,2024-12-19 07:34:15
500111087,15,2,12,2024-12-19 07:26:15
500112019,15,3,12,2024-12-19 08:17:15
500113048,15,1,12,2024-12-19 07:50:19
500113077,15,0,12,2024-12-19 07:13:16
500103069,15,2,13,2024-12-19 07:37:15
500103069,15,2,13,2024-12-19 06:04:14
500104002,15,2,13,2024-12-19 08:08:16
500104071,15,2,13,2024-12-19 06:54:15
500104096,15,2,13,2024-12-19 06:33:15
500104121,15,0,13,2024-12-19 08:27:16
500105077,15,2,13,2024-12-19 08:37:15
500106129,15,1,13,2024-12-19 07:13:16
500107052,15,1,13,2024-12-19 07:57:16
500107068,15,2,13,2024-12-19 08:13:15
500107154,15,2,13,2024-12-19 07:47:15
500111006,15,2,13,2024-12-19 08:38:15
500113048,15,0,13,2024-12-19 07:17:14
500101103,15,1,14,2024-12-19 08:41:15
500101163,15,1,14,2024-12-19 06:55:16
500101177,15,1,14,2024-12-19 08:26:15
500103069,15,1,14,2024-12-19 06:16:15
500105079,15,1,14,2024-12-19 07:43:15
500106013,15,1,14,2024-12-19 08:26:15
500106074,15,0,14,2024-12-19 08:20:19
500106129,15,0,14,2024-12-19 07:36:15
500107039,15,1,14,2024-12-19 08:16:15
500107068,15,1,14,2024-12-19 07:53:16
500108012,15,1,14,2024-12-19 08:08:15
500108023,15,0,14,2024-12-19 08:44:17
500108050,15,1,14,2024-12-19 08:03:15
500109073,15,1,14,2024-12-19 08:05:17
500110070,15,1,14,2024-12-19 08:26:15
500110070,15,1,14,2024-12-19 08:57:15
500113054,15,1,14,2024-12-19 08:46:16
500101163,15,0,15,2024-12-19 07:05:15
500106013,15,0,15,2024-12-19 08:16:15
500107106,15,0,15,2024-12-19 08:45:16
500107135,15,0,15,2024-12-19 06:33:16
500109073,15,0,15,2024-12-19 07:16:16
500110043,15,0,15,2024-12-19 05:17:15
500110070,15,0,15,2024-12-19 08:37:15
500104071,15,14,1,2024-12-19 23:24:15
500101232,15,3,12,2024-12-19 00:30:16
500106015,15,9,5,2024-12-19 00:13:16
500106074,15,13,1,2024-12-19 00:14:15
500106124,15,8,7,2024-12-19 00:01:14
500107033,15,6,9,2024-12-19 00:06:15
500107039,15,1,14,2024-12-19 00:54:15
500107052,15,5,9,2024-12-19 00:14:14
500107145,15,13,2,2024-12-19 00:57:15
500113074,15,10,5,2024-12-19 00:21:15
500110070,15,13,2,2024-12-19 23:43:14
500101103,15,7,0,2024-12-19 00:27:15
500101117,15,5,10,2024-12-19 00:19:15
500101177,15,13,2,2024-12-19 00:56:14
500107135,15,2,13,2024-12-19 00:20:15
500106129,15,2,13,2024-12-19 23:57:15
500107080,15,6,9,2024-12-19 23:42:15
500108077,15,8,7,2024-12-19 21:12:15
500111087,15,8,7,2024-12-19 21:23:16
500109018,15,10,5,2024-12-19 23:22:15
500106109,15,13,2,2024-12-19 22:58:15
500112094,15,15,0,2024-12-19 23:57:15
500107067,15,13,2,2024-12-19 23:08:15
500106013,15,10,4,2024-12-19 23:57:15
500106129,15,4,10,2024-12-19 00:19:15
500107039,15,4,11,2024-12-19 01:11:15
500106108,15,5,6,2024-12-19 01:07:15
500110074,15,5,10,2024-12-19 00:28:14
500106027,15,8,4,2024-12-19 01:05:16
500105077,15,9,6,2024-12-19 00:31:14
500110082,15,9,6,2024-12-19 00:53:15
500111084,15,9,6,2024-12-19 00:33:15
500104124,15,10,3,2024-12-19 01:07:15
500113080,15,10,3,2024-12-19 00:42:15
500109060,15,10,4,2024-12-19 01:13:15
500105075,15,10,5,2024-12-19 00:54:15
500107106,15,10,5,2024-12-19 01:17:14
500103065,15,12,3,2024-12-19 00:38:14
500106013,15,15,0,2024-12-19 00:23:15
500106015,15,1,13,2024-12-19 23:17:15
500107156,15,3,7,2024-12-19 23:14:15
500106108,15,6,7,2024-12-19 23:11:14
500109098,15,8,7,2024-12-19 22:26:15
500104002,15,11,4,2024-12-19 22:44:15
500111006,15,1,14,2024-12-19 22:04:15
500106129,15,3,12,2024-12-19 22:21:15
500108015,15,4,11,2024-12-19 21:59:15
500107052,15,6,8,2024-12-19 22:28:15
500107146,15,8,6,2024-12-19 22:23:14
500104124,15,8,7,2024-12-19 22:33:15
500112094,15,9,6,2024-12-19 22:37:15
500113086,15,10,5,2024-12-19 22:36:15
500108170,15,11,4,2024-12-19 22:10:17
500101042,15,12,3,2024-12-19 22:35:16
500104128,15,0,13,2024-12-19 21:35:16
500106015,15,1,13,2024-12-19 21:33:15
500101213,15,1,14,2024-12-19 21:26:16
500104056,15,2,10,2024-12-19 21:10:16
500101232,15,3,12,2024-12-19 21:34:14
500101103,15,4,7,2024-12-19 21:38:15
500104111,15,6,5,2024-12-19 21:38:15
500101224,15,6,9,2024-12-19 21:34:15
500106027,15,8,5,2024-12-19 21:37:15
500109060,15,8,6,2024-12-19 21:26:16
500106129,15,4,10,2024-12-19 01:52:15
500107002,15,5,10,2024-12-19 03:03:15
500113050,15,5,10,2024-12-19 03:00:16
500107067,15,6,9,2024-12-19 01:36:15
500107154,15,6,9,2024-12-19 01:33:15
500101232,15,7,8,2024-12-19 02:47:15
500107074,15,9,6,2024-12-19 03:02:15
500110082,15,9,6,2024-12-19 02:26:15
500112019,15,2,13,2024-12-19 03:16:15
500111077,15,10,5,2024-12-19 03:39:14
500101239,15,14,1,2024-12-19 04:21:15
500107106,15,0,15,2024-12-19 22:03:15
500110088,15,2,13,2024-12-19 22:05:16
500110081,15,4,11,2024-12-19 21:59:15
500106027,15,7,6,2024-12-19 21:59:15
500107127,15,8,7,2024-12-19 22:01:15
500107154,15,12,3,2024-12-19 22:02:15
500113075,15,13,0,2024-12-19 22:07:16
500109030,15,13,2,2024-12-19 22:08:15
500101042,15,6,9,2024-12-19 21:51:15
500108164,15,7,8,2024-12-19 21:41:15
500101155,15,11,4,2024-12-19 21:53:15
500105071,15,0,15,2024-12-19 23:59:15
500104111,15,4,5,2024-12-19 23:32:14
500107033,15,10,5,2024-12-19 23:38:15
500106100,15,5,10,2024-12-19 00:20:15
500107033,15,7,8,2024-12-19 01:05:16
500113050,15,8,7,2024-12-19 00:56:14
500101145,15,11,3,2024-12-19 00:46:15
500107134,15,12,3,2024-12-19 00:37:15
500110074,15,4,11,2024-12-19 01:32:14
500111077,15,8,7,2024-12-19 01:41:15
500101184,15,10,5,2024-12-19 02:01:16
500101130,15,14,1,2024-12-19 01:51:14
500112019,15,0,15,2024-12-19 22:43:15
500105066,15,4,11,2024-12-19 22:45:16
500110070,15,1,14,2024-12-19 04:31:15
500110074,15,3,11,2024-12-19 04:32:14
500108023,15,7,7,2024-12-19 04:32:14
500107054,15,7,6,2024-12-19 23:09:15
500107074,15,7,8,2024-12-19 22:59:14
500107135,15,8,7,2024-12-19 23:07:15
500101155,15,14,1,2024-12-19 22:58:15
500104096,15,3,12,2024-12-19 22:19:15
500107052,15,5,9,2024-12-19 22:12:14
500107002,15,5,10,2024-12-19 22:11:15
500103062,15,14,1,2024-12-19 22:19:15
500110043,15,4,11,2024-12-19 04:06:15
500101184,15,1,14,2024-12-19 22:20:17
500104111,15,4,5,2024-12-19 22:25:16
500110043,15,4,11,2024-12-19 22:24:15
500113050,15,7,8,2024-12-19 01:56:14
500109060,15,5,9,2024-12-19 23:33:15
500107033,15,8,7,2024-12-19 23:20:15
500113037,15,11,4,2024-12-19 23:29:14
500106074,15,13,1,2024-12-19 23:20:18
500107146,15,14,1,2024-12-19 02:06:15
500101042,15,14,1,2024-12-19 01:37:14
500107127,15,15,0,2024-12-19 10:43:15
500107139,15,15,0,2024-12-19 08:40:19
500110088,15,15,0,2024-12-19 09:42:15
500111087,15,15,0,2024-12-19 10:53:16
500101145,15,14,1,2024-12-19 10:38:15
500104053,15,14,1,2024-12-19 12:54:15
500106100,15,14,1,2024-12-19 10:14:14
500107033,15,14,1,2024-12-19 10:05:17
500107127,15,14,1,2024-12-19 10:58:15
500108015,15,14,1,2024-12-19 12:08:15
500108119,15,14,1,2024-12-19 09:46:16
500108164,15,14,1,2024-12-19 09:05:16
500110088,15,14,1,2024-12-19 09:57:15
500101145,15,13,2,2024-12-19 12:48:15
500106124,15,13,2,2024-12-19 12:06:16
500109098,15,13,2,2024-12-19 13:01:15
500104053,15,12,3,2024-12-19 10:39:15
500104130,15,11,3,2024-12-19 12:24:16
500104130,15,11,3,2024-12-19 09:11:15
500107033,15,12,3,2024-12-19 10:11:15
500107054,15,12,3,2024-12-19 11:04:15
500103062,15,11,4,2024-12-19 10:46:15
500107054,15,11,4,2024-12-19 12:36:14
500107080,15,11,4,2024-12-19 09:36:14
500108015,15,11,4,2024-12-19 10:34:14
500111086,15,10,4,2024-12-19 12:02:16
500111087,15,11,4,2024-12-19 09:27:15
500113080,15,11,4,2024-12-19 09:57:15
500104122,15,10,5,2024-12-19 08:13:15
500104124,15,10,5,2024-12-19 12:34:14
500106124,15,10,5,2024-12-19 11:44:15
500106124,15,10,5,2024-12-19 11:55:18
500107047,15,9,5,2024-12-19 10:41:15
500107145,15,10,5,2024-12-19 10:16:15
500110074,15,10,5,2024-12-19 12:03:15
500110074,15,10,5,2024-12-19 11:28:16
500111078,15,10,5,2024-12-19 09:22:14
500113080,15,10,5,2024-12-19 10:03:15
500103003,15,9,6,2024-12-19 11:29:15
500103062,15,9,6,2024-12-19 11:17:15
500105071,15,9,6,2024-12-19 10:07:16
500107068,15,9,6,2024-12-19 12:23:16
500107081,15,9,6,2024-12-19 11:45:15
500107145,15,9,6,2024-12-19 09:30:15
500108023,15,8,6,2024-12-19 10:36:14
500108077,15,9,6,2024-12-19 09:08:15
500108119,15,9,6,2024-12-19 09:27:15
500108164,15,9,6,2024-12-19 11:07:16
500110043,15,9,6,2024-12-19 11:34:15
500113062,15,8,6,2024-12-19 09:05:15
500101213,15,8,7,2024-12-19 12:27:15
500104056,15,7,7,2024-12-19 13:05:16
500106015,15,7,7,2024-12-19 11:31:15
500106087,15,7,7,2024-12-19 13:05:16
500107125,15,5,7,2024-12-19 10:13:16
500107154,15,8,7,2024-12-19 10:15:16
500111018,15,8,7,2024-12-19 13:08:15
500113037,15,8,7,2024-12-19 09:34:15
500113048,15,6,7,2024-12-19 10:34:15
500113074,15,8,7,2024-12-19 09:37:15
500113086,15,8,7,2024-12-19 09:27:15
500103062,15,7,8,2024-12-19 11:58:16
500104056,15,7,8,2024-12-19 10:09:16
500104121,15,7,8,2024-12-19 12:06:16
500104121,15,7,8,2024-12-19 12:40:17
500105083,15,7,8,2024-12-19 08:36:15
500106087,15,6,8,2024-12-19 09:35:16
500107145,15,7,8,2024-12-19 11:18:16
500108123,15,7,8,2024-12-19 11:55:18
500109060,15,6,8,2024-12-19 08:59:14
500109100,15,7,8,2024-12-19 09:16:15
500110043,15,7,8,2024-12-19 10:37:16
500110083,15,7,8,2024-12-19 09:08:15
500111077,15,7,8,2024-12-19 11:24:15
500113062,15,6,8,2024-12-19 10:45:16
500113074,15,7,8,2024-12-19 12:24:16
500113086,15,7,8,2024-12-19 10:23:15
500101229,15,5,9,2024-12-19 11:08:15
500103062,15,6,9,2024-12-19 12:37:15
500104013,15,6,9,2024-12-19 09:48:15
500104071,15,6,9,2024-12-19 13:08:15
500104121,15,4,9,2024-12-19 11:07:16
500106128,15,5,9,2024-12-19 09:04:15
500107039,15,6,9,2024-12-19 09:26:15
500107047,15,5,9,2024-12-19 09:09:15
500107104,15,6,9,2024-12-19 08:29:15
500107121,15,5,9,2024-12-19 11:09:15
500108031,15,6,9,2024-12-19 12:49:15
500108050,15,6,9,2024-12-19 12:23:16
500108119,15,6,9,2024-12-19 10:05:16
500110070,15,6,9,2024-12-19 10:48:15
500111073,15,6,9,2024-12-19 08:59:15
500113077,15,6,9,2024-12-19 09:25:16
500101197,15,5,10,2024-12-19 12:07:16
500103062,15,5,10,2024-12-19 12:39:14
500103065,15,5,10,2024-12-19 09:33:15
500104013,15,5,10,2024-12-19 12:38:15
500104101,15,5,10,2024-12-19 09:41:15
500105039,15,5,10,2024-12-19 11:16:15
500106108,15,4,10,2024-12-19 10:33:15
500106108,15,4,10,2024-12-19 11:17:15
500106109,15,5,10,2024-12-19 12:22:16
500108019,15,4,10,2024-12-19 09:37:15
500108023,15,4,10,2024-12-19 12:51:15
500108031,15,5,10,2024-12-19 11:06:15
500108119,15,5,10,2024-12-19 10:26:14
500108119,15,5,10,2024-12-19 11:17:15
500108143,15,5,10,2024-12-19 11:37:15
500109030,15,5,10,2024-12-19 12:37:15
500109060,15,4,10,2024-12-19 09:26:15
500109073,15,5,10,2024-12-19 09:57:15
500110043,15,5,10,2024-12-19 09:07:15
500110070,15,5,10,2024-12-19 12:03:14
500110083,15,5,10,2024-12-19 09:51:14
500113047,15,5,10,2024-12-19 12:40:16
500101029,15,3,11,2024-12-19 12:51:15
500101208,15,4,11,2024-12-19 09:35:16
500101232,15,4,11,2024-12-19 10:56:15
500104013,15,4,11,2024-12-19 11:17:15
500104106,15,3,11,2024-12-19 11:47:16
500104125,15,4,11,2024-12-19 13:05:16
500104128,15,4,11,2024-12-19 09:58:15
500105039,15,4,11,2024-12-19 08:21:16
500105096,15,4,11,2024-12-19 09:19:15
500106128,15,3,11,2024-12-19 09:57:15
500107030,15,4,11,2024-12-19 09:43:15
500107039,15,4,11,2024-12-19 11:15:16
500107052,15,3,11,2024-12-19 12:41:15
500107074,15,4,11,2024-12-19 12:38:15
500107139,15,4,11,2024-12-19 12:37:15
500108172,15,4,11,2024-12-19 12:38:14
500109062,15,4,11,2024-12-19 11:58:16
500109062,15,4,11,2024-12-19 12:59:15
500111006,15,4,11,2024-12-19 10:35:15
500112106,15,4,11,2024-12-19 11:42:16
500101029,15,2,12,2024-12-19 12:27:15
500101029,15,2,12,2024-12-19 12:04:16
500101117,15,3,12,2024-12-19 10:48:15
500101149,15,3,12,2024-12-19 11:28:15
500101184,15,3,12,2024-12-19 10:15:16
500101229,15,3,12,2024-12-19 12:27:15
500104059,15,3,12,2024-12-19 12:17:16
500106027,15,2,12,2024-12-19 11:38:15
500107106,15,3,12,2024-12-19 09:43:15
500108119,15,3,12,2024-12-19 12:15:16
500110088,15,3,12,2024-12-19 12:06:16
500112090,15,3,12,2024-12-19 09:27:15
500112106,15,3,12,2024-12-19 09:08:15
500112106,15,3,12,2024-12-19 09:54:15
500113047,15,3,12,2024-12-19 09:07:15
500113075,15,3,12,2024-12-19 10:41:15
500101103,15,2,13,2024-12-19 10:24:15
500101130,15,2,13,2024-12-19 11:44:15
500101177,15,2,13,2024-12-19 10:25:16
500101184,15,2,13,2024-12-19 09:05:16
500104106,15,1,13,2024-12-19 08:43:15
500105077,15,2,13,2024-12-19 10:10:16
500105096,15,2,13,2024-12-19 09:35:16
500106128,15,1,13,2024-12-19 11:29:15
500106129,15,1,13,2024-12-19 13:02:15
500107067,15,2,13,2024-12-19 12:30:16
500107134,15,1,13,2024-12-19 11:42:16
500107146,15,1,13,2024-12-19 10:10:16
500108172,15,2,13,2024-12-19 12:00:18
500110088,15,2,13,2024-12-19 12:24:16
500112019,15,2,13,2024-12-19 10:42:17
500101042,15,1,14,2024-12-19 09:46:15
500101103,15,1,14,2024-12-19 09:56:16
500101155,15,1,14,2024-12-19 09:02:15
500101163,15,1,14,2024-12-19 12:28:15
500101232,15,1,14,2024-12-19 12:31:15
500101232,15,1,14,2024-12-19 11:28:15
500103065,15,1,14,2024-12-19 12:03:15
500104002,15,1,14,2024-12-19 12:36:15
500105077,15,1,14,2024-12-19 09:37:16
500105077,15,1,14,2024-12-19 09:39:16
500106074,15,0,14,2024-12-19 09:37:16
500106108,15,0,14,2024-12-19 12:17:15
500106109,15,1,14,2024-12-19 09:37:15
500107068,15,1,14,2024-12-19 09:20:17
500107074,15,1,14,2024-12-19 09:07:15
500107106,15,1,14,2024-12-19 09:25:16
500109104,15,1,14,2024-12-19 11:38:15
500110088,15,1,14,2024-12-19 11:57:16
500111073,15,1,14,2024-12-19 09:28:15
500111084,15,1,14,2024-12-19 12:17:15
500112019,15,1,14,2024-12-19 12:08:15
500112019,15,1,14,2024-12-19 11:07:16
500101042,15,0,15,2024-12-19 09:55:16
500101163,15,0,15,2024-12-19 11:13:15
500101197,15,0,15,2024-12-19 10:38:15
500101232,15,0,15,2024-12-19 10:06:15
500101232,15,0,15,2024-12-19 10:42:17
500103065,15,0,15,2024-12-19 11:49:15
500103069,15,0,15,2024-12-19 12:18:15
500103069,15,0,15,2024-12-19 10:38:15
500104071,15,0,15,2024-12-19 11:26:15
500104071,15,0,15,2024-12-19 11:16:16
500104111,15,0,15,2024-12-19 09:12:16
500104111,15,0,15,2024-12-19 11:54:14
500107074,15,0,15,2024-12-19 09:37:16
500108031,15,0,15,2024-12-19 10:38:15
500112019,15,0,15,2024-12-19 09:08:16
500101042,15,15,0,2024-12-19 19:38:15
500101184,15,15,0,2024-12-19 17:56:15
500101208,15,15,0,2024-12-19 17:19:15
500103062,15,15,0,2024-12-19 20:09:15
500104059,15,15,0,2024-12-19 19:06:16
500104128,15,15,0,2024-12-19 17:37:16
500106013,15,15,0,2024-12-19 20:36:15
500110081,15,15,0,2024-12-19 21:19:16
500111006,15,15,0,2024-12-19 17:26:16
500111018,15,15,0,2024-12-19 20:58:15
500101184,15,14,1,2024-12-19 17:47:15
500101224,15,14,1,2024-12-19 20:29:15
500101224,15,14,1,2024-12-19 20:39:16
500106013,15,14,1,2024-12-19 20:12:15
500106074,15,13,1,2024-12-19 18:25:17
500107068,15,14,1,2024-12-19 18:36:16
500108023,15,14,1,2024-12-19 17:28:15
500110043,15,14,1,2024-12-19 19:29:15
500111006,15,14,1,2024-12-19 19:04:15
500112094,15,14,1,2024-12-19 17:40:17
500113077,15,14,1,2024-12-19 18:12:16
500104063,15,13,2,2024-12-19 18:40:17
500104130,15,12,2,2024-12-19 19:11:15
500106124,15,13,2,2024-12-19 18:57:15
500108012,15,13,2,2024-12-19 19:02:16
500110074,15,13,2,2024-12-19 17:46:15
500101103,15,12,3,2024-12-19 18:43:15
500101149,15,12,3,2024-12-19 20:56:15
500101224,15,12,3,2024-12-19 19:49:15
500104063,15,12,3,2024-12-19 17:38:16
500105076,15,12,3,2024-12-19 21:00:16
500107033,15,12,3,2024-12-19 20:37:16
500107047,15,10,3,2024-12-19 19:36:15
500107134,15,11,3,2024-12-19 17:48:15
500108139,15,11,3,2024-12-19 21:09:16
500110070,15,12,3,2024-12-19 19:18:15
500110081,15,12,3,2024-12-19 18:52:15
500111073,15,12,3,2024-12-19 18:16:16
500113048,15,10,3,2024-12-19 18:41:15
500101042,15,11,4,2024-12-19 20:52:15
500101163,15,11,4,2024-12-19 20:23:15
500103062,15,11,4,2024-12-19 20:52:15
500104080,15,11,4,2024-12-19 17:53:15
500104125,15,11,4,2024-12-19 19:56:16
500105076,15,11,4,2024-12-19 20:50:16
500105082,15,11,4,2024-12-19 19:32:15
500106008,15,10,4,2024-12-19 19:10:16
500106100,15,11,4,2024-12-19 20:47:15
500107047,15,9,4,2024-12-19 20:13:15
500107081,15,11,4,2024-12-19 16:33:15
500108139,15,10,4,2024-12-19 18:46:15
500109080,15,11,4,2024-12-19 18:36:16
500110074,15,11,4,2024-12-19 17:38:16
500101103,15,7,5,2024-12-19 20:15:16
500101177,15,10,5,2024-12-19 18:16:16
500106013,15,10,5,2024-12-19 19:38:15
500106074,15,9,5,2024-12-19 20:49:15
500106074,15,9,5,2024-12-19 20:59:15
500106124,15,10,5,2024-12-19 21:16:15
500107033,15,10,5,2024-12-19 17:38:16
500107033,15,10,5,2024-12-19 18:47:16
500107135,15,10,5,2024-12-19 19:04:15
500108019,15,9,5,2024-12-19 18:46:15
500108023,15,10,5,2024-12-19 19:49:15
500108059,15,10,5,2024-12-19 18:35:16
500111087,15,10,5,2024-12-19 18:53:15
500112106,15,10,5,2024-12-19 18:29:16
500101103,15,6,6,2024-12-19 20:04:15
500101208,15,9,6,2024-12-19 18:41:15
500104059,15,8,6,2024-12-19 21:06:15
500104096,15,9,6,2024-12-19 19:15:16
500105039,15,9,6,2024-12-19 21:17:15
500107054,15,9,6,2024-12-19 19:17:15
500107068,15,9,6,2024-12-19 18:02:14
500108015,15,9,6,2024-12-19 17:48:15
500108031,15,9,6,2024-12-19 20:39:16
500108119,15,9,6,2024-12-19 21:16:15
500108139,15,8,6,2024-12-19 18:16:16
500108148,15,9,6,2024-12-19 17:43:16
500108172,15,9,6,2024-12-19 19:19:15
500112106,15,9,6,2024-12-19 17:58:16
500113080,15,7,6,2024-12-19 19:49:15
500101149,15,8,7,2024-12-19 20:35:16
500101208,15,8,7,2024-12-19 19:23:14
500101239,15,8,7,2024-12-19 21:16:15
500104124,15,8,7,2024-12-19 16:50:17
500105079,15,8,7,2024-12-19 19:30:16
500106109,15,8,7,2024-12-19 20:08:15
500107033,15,8,7,2024-12-19 17:47:16
500107039,15,8,7,2024-12-19 18:26:16
500107068,15,8,7,2024-12-19 21:08:15
500107135,15,8,7,2024-12-19 18:24:16
500108119,15,8,7,2024-12-19 19:53:15
500108119,15,8,7,2024-12-19 20:58:15
500108164,15,8,7,2024-12-19 17:32:15
500110043,15,8,7,2024-12-19 20:48:15
500111077,15,8,7,2024-12-19 18:40:17
500101029,15,7,8,2024-12-19 17:17:16
500101130,15,7,8,2024-12-19 20:39:16
500101155,15,7,8,2024-12-19 17:28:15
500101163,15,7,8,2024-12-19 18:38:16
500104096,15,7,8,2024-12-19 18:43:15
500104106,15,6,8,2024-12-19 20:06:15
500104111,15,7,8,2024-12-19 17:37:16
500104124,15,7,8,2024-12-19 19:40:15
500105079,15,7,8,2024-12-19 19:22:15
500105083,15,7,8,2024-12-19 16:51:15
500107068,15,7,8,2024-12-19 20:16:16
500107134,15,6,8,2024-12-19 19:45:16
500107135,15,7,8,2024-12-19 21:15:16
500108172,15,7,8,2024-12-19 19:53:15
500108185,15,7,8,2024-12-19 19:57:14
500110074,15,7,8,2024-12-19 20:26:16
500110074,15,7,8,2024-12-19 20:42:15
500111078,15,7,8,2024-12-19 17:14:16
500113075,15,5,8,2024-12-19 20:07:16
500113077,15,3,8,2024-12-19 20:46:15
500113086,15,7,8,2024-12-19 19:27:15
500101184,15,6,9,2024-12-19 20:25:15
500101208,15,6,9,2024-12-19 19:37:16
500104056,15,3,9,2024-12-19 20:03:15
500104125,15,6,9,2024-12-19 17:32:15
500105079,15,6,9,2024-12-19 19:19:15
500106015,15,5,9,2024-12-19 18:29:16
500106087,15,5,9,2024-12-19 20:54:15
500106109,15,6,9,2024-12-19 17:39:15
500107080,15,6,9,2024-12-19 19:48:15
500107106,15,6,9,2024-12-19 21:18:15
500107135,15,6,9,2024-12-19 20:42:15
500109082,15,6,9,2024-12-19 19:11:15
500113077,15,6,9,2024-12-19 18:29:16
500101155,15,5,10,2024-12-19 18:48:15
500101232,15,5,10,2024-12-19 20:37:15
500101232,15,5,10,2024-12-19 20:59:15
500101232,15,5,10,2024-12-19 21:06:15
500104128,15,2,10,2024-12-19 20:26:16
500105083,15,5,10,2024-12-19 18:25:17
500106124,15,5,10,2024-12-19 18:00:18
500106128,15,3,10,2024-12-19 20:34:15
500107052,15,4,10,2024-12-19 20:30:17
500107121,15,4,10,2024-12-19 17:33:16
500107134,15,4,10,2024-12-19 19:29:16
500107154,15,5,10,2024-12-19 17:50:15
500107154,15,5,10,2024-12-19 19:15:16
500108050,15,5,10,2024-12-19 20:58:15
500108077,15,5,10,2024-12-19 17:46:15
500108172,15,5,10,2024-12-19 17:34:15
500109104,15,5,10,2024-12-19 19:26:14
500110027,15,4,10,2024-12-19 18:36:16
500113062,15,5,10,2024-12-19 19:18:15
500103069,15,4,11,2024-12-19 18:18:16
500105066,15,4,11,2024-12-19 20:44:15
500106013,15,4,11,2024-12-19 17:57:15
500107067,15,4,11,2024-12-19 19:05:16
500109100,15,4,11,2024-12-19 18:44:16
500110074,15,4,11,2024-12-19 21:04:15
500111073,15,2,11,2024-12-19 19:13:15
500113050,15,4,11,2024-12-19 18:27:15
500113054,15,4,11,2024-12-19 19:04:15
500113054,15,4,11,2024-12-19 20:34:15
500101042,15,3,12,2024-12-19 17:57:15
500101213,15,3,12,2024-12-19 19:07:15
500101232,15,3,12,2024-12-19 19:28:15
500101232,15,3,12,2024-12-19 18:55:17
500103065,15,2,12,2024-12-19 18:37:15
500104128,15,2,12,2024-12-19 20:47:15
500105071,15,3,12,2024-12-19 20:09:15
500106028,15,3,12,2024-12-19 18:13:15
500107052,15,2,12,2024-12-19 20:10:17
500107127,15,3,12,2024-12-19 20:10:17
500108119,15,3,12,2024-12-19 18:23:16
500109018,15,3,12,2024-12-19 17:47:16
500109062,15,3,12,2024-12-19 17:58:16
500109089,15,2,12,2024-12-19 18:56:15
500113050,15,3,12,2024-12-19 17:52:15
500101163,15,2,13,2024-12-19 20:59:15
500101197,15,2,13,2024-12-19 18:29:16
500104013,15,2,13,2024-12-19 18:15:17
500105077,15,1,13,2024-12-19 18:29:16
500106015,15,1,13,2024-12-19 17:36:16
500106087,15,1,13,2024-12-19 18:28:16
500106129,15,2,13,2024-12-19 18:59:15
500109059,15,2,13,2024-12-19 20:46:15
500110088,15,2,13,2024-12-19 17:52:15
500101163,15,1,14,2024-12-19 21:18:15
500101208,15,1,14,2024-12-19 20:24:15
500104013,15,1,14,2024-12-19 18:37:15
500105077,15,1,14,2024-12-19 18:08:16
500106129,15,1,14,2024-12-19 21:08:15
500107039,15,1,14,2024-12-19 21:09:16
500107134,15,0,14,2024-12-19 19:17:16
500108075,15,1,14,2024-12-19 19:13:15
500109073,15,1,14,2024-12-19 21:02:16
500110082,15,1,14,2024-12-19 17:25:16
500110088,15,1,14,2024-12-19 20:26:16
500110088,15,1,14,2024-12-19 21:03:15
500110088,15,1,14,2024-12-19 18:29:15
500112019,15,1,14,2024-12-19 19:46:15
500112090,15,1,14,2024-12-19 20:58:15
500112094,15,1,14,2024-12-19 18:45:16
500101117,15,0,15,2024-12-19 18:18:16
500101155,15,0,15,2024-12-19 18:17:15
500101224,15,0,15,2024-12-19 17:38:16
500105071,15,0,15,2024-12-19 19:17:16
500105071,15,0,15,2024-12-19 19:48:16
500106129,15,0,15,2024-12-19 20:09:15
500108023,15,0,15,2024-12-19 18:08:16
500110082,15,0,15,2024-12-19 19:29:15
500110082,15,0,15,2024-12-19 19:31:15
500110082,15,0,15,2024-12-19 18:23:16
500110088,15,0,15,2024-12-19 19:07:15
500112019,15,0,15,2024-12-19 18:46:15
500107002,15,15,0,2024-12-19 14:45:16
500107002,15,15,0,2024-12-19 14:17:18
500101029,15,14,1,2024-12-19 16:02:16
500113047,15,14,1,2024-12-19 16:58:15
500101208,15,13,2,2024-12-19 17:07:15
500108012,15,13,2,2024-12-19 16:52:15
500108023,15,13,2,2024-12-19 16:43:15
500110074,15,13,2,2024-12-19 15:48:15
500111006,15,13,2,2024-12-19 16:46:14
500111086,15,13,2,2024-12-19 16:54:16
500113048,15,11,2,2024-12-19 16:48:16
500101029,15,12,3,2024-12-19 16:35:15
500110074,15,12,3,2024-12-19 16:12:15
500101184,15,11,4,2024-12-19 13:45:16
500105079,15,11,4,2024-12-19 16:42:15
500107134,15,10,4,2024-12-19 16:56:15
500108012,15,11,4,2024-12-19 15:02:15
500110074,15,11,4,2024-12-19 16:23:15
500111006,15,11,4,2024-12-19 14:34:15
500113047,15,11,4,2024-12-19 15:03:15
500101145,15,10,5,2024-12-19 13:27:15
500101208,15,10,5,2024-12-19 16:29:15
500105075,15,10,5,2024-12-19 16:20:17
500107080,15,10,5,2024-12-19 15:39:15
500107139,15,10,5,2024-12-19 15:50:15
500109082,15,10,5,2024-12-19 13:10:16
500101229,15,9,6,2024-12-19 15:15:16
500106015,15,8,6,2024-12-19 15:46:16
500106109,15,9,6,2024-12-19 16:45:17
500107030,15,8,6,2024-12-19 16:29:15
500107119,15,5,6,2024-12-19 16:19:15
500108015,15,9,6,2024-12-19 16:34:16
500108031,15,9,6,2024-12-19 17:18:16
500108170,15,9,6,2024-12-19 13:15:15
500109082,15,9,6,2024-12-19 14:41:15
500112094,15,9,6,2024-12-19 16:56:15
500101029,15,8,7,2024-12-19 16:51:15
500101177,15,8,7,2024-12-19 14:08:15
500103062,15,8,7,2024-12-19 13:54:15
500103065,15,7,7,2024-12-19 16:59:15
500107121,15,7,7,2024-12-19 17:07:15
500108031,15,8,7,2024-12-19 14:01:15
500108123,15,8,7,2024-12-19 17:02:15
500109018,15,8,7,2024-12-19 17:18:16
500111078,15,8,7,2024-12-19 16:57:16
500101029,15,6,8,2024-12-19 13:33:15
500101149,15,7,8,2024-12-19 13:28:15
500103062,15,7,8,2024-12-19 13:37:15
500104121,15,7,8,2024-12-19 17:18:16
500106015,15,6,8,2024-12-19 13:34:15
500107030,15,6,8,2024-12-19 17:03:16
500110081,15,7,8,2024-12-19 14:57:15
500101029,15,6,9,2024-12-19 17:08:16
500101117,15,6,9,2024-12-19 16:36:15
500101130,15,6,9,2024-12-19 14:17:15
500101213,15,6,9,2024-12-19 15:29:15
500103069,15,6,9,2024-12-19 14:06:15
500104106,15,5,9,2024-12-19 16:40:16
500105071,15,6,9,2024-12-19 15:27:15
500106013,15,6,9,2024-12-19 17:13:15
500107039,15,6,9,2024-12-19 15:51:15
500107134,15,5,9,2024-12-19 14:10:16
500108023,15,5,9,2024-12-19 13:45:16
500109060,15,5,9,2024-12-19 15:56:15
500109089,15,5,9,2024-12-19 15:14:15
500109100,15,6,9,2024-12-19 16:35:15
500110043,15,6,9,2024-12-19 16:58:15
500111077,15,6,9,2024-12-19 15:34:15
500112094,15,6,9,2024-12-19 16:26:15
500112094,15,5,9,2024-12-19 14:46:15
500112094,15,5,9,2024-12-19 15:15:16
500113062,15,6,9,2024-12-19 16:07:14
500113086,15,6,9,2024-12-19 17:10:17
500104013,15,5,10,2024-12-19 15:49:15
500104111,15,5,10,2024-12-19 16:34:16
500104125,15,5,10,2024-12-19 15:26:14
500106074,15,4,10,2024-12-19 15:56:15
500107134,15,4,10,2024-12-19 15:30:17
500109100,15,5,10,2024-12-19 17:08:16
500111077,15,5,10,2024-12-19 16:01:15
500112106,15,5,10,2024-12-19 16:18:16
500113075,15,5,10,2024-12-19 13:37:15
500113080,15,5,10,2024-12-19 14:15:16
500101130,15,4,11,2024-12-19 15:13:16
500101149,15,4,11,2024-12-19 16:56:15
500101155,15,4,11,2024-12-19 13:28:15
500101239,15,4,11,2024-12-19 16:29:15
500101239,15,4,11,2024-12-19 16:48:16
500103065,15,4,11,2024-12-19 15:42:15
500103065,15,4,11,2024-12-19 13:26:17
500105076,15,4,11,2024-12-19 13:18:15
500106074,15,3,11,2024-12-19 15:35:16
500107033,15,4,11,2024-12-19 13:31:15
500108050,15,4,11,2024-12-19 13:13:14
500108142,15,4,11,2024-12-19 15:04:15
500109060,15,3,11,2024-12-19 15:04:15
500109097,15,4,11,2024-12-19 16:24:15
500112094,15,3,11,2024-12-19 14:17:15
500113086,15,4,11,2024-12-19 13:55:16
500101224,15,3,12,2024-12-19 16:31:15
500101232,15,3,12,2024-12-19 16:47:15
500104049,15,3,12,2024-12-19 13:25:15
500104059,15,3,12,2024-12-19 15:51:15
500104059,15,3,12,2024-12-19 14:07:15
500104106,15,2,12,2024-12-19 13:36:16
500104106,15,2,12,2024-12-19 14:50:15
500104106,15,2,12,2024-12-19 15:35:16
500105071,15,3,12,2024-12-19 13:49:15
500106074,15,2,12,2024-12-19 13:16:14
500106074,15,2,12,2024-12-19 14:11:15
500106108,15,2,12,2024-12-19 15:50:16
500109089,15,2,12,2024-12-19 16:20:17
500112090,15,3,12,2024-12-19 15:25:15
500101042,15,2,13,2024-12-19 17:07:15
500101224,15,2,13,2024-12-19 16:01:16
500101239,15,2,13,2024-12-19 16:21:15
500104002,15,2,13,2024-12-19 14:30:16
500104053,15,2,13,2024-12-19 16:39:15
500105066,15,2,13,2024-12-19 16:38:16
500106027,15,2,13,2024-12-19 14:15:16
500106028,15,2,13,2024-12-19 14:25:16
500106108,15,1,13,2024-12-19 16:20:17
500106129,15,2,13,2024-12-19 16:48:16
500108075,15,2,13,2024-12-19 17:08:16
500112019,15,2,13,2024-12-19 15:47:15
500113050,15,2,13,2024-12-19 16:03:15
500113077,15,2,13,2024-12-19 16:46:15
500101042,15,1,14,2024-12-19 16:19:15
500101224,15,1,14,2024-12-19 15:22:15
500101232,15,1,14,2024-12-19 13:47:15
500101239,15,1,14,2024-12-19 16:08:17
500103065,15,1,14,2024-12-19 14:29:15
500104049,15,1,14,2024-12-19 15:07:15
500106027,15,1,14,2024-12-19 14:21:14
500106128,15,1,14,2024-12-19 14:09:16
500109089,15,0,14,2024-12-19 16:58:15
500109089,15,0,14,2024-12-19 17:12:16
500112019,15,1,14,2024-12-19 15:03:15
500113050,15,1,14,2024-12-19 15:50:15
500113050,15,1,14,2024-12-19 16:46:15
500101042,15,0,15,2024-12-19 13:18:15
500106028,15,0,15,2024-12-19 17:06:15
500109059,15,0,15,2024-12-19 17:06:15
500107074,15,10,5,2024-12-19 02:48:14
500107039,15,2,13,2024-12-19 21:44:15
500108031,15,7,8,2024-12-19 21:40:16
500105039,15,8,7,2024-12-19 21:47:15
500107134,15,13,1,2024-12-19 21:40:17
500107047,15,14,0,2024-12-19 05:12:16
500107106,15,15,0,2024-12-19 07:37:15
500110027,15,14,0,2024-12-19 06:50:17
500112094,15,14,0,2024-12-19 07:27:15
500104128,15,14,1,2024-12-19 07:56:16
500104130,15,13,1,2024-12-19 08:54:15
500107106,15,14,1,2024-12-19 08:03:15
500107127,15,14,1,2024-12-19 08:33:16
500111018,15,14,1,2024-12-19 08:03:15
500112094,15,13,1,2024-12-19 06:07:15
500101130,15,13,2,2024-12-19 06:25:15
500101184,15,13,2,2024-12-19 06:44:15
500106100,15,13,2,2024-12-19 07:48:15
500106109,15,13,2,2024-12-19 07:02:15
500107030,15,13,2,2024-12-19 05:49:15
500107121,15,12,2,2024-12-19 05:29:15
500111073,15,9,2,2024-12-19 07:27:15
500101145,15,11,3,2024-12-19 08:56:16
500106027,15,11,3,2024-12-19 07:39:15
500106100,15,12,3,2024-12-19 07:47:14
500107146,15,12,3,2024-12-19 06:35:15
500109082,15,12,3,2024-12-19 08:47:15
500111006,15,12,3,2024-12-19 06:45:16
500112094,15,11,3,2024-12-19 07:13:15
500101103,15,8,4,2024-12-19 06:09:15
500104128,15,8,4,2024-12-19 06:45:16
500107054,15,10,4,2024-12-19 08:35:16
500107121,15,10,4,2024-12-19 05:44:15
500107139,15,11,4,2024-12-19 07:36:15
500107139,15,11,4,2024-12-19 07:57:16
500108031,15,11,4,2024-12-19 08:55:16
500108059,15,11,4,2024-12-19 07:58:15
500109089,15,10,4,2024-12-19 08:27:16
500110082,15,11,4,2024-12-19 07:09:15
500112094,15,8,4,2024-12-19 05:29:15
500106008,15,10,5,2024-12-19 07:12:15
500106027,15,7,5,2024-12-19 06:16:15
500107047,15,9,5,2024-12-19 06:12:15
500108170,15,10,5,2024-12-19 07:33:15
500109060,15,9,5,2024-12-19 05:57:15
500109089,15,9,5,2024-12-19 06:42:15
500113077,15,10,5,2024-12-19 08:16:15
500101130,15,9,6,2024-12-19 08:26:15
500101145,15,8,6,2024-12-19 07:47:15
500101232,15,9,6,2024-12-19 06:37:14
500104111,15,6,6,2024-12-19 06:22:14
500104124,15,9,6,2024-12-19 08:05:17
500106124,15,9,6,2024-12-19 07:33:14
500110074,15,8,6,2024-12-19 06:54:15
500111084,15,9,6,2024-12-19 06:03:15
500101029,15,8,7,2024-12-19 08:19:15
500101224,15,8,7,2024-12-19 06:03:15
500103062,15,8,7,2024-12-19 08:25:16
500105071,15,8,7,2024-12-19 08:46:15
500106027,15,5,7,2024-12-19 06:46:15
500106100,15,8,7,2024-12-19 06:34:15
500107121,15,7,7,2024-12-19 06:31:15
500108015,15,8,7,2024-12-19 07:13:15
500108050,15,8,7,2024-12-19 07:30:16
500108143,15,8,7,2024-12-19 08:17:15
500108170,15,8,7,2024-12-19 08:03:15
500108170,15,8,7,2024-12-19 05:45:15
500113050,15,8,7,2024-12-19 07:37:15
500113077,15,8,7,2024-12-19 08:35:16
500113086,15,4,7,2024-12-19 06:38:15
500101208,15,7,8,2024-12-19 08:13:15
500101232,15,7,8,2024-12-19 08:03:15
500103062,15,7,8,2024-12-19 08:35:16
500103062,15,7,8,2024-12-19 07:58:15
500104059,15,4,8,2024-12-19 06:41:14
500104101,15,6,8,2024-12-19 07:11:15
500104121,15,5,8,2024-12-19 07:40:16
500106013,15,7,8,2024-12-19 07:42:15
500106087,15,6,8,2024-12-19 08:11:15
500106128,15,6,8,2024-12-19 06:37:15
500107002,15,7,8,2024-12-19 06:47:15
500107033,15,7,8,2024-12-19 05:12:14
500109097,15,6,8,2024-12-19 07:46:15
500110027,15,6,8,2024-12-19 07:40:16
500112106,15,7,8,2024-12-19 07:08:15
500113077,15,4,8,2024-12-19 05:40:15
500101197,15,6,9,2024-12-19 07:30:15
500104002,15,6,9,2024-12-19 06:50:16
500104002,15,6,9,2024-12-19 06:12:15
500104049,15,6,9,2024-12-19 08:15:16
500106124,15,6,9,2024-12-19 07:47:15
500107039,15,6,9,2024-12-19 06:04:14
500107052,15,5,9,2024-12-19 08:47:15
500108123,15,6,9,2024-12-19 08:12:15
500109018,15,6,9,2024-12-19 07:08:15
500110083,15,6,9,2024-12-19 08:33:16
500111073,15,2,9,2024-12-19 06:45:16
500113050,15,6,9,2024-12-19 08:17:15
500104059,15,4,10,2024-12-19 07:31:16
500107054,15,3,10,2024-12-19 06:46:15
500107068,15,5,10,2024-12-19 06:03:15
500107154,15,5,10,2024-12-19 07:12:15
500108170,15,5,10,2024-12-19 08:44:16
500110081,15,5,10,2024-12-19 07:25:15
500113050,15,5,10,2024-12-19 05:54:15
500101213,15,4,11,2024-12-19 05:07:15
500104059,15,4,11,2024-12-19 08:24:15
500104106,15,3,11,2024-12-19 08:27:16
500104125,15,4,11,2024-12-19 08:33:16
500105079,15,4,11,2024-12-19 06:55:16
500106027,15,3,11,2024-12-19 08:49:15
500106124,15,4,11,2024-12-19 08:37:15
500107039,15,4,11,2024-12-19 06:44:14
500107068,15,4,11,2024-12-19 06:52:15
500107156,15,0,11,2024-12-19 08:01:17
500108015,15,4,11,2024-12-19 06:55:15
500108119,15,4,11,2024-12-19 08:47:15
500109060,15,3,11,2024-12-19 07:04:14
500109073,15,4,11,2024-12-19 06:06:14
500109073,15,4,11,2024-12-19 06:22:14
500109100,15,4,11,2024-12-19 06:01:14
500109104,15,4,11,2024-12-19 07:56:15
500111078,15,4,11,2024-12-19 05:17:15
500111084,15,4,11,2024-12-19 07:51:14
500113050,15,4,11,2024-12-19 07:47:15
500113086,15,3,11,2024-12-19 08:10:17
500101117,15,3,12,2024-12-19 08:16:15
500101232,15,3,12,2024-12-19 07:45:16
500103003,15,2,12,2024-12-19 08:27:16
500103069,15,3,12,2024-12-19 06:35:15
500104056,15,3,12,2024-12-19 07:55:17
500105071,15,3,12,2024-12-19 06:01:14
500105083,15,3,12,2024-12-19 08:03:15
500106128,15,2,12,2024-12-19 08:23:15
500106128,15,2,12,2024-12-19 07:32:15
500106129,15,2,12,2024-12-19 06:08:14
500107039,15,3,12,2024-12-19 08:34:15
500107054,15,1,12,2024-12-19 07:45:16
500107080,15,3,12,2024-12-19 07:27:15
500107134,15,2,12,2024-12-19 08:55:16
500107154,15,3,12,2024-12-19 08:12:15
500108023,15,2,12,2024-12-19 08:03:15
500109030,15,3,12,2024-12-19 08:57:15
500101042,15,1,13,2024-12-19 08:33:16
500101117,15,2,13,2024-12-19 08:47:15
500101155,15,2,13,2024-12-19 07:37:15
500101229,15,1,13,2024-12-19 08:12:14
500101232,15,2,13,2024-12-19 08:17:15
500107033,15,2,13,2024-12-19 08:03:15
500107068,15,2,13,2024-12-19 08:43:15
500107068,15,2,13,2024-12-19 07:45:16
500107134,15,1,13,2024-12-19 08:19:15
500109030,15,2,13,2024-12-19 07:29:15
500113048,15,0,13,2024-12-19 07:19:15
500113050,15,2,13,2024-12-19 06:53:15
500101117,15,1,14,2024-12-19 07:36:15
500103069,15,1,14,2024-12-19 07:59:15
500105077,15,1,14,2024-12-19 07:50:16
500105079,15,1,14,2024-12-19 07:01:15
500105079,15,1,14,2024-12-19 07:52:14
500106013,15,1,14,2024-12-19 07:57:16
500107068,15,1,14,2024-12-19 08:25:15
500110043,15,1,14,2024-12-19 04:46:15
500110043,15,1,14,2024-12-19 07:57:16
500110081,15,1,14,2024-12-19 08:47:15
500112019,15,1,14,2024-12-19 06:35:15
500101155,15,0,15,2024-12-19 06:34:15
500101177,15,0,15,2024-12-19 08:17:15
500110070,15,0,15,2024-12-19 08:17:16
500110081,15,0,15,2024-12-19 08:53:15
500106013,15,14,1,2024-12-19 03:57:15
500101042,15,14,1,2024-12-19 23:27:15
500101232,15,4,11,2024-12-19 00:51:14
500107146,15,14,1,2024-12-19 00:54:15
500112090,15,1,14,2024-12-19 00:55:16
500101042,15,14,1,2024-12-19 00:57:15
500103065,15,11,4,2024-12-19 00:33:15
500105066,15,4,11,2024-12-19 00:03:15
500105066,15,6,9,2024-12-19 00:47:15
500106074,15,14,0,2024-12-19 00:07:16
500107039,15,2,13,2024-12-19 00:07:16
500109060,15,6,8,2024-12-19 00:12:14
500110074,15,1,14,2024-12-19 00:00:18
500113062,15,7,8,2024-12-19 00:39:15
500113074,15,9,6,2024-12-19 00:55:16
500113077,15,2,10,2024-12-19 00:56:14
500111006,15,2,13,2024-12-19 22:41:15
500107104,15,5,10,2024-12-19 23:25:16
500104053,15,6,9,2024-12-19 21:14:15
500109102,15,6,9,2024-12-19 20:43:15
500105083,15,7,8,2024-12-19 23:10:15
500110083,15,11,4,2024-12-19 22:03:14
500110027,15,13,0,2024-12-19 23:26:15
500104056,15,2,10,2024-12-19 23:05:15
500108185,15,3,12,2024-12-19 22:46:15
500101232,15,0,15,2024-12-19 23:25:16
500101029,15,2,13,2024-12-19 22:36:15
500108075,15,2,13,2024-12-19 21:52:15
500110082,15,2,13,2024-12-19 22:00:16
500113077,15,3,10,2024-12-19 22:39:15
500106027,15,7,6,2024-12-19 22:44:14
500109089,15,9,5,2024-12-19 22:56:15
500104124,15,11,4,2024-12-19 23:38:15
500101042,15,14,1,2024-12-19 23:52:14
500110043,15,0,15,2024-12-19 00:20:17
500110081,15,6,8,2024-12-19 00:32:15
500107154,15,6,9,2024-12-19 00:16:15
500108170,15,6,9,2024-12-19 00:31:15
500104013,15,7,8,2024-12-19 00:56:14
500107054,15,10,3,2024-12-19 00:29:15
500111086,15,10,5,2024-12-19 00:49:15
500101103,15,11,1,2024-12-19 01:00:17
500107047,15,11,3,2024-12-19 01:16:15
500101184,15,14,1,2024-12-19 01:17:15
500107146,15,14,1,2024-12-19 01:13:15
500109059,15,2,13,2024-12-19 21:29:15
500106129,15,3,12,2024-12-19 23:16:15
500112019,15,3,12,2024-12-19 23:14:15
500105066,15,6,9,2024-12-19 23:17:14
500108015,15,6,9,2024-12-19 22:49:15
500108185,15,2,13,2024-12-19 21:41:15
500113062,15,2,13,2024-12-19 22:02:16
500101117,15,3,12,2024-12-19 22:39:15
500110043,15,3,12,2024-12-19 22:29:14
500104111,15,5,4,2024-12-19 22:39:15
500101224,15,6,9,2024-12-19 22:05:16
500105039,15,7,8,2024-12-19 22:14:15
500105083,15,8,7,2024-12-19 21:55:17
500106028,15,11,4,2024-12-19 22:13:15
500108123,15,12,3,2024-12-19 20:32:15
500101229,15,14,1,2024-12-19 22:39:15
500108015,15,1,14,2024-12-19 21:27:16
500106129,15,3,12,2024-12-19 21:29:15
500108019,15,5,8,2024-12-19 21:34:15
500107068,15,5,10,2024-12-19 21:36:15
500108172,15,7,8,2024-12-19 21:37:15
500103003,15,8,6,2024-12-19 21:36:15
500107033,15,8,7,2024-12-19 21:39:15
500106074,15,10,4,2024-12-19 21:34:14
500108170,15,10,5,2024-12-19 21:36:15
500103062,15,12,3,2024-12-19 21:34:15
500106008,15,13,1,2024-12-19 20:53:15
500110074,15,3,12,2024-12-19 01:48:15
500107039,15,7,8,2024-12-19 02:43:14
500108023,15,8,7,2024-12-19 02:33:15
500104124,15,10,4,2024-12-19 02:06:15
500107106,15,10,5,2024-12-19 01:19:16
500110083,15,14,1,2024-12-19 01:24:14
500101117,15,6,9,2024-12-19 04:00:17
500108139,15,7,6,2024-12-19 03:45:15
500107054,15,8,5,2024-12-19 03:44:15
500101232,15,8,7,2024-12-19 04:08:14
500112094,15,12,0,2024-12-19 03:50:15
500101184,15,12,3,2024-12-19 03:18:14
500101208,15,12,3,2024-12-19 03:56:14
500101184,15,1,14,2024-12-19 22:03:15
500101197,15,1,14,2024-12-19 21:51:15
500104121,15,2,13,2024-12-19 21:56:15
500104096,15,3,12,2024-12-19 21:58:15
500106108,15,5,8,2024-12-19 22:00:16
500107146,15,7,7,2024-12-19 22:05:16
500113048,15,10,3,2024-12-19 01:21:15
500101224,15,10,5,2024-12-19 01:18:15
500106074,15,13,1,2024-12-19 01:24:15
500107068,15,1,14,2024-12-19 21:47:15
500101208,15,3,12,2024-12-19 21:58:15
500107052,15,5,9,2024-12-19 21:47:15
500101103,15,8,3,2024-12-19 21:49:15
500110083,15,10,5,2024-12-19 21:50:17
500113074,15,10,5,2024-12-19 21:54:15
500101239,15,14,1,2024-12-19 21:59:15
500113050,15,14,1,2024-12-19 21:59:15
500101184,15,3,12,2024-12-19 23:22:15
500105071,15,0,15,2024-12-19 00:40:17
500110043,15,1,14,2024-12-19 01:27:16
500105066,15,2,13,2024-12-19 01:41:15
500107146,15,15,0,2024-12-19 01:32:15
500101145,15,8,6,2024-12-19 02:20:16
500101145,15,7,7,2024-12-19 01:56:14
500107146,15,14,1,2024-12-19 02:08:16
500113062,15,3,12,2024-12-19 22:44:14
500107146,15,9,5,2024-12-19 22:49:15
500106013,15,11,4,2024-12-19 22:47:15
500101042,15,12,3,2024-12-19 22:48:15
500110043,15,2,13,2024-12-19 04:34:15
500107054,15,7,6,2024-12-19 04:30:15
500110027,15,13,0,2024-12-19 23:03:15
500101232,15,0,15,2024-12-19 22:11:16
500107068,15,1,14,2024-12-19 22:13:15
500101208,15,4,11,2024-12-19 22:15:16
500107134,15,13,1,2024-12-19 22:16:15
500113050,15,4,11,2024-12-19 03:52:14
500101232,15,2,13,2024-12-19 22:22:17
500104121,15,2,13,2024-12-19 22:26:15
500101208,15,5,10,2024-12-19 22:23:15
500101163,15,8,7,2024-12-19 22:24:14
500103065,15,11,3,2024-12-19 22:21:15
500101229,15,11,4,2024-12-19 22:25:15
500103062,15,15,0,2024-12-19 22:25:15
500101184,15,3,12,2024-12-19 22:50:16
500113047,15,3,12,2024-12-19 01:54:15
500104106,15,2,12,2024-12-19 23:31:15
500103069,15,8,7,2024-12-19 23:33:15
500101155,15,15,0,2024-12-19 23:31:15
500101145,15,15,0,2024-12-19 11:48:16
500101145,15,15,0,2024-12-19 10:06:15
500101145,15,15,0,2024-12-19 10:45:16
500106100,15,15,0,2024-12-19 10:47:16
500110043,15,14,1,2024-12-19 12:53:14
500101145,15,13,2,2024-12-19 12:27:15
500104053,15,13,2,2024-12-19 09:01:14
500104053,15,13,2,2024-12-19 10:59:15
500107054,15,12,2,2024-12-19 10:44:15
500107127,15,13,2,2024-12-19 09:31:15
500107127,15,13,2,2024-12-19 11:57:16
500104053,15,12,3,2024-12-19 09:18:15
500107054,15,12,3,2024-12-19 11:52:15
500107156,15,11,3,2024-12-19 09:26:15
500110043,15,12,3,2024-12-19 11:48:15
500110074,15,12,3,2024-12-19 10:26:14
500101184,15,11,4,2024-12-19 12:28:15
500104117,15,10,4,2024-12-19 08:53:14
500110043,15,11,4,2024-12-19 10:55:17
500104056,15,10,5,2024-12-19 11:07:16
500104063,15,10,5,2024-12-19 09:01:14
500104124,15,10,5,2024-12-19 09:22:15
500108015,15,10,5,2024-12-19 10:42:15
500110074,15,10,5,2024-12-19 10:05:16
500113062,15,9,5,2024-12-19 09:19:15
500101213,15,9,6,2024-12-19 12:29:16
500104080,15,9,6,2024-12-19 07:59:15
500104124,15,9,6,2024-12-19 12:17:16
500104124,15,9,6,2024-12-19 12:55:16
500106015,15,8,6,2024-12-19 12:23:16
500106100,15,9,6,2024-12-19 12:19:16
500106124,15,9,6,2024-12-19 11:37:15
500107039,15,9,6,2024-12-19 09:07:15
500107052,15,8,6,2024-12-19 09:07:15
500107145,15,9,6,2024-12-19 10:24:15
500108123,15,9,6,2024-12-19 11:07:16
500108164,15,9,6,2024-12-19 12:55:15
500109082,15,9,6,2024-12-19 12:56:15
500111018,15,9,6,2024-12-19 10:42:15
500113048,15,7,6,2024-12-19 12:01:16
500101103,15,8,7,2024-12-19 13:06:15
500101177,15,8,7,2024-12-19 13:07:15
500104124,15,8,7,2024-12-19 10:47:16
500105071,15,8,7,2024-12-19 10:31:16
500106087,15,7,7,2024-12-19 12:31:15
500107125,15,5,7,2024-12-19 09:03:14
500107127,15,8,7,2024-12-19 13:02:15
500108019,15,7,7,2024-12-19 08:56:15
500108023,15,7,7,2024-12-19 10:28:15
500108023,15,7,7,2024-12-19 10:42:15
500108031,15,8,7,2024-12-19 12:24:15
500109018,15,8,7,2024-12-19 11:44:15
500109089,15,7,7,2024-12-19 09:30:15
500111018,15,8,7,2024-12-19 09:33:15
500113074,15,8,7,2024-12-19 10:37:15
500101177,15,7,8,2024-12-19 12:28:15
500101197,15,7,8,2024-12-19 12:35:16
500104101,15,7,8,2024-12-19 11:54:15
500104121,15,5,8,2024-12-19 10:57:15
500106008,15,6,8,2024-12-19 11:05:16
500106015,15,6,8,2024-12-19 10:29:15
500106124,15,7,8,2024-12-19 09:26:15
500107030,15,7,8,2024-12-19 09:21:15
500107052,15,6,8,2024-12-19 10:03:15
500107119,15,2,8,2024-12-19 12:11:15
500107127,15,7,8,2024-12-19 12:48:15
500108050,15,7,8,2024-12-19 12:16:15
500108164,15,7,8,2024-12-19 10:47:16
500108170,15,7,8,2024-12-19 12:30:16
500109097,15,7,8,2024-12-19 11:47:16
500109102,15,7,8,2024-12-19 06:35:15
500111018,15,7,8,2024-12-19 09:53:15
500111073,15,7,8,2024-12-19 11:57:16
500111073,15,7,8,2024-12-19 11:34:15
500101029,15,5,9,2024-12-19 10:21:15
500101184,15,6,9,2024-12-19 12:08:15
500101229,15,6,9,2024-12-19 12:08:15
500101239,15,6,9,2024-12-19 11:44:15
500103062,15,6,9,2024-12-19 13:06:15
500106013,15,6,9,2024-12-19 11:25:15
500107030,15,6,9,2024-12-19 10:49:16
500107047,15,5,9,2024-12-19 09:35:16
500107068,15,6,9,2024-12-19 12:02:16
500107119,15,1,9,2024-12-19 11:57:16
500107135,15,6,9,2024-12-19 09:27:15
500107145,15,6,9,2024-12-19 08:57:14
500107154,15,6,9,2024-12-19 11:58:16
500108050,15,6,9,2024-12-19 09:43:15
500108170,15,6,9,2024-12-19 11:36:15
500109060,15,5,9,2024-12-19 09:28:15
500109073,15,6,9,2024-12-19 12:51:15
500109089,15,5,9,2024-12-19 10:27:16
500113037,15,6,9,2024-12-19 12:14:16
500101117,15,5,10,2024-12-19 12:18:15
500104013,15,5,10,2024-12-19 09:41:15
500104049,15,5,10,2024-12-19 12:04:16
500104049,15,5,10,2024-12-19 12:13:16
500104049,15,5,10,2024-12-19 10:15:16
500104121,15,3,10,2024-12-19 09:30:18
500106008,15,5,10,2024-12-19 10:06:15
500106028,15,5,10,2024-12-19 09:41:15
500106028,15,5,10,2024-12-19 10:07:16
500109073,15,5,10,2024-12-19 09:27:15
500110088,15,5,10,2024-12-19 12:50:15
500111006,15,5,10,2024-12-19 11:38:14
500111006,15,5,10,2024-12-19 11:43:15
500111006,15,5,10,2024-12-19 12:13:16
500101130,15,4,11,2024-12-19 11:26:15
500101149,15,4,11,2024-12-19 12:35:15
500101213,15,4,11,2024-12-19 09:30:15
500104059,15,4,11,2024-12-19 12:31:15
500105071,15,4,11,2024-12-19 11:25:15
500105096,15,4,11,2024-12-19 12:50:15
500106124,15,4,11,2024-12-19 10:04:16
500107030,15,3,11,2024-12-19 12:25:16
500107074,15,4,11,2024-12-19 11:27:15
500107125,15,4,11,2024-12-19 12:34:14
500107135,15,4,11,2024-12-19 09:53:15
500108023,15,3,11,2024-12-19 12:35:15
500110082,15,4,11,2024-12-19 12:48:15
500110088,15,4,11,2024-12-19 12:38:15
500110088,15,4,11,2024-12-19 12:47:15
500112106,15,4,11,2024-12-19 12:06:16
500113077,15,4,11,2024-12-19 10:37:16
500101163,15,3,12,2024-12-19 12:00:19
500101177,15,3,12,2024-12-19 09:09:15
500104059,15,3,12,2024-12-19 11:27:15
500105071,15,3,12,2024-12-19 12:02:16
500106074,15,2,12,2024-12-19 13:01:15
500106128,15,2,12,2024-12-19 10:33:15
500107146,15,2,12,2024-12-19 10:56:15
500108085,15,2,12,2024-12-19 11:00:18
500108142,15,3,12,2024-12-19 09:56:16
500109018,15,3,12,2024-12-19 09:43:15
500110081,15,3,12,2024-12-19 09:39:15
500101029,15,1,13,2024-12-19 09:25:16
500101029,15,1,13,2024-12-19 11:45:15
500101117,15,2,13,2024-12-19 10:25:16
500101130,15,2,13,2024-12-19 10:06:14
500101130,15,2,13,2024-12-19 10:22:15
500101177,15,2,13,2024-12-19 09:06:15
500101224,15,2,13,2024-12-19 09:46:16
500104059,15,2,13,2024-12-19 10:26:14
500104106,15,1,13,2024-12-19 09:37:16
500104111,15,2,13,2024-12-19 10:37:15
500105077,15,2,13,2024-12-19 12:11:16
500106013,15,2,13,2024-12-19 09:44:15
500106074,15,1,13,2024-12-19 12:38:15
500107067,15,2,13,2024-12-19 11:00:18
500107106,15,2,13,2024-12-19 09:48:15
500107134,15,1,13,2024-12-19 09:47:15
500108142,15,2,13,2024-12-19 11:03:15
500109060,15,1,13,2024-12-19 11:35:17
500110082,15,2,13,2024-12-19 09:21:15
500111073,15,2,13,2024-12-19 09:21:15
500111084,15,2,13,2024-12-19 09:59:15
500113047,15,2,13,2024-12-19 09:22:15
500101149,15,1,14,2024-12-19 09:47:14
500101224,15,1,14,2024-12-19 10:05:16
500101239,15,1,14,2024-12-19 12:51:15
500104059,15,1,14,2024-12-19 12:55:16
500104071,15,1,14,2024-12-19 12:27:15
500104128,15,1,14,2024-12-19 10:58:16
500105077,15,1,14,2024-12-19 10:54:15
500106013,15,1,14,2024-12-19 12:05:16
500106074,15,0,14,2024-12-19 10:06:14
500107135,15,1,14,2024-12-19 12:28:15
500107139,15,1,14,2024-12-19 11:23:14
500107154,15,1,14,2024-12-19 12:47:15
500108172,15,1,14,2024-12-19 11:56:15
500109073,15,1,14,2024-12-19 10:09:16
500112090,15,1,14,2024-12-19 11:14:16
500101042,15,0,15,2024-12-19 11:57:15
500101117,15,0,15,2024-12-19 12:02:15
500101224,15,0,15,2024-12-19 13:08:16
500103069,15,0,15,2024-12-19 08:27:15
500105066,15,0,15,2024-12-19 09:08:15
500105066,15,0,15,2024-12-19 11:07:16
500110070,15,0,15,2024-12-19 09:55:16
500106013,15,13,2,2024-12-19 04:17:15
500101163,15,15,0,2024-12-19 20:11:15
500101229,15,15,0,2024-12-19 17:59:16
500101229,15,15,0,2024-12-19 21:08:15
500101229,15,15,0,2024-12-19 18:47:16
500107030,15,14,0,2024-12-19 20:36:15
500107074,15,15,0,2024-12-19 20:29:15
500107134,15,14,0,2024-12-19 21:19:15
500110070,15,15,0,2024-12-19 19:56:15
500111006,15,15,0,2024-12-19 18:37:15
500101042,15,14,1,2024-12-19 20:10:17
500101103,15,14,1,2024-12-19 18:58:16
500101145,15,14,1,2024-12-19 19:15:16
500101163,15,14,1,2024-12-19 19:38:15
500103065,15,13,1,2024-12-19 20:52:14
500104130,15,13,1,2024-12-19 17:59:14
500107030,15,13,1,2024-12-19 20:09:15
500107139,15,14,1,2024-12-19 19:29:16
500107139,15,14,1,2024-12-19 20:50:16
500112094,15,14,1,2024-12-19 17:35:15
500101042,15,13,2,2024-12-19 19:06:16
500101130,15,13,2,2024-12-19 21:16:15
500101184,15,13,2,2024-12-19 20:13:15
500104071,15,13,2,2024-12-19 19:17:15
500106124,15,13,2,2024-12-19 19:55:16
500107139,15,13,2,2024-12-19 20:46:16
500107156,15,13,2,2024-12-19 18:51:16
500111073,15,13,2,2024-12-19 18:07:16
500111086,15,13,2,2024-12-19 18:04:16
500113047,15,13,2,2024-12-19 20:07:15
500101042,15,12,3,2024-12-19 19:18:15
500101130,15,12,3,2024-12-19 18:59:14
500104063,15,12,3,2024-12-19 19:16:15
500107047,15,10,3,2024-12-19 19:24:15
500108012,15,12,3,2024-12-19 18:12:16
500108023,15,12,3,2024-12-19 20:11:16
500108148,15,12,3,2024-12-19 15:07:15
500110043,15,12,3,2024-12-19 19:03:15
500110043,15,12,3,2024-12-19 18:46:15
500111087,15,12,3,2024-12-19 17:48:15
500113075,15,12,3,2024-12-19 19:19:15
500113077,15,12,3,2024-12-19 18:08:16
500113080,15,12,3,2024-12-19 19:26:15
500101103,15,8,4,2024-12-19 20:47:15
500101145,15,11,4,2024-12-19 19:29:15
500101155,15,11,4,2024-12-19 20:08:15
500101184,15,11,4,2024-12-19 18:40:17
500104125,15,11,4,2024-12-19 20:37:16
500106013,15,11,4,2024-12-19 19:44:15
500106100,15,11,4,2024-12-19 17:58:16
500106109,15,11,4,2024-12-19 18:15:17
500107033,15,11,4,2024-12-19 18:28:16
500107139,15,11,4,2024-12-19 17:50:16
500108031,15,11,4,2024-12-19 17:48:15
500108185,15,11,4,2024-12-19 18:45:16
500109060,15,10,4,2024-12-19 20:55:17
500111018,15,11,4,2024-12-19 18:08:16
500111087,15,11,4,2024-12-19 17:59:15
500112094,15,11,4,2024-12-19 20:13:15
500101117,15,10,5,2024-12-19 17:25:16
500101239,15,10,5,2024-12-19 20:59:15
500103065,15,9,5,2024-12-19 19:48:14
500104121,15,10,5,2024-12-19 18:32:16
500104125,15,10,5,2024-12-19 19:19:14
500106074,15,9,5,2024-12-19 17:32:15
500106128,15,10,5,2024-12-19 18:59:15
500106128,15,10,5,2024-12-19 19:43:15
500107033,15,10,5,2024-12-19 17:59:15
500107047,15,7,5,2024-12-19 21:06:15
500107068,15,10,5,2024-12-19 18:23:16
500108185,15,10,5,2024-12-19 18:23:16
500109016,15,10,5,2024-12-19 19:57:15
500111084,15,10,5,2024-12-19 18:59:15
500111084,15,10,5,2024-12-19 21:05:15
500112106,15,10,5,2024-12-19 18:47:16
500113048,15,8,5,2024-12-19 20:39:16
500101224,15,9,6,2024-12-19 21:07:16
500104124,15,9,6,2024-12-19 20:38:15
500104124,15,9,6,2024-12-19 21:07:16
500105075,15,9,6,2024-12-19 18:11:16
500105082,15,9,6,2024-12-19 18:04:16
500106013,15,9,6,2024-12-19 19:07:15
500107033,15,9,6,2024-12-19 19:54:15
500107039,15,9,6,2024-12-19 19:49:15
500107074,15,9,6,2024-12-19 18:33:16
500108031,15,9,6,2024-12-19 21:12:15
500108170,15,9,6,2024-12-19 21:20:16
500109060,15,8,6,2024-12-19 18:35:16
500111077,15,9,6,2024-12-19 18:30:16
500111084,15,9,6,2024-12-19 20:27:15
500112106,15,9,6,2024-12-19 18:06:15
500113062,15,9,6,2024-12-19 20:25:15
500101103,15,5,7,2024-12-19 19:52:16
500101103,15,5,7,2024-12-19 19:40:15
500101155,15,8,7,2024-12-19 20:13:15
500101239,15,8,7,2024-12-19 19:07:15
500104049,15,8,7,2024-12-19 17:45:16
500104106,15,7,7,2024-12-19 20:42:15
500104124,15,8,7,2024-12-19 20:27:15
500104125,15,8,7,2024-12-19 18:08:16
500105096,15,8,7,2024-12-19 19:46:15
500106013,15,8,7,2024-12-19 19:09:15
500106013,15,8,7,2024-12-19 18:36:16
500106027,15,6,7,2024-12-19 19:11:15
500106124,15,8,7,2024-12-19 17:47:15
500106128,15,8,7,2024-12-19 19:23:14
500107039,15,8,7,2024-12-19 19:36:15
500107146,15,7,7,2024-12-19 17:36:15
500107156,15,7,7,2024-12-19 19:52:16
500108139,15,7,7,2024-12-19 17:38:15
500111084,15,8,7,2024-12-19 18:36:15
500113075,15,6,7,2024-12-19 20:31:15
500101149,15,7,8,2024-12-19 20:00:17
500103065,15,6,8,2024-12-19 19:00:18
500103069,15,7,8,2024-12-19 20:20:16
500104002,15,7,8,2024-12-19 20:18:15
500104111,15,5,8,2024-12-19 19:43:15
500104111,15,3,8,2024-12-19 21:20:16
500106015,15,6,8,2024-12-19 18:15:17
500106074,15,6,8,2024-12-19 19:29:15
500106108,15,5,8,2024-12-19 21:14:16
500106108,15,6,8,2024-12-19 18:36:16
500106124,15,7,8,2024-12-19 20:59:15
500107002,15,7,8,2024-12-19 18:47:16
500107039,15,7,8,2024-12-19 18:17:15
500107047,15,5,8,2024-12-19 18:16:16
500107080,15,7,8,2024-12-19 19:56:16
500107080,15,7,8,2024-12-19 17:34:15
500107106,15,7,8,2024-12-19 19:46:15
500107134,15,6,8,2024-12-19 20:07:15
500108050,15,7,8,2024-12-19 17:42:15
500108085,15,7,8,2024-12-19 17:43:16
500108148,15,7,8,2024-12-19 19:44:15
500108185,15,7,8,2024-12-19 19:15:16
500109089,15,6,8,2024-12-19 20:39:16
500110074,15,7,8,2024-12-19 20:57:15
500111078,15,7,8,2024-12-19 18:51:16
500111078,15,7,8,2024-12-19 21:13:16
500111087,15,7,8,2024-12-19 20:12:14
500113086,15,7,8,2024-12-19 19:42:14
500101103,15,6,9,2024-12-19 17:57:14
500101224,15,6,9,2024-12-19 18:07:16
500101239,15,6,9,2024-12-19 18:36:16
500104049,15,6,9,2024-12-19 18:32:16
500104063,15,6,9,2024-12-19 20:16:17
500105077,15,5,9,2024-12-19 19:59:16
500106028,15,6,9,2024-12-19 20:17:14
500106108,15,5,9,2024-12-19 18:47:16
500107080,15,6,9,2024-12-19 19:00:18
500108172,15,6,9,2024-12-19 20:47:15
500109018,15,6,9,2024-12-19 19:26:15
500109060,15,5,9,2024-12-19 17:48:15
500109097,15,6,9,2024-12-19 20:12:15
500110027,15,5,9,2024-12-19 19:30:17
500110074,15,6,9,2024-12-19 18:36:16
500111077,15,6,9,2024-12-19 17:16:16
500111078,15,6,9,2024-12-19 17:33:16
500113086,15,6,9,2024-12-19 18:15:17
500113086,15,6,9,2024-12-19 18:54:15
500101103,15,2,10,2024-12-19 19:17:15
500101149,15,5,10,2024-12-19 18:44:16
500101155,15,5,10,2024-12-19 17:56:16
500101224,15,5,10,2024-12-19 18:43:15
500104128,15,4,10,2024-12-19 21:19:15
500105066,15,5,10,2024-12-19 21:08:15
500105077,15,4,10,2024-12-19 19:11:15
500107002,15,5,10,2024-12-19 19:24:15
500107054,15,5,10,2024-12-19 17:20:17
500107121,15,4,10,2024-12-19 18:55:17
500110074,15,5,10,2024-12-19 18:40:17
500111084,15,5,10,2024-12-19 17:25:16
500112094,15,5,10,2024-12-19 19:37:15
500101163,15,4,11,2024-12-19 17:56:16
500101163,15,4,11,2024-12-19 18:28:16
500101184,15,4,11,2024-12-19 21:04:15
500101197,15,4,11,2024-12-19 17:27:16
500103065,15,3,11,2024-12-19 18:29:16
500104068,15,4,11,2024-12-19 19:19:15
500104096,15,4,11,2024-12-19 19:56:16
500105077,15,3,11,2024-12-19 19:37:16
500105096,15,4,11,2024-12-19 17:31:15
500106015,15,3,11,2024-12-19 18:48:15
500107039,15,4,11,2024-12-19 19:17:14
500107067,15,4,11,2024-12-19 17:54:15
500107127,15,4,11,2024-12-19 18:28:16
500108085,15,4,11,2024-12-19 19:59:16
500108170,15,4,11,2024-12-19 18:05:16
500109089,15,3,11,2024-12-19 19:02:16
500109089,15,3,11,2024-12-19 19:16:15
500109100,15,4,11,2024-12-19 17:28:15
500110027,15,3,11,2024-12-19 18:43:15
500111078,15,4,11,2024-12-19 20:23:15
500113074,15,4,11,2024-12-19 18:48:15
500101029,15,3,12,2024-12-19 19:59:16
500101117,15,3,12,2024-12-19 18:29:16
500101155,15,3,12,2024-12-19 20:39:16
500101208,15,3,12,2024-12-19 20:06:15
500101208,15,3,12,2024-12-19 21:09:16
500103069,15,3,12,2024-12-19 18:19:15
500104013,15,3,12,2024-12-19 19:09:15
500104013,15,3,12,2024-12-19 20:50:16
500104013,15,3,12,2024-12-19 21:10:16
500105066,15,3,12,2024-12-19 21:12:15
500105071,15,3,12,2024-12-19 18:02:15
500105077,15,2,12,2024-12-19 18:40:17
500106015,15,2,12,2024-12-19 19:52:16
500106128,15,3,12,2024-12-19 17:54:15
500107052,15,2,12,2024-12-19 19:01:15
500107127,15,3,12,2024-12-19 19:37:16
500108015,15,3,12,2024-12-19 20:24:15
500108170,15,3,12,2024-12-19 20:12:15
500109089,15,2,12,2024-12-19 19:51:15
500109104,15,3,12,2024-12-19 17:06:16
500110027,15,2,12,2024-12-19 18:11:15
500111006,15,3,12,2024-12-19 20:48:15
500111073,15,1,12,2024-12-19 20:06:16
500103069,15,2,13,2024-12-19 19:07:15
500103069,15,2,13,2024-12-19 18:45:16
500104013,15,2,13,2024-12-19 19:59:16
500104013,15,2,13,2024-12-19 20:11:16
500104071,15,2,13,2024-12-19 20:07:15
500104101,15,2,13,2024-12-19 17:36:15
500105071,15,2,13,2024-12-19 19:32:16
500105071,15,2,13,2024-12-19 18:29:16
500106028,15,2,13,2024-12-19 17:56:16
500107104,15,2,13,2024-12-19 20:07:15
500107104,15,2,13,2024-12-19 18:07:16
500108075,15,2,13,2024-12-19 17:42:15
500108142,15,2,13,2024-12-19 17:20:17
500109100,15,2,13,2024-12-19 17:39:14
500110082,15,2,13,2024-12-19 17:57:15
500111006,15,2,13,2024-12-19 20:38:15
500111073,15,2,13,2024-12-19 18:29:16
500112019,15,2,13,2024-12-19 20:13:15
500112019,15,2,13,2024-12-19 19:19:15
500112090,15,2,13,2024-12-19 18:36:16
500101213,15,1,14,2024-12-19 17:27:16
500105071,15,1,14,2024-12-19 18:16:16
500107106,15,1,14,2024-12-19 17:38:16
500108015,15,1,14,2024-12-19 19:00:18
500108170,15,1,14,2024-12-19 19:09:15
500109073,15,1,14,2024-12-19 19:23:16
500109082,15,1,14,2024-12-19 18:06:15
500110082,15,1,14,2024-12-19 17:36:16
500110082,15,1,14,2024-12-19 18:53:15
500113050,15,1,14,2024-12-19 18:07:15
500107106,15,0,15,2024-12-19 18:01:18
500108015,15,0,15,2024-12-19 19:28:15
500109073,15,0,15,2024-12-19 20:28:15
500110088,15,0,15,2024-12-19 20:04:16
500112090,15,0,15,2024-12-19 19:58:15
500101145,15,15,0,2024-12-19 16:47:15
500101229,15,15,0,2024-12-19 16:48:16
500107002,15,14,1,2024-12-19 14:31:16
500101229,15,13,2,2024-12-19 16:37:15
500111087,15,13,2,2024-12-19 17:15:17
500113047,15,13,2,2024-12-19 16:47:15
500101163,15,11,4,2024-12-19 14:31:15
500104124,15,11,4,2024-12-19 14:54:15
500106100,15,11,4,2024-12-19 16:57:16
500106124,15,11,4,2024-12-19 13:37:15
500107047,15,10,4,2024-12-19 14:09:15
500110074,15,11,4,2024-12-19 13:54:15
500110074,15,11,4,2024-12-19 15:05:16
500101229,15,10,5,2024-12-19 15:05:16
500104124,15,10,5,2024-12-19 16:27:15
500104124,15,10,5,2024-12-19 14:33:15
500105075,15,10,5,2024-12-19 14:28:15
500106124,15,10,5,2024-12-19 14:08:15
500107047,15,9,5,2024-12-19 15:10:15
500107068,15,10,5,2024-12-19 16:49:15
500108170,15,10,5,2024-12-19 16:50:17
500111086,15,10,5,2024-12-19 13:59:15
500113047,15,10,5,2024-12-19 14:21:15
500101130,15,9,6,2024-12-19 16:32:15
500101163,15,9,6,2024-12-19 14:20:16
500104056,15,9,6,2024-12-19 16:29:15
500107047,15,8,6,2024-12-19 15:02:15
500107080,15,9,6,2024-12-19 16:01:16
500107080,15,9,6,2024-12-19 15:26:15
500107119,15,5,6,2024-12-19 17:02:15
500109018,15,9,6,2024-12-19 13:44:15
500111086,15,8,6,2024-12-19 13:29:14
500101029,15,7,7,2024-12-19 13:47:15
500105071,15,8,7,2024-12-19 16:47:15
500106015,15,7,7,2024-12-19 13:09:15
500107033,15,8,7,2024-12-19 14:37:14
500108170,15,8,7,2024-12-19 13:21:16
500110043,15,8,7,2024-12-19 14:21:15
500113075,15,8,7,2024-12-19 16:46:15
500101155,15,7,8,2024-12-19 16:28:15
500101163,15,7,8,2024-12-19 14:16:16
500101229,15,7,8,2024-12-19 13:38:15
500103062,15,7,8,2024-12-19 13:11:15
500103062,15,7,8,2024-12-19 15:17:15
500104111,15,7,8,2024-12-19 17:11:16
500104128,15,7,8,2024-12-19 16:28:15
500105071,15,7,8,2024-12-19 16:38:14
500106015,15,6,8,2024-12-19 15:00:17
500106074,15,6,8,2024-12-19 16:44:15
500106109,15,7,8,2024-12-19 17:17:16
500107033,15,7,8,2024-12-19 14:57:15
500107104,15,7,8,2024-12-19 14:48:15
500107125,15,7,8,2024-12-19 14:58:15
500109100,15,7,8,2024-12-19 13:46:16
500113062,15,7,8,2024-12-19 15:46:15
500113086,15,7,8,2024-12-19 17:02:15
500101177,15,6,9,2024-12-19 15:34:15
500101197,15,6,9,2024-12-19 15:45:15
500103069,15,6,9,2024-12-19 15:18:15
500104071,15,6,9,2024-12-19 15:53:14
500105079,15,6,9,2024-12-19 17:06:16
500106013,15,6,9,2024-12-19 16:23:15
500106013,15,6,9,2024-12-19 16:47:15
500106015,15,5,9,2024-12-19 15:19:15
500106074,15,5,9,2024-12-19 16:31:15
500107039,15,6,9,2024-12-19 15:14:15
500108015,15,6,9,2024-12-19 16:52:15
500101103,15,5,10,2024-12-19 15:04:15
500101117,15,5,10,2024-12-19 16:47:15
500101130,15,5,10,2024-12-19 14:40:16
500101163,15,5,10,2024-12-19 13:13:15
500101184,15,5,10,2024-12-19 15:35:16
500104002,15,5,10,2024-12-19 16:48:15
500104121,15,5,10,2024-12-19 15:29:15
500105071,15,5,10,2024-12-19 16:27:16
500105083,15,5,10,2024-12-19 16:16:15
500107033,15,5,10,2024-12-19 15:43:15
500107054,15,5,10,2024-12-19 14:08:15
500107134,15,4,10,2024-12-19 14:50:16
500110081,15,5,10,2024-12-19 15:33:15
500110081,15,5,10,2024-12-19 16:14:15
500110088,15,5,10,2024-12-19 15:05:16
500112106,15,5,10,2024-12-19 15:04:15
500113050,15,5,10,2024-12-19 13:38:16
500113086,15,5,10,2024-12-19 15:37:15
500106087,15,3,11,2024-12-19 16:40:16
500108085,15,3,11,2024-12-19 13:48:15
500110070,15,4,11,2024-12-19 17:01:16
500113050,15,4,11,2024-12-19 17:04:14
500101042,15,3,12,2024-12-19 14:27:15
500101117,15,3,12,2024-12-19 15:48:15
500101155,15,3,12,2024-12-19 14:58:15
500101155,15,3,12,2024-12-19 15:26:15
500103065,15,3,12,2024-12-19 15:37:15
500105082,15,3,12,2024-12-19 16:10:16
500105096,15,3,12,2024-12-19 14:00:17
500107052,15,2,12,2024-12-19 16:26:15
500107067,15,3,12,2024-12-19 17:10:17
500108142,15,3,12,2024-12-19 14:06:15
500109060,15,2,12,2024-12-19 15:36:15
500110070,15,3,12,2024-12-19 15:08:15
500110081,15,3,12,2024-12-19 13:17:15
500101149,15,2,13,2024-12-19 17:17:16
500101155,15,2,13,2024-12-19 14:35:15
500101232,15,2,13,2024-12-19 15:07:15
500104059,15,2,13,2024-12-19 15:45:16
500104106,15,1,13,2024-12-19 15:17:16
500104128,15,2,13,2024-12-19 14:21:15
500106128,15,2,13,2024-12-19 13:48:16
500110070,15,2,13,2024-12-19 16:18:16
500111084,15,2,13,2024-12-19 16:31:15
500112019,15,2,13,2024-12-19 17:17:15
500101117,15,1,14,2024-12-19 15:08:15
500106013,15,1,14,2024-12-19 14:20:20
500106013,15,1,14,2024-12-19 14:18:15
500109059,15,1,14,2024-12-19 16:55:16
500110027,15,0,14,2024-12-19 13:10:19
500106128,15,0,15,2024-12-19 13:18:15
500107106,15,0,15,2024-12-19 16:47:15
500110088,15,0,15,2024-12-19 17:08:16
500105066,15,2,13,2024-12-19 21:45:15
500101163,15,6,9,2024-12-19 21:45:15
500113086,15,8,7,2024-12-19 21:42:15
500107127,15,10,5,2024-12-19 21:49:15
500101229,15,14,0,2024-12-19 06:39:15
500101239,15,15,0,2024-12-19 04:50:16
500104128,15,15,0,2024-12-19 07:47:15
500104128,15,15,0,2024-12-19 08:01:17
500107127,15,15,0,2024-12-19 08:27:16
500113037,15,15,0,2024-12-19 05:46:14
500105071,15,14,1,2024-12-19 07:51:15
500107139,15,14,1,2024-12-19 06:17:14
500108019,15,13,1,2024-12-19 07:50:16
500112019,15,14,1,2024-12-19 07:47:15
500101042,15,12,2,2024-12-19 08:01:15
500101208,15,13,2,2024-12-19 07:27:15
500101229,15,12,2,2024-12-19 06:54:15
500104125,15,13,2,2024-12-19 06:30:16
500104130,15,12,2,2024-12-19 08:31:15
500108031,15,13,2,2024-12-19 07:43:15
500109059,15,13,2,2024-12-19 06:17:14
500103065,15,12,3,2024-12-19 08:36:15
500103065,15,12,3,2024-12-19 05:37:15
500106087,15,11,3,2024-12-19 06:15:15
500107156,15,8,3,2024-12-19 05:28:14
500108019,15,11,3,2024-12-19 08:07:15
500109059,15,12,3,2024-12-19 07:57:16
500111018,15,12,3,2024-12-19 06:55:16
500111073,15,8,3,2024-12-19 05:59:14
500112094,15,11,3,2024-12-19 06:56:15
500113050,15,12,3,2024-12-19 07:26:15
500101149,15,11,4,2024-12-19 06:33:15
500101184,15,11,4,2024-12-19 04:44:14
500101184,15,11,4,2024-12-19 08:02:15
500103065,15,11,4,2024-12-19 06:10:16
500104106,15,10,4,2024-12-19 06:49:15
500107139,15,11,4,2024-12-19 07:14:15
500107156,15,7,4,2024-12-19 06:26:14
500109059,15,11,4,2024-12-19 08:01:15
500110088,15,10,4,2024-12-19 08:27:15
500112090,15,11,4,2024-12-19 07:13:15
500113077,15,11,4,2024-12-19 07:46:15
500107030,15,10,5,2024-12-19 06:50:16
500107054,15,9,5,2024-12-19 08:46:15
500107119,15,5,5,2024-12-19 08:24:14
500108085,15,9,5,2024-12-19 06:27:15
500108170,15,10,5,2024-12-19 07:16:15
500109059,15,10,5,2024-12-19 07:26:15
500109080,15,10,5,2024-12-19 08:10:17
500110074,15,9,5,2024-12-19 07:56:15
500111006,15,10,5,2024-12-19 06:18:15
500113048,15,8,5,2024-12-19 05:37:15
500101103,15,7,6,2024-12-19 07:08:15
500101149,15,9,6,2024-12-19 06:56:15
500101177,15,9,6,2024-12-19 07:33:15
500103062,15,9,6,2024-12-19 06:37:15
500103065,15,9,6,2024-12-19 06:40:16
500104101,15,8,6,2024-12-19 06:43:15
500104111,15,6,6,2024-12-19 06:41:15
500104111,15,9,6,2024-12-19 07:36:15
500106015,15,8,6,2024-12-19 05:33:15
500107125,15,6,6,2024-12-19 08:33:16
500107125,15,6,6,2024-12-19 08:50:16
500107154,15,9,6,2024-12-19 08:47:15
500108012,15,9,6,2024-12-19 08:33:16
500108023,15,8,6,2024-12-19 06:46:15
500110074,15,8,6,2024-12-19 07:35:15
500113077,15,9,6,2024-12-19 07:58:15
500113080,15,7,6,2024-12-19 07:16:15
500101130,15,8,7,2024-12-19 07:46:15
500101145,15,7,7,2024-12-19 08:27:16
500101208,15,8,7,2024-12-19 08:02:15
500101213,15,8,7,2024-12-19 08:27:16
500104063,15,8,7,2024-12-19 07:40:16
500105082,15,7,7,2024-12-19 07:49:16
500105083,15,8,7,2024-12-19 08:25:16
500107067,15,8,7,2024-12-19 07:05:15
500107125,15,4,7,2024-12-19 07:40:16
500107145,15,8,7,2024-12-19 07:36:15
500108059,15,8,7,2024-12-19 08:18:15
500108085,15,7,7,2024-12-19 06:37:15
500108123,15,8,7,2024-12-19 07:06:15
500108172,15,8,7,2024-12-19 07:37:15
500108185,15,8,7,2024-12-19 07:05:15
500109097,15,8,7,2024-12-19 07:48:16
500109100,15,8,7,2024-12-19 08:21:16
500110082,15,8,7,2024-12-19 08:17:15
500113077,15,5,7,2024-12-19 05:07:15
500101130,15,7,8,2024-12-19 08:35:16
500103065,15,7,8,2024-12-19 06:53:14
500104117,15,6,8,2024-12-19 06:55:15
500106087,15,6,8,2024-12-19 08:00:16
500107039,15,7,8,2024-12-19 08:46:15
500108164,15,7,8,2024-12-19 07:45:16
500112094,15,6,8,2024-12-19 08:16:15
500113074,15,7,8,2024-12-19 07:04:15
500101117,15,6,9,2024-12-19 06:39:15
500101197,15,6,9,2024-12-19 06:36:14
500101224,15,6,9,2024-12-19 07:13:15
500101229,15,5,9,2024-12-19 08:46:15
500101229,15,5,9,2024-12-19 08:57:14
500104013,15,6,9,2024-12-19 07:43:15
500107068,15,6,9,2024-12-19 07:24:15
500107104,15,6,9,2024-12-19 06:52:15
500107121,15,5,9,2024-12-19 06:42:14
500107127,15,6,9,2024-12-19 07:33:14
500108075,15,6,9,2024-12-19 07:54:14
500108172,15,6,9,2024-12-19 07:47:15
500108172,15,6,9,2024-12-19 07:55:17
500111084,15,6,9,2024-12-19 07:05:15
500111087,15,5,9,2024-12-19 07:33:15
500111087,15,5,9,2024-12-19 05:48:14
500112106,15,6,9,2024-12-19 07:26:15
500113062,15,5,9,2024-12-19 08:45:16
500113062,15,5,9,2024-12-19 06:17:14
500101213,15,5,10,2024-12-19 08:02:15
500104056,15,5,10,2024-12-19 07:41:15
500105039,15,5,10,2024-12-19 08:17:15
500105083,15,5,10,2024-12-19 06:35:15
500105096,15,5,10,2024-12-19 08:47:15
500105096,15,5,10,2024-12-19 08:57:15
500106027,15,4,10,2024-12-19 08:14:16
500108148,15,5,10,2024-12-19 05:34:15
500109018,15,5,10,2024-12-19 08:25:16
500109018,15,5,10,2024-12-19 07:41:15
500109030,15,5,10,2024-12-19 06:53:15
500109100,15,5,10,2024-12-19 06:52:15
500110088,15,4,10,2024-12-19 05:39:15
500111078,15,5,10,2024-12-19 07:37:15
500113080,15,3,10,2024-12-19 08:22:14
500101224,15,4,11,2024-12-19 08:17:15
500104056,15,4,11,2024-12-19 06:52:15
500105076,15,4,11,2024-12-19 08:35:16
500107068,15,4,11,2024-12-19 08:36:14
500108085,15,3,11,2024-12-19 07:30:16
500111006,15,4,11,2024-12-19 04:46:15
500111006,15,4,11,2024-12-19 07:48:15
500111073,15,0,11,2024-12-19 07:14:15
500113062,15,3,11,2024-12-19 07:56:15
500101029,15,2,12,2024-12-19 08:37:16
500101103,15,3,12,2024-12-19 08:51:15
500101155,15,3,12,2024-12-19 08:36:14
500101155,15,3,12,2024-12-19 08:57:16
500103069,15,3,12,2024-12-19 06:56:15
500104013,15,3,12,2024-12-19 08:03:15
500104101,15,2,12,2024-12-19 08:19:15
500105066,15,3,12,2024-12-19 07:52:15
500105077,15,3,12,2024-12-19 07:25:15
500108142,15,3,12,2024-12-19 06:35:15
500108142,15,3,12,2024-12-19 07:34:14
500109016,15,3,12,2024-12-19 06:42:15
500113074,15,3,12,2024-12-19 08:03:15
500101155,15,2,13,2024-12-19 07:27:15
500104059,15,1,13,2024-12-19 07:45:16
500104071,15,2,13,2024-12-19 08:56:16
500104096,15,2,13,2024-12-19 07:22:15
500104111,15,2,13,2024-12-19 08:44:16
500104125,15,2,13,2024-12-19 08:17:14
500105066,15,2,13,2024-12-19 08:57:15
500105066,15,2,13,2024-12-19 07:36:15
500107039,15,2,13,2024-12-19 07:56:15
500107052,15,1,13,2024-12-19 08:15:16
500107052,15,1,13,2024-12-19 07:35:16
500109073,15,2,13,2024-12-19 08:20:17
500110027,15,1,13,2024-12-19 08:45:16
500110043,15,2,13,2024-12-19 06:44:15
500110043,15,2,13,2024-12-19 06:07:15
500101163,15,1,14,2024-12-19 07:59:15
500103065,15,1,14,2024-12-19 08:02:15
500103069,15,1,14,2024-12-19 07:54:15
500105077,15,1,14,2024-12-19 08:24:15
500107080,15,1,14,2024-12-19 05:03:15
500108012,15,1,14,2024-12-19 07:45:16
500109073,15,1,14,2024-12-19 08:35:16
500112019,15,1,14,2024-12-19 05:21:14
500113054,15,1,14,2024-12-19 08:03:15
500104071,15,0,15,2024-12-19 08:17:16
500105077,15,0,15,2024-12-19 08:02:17
500106013,15,0,15,2024-12-19 08:30:20
500107074,15,0,15,2024-12-19 08:09:17
500107074,15,0,15,2024-12-19 07:56:16
500113074,15,0,15,2024-12-19 08:17:16
500113075,15,0,15,2024-12-19 07:30:18
500101042,15,14,1,2024-12-19 00:35:16
500101117,15,4,11,2024-12-19 00:14:15
500103065,15,12,3,2024-12-19 00:03:15
500104106,15,10,4,2024-12-19 00:12:15
500104117,15,5,10,2024-12-19 00:02:15
500106013,15,14,1,2024-12-19 00:18:15
500106100,15,4,11,2024-12-19 00:14:15
500107039,15,3,12,2024-12-19 00:14:14
500107145,15,11,4,2024-12-19 00:09:15
500108015,15,5,10,2024-12-19 00:46:15
500110027,15,12,2,2024-12-19 00:13:15
500110070,15,3,12,2024-12-19 00:43:15
500110081,15,5,9,2024-12-19 00:04:16
500111018,15,13,2,2024-12-19 00:32:15
500113047,15,2,13,2024-12-19 00:23:14
500101103,15,6,1,2024-12-19 00:56:14
500101149,15,12,3,2024-12-19 00:11:14
500101184,15,12,3,2024-12-19 00:43:15
500105066,15,6,9,2024-12-19 00:33:15
500105071,15,1,14,2024-12-19 00:23:15
500106027,15,7,5,2024-12-19 00:45:15
500112090,15,0,15,2024-12-19 21:54:14
500108050,15,1,14,2024-12-19 22:35:16
500106087,15,4,10,2024-12-19 23:12:15
500108019,15,6,7,2024-12-19 21:41:14
500108119,15,6,9,2024-12-19 23:24:15
500105079,15,8,7,2024-12-19 22:13:15
500104002,15,12,3,2024-12-19 23:49:15
500110043,15,4,11,2024-12-19 23:39:14
500107127,15,5,10,2024-12-19 23:54:15
500110070,15,12,3,2024-12-19 23:54:15
500113047,15,1,14,2024-12-19 01:02:15
500110070,15,2,13,2024-12-19 01:00:17
500108015,15,4,11,2024-12-19 00:58:14
500101213,15,5,10,2024-12-19 01:13:15
500108023,15,7,8,2024-12-19 01:04:14
500105071,15,0,15,2024-12-19 23:04:15
500104096,15,1,14,2024-12-19 22:33:15
500110043,15,2,13,2024-12-19 23:18:15
500107074,15,8,7,2024-12-19 23:16:15
500101229,15,14,1,2024-12-19 23:08:14
500106124,15,14,1,2024-12-19 23:15:14
500101130,15,15,0,2024-12-19 22:17:15
500107002,15,4,11,2024-12-19 22:36:15
500107047,15,7,5,2024-12-19 22:24:14
500111073,15,7,6,2024-12-19 21:57:15
500109089,15,8,6,2024-12-19 22:28:15
500104130,15,11,3,2024-12-19 21:57:15
500106013,15,12,3,2024-12-19 22:29:14
500111018,15,14,1,2024-12-19 22:35:16
500113050,15,15,0,2024-12-19 22:28:16
500107104,15,2,13,2024-12-19 20:39:16
500105066,15,3,12,2024-12-19 21:39:15
500105077,15,5,9,2024-12-19 20:52:15
500109089,15,5,9,2024-12-19 20:40:16
500108148,15,5,10,2024-12-19 20:31:15
500106108,15,6,7,2024-12-19 21:36:15
500107052,15,6,8,2024-12-19 20:45:16
500111078,15,8,7,2024-12-19 21:38:15
500106109,15,9,6,2024-12-19 21:33:16
500107127,15,9,6,2024-12-19 21:37:15
500104096,15,5,10,2024-12-19 02:54:15
500107127,15,6,9,2024-12-19 01:24:14
500107054,15,9,4,2024-12-19 02:02:15
500108012,15,9,6,2024-12-19 01:23:15
500104121,15,10,5,2024-12-19 01:33:15
500106008,15,12,3,2024-12-19 02:46:14
500107121,15,13,1,2024-12-19 02:36:14
500105039,15,13,2,2024-12-19 01:35:15
500109018,15,13,2,2024-12-19 02:06:15
500101042,15,15,0,2024-12-19 03:06:14
500110043,15,4,11,2024-12-19 04:08:16
500106027,15,8,4,2024-12-19 03:08:15
500111018,15,14,1,2024-12-19 03:33:15
500106129,15,4,11,2024-12-19 22:06:15
500104124,15,7,8,2024-12-19 21:53:15
500107033,15,7,8,2024-12-19 22:09:15
500101103,15,9,2,2024-12-19 22:07:15
500106128,15,13,0,2024-12-19 22:08:15
500113037,15,13,2,2024-12-19 22:06:15
500112019,15,0,15,2024-12-19 21:58:15
500101213,15,3,12,2024-12-19 21:46:15
500107047,15,6,6,2024-12-19 21:54:15
500109060,15,6,8,2024-12-19 21:56:15
500107156,15,7,4,2024-12-19 21:59:15
500103069,15,9,6,2024-12-19 21:52:15
500101229,15,10,5,2024-12-19 21:56:15
500107074,15,9,6,2024-12-19 03:38:15
500101177,15,12,3,2024-12-19 03:11:15
500101145,15,15,0,2024-12-19 23:47:15
500107146,15,15,0,2024-12-19 01:00:19
500101197,15,2,13,2024-12-19 01:41:15
500113047,15,2,13,2024-12-19 01:43:15
500106129,15,5,9,2024-12-19 01:25:15
500110027,15,14,0,2024-12-19 01:32:15
500107134,15,14,1,2024-12-19 01:36:15
500101042,15,15,0,2024-12-19 01:43:15
500107039,15,6,9,2024-12-19 02:09:15
500106109,15,12,3,2024-12-19 22:41:15
500106074,15,13,1,2024-12-19 22:40:15
500101155,15,13,2,2024-12-19 22:45:16
500105077,15,8,7,2024-12-19 04:29:15
500108085,15,11,3,2024-12-19 04:35:15
500101042,15,14,0,2024-12-19 04:36:15
500110074,15,0,15,2024-12-19 22:50:18
500107146,15,8,6,2024-12-19 23:03:15
500113050,15,8,7,2024-12-19 22:57:15
500104111,15,3,6,2024-12-19 22:18:15
500105066,15,3,12,2024-12-19 22:19:15
500101229,15,12,3,2024-12-19 22:17:15
500113047,15,14,1,2024-12-19 22:17:15
500107106,15,1,14,2024-12-19 22:26:15
500101197,15,2,13,2024-12-19 22:21:14
500104096,15,2,13,2024-12-19 22:25:15
500101163,15,9,6,2024-12-19 22:54:15
500101117,15,4,11,2024-12-19 01:37:14
500103062,15,15,0,2024-12-19 09:35:17
500107054,15,14,0,2024-12-19 09:49:15
500107127,15,15,0,2024-12-19 10:27:17
500101184,15,14,1,2024-12-19 13:08:15
500106100,15,14,1,2024-12-19 10:31:16
500106124,15,14,1,2024-12-19 13:07:15
500107127,15,14,1,2024-12-19 10:34:14
500107156,15,13,1,2024-12-19 12:07:16
500108015,15,14,1,2024-12-19 12:41:15
500106100,15,13,2,2024-12-19 11:48:15
500107033,15,13,2,2024-12-19 10:21:15
500107054,15,12,2,2024-12-19 10:07:15
500110043,15,13,2,2024-12-19 12:08:15
500104117,15,12,3,2024-12-19 10:51:16
500107033,15,12,3,2024-12-19 10:48:15
500108050,15,12,3,2024-12-19 10:23:15
500110074,15,12,3,2024-12-19 11:16:15
500106100,15,11,4,2024-12-19 09:30:16
500107002,15,11,4,2024-12-19 10:47:16
500107039,15,11,4,2024-12-19 12:46:15
500109098,15,11,4,2024-12-19 12:48:15
500110074,15,11,4,2024-12-19 10:18:15
500101184,15,10,5,2024-12-19 12:48:15
500103062,15,10,5,2024-12-19 09:08:15
500103062,15,10,5,2024-12-19 11:26:15
500104124,15,10,5,2024-12-19 09:03:14
500106087,15,9,5,2024-12-19 11:27:15
500107002,15,10,5,2024-12-19 11:03:16
500107054,15,10,5,2024-12-19 11:32:15
500107080,15,10,5,2024-12-19 09:39:14
500107125,15,7,5,2024-12-19 09:21:15
500107145,15,10,5,2024-12-19 09:45:15
500109098,15,10,5,2024-12-19 11:13:15
500104122,15,9,6,2024-12-19 12:45:16
500105075,15,9,6,2024-12-19 12:40:17
500106015,15,8,6,2024-12-19 11:02:15
500107068,15,9,6,2024-12-19 13:02:14
500107080,15,9,6,2024-12-19 11:38:15
500107080,15,9,6,2024-12-19 10:49:16
500110043,15,9,6,2024-12-19 10:48:15
500111073,15,9,6,2024-12-19 12:35:16
500111078,15,9,6,2024-12-19 12:33:15
500111078,15,9,6,2024-12-19 11:55:17
500111086,15,8,6,2024-12-19 12:47:15
500104124,15,8,7,2024-12-19 10:16:15
500105075,15,8,7,2024-12-19 10:22:16
500105079,15,8,7,2024-12-19 11:10:17
500106013,15,8,7,2024-12-19 11:08:15
500106027,15,7,7,2024-12-19 09:40:16
500107047,15,7,7,2024-12-19 12:13:16
500107052,15,7,7,2024-12-19 10:42:15
500107054,15,8,7,2024-12-19 11:22:16
500107068,15,8,7,2024-12-19 11:27:15
500107080,15,8,7,2024-12-19 11:39:15
500107080,15,8,7,2024-12-19 10:11:14
500107080,15,8,7,2024-12-19 10:40:16
500107119,15,3,7,2024-12-19 11:27:15
500107121,15,7,7,2024-12-19 09:06:15
500107154,15,8,7,2024-12-19 11:07:16
500108012,15,8,7,2024-12-19 12:09:16
500108019,15,7,7,2024-12-19 10:45:16
500108050,15,8,7,2024-12-19 09:51:14
500108059,15,8,7,2024-12-19 10:23:15
500108123,15,8,7,2024-12-19 11:47:16
500108139,15,6,7,2024-12-19 11:53:16
500108164,15,8,7,2024-12-19 12:34:14
500108164,15,8,7,2024-12-19 09:39:15
500109030,15,8,7,2024-12-19 10:00:18
500109060,15,7,7,2024-12-19 10:31:15
500109098,15,8,7,2024-12-19 09:55:17
500111018,15,8,7,2024-12-19 12:16:15
500113050,15,8,7,2024-12-19 10:31:16
500113062,15,7,7,2024-12-19 11:04:15
500113086,15,8,7,2024-12-19 10:37:16
500101177,15,7,8,2024-12-19 12:36:15
500101213,15,7,8,2024-12-19 09:52:15
500101213,15,7,8,2024-12-19 10:06:14
500101239,15,7,8,2024-12-19 11:08:15
500104128,15,7,8,2024-12-19 09:06:14
500105071,15,7,8,2024-12-19 09:29:15
500107030,15,6,8,2024-12-19 11:27:15
500107052,15,6,8,2024-12-19 10:26:14
500107052,15,6,8,2024-12-19 10:58:16
500107052,15,6,8,2024-12-19 11:10:16
500107068,15,7,8,2024-12-19 11:58:15
500108164,15,7,8,2024-12-19 09:37:16
500109097,15,7,8,2024-12-19 12:36:14
500109097,15,7,8,2024-12-19 09:56:16
500110043,15,7,8,2024-12-19 09:56:16
500113048,15,5,8,2024-12-19 10:27:16
500113050,15,7,8,2024-12-19 09:56:16
500113062,15,7,8,2024-12-19 11:50:15
500103062,15,6,9,2024-12-19 12:19:15
500104049,15,6,9,2024-12-19 11:33:15
500104056,15,6,9,2024-12-19 10:02:15
500104101,15,6,9,2024-12-19 11:13:15
500104106,15,5,9,2024-12-19 11:16:15
500104121,15,6,9,2024-12-19 11:37:15
500104124,15,6,9,2024-12-19 10:59:15
500105039,15,6,9,2024-12-19 10:52:15
500105079,15,6,9,2024-12-19 08:40:17
500107047,15,5,9,2024-12-19 09:39:15
500107104,15,6,9,2024-12-19 11:03:15
500109059,15,6,9,2024-12-19 08:58:15
500109089,15,5,9,2024-12-19 12:23:16
500113086,15,6,9,2024-12-19 09:30:16
500101029,15,4,10,2024-12-19 10:15:16
500101103,15,5,10,2024-12-19 12:48:15
500101130,15,5,10,2024-12-19 12:13:16
500101213,15,5,10,2024-12-19 11:54:15
500101232,15,5,10,2024-12-19 11:40:17
500104049,15,5,10,2024-12-19 12:36:15
500104101,15,5,10,2024-12-19 10:12:15
500104121,15,5,10,2024-12-19 11:47:16
500104128,15,5,10,2024-12-19 09:17:15
500105082,15,4,10,2024-12-19 10:51:16
500106008,15,5,10,2024-12-19 09:00:18
500106028,15,5,10,2024-12-19 10:30:16
500107030,15,5,10,2024-12-19 10:45:16
500107033,15,5,10,2024-12-19 12:19:16
500107033,15,5,10,2024-12-19 11:08:15
500107039,15,5,10,2024-12-19 10:28:15
500107106,15,5,10,2024-12-19 10:48:15
500107121,15,4,10,2024-12-19 10:38:15
500107139,15,5,10,2024-12-19 10:17:16
500107145,15,5,10,2024-12-19 09:08:15
500108050,15,5,10,2024-12-19 10:38:15
500108085,15,4,10,2024-12-19 12:41:15
500108119,15,5,10,2024-12-19 11:36:15
500108170,15,5,10,2024-12-19 11:53:15
500108170,15,5,10,2024-12-19 12:04:16
500110043,15,5,10,2024-12-19 09:47:15
500112019,15,5,10,2024-12-19 12:52:15
500112094,15,4,10,2024-12-19 11:39:15
500113062,15,5,10,2024-12-19 12:37:15
500101029,15,3,11,2024-12-19 10:50:15
500101130,15,4,11,2024-12-19 12:28:15
500101177,15,4,11,2024-12-19 11:37:15
500101232,15,4,11,2024-12-19 09:47:14
500104071,15,4,11,2024-12-19 12:45:16
500104106,15,3,11,2024-12-19 12:20:16
500104121,15,2,11,2024-12-19 09:42:15
500104125,15,4,11,2024-12-19 08:57:15
500104128,15,4,11,2024-12-19 12:33:15
500105039,15,4,11,2024-12-19 11:58:16
500108023,15,3,11,2024-12-19 12:05:17
500109060,15,3,11,2024-12-19 11:14:15
500110027,15,3,11,2024-12-19 09:43:15
500110027,15,3,11,2024-12-19 10:40:16
500112094,15,3,11,2024-12-19 13:02:14
500101130,15,3,12,2024-12-19 09:02:15
500101155,15,3,12,2024-12-19 10:47:16
500101232,15,3,12,2024-12-19 09:37:15
500101239,15,3,12,2024-12-19 12:01:16
500104106,15,2,12,2024-12-19 11:59:16
500104125,15,3,12,2024-12-19 12:21:15
500105096,15,3,12,2024-12-19 10:56:15
500106013,15,3,12,2024-12-19 09:36:14
500106074,15,2,12,2024-12-19 11:35:16
500106128,15,2,12,2024-12-19 09:25:16
500107039,15,3,12,2024-12-19 09:53:15
500107074,15,3,12,2024-12-19 12:08:15
500107106,15,3,12,2024-12-19 10:18:15
500107121,15,2,12,2024-12-19 09:36:15
500108085,15,2,12,2024-12-19 09:58:15
500109018,15,3,12,2024-12-19 09:01:15
500109059,15,3,12,2024-12-19 13:00:17
500109062,15,3,12,2024-12-19 12:42:15
500110043,15,3,12,2024-12-19 09:08:15
500112094,15,2,12,2024-12-19 11:15:16
500101163,15,2,13,2024-12-19 09:09:15
500101163,15,2,13,2024-12-19 11:57:15
500101184,15,2,13,2024-12-19 10:50:16
500101229,15,2,13,2024-12-19 12:48:15
500101229,15,1,13,2024-12-19 10:06:15
500101229,15,1,13,2024-12-19 10:13:16
500101232,15,2,13,2024-12-19 09:02:15
500101239,15,2,13,2024-12-19 13:05:16
500105071,15,2,13,2024-12-19 12:10:16
500105077,15,2,13,2024-12-19 08:58:15
500105077,15,2,13,2024-12-19 09:27:15
500106015,15,1,13,2024-12-19 09:52:14
500106108,15,1,13,2024-12-19 12:00:19
500106109,15,2,13,2024-12-19 12:03:15
500107067,15,2,13,2024-12-19 10:07:16
500107074,15,2,13,2024-12-19 09:08:14
500107074,15,2,13,2024-12-19 10:26:14
500107134,15,1,13,2024-12-19 10:38:15
500107139,15,2,13,2024-12-19 12:06:16
500108172,15,2,13,2024-12-19 11:34:15
500113047,15,2,13,2024-12-19 10:46:15
500101103,15,1,14,2024-12-19 12:19:16
500101117,15,1,14,2024-12-19 10:16:15
500101155,15,1,14,2024-12-19 12:07:16
500101177,15,1,14,2024-12-19 11:56:15
500101177,15,1,14,2024-12-19 09:54:15
500101177,15,1,14,2024-12-19 10:02:15
500101232,15,1,14,2024-12-19 09:55:16
500103069,15,1,14,2024-12-19 11:06:15
500104002,15,1,14,2024-12-19 12:01:16
500104101,15,0,14,2024-12-19 08:33:16
500104111,15,1,14,2024-12-19 09:34:16
500104111,15,1,14,2024-12-19 11:38:15
500104125,15,1,14,2024-12-19 09:26:15
500105066,15,1,14,2024-12-19 10:51:15
500106074,15,0,14,2024-12-19 11:52:16
500106074,15,0,14,2024-12-19 12:08:15
500106074,15,0,14,2024-12-19 12:10:17
500106074,15,0,14,2024-12-19 10:25:15
500106087,15,0,14,2024-12-19 10:29:16
500107067,15,1,14,2024-12-19 12:11:15
500107067,15,1,14,2024-12-19 11:54:15
500107106,15,1,14,2024-12-19 12:48:15
500107106,15,1,14,2024-12-19 12:12:15
500107139,15,1,14,2024-12-19 11:44:15
500107146,15,0,14,2024-12-19 09:33:15
500110081,15,1,14,2024-12-19 11:54:15
500110082,15,1,14,2024-12-19 09:08:15
500110082,15,1,14,2024-12-19 12:11:15
500112019,15,1,14,2024-12-19 11:24:15
500113054,15,1,14,2024-12-19 10:06:14
500101042,15,0,15,2024-12-19 12:27:15
500101042,15,0,15,2024-12-19 11:48:15
500101149,15,0,15,2024-12-19 09:06:15
500101149,15,0,15,2024-12-19 09:35:17
500101155,15,0,15,2024-12-19 09:47:15
500101155,15,0,15,2024-12-19 10:17:16
500101163,15,0,15,2024-12-19 09:33:15
500101224,15,0,15,2024-12-19 11:37:15
500103065,15,0,15,2024-12-19 10:37:16
500104071,15,0,15,2024-12-19 09:06:17
500104071,15,0,15,2024-12-19 09:42:15
500106028,15,0,15,2024-12-19 12:52:16
500110088,15,0,15,2024-12-19 11:37:15
500111073,15,0,15,2024-12-19 10:00:18
500111073,15,0,15,2024-12-19 10:27:17
500112090,15,0,15,2024-12-19 09:46:15
500113075,15,0,15,2024-12-19 08:58:15
500101229,15,11,4,2024-12-19 02:28:15
500101130,15,15,0,2024-12-19 20:13:15
500101163,15,15,0,2024-12-19 19:07:16
500107068,15,15,0,2024-12-19 17:24:17
500108031,15,15,0,2024-12-19 19:44:17
500110070,15,15,0,2024-12-19 20:59:17
500110070,15,15,0,2024-12-19 21:09:16
500110070,15,15,0,2024-12-19 18:38:16
500111018,15,15,0,2024-12-19 19:19:14
500112094,15,15,0,2024-12-19 20:29:14
500101042,15,14,1,2024-12-19 19:25:15
500101163,15,14,1,2024-12-19 18:58:16
500101239,15,14,1,2024-12-19 20:12:15
500104130,15,13,1,2024-12-19 18:56:15
500106074,15,13,1,2024-12-19 19:07:15
500107139,15,14,1,2024-12-19 19:19:15
500108031,15,14,1,2024-12-19 17:59:15
500110043,15,14,1,2024-12-19 18:18:16
500113050,15,14,1,2024-12-19 20:10:16
500101042,15,13,2,2024-12-19 19:54:15
500101042,15,13,2,2024-12-19 19:48:15
500101229,15,13,2,2024-12-19 19:53:16
500103065,15,12,2,2024-12-19 20:48:15
500104117,15,13,2,2024-12-19 17:27:16
500106027,15,13,2,2024-12-19 18:34:15
500107030,15,12,2,2024-12-19 18:05:16
500107030,15,12,2,2024-12-19 19:02:16
500107074,15,13,2,2024-12-19 19:57:15
500108031,15,13,2,2024-12-19 18:51:16
500110043,15,13,2,2024-12-19 19:16:15
500111086,15,13,2,2024-12-19 17:38:16
500101103,15,12,3,2024-12-19 18:38:16
500101145,15,12,3,2024-12-19 18:28:16
500101184,15,12,3,2024-12-19 20:04:16
500101184,15,12,3,2024-12-19 19:18:15
500104056,15,12,3,2024-12-19 18:06:15
500104131,15,12,3,2024-12-19 17:13:15
500106100,15,12,3,2024-12-19 19:58:15
500107054,15,12,3,2024-12-19 20:13:15
500107134,15,11,3,2024-12-19 20:53:15
500109030,15,12,3,2024-12-19 17:46:15
500111086,15,12,3,2024-12-19 19:01:15
500112106,15,12,3,2024-12-19 20:54:15
500113048,15,10,3,2024-12-19 17:34:15
500113048,15,10,3,2024-12-19 19:10:17
500101224,15,11,4,2024-12-19 19:37:16
500103062,15,11,4,2024-12-19 19:48:15
500106027,15,9,4,2024-12-19 21:13:16
500107134,15,10,4,2024-12-19 20:26:16
500107134,15,10,4,2024-12-19 17:38:16
500107154,15,11,4,2024-12-19 21:08:15
500110043,15,11,4,2024-12-19 20:29:15
500110070,15,11,4,2024-12-19 19:23:15
500111087,15,11,4,2024-12-19 19:03:14
500113037,15,11,4,2024-12-19 19:51:15
500113048,15,9,4,2024-12-19 21:09:16
500113062,15,11,4,2024-12-19 20:42:15
500113080,15,11,4,2024-12-19 18:06:15
500101130,15,10,5,2024-12-19 18:50:16
500101177,15,10,5,2024-12-19 17:47:16
500101208,15,10,5,2024-12-19 19:07:15
500101208,15,10,5,2024-12-19 18:31:15
500104071,15,10,5,2024-12-19 17:59:15
500104071,15,10,5,2024-12-19 19:06:15
500106100,15,10,5,2024-12-19 20:38:15
500106128,15,8,5,2024-12-19 21:20:16
500107074,15,10,5,2024-12-19 18:01:16
500107139,15,10,5,2024-12-19 18:02:15
500107146,15,9,5,2024-12-19 17:57:15
500108185,15,10,5,2024-12-19 18:53:15
500109060,15,9,5,2024-12-19 21:13:16
500110083,15,10,5,2024-12-19 19:00:18
500111084,15,10,5,2024-12-19 19:45:16
500113075,15,10,5,2024-12-19 18:55:17
500113077,15,7,5,2024-12-19 19:34:15
500101130,15,9,6,2024-12-19 20:46:16
500101155,15,9,6,2024-12-19 17:37:16
500101184,15,9,6,2024-12-19 18:37:15
500101208,15,9,6,2024-12-19 19:15:16
500101224,15,9,6,2024-12-19 20:54:15
500104080,15,9,6,2024-12-19 16:22:16
500104080,15,9,6,2024-12-19 17:38:16
500104121,15,9,6,2024-12-19 17:53:15
500104125,15,9,6,2024-12-19 19:23:15
500106013,15,9,6,2024-12-19 19:24:15
500106013,15,9,6,2024-12-19 20:51:16
500106015,15,8,6,2024-12-19 19:16:15
500106027,15,7,6,2024-12-19 20:27:15
500106109,15,9,6,2024-12-19 20:18:15
500106124,15,9,6,2024-12-19 20:35:16
500106128,15,9,6,2024-12-19 19:33:15
500107125,15,9,6,2024-12-19 19:12:15
500109016,15,9,6,2024-12-19 19:27:15
500109060,15,8,6,2024-12-19 19:32:15
500110043,15,9,6,2024-12-19 21:08:15
500113050,15,9,6,2024-12-19 20:49:15
500101145,15,8,7,2024-12-19 19:47:15
500101149,15,8,7,2024-12-19 20:15:15
500101224,15,8,7,2024-12-19 21:14:15
500101239,15,8,7,2024-12-19 18:21:16
500104002,15,8,7,2024-12-19 17:22:16
500104059,15,7,7,2024-12-19 20:59:15
500104106,15,7,7,2024-12-19 19:39:15
500104124,15,8,7,2024-12-19 17:56:16
500104124,15,8,7,2024-12-19 19:38:14
500105082,15,8,7,2024-12-19 17:38:16
500106008,15,7,7,2024-12-19 17:51:16
500106027,15,8,7,2024-12-19 17:23:15
500106109,15,8,7,2024-12-19 19:48:14
500106128,15,6,7,2024-12-19 21:02:15
500107068,15,8,7,2024-12-19 19:58:15
500107135,15,8,7,2024-12-19 18:58:16
500108019,15,7,7,2024-12-19 18:11:16
500109098,15,8,7,2024-12-19 17:28:14
500110043,15,8,7,2024-12-19 20:59:15
500111084,15,8,7,2024-12-19 18:16:16
500101145,15,7,8,2024-12-19 19:59:16
500103003,15,6,8,2024-12-19 19:36:15
500104049,15,7,8,2024-12-19 18:07:16
500104049,15,7,8,2024-12-19 19:17:15
500105076,15,7,8,2024-12-19 18:12:16
500106015,15,6,8,2024-12-19 19:25:15
500106015,15,6,8,2024-12-19 18:35:16
500107002,15,7,8,2024-12-19 21:02:16
500107033,15,7,8,2024-12-19 21:13:16
500107125,15,7,8,2024-12-19 17:02:15
500107146,15,6,8,2024-12-19 20:12:14
500107146,15,6,8,2024-12-19 20:44:15
500108023,15,7,8,2024-12-19 18:59:15
500108085,15,7,8,2024-12-19 18:01:16
500108139,15,6,8,2024-12-19 18:05:16
500109082,15,7,8,2024-12-19 19:04:15
500109100,15,7,8,2024-12-19 20:00:17
500110074,15,7,8,2024-12-19 20:13:15
500112106,15,7,8,2024-12-19 17:12:16
500113062,15,7,8,2024-12-19 19:52:15
500101117,15,6,9,2024-12-19 20:59:15
500101145,15,6,9,2024-12-19 17:48:15
500101239,15,6,9,2024-12-19 18:48:15
500103069,15,6,9,2024-12-19 21:05:16
500104106,15,5,9,2024-12-19 17:32:15
500105079,15,6,9,2024-12-19 18:25:17
500106074,15,5,9,2024-12-19 19:37:15
500106124,15,6,9,2024-12-19 17:59:15
500107121,15,5,9,2024-12-19 18:35:16
500107134,15,5,9,2024-12-19 18:41:15
500107145,15,6,9,2024-12-19 18:19:15
500107146,15,5,9,2024-12-19 20:30:17
500107146,15,5,9,2024-12-19 16:44:15
500107154,15,6,9,2024-12-19 18:57:15
500108023,15,6,9,2024-12-19 18:55:17
500108077,15,6,9,2024-12-19 15:49:14
500108148,15,6,9,2024-12-19 19:00:18
500108172,15,6,9,2024-12-19 21:08:15
500109016,15,6,9,2024-12-19 18:42:16
500109018,15,6,9,2024-12-19 19:51:15
500110027,15,5,9,2024-12-19 18:27:15
500113037,15,6,9,2024-12-19 18:34:15
500101103,15,5,10,2024-12-19 17:28:14
500107154,15,5,10,2024-12-19 18:08:16
500108077,15,5,10,2024-12-19 18:00:18
500108142,15,5,10,2024-12-19 19:57:15
500108142,15,5,10,2024-12-19 18:19:15
500109097,15,5,10,2024-12-19 17:59:15
500109098,15,5,10,2024-12-19 18:27:15
500109100,15,5,10,2024-12-19 20:33:15
500113074,15,5,10,2024-12-19 19:15:16
500101029,15,4,11,2024-12-19 20:14:15
500101184,15,4,11,2024-12-19 21:18:15
500101232,15,4,11,2024-12-19 20:48:15
500104013,15,4,11,2024-12-19 18:48:15
500105066,15,4,11,2024-12-19 19:29:15
500106013,15,4,11,2024-12-19 17:43:16
500107039,15,4,11,2024-12-19 20:27:14
500107104,15,4,11,2024-12-19 17:54:15
500107127,15,4,11,2024-12-19 20:07:15
500108023,15,4,11,2024-12-19 20:38:15
500108050,15,4,11,2024-12-19 20:01:15
500108142,15,4,11,2024-12-19 18:57:15
500108164,15,4,11,2024-12-19 18:37:15
500109016,15,4,11,2024-12-19 17:50:16
500109089,15,3,11,2024-12-19 18:28:16
500112090,15,4,11,2024-12-19 18:14:15
500101029,15,3,12,2024-12-19 20:53:15
500101155,15,3,12,2024-12-19 19:07:15
500104013,15,3,12,2024-12-19 18:07:15
500104056,15,3,12,2024-12-19 18:18:16
500104071,15,3,12,2024-12-19 20:11:16
500104096,15,3,12,2024-12-19 20:06:15
500105039,15,3,12,2024-12-19 18:49:16
500106128,15,3,12,2024-12-19 17:48:15
500108085,15,3,12,2024-12-19 20:30:17
500108143,15,3,12,2024-12-19 17:42:15
500110074,15,3,12,2024-12-19 18:54:15
500113050,15,3,12,2024-12-19 18:36:16
500113075,15,3,12,2024-12-19 17:25:16
500101232,15,2,13,2024-12-19 20:05:16
500104101,15,2,13,2024-12-19 18:59:15
500107052,15,1,13,2024-12-19 17:35:16
500107106,15,2,13,2024-12-19 17:28:16
500107127,15,2,13,2024-12-19 21:19:15
500108015,15,2,13,2024-12-19 18:18:15
500108142,15,2,13,2024-12-19 19:29:15
500108170,15,2,13,2024-12-19 19:54:15
500108170,15,2,13,2024-12-19 18:44:16
500109018,15,2,13,2024-12-19 17:49:15
500109089,15,1,13,2024-12-19 17:59:15
500109089,15,1,13,2024-12-19 18:17:16
500110043,15,2,13,2024-12-19 17:27:16
500110082,15,2,13,2024-12-19 17:44:15
500112019,15,2,13,2024-12-19 21:09:16
500112019,15,2,13,2024-12-19 18:58:16
500112090,15,2,13,2024-12-19 18:58:16
500113062,15,2,13,2024-12-19 17:28:15
500101029,15,1,14,2024-12-19 18:22:16
500101197,15,1,14,2024-12-19 18:36:16
500101213,15,1,14,2024-12-19 18:17:15
500101232,15,1,14,2024-12-19 19:57:15
500104013,15,1,14,2024-12-19 20:02:14
500105077,15,1,14,2024-12-19 17:23:15
500105077,15,1,14,2024-12-19 17:46:16
500106015,15,0,14,2024-12-19 20:08:15
500106015,15,0,14,2024-12-19 17:56:15
500106129,15,1,14,2024-12-19 20:54:15
500108015,15,1,14,2024-12-19 19:42:15
500108075,15,1,14,2024-12-19 20:47:16
500109016,15,1,14,2024-12-19 17:24:17
500109089,15,0,14,2024-12-19 18:08:16
500110082,15,1,14,2024-12-19 21:18:15
500113062,15,1,14,2024-12-19 17:47:15
500101029,15,0,15,2024-12-19 18:39:15
500101029,15,0,15,2024-12-19 18:18:16
500101029,15,0,15,2024-12-19 18:37:15
500101197,15,0,15,2024-12-19 18:17:16
500105066,15,0,15,2024-12-19 18:15:17
500109073,15,0,15,2024-12-19 20:30:20
500112019,15,0,15,2024-12-19 19:58:15
500112090,15,0,15,2024-12-19 20:08:15
500112090,15,0,15,2024-12-19 20:10:20
500101145,15,15,0,2024-12-19 15:44:15
500101163,15,15,0,2024-12-19 14:58:15
500107121,15,14,0,2024-12-19 16:15:17
500109080,15,15,0,2024-12-19 15:53:16
500101145,15,14,1,2024-12-19 13:48:16
500101145,15,14,1,2024-12-19 14:31:16
500104117,15,14,1,2024-12-19 13:19:15
500113047,15,14,1,2024-12-19 16:15:15
500101163,15,13,2,2024-12-19 14:47:15
500104130,15,12,2,2024-12-19 16:30:16
500104130,15,12,2,2024-12-19 16:57:15
500107047,15,12,2,2024-12-19 16:38:15
500107121,15,12,2,2024-12-19 14:06:15
500111087,15,13,2,2024-12-19 14:04:15
500104130,15,11,3,2024-12-19 17:00:17
500111006,15,12,3,2024-12-19 14:48:14
500111006,15,12,3,2024-12-19 14:27:15
500106100,15,11,4,2024-12-19 14:01:15
500108012,15,11,4,2024-12-19 15:19:16
500110043,15,11,4,2024-12-19 15:07:15
500104056,15,10,5,2024-12-19 16:23:15
500107106,15,10,5,2024-12-19 15:48:15
500101103,15,9,6,2024-12-19 16:37:15
500101103,15,9,6,2024-12-19 17:15:17
500101232,15,9,6,2024-12-19 16:18:16
500104124,15,9,6,2024-12-19 16:42:15
500105075,15,9,6,2024-12-19 16:38:15
500106087,15,8,6,2024-12-19 14:00:17
500107106,15,9,6,2024-12-19 15:22:15
500108170,15,9,6,2024-12-19 13:49:14
500109018,15,9,6,2024-12-19 15:47:15
500110074,15,9,6,2024-12-19 13:16:14
500101029,15,7,7,2024-12-19 15:12:15
500101029,15,7,7,2024-12-19 14:09:15
500101130,15,8,7,2024-12-19 16:46:15
500101184,15,8,7,2024-12-19 15:59:15
500101213,15,8,7,2024-12-19 14:58:15
500104056,15,8,7,2024-12-19 15:04:14
500106109,15,8,7,2024-12-19 15:05:16
500107002,15,8,7,2024-12-19 17:05:17
500107030,15,7,7,2024-12-19 15:44:14
500107068,15,8,7,2024-12-19 13:20:17
500107080,15,8,7,2024-12-19 14:21:14
500107139,15,8,7,2024-12-19 16:34:16
500107156,15,8,7,2024-12-19 16:59:15
500108015,15,8,7,2024-12-19 16:48:16
500108015,15,8,7,2024-12-19 15:10:15
500108031,15,8,7,2024-12-19 16:47:15
500108164,15,8,7,2024-12-19 14:00:17
500108185,15,8,7,2024-12-19 16:14:15
500109073,15,8,7,2024-12-19 15:17:16
500103003,15,7,8,2024-12-19 13:51:15
500106015,15,6,8,2024-12-19 14:24:15
500107030,15,6,8,2024-12-19 15:10:15
500107127,15,7,8,2024-12-19 13:21:16
500108015,15,7,8,2024-12-19 15:26:15
500108077,15,7,8,2024-12-19 15:11:15
500109060,15,6,8,2024-12-19 17:04:15
500101232,15,6,9,2024-12-19 16:28:15
500104111,15,6,9,2024-12-19 17:03:16
500106013,15,6,9,2024-12-19 16:17:14
500107030,15,5,9,2024-12-19 14:51:15
500107033,15,6,9,2024-12-19 14:07:16
500107106,15,6,9,2024-12-19 14:25:16
500107127,15,6,9,2024-12-19 14:12:14
500107135,15,6,9,2024-12-19 16:56:15
500113037,15,6,9,2024-12-19 16:47:15
500101029,15,4,10,2024-12-19 14:53:14
500101163,15,5,10,2024-12-19 14:03:16
500101197,15,5,10,2024-12-19 17:06:16
500103069,15,5,10,2024-12-19 15:36:15
500104013,15,5,10,2024-12-19 13:34:16
500104059,15,5,10,2024-12-19 16:40:16
500104071,15,5,10,2024-12-19 14:01:15
500104111,15,5,10,2024-12-19 16:14:15
500104121,15,5,10,2024-12-19 17:00:16
500106013,15,5,10,2024-12-19 16:57:16
500107135,15,5,10,2024-12-19 16:37:15
500110088,15,5,10,2024-12-19 15:19:16
500113050,15,5,10,2024-12-19 14:48:15
500101042,15,4,11,2024-12-19 14:34:15
500101232,15,4,11,2024-12-19 14:57:15
500103065,15,4,11,2024-12-19 13:42:15
500104101,15,4,11,2024-12-19 15:04:15
500104121,15,4,11,2024-12-19 16:44:15
500105096,15,4,11,2024-12-19 16:22:16
500107052,15,3,11,2024-12-19 16:58:15
500107067,15,4,11,2024-12-19 16:43:15
500107134,15,3,11,2024-12-19 15:13:16
500109097,15,4,11,2024-12-19 16:41:15
500110027,15,3,11,2024-12-19 17:00:17
500113050,15,4,11,2024-12-19 17:17:16
500113062,15,4,11,2024-12-19 16:12:15
500101149,15,3,12,2024-12-19 16:25:16
500101155,15,3,12,2024-12-19 13:37:15
500101163,15,3,12,2024-12-19 15:18:15
500104059,15,3,12,2024-12-19 15:24:15
500106108,15,2,12,2024-12-19 13:35:15
500107146,15,2,12,2024-12-19 15:21:15
500109104,15,3,12,2024-12-19 13:11:15
500110070,15,3,12,2024-12-19 15:49:15
500111084,15,3,12,2024-12-19 16:54:16
500113050,15,3,12,2024-12-19 14:56:15
500113050,15,3,12,2024-12-19 15:06:14
500101224,15,2,13,2024-12-19 15:34:14
500101224,15,2,13,2024-12-19 15:08:16
500103065,15,2,13,2024-12-19 15:14:15
500105077,15,2,13,2024-12-19 17:04:15
500106074,15,1,13,2024-12-19 14:27:14
500106108,15,1,13,2024-12-19 14:13:15
500106108,15,1,13,2024-12-19 13:27:15
500106129,15,2,13,2024-12-19 13:26:16
500110081,15,2,13,2024-12-19 13:53:15
500110082,15,2,13,2024-12-19 16:16:14
500112019,15,2,13,2024-12-19 16:58:15
500112090,15,2,13,2024-12-19 14:04:15
500101163,15,1,14,2024-12-19 15:38:15
500106028,15,1,14,2024-12-19 16:37:15
500106128,15,1,14,2024-12-19 13:21:15
500106129,15,1,14,2024-12-19 16:51:15
500110081,15,1,14,2024-12-19 17:17:16
500113077,15,1,14,2024-12-19 16:03:15
500101155,15,0,15,2024-12-19 13:54:16
500101232,15,0,15,2024-12-19 13:37:16
500101232,15,0,15,2024-12-19 14:00:19
500110082,15,0,15,2024-12-19 16:29:15
500113062,15,0,15,2024-12-19 16:33:15
500101208,15,2,13,2024-12-19 21:46:15
500101232,15,3,12,2024-12-19 21:49:15
500108015,15,3,12,2024-12-19 21:44:15
500110081,15,3,12,2024-12-19 21:46:15
500113077,15,5,8,2024-12-19 21:45:15
500104106,15,6,8,2024-12-19 21:49:15
500101042,15,7,8,2024-12-19 21:40:16
500101229,15,8,7,2024-12-19 21:46:15
500106027,15,9,4,2024-12-19 21:41:15
500113074,15,9,6,2024-12-19 21:43:15
500105071,15,15,0,2024-12-19 08:21:18
500110088,15,14,0,2024-12-19 07:27:15
500101103,15,10,2,2024-12-19 05:13:15
500108023,15,12,2,2024-12-19 07:37:15
500109089,15,12,2,2024-12-19 07:57:16
500110074,15,12,2,2024-12-19 08:03:15
500110088,15,13,2,2024-12-19 08:46:16
500111018,15,13,2,2024-12-19 08:10:17
500101145,15,11,3,2024-12-19 07:56:15
500103062,15,12,3,2024-12-19 05:30:15
500104128,15,9,3,2024-12-19 07:17:14
500106008,15,12,3,2024-12-19 07:37:15
500106015,15,11,3,2024-12-19 07:56:15
500111018,15,12,3,2024-12-19 05:56:14
500103003,15,10,4,2024-12-19 05:28:14
500103062,15,11,4,2024-12-19 06:21:15
500103065,15,11,4,2024-12-19 08:47:15
500105039,15,11,4,2024-12-19 06:08:14
500105071,15,11,4,2024-12-19 07:25:15
500105075,15,11,4,2024-12-19 07:48:15
500106087,15,10,4,2024-12-19 06:21:15
500106109,15,11,4,2024-12-19 07:26:15
500106124,15,11,4,2024-12-19 06:05:16
500107030,15,11,4,2024-12-19 06:32:15
500107104,15,11,4,2024-12-19 07:47:15
500107125,15,8,4,2024-12-19 08:13:15
500107156,15,7,4,2024-12-19 05:39:15
500109018,15,11,4,2024-12-19 05:58:15
500109089,15,10,4,2024-12-19 06:32:15
500109089,15,10,4,2024-12-19 08:02:15
500110083,15,11,4,2024-12-19 07:25:15
500111018,15,11,4,2024-12-19 08:35:16
500112019,15,11,4,2024-12-19 07:57:16
500113077,15,11,4,2024-12-19 08:27:15
500101145,15,9,5,2024-12-19 05:33:15
500101208,15,10,5,2024-12-19 07:17:14
500104059,15,7,5,2024-12-19 05:42:15
500104071,15,10,5,2024-12-19 05:47:15
500104130,15,9,5,2024-12-19 07:10:16
500106109,15,10,5,2024-12-19 07:42:15
500107002,15,10,5,2024-12-19 07:51:15
500107127,15,10,5,2024-12-19 08:54:15
500108019,15,9,5,2024-12-19 08:32:15
500108139,15,8,5,2024-12-19 04:56:15
500110082,15,10,5,2024-12-19 06:56:15
500111086,15,9,5,2024-12-19 07:17:14
500101145,15,8,6,2024-12-19 07:25:15
500101149,15,9,6,2024-12-19 07:57:16
500101232,15,9,6,2024-12-19 07:11:15
500104124,15,9,6,2024-12-19 08:30:16
500105071,15,9,6,2024-12-19 07:16:15
500105079,15,9,6,2024-12-19 08:15:16
500106015,15,8,6,2024-12-19 06:23:15
500107106,15,9,6,2024-12-19 06:31:15
500107156,15,5,6,2024-12-19 06:45:15
500108085,15,8,6,2024-12-19 05:58:15
500108139,15,7,6,2024-12-19 05:36:15
500109016,15,9,6,2024-12-19 07:31:16
500110043,15,9,6,2024-12-19 08:55:15
500112019,15,9,6,2024-12-19 08:01:15
500113080,15,7,6,2024-12-19 06:22:14
500101117,15,8,7,2024-12-19 06:52:15
500101224,15,8,7,2024-12-19 06:42:15
500104101,15,7,7,2024-12-19 06:52:15
500106015,15,7,7,2024-12-19 07:46:15
500106028,15,8,7,2024-12-19 08:27:16
500106108,15,4,7,2024-12-19 06:30:17
500106128,15,7,7,2024-12-19 05:44:15
500107002,15,8,7,2024-12-19 06:56:14
500108012,15,8,7,2024-12-19 06:35:15
500108143,15,8,7,2024-12-19 07:54:15
500108148,15,8,7,2024-12-19 08:35:16
500108164,15,8,7,2024-12-19 07:53:16
500109062,15,8,7,2024-12-19 06:44:15
500111087,15,7,7,2024-12-19 07:11:15
500111087,15,7,7,2024-12-19 06:17:14
500112106,15,8,7,2024-12-19 08:15:16
500101117,15,7,8,2024-12-19 06:11:14
500101213,15,7,8,2024-12-19 08:46:15
500101232,15,7,8,2024-12-19 08:36:15
500101232,15,7,8,2024-12-19 06:26:15
500106087,15,6,8,2024-12-19 07:35:16
500107054,15,5,8,2024-12-19 06:34:15
500107127,15,7,8,2024-12-19 07:59:15
500109097,15,7,8,2024-12-19 08:14:16
500111078,15,7,8,2024-12-19 08:40:17
500112106,15,7,8,2024-12-19 07:53:16
500101155,15,6,9,2024-12-19 07:47:15
500101229,15,5,9,2024-12-19 07:26:15
500104124,15,5,9,2024-12-19 05:20:16
500105039,15,6,9,2024-12-19 07:31:16
500105066,15,6,9,2024-12-19 08:26:15
500105082,15,5,9,2024-12-19 08:12:14
500105096,15,6,9,2024-12-19 07:50:16
500106015,15,5,9,2024-12-19 07:37:15
500106108,15,5,9,2024-12-19 08:54:18
500107081,15,6,9,2024-12-19 06:41:14
500107127,15,6,9,2024-12-19 06:07:15
500108019,15,5,9,2024-12-19 06:51:15
500108019,15,5,9,2024-12-19 06:16:15
500109060,15,5,9,2024-12-19 06:41:15
500110081,15,5,9,2024-12-19 05:28:14
500111077,15,6,9,2024-12-19 07:34:15
500112090,15,6,9,2024-12-19 08:12:15
500112106,15,6,9,2024-12-19 08:57:15
500101029,15,5,10,2024-12-19 06:50:16
500104068,15,5,10,2024-12-19 07:01:15
500105071,15,5,10,2024-12-19 06:44:15
500105082,15,4,10,2024-12-19 08:35:16
500106027,15,4,10,2024-12-19 08:34:15
500106087,15,4,10,2024-12-19 08:54:15
500107052,15,4,10,2024-12-19 08:27:15
500107121,15,4,10,2024-12-19 06:50:16
500107145,15,5,10,2024-12-19 08:16:15
500108143,15,5,10,2024-12-19 06:47:15
500109062,15,5,10,2024-12-19 07:52:15
500109073,15,5,10,2024-12-19 06:16:15
500110081,15,5,10,2024-12-19 07:37:15
500111006,15,5,10,2024-12-19 07:59:15
500111087,15,4,10,2024-12-19 05:15:15
500104002,15,4,11,2024-12-19 07:53:16
500104106,15,3,11,2024-12-19 08:17:15
500104106,15,3,11,2024-12-19 07:59:15
500108050,15,4,11,2024-12-19 05:01:14
500110070,15,4,11,2024-12-19 07:37:15
500110070,15,4,11,2024-12-19 06:22:14
500113047,15,4,11,2024-12-19 08:55:15
500101155,15,3,12,2024-12-19 08:27:16
500101155,15,3,12,2024-12-19 06:03:15
500101163,15,3,12,2024-12-19 06:10:16
500101239,15,3,12,2024-12-19 08:47:15
500104002,15,3,12,2024-12-19 07:34:15
500104059,15,3,12,2024-12-19 08:38:15
500104096,15,3,12,2024-12-19 07:31:16
500105082,15,2,12,2024-12-19 08:57:14
500106013,15,3,12,2024-12-19 08:54:15
500107030,15,3,12,2024-12-19 08:16:15
500107134,15,2,12,2024-12-19 08:17:14
500108142,15,3,12,2024-12-19 08:17:15
500108142,15,3,12,2024-12-19 07:19:16
500111006,15,3,12,2024-12-19 08:31:15
500112019,15,3,12,2024-12-19 06:56:15
500101117,15,2,13,2024-12-19 07:27:15
500101155,15,2,13,2024-12-19 06:09:15
500101213,15,2,13,2024-12-19 07:31:16
500104111,15,2,13,2024-12-19 08:01:15
500106108,15,1,13,2024-12-19 08:41:15
500106124,15,2,13,2024-12-19 08:55:16
500106129,15,1,13,2024-12-19 06:52:15
500107039,15,2,13,2024-12-19 07:41:15
500107047,15,1,13,2024-12-19 08:16:15
500107054,15,0,13,2024-12-19 08:07:16
500107054,15,0,13,2024-12-19 06:56:15
500107054,15,0,13,2024-12-19 07:21:16
500107068,15,2,13,2024-12-19 08:53:15
500107121,15,1,13,2024-12-19 07:12:15
500112019,15,2,13,2024-12-19 05:49:15
500113048,15,0,13,2024-12-19 08:36:15
500101042,15,0,14,2024-12-19 08:47:15
500101103,15,1,14,2024-12-19 08:34:15
500101117,15,1,14,2024-12-19 08:35:17
500101155,15,1,14,2024-12-19 08:44:16
500107074,15,1,14,2024-12-19 08:47:15
500113047,15,1,14,2024-12-19 08:00:17
500113075,15,1,14,2024-12-19 07:26:15
500103069,15,0,15,2024-12-19 07:27:15
500104071,15,0,15,2024-12-19 08:26:15
500106013,15,0,15,2024-12-19 08:03:15
500111084,15,0,15,2024-12-19 08:34:16
500101155,15,0,15,2024-12-19 00:54:15
500101177,15,14,1,2024-12-19 00:29:15
500103062,15,11,4,2024-12-19 00:13:15
500106087,15,9,5,2024-12-19 00:28:15
500107074,15,15,0,2024-12-19 00:24:16
500110070,15,3,12,2024-12-19 00:18:14
500110082,15,7,8,2024-12-19 00:12:15
500113050,15,7,8,2024-12-19 00:10:15
500107127,15,6,9,2024-12-19 23:41:14
500101042,15,14,1,2024-12-19 23:47:14
500101145,15,9,5,2024-12-19 00:29:15
500101208,15,9,6,2024-12-19 00:33:15
500106015,15,9,5,2024-12-19 00:34:14
500107043,16,0,16,2024-12-19 22:35:17
500109052,16,0,16,2024-12-19 22:26:16
500105109,16,2,14,2024-12-19 23:45:17
500106116,16,7,7,2024-12-19 23:41:14
500113014,16,8,8,2024-12-19 22:36:15
500105102,16,11,5,2024-12-19 22:31:16
500108136,16,12,4,2024-12-19 22:23:15
500104081,16,4,9,2024-12-19 23:18:15
500105038,16,7,8,2024-12-19 22:03:15
500101005,16,10,6,2024-12-19 01:10:16
500111064,16,11,4,2024-12-19 00:06:15
500105109,16,0,16,2024-12-19 22:47:15
500101005,16,3,13,2024-12-19 23:15:14
500104079,16,4,10,2024-12-19 23:17:14
500101202,16,5,11,2024-12-19 23:07:15
500101176,16,10,6,2024-12-19 22:50:16
500106130,16,7,5,2024-12-19 21:55:17
500108099,16,12,4,2024-12-19 22:32:15
500103064,16,13,3,2024-12-19 22:38:15
500106130,16,6,6,2024-12-19 21:11:15
500108099,16,6,10,2024-12-19 21:38:15
500108029,16,7,9,2024-12-19 21:30:16
500107110,16,10,6,2024-12-19 21:35:16
500101238,16,11,5,2024-12-19 21:39:15
500107103,16,5,11,2024-12-19 02:54:15
500104006,16,7,5,2024-12-19 02:10:16
500104079,16,10,4,2024-12-19 01:32:14
500107110,16,13,3,2024-12-19 02:52:14
500101238,16,3,13,2024-12-19 03:55:15
500101200,16,6,9,2024-12-19 03:35:15
500103042,16,7,9,2024-12-19 03:53:15
500101202,16,3,13,2024-12-19 21:58:15
500112113,16,5,7,2024-12-19 21:59:15
500103007,16,5,11,2024-12-19 22:09:15
500107163,16,13,3,2024-12-19 22:08:15
500108105,16,4,11,2024-12-19 21:55:17
500107025,16,5,11,2024-12-19 21:56:15
500107026,16,6,10,2024-12-19 21:43:15
500101200,16,7,9,2024-12-19 03:13:15
500101235,16,13,3,2024-12-19 23:49:15
500107163,16,3,13,2024-12-19 00:11:14
500107001,16,6,10,2024-12-19 22:43:15
500112113,16,9,3,2024-12-19 22:46:15
500103007,16,8,7,2024-12-19 23:07:15
500107025,16,8,8,2024-12-19 22:24:15
500112114,16,7,9,2024-12-19 02:07:15
500101238,16,16,0,2024-12-19 12:38:15
500101143,16,15,1,2024-12-19 10:34:15
500101143,16,15,1,2024-12-19 10:48:15
500108150,16,15,1,2024-12-19 09:37:16
500108150,16,15,1,2024-12-19 09:54:15
500111093,16,15,1,2024-12-19 12:23:16
500101198,16,14,2,2024-12-19 12:46:15
500101235,16,14,2,2024-12-19 10:37:15
500107103,16,14,2,2024-12-19 12:38:15
500111093,16,14,2,2024-12-19 10:12:15
500101143,16,13,3,2024-12-19 11:43:14
500107103,16,13,3,2024-12-19 12:43:15
500107026,16,12,4,2024-12-19 09:39:15
500107049,16,11,4,2024-12-19 09:37:15
500107026,16,11,5,2024-12-19 10:05:16
500101005,16,10,6,2024-12-19 09:37:15
500105038,16,10,6,2024-12-19 10:24:15
500101005,16,9,7,2024-12-19 09:27:15
500105006,16,9,7,2024-12-19 12:53:14
500105006,16,9,7,2024-12-19 13:06:15
500101003,16,8,8,2024-12-19 12:34:14
500104102,16,8,8,2024-12-19 10:48:15
500108100,16,8,8,2024-12-19 12:00:19
500109096,16,8,8,2024-12-19 10:52:15
500104102,16,7,9,2024-12-19 12:58:15
500107163,16,7,9,2024-12-19 11:08:15
500108105,16,7,9,2024-12-19 09:31:15
500108116,16,6,9,2024-12-19 10:39:15
500105072,16,6,10,2024-12-19 12:50:15
500106122,16,6,10,2024-12-19 09:39:15
500108112,16,6,10,2024-12-19 09:30:16
500109096,16,6,10,2024-12-19 09:21:15
500101009,16,4,11,2024-12-19 13:07:15
500101176,16,5,11,2024-12-19 12:39:14
500101200,16,5,11,2024-12-19 09:06:15
500101200,16,5,11,2024-12-19 09:09:15
500104079,16,5,11,2024-12-19 12:03:15
500104079,16,5,11,2024-12-19 09:55:17
500108116,16,4,11,2024-12-19 11:02:15
500101176,16,4,12,2024-12-19 12:32:16
500101176,16,4,12,2024-12-19 11:24:15
500103064,16,3,12,2024-12-19 09:25:16
500103064,16,3,12,2024-12-19 11:18:16
500104079,16,4,12,2024-12-19 10:09:16
500105109,16,4,12,2024-12-19 11:28:16
500106116,16,3,12,2024-12-19 11:13:15
500101009,16,2,13,2024-12-19 09:40:16
500104113,16,3,13,2024-12-19 10:01:16
500107110,16,3,13,2024-12-19 09:55:16
500103042,16,2,14,2024-12-19 12:31:15
500103064,16,1,14,2024-12-19 11:26:15
500108136,16,2,14,2024-12-19 11:45:15
500109074,16,2,14,2024-12-19 08:56:16
500110029,16,2,14,2024-12-19 09:25:16
500106116,16,0,15,2024-12-19 08:55:16
500107001,16,1,15,2024-12-19 09:22:15
500107001,16,1,15,2024-12-19 10:57:15
500107025,16,0,15,2024-12-19 09:03:15
500107128,16,0,15,2024-12-19 12:20:18
500108099,16,0,15,2024-12-19 08:18:15
500110029,16,1,15,2024-12-19 11:57:16
500107043,16,0,16,2024-12-19 12:35:17
500112114,16,0,16,2024-12-19 09:38:17
500101009,16,16,0,2024-12-19 17:43:16
500107163,16,16,0,2024-12-19 20:59:15
500101235,16,15,1,2024-12-19 19:51:15
500111083,16,14,2,2024-12-19 19:28:15
500101003,16,13,3,2024-12-19 17:47:15
500101198,16,13,3,2024-12-19 17:58:16
500101238,16,13,3,2024-12-19 20:26:15
500105086,16,12,3,2024-12-19 18:18:16
500109052,16,13,3,2024-12-19 19:16:15
500109103,16,13,3,2024-12-19 17:54:15
500109105,16,13,3,2024-12-19 19:00:18
500105086,16,7,4,2024-12-19 20:45:16
500109052,16,12,4,2024-12-19 19:03:15
500111083,16,12,4,2024-12-19 20:14:15
500101003,16,11,5,2024-12-19 18:14:15
500101238,16,11,5,2024-12-19 21:09:15
500107049,16,10,5,2024-12-19 18:11:16
500111083,16,11,5,2024-12-19 20:37:16
500101009,16,10,6,2024-12-19 20:13:15
500101009,16,10,6,2024-12-19 20:36:15
500101198,16,10,6,2024-12-19 20:13:15
500106130,16,9,6,2024-12-19 17:40:17
500107025,16,10,6,2024-12-19 18:48:15
500107049,16,9,6,2024-12-19 17:58:16
500103064,16,9,7,2024-12-19 19:47:15
500105102,16,9,7,2024-12-19 17:46:15
500107163,16,9,7,2024-12-19 19:00:17
500108116,16,8,7,2024-12-19 17:38:16
500101176,16,8,8,2024-12-19 21:08:15
500101200,16,6,8,2024-12-19 19:09:15
500101200,16,6,8,2024-12-19 18:58:16
500104006,16,8,8,2024-12-19 17:59:15
500105006,16,8,8,2024-12-19 20:49:15
500105102,16,8,8,2024-12-19 17:38:16
500106130,16,7,8,2024-12-19 17:35:16
500106130,16,4,8,2024-12-19 20:59:15
500107110,16,8,8,2024-12-19 21:11:14
500108124,16,8,8,2024-12-19 17:12:16
500111089,16,8,8,2024-12-19 17:43:16
500101009,16,7,9,2024-12-19 20:29:15
500101009,16,7,9,2024-12-19 19:25:15
500101235,16,7,9,2024-12-19 18:15:17
500104079,16,7,9,2024-12-19 17:51:16
500105006,16,7,9,2024-12-19 19:00:18
500106116,16,6,9,2024-12-19 19:47:15
500107128,16,7,9,2024-12-19 19:05:16
500108105,16,7,9,2024-12-19 19:03:15
500111064,16,7,9,2024-12-19 18:42:16
500112113,16,7,9,2024-12-19 19:49:15
500103007,16,6,10,2024-12-19 17:26:14
500104081,16,6,10,2024-12-19 19:08:15
500104102,16,6,10,2024-12-19 20:38:15
500107043,16,6,10,2024-12-19 21:12:14
500108154,16,6,10,2024-12-19 20:13:15
500112113,16,6,10,2024-12-19 18:34:15
500112113,16,6,10,2024-12-19 18:49:16
500112114,16,6,10,2024-12-19 19:49:15
500104081,16,5,11,2024-12-19 18:41:15
500104102,16,5,11,2024-12-19 18:15:17
500105072,16,5,11,2024-12-19 19:41:15
500105072,16,5,11,2024-12-19 20:55:17
500106122,16,5,11,2024-12-19 17:42:15
500107001,16,5,11,2024-12-19 19:37:16
500107025,16,5,11,2024-12-19 17:47:16
500107128,16,5,11,2024-12-19 20:29:15
500108136,16,5,11,2024-12-19 17:34:15
500112113,16,1,11,2024-12-19 20:47:16
500107026,16,4,12,2024-12-19 18:48:15
500108112,16,3,12,2024-12-19 19:24:15
500108116,16,3,12,2024-12-19 18:46:15
500101005,16,3,13,2024-12-19 17:38:16
500109096,16,3,13,2024-12-19 18:37:15
500111089,16,3,13,2024-12-19 18:55:17
500101005,16,2,14,2024-12-19 20:56:15
500101005,16,2,14,2024-12-19 18:48:15
500104102,16,2,14,2024-12-19 17:32:15
500108154,16,2,14,2024-12-19 18:50:15
500109074,16,2,14,2024-12-19 21:03:15
500110029,16,2,14,2024-12-19 18:58:16
500101182,16,1,15,2024-12-19 19:30:18
500111089,16,1,15,2024-12-19 19:07:15
500105109,16,0,16,2024-12-19 17:11:17
500107043,16,0,16,2024-12-19 17:45:17
500101143,16,16,0,2024-12-19 15:08:14
500107049,16,15,0,2024-12-19 17:17:15
500107103,16,16,0,2024-12-19 16:11:15
500107103,16,15,1,2024-12-19 14:40:16
500107163,16,15,1,2024-12-19 14:28:16
500101235,16,14,2,2024-12-19 16:48:16
500101235,16,14,2,2024-12-19 15:06:15
500101235,16,14,2,2024-12-19 14:17:15
500108150,16,14,2,2024-12-19 13:46:16
500101009,16,13,3,2024-12-19 17:03:16
500101009,16,13,3,2024-12-19 17:17:16
500101235,16,13,3,2024-12-19 13:10:16
500101238,16,13,3,2024-12-19 14:27:15
500105006,16,13,3,2024-12-19 17:07:15
500101202,16,12,4,2024-12-19 15:45:16
500101202,16,12,4,2024-12-19 15:34:14
500106116,16,11,4,2024-12-19 16:28:15
500107163,16,12,4,2024-12-19 16:46:15
500101003,16,11,5,2024-12-19 16:56:15
500101200,16,11,5,2024-12-19 16:48:16
500101202,16,11,5,2024-12-19 14:59:14
500101202,16,11,5,2024-12-19 14:18:15
500104113,16,10,5,2024-12-19 16:36:15
500105006,16,11,5,2024-12-19 13:44:15
500108129,16,11,5,2024-12-19 16:37:15
500101003,16,10,6,2024-12-19 16:26:15
500101009,16,10,6,2024-12-19 14:22:15
500104113,16,9,6,2024-12-19 16:57:16
500105006,16,10,6,2024-12-19 16:37:15
500111083,16,10,6,2024-12-19 15:37:16
500107163,16,9,7,2024-12-19 16:02:15
500108029,16,7,7,2024-12-19 16:57:16
500101003,16,8,8,2024-12-19 17:07:15
500101200,16,8,8,2024-12-19 13:21:16
500101238,16,8,8,2024-12-19 17:05:17
500107025,16,8,8,2024-12-19 15:15:15
500113014,16,8,8,2024-12-19 17:15:17
500101198,16,7,9,2024-12-19 15:08:14
500103042,16,7,9,2024-12-19 14:22:15
500106116,16,6,9,2024-12-19 15:04:15
500107001,16,7,9,2024-12-19 16:47:15
500107128,16,7,9,2024-12-19 16:55:17
500107001,16,6,10,2024-12-19 17:15:17
500108099,16,6,10,2024-12-19 16:12:15
500103042,16,5,11,2024-12-19 16:05:16
500103042,16,5,11,2024-12-19 13:37:15
500103042,16,5,11,2024-12-19 13:53:14
500113014,16,5,11,2024-12-19 14:30:16
500101176,16,4,12,2024-12-19 15:55:16
500101182,16,4,12,2024-12-19 16:11:15
500104113,16,3,12,2024-12-19 15:52:16
500106130,16,3,12,2024-12-19 16:37:15
500108029,16,2,12,2024-12-19 17:15:17
500108112,16,4,12,2024-12-19 14:32:15
500101182,16,3,13,2024-12-19 16:41:15
500103042,16,3,13,2024-12-19 16:14:15
500103042,16,3,13,2024-12-19 13:09:15
500105109,16,3,13,2024-12-19 14:08:15
500107025,16,3,13,2024-12-19 14:33:16
500107117,16,3,13,2024-12-19 15:44:15
500107128,16,2,13,2024-12-19 14:55:16
500110029,16,3,13,2024-12-19 14:56:15
500101202,16,2,14,2024-12-19 16:37:15
500104102,16,2,14,2024-12-19 16:16:15
500108099,16,1,14,2024-12-19 14:39:15
500108099,16,1,14,2024-12-19 14:20:20
500108105,16,2,14,2024-12-19 17:04:15
500108154,16,2,14,2024-12-19 17:12:16
500101005,16,1,15,2024-12-19 16:28:15
500101005,16,1,15,2024-12-19 13:37:15
500101202,16,1,15,2024-12-19 16:55:17
500110029,16,0,16,2024-12-19 14:08:15
500101005,16,5,11,2024-12-19 21:44:15
500101235,16,8,8,2024-12-19 21:48:16
500108136,16,9,7,2024-12-19 21:48:16
500101005,16,16,0,2024-12-19 07:36:15
500101202,16,16,0,2024-12-19 08:27:16
500101182,16,15,1,2024-12-19 06:30:17
500104113,16,10,1,2024-12-19 07:15:18
500104102,16,14,2,2024-12-19 07:45:16
500107103,16,14,2,2024-12-19 08:11:15
500104081,16,12,3,2024-12-19 06:56:15
500104113,16,8,3,2024-12-19 06:03:15
500107026,16,13,3,2024-12-19 08:55:16
500107110,16,13,3,2024-12-19 07:14:15
500101005,16,12,4,2024-12-19 08:37:15
500101235,16,12,4,2024-12-19 06:34:15
500104102,16,12,4,2024-12-19 08:16:15
500107043,16,11,4,2024-12-19 07:21:15
500110029,16,12,4,2024-12-19 08:26:15
500105006,16,11,5,2024-12-19 08:25:16
500107049,16,10,5,2024-12-19 07:47:14
500108124,16,10,5,2024-12-19 08:43:15
500108154,16,11,5,2024-12-19 08:47:15
500113014,16,11,5,2024-12-19 06:37:15
500113014,16,11,5,2024-12-19 06:15:15
500103064,16,9,6,2024-12-19 06:46:15
500104081,16,10,6,2024-12-19 07:50:16
500111089,16,10,6,2024-12-19 07:45:16
500108099,16,7,7,2024-12-19 06:09:14
500108112,16,8,7,2024-12-19 06:52:14
500108124,16,8,7,2024-12-19 06:02:15
500112114,16,9,7,2024-12-19 05:54:14
500101202,16,8,8,2024-12-19 07:15:17
500105086,16,6,8,2024-12-19 05:27:15
500109074,16,6,8,2024-12-19 06:28:15
500113014,16,8,8,2024-12-19 07:04:15
500101238,16,7,9,2024-12-19 06:53:15
500103007,16,5,9,2024-12-19 06:42:15
500103042,16,7,9,2024-12-19 08:14:16
500104006,16,7,9,2024-12-19 08:10:17
500105006,16,7,9,2024-12-19 07:37:15
500106122,16,7,9,2024-12-19 06:26:15
500107117,16,7,9,2024-12-19 08:49:15
500108150,16,7,9,2024-12-19 07:14:15
500109074,16,5,9,2024-12-19 06:50:16
500106122,16,6,10,2024-12-19 06:51:15
500107049,16,5,10,2024-12-19 07:10:16
500108091,16,5,10,2024-12-19 08:30:16
500109105,16,6,10,2024-12-19 07:25:15
500110029,16,5,10,2024-12-19 07:37:15
500101200,16,4,11,2024-12-19 07:34:15
500103007,16,3,11,2024-12-19 06:54:16
500104113,16,5,11,2024-12-19 08:45:15
500105006,16,5,11,2024-12-19 07:46:15
500105072,16,5,11,2024-12-19 08:02:15
500108112,16,5,11,2024-12-19 08:55:16
500112114,16,5,11,2024-12-19 06:54:16
500101200,16,3,12,2024-12-19 07:25:15
500108112,16,3,12,2024-12-19 07:35:16
500103007,16,3,13,2024-12-19 08:26:15
500103007,16,1,13,2024-12-19 07:36:15
500106122,16,3,13,2024-12-19 07:16:15
500107128,16,2,13,2024-12-19 07:15:17
500108124,16,2,13,2024-12-19 07:56:15
500101198,16,2,14,2024-12-19 07:26:15
500101202,16,2,14,2024-12-19 06:31:15
500108116,16,2,14,2024-12-19 05:18:15
500108136,16,2,14,2024-12-19 08:27:16
500109096,16,2,14,2024-12-19 07:21:15
500105109,16,1,15,2024-12-19 08:37:16
500107110,16,1,15,2024-12-19 08:10:17
500107163,16,1,15,2024-12-19 07:05:15
500108116,16,1,15,2024-12-19 07:56:15
500108129,16,1,15,2024-12-19 08:47:15
500108136,16,1,15,2024-12-19 08:16:14
500107163,16,0,16,2024-12-19 07:50:19
500103007,16,14,0,2024-12-19 00:07:15
500106116,16,7,8,2024-12-19 00:27:15
500107025,16,8,7,2024-12-19 00:47:15
500107110,16,14,2,2024-12-19 00:46:15
500101198,16,8,8,2024-12-19 00:04:16
500108091,16,4,12,2024-12-19 00:24:14
500108129,16,4,12,2024-12-19 00:05:15
500111089,16,3,13,2024-12-19 23:06:15
500109096,16,4,12,2024-12-19 19:07:15
500108175,16,5,11,2024-12-19 21:04:15
500108099,16,9,6,2024-12-19 23:59:15
500109103,16,13,3,2024-12-19 18:47:16
500107110,16,3,13,2024-12-19 23:37:14
500108010,16,3,12,2024-12-19 21:48:16
500101182,16,2,14,2024-12-19 00:42:15
500107049,16,8,6,2024-12-19 00:34:14
500107103,16,6,10,2024-12-19 23:11:14
500108099,16,13,2,2024-12-19 22:48:15
500109074,16,4,12,2024-12-19 22:22:15
500101202,16,5,11,2024-12-19 22:29:14
500105086,16,9,2,2024-12-19 22:25:16
500107049,16,9,6,2024-12-19 22:10:17
500101200,16,0,15,2024-12-19 21:39:16
500104006,16,2,10,2024-12-19 21:02:16
500108150,16,3,13,2024-12-19 21:31:15
500106122,16,5,10,2024-12-19 21:19:16
500101003,16,5,11,2024-12-19 21:38:15
500105038,16,6,9,2024-12-19 20:51:16
500101198,16,11,5,2024-12-19 21:39:15
500111083,16,12,4,2024-12-19 21:33:15
500108136,16,5,11,2024-12-19 02:49:15
500108124,16,11,5,2024-12-19 01:50:15
500108091,16,14,2,2024-12-19 01:21:15
500101009,16,8,7,2024-12-19 03:14:14
500104102,16,2,14,2024-12-19 21:45:14
500101005,16,3,13,2024-12-19 22:07:15
500107049,16,8,7,2024-12-19 21:54:15
500103064,16,11,5,2024-12-19 22:09:15
500107163,16,13,3,2024-12-19 21:50:17
500101005,16,5,11,2024-12-19 23:46:15
500101198,16,7,9,2024-12-19 01:30:16
500101005,16,9,7,2024-12-19 01:47:15
500101235,16,11,5,2024-12-19 01:46:14
500101202,16,4,12,2024-12-19 22:49:15
500101235,16,14,2,2024-12-19 22:45:15
500107103,16,1,15,2024-12-19 22:16:15
500109052,16,2,14,2024-12-19 22:18:14
500107025,16,9,7,2024-12-19 22:19:15
500107025,16,7,9,2024-12-19 22:57:15
500104006,16,6,6,2024-12-19 01:48:15
500101182,16,16,0,2024-12-19 08:44:17
500101235,16,16,0,2024-12-19 09:43:16
500101238,16,16,0,2024-12-19 08:56:16
500105086,16,15,0,2024-12-19 12:04:15
500107043,16,16,0,2024-12-19 09:15:16
500107128,16,15,0,2024-12-19 09:35:17
500108150,16,16,0,2024-12-19 08:59:15
500109105,16,16,0,2024-12-19 09:08:16
500105086,16,14,1,2024-12-19 11:55:18
500107043,16,15,1,2024-12-19 10:00:18
500109105,16,15,1,2024-12-19 09:19:15
500101202,16,14,2,2024-12-19 10:23:15
500105006,16,14,2,2024-12-19 09:30:16
500107103,16,14,2,2024-12-19 13:06:15
500107128,16,13,2,2024-12-19 09:03:14
500111092,16,14,2,2024-12-19 12:14:16
500101003,16,13,3,2024-12-19 13:07:15
500101182,16,13,3,2024-12-19 11:13:15
500101202,16,13,3,2024-12-19 09:59:16
500101235,16,13,3,2024-12-19 11:35:17
500107103,16,13,3,2024-12-19 10:28:15
500101005,16,12,4,2024-12-19 10:07:16
500107043,16,11,5,2024-12-19 10:40:16
500111093,16,11,5,2024-12-19 08:54:15
500101202,16,10,6,2024-12-19 11:57:16
500107049,16,9,6,2024-12-19 10:37:15
500108099,16,9,6,2024-12-19 09:41:16
500108124,16,9,6,2024-12-19 09:06:15
500101182,16,9,7,2024-12-19 10:18:15
500105038,16,9,7,2024-12-19 10:07:16
500101200,16,8,8,2024-12-19 10:46:14
500101238,16,8,8,2024-12-19 09:52:15
500104102,16,8,8,2024-12-19 09:31:15
500105102,16,8,8,2024-12-19 12:44:15
500108100,16,8,8,2024-12-19 08:25:16
500111083,16,7,8,2024-12-19 08:18:15
500101009,16,6,9,2024-12-19 12:38:14
500101009,16,6,9,2024-12-19 12:40:17
500105102,16,7,9,2024-12-19 13:00:17
500106116,16,6,9,2024-12-19 11:45:15
500107025,16,7,9,2024-12-19 11:26:15
500107026,16,7,9,2024-12-19 10:41:15
500101198,16,6,10,2024-12-19 10:05:16
500101198,16,6,10,2024-12-19 11:07:16
500101200,16,6,10,2024-12-19 12:06:16
500106116,16,5,10,2024-12-19 12:27:14
500107117,16,6,10,2024-12-19 09:02:15
500112113,16,5,10,2024-12-19 11:02:15
500101182,16,5,11,2024-12-19 12:05:17
500101202,16,5,11,2024-12-19 12:48:15
500106116,16,4,11,2024-12-19 11:37:15
500107117,16,5,11,2024-12-19 09:09:15
500107128,16,4,11,2024-12-19 11:48:15
500107163,16,5,11,2024-12-19 11:28:16
500103064,16,3,12,2024-12-19 09:41:15
500104113,16,3,12,2024-12-19 13:07:15
500105109,16,4,12,2024-12-19 09:04:15
500107001,16,4,12,2024-12-19 10:26:14
500107043,16,4,12,2024-12-19 12:57:14
500107043,16,4,12,2024-12-19 11:28:16
500107117,16,4,12,2024-12-19 11:51:16
500109052,16,4,12,2024-12-19 09:16:15
500101176,16,3,13,2024-12-19 09:23:15
500103042,16,3,13,2024-12-19 12:19:15
500104079,16,3,13,2024-12-19 11:27:15
500104081,16,3,13,2024-12-19 12:29:16
500107001,16,3,13,2024-12-19 11:57:16
500107025,16,3,13,2024-12-19 13:08:15
500107025,16,3,13,2024-12-19 10:26:14
500107110,16,3,13,2024-12-19 09:38:14
500107110,16,3,13,2024-12-19 10:25:16
500108099,16,2,13,2024-12-19 12:41:15
500108112,16,3,13,2024-12-19 11:34:15
500109052,16,3,13,2024-12-19 10:01:16
500113014,16,3,13,2024-12-19 10:33:15
500101005,16,2,14,2024-12-19 11:38:15
500101009,16,1,14,2024-12-19 09:23:15
500101198,16,2,14,2024-12-19 09:45:15
500104006,16,2,14,2024-12-19 10:28:15
500106116,16,1,14,2024-12-19 10:34:15
500106122,16,2,14,2024-12-19 09:37:15
500107128,16,1,14,2024-12-19 12:49:15
500108136,16,2,14,2024-12-19 09:31:15
500108136,16,2,14,2024-12-19 10:35:15
500101005,16,1,15,2024-12-19 10:48:15
500103064,16,0,15,2024-12-19 10:38:15
500103064,16,0,15,2024-12-19 10:47:16
500107001,16,1,15,2024-12-19 12:37:15
500107043,16,1,15,2024-12-19 10:57:15
500107110,16,1,15,2024-12-19 09:20:17
500108136,16,1,15,2024-12-19 09:41:15
500108154,16,1,15,2024-12-19 12:41:16
500108154,16,1,15,2024-12-19 11:25:15
500108154,16,1,15,2024-12-19 12:01:20
500112114,16,1,15,2024-12-19 09:07:15
500101005,16,0,16,2024-12-19 10:26:15
500108105,16,0,16,2024-12-19 12:28:15
500110029,16,0,16,2024-12-19 12:31:15
500112114,16,0,16,2024-12-19 11:08:15
500101009,16,16,0,2024-12-19 17:54:15
500101009,16,16,0,2024-12-19 18:58:16
500101198,16,16,0,2024-12-19 18:57:19
500101198,16,15,1,2024-12-19 19:07:16
500101202,16,15,1,2024-12-19 17:48:15
500101238,16,15,1,2024-12-19 19:09:15
500103064,16,15,1,2024-12-19 19:28:14
500104113,16,14,1,2024-12-19 17:47:16
500109105,16,15,1,2024-12-19 20:57:15
500101009,16,14,2,2024-12-19 17:27:16
500101198,16,14,2,2024-12-19 19:37:16
500106116,16,13,2,2024-12-19 20:38:15
500107163,16,14,2,2024-12-19 20:04:16
500109105,16,14,2,2024-12-19 20:26:16
500101198,16,13,3,2024-12-19 19:11:15
500101200,16,11,3,2024-12-19 20:03:15
500101200,16,13,3,2024-12-19 17:28:15
500101238,16,13,3,2024-12-19 20:09:15
500103064,16,13,3,2024-12-19 18:58:16
500106130,16,12,3,2024-12-19 18:18:16
500101200,16,10,4,2024-12-19 19:59:16
500109105,16,12,4,2024-12-19 19:55:16
500113014,16,12,4,2024-12-19 17:50:16
500101003,16,11,5,2024-12-19 17:38:16
500101198,16,11,5,2024-12-19 20:35:16
500107025,16,11,5,2024-12-19 18:29:16
500108129,16,11,5,2024-12-19 19:46:15
500108136,16,11,5,2024-12-19 20:51:16
500113014,16,11,5,2024-12-19 18:06:15
500101198,16,10,6,2024-12-19 17:48:15
500103042,16,10,6,2024-12-19 19:29:15
500103064,16,10,6,2024-12-19 18:17:15
500108105,16,10,6,2024-12-19 19:25:15
500108136,16,10,6,2024-12-19 19:45:16
500108136,16,10,6,2024-12-19 20:39:15
500111089,16,10,6,2024-12-19 17:36:15
500106116,16,8,7,2024-12-19 17:19:15
500107110,16,9,7,2024-12-19 19:59:16
500108124,16,9,7,2024-12-19 17:55:17
500108150,16,9,7,2024-12-19 18:48:15
500109052,16,9,7,2024-12-19 17:59:15
500111093,16,9,7,2024-12-19 19:50:16
500103042,16,8,8,2024-12-19 19:57:15
500103042,16,8,8,2024-12-19 18:29:16
500105006,16,8,8,2024-12-19 18:29:16
500106116,16,7,8,2024-12-19 18:28:16
500107026,16,8,8,2024-12-19 17:31:15
500109052,16,8,8,2024-12-19 18:18:16
500101003,16,7,9,2024-12-19 19:27:15
500101176,16,7,9,2024-12-19 20:55:17
500101202,16,7,9,2024-12-19 17:38:16
500103007,16,7,9,2024-12-19 17:43:16
500103007,16,7,9,2024-12-19 19:33:15
500103042,16,7,9,2024-12-19 19:34:15
500106130,16,3,9,2024-12-19 20:31:15
500107001,16,7,9,2024-12-19 19:44:15
500107110,16,7,9,2024-12-19 21:08:15
500108099,16,7,9,2024-12-19 17:16:16
500101005,16,6,10,2024-12-19 18:18:16
500101176,16,6,10,2024-12-19 19:26:15
500103042,16,6,10,2024-12-19 17:33:16
500103042,16,6,10,2024-12-19 18:37:15
500106116,16,5,10,2024-12-19 18:08:16
500110029,16,6,10,2024-12-19 19:27:15
500112113,16,2,10,2024-12-19 20:55:17
500112114,16,6,10,2024-12-19 20:51:16
500101003,16,5,11,2024-12-19 21:18:15
500103042,16,5,11,2024-12-19 20:05:16
500104113,16,2,11,2024-12-19 20:08:15
500107001,16,5,11,2024-12-19 20:26:16
500107001,16,5,11,2024-12-19 21:15:16
500107026,16,5,11,2024-12-19 19:01:15
500108112,16,4,11,2024-12-19 20:09:15
500108116,16,4,11,2024-12-19 18:20:16
500101003,16,4,12,2024-12-19 20:29:15
500101005,16,4,12,2024-12-19 18:29:15
500101176,16,4,12,2024-12-19 17:19:15
500103042,16,4,12,2024-12-19 18:05:16
500104079,16,2,12,2024-12-19 19:01:18
500104081,16,4,12,2024-12-19 17:26:15
500104113,16,1,12,2024-12-19 18:38:16
500107103,16,4,12,2024-12-19 18:29:16
500107117,16,4,12,2024-12-19 18:11:16
500107128,16,4,12,2024-12-19 17:35:16
500108091,16,4,12,2024-12-19 18:46:15
500108175,16,4,12,2024-12-19 19:46:15
500112113,16,0,12,2024-12-19 20:36:15
500101143,16,3,13,2024-12-19 19:28:15
500107110,16,3,13,2024-12-19 17:27:15
500107117,16,3,13,2024-12-19 19:05:16
500107128,16,3,13,2024-12-19 18:17:15
500108010,16,2,13,2024-12-19 21:20:16
500108150,16,3,13,2024-12-19 19:23:15
500108154,16,3,13,2024-12-19 18:45:16
500112114,16,3,13,2024-12-19 17:37:16
500103007,16,2,14,2024-12-19 18:38:16
500103042,16,2,14,2024-12-19 20:25:15
500107103,16,2,14,2024-12-19 18:57:15
500108112,16,1,14,2024-12-19 19:07:16
500108116,16,1,14,2024-12-19 19:45:15
500109052,16,2,14,2024-12-19 19:47:15
500101202,16,1,15,2024-12-19 20:31:15
500107043,16,1,15,2024-12-19 17:34:15
500107043,16,1,15,2024-12-19 19:35:16
500109052,16,1,15,2024-12-19 20:42:16
500111089,16,1,15,2024-12-19 19:39:16
500112113,16,1,15,2024-12-19 17:48:15
500101005,16,0,16,2024-12-19 20:12:15
500101182,16,0,16,2024-12-19 19:46:14
500107043,16,0,16,2024-12-19 18:57:19
500108154,16,0,16,2024-12-19 19:06:16
500101143,16,16,0,2024-12-19 15:10:18
500101235,16,16,0,2024-12-19 17:05:17
500101235,16,15,1,2024-12-19 16:37:15
500101235,16,15,1,2024-12-19 17:15:17
500101238,16,15,1,2024-12-19 14:08:15
500107103,16,15,1,2024-12-19 17:05:17
500104113,16,13,2,2024-12-19 17:16:16
500107049,16,12,3,2024-12-19 15:13:15
500111089,16,13,3,2024-12-19 15:42:14
500101003,16,12,4,2024-12-19 14:25:16
500101202,16,12,4,2024-12-19 15:58:15
500101202,16,12,4,2024-12-19 14:44:15
500111093,16,12,4,2024-12-19 16:02:15
500101009,16,11,5,2024-12-19 16:15:16
500101143,16,11,5,2024-12-19 17:07:15
500107163,16,11,5,2024-12-19 16:32:15
500101200,16,10,6,2024-12-19 14:29:15
500101238,16,10,6,2024-12-19 17:17:16
500105086,16,9,6,2024-12-19 16:42:15
500108116,16,9,6,2024-12-19 17:14:16
500111083,16,9,6,2024-12-19 14:17:15
500101009,16,9,7,2024-12-19 15:59:15
500101198,16,9,7,2024-12-19 15:14:15
500106116,16,8,7,2024-12-19 15:36:15
500111083,16,9,7,2024-12-19 14:53:14
500103064,16,8,8,2024-12-19 15:45:16
500105102,16,8,8,2024-12-19 13:10:16
500108129,16,8,8,2024-12-19 14:38:15
500103064,16,7,9,2024-12-19 14:25:16
500113014,16,7,9,2024-12-19 16:58:15
500103042,16,6,10,2024-12-19 15:16:15
500108116,16,5,10,2024-12-19 13:55:16
500101176,16,5,11,2024-12-19 17:17:16
500104006,16,5,11,2024-12-19 15:03:15
500104102,16,5,11,2024-12-19 16:08:16
500107128,16,5,11,2024-12-19 16:14:14
500108112,16,5,11,2024-12-19 14:52:15
500101176,16,4,12,2024-12-19 14:53:15
500107025,16,4,12,2024-12-19 13:23:15
500107025,16,4,12,2024-12-19 13:53:14
500107117,16,4,12,2024-12-19 16:44:15
500108136,16,4,12,2024-12-19 17:08:16
500113014,16,4,12,2024-12-19 16:28:15
500101176,16,3,13,2024-12-19 15:23:14
500101176,16,3,13,2024-12-19 13:44:15
500107110,16,3,13,2024-12-19 17:01:16
500108010,16,2,13,2024-12-19 16:37:15
500109074,16,3,13,2024-12-19 13:52:15
500101005,16,2,14,2024-12-19 15:47:14
500103042,16,2,14,2024-12-19 17:07:15
500106130,16,1,14,2024-12-19 15:37:16
500107043,16,2,14,2024-12-19 14:25:16
500108136,16,2,14,2024-12-19 13:18:15
500108136,16,2,14,2024-12-19 15:10:15
500108154,16,2,14,2024-12-19 16:45:17
500112113,16,2,14,2024-12-19 16:55:17
500101005,16,1,15,2024-12-19 13:48:15
500109052,16,1,15,2024-12-19 17:04:16
500109052,16,1,15,2024-12-19 14:37:14
500108154,16,0,16,2024-12-19 16:20:19
500107025,16,6,10,2024-12-19 21:47:15
500108099,16,7,9,2024-12-19 21:49:15
500101182,16,16,0,2024-12-19 08:17:16
500101238,16,16,0,2024-12-19 08:26:15
500104081,16,15,1,2024-12-19 07:16:16
500108029,16,14,1,2024-12-19 07:47:15
500101202,16,14,2,2024-12-19 07:58:15
500108099,16,12,2,2024-12-19 04:50:15
500108124,16,13,2,2024-12-19 08:01:17
500108150,16,14,2,2024-12-19 08:42:15
500111092,16,14,2,2024-12-19 08:41:15
500104006,16,9,3,2024-12-19 07:17:14
500108029,16,12,3,2024-12-19 08:24:15
500108029,16,12,3,2024-12-19 06:59:14
500101005,16,12,4,2024-12-19 08:27:16
500101182,16,12,4,2024-12-19 07:56:15
500101202,16,12,4,2024-12-19 08:37:15
500104113,16,11,5,2024-12-19 07:47:15
500105006,16,11,5,2024-12-19 08:44:16
500105038,16,11,5,2024-12-19 07:31:16
500107043,16,11,5,2024-12-19 08:57:15
500108091,16,10,5,2024-12-19 06:41:15
500108154,16,11,5,2024-12-19 08:27:16
500111083,16,10,5,2024-12-19 05:55:16
500104006,16,6,6,2024-12-19 05:10:15
500106116,16,9,6,2024-12-19 07:46:15
500108112,16,9,6,2024-12-19 05:54:14
500110029,16,9,6,2024-12-19 06:34:15
500101176,16,9,7,2024-12-19 07:55:17
500105006,16,9,7,2024-12-19 08:15:15
500111064,16,8,7,2024-12-19 07:37:15
500111092,16,9,7,2024-12-19 07:52:15
500101003,16,8,8,2024-12-19 06:14:15
500103042,16,8,8,2024-12-19 06:27:15
500105006,16,8,8,2024-12-19 06:46:14
500108099,16,6,8,2024-12-19 07:17:14
500101176,16,7,9,2024-12-19 08:03:15
500108010,16,6,9,2024-12-19 07:35:16
500108105,16,7,9,2024-12-19 06:44:15
500112114,16,7,9,2024-12-19 06:32:15
500107163,16,6,10,2024-12-19 08:49:15
500101198,16,5,11,2024-12-19 04:56:15
500101200,16,4,11,2024-12-19 08:24:15
500103042,16,5,11,2024-12-19 07:47:15
500107128,16,4,11,2024-12-19 08:47:15
500108099,16,4,11,2024-12-19 07:50:16
500109105,16,5,11,2024-12-19 07:14:15
500111064,16,4,11,2024-12-19 07:44:15
500112113,16,1,11,2024-12-19 07:27:15
500101143,16,4,12,2024-12-19 08:17:15
500103007,16,4,12,2024-12-19 08:35:16
500104081,16,4,12,2024-12-19 08:53:15
500107163,16,4,12,2024-12-19 08:27:16
500108116,16,4,12,2024-12-19 07:17:14
500101009,16,2,13,2024-12-19 08:35:16
500101202,16,3,13,2024-12-19 06:22:14
500103064,16,2,13,2024-12-19 07:54:15
500107025,16,2,13,2024-12-19 07:15:17
500107110,16,3,13,2024-12-19 08:26:15
500107163,16,3,13,2024-12-19 04:53:14
500108129,16,3,13,2024-12-19 06:11:14
500110029,16,2,13,2024-12-19 08:00:17
500111089,16,3,13,2024-12-19 06:13:14
500111093,16,2,13,2024-12-19 07:39:15
500106116,16,1,14,2024-12-19 08:21:18
500107001,16,2,14,2024-12-19 08:51:15
500107110,16,2,14,2024-12-19 08:32:15
500108099,16,1,14,2024-12-19 08:03:14
500108129,16,2,14,2024-12-19 06:39:14
500108129,16,2,14,2024-12-19 07:35:16
500101198,16,1,15,2024-12-19 08:03:14
500108116,16,1,15,2024-12-19 07:46:15
500109052,16,1,15,2024-12-19 08:36:15
500108129,16,0,16,2024-12-19 08:24:15
500108136,16,0,16,2024-12-19 07:37:15
500106116,16,8,7,2024-12-19 00:46:15
500107043,16,3,12,2024-12-19 00:03:15
500107128,16,16,0,2024-12-19 00:31:15
500108069,16,3,13,2024-12-19 14:03:15
500112113,16,5,6,2024-12-19 23:48:14
500105006,16,5,11,2024-12-19 22:50:16
500111064,16,6,9,2024-12-19 22:49:15
500109105,16,10,6,2024-12-19 22:47:15
500111083,16,14,2,2024-12-19 21:51:15
500108154,16,5,11,2024-12-19 21:49:15
500108154,16,3,13,2024-12-19 01:13:15
500112114,16,7,9,2024-12-19 01:09:14
500108099,16,9,6,2024-12-19 00:00:16
500108116,16,9,7,2024-12-19 00:14:15
500101003,16,10,6,2024-12-19 01:04:14
500107163,16,12,4,2024-12-19 22:44:15
500101198,16,13,3,2024-12-19 23:13:15
500104081,16,3,10,2024-12-19 22:34:14
500101003,16,7,9,2024-12-19 22:36:14
500101176,16,10,6,2024-12-19 22:16:15
500107128,16,11,5,2024-12-19 22:33:15
500113014,16,6,10,2024-12-19 21:35:16
500108154,16,4,12,2024-12-19 01:36:15
500101009,16,7,8,2024-12-19 02:20:16
500101005,16,10,6,2024-12-19 02:27:14
500101198,16,6,10,2024-12-19 04:26:15
500108099,16,8,7,2024-12-19 04:10:15
500107049,16,9,6,2024-12-19 03:18:14
500109103,16,9,6,2024-12-19 03:45:15
500104081,16,10,5,2024-12-19 04:11:17
500106122,16,7,8,2024-12-19 21:43:15
500113014,16,7,9,2024-12-19 21:55:17
500108099,16,9,7,2024-12-19 22:06:15
500106116,16,10,4,2024-12-19 21:59:15
500101143,16,10,6,2024-12-19 22:08:14
500101238,16,10,6,2024-12-19 22:00:16
500101200,16,2,13,2024-12-19 21:50:18
500101005,16,2,14,2024-12-19 21:57:15
500103064,16,12,4,2024-12-19 21:53:15
500107025,16,10,5,2024-12-19 03:20:15
500112114,16,6,10,2024-12-19 00:23:14
500112113,16,8,5,2024-12-19 00:31:14
500101005,16,11,5,2024-12-19 01:06:15
500107163,16,5,11,2024-12-19 01:34:15
500104102,16,2,14,2024-12-19 22:41:15
500106116,16,11,3,2024-12-19 22:48:15
500101238,16,4,12,2024-12-19 04:36:15
500107110,16,4,12,2024-12-19 22:16:14
500101235,16,8,8,2024-12-19 22:18:15
500101198,16,11,5,2024-12-19 22:18:15
500103064,16,11,5,2024-12-19 22:17:15
500101198,16,7,9,2024-12-19 03:46:15
500107103,16,0,16,2024-12-19 22:23:14
500105072,16,3,13,2024-12-19 22:56:15
500101009,16,7,9,2024-12-19 22:53:15
500106116,16,10,5,2024-12-19 01:52:15
500106116,16,14,0,2024-12-19 23:33:14
500101143,16,16,0,2024-12-19 10:17:16
500107103,16,16,0,2024-12-19 09:06:15
500107103,16,16,0,2024-12-19 09:08:16
500108150,16,16,0,2024-12-19 09:25:17
500108150,16,16,0,2024-12-19 11:33:17
500101235,16,15,1,2024-12-19 10:07:16
500107103,16,15,1,2024-12-19 10:42:14
500109103,16,14,1,2024-12-19 08:37:15
500105006,16,13,3,2024-12-19 09:41:15
500108116,16,13,3,2024-12-19 09:00:18
500101005,16,12,4,2024-12-19 09:55:17
500101238,16,12,4,2024-12-19 09:36:15
500105006,16,12,4,2024-12-19 10:21:15
500106130,16,11,4,2024-12-19 12:08:15
500106130,16,11,4,2024-12-19 10:57:15
500107128,16,11,4,2024-12-19 11:28:16
500101003,16,11,5,2024-12-19 10:10:16
500101198,16,11,5,2024-12-19 11:36:15
500101235,16,11,5,2024-12-19 12:08:15
500111083,16,10,5,2024-12-19 10:32:15
500111089,16,11,5,2024-12-19 09:06:15
500101182,16,10,6,2024-12-19 11:53:16
500105038,16,9,6,2024-12-19 12:18:15
500101182,16,9,7,2024-12-19 09:37:15
500103007,16,9,7,2024-12-19 10:47:16
500106130,16,7,7,2024-12-19 09:25:16
500101003,16,8,8,2024-12-19 11:38:15
500101198,16,8,8,2024-12-19 10:15:16
500101198,16,8,8,2024-12-19 10:57:15
500101200,16,8,8,2024-12-19 10:55:17
500101200,16,8,8,2024-12-19 10:37:16
500103007,16,8,8,2024-12-19 11:45:15
500103042,16,7,8,2024-12-19 09:04:15
500105102,16,8,8,2024-12-19 09:55:17
500107163,16,8,8,2024-12-19 11:58:16
500108099,16,7,8,2024-12-19 09:53:15
500108116,16,7,8,2024-12-19 10:19:16
500103007,16,7,9,2024-12-19 10:23:15
500104102,16,7,9,2024-12-19 09:46:16
500107025,16,7,9,2024-12-19 10:18:15
500108100,16,7,9,2024-12-19 12:25:16
500101003,16,6,10,2024-12-19 10:52:15
500103007,16,6,10,2024-12-19 12:16:15
500108099,16,5,10,2024-12-19 10:22:16
500101176,16,5,11,2024-12-19 11:40:16
500103064,16,4,11,2024-12-19 12:49:15
500103064,16,4,11,2024-12-19 09:05:16
500104079,16,5,11,2024-12-19 09:23:15
500104079,16,5,11,2024-12-19 11:39:15
500104113,16,4,11,2024-12-19 11:33:16
500104113,16,5,11,2024-12-19 10:58:16
500105109,16,5,11,2024-12-19 11:37:15
500107025,16,5,11,2024-12-19 11:46:15
500107117,16,5,11,2024-12-19 10:08:15
500108112,16,5,11,2024-12-19 10:38:15
500108112,16,5,11,2024-12-19 11:24:15
500109074,16,5,11,2024-12-19 11:22:16
500101003,16,4,12,2024-12-19 12:27:15
500101202,16,4,12,2024-12-19 12:14:16
500104006,16,4,12,2024-12-19 09:35:16
500104079,16,4,12,2024-12-19 11:54:15
500104113,16,4,12,2024-12-19 09:37:15
500106116,16,3,12,2024-12-19 09:52:14
500106116,16,3,12,2024-12-19 10:47:16
500107110,16,4,12,2024-12-19 10:39:16
500108105,16,4,12,2024-12-19 10:20:16
500108105,16,4,12,2024-12-19 09:54:15
500109074,16,4,12,2024-12-19 12:16:15
500101009,16,2,13,2024-12-19 10:56:14
500101182,16,3,13,2024-12-19 12:51:15
500107128,16,2,13,2024-12-19 10:07:16
500108105,16,3,13,2024-12-19 11:52:15
500108136,16,3,13,2024-12-19 11:04:15
500110029,16,3,13,2024-12-19 09:37:15
500101143,16,2,14,2024-12-19 08:57:14
500107001,16,2,14,2024-12-19 09:52:14
500108099,16,1,14,2024-12-19 12:35:17
500108105,16,2,14,2024-12-19 12:45:16
500108116,16,1,14,2024-12-19 11:46:15
500108136,16,2,14,2024-12-19 12:43:15
500108136,16,2,14,2024-12-19 12:03:15
500108136,16,2,14,2024-12-19 10:44:15
500108154,16,2,14,2024-12-19 10:59:15
500106116,16,0,15,2024-12-19 10:10:18
500107128,16,0,15,2024-12-19 12:37:15
500107128,16,0,15,2024-12-19 12:04:15
500108091,16,0,15,2024-12-19 11:24:15
500108091,16,0,15,2024-12-19 09:14:15
500108136,16,1,15,2024-12-19 12:50:15
500101005,16,0,16,2024-12-19 10:58:16
500101198,16,0,16,2024-12-19 09:27:15
500107110,16,0,16,2024-12-19 11:28:15
500108129,16,0,16,2024-12-19 10:02:15
500108136,16,0,16,2024-12-19 09:09:16
500108154,16,0,16,2024-12-19 12:28:15
500112114,16,0,16,2024-12-19 09:36:15
500113014,16,16,0,2024-12-19 18:42:17
500109105,16,15,1,2024-12-19 18:28:16
500107103,16,14,2,2024-12-19 17:35:16
500108105,16,14,2,2024-12-19 20:21:15
500101198,16,13,3,2024-12-19 18:48:15
500101238,16,13,3,2024-12-19 17:57:15
500103064,16,13,3,2024-12-19 19:38:15
500107025,16,13,3,2024-12-19 18:06:15
500111083,16,13,3,2024-12-19 18:23:15
500113014,16,13,3,2024-12-19 18:18:16
500106122,16,12,4,2024-12-19 20:13:15
500107163,16,12,4,2024-12-19 18:44:16
500101238,16,11,5,2024-12-19 17:36:15
500107163,16,11,5,2024-12-19 18:17:15
500108100,16,11,5,2024-12-19 18:48:15
500108136,16,11,5,2024-12-19 20:05:16
500101235,16,10,6,2024-12-19 20:54:15
500107025,16,10,6,2024-12-19 19:59:16
500107103,16,10,6,2024-12-19 18:06:15
500107163,16,10,6,2024-12-19 18:36:16
500101003,16,9,7,2024-12-19 17:28:15
500101235,16,9,7,2024-12-19 19:06:16
500101235,16,9,7,2024-12-19 19:19:15
500103064,16,9,7,2024-12-19 20:30:17
500105038,16,8,7,2024-12-19 15:54:15
500105086,16,8,7,2024-12-19 17:19:15
500106130,16,8,7,2024-12-19 17:28:15
500108099,16,9,7,2024-12-19 19:45:16
500108100,16,9,7,2024-12-19 18:05:16
500108129,16,9,7,2024-12-19 19:19:15
500108136,16,9,7,2024-12-19 18:18:16
500108150,16,9,7,2024-12-19 17:21:15
500101009,16,8,8,2024-12-19 20:48:15
500101176,16,8,8,2024-12-19 18:17:15
500103007,16,8,8,2024-12-19 20:39:16
500103064,16,8,8,2024-12-19 17:31:15
500103064,16,8,8,2024-12-19 21:17:14
500104006,16,8,8,2024-12-19 17:48:15
500104102,16,8,8,2024-12-19 19:32:15
500104113,16,5,8,2024-12-19 18:58:16
500106130,16,7,8,2024-12-19 17:57:15
500107025,16,8,8,2024-12-19 20:05:16
500107026,16,8,8,2024-12-19 18:24:16
500107103,16,8,8,2024-12-19 18:15:17
500108112,16,8,8,2024-12-19 17:49:15
500108116,16,8,8,2024-12-19 20:45:16
500108129,16,8,8,2024-12-19 19:01:15
500101003,16,7,9,2024-12-19 19:49:15
500101176,16,7,9,2024-12-19 17:58:16
500101176,16,7,9,2024-12-19 18:19:15
500101200,16,5,9,2024-12-19 19:00:18
500103042,16,7,9,2024-12-19 19:03:15
500104079,16,7,9,2024-12-19 18:32:16
500106116,16,6,9,2024-12-19 18:17:15
500106130,16,3,9,2024-12-19 19:27:15
500107025,16,7,9,2024-12-19 20:20:16
500107026,16,7,9,2024-12-19 18:05:16
500108099,16,7,9,2024-12-19 19:10:17
500108154,16,7,9,2024-12-19 20:56:15
500101176,16,6,10,2024-12-19 18:37:15
500101202,16,6,10,2024-12-19 18:38:16
500103007,16,6,10,2024-12-19 21:00:16
500103042,16,6,10,2024-12-19 17:47:16
500104113,16,3,10,2024-12-19 19:47:15
500107001,16,6,10,2024-12-19 19:53:15
500107026,16,6,10,2024-12-19 18:15:17
500108010,16,5,10,2024-12-19 19:53:15
500108029,16,6,10,2024-12-19 21:06:14
500108116,16,5,10,2024-12-19 18:30:17
500101143,16,5,11,2024-12-19 17:51:15
500101176,16,5,11,2024-12-19 20:01:15
500107026,16,5,11,2024-12-19 18:38:16
500108029,16,5,11,2024-12-19 18:07:16
500109096,16,5,11,2024-12-19 17:38:16
500104081,16,4,12,2024-12-19 17:53:15
500107026,16,4,12,2024-12-19 21:19:16
500107043,16,4,12,2024-12-19 18:05:16
500107103,16,4,12,2024-12-19 21:04:15
500107117,16,4,12,2024-12-19 17:23:15
500107128,16,4,12,2024-12-19 17:28:15
500108010,16,3,12,2024-12-19 20:08:14
500108010,16,3,12,2024-12-19 18:57:15
500108150,16,4,12,2024-12-19 19:38:15
500101200,16,2,13,2024-12-19 20:33:15
500101200,16,2,13,2024-12-19 21:20:16
500101202,16,3,13,2024-12-19 20:07:15
500106122,16,3,13,2024-12-19 17:17:16
500108105,16,3,13,2024-12-19 18:17:15
500101143,16,2,14,2024-12-19 19:49:15
500101182,16,2,14,2024-12-19 19:05:15
500107001,16,2,14,2024-12-19 19:17:15
500107043,16,2,14,2024-12-19 17:59:15
500108099,16,2,14,2024-12-19 20:37:16
500108105,16,1,14,2024-12-19 20:42:16
500110029,16,2,14,2024-12-19 17:27:15
500110029,16,2,14,2024-12-19 18:17:15
500112114,16,2,14,2024-12-19 18:06:15
500112114,16,2,14,2024-12-19 18:52:15
500101005,16,1,15,2024-12-19 19:58:15
500101005,16,1,15,2024-12-19 19:38:15
500101005,16,1,15,2024-12-19 18:58:16
500101182,16,1,15,2024-12-19 18:03:15
500104102,16,1,15,2024-12-19 17:28:15
500112113,16,1,15,2024-12-19 17:36:15
500101182,16,0,16,2024-12-19 20:05:17
500111089,16,0,16,2024-12-19 20:09:15
500101235,16,15,1,2024-12-19 15:10:15
500101143,16,14,2,2024-12-19 16:23:15
500101235,16,14,2,2024-12-19 14:40:16
500101238,16,14,2,2024-12-19 14:37:14
500108029,16,11,2,2024-12-19 15:13:16
500108150,16,14,2,2024-12-19 14:42:15
500108150,16,14,2,2024-12-19 15:07:15
500101238,16,13,3,2024-12-19 16:24:15
500108029,16,10,3,2024-12-19 14:53:15
500101143,16,12,4,2024-12-19 13:13:15
500104113,16,11,4,2024-12-19 16:47:15
500105006,16,12,4,2024-12-19 13:57:15
500107049,16,11,4,2024-12-19 13:22:15
500111093,16,12,4,2024-12-19 17:02:15
500101238,16,11,5,2024-12-19 16:49:15
500106116,16,10,5,2024-12-19 16:29:15
500101003,16,10,6,2024-12-19 16:45:17
500106116,16,9,6,2024-12-19 15:43:15
500106116,16,9,6,2024-12-19 13:44:15
500106116,16,9,6,2024-12-19 17:04:15
500107025,16,10,6,2024-12-19 17:11:16
500105086,16,8,7,2024-12-19 14:05:16
500106116,16,8,7,2024-12-19 16:55:16
500107025,16,9,7,2024-12-19 15:25:15
500108129,16,9,7,2024-12-19 15:15:16
500103064,16,8,8,2024-12-19 17:08:16
500106130,16,7,8,2024-12-19 13:22:15
500107163,16,8,8,2024-12-19 15:18:15
500103064,16,7,9,2024-12-19 15:02:15
500104006,16,7,9,2024-12-19 17:08:16
500104113,16,6,9,2024-12-19 16:15:16
500108129,16,7,9,2024-12-19 13:16:15
500106130,16,5,10,2024-12-19 17:00:17
500107043,16,6,10,2024-12-19 16:18:16
500108099,16,6,10,2024-12-19 17:00:17
500107043,16,5,11,2024-12-19 13:47:15
500107117,16,5,11,2024-12-19 16:25:16
500107128,16,4,11,2024-12-19 13:35:15
500109074,16,5,11,2024-12-19 13:13:14
500110029,16,5,11,2024-12-19 16:52:15
500112113,16,4,11,2024-12-19 15:08:15
500101182,16,4,12,2024-12-19 13:55:16
500103042,16,4,12,2024-12-19 13:48:16
500107001,16,4,12,2024-12-19 15:27:15
500107128,16,4,12,2024-12-19 16:25:16
500110029,16,4,12,2024-12-19 16:06:15
500110029,16,4,12,2024-12-19 16:17:15
500101182,16,3,13,2024-12-19 16:33:15
500107025,16,3,13,2024-12-19 14:03:15
500107110,16,3,13,2024-12-19 16:26:15
500107128,16,2,13,2024-12-19 15:56:15
500107128,16,3,13,2024-12-19 17:17:16
500109052,16,3,13,2024-12-19 17:16:16
500101005,16,2,14,2024-12-19 15:21:16
500104102,16,2,14,2024-12-19 16:37:15
500107117,16,2,14,2024-12-19 15:15:16
500108010,16,1,14,2024-12-19 16:39:15
500101005,16,1,15,2024-12-19 14:22:16
500101005,16,1,15,2024-12-19 14:34:16
500104102,16,1,15,2024-12-19 16:27:16
500105109,16,1,15,2024-12-19 17:08:16
500107043,16,1,15,2024-12-19 15:43:16
500107110,16,1,15,2024-12-19 15:27:15
500101005,16,0,16,2024-12-19 16:58:16
500101200,16,1,14,2024-12-19 21:48:16
500107043,16,6,10,2024-12-19 21:41:15
500101198,16,12,4,2024-12-19 21:41:15
500107103,16,16,0,2024-12-19 08:30:20
500104102,16,15,1,2024-12-19 07:52:15
500109103,16,13,2,2024-12-19 08:25:16
500104102,16,13,3,2024-12-19 08:18:15
500106130,16,10,3,2024-12-19 07:14:15
500107103,16,13,3,2024-12-19 07:36:15
500107117,16,13,3,2024-12-19 07:22:15
500109103,16,12,3,2024-12-19 07:55:17
500101005,16,12,4,2024-12-19 06:19:15
500104113,16,12,4,2024-12-19 07:33:15
500105038,16,12,4,2024-12-19 07:39:15
500106130,16,9,4,2024-12-19 07:35:16
500109103,16,11,4,2024-12-19 05:11:15
500101235,16,11,5,2024-12-19 06:22:14
500105038,16,11,5,2024-12-19 08:27:16
500108029,16,10,5,2024-12-19 08:34:15
500108150,16,11,5,2024-12-19 07:25:15
500111089,16,11,5,2024-12-19 08:55:16
500101005,16,10,6,2024-12-19 08:17:15
500104081,16,9,6,2024-12-19 06:16:15
500104113,16,5,6,2024-12-19 06:23:14
500106130,16,7,6,2024-12-19 08:02:15
500107128,16,9,6,2024-12-19 08:36:15
500108154,16,10,6,2024-12-19 06:29:15
500111089,16,10,6,2024-12-19 08:39:15
500101003,16,9,7,2024-12-19 06:36:14
500104006,16,9,7,2024-12-19 08:03:15
500104006,16,5,7,2024-12-19 05:42:15
500107043,16,8,7,2024-12-19 06:30:17
500107117,16,9,7,2024-12-19 08:32:15
500108154,16,9,7,2024-12-19 07:18:15
500103007,16,8,8,2024-12-19 08:14:15
500103042,16,8,8,2024-12-19 08:56:16
500104006,16,4,8,2024-12-19 05:50:15
500108154,16,8,8,2024-12-19 06:53:15
500103064,16,6,9,2024-12-19 07:43:15
500105086,16,5,9,2024-12-19 06:35:15
500108105,16,7,9,2024-12-19 07:56:15
500108124,16,6,9,2024-12-19 07:03:15
500111064,16,7,9,2024-12-19 08:31:16
500101176,16,6,10,2024-12-19 08:05:17
500103042,16,6,10,2024-12-19 08:02:15
500103064,16,5,10,2024-12-19 08:16:15
500103064,16,5,10,2024-12-19 08:26:15
500107043,16,6,10,2024-12-19 08:26:14
500108099,16,5,10,2024-12-19 07:46:15
500108105,16,6,10,2024-12-19 08:03:15
500108136,16,6,10,2024-12-19 06:46:14
500112113,16,5,10,2024-12-19 08:17:15
500101143,16,5,11,2024-12-19 05:27:15
500101200,16,4,11,2024-12-19 08:35:16
500104079,16,3,11,2024-12-19 07:35:16
500107026,16,5,11,2024-12-19 08:15:16
500112113,16,1,11,2024-12-19 06:53:15
500106116,16,3,12,2024-12-19 08:35:16
500101143,16,3,13,2024-12-19 06:40:15
500101176,16,3,13,2024-12-19 08:44:16
500107025,16,2,13,2024-12-19 08:47:15
500107043,16,3,13,2024-12-19 07:59:15
500108116,16,3,13,2024-12-19 08:03:15
500109096,16,3,13,2024-12-19 07:57:16
500107128,16,1,14,2024-12-19 05:43:14
500109052,16,2,14,2024-12-19 07:54:14
500111093,16,1,14,2024-12-19 07:57:15
500101003,16,1,15,2024-12-19 08:57:16
500101235,16,1,15,2024-12-19 08:06:16
500105109,16,1,15,2024-12-19 08:46:15
500105109,16,1,15,2024-12-19 07:30:16
500106122,16,1,15,2024-12-19 08:44:17
500107025,16,0,15,2024-12-19 08:57:14
500108129,16,1,15,2024-12-19 07:27:15
500108129,16,1,15,2024-12-19 07:42:15
500108136,16,1,15,2024-12-19 08:00:17
500109096,16,1,15,2024-12-19 06:38:15
500112113,16,0,15,2024-12-19 08:38:15
500112114,16,1,15,2024-12-19 08:16:15
500101003,16,0,16,2024-12-19 08:37:16
500101198,16,0,16,2024-12-19 08:19:16
500108105,16,0,16,2024-12-19 08:23:15
500108136,16,0,16,2024-12-19 08:46:15
500107049,16,7,7,2024-12-19 00:03:15
500107128,16,14,2,2024-12-19 00:15:16
500103064,16,10,6,2024-12-19 23:48:14
500107025,16,3,12,2024-12-19 00:05:15
500108091,16,3,13,2024-12-19 00:53:15
500108091,16,5,11,2024-12-19 21:43:15
500111093,16,7,9,2024-12-19 21:51:15
500108100,16,11,5,2024-12-19 19:34:15
500103042,16,2,14,2024-12-19 23:35:15
500107163,16,11,5,2024-12-19 23:20:15
500101182,16,2,14,2024-12-19 23:48:14
500101009,16,7,9,2024-12-19 23:42:15
500107001,16,7,9,2024-12-19 23:07:15
500107163,16,4,12,2024-12-19 01:12:15
500108150,16,5,11,2024-12-19 00:46:15
500101200,16,6,10,2024-12-19 01:05:16
500108136,16,6,10,2024-12-19 01:16:15
500112113,16,7,6,2024-12-19 01:16:15
500105086,16,8,6,2024-12-19 00:56:14
500101009,16,8,7,2024-12-19 00:35:16
500101198,16,8,8,2024-12-19 00:54:15
500101235,16,9,7,2024-12-19 00:22:15
500107110,16,2,14,2024-12-19 23:09:15
500105072,16,5,11,2024-12-19 23:08:15
500108105,16,6,9,2024-12-19 22:24:14
500110029,16,9,6,2024-12-19 23:18:15
500104006,16,3,9,2024-12-19 22:39:15
500104113,16,7,6,2024-12-19 22:38:14
500107163,16,12,4,2024-12-19 22:13:15
500101182,16,3,13,2024-12-19 20:59:15
500101005,16,4,12,2024-12-19 21:36:15
500101235,16,8,8,2024-12-19 21:33:15
500107001,16,8,8,2024-12-19 21:34:15
500105109,16,0,16,2024-12-19 02:20:17
500101182,16,1,15,2024-12-19 02:11:15
500105006,16,5,11,2024-12-19 02:10:16
500107163,16,5,11,2024-12-19 02:06:15
500105086,16,7,7,2024-12-19 01:42:14
500101198,16,8,8,2024-12-19 01:59:15
500105038,16,9,7,2024-12-19 02:59:15
500103007,16,10,4,2024-12-19 01:55:16
500107128,16,2,13,2024-12-19 04:16:14
500107163,16,4,12,2024-12-19 03:19:15
500107103,16,6,10,2024-12-19 03:47:14
500111083,16,11,4,2024-12-19 03:49:14
500108091,16,13,2,2024-12-19 03:45:15
500107001,16,3,13,2024-12-19 21:47:15
500108105,16,5,10,2024-12-19 22:06:15
500107026,16,7,9,2024-12-19 22:04:15
500101176,16,8,8,2024-12-19 21:53:15
500105006,16,8,8,2024-12-19 22:05:16
500105086,16,10,1,2024-12-19 21:46:15
500108136,16,11,5,2024-12-19 22:00:16
500108136,16,5,11,2024-12-19 01:18:15
500107110,16,5,11,2024-12-19 21:57:15
500101198,16,15,1,2024-12-19 21:59:15
500107128,16,2,14,2024-12-19 03:30:16
500101202,16,1,15,2024-12-19 00:22:15
500107128,16,3,12,2024-12-19 04:32:14
500110029,16,8,7,2024-12-19 23:06:15
500104081,16,2,11,2024-12-19 22:13:15
500104102,16,3,13,2024-12-19 22:10:17
500108099,16,7,7,2024-12-19 04:42:14
500101182,16,8,8,2024-12-19 04:07:15
500101005,16,3,13,2024-12-19 22:23:14
500112113,16,4,7,2024-12-19 23:24:14
500109105,16,16,0,2024-12-19 09:06:14
500101238,16,15,1,2024-12-19 12:07:16
500107043,16,15,1,2024-12-19 09:43:16
500107103,16,15,1,2024-12-19 11:47:15
500107103,16,15,1,2024-12-19 10:06:15
500111093,16,15,1,2024-12-19 11:39:15
500101003,16,14,2,2024-12-19 12:48:15
500101202,16,14,2,2024-12-19 11:27:15
500101238,16,14,2,2024-12-19 12:21:15
500107103,16,14,2,2024-12-19 09:36:15
500109103,16,13,2,2024-12-19 10:11:15
500109105,16,14,2,2024-12-19 10:21:15
500105086,16,12,3,2024-12-19 09:37:15
500107026,16,13,3,2024-12-19 09:36:15
500109105,16,13,3,2024-12-19 12:37:15
500111092,16,13,3,2024-12-19 12:06:16
500101198,16,12,4,2024-12-19 12:18:15
500101235,16,12,4,2024-12-19 13:06:15
500107049,16,11,4,2024-12-19 12:01:16
500107049,16,10,5,2024-12-19 11:55:18
500101235,16,10,6,2024-12-19 12:30:16
500101238,16,10,6,2024-12-19 10:31:16
500105006,16,10,6,2024-12-19 12:17:15
500107163,16,10,6,2024-12-19 11:59:16
500101143,16,9,7,2024-12-19 09:56:16
500101198,16,9,7,2024-12-19 10:45:16
500103007,16,9,7,2024-12-19 11:18:16
500104102,16,9,7,2024-12-19 10:54:15
500106130,16,8,7,2024-12-19 10:00:18
500104102,16,8,8,2024-12-19 10:38:15
500108124,16,7,8,2024-12-19 11:27:15
500101003,16,7,9,2024-12-19 10:41:15
500103042,16,6,9,2024-12-19 09:21:15
500103064,16,6,9,2024-12-19 12:37:15
500105072,16,7,9,2024-12-19 12:04:15
500103042,16,6,10,2024-12-19 11:16:15
500104113,16,6,10,2024-12-19 09:22:15
500112113,16,5,10,2024-12-19 11:55:18
500104006,16,5,11,2024-12-19 11:56:16
500104113,16,5,11,2024-12-19 11:18:16
500105072,16,5,11,2024-12-19 08:56:16
500106116,16,4,11,2024-12-19 11:55:18
500107025,16,5,11,2024-12-19 10:35:16
500104006,16,4,12,2024-12-19 09:21:14
500104079,16,4,12,2024-12-19 11:36:15
500104081,16,4,12,2024-12-19 09:42:15
500106116,16,3,12,2024-12-19 12:19:16
500107117,16,4,12,2024-12-19 10:07:16
500101005,16,3,13,2024-12-19 11:40:17
500101009,16,2,13,2024-12-19 12:07:16
500103042,16,3,13,2024-12-19 11:48:15
500104081,16,3,13,2024-12-19 12:19:16
500113014,16,3,13,2024-12-19 08:56:15
500104079,16,2,14,2024-12-19 11:12:16
500104081,16,2,14,2024-12-19 12:24:16
500106116,16,1,14,2024-12-19 10:07:15
500107001,16,2,14,2024-12-19 09:40:16
500107001,16,2,14,2024-12-19 10:35:16
500107110,16,2,14,2024-12-19 12:18:15
500107128,16,1,14,2024-12-19 09:57:15
500108010,16,1,14,2024-12-19 08:54:15
500108091,16,1,14,2024-12-19 12:58:15
500108091,16,1,14,2024-12-19 09:42:15
500108112,16,2,14,2024-12-19 11:59:16
500109052,16,2,14,2024-12-19 10:37:16
500110029,16,2,14,2024-12-19 11:26:15
500101198,16,1,15,2024-12-19 09:09:15
500103064,16,0,15,2024-12-19 12:07:16
500107128,16,0,15,2024-12-19 09:47:15
500108136,16,1,15,2024-12-19 11:51:15
500108154,16,1,15,2024-12-19 10:21:16
500112114,16,1,15,2024-12-19 09:51:16
500112114,16,1,15,2024-12-19 10:55:16
500113014,16,1,15,2024-12-19 12:18:16
500108129,16,0,16,2024-12-19 09:36:15
500109052,16,0,16,2024-12-19 12:38:15
500101009,16,16,0,2024-12-19 18:08:16
500101009,16,15,1,2024-12-19 19:06:16
500101009,16,15,1,2024-12-19 18:38:16
500101198,16,15,1,2024-12-19 18:06:15
500101198,16,15,1,2024-12-19 18:38:16
500103064,16,15,1,2024-12-19 18:44:16
500104113,16,14,1,2024-12-19 17:26:15
500105086,16,12,1,2024-12-19 19:28:15
500101009,16,14,2,2024-12-19 19:49:15
500101238,16,14,2,2024-12-19 19:07:15
500101009,16,13,3,2024-12-19 19:59:16
500101235,16,12,4,2024-12-19 17:44:15
500103064,16,12,4,2024-12-19 17:57:15
500103064,16,12,4,2024-12-19 19:05:15
500107049,16,11,4,2024-12-19 18:39:16
500108129,16,12,4,2024-12-19 20:17:15
500101200,16,11,5,2024-12-19 17:34:15
500107128,16,11,5,2024-12-19 19:35:16
500108136,16,11,5,2024-12-19 18:53:15
500113014,16,11,5,2024-12-19 19:12:15
500101009,16,10,6,2024-12-19 21:09:16
500101198,16,10,6,2024-12-19 17:26:15
500104113,16,10,6,2024-12-19 18:18:16
500107025,16,10,6,2024-12-19 19:35:16
500108129,16,10,6,2024-12-19 19:23:15
500111064,16,10,6,2024-12-19 19:45:16
500111083,16,10,6,2024-12-19 17:52:15
500101005,16,9,7,2024-12-19 18:08:16
500104006,16,9,7,2024-12-19 17:22:16
500104006,16,9,7,2024-12-19 18:01:16
500108116,16,9,7,2024-12-19 20:32:15
500103042,16,8,8,2024-12-19 18:58:16
500105006,16,8,8,2024-12-19 20:24:15
500106116,16,7,8,2024-12-19 19:53:15
500107025,16,8,8,2024-12-19 17:24:16
500108150,16,8,8,2024-12-19 18:18:16
500111093,16,8,8,2024-12-19 18:26:16
500111093,16,8,8,2024-12-19 21:16:15
500112113,16,4,8,2024-12-19 21:19:16
500107026,16,7,9,2024-12-19 17:48:15
500108112,16,7,9,2024-12-19 17:16:16
500108124,16,7,9,2024-12-19 20:59:15
500109096,16,7,9,2024-12-19 16:50:17
500103042,16,6,10,2024-12-19 20:58:15
500103042,16,6,10,2024-12-19 18:14:15
500104113,16,3,10,2024-12-19 19:38:14
500108116,16,6,10,2024-12-19 19:57:15
500101202,16,5,11,2024-12-19 18:55:17
500103007,16,5,11,2024-12-19 19:47:15
500108029,16,5,11,2024-12-19 18:44:16
500111064,16,5,11,2024-12-19 18:27:15
500101176,16,4,12,2024-12-19 19:49:15
500101235,16,4,12,2024-12-19 18:24:16
500103007,16,4,12,2024-12-19 18:55:17
500103042,16,4,12,2024-12-19 20:10:17
500106122,16,4,12,2024-12-19 17:30:15
500106122,16,3,12,2024-12-19 21:09:16
500107128,16,4,12,2024-12-19 21:08:15
500108010,16,3,12,2024-12-19 20:23:15
500108099,16,3,13,2024-12-19 21:05:16
500111064,16,2,13,2024-12-19 20:49:16
500112114,16,3,13,2024-12-19 19:28:15
500101182,16,2,14,2024-12-19 20:38:15
500105109,16,2,14,2024-12-19 21:11:15
500107128,16,2,14,2024-12-19 20:38:15
500108010,16,1,14,2024-12-19 17:50:16
500101005,16,1,15,2024-12-19 20:49:15
500101005,16,1,15,2024-12-19 21:07:16
500107026,16,1,15,2024-12-19 20:01:15
500107043,16,1,15,2024-12-19 20:39:16
500107043,16,1,15,2024-12-19 18:48:16
500108150,16,1,15,2024-12-19 20:26:16
500108154,16,1,15,2024-12-19 20:04:16
500107001,16,0,16,2024-12-19 18:48:15
500107043,16,0,16,2024-12-19 19:54:15
500109052,16,0,16,2024-12-19 20:28:15
500107103,16,16,0,2024-12-19 15:24:15
500101143,16,15,1,2024-12-19 14:20:16
500101238,16,14,2,2024-12-19 13:41:15
500107049,16,13,2,2024-12-19 15:22:15
500107049,16,13,2,2024-12-19 14:36:16
500108150,16,14,2,2024-12-19 15:58:15
500101003,16,13,3,2024-12-19 13:55:16
500105006,16,13,3,2024-12-19 15:57:15
500105006,16,13,3,2024-12-19 14:52:16
500101200,16,12,4,2024-12-19 17:06:16
500109105,16,12,4,2024-12-19 15:09:15
500104113,16,10,5,2024-12-19 16:59:15
500105086,16,9,6,2024-12-19 16:37:15
500108129,16,10,6,2024-12-19 16:16:14
500108129,16,10,6,2024-12-19 17:06:16
500101200,16,9,7,2024-12-19 14:09:16
500103064,16,9,7,2024-12-19 16:14:15
500107025,16,9,7,2024-12-19 17:06:16
500107163,16,9,7,2024-12-19 14:42:16
500101202,16,8,8,2024-12-19 16:28:15
500104102,16,8,8,2024-12-19 15:01:16
500105086,16,7,8,2024-12-19 16:23:15
500101198,16,7,9,2024-12-19 15:59:15
500101198,16,7,9,2024-12-19 16:47:15
500103064,16,7,9,2024-12-19 16:54:15
500105086,16,6,9,2024-12-19 15:01:16
500107025,16,7,9,2024-12-19 15:05:16
500107026,16,7,9,2024-12-19 15:05:16
500101009,16,4,11,2024-12-19 13:15:15
500104006,16,5,11,2024-12-19 16:25:16
500107128,16,4,11,2024-12-19 13:28:16
500108099,16,5,11,2024-12-19 16:27:16
500112114,16,5,11,2024-12-19 14:13:15
500101182,16,4,12,2024-12-19 17:09:15
500103042,16,4,12,2024-12-19 15:57:15
500103042,16,4,12,2024-12-19 16:32:15
500104006,16,4,12,2024-12-19 14:53:15
500104113,16,3,12,2024-12-19 14:46:15
500105109,16,4,12,2024-12-19 13:34:16
500107025,16,4,12,2024-12-19 14:14:15
500108099,16,3,12,2024-12-19 15:04:15
500101005,16,3,13,2024-12-19 17:08:16
500104081,16,3,13,2024-12-19 16:46:14
500104113,16,2,13,2024-12-19 13:28:15
500106122,16,3,13,2024-12-19 13:16:15
500107001,16,3,13,2024-12-19 13:19:15
500108136,16,3,13,2024-12-19 16:43:15
500112114,16,3,13,2024-12-19 15:25:15
500107117,16,2,14,2024-12-19 17:03:15
500109074,16,2,14,2024-12-19 16:59:15
500101005,16,1,15,2024-12-19 15:38:15
500108136,16,1,15,2024-12-19 13:24:15
500109052,16,1,15,2024-12-19 16:27:16
500110029,16,1,15,2024-12-19 14:20:20
500112113,16,1,15,2024-12-19 16:17:16
500112113,16,1,15,2024-12-19 16:42:18
500101005,16,0,16,2024-12-19 13:57:15
500107043,16,0,16,2024-12-19 17:00:19
500109052,16,0,16,2024-12-19 15:24:15
500111089,16,1,15,2024-12-19 21:49:15
500112113,16,3,9,2024-12-19 21:40:16
500101202,16,16,0,2024-12-19 07:47:15
500107103,16,16,0,2024-12-19 08:47:15
500101238,16,15,1,2024-12-19 07:35:16
500107103,16,13,3,2024-12-19 07:44:15
500107117,16,13,3,2024-12-19 07:35:16
500108116,16,13,3,2024-12-19 08:47:15
500109103,16,12,3,2024-12-19 08:15:16
500111092,16,13,3,2024-12-19 08:25:16
500101005,16,12,4,2024-12-19 08:03:15
500101235,16,11,5,2024-12-19 06:39:15
500101238,16,11,5,2024-12-19 07:27:15
500107049,16,10,5,2024-12-19 08:42:15
500107117,16,11,5,2024-12-19 06:57:15
500110029,16,10,5,2024-12-19 05:10:15
500111083,16,10,5,2024-12-19 06:27:15
500103064,16,9,6,2024-12-19 06:02:14
500105006,16,10,6,2024-12-19 07:24:15
500106116,16,9,6,2024-12-19 07:37:15
500107026,16,10,6,2024-12-19 08:25:16
500107117,16,10,6,2024-12-19 06:43:15
500111089,16,10,6,2024-12-19 08:03:15
500104079,16,9,7,2024-12-19 07:56:15
500107049,16,8,7,2024-12-19 04:49:15
500107103,16,9,7,2024-12-19 06:12:15
500108154,16,9,7,2024-12-19 06:43:15
500111083,16,8,7,2024-12-19 07:38:15
500101003,16,8,8,2024-12-19 06:39:15
500105102,16,8,8,2024-12-19 07:44:15
500106130,16,5,8,2024-12-19 08:43:15
500107043,16,7,8,2024-12-19 06:24:15
500108150,16,8,8,2024-12-19 06:54:16
500109052,16,8,8,2024-12-19 06:22:14
500109074,16,8,8,2024-12-19 08:12:15
500103007,16,5,9,2024-12-19 08:03:15
500105086,16,5,9,2024-12-19 07:45:16
500107025,16,6,9,2024-12-19 06:25:15
500111093,16,7,9,2024-12-19 08:20:17
500104079,16,4,10,2024-12-19 07:27:15
500108150,16,6,10,2024-12-19 05:31:14
500109105,16,6,10,2024-12-19 05:11:15
500103064,16,4,11,2024-12-19 05:48:14
500106116,16,4,11,2024-12-19 07:26:15
500106116,16,4,11,2024-12-19 06:07:15
500109074,16,3,11,2024-12-19 07:25:15
500101198,16,4,12,2024-12-19 05:24:14
500105072,16,4,12,2024-12-19 08:46:15
500108116,16,4,12,2024-12-19 08:24:15
500109105,16,4,12,2024-12-19 07:54:15
500101003,16,3,13,2024-12-19 08:47:15
500101198,16,3,13,2024-12-19 06:25:15
500105086,16,1,13,2024-12-19 07:25:15
500106116,16,2,13,2024-12-19 07:10:16
500106122,16,3,13,2024-12-19 08:11:16
500107128,16,2,13,2024-12-19 07:43:15
500108116,16,3,13,2024-12-19 06:54:16
500109052,16,3,13,2024-12-19 08:26:15
500109096,16,3,13,2024-12-19 08:48:14
500112114,16,3,13,2024-12-19 07:56:15
500101003,16,2,14,2024-12-19 07:57:16
500101235,16,2,14,2024-12-19 07:36:15
500107025,16,1,14,2024-12-19 08:27:16
500108105,16,2,14,2024-12-19 07:17:14
500108129,16,2,14,2024-12-19 07:56:15
500101003,16,1,15,2024-12-19 07:37:15
500101202,16,1,15,2024-12-19 06:03:15
500107001,16,1,15,2024-12-19 07:27:15
500107026,16,1,15,2024-12-19 06:37:14
500107043,16,1,15,2024-12-19 07:42:15
500108136,16,1,15,2024-12-19 07:46:15
500112113,16,0,15,2024-12-19 08:56:16
500109052,16,0,16,2024-12-19 08:51:18
500101182,16,3,13,2024-12-19 03:48:15
500101009,16,9,6,2024-12-19 00:05:15
500103007,16,13,1,2024-12-19 00:34:15
500103064,16,8,8,2024-12-19 00:30:18
500107043,16,6,9,2024-12-19 00:09:14
500107128,16,15,1,2024-12-19 00:06:15
500108129,16,3,13,2024-12-19 00:37:15
500108099,16,7,8,2024-12-19 23:47:14
500101005,16,9,7,2024-12-19 00:49:15
500101235,16,9,7,2024-12-19 00:08:15
500107025,16,8,8,2024-12-19 23:54:15
500101202,16,4,12,2024-12-19 01:11:15
500108129,16,4,12,2024-12-19 01:05:16
500107025,16,9,6,2024-12-19 00:49:15
500107117,16,9,7,2024-12-19 00:48:14
500107110,16,15,1,2024-12-19 01:00:17
500101200,16,0,15,2024-12-19 22:48:16
500107117,16,1,15,2024-12-19 21:10:16
500108124,16,5,11,2024-12-19 21:55:16
500107026,16,8,8,2024-12-19 22:22:15
500101235,16,15,1,2024-12-19 23:04:15
500110029,16,6,9,2024-12-19 22:19:15
500112113,16,7,5,2024-12-19 22:25:16
500108116,16,7,9,2024-12-19 22:07:15
500108010,16,1,14,2024-12-19 21:22:15
500111089,16,2,14,2024-12-19 21:36:15
500108154,16,5,11,2024-12-19 21:39:15
500112114,16,6,10,2024-12-19 21:30:16
500104081,16,7,7,2024-12-19 21:38:15
500101009,16,10,6,2024-12-19 21:30:16
500111093,16,2,14,2024-12-19 01:58:14
500103064,16,6,10,2024-12-19 02:49:15
500112113,16,8,5,2024-12-19 02:59:15
500112114,16,8,8,2024-12-19 02:10:16
500109052,16,10,6,2024-12-19 02:22:15
500108112,16,4,10,2024-12-19 04:23:14
500109052,16,9,7,2024-12-19 04:25:15
500101200,16,1,14,2024-12-19 22:00:16
500107043,16,3,13,2024-12-19 22:09:15
500107025,16,6,10,2024-12-19 22:03:14
500101143,16,8,8,2024-12-19 21:54:14
500101198,16,8,8,2024-12-19 03:36:15
500101003,16,5,11,2024-12-19 23:38:15
500106116,16,9,6,2024-12-19 00:50:16
500108136,16,4,12,2024-12-19 01:55:16
500107025,16,7,9,2024-12-19 22:47:15
500107128,16,14,2,2024-12-19 22:47:15
500106130,16,9,4,2024-12-19 04:33:15
500104006,16,3,9,2024-12-19 22:13:15
500104113,16,4,9,2024-12-19 22:18:15
500101202,16,4,12,2024-12-19 22:15:16
500107128,16,8,8,2024-12-19 22:19:15
500108099,16,11,5,2024-12-19 22:16:15
500104113,16,5,8,2024-12-19 22:22:15
500103064,16,12,4,2024-12-19 22:24:14
500107163,16,3,13,2024-12-19 01:53:15
500107128,16,16,0,2024-12-19 23:27:14
500101202,16,16,0,2024-12-19 09:37:16
500101238,16,16,0,2024-12-19 11:28:15
500107043,16,16,0,2024-12-19 09:06:17
500107043,16,16,0,2024-12-19 09:56:15
500107049,16,15,0,2024-12-19 09:01:17
500107163,16,16,0,2024-12-19 12:47:16
500105086,16,14,1,2024-12-19 11:31:15
500106130,16,14,1,2024-12-19 11:51:15
500107103,16,15,1,2024-12-19 09:44:15
500107103,16,15,1,2024-12-19 10:18:15
500107163,16,15,1,2024-12-19 12:52:16
500108116,16,15,1,2024-12-19 09:32:15
500107103,16,14,2,2024-12-19 12:57:15
500107103,16,14,2,2024-12-19 10:59:15
500107103,16,14,2,2024-12-19 11:18:16
500109105,16,14,2,2024-12-19 12:58:15
500111089,16,14,2,2024-12-19 12:58:15
500111092,16,14,2,2024-12-19 09:16:15
500101143,16,13,3,2024-12-19 12:26:15
500101143,16,13,3,2024-12-19 11:37:15
500101202,16,13,3,2024-12-19 13:06:14
500101202,16,13,3,2024-12-19 11:30:16
500101235,16,13,3,2024-12-19 09:37:15
500106130,16,12,3,2024-12-19 11:37:15
500107049,16,12,3,2024-12-19 12:48:14
500111089,16,13,3,2024-12-19 12:43:15
500101143,16,12,4,2024-12-19 12:06:16
500101182,16,12,4,2024-12-19 10:07:16
500101238,16,12,4,2024-12-19 10:50:16
500105006,16,12,4,2024-12-19 08:52:16
500107043,16,12,4,2024-12-19 11:56:16
500101003,16,11,5,2024-12-19 10:22:16
500101182,16,11,5,2024-12-19 11:46:15
500104102,16,11,5,2024-12-19 08:37:15
500107049,16,10,5,2024-12-19 12:38:15
500101003,16,10,6,2024-12-19 09:56:16
500101182,16,10,6,2024-12-19 10:32:15
500105102,16,10,6,2024-12-19 10:10:16
500107026,16,10,6,2024-12-19 12:45:16
500107043,16,10,6,2024-12-19 11:45:15
500107043,16,10,6,2024-12-19 10:37:16
500111083,16,9,6,2024-12-19 11:26:14
500101003,16,9,7,2024-12-19 09:40:16
500101238,16,9,7,2024-12-19 09:43:15
500105102,16,9,7,2024-12-19 10:58:16
500107049,16,8,7,2024-12-19 11:25:15
500101003,16,8,8,2024-12-19 11:27:15
500101200,16,8,8,2024-12-19 11:58:16
500107026,16,8,8,2024-12-19 11:37:15
500107128,16,7,8,2024-12-19 11:07:16
500112113,16,7,8,2024-12-19 09:40:16
500101003,16,7,9,2024-12-19 09:32:15
500103007,16,7,9,2024-12-19 11:38:15
500107163,16,7,9,2024-12-19 10:36:14
500112113,16,6,9,2024-12-19 09:25:16
500101003,16,6,10,2024-12-19 09:08:15
500101202,16,6,10,2024-12-19 12:28:15
500103007,16,6,10,2024-12-19 09:21:15
500103007,16,6,10,2024-12-19 12:08:15
500104079,16,6,10,2024-12-19 09:46:15
500104102,16,6,10,2024-12-19 09:51:14
500101003,16,5,11,2024-12-19 12:08:15
500101005,16,5,11,2024-12-19 12:48:15
500103064,16,4,11,2024-12-19 09:55:17
500104113,16,4,11,2024-12-19 12:38:15
500106116,16,4,11,2024-12-19 12:05:17
500107117,16,5,11,2024-12-19 09:21:15
500107163,16,5,11,2024-12-19 10:28:15
500113014,16,5,11,2024-12-19 09:50:16
500101182,16,4,12,2024-12-19 12:36:15
500104113,16,3,12,2024-12-19 12:49:15
500104113,16,4,12,2024-12-19 11:21:14
500101182,16,3,13,2024-12-19 12:27:15
500101182,16,3,13,2024-12-19 12:13:16
500103042,16,3,13,2024-12-19 12:26:15
500103064,16,2,13,2024-12-19 10:14:15
500104081,16,3,13,2024-12-19 10:36:14
500106116,16,2,13,2024-12-19 10:58:16
500107001,16,3,13,2024-12-19 10:03:15
500107128,16,2,13,2024-12-19 12:45:16
500107128,16,2,13,2024-12-19 13:03:15
500107163,16,3,13,2024-12-19 11:45:15
500108112,16,3,13,2024-12-19 12:35:16
500109052,16,3,13,2024-12-19 09:09:15
500101009,16,1,14,2024-12-19 08:39:15
500103042,16,2,14,2024-12-19 12:57:14
500103042,16,2,14,2024-12-19 12:07:15
500103064,16,1,14,2024-12-19 11:37:15
500104006,16,2,14,2024-12-19 10:01:16
500104113,16,2,14,2024-12-19 10:18:15
500107110,16,2,14,2024-12-19 10:55:17
500108091,16,1,14,2024-12-19 09:08:14
500108112,16,2,14,2024-12-19 11:39:15
500108136,16,2,14,2024-12-19 11:20:17
500101005,16,1,15,2024-12-19 13:07:15
500106122,16,1,15,2024-12-19 09:02:15
500101005,16,0,16,2024-12-19 11:57:15
500101198,16,0,16,2024-12-19 09:37:16
500112114,16,0,16,2024-12-19 11:10:18
500101200,16,16,0,2024-12-19 18:18:16
500107110,16,16,0,2024-12-19 19:07:15
500101198,16,15,1,2024-12-19 21:04:16
500104006,16,15,1,2024-12-19 19:53:15
500107049,16,14,1,2024-12-19 20:19:15
500101235,16,14,2,2024-12-19 20:08:15
500101235,16,14,2,2024-12-19 17:23:15
500101235,16,14,2,2024-12-19 19:45:15
500105086,16,11,2,2024-12-19 19:15:16
500105086,16,11,2,2024-12-19 18:40:17
500109103,16,14,2,2024-12-19 16:12:15
500101009,16,13,3,2024-12-19 19:16:15
500107049,16,12,3,2024-12-19 18:49:16
500108150,16,13,3,2024-12-19 18:25:16
500101238,16,12,4,2024-12-19 18:07:16
500103064,16,12,4,2024-12-19 18:08:16
500105006,16,12,4,2024-12-19 17:37:16
500108100,16,12,4,2024-12-19 19:06:16
500101235,16,11,5,2024-12-19 17:59:15
500105102,16,11,5,2024-12-19 19:54:15
500101003,16,10,6,2024-12-19 19:07:15
500101009,16,10,6,2024-12-19 19:35:16
500101009,16,10,6,2024-12-19 21:11:15
500101198,16,10,6,2024-12-19 20:07:15
500101238,16,10,6,2024-12-19 18:26:16
500105102,16,10,6,2024-12-19 19:00:18
500109052,16,10,6,2024-12-19 18:27:15
500113014,16,10,6,2024-12-19 19:46:14
500113014,16,10,6,2024-12-19 17:23:15
500113014,16,10,6,2024-12-19 20:59:15
500104113,16,6,7,2024-12-19 20:36:14
500106130,16,5,7,2024-12-19 21:00:16
500107025,16,9,7,2024-12-19 19:44:15
500107110,16,9,7,2024-12-19 20:14:15
500108136,16,9,7,2024-12-19 19:03:15
500105006,16,8,8,2024-12-19 19:17:15
500109052,16,8,8,2024-12-19 18:03:15
500109052,16,8,8,2024-12-19 19:38:15
500101176,16,7,9,2024-12-19 18:56:15
500104081,16,7,9,2024-12-19 19:41:16
500104102,16,7,9,2024-12-19 19:12:15
500105072,16,7,9,2024-12-19 16:28:15
500106116,16,6,9,2024-12-19 17:57:15
500106116,16,6,9,2024-12-19 19:35:16
500106130,16,3,9,2024-12-19 19:18:15
500107025,16,7,9,2024-12-19 21:17:15
500107049,16,6,9,2024-12-19 20:56:15
500107110,16,7,9,2024-12-19 19:49:15
500107128,16,7,9,2024-12-19 18:29:16
500108100,16,7,9,2024-12-19 14:26:15
500110029,16,7,9,2024-12-19 19:30:17
500112114,16,7,9,2024-12-19 19:57:15
500101143,16,6,10,2024-12-19 21:14:15
500103042,16,6,10,2024-12-19 21:07:16
500104079,16,6,10,2024-12-19 14:03:16
500107025,16,6,10,2024-12-19 20:13:15
500108112,16,5,10,2024-12-19 21:00:16
500108129,16,6,10,2024-12-19 18:10:17
500104081,16,5,11,2024-12-19 19:02:16
500104113,16,2,11,2024-12-19 18:39:16
500107043,16,5,11,2024-12-19 20:53:15
500107103,16,5,11,2024-12-19 20:51:16
500108091,16,5,11,2024-12-19 17:10:17
500108105,16,5,11,2024-12-19 18:45:16
500108150,16,5,11,2024-12-19 19:46:15
500101202,16,4,12,2024-12-19 19:25:15
500103007,16,4,12,2024-12-19 18:48:15
500104081,16,2,12,2024-12-19 20:13:15
500104102,16,4,12,2024-12-19 17:58:16
500105072,16,4,12,2024-12-19 20:30:17
500107026,16,4,12,2024-12-19 18:55:17
500107128,16,4,12,2024-12-19 19:55:16
500108129,16,4,12,2024-12-19 18:05:16
500108175,16,4,12,2024-12-19 16:20:17
500101202,16,3,13,2024-12-19 20:44:15
500104081,16,3,13,2024-12-19 17:47:16
500107001,16,3,13,2024-12-19 17:50:16
500108010,16,2,13,2024-12-19 17:11:16
500108105,16,2,13,2024-12-19 21:00:16
500108175,16,3,13,2024-12-19 17:48:15
500101143,16,2,14,2024-12-19 18:17:15
500101143,16,2,14,2024-12-19 18:32:16
500105109,16,2,14,2024-12-19 21:09:16
500108154,16,2,14,2024-12-19 18:33:16
500109052,16,2,14,2024-12-19 21:13:16
500101143,16,1,15,2024-12-19 18:28:16
500101182,16,1,15,2024-12-19 19:57:14
500107026,16,1,15,2024-12-19 19:26:14
500101005,16,0,16,2024-12-19 17:59:16
500107043,16,0,16,2024-12-19 18:35:17
500110029,16,0,16,2024-12-19 17:38:16
500107103,16,16,0,2024-12-19 15:57:15
500107049,16,14,1,2024-12-19 16:59:17
500107103,16,15,1,2024-12-19 13:59:15
500101238,16,14,2,2024-12-19 15:07:15
500105006,16,14,2,2024-12-19 15:15:16
500105006,16,14,2,2024-12-19 16:53:15
500108150,16,14,2,2024-12-19 14:34:15
500101235,16,13,3,2024-12-19 14:25:16
500108150,16,13,3,2024-12-19 13:18:15
500111089,16,13,3,2024-12-19 16:26:15
500101003,16,12,4,2024-12-19 13:37:15
500101202,16,11,5,2024-12-19 16:05:16
500108029,16,9,5,2024-12-19 16:28:15
500108150,16,11,5,2024-12-19 17:10:17
500101009,16,9,6,2024-12-19 13:50:16
500106116,16,9,6,2024-12-19 17:16:16
500107025,16,10,6,2024-12-19 16:55:17
500107026,16,10,6,2024-12-19 13:21:16
500109105,16,10,6,2024-12-19 16:23:15
500101003,16,9,7,2024-12-19 16:14:14
500101009,16,8,7,2024-12-19 13:43:14
500105086,16,8,7,2024-12-19 16:58:15
500106116,16,8,7,2024-12-19 14:42:15
500101003,16,8,8,2024-12-19 17:17:16
500105086,16,7,8,2024-12-19 14:49:15
500108100,16,8,8,2024-12-19 13:59:15
500103064,16,6,9,2024-12-19 13:47:15
500104006,16,7,9,2024-12-19 13:39:16
500107163,16,7,9,2024-12-19 15:47:15
500108091,16,7,9,2024-12-19 16:16:15
500108091,16,6,10,2024-12-19 17:07:15
500101176,16,5,11,2024-12-19 16:38:15
500103042,16,5,11,2024-12-19 15:43:15
500107043,16,5,11,2024-12-19 16:35:15
500101182,16,4,12,2024-12-19 15:55:16
500103042,16,4,12,2024-12-19 14:52:16
500108091,16,3,12,2024-12-19 14:25:16
500106130,16,2,13,2024-12-19 15:43:15
500107001,16,3,13,2024-12-19 16:03:15
500107110,16,3,13,2024-12-19 17:16:16
500107117,16,3,13,2024-12-19 16:55:17
500107117,16,3,13,2024-12-19 17:09:15
500108136,16,3,13,2024-12-19 17:18:16
500111064,16,3,13,2024-12-19 16:36:15
500112113,16,2,13,2024-12-19 15:31:15
500112114,16,3,13,2024-12-19 17:16:16
500109052,16,2,14,2024-12-19 16:57:16
500101005,16,1,15,2024-12-19 15:49:15
500101005,16,1,15,2024-12-19 14:48:15
500107128,16,0,15,2024-12-19 15:41:15
500108091,16,0,15,2024-12-19 13:17:15
500108105,16,1,15,2024-12-19 13:44:15
500101005,16,0,16,2024-12-19 15:08:14
500104102,16,0,16,2024-12-19 17:02:14
500107043,16,0,16,2024-12-19 15:09:16
500104113,16,0,13,2024-12-19 21:49:15
500101009,16,5,11,2024-12-19 21:49:15
500107103,16,5,11,2024-12-19 21:47:15
500101202,16,16,0,2024-12-19 08:15:16
500101238,16,16,0,2024-12-19 07:48:16
500101238,16,16,0,2024-12-19 08:35:17
500101238,16,16,0,2024-12-19 07:46:15
500104102,16,15,1,2024-12-19 07:32:15
500108150,16,15,1,2024-12-19 08:37:16
500104102,16,14,2,2024-12-19 06:55:16
500107110,16,14,2,2024-12-19 07:19:16
500101005,16,13,3,2024-12-19 08:44:16
500104006,16,13,3,2024-12-19 07:42:15
500107110,16,13,3,2024-12-19 05:39:15
500107117,16,13,3,2024-12-19 07:53:16
500108099,16,11,3,2024-12-19 07:26:15
500101176,16,12,4,2024-12-19 07:02:15
500107049,16,11,4,2024-12-19 08:16:15
500108112,16,12,4,2024-12-19 08:18:15
500101005,16,11,5,2024-12-19 06:28:15
500101182,16,11,5,2024-12-19 07:47:15
500101202,16,11,5,2024-12-19 07:25:15
500103064,16,10,5,2024-12-19 06:56:14
500105086,16,10,5,2024-12-19 08:03:15
500107103,16,11,5,2024-12-19 06:50:16
500108029,16,10,5,2024-12-19 08:50:15
500110029,16,10,5,2024-12-19 05:59:14
500101005,16,10,6,2024-12-19 08:57:14
500108154,16,10,6,2024-12-19 08:17:14
500109074,16,10,6,2024-12-19 07:55:17
500103042,16,9,7,2024-12-19 08:45:15
500104079,16,7,7,2024-12-19 07:11:15
500104113,16,4,7,2024-12-19 06:49:14
500105038,16,9,7,2024-12-19 07:14:15
500108099,16,8,7,2024-12-19 07:36:15
500113014,16,9,7,2024-12-19 06:06:14
500101009,16,7,8,2024-12-19 06:34:15
500107025,16,7,8,2024-12-19 06:08:14
500108105,16,8,8,2024-12-19 07:35:16
500108124,16,7,8,2024-12-19 06:21:15
500110029,16,7,8,2024-12-19 07:27:14
500111064,16,8,8,2024-12-19 08:23:15
500103042,16,7,9,2024-12-19 06:39:15
500103064,16,6,9,2024-12-19 08:55:16
500108091,16,6,9,2024-12-19 07:47:15
500109052,16,7,9,2024-12-19 06:33:15
500101200,16,5,10,2024-12-19 05:41:14
500101238,16,6,10,2024-12-19 06:42:15
500103007,16,6,10,2024-12-19 08:47:15
500103064,16,5,10,2024-12-19 05:36:15
500103064,16,5,10,2024-12-19 07:27:15
500104006,16,6,10,2024-12-19 08:47:15
500104113,16,6,10,2024-12-19 08:02:15
500110029,16,5,10,2024-12-19 08:17:15
500110029,16,6,10,2024-12-19 08:44:16
500101200,16,4,11,2024-12-19 06:16:15
500107001,16,5,11,2024-12-19 04:53:14
500107049,16,4,11,2024-12-19 07:31:16
500109105,16,5,11,2024-12-19 07:44:15
500101200,16,4,12,2024-12-19 08:57:15
500101235,16,4,12,2024-12-19 08:36:15
500104113,16,4,12,2024-12-19 08:35:16
500105006,16,4,12,2024-12-19 07:48:15
500106116,16,3,12,2024-12-19 08:03:15
500106116,16,3,12,2024-12-19 06:27:15
500107043,16,4,12,2024-12-19 07:37:15
500107128,16,3,12,2024-12-19 06:43:15
500111089,16,4,12,2024-12-19 07:17:14
500113014,16,4,12,2024-12-19 08:46:14
500101143,16,3,13,2024-12-19 08:26:15
500103042,16,3,13,2024-12-19 07:26:15
500103064,16,2,13,2024-12-19 08:02:15
500104113,16,3,13,2024-12-19 08:27:15
500107001,16,3,13,2024-12-19 08:26:15
500107025,16,2,13,2024-12-19 06:42:15
500107128,16,2,13,2024-12-19 06:55:15
500107163,16,3,13,2024-12-19 08:15:16
500108010,16,2,13,2024-12-19 08:07:15
500108069,16,3,13,2024-12-19 07:44:15
500111089,16,3,13,2024-12-19 06:50:16
500112114,16,3,13,2024-12-19 07:42:15
500101235,16,2,14,2024-12-19 08:03:15
500106122,16,2,14,2024-12-19 08:50:16
500107001,16,2,14,2024-12-19 08:41:15
500107025,16,1,14,2024-12-19 07:57:16
500108116,16,2,14,2024-12-19 08:13:15
500109096,16,2,14,2024-12-19 08:32:15
500112114,16,2,14,2024-12-19 07:36:15
500101202,16,1,15,2024-12-19 06:54:16
500107025,16,0,15,2024-12-19 07:32:17
500107026,16,1,15,2024-12-19 07:26:15
500108105,16,1,15,2024-12-19 08:42:15
500105109,16,0,16,2024-12-19 08:26:14
500107026,16,0,16,2024-12-19 07:37:15
500101198,16,7,9,2024-12-19 00:37:15
500107103,16,7,9,2024-12-19 00:41:14
500108150,16,6,9,2024-12-19 23:29:14
500108105,16,7,8,2024-12-19 23:58:14
500107117,16,8,8,2024-12-19 23:38:15
500101176,16,9,6,2024-12-19 23:21:14
500101238,16,11,5,2024-12-19 23:47:14
500107049,16,10,5,2024-12-19 22:54:15
500108091,16,4,12,2024-12-19 00:58:14
500108010,16,7,7,2024-12-19 00:30:16
500109105,16,7,9,2024-12-19 00:37:15
500113014,16,9,7,2024-12-19 01:11:15
500108124,16,10,6,2024-12-19 00:40:16
500105038,16,11,5,2024-12-19 00:31:14
500104006,16,4,7,2024-12-19 22:50:16
500101003,16,6,10,2024-12-19 23:06:15
500112114,16,8,8,2024-12-19 23:18:15
500107103,16,1,15,2024-12-19 22:37:17
500105072,16,2,14,2024-12-19 22:26:15
500104102,16,3,13,2024-12-19 22:32:15
500107110,16,3,13,2024-12-19 22:37:15
500101235,16,9,7,2024-12-19 22:32:15
500107128,16,2,14,2024-12-19 21:35:16
500109074,16,3,13,2024-12-19 21:14:15
500108124,16,4,12,2024-12-19 21:03:15
500107103,16,5,11,2024-12-19 21:26:16
500108112,16,6,9,2024-12-19 21:30:16
500108116,16,6,10,2024-12-19 21:32:15
500101176,16,7,9,2024-12-19 21:30:16
500107043,16,7,9,2024-12-19 21:37:15
500101143,16,10,6,2024-12-19 21:38:15
500107128,16,2,14,2024-12-19 02:11:15
500108116,16,3,13,2024-12-19 01:26:15
500105072,16,3,13,2024-12-19 03:22:14
500101182,16,15,1,2024-12-19 04:10:15
500103042,16,0,16,2024-12-19 21:41:15
500101009,16,6,10,2024-12-19 22:04:15
500105102,16,10,6,2024-12-19 22:09:15
500107043,16,5,11,2024-12-19 21:53:15
500107128,16,6,10,2024-12-19 21:58:15
500103064,16,7,9,2024-12-19 03:10:16
500112114,16,9,7,2024-12-19 03:27:15
500113014,16,10,6,2024-12-19 00:49:15
500107110,16,14,2,2024-12-19 01:46:14
500106116,16,11,4,2024-12-19 02:06:15
500101005,16,7,9,2024-12-19 22:43:15
500101176,16,9,7,2024-12-19 22:42:15
500108112,16,10,4,2024-12-19 04:34:15
500101005,16,11,5,2024-12-19 04:29:15
500101005,16,6,10,2024-12-19 23:04:15
500107025,16,6,10,2024-12-19 23:02:14
500101005,16,4,12,2024-12-19 22:18:14
500105006,16,7,9,2024-12-19 22:12:15
500107025,16,10,5,2024-12-19 03:58:15
500101143,16,16,0,2024-12-19 10:57:15
500101235,16,16,0,2024-12-19 10:53:16
500108150,16,16,0,2024-12-19 12:43:15
500101182,16,15,1,2024-12-19 11:21:15
500101202,16,15,1,2024-12-19 09:57:15
500101235,16,15,1,2024-12-19 11:06:15
500107043,16,15,1,2024-12-19 10:28:15
500107163,16,15,1,2024-12-19 12:38:14
500108150,16,15,1,2024-12-19 10:57:15
500108150,16,15,1,2024-12-19 11:26:15
500107026,16,14,2,2024-12-19 08:59:15
500108029,16,13,2,2024-12-19 10:15:16
500108116,16,14,2,2024-12-19 09:56:15
500109105,16,14,2,2024-12-19 11:31:15
500101202,16,13,3,2024-12-19 11:08:15
500101235,16,13,3,2024-12-19 11:57:15
500106130,16,12,3,2024-12-19 12:28:15
500107103,16,13,3,2024-12-19 12:24:15
500108150,16,12,4,2024-12-19 13:01:17
500111089,16,12,4,2024-12-19 09:43:15
500101235,16,11,5,2024-12-19 12:19:16
500101235,16,11,5,2024-12-19 12:56:15
500107026,16,11,5,2024-12-19 09:51:14
500107049,16,10,5,2024-12-19 09:55:17
500101198,16,10,6,2024-12-19 10:37:16
500104102,16,10,6,2024-12-19 12:38:15
500105038,16,10,6,2024-12-19 08:52:16
500106130,16,9,6,2024-12-19 09:52:14
500111083,16,9,6,2024-12-19 10:26:14
500101238,16,9,7,2024-12-19 10:20:16
500103042,16,8,7,2024-12-19 09:35:16
500105102,16,9,7,2024-12-19 09:10:15
500106130,16,8,7,2024-12-19 10:36:14
500111083,16,8,7,2024-12-19 09:40:16
500101003,16,8,8,2024-12-19 11:46:15
500107025,16,7,8,2024-12-19 09:56:16
500107026,16,8,8,2024-12-19 11:54:15
500108105,16,8,8,2024-12-19 09:24:15
500101003,16,6,10,2024-12-19 09:27:15
500101200,16,6,10,2024-12-19 10:08:15
500105109,16,6,10,2024-12-19 11:43:15
500106116,16,5,10,2024-12-19 12:47:15
500107128,16,5,10,2024-12-19 10:27:15
500108116,16,5,10,2024-12-19 12:17:16
500108129,16,6,10,2024-12-19 12:02:16
500101009,16,4,11,2024-12-19 11:55:18
500101200,16,5,11,2024-12-19 12:38:15
500101235,16,5,11,2024-12-19 09:03:14
500103007,16,5,11,2024-12-19 12:50:15
500103042,16,5,11,2024-12-19 11:37:15
500103042,16,4,11,2024-12-19 09:53:15
500104079,16,5,11,2024-12-19 10:21:15
500104081,16,5,11,2024-12-19 09:21:15
500105109,16,5,11,2024-12-19 12:19:15
500106116,16,4,11,2024-12-19 12:38:14
500107163,16,5,11,2024-12-19 10:16:15
500112113,16,4,11,2024-12-19 12:01:16
500112113,16,4,11,2024-12-19 11:44:15
500101005,16,4,12,2024-12-19 11:05:17
500101200,16,4,12,2024-12-19 09:18:15
500101200,16,4,12,2024-12-19 09:42:15
500103042,16,3,12,2024-12-19 10:18:15
500104006,16,4,12,2024-12-19 12:05:17
500104113,16,3,12,2024-12-19 12:06:16
500104113,16,4,12,2024-12-19 11:04:15
500107025,16,3,12,2024-12-19 09:36:15
500108112,16,4,12,2024-12-19 11:12:16
500112113,16,3,12,2024-12-19 12:35:16
500101009,16,2,13,2024-12-19 10:15:16
500103064,16,2,13,2024-12-19 11:47:16
500106116,16,2,13,2024-12-19 10:26:14
500107001,16,3,13,2024-12-19 09:34:15
500107163,16,3,13,2024-12-19 09:22:15
500108099,16,2,13,2024-12-19 11:01:17
500108175,16,3,13,2024-12-19 07:06:15
500101005,16,2,14,2024-12-19 12:08:15
500101005,16,2,14,2024-12-19 10:18:15
500104006,16,2,14,2024-12-19 11:18:15
500104081,16,2,14,2024-12-19 10:20:16
500108154,16,2,14,2024-12-19 13:08:15
500113014,16,2,14,2024-12-19 12:28:15
500107128,16,0,15,2024-12-19 12:18:15
500108129,16,1,15,2024-12-19 09:26:15
500110029,16,1,15,2024-12-19 13:01:17
500112113,16,0,15,2024-12-19 08:58:15
500107043,16,0,16,2024-12-19 12:23:16
500107110,16,0,16,2024-12-19 11:37:15
500108129,16,0,16,2024-12-19 09:38:17
500108136,16,0,16,2024-12-19 09:07:15
500109052,16,0,16,2024-12-19 10:57:15
500112114,16,0,16,2024-12-19 10:05:17
500113014,16,0,16,2024-12-19 11:56:15
500101009,16,16,0,2024-12-19 18:44:15
500101198,16,16,0,2024-12-19 18:13:17
500107049,16,15,0,2024-12-19 19:27:16
500107110,16,16,0,2024-12-19 19:09:16
500101200,16,15,1,2024-12-19 17:59:15
500111089,16,15,1,2024-12-19 17:22:16
500101198,16,13,3,2024-12-19 20:26:16
500103064,16,13,3,2024-12-19 19:13:15
500108105,16,13,3,2024-12-19 20:05:16
500113014,16,13,3,2024-12-19 18:37:15
500101200,16,10,4,2024-12-19 19:49:15
500105086,16,9,4,2024-12-19 19:01:15
500105086,16,7,4,2024-12-19 21:14:15
500107110,16,12,4,2024-12-19 18:05:16
500107128,16,12,4,2024-12-19 18:58:15
500107163,16,12,4,2024-12-19 17:37:16
500112113,16,12,4,2024-12-19 19:32:15
500104006,16,11,5,2024-12-19 18:25:17
500106122,16,11,5,2024-12-19 19:58:15
500108099,16,11,5,2024-12-19 18:05:16
500108124,16,11,5,2024-12-19 18:35:16
500111092,16,11,5,2024-12-19 18:52:15
500105006,16,10,6,2024-12-19 17:21:15
500107128,16,10,6,2024-12-19 19:28:15
500107163,16,10,6,2024-12-19 17:27:16
500108116,16,9,6,2024-12-19 17:45:16
500108136,16,10,6,2024-12-19 20:12:15
500109105,16,10,6,2024-12-19 17:54:15
500110029,16,10,6,2024-12-19 20:29:15
500101003,16,9,7,2024-12-19 19:14:16
500101235,16,9,7,2024-12-19 19:27:15
500103064,16,9,7,2024-12-19 17:42:15
500104006,16,5,7,2024-12-19 20:42:15
500108099,16,9,7,2024-12-19 17:53:15
500111093,16,9,7,2024-12-19 17:30:15
500113014,16,9,7,2024-12-19 20:23:15
500101003,16,8,8,2024-12-19 19:34:15
500104006,16,4,8,2024-12-19 20:39:16
500107025,16,8,8,2024-12-19 18:36:16
500107049,16,7,8,2024-12-19 20:43:16
500107128,16,8,8,2024-12-19 19:15:16
500108136,16,8,8,2024-12-19 18:08:16
500108154,16,8,8,2024-12-19 20:38:15
500103042,16,7,9,2024-12-19 19:17:15
500104113,16,4,9,2024-12-19 20:24:15
500105006,16,7,9,2024-12-19 20:02:15
500105102,16,7,9,2024-12-19 17:21:15
500107025,16,7,9,2024-12-19 21:06:15
500108116,16,7,9,2024-12-19 20:09:15
500108129,16,7,9,2024-12-19 18:33:16
500101003,16,6,10,2024-12-19 18:37:15
500101176,16,6,10,2024-12-19 19:06:16
500103007,16,6,10,2024-12-19 20:08:15
500103042,16,6,10,2024-12-19 18:48:15
500104113,16,3,10,2024-12-19 19:59:16
500105038,16,5,10,2024-12-19 20:08:15
500105072,16,6,10,2024-12-19 19:55:16
500107025,16,6,10,2024-12-19 17:35:16
500107026,16,6,10,2024-12-19 16:48:16
500108116,16,5,10,2024-12-19 18:15:17
500110029,16,6,10,2024-12-19 21:09:16
500111064,16,6,10,2024-12-19 18:30:17
500101003,16,5,11,2024-12-19 19:57:15
500101176,16,5,11,2024-12-19 19:08:15
500103007,16,5,11,2024-12-19 19:19:15
500104081,16,3,11,2024-12-19 20:22:15
500104102,16,5,11,2024-12-19 21:09:15
500108029,16,5,11,2024-12-19 19:27:15
500108112,16,4,11,2024-12-19 19:49:15
500108129,16,5,11,2024-12-19 17:28:15
500108150,16,5,11,2024-12-19 19:05:16
500112114,16,5,11,2024-12-19 20:47:15
500101005,16,4,12,2024-12-19 18:37:15
500101143,16,4,12,2024-12-19 17:47:16
500104006,16,4,12,2024-12-19 20:09:15
500107025,16,4,12,2024-12-19 20:48:15
500107103,16,4,12,2024-12-19 20:37:16
500107103,16,4,12,2024-12-19 19:04:15
500107128,16,4,12,2024-12-19 18:07:16
500108029,16,4,12,2024-12-19 18:28:16
500108116,16,3,12,2024-12-19 19:10:17
500108136,16,4,12,2024-12-19 17:19:15
500112114,16,4,12,2024-12-19 19:03:15
500101143,16,3,13,2024-12-19 20:14:14
500101182,16,2,14,2024-12-19 18:38:16
500107117,16,2,14,2024-12-19 20:08:15
500107128,16,2,14,2024-12-19 20:56:15
500108150,16,2,14,2024-12-19 21:01:15
500108154,16,2,14,2024-12-19 18:14:15
500101005,16,1,15,2024-12-19 19:28:15
500107001,16,1,15,2024-12-19 19:03:16
500107043,16,1,15,2024-12-19 20:07:16
500107103,16,1,15,2024-12-19 19:31:15
500108129,16,1,15,2024-12-19 17:47:16
500111089,16,1,15,2024-12-19 19:37:16
500112113,16,1,15,2024-12-19 17:06:16
500105109,16,0,16,2024-12-19 18:38:16
500107043,16,0,16,2024-12-19 17:18:15
500101235,16,16,0,2024-12-19 16:58:16
500107103,16,16,0,2024-12-19 16:41:15
500107163,16,16,0,2024-12-19 13:27:16
500107049,16,14,1,2024-12-19 16:57:16
500101003,16,14,2,2024-12-19 13:17:15
500101143,16,14,2,2024-12-19 16:49:15
500111089,16,14,2,2024-12-19 15:27:15
500101143,16,13,3,2024-12-19 16:36:15
500101235,16,13,3,2024-12-19 14:56:14
500106116,16,12,3,2024-12-19 16:17:15
500111093,16,13,3,2024-12-19 15:57:15
500101009,16,12,4,2024-12-19 16:25:16
500101238,16,12,4,2024-12-19 14:49:15
500111093,16,12,4,2024-12-19 16:58:15
500101009,16,10,5,2024-12-19 13:59:15
500101143,16,11,5,2024-12-19 17:12:16
500101198,16,10,6,2024-12-19 17:12:16
500104113,16,9,6,2024-12-19 16:28:14
500108116,16,9,6,2024-12-19 17:08:16
500101009,16,9,7,2024-12-19 15:05:16
500103064,16,9,7,2024-12-19 16:48:16
500105072,16,7,9,2024-12-19 13:42:15
500107025,16,7,9,2024-12-19 16:38:14
500108091,16,7,9,2024-12-19 16:37:15
500108112,16,7,9,2024-12-19 16:57:16
500101009,16,6,10,2024-12-19 15:48:15
500101009,16,5,10,2024-12-19 13:30:16
500103064,16,5,10,2024-12-19 13:54:15
500104006,16,6,10,2024-12-19 13:16:15
500104006,16,6,10,2024-12-19 16:48:15
500104006,16,6,10,2024-12-19 14:31:15
500106130,16,5,10,2024-12-19 13:33:15
500108099,16,5,10,2024-12-19 16:08:15
500101198,16,5,11,2024-12-19 16:25:16
500104113,16,4,11,2024-12-19 14:11:15
500107128,16,5,11,2024-12-19 16:45:17
500108099,16,4,11,2024-12-19 15:09:15
500110029,16,5,11,2024-12-19 17:15:17
500104081,16,4,12,2024-12-19 13:55:16
500111064,16,4,12,2024-12-19 14:21:14
500112114,16,4,12,2024-12-19 15:33:15
500101182,16,3,13,2024-12-19 14:58:15
500104081,16,3,13,2024-12-19 16:37:15
500105109,16,3,13,2024-12-19 16:40:16
500106130,16,2,13,2024-12-19 14:33:16
500107025,16,3,13,2024-12-19 13:44:15
500107043,16,3,13,2024-12-19 13:58:15
500112114,16,3,13,2024-12-19 16:40:16
500113014,16,3,13,2024-12-19 13:17:15
500108091,16,1,14,2024-12-19 14:07:16
500108154,16,2,14,2024-12-19 14:37:14
500104113,16,0,15,2024-12-19 15:00:21
500101005,16,0,16,2024-12-19 13:17:15
500107043,16,0,16,2024-12-19 15:07:15
500108136,16,0,16,2024-12-19 13:32:16
500101202,16,1,15,2024-12-19 21:45:15
500112113,16,12,0,2024-12-19 07:57:16
500107103,16,14,2,2024-12-19 08:01:15
500101176,16,13,3,2024-12-19 05:39:15
500101182,16,13,3,2024-12-19 06:47:15
500107103,16,13,3,2024-12-19 07:27:15
500107103,16,13,3,2024-12-19 07:54:15
500111064,16,12,3,2024-12-19 06:29:14
500112113,16,12,3,2024-12-19 08:02:15
500101005,16,12,4,2024-12-19 07:27:15
500104081,16,12,4,2024-12-19 07:30:15
500106130,16,9,4,2024-12-19 07:44:15
500107049,16,11,4,2024-12-19 07:59:15
500101176,16,11,5,2024-12-19 07:31:16
500101235,16,11,5,2024-12-19 05:07:15
500103064,16,10,5,2024-12-19 06:23:15
500108112,16,11,5,2024-12-19 07:57:16
500108112,16,10,5,2024-12-19 05:32:15
500108124,16,10,5,2024-12-19 08:24:15
500108150,16,11,5,2024-12-19 07:37:15
500108154,16,11,5,2024-12-19 07:42:15
500108154,16,11,5,2024-12-19 05:57:15
500110029,16,10,5,2024-12-19 05:21:14
500111083,16,10,5,2024-12-19 04:54:15
500111083,16,10,5,2024-12-19 06:57:15
500105006,16,10,6,2024-12-19 08:37:15
500108112,16,9,6,2024-12-19 06:26:15
500108116,16,10,6,2024-12-19 08:37:15
500110029,16,10,6,2024-12-19 08:33:16
500101003,16,9,7,2024-12-19 06:21:15
500105086,16,7,7,2024-12-19 06:46:14
500107025,16,8,7,2024-12-19 05:47:15
500108091,16,8,7,2024-12-19 07:27:15
500111064,16,9,7,2024-12-19 07:55:17
500112113,16,5,7,2024-12-19 05:40:15
500107049,16,7,8,2024-12-19 06:29:15
500111089,16,8,8,2024-12-19 08:34:15
500103042,16,7,9,2024-12-19 08:24:15
500103064,16,6,9,2024-12-19 08:36:15
500104113,16,7,9,2024-12-19 08:55:16
500103007,16,6,10,2024-12-19 08:50:16
500103042,16,6,10,2024-12-19 06:09:14
500106116,16,5,10,2024-12-19 07:56:15
500101003,16,5,11,2024-12-19 06:55:15
500103007,16,3,11,2024-12-19 07:11:15
500103042,16,5,11,2024-12-19 07:07:15
500104081,16,5,11,2024-12-19 08:42:15
500107025,16,4,11,2024-12-19 06:36:14
500107043,16,5,11,2024-12-19 08:13:15
500107163,16,5,11,2024-12-19 08:28:15
500104113,16,4,12,2024-12-19 08:15:16
500105072,16,4,12,2024-12-19 05:50:15
500107128,16,3,12,2024-12-19 08:01:15
500108124,16,3,12,2024-12-19 07:47:15
500101198,16,3,13,2024-12-19 07:45:16
500101235,16,3,13,2024-12-19 08:56:15
500103042,16,3,13,2024-12-19 07:30:16
500107025,16,2,13,2024-12-19 08:02:15
500107128,16,2,13,2024-12-19 07:34:14
500101202,16,2,14,2024-12-19 05:42:15
500105109,16,2,14,2024-12-19 08:17:15
500107110,16,2,14,2024-12-19 08:52:15
500108105,16,2,14,2024-12-19 08:17:15
500108116,16,2,14,2024-12-19 06:40:16
500101003,16,1,15,2024-12-19 07:43:15
500101200,16,0,15,2024-12-19 08:16:15
500105109,16,1,15,2024-12-19 08:01:17
500106122,16,1,15,2024-12-19 07:52:15
500109105,16,1,15,2024-12-19 08:10:17
500112113,16,0,15,2024-12-19 08:36:15
500101198,16,0,16,2024-12-19 08:17:15
500107128,16,15,1,2024-12-19 00:56:15
500103064,16,6,10,2024-12-19 23:57:15
500108029,16,8,8,2024-12-19 21:54:15
500104113,16,6,6,2024-12-19 23:30:16
500101202,16,6,10,2024-12-19 23:36:15
500104102,16,10,6,2024-12-19 23:19:15
500108175,16,4,12,2024-12-19 01:02:15
500107103,16,6,10,2024-12-19 00:55:16
500103064,16,7,9,2024-12-19 00:56:14
500106116,16,9,6,2024-12-19 01:12:15
500110029,16,11,4,2024-12-19 00:30:16
500104102,16,13,3,2024-12-19 00:21:15
500104113,16,6,7,2024-12-19 23:14:15
500101238,16,11,5,2024-12-19 22:10:17
500106116,16,12,2,2024-12-19 23:11:14
500103064,16,14,2,2024-12-19 23:14:15
500101200,16,1,14,2024-12-19 22:39:15
500111089,16,2,14,2024-12-19 21:51:15
500104079,16,3,11,2024-12-19 22:33:15
500101005,16,6,10,2024-12-19 22:38:14
500105006,16,6,10,2024-12-19 22:35:16
500106116,16,12,2,2024-12-19 22:16:15
500108129,16,13,3,2024-12-19 20:52:15
500106116,16,7,7,2024-12-19 21:39:15
500107049,16,8,7,2024-12-19 21:33:16
500101003,16,7,9,2024-12-19 02:01:16
500111093,16,1,14,2024-12-19 03:49:14
500107026,16,12,4,2024-12-19 03:24:15
500104113,16,2,11,2024-12-19 21:57:15
500105109,16,3,13,2024-12-19 21:41:15
500110029,16,7,8,2024-12-19 22:09:15
500101198,16,12,4,2024-12-19 22:09:15
500108099,16,8,8,2024-12-19 21:56:15
500101238,16,11,5,2024-12-19 21:54:15
500101182,16,4,12,2024-12-19 03:15:15
500107026,16,9,7,2024-12-19 23:57:15
500108154,16,3,13,2024-12-19 01:04:14
500108136,16,5,11,2024-12-19 00:47:15
500109052,16,11,5,2024-12-19 02:11:15
500104006,16,3,8,2024-12-19 22:42:15
500101198,16,12,4,2024-12-19 22:47:15
500103042,16,6,10,2024-12-19 04:30:15
500107103,16,7,9,2024-12-19 23:06:15
500107001,16,4,12,2024-12-19 22:12:15
500101003,16,7,9,2024-12-19 22:11:15
500105109,16,1,15,2024-12-19 04:40:15
500101009,16,8,8,2024-12-19 23:26:15
500101143,16,16,0,2024-12-19 10:28:16
500101202,16,16,0,2024-12-19 09:06:17
500105086,16,15,0,2024-12-19 13:05:16
500107043,16,16,0,2024-12-19 10:17:16
500108029,16,15,0,2024-12-19 11:10:18
500101182,16,15,1,2024-12-19 09:09:15
500101202,16,15,1,2024-12-19 09:46:15
500108029,16,14,1,2024-12-19 10:19:16
500111092,16,15,1,2024-12-19 08:57:15
500101202,16,14,2,2024-12-19 10:36:14
500108116,16,14,2,2024-12-19 09:08:14
500108116,16,14,2,2024-12-19 09:47:15
500101198,16,13,3,2024-12-19 12:35:16
500105006,16,13,3,2024-12-19 09:24:14
500108150,16,13,3,2024-12-19 12:11:16
500111089,16,13,3,2024-12-19 12:17:15
500106130,16,11,4,2024-12-19 11:23:15
500111089,16,12,4,2024-12-19 12:27:15
500111093,16,12,4,2024-12-19 09:08:15
500111083,16,10,5,2024-12-19 11:57:15
500101238,16,10,6,2024-12-19 10:05:16
500107049,16,9,6,2024-12-19 12:10:16
500101003,16,9,7,2024-12-19 10:02:14
500101182,16,9,7,2024-12-19 09:54:15
500101198,16,9,7,2024-12-19 11:58:16
500109096,16,9,7,2024-12-19 11:09:15
500103042,16,7,8,2024-12-19 10:45:16
500104102,16,8,8,2024-12-19 10:04:16
500107025,16,8,8,2024-12-19 12:08:15
500111083,16,7,8,2024-12-19 09:25:16
500101200,16,7,9,2024-12-19 12:48:15
500101235,16,7,9,2024-12-19 09:25:16
500103042,16,6,9,2024-12-19 09:47:15
500106116,16,6,9,2024-12-19 13:00:17
500107025,16,6,9,2024-12-19 09:47:15
500108112,16,7,9,2024-12-19 09:23:15
500108154,16,7,9,2024-12-19 09:05:16
500109096,16,7,9,2024-12-19 13:03:14
500103064,16,5,10,2024-12-19 12:48:14
500104006,16,6,10,2024-12-19 12:48:15
500107117,16,6,10,2024-12-19 10:58:16
500113014,16,6,10,2024-12-19 09:21:15
500101003,16,5,11,2024-12-19 12:16:15
500101009,16,4,11,2024-12-19 12:58:15
500101176,16,5,11,2024-12-19 12:17:16
500101198,16,5,11,2024-12-19 09:56:16
500103007,16,5,11,2024-12-19 12:21:15
500104113,16,4,11,2024-12-19 12:17:16
500104113,16,5,11,2024-12-19 10:38:15
500104113,16,5,11,2024-12-19 10:44:16
500106122,16,5,11,2024-12-19 10:04:15
500107117,16,5,11,2024-12-19 10:22:16
500107163,16,5,11,2024-12-19 10:05:15
500108129,16,5,11,2024-12-19 10:37:15
500101176,16,4,12,2024-12-19 11:33:16
500103064,16,3,12,2024-12-19 09:33:15
500104079,16,4,12,2024-12-19 10:54:15
500104081,16,4,12,2024-12-19 12:07:16
500104081,16,4,12,2024-12-19 10:56:14
500104113,16,3,12,2024-12-19 11:47:16
500106122,16,4,12,2024-12-19 10:43:15
500107163,16,4,12,2024-12-19 09:07:15
500111064,16,4,12,2024-12-19 08:57:15
500112113,16,3,12,2024-12-19 13:03:15
500113014,16,4,12,2024-12-19 09:38:14
500113014,16,4,12,2024-12-19 10:43:16
500101005,16,3,13,2024-12-19 12:27:15
500103064,16,2,13,2024-12-19 12:17:16
500104081,16,3,13,2024-12-19 11:27:15
500105109,16,3,13,2024-12-19 10:10:16
500107001,16,3,13,2024-12-19 11:27:15
500110029,16,3,13,2024-12-19 11:18:16
500107001,16,2,14,2024-12-19 12:42:15
500107025,16,1,14,2024-12-19 09:26:15
500108069,16,2,14,2024-12-19 09:05:15
500108091,16,1,14,2024-12-19 10:11:15
500109074,16,2,14,2024-12-19 10:52:15
500110029,16,2,14,2024-12-19 09:06:15
500110029,16,2,14,2024-12-19 10:02:15
500104113,16,1,15,2024-12-19 10:20:16
500107110,16,1,15,2024-12-19 13:05:16
500108105,16,1,15,2024-12-19 12:18:15
500108154,16,1,15,2024-12-19 10:47:16
500112114,16,1,15,2024-12-19 11:46:14
500108154,16,0,16,2024-12-19 11:45:16
500108154,16,6,10,2024-12-19 04:17:15
500105086,16,15,0,2024-12-19 17:58:16
500106130,16,15,0,2024-12-19 18:27:18
500101202,16,15,1,2024-12-19 18:01:16
500107110,16,15,1,2024-12-19 18:43:15
500110029,16,15,1,2024-12-19 20:56:15
500107163,16,14,2,2024-12-19 20:38:15
500108099,16,14,2,2024-12-19 18:13:16
500106122,16,13,3,2024-12-19 20:21:15
500109105,16,13,3,2024-12-19 19:28:15
500101198,16,12,4,2024-12-19 19:57:15
500101198,16,12,4,2024-12-19 21:18:15
500106130,16,11,4,2024-12-19 18:08:16
500107110,16,12,4,2024-12-19 18:15:17
500107163,16,12,4,2024-12-19 18:05:16
500109103,16,12,4,2024-12-19 18:11:16
500109105,16,12,4,2024-12-19 19:18:15
500109105,16,12,4,2024-12-19 18:09:16
500111092,16,12,4,2024-12-19 17:19:15
500101003,16,11,5,2024-12-19 18:29:16
500105086,16,8,5,2024-12-19 19:59:16
500105086,16,10,5,2024-12-19 17:35:16
500105086,16,8,5,2024-12-19 18:34:15
500111083,16,11,5,2024-12-19 17:05:16
500112113,16,11,5,2024-12-19 19:23:15
500101003,16,10,6,2024-12-19 17:59:15
500105038,16,9,6,2024-12-19 17:57:15
500107025,16,10,6,2024-12-19 17:59:15
500108100,16,10,6,2024-12-19 18:28:16
500108136,16,10,6,2024-12-19 18:46:15
500103064,16,9,7,2024-12-19 17:11:16
500106116,16,8,7,2024-12-19 20:13:15
500109105,16,9,7,2024-12-19 16:48:16
500112113,16,9,7,2024-12-19 19:16:15
500113014,16,9,7,2024-12-19 21:05:16
500101235,16,8,8,2024-12-19 18:04:15
500103007,16,8,8,2024-12-19 19:28:14
500103064,16,8,8,2024-12-19 20:11:16
500103064,16,8,8,2024-12-19 20:59:15
500105006,16,8,8,2024-12-19 19:36:15
500105006,16,8,8,2024-12-19 20:56:15
500106116,16,7,8,2024-12-19 17:46:15
500107128,16,8,8,2024-12-19 18:48:15
500108116,16,8,8,2024-12-19 20:17:15
500108129,16,8,8,2024-12-19 18:42:15
500108136,16,8,8,2024-12-19 19:15:16
500104081,16,7,9,2024-12-19 19:26:15
500105072,16,7,9,2024-12-19 18:35:16
500106122,16,7,9,2024-12-19 18:27:15
500106130,16,3,9,2024-12-19 19:00:20
500107025,16,7,9,2024-12-19 19:20:17
500108029,16,7,9,2024-12-19 20:51:16
500110029,16,7,9,2024-12-19 19:52:16
500111093,16,7,9,2024-12-19 21:20:16
500112114,16,7,9,2024-12-19 20:11:16
500103042,16,6,10,2024-12-19 17:56:16
500104079,16,6,10,2024-12-19 18:04:16
500104102,16,6,10,2024-12-19 18:55:16
500105072,16,6,10,2024-12-19 18:54:15
500105072,16,6,10,2024-12-19 18:45:16
500106130,16,2,10,2024-12-19 19:33:15
500108029,16,6,10,2024-12-19 20:38:15
500108154,16,6,10,2024-12-19 20:23:15
500108154,16,6,10,2024-12-19 21:08:15
500101202,16,5,11,2024-12-19 18:29:16
500103042,16,5,11,2024-12-19 21:17:15
500104081,16,5,11,2024-12-19 18:01:16
500106116,16,4,11,2024-12-19 19:09:15
500107025,16,5,11,2024-12-19 20:38:15
500107025,16,5,11,2024-12-19 20:57:16
500101003,16,4,12,2024-12-19 20:52:14
500101143,16,4,12,2024-12-19 17:38:16
500103042,16,4,12,2024-12-19 20:49:15
500104113,16,1,12,2024-12-19 18:26:16
500107103,16,4,12,2024-12-19 19:57:15
500108029,16,4,12,2024-12-19 17:56:16
500108029,16,4,12,2024-12-19 19:04:15
500108099,16,4,12,2024-12-19 18:29:15
500108150,16,4,12,2024-12-19 17:36:15
500109096,16,4,12,2024-12-19 18:27:15
500112113,16,0,12,2024-12-19 19:55:16
500104079,16,3,13,2024-12-19 18:58:16
500107103,16,3,13,2024-12-19 19:17:15
500107103,16,3,13,2024-12-19 19:42:15
500107103,16,3,13,2024-12-19 18:32:16
500108154,16,3,13,2024-12-19 18:27:15
500112113,16,3,13,2024-12-19 18:07:16
500101143,16,2,14,2024-12-19 20:00:17
500101202,16,2,14,2024-12-19 17:25:16
500107043,16,2,14,2024-12-19 18:22:15
500108129,16,2,14,2024-12-19 17:57:15
500108154,16,2,14,2024-12-19 17:37:16
500109052,16,2,14,2024-12-19 20:58:14
500110029,16,2,14,2024-12-19 18:35:16
500101005,16,1,15,2024-12-19 20:16:17
500101005,16,1,15,2024-12-19 19:05:16
500101005,16,1,15,2024-12-19 19:48:15
500101182,16,1,15,2024-12-19 20:27:15
500101182,16,1,15,2024-12-19 17:48:16
500105109,16,1,15,2024-12-19 19:59:17
500105109,16,1,15,2024-12-19 20:52:15
500108150,16,1,15,2024-12-19 20:09:15
500108150,16,1,15,2024-12-19 17:45:16
500110029,16,1,15,2024-12-19 18:07:15
500112114,16,1,15,2024-12-19 18:37:15
500101005,16,0,16,2024-12-19 17:48:15
500101005,16,0,16,2024-12-19 19:18:16
500101143,16,0,16,2024-12-19 18:47:16
500101182,16,0,16,2024-12-19 17:54:15
500101182,16,0,16,2024-12-19 18:11:15
500105109,16,0,16,2024-12-19 20:23:16
500105109,16,0,16,2024-12-19 18:18:16
500107001,16,0,16,2024-12-19 18:37:15
500107043,16,0,16,2024-12-19 20:23:16
500109052,16,0,16,2024-12-19 20:30:20
500112114,16,0,16,2024-12-19 18:18:16
500101198,16,15,1,2024-12-19 13:32:16
500107103,16,14,2,2024-12-19 14:18:15
500101238,16,13,3,2024-12-19 14:42:15
500108150,16,13,3,2024-12-19 15:09:15
500109105,16,13,3,2024-12-19 13:40:16
500111093,16,12,4,2024-12-19 17:18:16
500101009,16,11,5,2024-12-19 16:34:15
500101009,16,11,5,2024-12-19 16:44:15
500101009,16,11,5,2024-12-19 16:57:16
500101200,16,11,5,2024-12-19 16:57:16
500107163,16,11,5,2024-12-19 17:17:16
500107163,16,11,5,2024-12-19 14:38:15
500108116,16,10,5,2024-12-19 16:48:16
500101003,16,10,6,2024-12-19 15:55:16
500105006,16,10,6,2024-12-19 13:11:15
500107163,16,10,6,2024-12-19 16:20:17
500103064,16,9,7,2024-12-19 16:31:15
500108129,16,9,7,2024-12-19 15:49:15
500101009,16,8,8,2024-12-19 15:58:15
500101198,16,8,8,2024-12-19 17:08:15
500105086,16,7,8,2024-12-19 17:00:17
500107001,16,8,8,2024-12-19 16:56:15
500108091,16,6,9,2024-12-19 14:36:16
500108124,16,7,9,2024-12-19 16:10:16
500101198,16,6,10,2024-12-19 13:44:15
500103064,16,6,10,2024-12-19 14:33:16
500107001,16,6,10,2024-12-19 16:36:15
500108136,16,6,10,2024-12-19 16:56:15
500103042,16,5,11,2024-12-19 14:48:15
500104081,16,5,11,2024-12-19 13:22:15
500107025,16,5,11,2024-12-19 14:58:15
500113014,16,5,11,2024-12-19 16:38:15
500101182,16,4,12,2024-12-19 13:11:15
500104081,16,4,12,2024-12-19 16:59:15
500107001,16,4,12,2024-12-19 16:17:15
500107043,16,4,12,2024-12-19 16:45:17
500107117,16,4,12,2024-12-19 16:08:16
500108112,16,4,12,2024-12-19 16:10:16
500113014,16,4,12,2024-12-19 16:00:17
500113014,16,4,12,2024-12-19 14:44:15
500101182,16,3,13,2024-12-19 15:19:15
500104081,16,3,13,2024-12-19 14:37:14
500110029,16,3,13,2024-12-19 16:27:16
500106122,16,2,14,2024-12-19 16:41:14
500106130,16,1,14,2024-12-19 16:10:16
500108136,16,2,14,2024-12-19 14:53:14
500101005,16,1,15,2024-12-19 13:27:15
500103042,16,1,15,2024-12-19 16:57:16
500104102,16,1,15,2024-12-19 16:40:16
500104113,16,0,15,2024-12-19 14:58:15
500110029,16,1,15,2024-12-19 16:34:16
500110029,16,1,15,2024-12-19 14:18:15
500112113,16,0,16,2024-12-19 16:38:16
500104081,16,2,11,2024-12-19 21:47:15
500105072,16,2,14,2024-12-19 21:44:15
500106116,16,8,6,2024-12-19 21:48:16
500107110,16,8,8,2024-12-19 21:49:15
500101202,16,15,1,2024-12-19 07:55:16
500104006,16,15,1,2024-12-19 07:23:14
500101182,16,14,2,2024-12-19 07:06:15
500104102,16,14,2,2024-12-19 07:13:15
500104102,16,14,2,2024-12-19 07:27:15
500104102,16,14,2,2024-12-19 08:00:16
500107128,16,13,2,2024-12-19 08:56:16
500108029,16,13,2,2024-12-19 07:37:15
500108091,16,12,3,2024-12-19 05:47:15
500108116,16,13,3,2024-12-19 08:57:15
500105086,16,11,4,2024-12-19 08:36:15
500107110,16,12,4,2024-12-19 06:56:15
500107117,16,12,4,2024-12-19 08:17:15
500108154,16,12,4,2024-12-19 08:01:15
500103007,16,9,5,2024-12-19 06:12:15
500105038,16,11,5,2024-12-19 08:02:15
500107043,16,10,5,2024-12-19 07:15:16
500103007,16,8,6,2024-12-19 06:18:14
500104081,16,10,6,2024-12-19 07:44:15
500105086,16,9,6,2024-12-19 07:57:16
500110029,16,9,6,2024-12-19 05:48:14
500111083,16,9,6,2024-12-19 06:52:15
500111089,16,10,6,2024-12-19 08:16:14
500105006,16,9,7,2024-12-19 06:04:14
500107025,16,8,7,2024-12-19 05:28:14
500108105,16,9,7,2024-12-19 06:37:15
500109052,16,9,7,2024-12-19 07:35:16
500104079,16,8,8,2024-12-19 08:01:15
500106116,16,7,8,2024-12-19 05:50:15
500101009,16,6,9,2024-12-19 07:04:15
500101235,16,7,9,2024-12-19 07:12:15
500107103,16,7,9,2024-12-19 05:36:15
500107163,16,7,9,2024-12-19 08:46:15
500108136,16,7,9,2024-12-19 06:32:15
500109105,16,7,9,2024-12-19 05:44:15
500111092,16,7,9,2024-12-19 05:26:15
500113014,16,7,9,2024-12-19 07:53:16
500101009,16,5,10,2024-12-19 07:19:16
500104079,16,6,10,2024-12-19 08:25:16
500106116,16,5,10,2024-12-19 06:37:15
500107110,16,6,10,2024-12-19 07:57:16
500107128,16,5,10,2024-12-19 08:25:16
500108091,16,5,10,2024-12-19 08:14:15
500108112,16,5,10,2024-12-19 07:15:17
500113014,16,6,10,2024-12-19 08:34:15
500101200,16,4,11,2024-12-19 07:17:14
500105072,16,5,11,2024-12-19 08:20:16
500108091,16,4,11,2024-12-19 08:25:16
500108091,16,4,11,2024-12-19 08:47:15
500109052,16,5,11,2024-12-19 07:44:15
500110029,16,4,11,2024-12-19 07:57:16
500103007,16,2,12,2024-12-19 07:18:15
500105086,16,2,12,2024-12-19 07:32:15
500108136,16,4,12,2024-12-19 07:57:16
500101198,16,3,13,2024-12-19 08:56:16
500101200,16,2,13,2024-12-19 08:43:15
500107043,16,3,13,2024-12-19 07:57:16
500108116,16,3,13,2024-12-19 06:29:15
500111093,16,3,13,2024-12-19 08:11:16
500103007,16,0,14,2024-12-19 07:57:16
500107163,16,2,14,2024-12-19 06:46:15
500108129,16,2,14,2024-12-19 08:11:16
500111089,16,2,14,2024-12-19 06:18:15
500107025,16,0,15,2024-12-19 07:44:16
500107026,16,1,15,2024-12-19 07:47:15
500107128,16,0,15,2024-12-19 06:17:14
500108129,16,1,15,2024-12-19 06:56:15
500108136,16,1,15,2024-12-19 07:17:14
500105109,16,0,16,2024-12-19 07:45:16
500106122,16,0,16,2024-12-19 08:37:16
500101003,16,8,8,2024-12-19 00:14:14
500107110,16,14,2,2024-12-19 00:14:14
500112113,16,7,6,2024-12-19 00:13:15
500108124,16,4,12,2024-12-19 23:52:14
500108116,16,6,10,2024-12-19 22:43:15
500111092,16,12,4,2024-12-19 20:50:16
500108112,16,8,7,2024-12-19 22:22:15
500104006,16,10,2,2024-12-19 23:28:16
500107128,16,3,13,2024-12-19 01:09:14
500104081,16,6,8,2024-12-19 00:32:15
500107001,16,6,10,2024-12-19 00:31:14
500104006,16,7,5,2024-12-19 01:10:16
500109074,16,7,7,2024-12-19 00:38:14
500103042,16,1,15,2024-12-19 22:16:15
500101009,16,7,9,2024-12-19 23:13:14
500112113,16,10,2,2024-12-19 23:11:14
500107025,16,9,7,2024-12-19 22:33:15
500112114,16,9,7,2024-12-19 22:33:15
500110029,16,3,12,2024-12-19 21:32:15
500111093,16,8,8,2024-12-19 21:34:15
500108136,16,9,7,2024-12-19 21:39:15
500105102,16,10,6,2024-12-19 21:30:16
500104113,16,7,4,2024-12-19 03:07:15
500101235,16,12,4,2024-12-19 02:23:15
500105109,16,2,14,2024-12-19 04:00:18
500107110,16,3,13,2024-12-19 22:09:15
500109052,16,3,13,2024-12-19 21:55:16
500101003,16,6,10,2024-12-19 22:06:15
500101235,16,9,7,2024-12-19 21:58:15
500101009,16,5,11,2024-12-19 21:59:15
500108136,16,10,6,2024-12-19 21:50:17
500107128,16,1,15,2024-12-19 03:24:15
500104079,16,5,9,2024-12-19 23:57:15
500109103,16,10,5,2024-12-19 04:28:15
500101009,16,6,10,2024-12-19 23:02:14
500112113,16,6,6,2024-12-19 22:10:17
500107110,16,3,13,2024-12-19 22:57:15
500101182,16,4,12,2024-12-19 23:24:14
500101198,16,14,2,2024-12-19 23:22:15
500108116,16,15,1,2024-12-19 10:03:15
500111092,16,15,1,2024-12-19 09:32:15
500101235,16,14,2,2024-12-19 11:40:17
500101235,16,14,2,2024-12-19 10:16:15
500101235,16,14,2,2024-12-19 11:28:16
500107103,16,14,2,2024-12-19 12:07:16
500111093,16,14,2,2024-12-19 12:19:16
500101005,16,13,3,2024-12-19 09:45:15
500105006,16,13,3,2024-12-19 10:37:16
500106130,16,12,3,2024-12-19 12:14:16
500107163,16,13,3,2024-12-19 12:25:16
500108116,16,13,3,2024-12-19 09:24:15
500109105,16,13,3,2024-12-19 10:52:15
500101143,16,12,4,2024-12-19 12:32:16
500101143,16,12,4,2024-12-19 12:12:15
500107103,16,12,4,2024-12-19 12:17:16
500107103,16,12,4,2024-12-19 11:28:16
500111089,16,12,4,2024-12-19 11:26:14
500111089,16,12,4,2024-12-19 11:56:16
500101182,16,11,5,2024-12-19 10:47:16
500101238,16,11,5,2024-12-19 10:46:15
500104102,16,11,5,2024-12-19 12:19:16
500106130,16,10,5,2024-12-19 12:41:15
500106130,16,9,5,2024-12-19 08:58:15
500111093,16,11,5,2024-12-19 09:15:15
500101003,16,10,6,2024-12-19 10:35:16
500101005,16,10,6,2024-12-19 09:05:16
500101143,16,10,6,2024-12-19 09:45:15
500104102,16,10,6,2024-12-19 11:53:16
500106130,16,9,6,2024-12-19 10:43:15
500105038,16,8,7,2024-12-19 11:35:17
500107026,16,9,7,2024-12-19 12:54:15
500107049,16,8,7,2024-12-19 12:24:15
500109096,16,9,7,2024-12-19 10:05:16
500101202,16,8,8,2024-12-19 12:06:16
500103007,16,8,8,2024-12-19 09:37:15
500103007,16,8,8,2024-12-19 10:06:15
500103042,16,8,8,2024-12-19 11:06:15
500107026,16,8,8,2024-12-19 11:27:15
500103042,16,7,9,2024-12-19 10:58:16
500109096,16,7,9,2024-12-19 09:46:16
500103007,16,6,10,2024-12-19 11:50:16
500104079,16,6,10,2024-12-19 09:02:15
500112113,16,5,10,2024-12-19 11:23:15
500101003,16,5,11,2024-12-19 09:07:15
500101200,16,5,11,2024-12-19 10:02:15
500101202,16,5,11,2024-12-19 12:33:15
500103042,16,4,11,2024-12-19 10:05:16
500104113,16,5,11,2024-12-19 09:07:15
500104113,16,5,11,2024-12-19 09:45:15
500104113,16,4,11,2024-12-19 11:51:16
500107117,16,5,11,2024-12-19 09:46:16
500107163,16,5,11,2024-12-19 11:17:15
500108105,16,5,11,2024-12-19 09:46:15
500101176,16,4,12,2024-12-19 10:40:16
500104006,16,4,12,2024-12-19 09:05:16
500104006,16,4,12,2024-12-19 11:38:14
500107001,16,4,12,2024-12-19 11:39:15
500107025,16,4,12,2024-12-19 11:54:15
500107025,16,4,12,2024-12-19 10:40:16
500108112,16,4,12,2024-12-19 08:58:15
500109096,16,4,12,2024-12-19 09:05:16
500113014,16,4,12,2024-12-19 11:08:15
500101176,16,3,13,2024-12-19 11:00:18
500103064,16,2,13,2024-12-19 10:22:16
500107110,16,3,13,2024-12-19 12:22:16
500107128,16,2,13,2024-12-19 11:53:16
500108091,16,2,13,2024-12-19 09:04:15
500108112,16,3,13,2024-12-19 11:55:17
500108136,16,3,13,2024-12-19 11:38:15
500113014,16,3,13,2024-12-19 11:13:15
500101005,16,2,14,2024-12-19 12:36:15
500101009,16,1,14,2024-12-19 11:21:15
500103042,16,2,14,2024-12-19 11:49:16
500109052,16,2,14,2024-12-19 09:05:16
500101198,16,1,15,2024-12-19 09:07:15
500107001,16,1,15,2024-12-19 09:06:15
500107043,16,1,15,2024-12-19 12:18:15
500107117,16,1,15,2024-12-19 12:28:15
500108091,16,0,15,2024-12-19 10:03:17
500108129,16,1,15,2024-12-19 09:55:16
500109052,16,1,15,2024-12-19 10:15:15
500109074,16,1,15,2024-12-19 09:26:15
500110029,16,1,15,2024-12-19 11:59:15
500110029,16,1,15,2024-12-19 09:50:16
500112114,16,1,15,2024-12-19 09:09:16
500107110,16,0,16,2024-12-19 09:00:20
500108105,16,0,16,2024-12-19 12:30:18
500108136,16,0,16,2024-12-19 10:07:15
500109052,16,0,16,2024-12-19 12:40:18
500110029,16,0,16,2024-12-19 11:37:15
500101238,16,16,0,2024-12-19 19:24:16
500107163,16,16,0,2024-12-19 21:01:21
500101198,16,15,1,2024-12-19 19:44:15
500101200,16,12,2,2024-12-19 20:12:14
500107049,16,13,2,2024-12-19 19:00:18
500109105,16,14,2,2024-12-19 18:56:15
500101198,16,13,3,2024-12-19 20:56:15
500105086,16,10,3,2024-12-19 18:52:15
500107163,16,13,3,2024-12-19 19:58:15
500110029,16,13,3,2024-12-19 20:48:15
500104006,16,12,4,2024-12-19 19:12:15
500104113,16,11,4,2024-12-19 17:59:15
500105086,16,7,4,2024-12-19 20:04:16
500107025,16,12,4,2024-12-19 18:16:16
500108150,16,12,4,2024-12-19 18:35:16
500113014,16,12,4,2024-12-19 18:29:16
500107110,16,11,5,2024-12-19 17:55:17
500107163,16,11,5,2024-12-19 19:26:15
500108105,16,11,5,2024-12-19 19:47:15
500108136,16,11,5,2024-12-19 20:29:15
500110029,16,11,5,2024-12-19 20:32:14
500101009,16,10,6,2024-12-19 20:09:15
500101202,16,10,6,2024-12-19 18:16:16
500101238,16,10,6,2024-12-19 17:45:15
500106122,16,10,6,2024-12-19 18:54:14
500107110,16,10,6,2024-12-19 20:08:15
500107110,16,10,6,2024-12-19 20:32:15
500108124,16,10,6,2024-12-19 18:05:16
500101003,16,9,7,2024-12-19 18:47:15
500101198,16,9,7,2024-12-19 17:37:16
500105038,16,8,7,2024-12-19 19:26:15
500107049,16,8,7,2024-12-19 17:24:16
500107103,16,9,7,2024-12-19 17:48:15
500107163,16,9,7,2024-12-19 19:19:15
500109105,16,9,7,2024-12-19 21:18:15
500103064,16,8,8,2024-12-19 20:23:15
500104006,16,8,8,2024-12-19 17:33:16
500104113,16,5,8,2024-12-19 19:07:15
500104113,16,5,8,2024-12-19 21:09:16
500108099,16,8,8,2024-12-19 19:27:15
500112113,16,4,8,2024-12-19 21:06:14
500112114,16,8,8,2024-12-19 20:07:15
500101003,16,7,9,2024-12-19 18:56:15
500104081,16,5,9,2024-12-19 20:46:16
500104102,16,7,9,2024-12-19 19:57:15
500104102,16,7,9,2024-12-19 20:48:15
500104113,16,4,9,2024-12-19 20:46:15
500101143,16,6,10,2024-12-19 20:39:16
500101143,16,6,10,2024-12-19 17:28:15
500101143,16,6,10,2024-12-19 21:08:15
500101176,16,6,10,2024-12-19 20:49:15
500101202,16,6,10,2024-12-19 18:45:15
500106116,16,5,10,2024-12-19 19:26:15
500107001,16,6,10,2024-12-19 20:52:15
500107025,16,6,10,2024-12-19 19:19:15
500112113,16,2,10,2024-12-19 20:27:15
500112113,16,6,10,2024-12-19 19:07:15
500112114,16,6,10,2024-12-19 20:32:15
500101143,16,5,11,2024-12-19 18:08:16
500101176,16,5,11,2024-12-19 17:41:16
500101202,16,5,11,2024-12-19 21:04:15
500103007,16,5,11,2024-12-19 17:56:16
500103042,16,5,11,2024-12-19 20:39:16
500107117,16,5,11,2024-12-19 18:48:15
500107128,16,5,11,2024-12-19 21:19:15
500108010,16,4,11,2024-12-19 19:47:15
500108091,16,5,11,2024-12-19 18:31:15
500108099,16,5,11,2024-12-19 18:35:16
500101005,16,4,12,2024-12-19 17:28:15
500101182,16,4,12,2024-12-19 18:29:16
500103042,16,4,12,2024-12-19 21:20:16
500106130,16,3,12,2024-12-19 18:58:16
500107117,16,4,12,2024-12-19 19:23:15
500107128,16,4,12,2024-12-19 19:48:14
500108029,16,4,12,2024-12-19 18:54:15
500108136,16,4,12,2024-12-19 17:58:16
500112113,16,4,12,2024-12-19 18:48:15
500101003,16,3,13,2024-12-19 20:31:15
500101235,16,3,13,2024-12-19 18:38:16
500103007,16,3,13,2024-12-19 19:01:15
500107026,16,3,13,2024-12-19 19:17:15
500107103,16,3,13,2024-12-19 20:24:15
500108010,16,2,13,2024-12-19 18:14:15
500101202,16,2,14,2024-12-19 20:16:15
500101235,16,2,14,2024-12-19 18:44:16
500107026,16,2,14,2024-12-19 20:34:15
500108010,16,1,14,2024-12-19 18:34:16
500108112,16,1,14,2024-12-19 18:37:15
500108116,16,1,14,2024-12-19 19:37:16
500110029,16,2,14,2024-12-19 18:46:15
500101182,16,1,15,2024-12-19 20:46:16
500108010,16,0,15,2024-12-19 18:29:15
500108099,16,1,15,2024-12-19 19:56:15
500108154,16,1,15,2024-12-19 17:48:15
500109052,16,1,15,2024-12-19 20:06:15
500101143,16,0,16,2024-12-19 19:07:16
500101143,16,0,16,2024-12-19 18:49:15
500101182,16,0,16,2024-12-19 19:18:16
500101182,16,0,16,2024-12-19 18:48:16
500107043,16,0,16,2024-12-19 19:42:15
500108154,16,0,16,2024-12-19 19:08:16
500111089,16,0,16,2024-12-19 20:11:15
500107049,16,15,0,2024-12-19 16:42:18
500111089,16,16,0,2024-12-19 17:18:15
500107103,16,15,1,2024-12-19 16:07:15
500108150,16,15,1,2024-12-19 14:16:15
500101202,16,14,2,2024-12-19 13:16:15
500101238,16,14,2,2024-12-19 15:49:15
500111089,16,14,2,2024-12-19 16:18:16
500111093,16,14,2,2024-12-19 14:56:15
500101003,16,12,4,2024-12-19 15:16:15
500101200,16,12,4,2024-12-19 15:55:16
500101003,16,11,5,2024-12-19 16:34:16
500101200,16,11,5,2024-12-19 16:30:16
500104102,16,9,7,2024-12-19 14:15:16
500107025,16,9,7,2024-12-19 15:45:16
500104006,16,8,8,2024-12-19 17:14:16
500105102,16,8,8,2024-12-19 15:40:15
500106116,16,7,8,2024-12-19 13:22:15
500109096,16,8,8,2024-12-19 16:00:17
500111083,16,8,8,2024-12-19 14:45:15
500101198,16,7,9,2024-12-19 14:49:15
500105102,16,7,9,2024-12-19 14:58:15
500108116,16,6,9,2024-12-19 14:19:15
500108129,16,7,9,2024-12-19 17:17:16
500103042,16,6,10,2024-12-19 15:02:15
500104081,16,6,10,2024-12-19 17:15:17
500107001,16,6,10,2024-12-19 17:07:15
500107043,16,6,10,2024-12-19 15:52:16
500108029,16,4,10,2024-12-19 17:05:17
500108099,16,6,10,2024-12-19 16:34:16
500108116,16,5,10,2024-12-19 13:16:15
500103042,16,5,11,2024-12-19 17:18:16
500107117,16,5,11,2024-12-19 16:16:14
500108112,16,5,11,2024-12-19 16:23:15
500103042,16,4,12,2024-12-19 13:20:17
500105109,16,4,12,2024-12-19 16:24:15
500108010,16,3,12,2024-12-19 16:27:16
500111064,16,4,12,2024-12-19 16:44:15
500113014,16,4,12,2024-12-19 13:20:16
500107043,16,3,13,2024-12-19 14:52:16
500111064,16,3,13,2024-12-19 13:54:15
500113014,16,3,13,2024-12-19 15:09:15
500101176,16,2,14,2024-12-19 13:26:16
500101182,16,2,14,2024-12-19 15:09:15
500107043,16,2,14,2024-12-19 14:06:15
500108099,16,1,14,2024-12-19 13:12:15
500108099,16,1,14,2024-12-19 14:18:15
500108154,16,2,14,2024-12-19 17:00:17
500112113,16,2,14,2024-12-19 16:20:17
500101202,16,1,15,2024-12-19 17:15:17
500108091,16,0,15,2024-12-19 13:19:15
500109052,16,1,15,2024-12-19 15:46:16
500107043,16,0,16,2024-12-19 16:58:15
500109052,16,0,16,2024-12-19 16:03:16
500101003,16,6,10,2024-12-19 21:43:14
500107128,16,6,10,2024-12-19 21:47:15
500113014,16,8,8,2024-12-19 21:43:15
500107163,16,14,2,2024-12-19 21:44:15
500108150,16,16,0,2024-12-19 08:57:15
500101202,16,15,1,2024-12-19 08:55:16
500104006,16,15,1,2024-12-19 07:37:15
500108029,16,14,1,2024-12-19 07:27:15
500101005,16,14,2,2024-12-19 07:11:15
500101182,16,14,2,2024-12-19 05:42:15
500107110,16,14,2,2024-12-19 06:42:15
500104081,16,13,3,2024-12-19 07:22:15
500107026,16,13,3,2024-12-19 08:35:16
500108099,16,11,3,2024-12-19 05:38:14
500108112,16,13,3,2024-12-19 07:44:16
500111064,16,12,3,2024-12-19 07:05:15
500101005,16,12,4,2024-12-19 06:56:15
500101202,16,12,4,2024-12-19 08:47:15
500106130,16,10,4,2024-12-19 08:56:16
500107049,16,11,4,2024-12-19 08:24:15
500107049,16,11,4,2024-12-19 08:35:15
500108029,16,11,4,2024-12-19 06:43:15
500108100,16,12,4,2024-12-19 05:38:14
500104079,16,9,5,2024-12-19 06:45:16
500106130,16,8,5,2024-12-19 07:51:15
500107026,16,11,5,2024-12-19 08:44:16
500108154,16,11,5,2024-12-19 08:56:16
500104006,16,10,6,2024-12-19 07:56:15
500108091,16,9,6,2024-12-19 07:36:15
500108112,16,10,6,2024-12-19 08:36:15
500113014,16,10,6,2024-12-19 06:43:15
500104081,16,9,7,2024-12-19 08:15:16
500104081,16,8,7,2024-12-19 06:20:15
500106116,16,8,7,2024-12-19 05:16:14
500108010,16,8,7,2024-12-19 05:24:14
500108154,16,9,7,2024-12-19 08:37:15
500111089,16,9,7,2024-12-19 07:24:15
500107043,16,8,8,2024-12-19 08:42:15
500108010,16,7,8,2024-12-19 07:23:15
500108099,16,6,8,2024-12-19 06:22:14
500108124,16,7,8,2024-12-19 06:54:16
500108154,16,8,8,2024-12-19 07:13:15
500111064,16,8,8,2024-12-19 08:00:17
500103064,16,6,9,2024-12-19 07:29:15
500109074,16,7,9,2024-12-19 08:25:16
500112113,16,3,9,2024-12-19 06:43:15
500113014,16,7,9,2024-12-19 08:00:17
500101176,16,6,10,2024-12-19 08:37:15
500103042,16,6,10,2024-12-19 05:48:14
500103064,16,5,10,2024-12-19 07:08:15
500108136,16,6,10,2024-12-19 06:27:15
500101238,16,5,11,2024-12-19 06:25:15
500103042,16,5,11,2024-12-19 04:48:15
500103042,16,5,11,2024-12-19 06:07:15
500104079,16,5,11,2024-12-19 08:42:15
500107026,16,5,11,2024-12-19 07:51:15
500107049,16,4,11,2024-12-19 07:27:15
500108010,16,4,11,2024-12-19 07:47:15
500108150,16,5,11,2024-12-19 06:41:15
500110029,16,5,11,2024-12-19 08:52:15
500101143,16,4,12,2024-12-19 06:31:15
500106116,16,3,12,2024-12-19 06:40:16
500108136,16,4,12,2024-12-19 06:52:15
500101235,16,3,13,2024-12-19 08:27:16
500107128,16,2,13,2024-12-19 07:57:16
500112114,16,3,13,2024-12-19 07:11:15
500101003,16,2,14,2024-12-19 08:02:15
500101200,16,1,14,2024-12-19 08:03:15
500107026,16,2,14,2024-12-19 06:07:15
500112114,16,2,14,2024-12-19 08:00:16
500101143,16,1,15,2024-12-19 07:05:15
500101235,16,1,15,2024-12-19 08:47:15
500106116,16,0,15,2024-12-19 08:17:16
500107001,16,1,15,2024-12-19 07:36:15
500108099,16,0,15,2024-12-19 08:16:15
500101003,16,0,16,2024-12-19 08:09:17
500101143,16,0,16,2024-12-19 08:37:16
500101143,16,0,16,2024-12-19 07:25:17
500101198,16,0,16,2024-12-19 06:53:14
500107026,16,0,16,2024-12-19 06:42:15
500107025,16,9,6,2024-12-19 03:45:15
500101200,16,5,11,2024-12-19 00:38:14
500104079,16,6,8,2024-12-19 23:40:15
500108124,16,9,7,2024-12-19 00:34:14
500106130,16,6,6,2024-12-19 23:17:14
500106122,16,9,6,2024-12-19 22:43:15
500108129,16,14,2,2024-12-19 23:07:14
500101200,16,2,13,2024-12-19 23:39:15
500107128,16,15,1,2024-12-19 23:57:15
500103007,16,9,5,2024-12-19 00:50:16
500107025,16,5,11,2024-12-19 23:12:15
500105086,16,10,1,2024-12-19 23:05:15
500103007,16,10,5,2024-12-19 23:18:15
500107128,16,15,1,2024-12-19 23:13:15
500105109,16,2,14,2024-12-19 22:17:15
500111064,16,5,10,2024-12-19 22:01:15
500103007,16,7,9,2024-12-19 22:38:15
500106122,16,8,7,2024-12-19 22:35:16
500109105,16,9,7,2024-12-19 21:20:19
500101198,16,11,5,2024-12-19 22:37:15
500112113,16,2,10,2024-12-19 21:30:16
500109052,16,2,14,2024-12-19 21:38:15
500108105,16,3,12,2024-12-19 21:16:15
500105072,16,3,13,2024-12-19 21:37:15
500111064,16,4,11,2024-12-19 21:07:16
500105109,16,4,12,2024-12-19 21:37:15
500107025,16,4,12,2024-12-19 21:39:15
500108091,16,4,12,2024-12-19 20:21:15
500105086,16,9,2,2024-12-19 21:36:15
500107163,16,15,1,2024-12-19 21:34:15
500103064,16,6,9,2024-12-19 04:09:15
500108124,16,10,5,2024-12-19 03:45:15
500108154,16,12,4,2024-12-19 04:19:15
500107110,16,14,2,2024-12-19 03:33:15
500101182,16,4,12,2024-12-19 21:57:15
500108112,16,7,8,2024-12-19 21:54:15
500112114,16,8,8,2024-12-19 22:05:16
500101003,16,5,11,2024-12-19 21:57:15
500101198,16,9,7,2024-12-19 03:08:15
500107128,16,6,10,2024-12-19 01:07:15
500107103,16,7,9,2024-12-19 22:47:15
500107103,16,7,9,2024-12-19 04:32:14
500101009,16,7,9,2024-12-19 22:17:15
500107128,16,3,13,2024-12-19 03:50:15
500107128,16,9,7,2024-12-19 22:25:16
500101235,16,16,0,2024-12-19 23:22:15
500109052,16,10,6,2024-12-19 02:02:15
500101143,16,16,0,2024-12-19 10:59:17
500101238,16,16,0,2024-12-19 12:48:16
500107103,16,16,0,2024-12-19 11:37:15
500108029,16,15,0,2024-12-19 11:08:15
500108150,16,16,0,2024-12-19 09:40:19
500108150,16,16,0,2024-12-19 11:05:17
500101202,16,15,1,2024-12-19 09:21:17
500101202,16,15,1,2024-12-19 11:46:15
500101235,16,15,1,2024-12-19 10:28:15
500101235,16,15,1,2024-12-19 11:15:15
500101238,16,15,1,2024-12-19 11:08:15
500107049,16,14,1,2024-12-19 09:08:15
500107049,16,14,1,2024-12-19 09:27:15
500107103,16,15,1,2024-12-19 09:53:17
500101238,16,14,2,2024-12-19 09:27:15
500107103,16,14,2,2024-12-19 09:27:15
500101143,16,13,3,2024-12-19 12:54:15
500107026,16,13,3,2024-12-19 09:21:15
500111092,16,13,3,2024-12-19 13:00:17
500108029,16,9,4,2024-12-19 12:02:16
500107128,16,10,5,2024-12-19 11:18:16
500101182,16,10,6,2024-12-19 09:26:15
500101198,16,10,6,2024-12-19 11:45:15
500101198,16,10,6,2024-12-19 10:28:15
500104102,16,10,6,2024-12-19 09:20:16
500107049,16,8,7,2024-12-19 11:36:15
500107049,16,8,7,2024-12-19 10:15:16
500108105,16,9,7,2024-12-19 08:53:15
500108124,16,8,7,2024-12-19 09:20:16
500109096,16,9,7,2024-12-19 10:23:15
500107025,16,7,8,2024-12-19 10:03:15
500109096,16,8,8,2024-12-19 12:30:16
500104102,16,7,9,2024-12-19 10:13:15
500107025,16,7,9,2024-12-19 11:08:15
500104113,16,5,10,2024-12-19 12:22:16
500105072,16,6,10,2024-12-19 11:06:15
500107026,16,6,10,2024-12-19 12:07:16
500108099,16,5,10,2024-12-19 10:42:15
500101009,16,4,11,2024-12-19 12:28:15
500105109,16,5,11,2024-12-19 12:28:15
500107128,16,4,11,2024-12-19 10:58:16
500108116,16,4,11,2024-12-19 12:07:16
500113014,16,5,11,2024-12-19 09:37:15
500101009,16,3,12,2024-12-19 11:36:15
500101009,16,3,12,2024-12-19 09:57:15
500103007,16,4,12,2024-12-19 12:38:15
500104081,16,4,12,2024-12-19 12:43:15
500104113,16,4,12,2024-12-19 09:48:15
500107025,16,4,12,2024-12-19 12:22:16
500107128,16,3,12,2024-12-19 10:12:15
500108029,16,3,12,2024-12-19 09:24:14
500101005,16,3,13,2024-12-19 11:26:15
500101009,16,2,13,2024-12-19 11:11:15
500104081,16,3,13,2024-12-19 11:06:15
500105109,16,3,13,2024-12-19 09:35:16
500107001,16,3,13,2024-12-19 11:37:15
500107110,16,3,13,2024-12-19 10:05:16
500108105,16,3,13,2024-12-19 10:07:16
500101176,16,2,14,2024-12-19 11:17:15
500103064,16,1,14,2024-12-19 10:53:16
500105109,16,2,14,2024-12-19 10:01:16
500107110,16,2,14,2024-12-19 12:44:14
500108116,16,1,14,2024-12-19 11:58:16
500108129,16,2,14,2024-12-19 08:49:15
500108154,16,2,14,2024-12-19 10:29:15
500110029,16,2,14,2024-12-19 10:57:15
500104081,16,1,15,2024-12-19 10:07:16
500107001,16,1,15,2024-12-19 10:41:15
500107110,16,1,15,2024-12-19 12:08:15
500108136,16,1,15,2024-12-19 12:10:16
500110029,16,1,15,2024-12-19 11:44:15
500107110,16,0,16,2024-12-19 12:33:15
500107110,16,0,16,2024-12-19 11:42:16
500108136,16,0,16,2024-12-19 10:09:16
500101009,16,16,0,2024-12-19 17:36:16
500101200,16,16,0,2024-12-19 18:20:19
500106116,16,15,0,2024-12-19 20:55:17
500107110,16,16,0,2024-12-19 18:24:15
500101200,16,15,1,2024-12-19 18:41:16
500101235,16,15,1,2024-12-19 17:33:16
500106116,16,14,1,2024-12-19 21:08:15
500101009,16,14,2,2024-12-19 18:25:17
500104113,16,13,2,2024-12-19 18:06:15
500106116,16,13,2,2024-12-19 20:27:15
500107049,16,13,2,2024-12-19 20:08:15
500101238,16,13,3,2024-12-19 18:15:17
500103064,16,13,3,2024-12-19 18:37:15
500107103,16,13,3,2024-12-19 17:28:16
500101235,16,12,4,2024-12-19 20:16:16
500101235,16,12,4,2024-12-19 19:38:15
500103064,16,12,4,2024-12-19 18:26:16
500104113,16,11,4,2024-12-19 17:38:15
500105086,16,11,4,2024-12-19 17:47:16
500101238,16,11,5,2024-12-19 17:25:16
500105006,16,11,5,2024-12-19 17:47:16
500109052,16,11,5,2024-12-19 18:38:16
500109052,16,11,5,2024-12-19 18:53:15
500111083,16,11,5,2024-12-19 18:08:16
500111093,16,11,5,2024-12-19 17:28:15
500101238,16,10,6,2024-12-19 18:38:16
500105102,16,10,6,2024-12-19 20:11:16
500107049,16,9,6,2024-12-19 17:33:16
500108136,16,10,6,2024-12-19 18:29:16
500113014,16,10,6,2024-12-19 19:07:15
500105006,16,9,7,2024-12-19 18:07:16
500105102,16,9,7,2024-12-19 18:55:17
500107103,16,9,7,2024-12-19 17:58:16
500108105,16,9,7,2024-12-19 19:13:15
500108112,16,9,7,2024-12-19 17:38:16
500108136,16,9,7,2024-12-19 21:03:15
500111064,16,9,7,2024-12-19 19:37:16
500104102,16,8,8,2024-12-19 19:46:15
500105072,16,8,8,2024-12-19 18:00:18
500106116,16,7,8,2024-12-19 17:32:15
500106116,16,6,8,2024-12-19 21:19:16
500106122,16,8,8,2024-12-19 18:34:15
500107049,16,7,8,2024-12-19 21:07:15
500108116,16,7,8,2024-12-19 17:57:15
500108150,16,8,8,2024-12-19 18:56:15
500104006,16,3,9,2024-12-19 20:26:16
500104102,16,7,9,2024-12-19 20:12:15
500105006,16,7,9,2024-12-19 18:17:15
500107110,16,7,9,2024-12-19 17:45:16
500108129,16,7,9,2024-12-19 18:57:15
500111089,16,7,9,2024-12-19 17:49:15
500112114,16,7,9,2024-12-19 21:10:16
500101235,16,6,10,2024-12-19 21:13:16
500103042,16,6,10,2024-12-19 17:27:16
500104081,16,6,10,2024-12-19 18:35:16
500104102,16,6,10,2024-12-19 18:45:16
500105006,16,6,10,2024-12-19 19:54:15
500107025,16,6,10,2024-12-19 19:07:15
500107110,16,6,10,2024-12-19 17:36:15
500108091,16,6,10,2024-12-19 18:28:16
500108099,16,6,10,2024-12-19 18:56:15
500101143,16,5,11,2024-12-19 20:58:15
500104113,16,2,11,2024-12-19 19:18:15
500106116,16,4,11,2024-12-19 18:57:15
500107128,16,5,11,2024-12-19 18:37:15
500108116,16,4,11,2024-12-19 19:02:16
500109052,16,5,11,2024-12-19 17:26:15
500112113,16,5,11,2024-12-19 18:17:15
500104102,16,4,12,2024-12-19 21:17:15
500106116,16,3,12,2024-12-19 19:02:16
500107117,16,4,12,2024-12-19 18:51:16
500110029,16,4,12,2024-12-19 19:04:15
500101143,16,3,13,2024-12-19 19:54:15
500101202,16,3,13,2024-12-19 19:49:15
500107001,16,3,13,2024-12-19 18:17:15
500107117,16,3,13,2024-12-19 19:56:15
500107128,16,3,13,2024-12-19 17:56:16
500108091,16,3,13,2024-12-19 18:49:16
500112114,16,3,13,2024-12-19 17:48:15
500101182,16,2,14,2024-12-19 17:25:16
500101200,16,1,14,2024-12-19 21:04:15
500107001,16,2,14,2024-12-19 18:05:16
500107026,16,2,14,2024-12-19 19:47:15
500107043,16,2,14,2024-12-19 19:26:15
500107128,16,2,14,2024-12-19 17:43:16
500109074,16,2,14,2024-12-19 19:49:15
500101143,16,1,15,2024-12-19 19:19:15
500101182,16,1,15,2024-12-19 19:28:14
500107043,16,1,15,2024-12-19 19:07:15
500108154,16,1,15,2024-12-19 17:54:14
500108154,16,1,15,2024-12-19 18:06:15
500109074,16,1,15,2024-12-19 19:50:16
500110029,16,1,15,2024-12-19 18:29:15
500105109,16,0,16,2024-12-19 18:20:19
500110029,16,0,16,2024-12-19 17:56:15
500107049,16,14,1,2024-12-19 15:52:15
500107103,16,15,1,2024-12-19 15:47:15
500101143,16,14,2,2024-12-19 14:16:16
500107049,16,13,2,2024-12-19 16:22:16
500101143,16,13,3,2024-12-19 13:20:17
500101238,16,13,3,2024-12-19 14:16:15
500101200,16,12,4,2024-12-19 17:16:16
500101198,16,8,8,2024-12-19 16:58:15
500107025,16,8,8,2024-12-19 16:41:15
500108099,16,8,8,2024-12-19 16:48:16
500108116,16,7,8,2024-12-19 14:59:15
500101198,16,7,9,2024-12-19 15:37:15
500108100,16,7,9,2024-12-19 13:54:15
500101198,16,6,10,2024-12-19 15:58:14
500101198,16,6,10,2024-12-19 14:36:16
500103042,16,6,10,2024-12-19 14:14:15
500103064,16,6,10,2024-12-19 14:44:15
500103064,16,6,10,2024-12-19 14:11:16
500107025,16,6,10,2024-12-19 16:27:16
500101005,16,5,11,2024-12-19 17:17:16
500107043,16,5,11,2024-12-19 16:08:15
500112113,16,4,11,2024-12-19 13:23:15
500103007,16,4,12,2024-12-19 15:48:15
500106130,16,3,12,2024-12-19 13:46:16
500107128,16,3,12,2024-12-19 14:40:15
500109074,16,4,12,2024-12-19 13:24:15
500112114,16,4,12,2024-12-19 15:01:16
500101202,16,3,13,2024-12-19 16:41:15
500108136,16,3,13,2024-12-19 15:20:16
500110029,16,3,13,2024-12-19 16:47:15
500103042,16,2,14,2024-12-19 16:48:16
500108099,16,1,14,2024-12-19 14:37:14
500108154,16,1,15,2024-12-19 15:53:14
500109052,16,1,15,2024-12-19 14:39:15
500112113,16,0,15,2024-12-19 16:08:16
500101005,16,0,16,2024-12-19 14:56:16
500108154,16,0,16,2024-12-19 16:18:16
500103064,16,10,6,2024-12-19 21:41:14
500101005,16,16,0,2024-12-19 07:46:15
500108150,16,16,0,2024-12-19 08:17:14
500108150,16,16,0,2024-12-19 08:19:16
500101005,16,15,1,2024-12-19 07:56:15
500108150,16,15,1,2024-12-19 07:47:15
500104113,16,14,2,2024-12-19 07:22:14
500107103,16,14,2,2024-12-19 08:27:16
500111092,16,14,2,2024-12-19 08:34:15
500101182,16,13,3,2024-12-19 07:59:15
500101202,16,13,3,2024-12-19 07:29:14
500105086,16,12,3,2024-12-19 08:10:17
500105086,16,12,3,2024-12-19 08:57:15
500107103,16,13,3,2024-12-19 07:13:15
500109103,16,12,3,2024-12-19 06:20:15
500109103,16,12,3,2024-12-19 07:26:15
500101235,16,12,4,2024-12-19 05:37:15
500106130,16,9,4,2024-12-19 08:17:14
500106130,16,9,4,2024-12-19 06:24:15
500108091,16,11,4,2024-12-19 06:30:17
500108100,16,12,4,2024-12-19 07:08:15
500104081,16,11,5,2024-12-19 07:58:15
500107110,16,11,5,2024-12-19 07:36:15
500108154,16,11,5,2024-12-19 07:54:15
500104113,16,10,6,2024-12-19 07:56:15
500105102,16,10,6,2024-12-19 05:07:15
500107043,16,9,6,2024-12-19 06:49:14
500107103,16,10,6,2024-12-19 06:23:15
500108091,16,9,6,2024-12-19 07:07:15
500108154,16,10,6,2024-12-19 07:30:16
500111083,16,9,6,2024-12-19 07:27:15
500104079,16,7,7,2024-12-19 07:47:14
500105086,16,7,7,2024-12-19 06:49:15
500107043,16,9,7,2024-12-19 08:37:15
500108124,16,8,7,2024-12-19 06:28:15
500101238,16,8,8,2024-12-19 07:16:15
500104081,16,8,8,2024-12-19 08:24:15
500108100,16,8,8,2024-12-19 07:55:17
500111093,16,8,8,2024-12-19 08:47:15
500112113,16,4,8,2024-12-19 06:31:15
500112114,16,8,8,2024-12-19 06:21:15
500105086,16,5,9,2024-12-19 05:42:15
500108010,16,6,9,2024-12-19 07:13:15
500108091,16,6,9,2024-12-19 07:51:15
500108099,16,5,9,2024-12-19 06:37:15
500113014,16,7,9,2024-12-19 08:14:15
500105006,16,6,10,2024-12-19 08:02:15
500108105,16,6,10,2024-12-19 07:46:15
500101009,16,4,11,2024-12-19 07:45:16
500103064,16,4,11,2024-12-19 08:42:14
500108124,16,4,11,2024-12-19 07:27:14
500109052,16,5,11,2024-12-19 06:45:15
500105072,16,4,12,2024-12-19 08:15:16
500106116,16,3,12,2024-12-19 06:12:15
500107001,16,4,12,2024-12-19 07:49:16
500107110,16,4,12,2024-12-19 08:01:14
500109074,16,4,12,2024-12-19 08:43:15
500110029,16,3,12,2024-12-19 07:47:15
500112113,16,3,12,2024-12-19 08:27:16
500112113,16,0,12,2024-12-19 07:37:15
500108099,16,1,13,2024-12-19 06:43:15
500108116,16,3,13,2024-12-19 07:27:15
500109052,16,3,13,2024-12-19 07:11:15
500101009,16,1,14,2024-12-19 07:55:17
500101235,16,2,14,2024-12-19 07:56:15
500105109,16,2,14,2024-12-19 08:54:15
500105109,16,2,14,2024-12-19 06:43:15
500106116,16,1,14,2024-12-19 08:43:15
500107001,16,2,14,2024-12-19 07:47:15
500107025,16,1,14,2024-12-19 08:36:17
500107128,16,1,14,2024-12-19 06:07:15
500108136,16,2,14,2024-12-19 07:26:15
500109096,16,2,14,2024-12-19 06:29:14
500101143,16,1,15,2024-12-19 08:03:15
500101198,16,1,15,2024-12-19 08:45:16
500107001,16,1,15,2024-12-19 07:17:14
500107025,16,0,15,2024-12-19 07:27:14
500109052,16,1,15,2024-12-19 08:01:14
500108116,16,0,16,2024-12-19 07:33:15
500112114,16,0,16,2024-12-19 08:23:15
500104113,16,5,7,2024-12-19 23:20:16
500101003,16,9,7,2024-12-19 00:23:14
500101005,16,8,8,2024-12-19 00:45:15
500107025,16,7,8,2024-12-19 00:31:14
500109074,16,5,11,2024-12-19 22:55:16
500110029,16,8,7,2024-12-19 23:52:14
500107103,16,7,9,2024-12-19 23:42:15
500101143,16,11,5,2024-12-19 22:11:15
500101198,16,13,3,2024-12-19 23:37:14
500101143,16,4,12,2024-12-19 00:07:16
500101238,16,4,12,2024-12-19 01:09:14
500107043,16,7,8,2024-12-19 01:06:15
500106130,16,10,4,2024-12-19 00:33:15
500109052,16,11,5,2024-12-19 01:14:15
500108150,16,5,10,2024-12-19 22:47:14
500101182,16,5,11,2024-12-19 22:12:15
500108150,16,4,12,2024-12-19 21:59:15
500107001,16,5,11,2024-12-19 22:39:15
500101009,16,6,10,2024-12-19 22:21:14
500103042,16,0,16,2024-12-19 21:39:15
500104113,16,1,12,2024-12-19 21:36:15
500104079,16,2,12,2024-12-19 19:22:16
500101202,16,2,14,2024-12-19 21:38:15
500104102,16,3,13,2024-12-19 21:32:15
500107026,16,5,11,2024-12-19 21:25:16
500103007,16,7,9,2024-12-19 21:10:16
500105006,16,7,9,2024-12-19 21:16:15
500103064,16,9,7,2024-12-19 21:37:15
500101202,16,3,13,2024-12-19 02:07:15
500107043,16,6,9,2024-12-19 01:36:15
500106116,16,10,5,2024-12-19 02:29:14
500112113,16,7,5,2024-12-19 03:50:15
500107025,16,9,6,2024-12-19 04:20:16
500112114,16,10,6,2024-12-19 03:37:14
500107103,16,2,14,2024-12-19 21:59:15
500104081,16,3,10,2024-12-19 21:51:15
500105072,16,3,13,2024-12-19 21:56:15
500107128,16,7,9,2024-12-19 22:07:15
500107103,16,5,11,2024-12-19 01:21:15
500110029,16,5,10,2024-12-19 21:45:15
500105102,16,11,5,2024-12-19 21:53:15
500105072,16,4,12,2024-12-19 23:45:16
500105086,16,6,5,2024-12-19 23:21:14
500112114,16,7,9,2024-12-19 23:58:14
500107103,16,4,12,2024-12-19 02:05:16
500104113,16,8,3,2024-12-19 02:07:15
500101009,16,6,10,2024-12-19 22:46:15
500103007,16,8,8,2024-12-19 22:42:14
500108029,16,10,5,2024-12-19 04:35:15
500107128,16,14,2,2024-12-19 22:58:15
500113014,16,8,8,2024-12-19 22:21:15
500101198,16,12,4,2024-12-19 22:22:15
500107103,16,8,8,2024-12-19 22:58:15
500104079,16,5,9,2024-12-19 23:25:16
500101198,16,16,0,2024-12-19 12:55:17
500107128,16,15,0,2024-12-19 09:19:15
500108150,16,16,0,2024-12-19 10:01:16
500101238,16,15,1,2024-12-19 12:54:15
500108150,16,15,1,2024-12-19 12:01:20
500101003,16,14,2,2024-12-19 12:56:15
500105086,16,13,2,2024-12-19 10:06:15
500108150,16,14,2,2024-12-19 12:21:15
500111092,16,14,2,2024-12-19 12:41:15
500105086,16,12,3,2024-12-19 09:07:15
500108029,16,10,3,2024-12-19 12:16:15
500111093,16,13,3,2024-12-19 09:37:15
500101202,16,12,4,2024-12-19 12:57:14
500105006,16,12,4,2024-12-19 11:26:14
500109105,16,12,4,2024-12-19 10:35:16
500104102,16,11,5,2024-12-19 11:11:15
500107163,16,11,5,2024-12-19 12:11:16
500111089,16,11,5,2024-12-19 12:34:14
500111089,16,11,5,2024-12-19 10:25:16
500101143,16,10,6,2024-12-19 10:04:16
500101198,16,10,6,2024-12-19 12:24:16
500107026,16,10,6,2024-12-19 10:11:15
500107049,16,9,6,2024-12-19 10:02:15
500101198,16,9,7,2024-12-19 11:24:15
500103007,16,9,7,2024-12-19 09:54:15
500104102,16,9,7,2024-12-19 11:08:15
500106130,16,8,7,2024-12-19 13:02:15
500106130,16,8,7,2024-12-19 09:47:15
500108029,16,8,7,2024-12-19 09:06:15
500108116,16,8,7,2024-12-19 10:16:15
500101005,16,8,8,2024-12-19 09:09:15
500101143,16,8,8,2024-12-19 09:35:16
500101182,16,8,8,2024-12-19 09:47:15
500103007,16,8,8,2024-12-19 10:14:15
500104081,16,8,8,2024-12-19 09:02:15
500105102,16,8,8,2024-12-19 08:44:16
500107026,16,8,8,2024-12-19 10:35:16
500107128,16,7,8,2024-12-19 10:44:16
500107163,16,8,8,2024-12-19 10:47:16
500108100,16,8,8,2024-12-19 12:57:15
500109096,16,8,8,2024-12-19 09:55:16
500107026,16,7,9,2024-12-19 12:16:15
500107026,16,7,9,2024-12-19 11:06:15
500108100,16,7,9,2024-12-19 10:46:15
500112113,16,6,9,2024-12-19 09:49:15
500101198,16,6,10,2024-12-19 11:18:16
500107025,16,6,10,2024-12-19 11:37:15
500107025,16,6,10,2024-12-19 12:09:16
500107128,16,5,10,2024-12-19 10:37:16
500107163,16,6,10,2024-12-19 11:36:15
500101176,16,5,11,2024-12-19 10:19:16
500101200,16,5,11,2024-12-19 09:55:16
500103007,16,5,11,2024-12-19 09:04:15
500104006,16,5,11,2024-12-19 12:17:15
500104079,16,5,11,2024-12-19 12:53:15
500106116,16,4,11,2024-12-19 11:19:15
500108116,16,4,11,2024-12-19 12:26:15
500112113,16,4,11,2024-12-19 12:50:15
500101005,16,4,12,2024-12-19 12:57:15
500101005,16,4,12,2024-12-19 11:15:16
500101009,16,3,12,2024-12-19 10:48:15
500103064,16,3,12,2024-12-19 10:02:15
500107025,16,4,12,2024-12-19 10:57:15
500107117,16,4,12,2024-12-19 09:36:15
500107163,16,4,12,2024-12-19 09:29:15
500108116,16,3,12,2024-12-19 11:35:17
500101005,16,3,13,2024-12-19 12:19:16
500101009,16,2,13,2024-12-19 11:07:16
500106116,16,2,13,2024-12-19 09:44:15
500107025,16,3,13,2024-12-19 12:29:16
500107043,16,3,13,2024-12-19 12:07:15
500107043,16,3,13,2024-12-19 11:08:15
500107117,16,3,13,2024-12-19 12:12:15
500101009,16,1,14,2024-12-19 10:34:15
500101143,16,2,14,2024-12-19 09:27:14
500101176,16,2,14,2024-12-19 08:52:16
500103064,16,1,14,2024-12-19 11:58:16
500104006,16,2,14,2024-12-19 09:54:15
500107001,16,2,14,2024-12-19 11:06:15
500110029,16,2,14,2024-12-19 09:47:15
500113014,16,2,14,2024-12-19 11:27:15
500107110,16,1,15,2024-12-19 11:18:16
500108099,16,0,15,2024-12-19 11:18:15
500108136,16,1,15,2024-12-19 10:27:17
500108154,16,1,15,2024-12-19 12:16:15
500109052,16,1,15,2024-12-19 12:24:16
500110029,16,1,15,2024-12-19 10:48:15
500107001,16,0,16,2024-12-19 12:19:15
500108154,16,0,16,2024-12-19 09:27:15
500110029,16,0,16,2024-12-19 10:13:16
500112114,16,0,16,2024-12-19 11:58:15
500112114,16,0,16,2024-12-19 10:45:16
500101200,16,16,0,2024-12-19 18:07:16
500105086,16,15,0,2024-12-19 18:08:16
500101238,16,15,1,2024-12-19 19:37:16
500107110,16,15,1,2024-12-19 19:38:16
500101009,16,14,2,2024-12-19 18:18:16
500101200,16,14,2,2024-12-19 17:47:16
500101202,16,14,2,2024-12-19 17:52:15
500101238,16,14,2,2024-12-19 19:40:15
500104006,16,14,2,2024-12-19 19:25:15
500109052,16,14,2,2024-12-19 19:26:14
500109105,16,13,3,2024-12-19 20:10:17
500113014,16,13,3,2024-12-19 17:41:16
500101198,16,12,4,2024-12-19 19:20:17
500108124,16,12,4,2024-12-19 18:42:16
500113014,16,12,4,2024-12-19 17:36:15
500101235,16,11,5,2024-12-19 20:49:14
500101238,16,11,5,2024-12-19 18:40:17
500105102,16,11,5,2024-12-19 21:19:16
500106122,16,11,5,2024-12-19 19:39:15
500107163,16,11,5,2024-12-19 17:46:15
500107163,16,10,6,2024-12-19 18:56:15
500108136,16,10,6,2024-12-19 21:18:15
500108136,16,10,6,2024-12-19 18:38:16
500110029,16,10,6,2024-12-19 20:09:15
500101200,16,7,7,2024-12-19 19:22:16
500107110,16,9,7,2024-12-19 20:42:15
500108116,16,8,7,2024-12-19 17:23:15
500101235,16,8,8,2024-12-19 21:04:15
500103042,16,8,8,2024-12-19 19:49:15
500104102,16,8,8,2024-12-19 20:08:15
500105086,16,5,8,2024-12-19 18:28:16
500106116,16,7,8,2024-12-19 18:37:15
500107049,16,7,8,2024-12-19 20:39:16
500111064,16,8,8,2024-12-19 18:49:16
500104006,16,3,9,2024-12-19 20:10:20
500107001,16,7,9,2024-12-19 20:00:17
500108029,16,5,9,2024-12-19 17:48:15
500108112,16,7,9,2024-12-19 17:45:16
500108116,16,6,9,2024-12-19 18:05:16
500101235,16,6,10,2024-12-19 18:58:16
500104113,16,3,10,2024-12-19 19:26:15
500106122,16,6,10,2024-12-19 18:13:15
500107001,16,6,10,2024-12-19 17:22:16
500107025,16,6,10,2024-12-19 18:58:16
500108099,16,6,10,2024-12-19 18:41:15
500109052,16,6,10,2024-12-19 17:39:15
500112113,16,6,10,2024-12-19 18:28:16
500105006,16,5,11,2024-12-19 19:44:15
500105072,16,5,11,2024-12-19 21:16:15
500107001,16,5,11,2024-12-19 17:38:16
500111089,16,5,11,2024-12-19 18:12:16
500112114,16,5,11,2024-12-19 19:36:15
500101200,16,2,12,2024-12-19 20:28:15
500101202,16,4,12,2024-12-19 19:38:15
500103007,16,4,12,2024-12-19 18:07:16
500104113,16,1,12,2024-12-19 21:18:15
500110029,16,3,12,2024-12-19 21:13:16
500111064,16,4,12,2024-12-19 17:59:15
500111089,16,4,12,2024-12-19 18:43:15
500112114,16,4,12,2024-12-19 17:19:15
500104079,16,1,13,2024-12-19 19:16:15
500107001,16,3,13,2024-12-19 19:25:15
500107026,16,3,13,2024-12-19 20:49:15
500107117,16,3,13,2024-12-19 17:50:16
500107117,16,3,13,2024-12-19 18:07:16
500107128,16,3,13,2024-12-19 20:06:15
500111064,16,3,13,2024-12-19 17:06:16
500112114,16,3,13,2024-12-19 19:10:17
500101202,16,2,14,2024-12-19 19:50:16
500107043,16,2,14,2024-12-19 20:45:16
500107103,16,2,14,2024-12-19 19:26:15
500108029,16,0,14,2024-12-19 17:27:16
500110029,16,2,14,2024-12-19 17:48:15
500101005,16,1,15,2024-12-19 21:19:15
500101182,16,1,15,2024-12-19 17:32:15
500107043,16,1,15,2024-12-19 19:09:16
500108105,16,1,15,2024-12-19 20:38:15
500108105,16,1,15,2024-12-19 17:21:15
500108112,16,0,15,2024-12-19 18:57:19
500108150,16,1,15,2024-12-19 17:52:15
500108154,16,1,15,2024-12-19 17:20:17
500109074,16,1,15,2024-12-19 17:13:15
500112113,16,1,15,2024-12-19 17:50:19
500101005,16,0,16,2024-12-19 20:32:16
500107001,16,0,16,2024-12-19 18:50:19
500108105,16,0,16,2024-12-19 17:37:16
500101235,16,16,0,2024-12-19 15:28:15
500107103,16,16,0,2024-12-19 17:16:17
500101238,16,15,1,2024-12-19 15:20:16
500101238,16,15,1,2024-12-19 13:37:16
500107049,16,14,1,2024-12-19 16:38:15
500107103,16,15,1,2024-12-19 16:23:17
500111089,16,15,1,2024-12-19 14:56:14
500101235,16,14,2,2024-12-19 16:26:15
500108029,16,11,2,2024-12-19 13:47:15
500111089,16,14,2,2024-12-19 16:55:17
500101003,16,13,3,2024-12-19 13:22:15
500108150,16,13,3,2024-12-19 17:02:15
500101202,16,12,4,2024-12-19 13:44:15
500101238,16,12,4,2024-12-19 16:41:15
500105006,16,12,4,2024-12-19 16:16:15
500105006,16,12,4,2024-12-19 13:20:16
500111089,16,12,4,2024-12-19 16:46:14
500105006,16,11,5,2024-12-19 16:47:15
500106116,16,10,5,2024-12-19 16:05:16
500108029,16,8,5,2024-12-19 16:16:15
500109105,16,11,5,2024-12-19 16:12:15
500101009,16,10,6,2024-12-19 15:15:16
500101009,16,9,7,2024-12-19 14:18:15
500104102,16,9,7,2024-12-19 15:18:15
500108116,16,8,7,2024-12-19 16:30:16
500108124,16,8,7,2024-12-19 13:29:15
500101009,16,8,8,2024-12-19 14:45:15
500103064,16,8,8,2024-12-19 16:25:16
500104102,16,8,8,2024-12-19 15:26:15
500104102,16,8,8,2024-12-19 13:34:16
500106116,16,7,8,2024-12-19 14:49:15
500108124,16,7,8,2024-12-19 15:03:15
500108129,16,8,8,2024-12-19 15:19:16
500108099,16,7,9,2024-12-19 16:52:15
500101176,16,6,10,2024-12-19 17:08:16
500104006,16,6,10,2024-12-19 16:36:15
500105072,16,6,10,2024-12-19 15:40:16
500110029,16,5,11,2024-12-19 17:08:16
500103007,16,4,12,2024-12-19 14:47:15
500103007,16,4,12,2024-12-19 14:04:15
500112113,16,3,12,2024-12-19 14:25:16
500104081,16,3,13,2024-12-19 14:22:15
500107110,16,3,13,2024-12-19 16:54:16
500110029,16,3,13,2024-12-19 13:15:15
500112113,16,2,13,2024-12-19 15:44:14
500101005,16,2,14,2024-12-19 16:44:15
500103042,16,2,14,2024-12-19 16:23:15
500107128,16,1,14,2024-12-19 15:04:15
500108136,16,2,14,2024-12-19 16:29:15
500109052,16,2,14,2024-12-19 16:46:15
500110029,16,2,14,2024-12-19 14:32:15
500108154,16,1,15,2024-12-19 13:46:16
500108154,16,1,15,2024-12-19 16:33:15
500110029,16,1,15,2024-12-19 13:37:15
500101005,16,0,16,2024-12-19 16:31:15
500101005,16,0,16,2024-12-19 15:10:18
500107049,16,7,8,2024-12-19 21:41:15
500107103,16,16,0,2024-12-19 08:49:16
500108029,16,15,0,2024-12-19 07:51:15
500108150,16,16,0,2024-12-19 07:50:19
500108150,16,16,0,2024-12-19 08:03:15
500108029,16,14,1,2024-12-19 08:13:15
500108029,16,14,1,2024-12-19 08:00:20
500107049,16,13,2,2024-12-19 07:53:16
500111064,16,13,2,2024-12-19 06:50:16
500106130,16,10,3,2024-12-19 05:33:15
500108112,16,11,4,2024-12-19 04:49:15
500108124,16,11,4,2024-12-19 08:16:15
500104113,16,6,5,2024-12-19 06:14:15
500106116,16,9,6,2024-12-19 05:01:14
500106130,16,7,6,2024-12-19 08:27:16
500108099,16,8,6,2024-12-19 06:03:15
500110029,16,9,6,2024-12-19 06:14:15
500111089,16,10,6,2024-12-19 08:25:16
500111092,16,10,6,2024-12-19 08:09:15
500112113,16,6,6,2024-12-19 05:15:15
500103064,16,8,7,2024-12-19 06:12:15
500107110,16,9,7,2024-12-19 07:44:15
500105086,16,6,8,2024-12-19 06:27:15
500107103,16,8,8,2024-12-19 06:06:14
500108010,16,7,8,2024-12-19 05:54:14
500108112,16,8,8,2024-12-19 08:45:16
500110029,16,7,8,2024-12-19 07:16:15
500103042,16,7,9,2024-12-19 08:37:15
500103042,16,7,9,2024-12-19 07:54:15
500113014,16,7,9,2024-12-19 07:44:15
500104081,16,6,10,2024-12-19 08:37:15
500105086,16,4,10,2024-12-19 07:13:15
500109074,16,6,10,2024-12-19 08:36:15
500111064,16,6,10,2024-12-19 08:47:15
500113014,16,6,10,2024-12-19 07:27:15
500108010,16,4,11,2024-12-19 07:52:15
500112113,16,1,11,2024-12-19 07:08:15
500101235,16,4,12,2024-12-19 07:26:15
500107026,16,4,12,2024-12-19 07:58:15
500108091,16,3,12,2024-12-19 08:57:15
500108129,16,4,12,2024-12-19 06:33:15
500107128,16,2,13,2024-12-19 05:33:15
500107128,16,2,13,2024-12-19 06:27:15
500107128,16,2,13,2024-12-19 07:25:15
500101143,16,2,14,2024-12-19 06:48:15
500101143,16,2,14,2024-12-19 07:46:15
500101143,16,2,14,2024-12-19 07:57:16
500101198,16,2,14,2024-12-19 07:50:16
500107025,16,1,14,2024-12-19 08:17:15
500109052,16,2,14,2024-12-19 07:24:15
500109105,16,2,14,2024-12-19 08:03:15
500101003,16,1,15,2024-12-19 07:17:14
500101198,16,1,15,2024-12-19 06:47:15
500101198,16,1,15,2024-12-19 07:35:16
500106122,16,1,15,2024-12-19 08:19:15
500107001,16,1,15,2024-12-19 08:36:15
500107128,16,0,15,2024-12-19 08:17:16
500108105,16,1,15,2024-12-19 07:26:15
500108136,16,1,15,2024-12-19 08:53:15
500109052,16,1,15,2024-12-19 08:47:15
500101003,16,0,16,2024-12-19 07:20:18
500101143,16,0,16,2024-12-19 08:45:16
500101143,16,0,16,2024-12-19 07:37:15
500106122,16,0,16,2024-12-19 07:26:15
500107026,16,0,16,2024-12-19 06:10:17
500108136,16,0,16,2024-12-19 08:35:17
500108150,16,6,10,2024-12-19 00:01:15
500108154,16,2,14,2024-12-19 00:21:15
500112114,16,5,11,2024-12-19 00:14:15
500101005,16,8,8,2024-12-19 00:36:15
500101198,16,6,10,2024-12-19 00:16:15
500101235,16,8,8,2024-12-19 00:18:14
500106116,16,9,2,2024-12-19 00:15:15
500112042,17,1,15,2024-12-19 23:04:15
500108145,17,1,16,2024-12-19 21:33:16
500105088,17,3,14,2024-12-19 21:49:15
500101165,17,14,1,2024-12-19 23:53:15
500106127,17,15,2,2024-12-19 23:33:14
500112020,17,6,8,2024-12-19 23:24:15
500106127,17,2,15,2024-12-19 00:56:14
500111059,17,15,2,2024-12-19 00:14:14
500108038,17,6,11,2024-12-19 22:14:14
500108079,17,10,6,2024-12-19 20:48:15
500109058,17,14,0,2024-12-19 23:18:15
500110026,17,16,1,2024-12-19 23:02:15
500119092,17,1,16,2024-12-19 22:16:14
500101160,17,13,4,2024-12-19 22:33:15
500106086,17,9,7,2024-12-19 21:34:15
500109051,17,16,1,2024-12-19 03:53:15
500113052,17,7,10,2024-12-19 22:09:15
500101160,17,11,6,2024-12-19 22:05:16
500101244,17,11,6,2024-12-19 22:02:16
500109042,17,13,1,2024-12-19 22:08:14
500109042,17,13,2,2024-12-19 01:19:16
500101215,17,2,15,2024-12-19 21:52:14
500101160,17,3,14,2024-12-19 03:38:15
500104099,17,12,5,2024-12-19 23:20:16
500106051,17,8,9,2024-12-19 22:47:15
500101008,17,16,1,2024-12-19 23:02:14
500107149,17,3,10,2024-12-19 22:17:15
500101160,17,8,9,2024-12-19 04:07:15
500101175,17,2,15,2024-12-19 22:24:15
500109051,17,13,4,2024-12-19 22:20:15
500101215,17,1,16,2024-12-19 22:59:15
500101165,17,12,3,2024-12-19 22:51:15
500107069,17,5,11,2024-12-19 01:26:15
500107069,17,17,0,2024-12-19 12:52:16
500104115,17,16,1,2024-12-19 10:42:15
500106107,17,16,1,2024-12-19 09:57:15
500112042,17,15,1,2024-12-19 09:05:15
500113002,17,16,1,2024-12-19 12:15:16
500110052,17,14,3,2024-12-19 09:37:15
500106079,17,12,4,2024-12-19 12:27:14
500109051,17,13,4,2024-12-19 10:55:17
500106079,17,11,5,2024-12-19 12:30:16
500106079,17,11,5,2024-12-19 11:56:16
500109051,17,12,5,2024-12-19 11:32:15
500119092,17,11,5,2024-12-19 11:14:15
500105060,17,10,6,2024-12-19 08:53:15
500101160,17,10,7,2024-12-19 12:28:15
500106079,17,9,7,2024-12-19 11:22:16
500107069,17,10,7,2024-12-19 10:58:16
500108013,17,9,7,2024-12-19 11:17:15
500111059,17,10,7,2024-12-19 11:14:15
500106051,17,9,8,2024-12-19 10:06:15
500111063,17,9,8,2024-12-19 11:24:15
500103046,17,8,9,2024-12-19 10:28:15
500106051,17,8,9,2024-12-19 09:42:15
500106086,17,7,9,2024-12-19 09:41:15
500107037,17,8,9,2024-12-19 09:27:15
500108013,17,7,9,2024-12-19 09:37:15
500109058,17,7,9,2024-12-19 12:34:14
500107037,17,7,10,2024-12-19 09:33:15
500108079,17,6,10,2024-12-19 09:48:15
500108145,17,7,10,2024-12-19 12:17:16
500104099,17,6,11,2024-12-19 09:13:15
500106107,17,6,11,2024-12-19 12:37:15
500101199,17,5,12,2024-12-19 12:49:15
500103046,17,5,12,2024-12-19 11:16:15
500106079,17,4,12,2024-12-19 09:36:15
500107069,17,5,12,2024-12-19 09:26:15
500107164,17,5,12,2024-12-19 12:50:15
500108132,17,5,12,2024-12-19 10:26:14
500101160,17,4,13,2024-12-19 11:32:15
500101244,17,4,13,2024-12-19 11:38:15
500101244,17,4,13,2024-12-19 11:18:16
500104115,17,4,13,2024-12-19 12:33:15
500111075,17,4,13,2024-12-19 10:17:16
500113052,17,4,13,2024-12-19 10:47:16
500101165,17,3,14,2024-12-19 10:10:16
500101175,17,3,14,2024-12-19 11:01:17
500104061,17,3,14,2024-12-19 12:16:15
500119092,17,2,14,2024-12-19 12:28:15
500101008,17,1,15,2024-12-19 11:12:16
500101215,17,2,15,2024-12-19 11:23:15
500101244,17,2,15,2024-12-19 12:03:14
500104061,17,2,15,2024-12-19 09:22:15
500101199,17,1,16,2024-12-19 11:07:16
500101199,17,0,17,2024-12-19 10:58:16
500105059,17,0,17,2024-12-19 12:38:14
500105059,17,0,17,2024-12-19 09:28:16
500101165,17,17,0,2024-12-19 18:13:17
500109051,17,17,0,2024-12-19 18:18:16
500101008,17,16,1,2024-12-19 19:44:17
500106051,17,16,1,2024-12-19 19:41:16
500106051,17,16,1,2024-12-19 19:06:16
500108062,17,15,2,2024-12-19 17:30:16
500109051,17,15,2,2024-12-19 19:33:14
500110026,17,15,2,2024-12-19 21:19:16
500106079,17,13,3,2024-12-19 17:57:15
500101160,17,13,4,2024-12-19 19:57:15
500106086,17,12,4,2024-12-19 20:00:17
500106127,17,13,4,2024-12-19 19:53:15
500109058,17,10,4,2024-12-19 20:54:14
500110026,17,13,4,2024-12-19 19:22:16
500111059,17,13,4,2024-12-19 19:19:15
500106086,17,11,5,2024-12-19 17:25:15
500106086,17,11,5,2024-12-19 20:46:15
500107037,17,12,5,2024-12-19 18:26:16
500108013,17,12,5,2024-12-19 20:18:15
500108132,17,12,5,2024-12-19 18:47:16
500109042,17,12,5,2024-12-19 19:06:16
500101160,17,11,6,2024-12-19 18:38:16
500107069,17,11,6,2024-12-19 19:57:15
500111075,17,11,6,2024-12-19 19:29:15
500112102,17,11,6,2024-12-19 19:45:16
500106127,17,10,7,2024-12-19 21:07:16
500107037,17,10,7,2024-12-19 20:49:15
500112020,17,10,7,2024-12-19 20:59:15
500113002,17,10,7,2024-12-19 17:20:17
500101199,17,9,8,2024-12-19 17:28:15
500104099,17,9,8,2024-12-19 18:53:15
500108079,17,8,8,2024-12-19 18:35:16
500113002,17,9,8,2024-12-19 19:17:14
500111075,17,8,9,2024-12-19 20:39:16
500112042,17,7,9,2024-12-19 19:44:15
500101160,17,7,10,2024-12-19 21:05:16
500105059,17,7,10,2024-12-19 17:19:15
500105059,17,7,10,2024-12-19 19:18:15
500109058,17,4,10,2024-12-19 18:57:15
500110052,17,7,10,2024-12-19 21:18:15
500101165,17,4,11,2024-12-19 20:17:15
500107037,17,6,11,2024-12-19 20:28:15
500107164,17,6,11,2024-12-19 20:45:16
500108145,17,6,11,2024-12-19 18:19:15
500111063,17,6,11,2024-12-19 18:48:15
500112042,17,5,11,2024-12-19 20:38:15
500105060,17,5,12,2024-12-19 18:34:15
500105088,17,5,12,2024-12-19 18:00:17
500101160,17,4,13,2024-12-19 18:29:16
500101165,17,2,13,2024-12-19 20:38:15
500101199,17,4,13,2024-12-19 20:59:15
500106127,17,3,13,2024-12-19 18:45:16
500108062,17,4,13,2024-12-19 18:57:15
500108145,17,4,13,2024-12-19 19:57:14
500112102,17,4,13,2024-12-19 18:29:16
500106107,17,3,14,2024-12-19 17:12:16
500113052,17,3,14,2024-12-19 18:46:15
500101215,17,2,15,2024-12-19 21:08:15
500103046,17,2,15,2024-12-19 18:48:15
500106107,17,2,15,2024-12-19 19:23:15
500113052,17,2,15,2024-12-19 17:28:15
500107069,17,1,16,2024-12-19 17:57:15
500113052,17,1,16,2024-12-19 17:47:16
500113052,17,1,16,2024-12-19 17:57:16
500101175,17,0,17,2024-12-19 17:38:16
500101199,17,0,17,2024-12-19 18:28:16
500103047,17,0,17,2024-12-19 20:06:16
500107069,17,0,17,2024-12-19 18:47:16
500107164,17,0,17,2024-12-19 18:07:16
500101160,17,16,1,2024-12-19 15:20:16
500113002,17,15,2,2024-12-19 16:34:16
500101160,17,14,3,2024-12-19 14:18:15
500106051,17,14,3,2024-12-19 13:19:15
500119092,17,14,3,2024-12-19 15:04:15
500101160,17,13,4,2024-12-19 13:27:15
500110052,17,13,4,2024-12-19 13:17:15
500101165,17,12,5,2024-12-19 17:08:16
500101160,17,11,6,2024-12-19 17:17:16
500106051,17,11,6,2024-12-19 16:00:16
500109042,17,11,6,2024-12-19 16:57:16
500104115,17,10,7,2024-12-19 16:35:15
500110052,17,10,7,2024-12-19 15:14:15
500119092,17,10,7,2024-12-19 16:16:15
500119092,17,10,7,2024-12-19 13:46:16
500101199,17,9,8,2024-12-19 13:59:14
500108038,17,9,8,2024-12-19 16:19:15
500110052,17,9,8,2024-12-19 14:26:15
500119092,17,9,8,2024-12-19 16:27:16
500104115,17,8,9,2024-12-19 13:58:16
500112020,17,8,9,2024-12-19 13:57:15
500101199,17,7,10,2024-12-19 16:22:15
500103046,17,7,10,2024-12-19 17:08:16
500103046,17,7,10,2024-12-19 17:14:16
500106086,17,6,10,2024-12-19 15:24:15
500106107,17,7,10,2024-12-19 16:15:16
500107037,17,7,10,2024-12-19 15:09:15
500109058,17,6,10,2024-12-19 14:36:15
500101008,17,5,11,2024-12-19 13:31:15
500101199,17,6,11,2024-12-19 14:47:15
500101215,17,6,11,2024-12-19 16:36:15
500103047,17,6,11,2024-12-19 15:44:15
500104099,17,6,11,2024-12-19 14:58:15
500107069,17,6,11,2024-12-19 17:15:17
500109058,17,5,11,2024-12-19 16:57:16
500112042,17,5,11,2024-12-19 14:34:14
500101215,17,5,12,2024-12-19 15:55:16
500105060,17,4,12,2024-12-19 15:04:15
500107164,17,5,12,2024-12-19 13:16:14
500110026,17,5,12,2024-12-19 17:01:16
500101215,17,4,13,2024-12-19 15:47:15
500107164,17,4,13,2024-12-19 15:05:16
500101244,17,3,14,2024-12-19 15:12:15
500112102,17,3,14,2024-12-19 16:32:15
500101175,17,2,15,2024-12-19 17:05:17
500106086,17,1,15,2024-12-19 16:35:15
500107164,17,2,15,2024-12-19 16:58:15
500110026,17,2,15,2024-12-19 15:07:15
500111075,17,2,15,2024-12-19 14:24:14
500112102,17,2,15,2024-12-19 13:34:16
500113052,17,2,15,2024-12-19 13:28:16
500113052,17,1,16,2024-12-19 16:55:17
500110026,17,0,17,2024-12-19 13:43:16
500106107,17,3,14,2024-12-19 21:48:16
500106051,17,7,10,2024-12-19 21:43:14
500101008,17,15,2,2024-12-19 21:41:14
500112102,17,15,2,2024-12-19 21:49:14
500103047,17,17,0,2024-12-19 08:17:15
500103046,17,16,1,2024-12-19 07:35:16
500101165,17,14,3,2024-12-19 08:13:15
500101199,17,13,4,2024-12-19 06:38:15
500101244,17,12,4,2024-12-19 06:03:15
500104115,17,13,4,2024-12-19 07:45:16
500101165,17,12,5,2024-12-19 08:27:16
500103046,17,12,5,2024-12-19 06:37:15
500108038,17,11,5,2024-12-19 07:39:15
500109042,17,11,5,2024-12-19 08:09:15
500111059,17,12,5,2024-12-19 07:18:15
500111063,17,10,5,2024-12-19 07:57:16
500101244,17,10,6,2024-12-19 06:49:15
500104115,17,11,6,2024-12-19 07:27:15
500105060,17,10,6,2024-12-19 08:06:16
500110026,17,11,6,2024-12-19 05:10:15
500113052,17,11,6,2024-12-19 06:06:14
500109058,17,9,7,2024-12-19 08:01:15
500110026,17,10,7,2024-12-19 05:57:15
500113052,17,10,7,2024-12-19 05:44:15
500113052,17,10,7,2024-12-19 06:12:15
500101160,17,9,8,2024-12-19 07:23:15
500111059,17,9,8,2024-12-19 08:35:16
500103047,17,8,9,2024-12-19 06:01:14
500106086,17,7,9,2024-12-19 07:27:15
500107055,17,7,9,2024-12-19 08:28:15
500113052,17,8,9,2024-12-19 07:43:15
500109042,17,4,10,2024-12-19 06:53:15
500111075,17,7,10,2024-12-19 06:39:15
500112042,17,6,10,2024-12-19 07:35:16
500101008,17,5,11,2024-12-19 05:28:14
500101160,17,6,11,2024-12-19 08:24:15
500101160,17,6,11,2024-12-19 08:57:15
500106107,17,6,11,2024-12-19 06:24:15
500110026,17,6,11,2024-12-19 06:56:15
500110026,17,6,11,2024-12-19 07:11:15
500112042,17,5,11,2024-12-19 07:22:15
500107037,17,5,12,2024-12-19 07:17:14
500109058,17,2,12,2024-12-19 06:45:15
500112042,17,4,12,2024-12-19 06:37:15
500105059,17,4,13,2024-12-19 06:54:16
500105060,17,3,13,2024-12-19 07:27:15
500106051,17,4,13,2024-12-19 07:37:15
500108013,17,3,13,2024-12-19 07:45:16
500106086,17,2,14,2024-12-19 08:27:15
500112102,17,3,14,2024-12-19 07:47:15
500106079,17,1,15,2024-12-19 07:57:16
500110026,17,2,15,2024-12-19 07:31:16
500101008,17,0,16,2024-12-19 08:25:16
500110052,17,1,16,2024-12-19 07:56:15
500112102,17,0,17,2024-12-19 08:41:15
500112102,17,0,17,2024-12-19 08:55:16
500101199,17,11,6,2024-12-19 00:05:15
500101215,17,7,10,2024-12-19 00:13:15
500107037,17,13,4,2024-12-19 00:36:15
500112020,17,12,3,2024-12-19 00:45:15
500106127,17,3,14,2024-12-19 00:25:16
500111063,17,9,8,2024-12-19 23:19:15
500109051,17,15,2,2024-12-19 23:22:15
500107164,17,3,14,2024-12-19 00:44:15
500101175,17,4,13,2024-12-19 00:07:15
500107037,17,11,6,2024-12-19 00:57:15
500103047,17,0,17,2024-12-19 22:03:15
500107037,17,11,5,2024-12-19 22:49:15
500101165,17,13,2,2024-12-19 23:05:15
500112042,17,0,16,2024-12-19 22:04:15
500101175,17,2,15,2024-12-19 21:39:15
500101215,17,4,13,2024-12-19 21:34:15
500108038,17,4,13,2024-12-19 21:20:16
500109042,17,8,6,2024-12-19 20:51:16
500109058,17,9,5,2024-12-19 21:30:16
500101160,17,9,8,2024-12-19 21:34:15
500107037,17,9,8,2024-12-19 21:39:15
500104099,17,12,5,2024-12-19 21:25:16
500109051,17,13,4,2024-12-19 21:32:15
500105059,17,4,13,2024-12-19 02:28:15
500101199,17,14,3,2024-12-19 02:48:14
500104115,17,5,12,2024-12-19 03:48:15
500107164,17,5,12,2024-12-19 04:27:14
500101160,17,9,8,2024-12-19 04:25:15
500110026,17,12,5,2024-12-19 03:46:15
500108038,17,5,12,2024-12-19 21:51:15
500110052,17,7,10,2024-12-19 22:06:15
500112102,17,17,0,2024-12-19 22:09:15
500101160,17,2,15,2024-12-19 01:21:15
500107164,17,4,13,2024-12-19 01:18:15
500101175,17,0,17,2024-12-19 21:46:16
500103047,17,0,17,2024-12-19 21:56:15
500106051,17,5,12,2024-12-19 21:59:15
500101165,17,7,8,2024-12-19 21:59:15
500105059,17,9,8,2024-12-19 21:50:17
500110026,17,15,2,2024-12-19 21:48:16
500104115,17,5,12,2024-12-19 00:51:14
500110026,17,16,1,2024-12-19 01:07:15
500104115,17,8,9,2024-12-19 01:31:15
500110026,17,13,4,2024-12-19 02:09:15
500112102,17,9,8,2024-12-19 22:46:15
500104061,17,7,10,2024-12-19 04:28:15
500113002,17,13,4,2024-12-19 04:37:14
500103046,17,1,16,2024-12-19 22:14:15
500112102,17,17,0,2024-12-19 22:16:15
500109042,17,10,4,2024-12-19 03:45:15
500110026,17,15,2,2024-12-19 01:57:15
500109051,17,16,1,2024-12-19 09:47:15
500111063,17,13,2,2024-12-19 11:07:16
500103047,17,14,3,2024-12-19 09:07:15
500110052,17,14,3,2024-12-19 12:15:16
500113002,17,14,3,2024-12-19 11:13:15
500106051,17,13,4,2024-12-19 12:36:15
500109051,17,13,4,2024-12-19 11:39:15
500119092,17,12,4,2024-12-19 09:27:14
500103046,17,12,5,2024-12-19 09:22:15
500103047,17,12,5,2024-12-19 10:48:15
500109042,17,11,5,2024-12-19 10:14:15
500119092,17,11,5,2024-12-19 10:48:15
500119092,17,11,5,2024-12-19 11:04:15
500101160,17,11,6,2024-12-19 12:35:16
500101160,17,11,6,2024-12-19 12:58:15
500107069,17,11,6,2024-12-19 10:44:16
500109042,17,10,6,2024-12-19 09:06:15
500107149,17,7,7,2024-12-19 10:12:15
500108038,17,9,7,2024-12-19 11:29:15
500108062,17,9,7,2024-12-19 09:35:16
500108079,17,9,7,2024-12-19 07:13:14
500109042,17,9,7,2024-12-19 09:09:15
500101160,17,9,8,2024-12-19 09:25:16
500101215,17,9,8,2024-12-19 09:05:16
500104115,17,9,8,2024-12-19 09:06:15
500106127,17,8,8,2024-12-19 11:44:15
500108079,17,8,8,2024-12-19 09:23:15
500108145,17,9,8,2024-12-19 11:07:16
500111059,17,9,8,2024-12-19 12:53:15
500101244,17,7,9,2024-12-19 09:56:16
500106086,17,7,9,2024-12-19 12:18:15
500106107,17,8,9,2024-12-19 11:57:16
500106127,17,8,9,2024-12-19 09:05:16
500107149,17,4,9,2024-12-19 12:18:15
500113002,17,8,9,2024-12-19 09:51:14
500108145,17,7,10,2024-12-19 11:37:15
500108145,17,7,10,2024-12-19 11:49:16
500104099,17,6,11,2024-12-19 12:06:16
500104115,17,6,11,2024-12-19 12:27:14
500104115,17,6,11,2024-12-19 11:17:15
500106051,17,6,11,2024-12-19 09:34:15
500106079,17,5,11,2024-12-19 09:48:15
500106086,17,5,11,2024-12-19 09:19:15
500107037,17,6,11,2024-12-19 09:42:15
500119092,17,5,11,2024-12-19 13:07:15
500101199,17,5,12,2024-12-19 09:45:15
500103046,17,5,12,2024-12-19 12:04:16
500107149,17,1,12,2024-12-19 09:26:15
500112020,17,5,12,2024-12-19 11:33:16
500101008,17,3,13,2024-12-19 12:15:16
500101175,17,4,13,2024-12-19 12:43:15
500101175,17,4,13,2024-12-19 11:56:16
500101199,17,4,13,2024-12-19 11:16:15
500106079,17,3,13,2024-12-19 09:00:18
500107037,17,4,13,2024-12-19 11:48:15
500107037,17,4,13,2024-12-19 10:58:16
500108132,17,4,13,2024-12-19 09:00:18
500111075,17,4,13,2024-12-19 11:47:16
500111075,17,4,13,2024-12-19 10:27:16
500113002,17,4,13,2024-12-19 09:07:15
500101165,17,3,14,2024-12-19 12:02:16
500101175,17,3,14,2024-12-19 09:56:16
500101199,17,3,14,2024-12-19 12:24:16
500112102,17,3,14,2024-12-19 12:34:14
500113052,17,3,14,2024-12-19 09:27:15
500113052,17,3,14,2024-12-19 12:06:16
500113052,17,3,14,2024-12-19 12:12:15
500107069,17,2,15,2024-12-19 09:07:15
500111075,17,2,15,2024-12-19 09:35:16
500111075,17,2,15,2024-12-19 09:46:16
500113052,17,2,15,2024-12-19 12:59:16
500113052,17,2,15,2024-12-19 09:43:15
500101199,17,1,16,2024-12-19 10:07:16
500105059,17,1,16,2024-12-19 08:46:15
500108013,17,0,16,2024-12-19 08:18:15
500110026,17,1,16,2024-12-19 11:17:17
500101199,17,0,17,2024-12-19 10:48:15
500105088,17,0,17,2024-12-19 12:38:15
500106051,17,17,0,2024-12-19 18:54:16
500112020,17,17,0,2024-12-19 18:58:16
500101008,17,16,1,2024-12-19 19:28:14
500101160,17,16,1,2024-12-19 19:28:15
500101244,17,16,1,2024-12-19 18:29:16
500106051,17,16,1,2024-12-19 18:28:15
500108062,17,16,1,2024-12-19 17:42:15
500109051,17,16,1,2024-12-19 19:28:15
500109051,17,16,1,2024-12-19 18:45:16
500101160,17,15,2,2024-12-19 19:33:15
500109042,17,15,2,2024-12-19 17:34:15
500109051,17,15,2,2024-12-19 17:20:17
500107055,17,14,3,2024-12-19 20:54:15
500109051,17,14,3,2024-12-19 17:48:15
500112020,17,14,3,2024-12-19 21:08:15
500104099,17,12,5,2024-12-19 20:54:14
500106079,17,11,5,2024-12-19 18:42:16
500106127,17,12,5,2024-12-19 19:49:15
500109058,17,9,5,2024-12-19 20:23:15
500112020,17,12,5,2024-12-19 18:02:15
500112042,17,11,5,2024-12-19 18:25:17
500104099,17,11,6,2024-12-19 20:32:14
500105059,17,11,6,2024-12-19 18:37:15
500112102,17,11,6,2024-12-19 20:49:14
500104099,17,10,7,2024-12-19 19:53:14
500105059,17,10,7,2024-12-19 19:39:15
500105059,17,10,7,2024-12-19 18:06:15
500112102,17,10,7,2024-12-19 20:31:15
500101165,17,7,8,2024-12-19 19:37:16
500106051,17,9,8,2024-12-19 17:58:16
500110026,17,9,8,2024-12-19 18:17:15
500107164,17,8,9,2024-12-19 20:28:15
500108079,17,7,9,2024-12-19 17:31:15
500111075,17,8,9,2024-12-19 20:54:14
500112102,17,8,9,2024-12-19 18:47:16
500105060,17,7,10,2024-12-19 19:28:15
500111063,17,7,10,2024-12-19 18:55:16
500112042,17,6,10,2024-12-19 18:47:16
500101160,17,6,11,2024-12-19 20:49:14
500107164,17,6,11,2024-12-19 21:08:15
500101215,17,5,12,2024-12-19 20:09:15
500107149,17,1,12,2024-12-19 18:48:16
500107164,17,5,12,2024-12-19 20:59:15
500108145,17,5,12,2024-12-19 19:00:18
500111063,17,5,12,2024-12-19 18:34:15
500103046,17,4,13,2024-12-19 17:25:16
500103046,17,4,13,2024-12-19 17:38:16
500107069,17,4,13,2024-12-19 19:07:15
500107149,17,0,13,2024-12-19 17:47:15
500113002,17,4,13,2024-12-19 20:27:15
500113002,17,4,13,2024-12-19 18:16:15
500101199,17,3,14,2024-12-19 18:45:16
500101215,17,3,14,2024-12-19 19:48:15
500101215,17,3,14,2024-12-19 20:57:16
500103046,17,3,14,2024-12-19 20:12:15
500101199,17,2,15,2024-12-19 19:54:15
500103047,17,2,15,2024-12-19 17:35:16
500104115,17,2,15,2024-12-19 18:50:15
500112102,17,2,15,2024-12-19 18:04:16
500113052,17,2,15,2024-12-19 19:37:16
500113052,17,2,15,2024-12-19 18:18:16
500101175,17,1,16,2024-12-19 21:08:15
500103046,17,1,16,2024-12-19 18:53:15
500103046,17,1,16,2024-12-19 20:58:15
500103047,17,1,16,2024-12-19 19:36:18
500110052,17,1,16,2024-12-19 20:39:16
500113052,17,1,16,2024-12-19 18:07:16
500119092,17,1,16,2024-12-19 17:23:15
500119092,17,1,16,2024-12-19 17:31:15
500101175,17,0,17,2024-12-19 17:26:16
500104115,17,0,17,2024-12-19 20:36:15
500104115,17,0,17,2024-12-19 19:18:16
500111063,17,0,17,2024-12-19 17:30:19
500101175,17,15,2,2024-12-19 15:51:15
500113002,17,15,2,2024-12-19 16:58:15
500101160,17,14,3,2024-12-19 13:54:15
500106086,17,13,3,2024-12-19 17:17:16
500104061,17,12,5,2024-12-19 13:34:16
500106079,17,11,5,2024-12-19 15:37:16
500107037,17,12,5,2024-12-19 16:43:15
500110052,17,12,5,2024-12-19 16:28:15
500103046,17,11,6,2024-12-19 14:10:17
500107037,17,11,6,2024-12-19 16:34:16
500109042,17,11,6,2024-12-19 17:16:16
500110052,17,10,7,2024-12-19 16:07:15
500113002,17,10,7,2024-12-19 17:07:15
500119092,17,10,7,2024-12-19 14:06:15
500103047,17,9,8,2024-12-19 14:23:15
500106107,17,9,8,2024-12-19 13:34:16
500106127,17,8,8,2024-12-19 16:34:16
500107069,17,9,8,2024-12-19 14:25:16
500101165,17,8,9,2024-12-19 15:08:15
500101199,17,8,9,2024-12-19 13:55:16
500103047,17,8,9,2024-12-19 14:14:14
500106086,17,7,9,2024-12-19 13:09:15
500107037,17,8,9,2024-12-19 15:40:16
500101008,17,6,10,2024-12-19 13:47:15
500101008,17,7,10,2024-12-19 16:39:15
500101165,17,7,10,2024-12-19 14:50:16
500101199,17,7,10,2024-12-19 16:54:16
500103047,17,7,10,2024-12-19 14:02:15
500107037,17,7,10,2024-12-19 14:58:15
500111075,17,7,10,2024-12-19 16:55:17
500112020,17,7,10,2024-12-19 14:58:15
500112042,17,6,10,2024-12-19 15:13:16
500107069,17,6,11,2024-12-19 16:19:15
500109058,17,5,11,2024-12-19 13:32:15
500109058,17,5,11,2024-12-19 16:33:15
500107037,17,5,12,2024-12-19 13:35:15
500107149,17,1,12,2024-12-19 16:34:16
500107164,17,5,12,2024-12-19 14:57:15
500112020,17,5,12,2024-12-19 16:28:14
500101199,17,4,13,2024-12-19 15:55:16
500101199,17,4,13,2024-12-19 15:11:15
500101215,17,4,13,2024-12-19 15:15:16
500110026,17,4,13,2024-12-19 16:38:15
500113052,17,4,13,2024-12-19 16:06:15
500101175,17,3,14,2024-12-19 16:41:15
500105088,17,3,14,2024-12-19 16:15:16
500101175,17,2,15,2024-12-19 16:34:16
500101244,17,2,15,2024-12-19 15:47:14
500105060,17,2,15,2024-12-19 17:08:16
500112102,17,2,15,2024-12-19 17:00:17
500111063,17,0,17,2024-12-19 15:06:16
500113052,17,0,17,2024-12-19 17:07:15
500112042,17,3,13,2024-12-19 21:49:15
500107069,17,10,7,2024-12-19 21:42:15
500112020,17,14,3,2024-12-19 21:49:15
500107149,17,17,0,2024-12-19 07:25:17
500119092,17,15,1,2024-12-19 08:34:15
500111063,17,13,2,2024-12-19 07:42:14
500112020,17,13,2,2024-12-19 05:15:15
500119092,17,14,2,2024-12-19 08:56:16
500108062,17,12,4,2024-12-19 06:10:16
500101199,17,12,5,2024-12-19 06:50:16
500109051,17,12,5,2024-12-19 07:55:17
500112042,17,11,5,2024-12-19 08:24:15
500103046,17,11,6,2024-12-19 06:26:14
500109042,17,10,6,2024-12-19 07:48:16
500110052,17,11,6,2024-12-19 08:57:15
500112042,17,10,6,2024-12-19 08:08:16
500107037,17,10,7,2024-12-19 06:33:15
500108038,17,9,7,2024-12-19 08:04:15
500109058,17,9,7,2024-12-19 08:25:15
500111063,17,8,7,2024-12-19 08:31:16
500101160,17,9,8,2024-12-19 06:44:15
500101160,17,9,8,2024-12-19 07:08:15
500103046,17,9,8,2024-12-19 08:24:15
500105060,17,8,8,2024-12-19 08:28:14
500111075,17,9,8,2024-12-19 05:41:15
500101160,17,8,9,2024-12-19 08:36:15
500101160,17,8,9,2024-12-19 08:47:15
500101160,17,8,9,2024-12-19 06:37:15
500106107,17,8,9,2024-12-19 07:25:15
500107069,17,8,9,2024-12-19 07:52:15
500108062,17,7,9,2024-12-19 08:28:15
500104099,17,7,10,2024-12-19 08:37:15
500106127,17,7,10,2024-12-19 08:52:16
500101199,17,6,11,2024-12-19 08:16:15
500104115,17,6,11,2024-12-19 06:47:15
500109058,17,5,11,2024-12-19 07:45:16
500107037,17,5,12,2024-12-19 07:42:15
500107164,17,5,12,2024-12-19 06:36:14
500107164,17,5,12,2024-12-19 06:24:15
500112020,17,5,12,2024-12-19 08:17:15
500113002,17,5,12,2024-12-19 08:51:15
500101175,17,4,13,2024-12-19 08:47:15
500104061,17,4,13,2024-12-19 07:24:15
500101160,17,3,14,2024-12-19 07:46:15
500106127,17,3,14,2024-12-19 07:59:15
500112020,17,3,14,2024-12-19 08:35:16
500101244,17,1,15,2024-12-19 08:05:17
500106127,17,2,15,2024-12-19 07:44:15
500107069,17,1,15,2024-12-19 07:27:15
500108145,17,2,15,2024-12-19 06:52:15
500105059,17,1,16,2024-12-19 08:02:17
500106051,17,1,16,2024-12-19 08:37:16
500106051,17,1,16,2024-12-19 04:51:15
500110026,17,1,16,2024-12-19 08:01:15
500105088,17,0,17,2024-12-19 06:56:15
500106051,17,0,17,2024-12-19 08:17:16
500106051,17,0,17,2024-12-19 08:03:15
500107164,17,0,17,2024-12-19 08:01:17
500110026,17,0,17,2024-12-19 08:08:15
500106051,17,1,16,2024-12-19 00:35:16
500107164,17,1,16,2024-12-19 00:07:16
500106051,17,6,11,2024-12-19 23:54:15
500108038,17,7,10,2024-12-19 23:34:14
500111063,17,13,2,2024-12-19 00:29:15
500112020,17,13,2,2024-12-19 01:06:15
500112102,17,8,9,2024-12-19 23:13:14
500104099,17,11,6,2024-12-19 22:50:16
500108013,17,12,5,2024-12-19 20:53:15
500109042,17,14,0,2024-12-19 22:37:17
500109051,17,14,3,2024-12-19 22:30:16
500101008,17,15,2,2024-12-19 23:16:15
500107164,17,2,15,2024-12-19 22:21:15
500105059,17,11,6,2024-12-19 22:21:15
500108062,17,13,4,2024-12-19 22:08:15
500107069,17,14,3,2024-12-19 22:23:15
500110026,17,17,0,2024-12-19 22:23:14
500107164,17,5,12,2024-12-19 21:37:15
500106051,17,8,9,2024-12-19 21:32:15
500106127,17,11,6,2024-12-19 21:21:15
500108062,17,12,5,2024-12-19 21:35:16
500101008,17,16,1,2024-12-19 21:37:16
500111059,17,16,1,2024-12-19 21:39:15
500108145,17,4,13,2024-12-19 01:29:15
500101175,17,5,12,2024-12-19 02:29:14
500107037,17,12,5,2024-12-19 01:36:15
500104099,17,11,6,2024-12-19 03:39:14
500113002,17,12,5,2024-12-19 03:45:15
500101215,17,2,15,2024-12-19 22:08:16
500104061,17,5,12,2024-12-19 21:43:14
500112020,17,6,8,2024-12-19 21:59:16
500104115,17,3,14,2024-12-19 21:58:14
500110052,17,7,10,2024-12-19 21:58:15
500111075,17,8,9,2024-12-19 21:49:15
500109051,17,12,5,2024-12-19 21:45:15
500109058,17,9,5,2024-12-19 23:51:15
500101160,17,3,14,2024-12-19 01:27:15
500109058,17,9,5,2024-12-19 01:31:15
500101160,17,2,15,2024-12-19 02:17:15
500107164,17,1,16,2024-12-19 22:46:15
500101215,17,1,16,2024-12-19 23:08:14
500101199,17,15,2,2024-12-19 23:08:15
500107069,17,14,3,2024-12-19 22:17:15
500104115,17,5,12,2024-12-19 22:23:15
500113052,17,11,6,2024-12-19 22:26:15
500103046,17,3,14,2024-12-19 23:29:14
500107069,17,17,0,2024-12-19 12:28:15
500106107,17,16,1,2024-12-19 09:20:16
500112042,17,15,1,2024-12-19 09:20:17
500112042,17,15,1,2024-12-19 10:55:16
500113002,17,15,2,2024-12-19 11:50:16
500113002,17,15,2,2024-12-19 10:46:14
500106051,17,14,3,2024-12-19 11:38:15
500106127,17,14,3,2024-12-19 09:36:15
500109051,17,14,3,2024-12-19 11:11:15
500119092,17,13,3,2024-12-19 09:07:15
500104115,17,13,4,2024-12-19 10:28:15
500106051,17,13,4,2024-12-19 12:46:15
500110052,17,13,4,2024-12-19 09:39:15
500101160,17,12,5,2024-12-19 13:08:15
500107069,17,12,5,2024-12-19 10:04:16
500107164,17,12,5,2024-12-19 09:52:15
500119092,17,11,5,2024-12-19 11:40:17
500103046,17,11,6,2024-12-19 09:39:15
500106127,17,10,6,2024-12-19 10:18:15
500108013,17,10,6,2024-12-19 09:38:14
500119092,17,10,6,2024-12-19 10:54:15
500103046,17,10,7,2024-12-19 09:54:15
500107149,17,6,7,2024-12-19 11:21:16
500107164,17,10,7,2024-12-19 09:59:16
500109058,17,9,7,2024-12-19 11:04:15
500119092,17,9,7,2024-12-19 11:34:15
500107037,17,9,8,2024-12-19 09:59:16
500108038,17,8,8,2024-12-19 12:18:15
500109058,17,8,8,2024-12-19 12:14:15
500107149,17,5,9,2024-12-19 09:30:16
500108013,17,7,9,2024-12-19 12:17:16
500101160,17,7,10,2024-12-19 12:08:15
500101165,17,7,10,2024-12-19 12:35:16
500104099,17,7,10,2024-12-19 11:18:16
500104115,17,7,10,2024-12-19 12:05:17
500105060,17,6,10,2024-12-19 09:45:15
500106127,17,6,10,2024-12-19 12:08:15
500107069,17,7,10,2024-12-19 11:06:15
500101175,17,6,11,2024-12-19 09:26:15
500106086,17,5,11,2024-12-19 09:05:15
500101175,17,5,12,2024-12-19 12:55:16
500101215,17,5,12,2024-12-19 12:39:15
500101244,17,5,12,2024-12-19 11:24:15
500103046,17,5,12,2024-12-19 11:38:15
500103047,17,5,12,2024-12-19 12:39:15
500104099,17,5,12,2024-12-19 11:45:15
500107037,17,5,12,2024-12-19 12:22:16
500113052,17,5,12,2024-12-19 10:50:16
500101165,17,4,13,2024-12-19 11:33:15
500101199,17,4,13,2024-12-19 12:05:17
500107037,17,4,13,2024-12-19 11:57:16
500107164,17,4,13,2024-12-19 12:36:15
500112020,17,4,13,2024-12-19 11:19:15
500119092,17,3,13,2024-12-19 12:38:15
500101008,17,2,14,2024-12-19 09:23:15
500101008,17,2,14,2024-12-19 11:04:15
500101160,17,3,14,2024-12-19 11:18:16
500101165,17,3,14,2024-12-19 10:03:15
500101244,17,3,14,2024-12-19 12:36:15
500103047,17,3,14,2024-12-19 12:20:16
500103047,17,3,14,2024-12-19 11:55:17
500113052,17,3,14,2024-12-19 12:57:14
500101008,17,1,15,2024-12-19 09:33:15
500101008,17,1,15,2024-12-19 10:07:16
500101199,17,2,15,2024-12-19 09:33:15
500110026,17,2,15,2024-12-19 08:59:15
500113052,17,2,15,2024-12-19 12:23:16
500101175,17,1,16,2024-12-19 10:09:16
500112102,17,1,16,2024-12-19 09:40:19
500112102,17,0,17,2024-12-19 09:31:15
500109042,17,17,0,2024-12-19 18:54:16
500112020,17,17,0,2024-12-19 19:05:16
500101008,17,16,1,2024-12-19 19:52:16
500106051,17,16,1,2024-12-19 19:26:16
500101008,17,15,2,2024-12-19 20:38:16
500112042,17,14,2,2024-12-19 18:16:16
500111059,17,14,3,2024-12-19 20:31:15
500107037,17,13,4,2024-12-19 17:38:16
500113002,17,13,4,2024-12-19 20:09:15
500108038,17,12,5,2024-12-19 17:45:16
500107037,17,11,6,2024-12-19 21:09:16
500107055,17,11,6,2024-12-19 18:26:16
500107149,17,7,6,2024-12-19 20:26:16
500108132,17,11,6,2024-12-19 18:31:15
500105059,17,10,7,2024-12-19 20:17:15
500108079,17,9,7,2024-12-19 19:33:15
500101160,17,9,8,2024-12-19 21:18:15
500101244,17,9,8,2024-12-19 17:35:16
500106051,17,9,8,2024-12-19 20:46:15
500107164,17,9,8,2024-12-19 20:11:16
500108062,17,9,8,2024-12-19 20:29:15
500112020,17,9,8,2024-12-19 17:25:16
500101175,17,8,9,2024-12-19 19:18:15
500101244,17,8,9,2024-12-19 20:30:17
500105059,17,8,9,2024-12-19 19:28:15
500107037,17,8,9,2024-12-19 20:35:16
500107069,17,8,9,2024-12-19 20:38:15
500108079,17,7,9,2024-12-19 18:01:16
500109058,17,5,9,2024-12-19 19:06:16
500112042,17,7,9,2024-12-19 18:52:15
500101175,17,7,10,2024-12-19 18:37:15
500104061,17,7,10,2024-12-19 19:56:16
500107164,17,7,10,2024-12-19 19:28:15
500110026,17,7,10,2024-12-19 18:07:16
500110052,17,6,11,2024-12-19 18:35:16
500111075,17,6,11,2024-12-19 17:13:15
500112042,17,5,11,2024-12-19 21:19:16
500101215,17,5,12,2024-12-19 17:48:15
500107149,17,1,12,2024-12-19 18:52:15
500113052,17,5,12,2024-12-19 19:57:15
500101175,17,4,13,2024-12-19 20:25:15
500106107,17,4,13,2024-12-19 17:54:15
500119092,17,4,13,2024-12-19 18:58:16
500101215,17,2,15,2024-12-19 20:32:15
500103046,17,2,15,2024-12-19 20:21:15
500104115,17,2,15,2024-12-19 20:42:16
500105060,17,2,15,2024-12-19 17:28:15
500106127,17,1,15,2024-12-19 18:19:15
500107164,17,2,15,2024-12-19 17:37:16
500101175,17,1,16,2024-12-19 20:04:16
500101175,17,1,16,2024-12-19 20:42:15
500103047,17,1,16,2024-12-19 21:08:15
500104115,17,1,16,2024-12-19 18:45:16
500103047,17,0,17,2024-12-19 19:16:15
500106086,17,16,0,2024-12-19 16:55:16
500101160,17,15,2,2024-12-19 15:10:15
500106127,17,13,3,2024-12-19 14:00:17
500109051,17,13,4,2024-12-19 17:17:16
500109051,17,12,5,2024-12-19 16:23:15
500101175,17,11,6,2024-12-19 14:19:14
500107055,17,11,6,2024-12-19 13:54:15
500104061,17,10,7,2024-12-19 14:08:15
500113002,17,10,7,2024-12-19 14:09:16
500104061,17,9,8,2024-12-19 15:16:15
500107037,17,9,8,2024-12-19 15:33:15
500108038,17,8,8,2024-12-19 14:31:15
500111059,17,9,8,2024-12-19 15:08:14
500113002,17,9,8,2024-12-19 17:14:16
500103047,17,8,9,2024-12-19 13:58:16
500104115,17,8,9,2024-12-19 17:03:16
500112042,17,7,9,2024-12-19 15:03:15
500101199,17,7,10,2024-12-19 16:47:15
500101244,17,7,10,2024-12-19 17:08:16
500112020,17,7,10,2024-12-19 15:08:14
500112042,17,6,10,2024-12-19 17:06:15
500101215,17,6,11,2024-12-19 13:38:16
500108145,17,6,11,2024-12-19 16:46:14
500112020,17,6,11,2024-12-19 16:14:15
500104099,17,5,12,2024-12-19 16:57:16
500107069,17,5,12,2024-12-19 16:36:15
500107164,17,5,12,2024-12-19 14:20:16
500109058,17,4,12,2024-12-19 16:45:17
500112042,17,4,12,2024-12-19 14:22:15
500101175,17,4,13,2024-12-19 13:19:15
500107149,17,0,13,2024-12-19 16:57:16
500110026,17,4,13,2024-12-19 16:58:15
500101244,17,3,14,2024-12-19 14:53:15
500103047,17,3,14,2024-12-19 16:30:16
500104061,17,3,14,2024-12-19 13:23:15
500111063,17,3,14,2024-12-19 13:51:15
500113052,17,3,14,2024-12-19 15:55:16
500119092,17,3,14,2024-12-19 13:16:15
500112102,17,2,15,2024-12-19 15:15:16
500105059,17,1,16,2024-12-19 16:18:16
500113052,17,1,16,2024-12-19 14:52:16
500104115,17,2,15,2024-12-19 21:46:15
500113052,17,7,10,2024-12-19 21:46:15
500107037,17,8,9,2024-12-19 21:49:15
500106107,17,17,0,2024-12-19 08:19:16
500106107,17,17,0,2024-12-19 08:37:16
500107069,17,17,0,2024-12-19 08:36:17
500107069,17,17,0,2024-12-19 08:38:15
500103047,17,16,1,2024-12-19 08:47:15
500111063,17,14,1,2024-12-19 05:01:15
500111063,17,14,1,2024-12-19 06:11:15
500101244,17,14,2,2024-12-19 05:42:15
500103046,17,15,2,2024-12-19 07:03:15
500107149,17,15,2,2024-12-19 07:13:15
500109051,17,15,2,2024-12-19 08:25:16
500112020,17,13,2,2024-12-19 05:35:15
500101165,17,14,3,2024-12-19 07:53:16
500101165,17,14,3,2024-12-19 06:17:14
500103046,17,14,3,2024-12-19 06:50:16
500107069,17,14,3,2024-12-19 08:16:15
500109051,17,14,3,2024-12-19 06:47:15
500101165,17,13,4,2024-12-19 06:40:16
500101244,17,12,4,2024-12-19 08:37:15
500103046,17,13,4,2024-12-19 06:40:16
500111059,17,13,4,2024-12-19 07:08:15
500101165,17,12,5,2024-12-19 07:47:14
500108038,17,11,5,2024-12-19 06:42:15
500108062,17,11,5,2024-12-19 06:19:15
500113002,17,12,5,2024-12-19 04:54:15
500101165,17,11,6,2024-12-19 07:15:17
500101175,17,11,6,2024-12-19 07:37:15
500108038,17,10,6,2024-12-19 07:53:16
500108145,17,11,6,2024-12-19 08:42:15
500101199,17,10,7,2024-12-19 07:36:15
500106086,17,9,7,2024-12-19 07:45:16
500107069,17,10,7,2024-12-19 07:59:15
500104115,17,9,8,2024-12-19 07:15:17
500107055,17,8,8,2024-12-19 08:23:15
500107149,17,9,8,2024-12-19 06:25:15
500112102,17,9,8,2024-12-19 06:47:15
500112102,17,9,8,2024-12-19 05:39:15
500106107,17,8,9,2024-12-19 07:37:15
500107037,17,8,9,2024-12-19 06:25:15
500107055,17,7,9,2024-12-19 07:59:15
500108038,17,6,10,2024-12-19 08:22:15
500109058,17,4,10,2024-12-19 06:37:15
500109058,17,6,10,2024-12-19 07:25:15
500109058,17,6,10,2024-12-19 07:56:15
500104061,17,6,11,2024-12-19 06:38:15
500106051,17,6,11,2024-12-19 08:50:16
500106107,17,6,11,2024-12-19 07:17:14
500111075,17,6,11,2024-12-19 07:36:15
500111075,17,5,12,2024-12-19 08:16:15
500111075,17,5,12,2024-12-19 07:47:15
500101165,17,4,13,2024-12-19 08:39:15
500101215,17,4,13,2024-12-19 07:47:15
500111075,17,4,13,2024-12-19 07:57:16
500113052,17,4,13,2024-12-19 07:55:17
500101175,17,3,14,2024-12-19 08:01:15
500107069,17,2,14,2024-12-19 05:14:15
500107069,17,2,14,2024-12-19 05:39:15
500108145,17,3,14,2024-12-19 07:59:15
500109058,17,0,14,2024-12-19 06:56:15
500101008,17,1,15,2024-12-19 08:02:15
500101244,17,1,15,2024-12-19 08:02:15
500104061,17,2,15,2024-12-19 08:35:16
500105059,17,2,15,2024-12-19 06:42:15
500108132,17,2,15,2024-12-19 08:23:15
500110026,17,2,15,2024-12-19 08:57:15
500113002,17,2,15,2024-12-19 07:35:16
500105088,17,1,16,2024-12-19 07:06:16
500106051,17,1,16,2024-12-19 06:38:15
500106127,17,1,16,2024-12-19 08:36:15
500103047,17,0,17,2024-12-19 05:11:15
500107037,17,0,17,2024-12-19 08:19:16
500101008,17,8,9,2024-12-19 00:07:15
500101165,17,5,10,2024-12-19 00:45:15
500101160,17,7,10,2024-12-19 00:26:15
500107164,17,1,16,2024-12-19 23:55:16
500106107,17,3,14,2024-12-19 23:03:15
500103047,17,1,16,2024-12-19 23:36:15
500111075,17,9,8,2024-12-19 23:51:15
500107149,17,6,11,2024-12-19 01:09:14
500107055,17,8,9,2024-12-19 01:03:15
500112102,17,10,7,2024-12-19 00:54:15
500104061,17,12,5,2024-12-19 00:58:14
500110026,17,15,2,2024-12-19 01:09:15
500101175,17,0,17,2024-12-19 22:35:17
500106051,17,7,10,2024-12-19 23:11:15
500110052,17,7,10,2024-12-19 23:12:15
500105059,17,12,5,2024-12-19 23:00:17
500107069,17,13,3,2024-12-19 22:49:14
500106127,17,16,1,2024-12-19 23:18:15
500106079,17,5,11,2024-12-19 21:59:15
500119092,17,1,16,2024-12-19 21:38:15
500110026,17,16,1,2024-12-19 21:31:15
500106051,17,0,17,2024-12-19 01:51:15
500108079,17,13,3,2024-12-19 01:22:15
500110026,17,14,3,2024-12-19 02:33:15
500112042,17,2,14,2024-12-19 03:49:15
500107037,17,13,4,2024-12-19 03:59:14
500101165,17,16,1,2024-12-19 04:27:14
500103046,17,0,17,2024-12-19 21:58:16
500106107,17,4,13,2024-12-19 21:59:15
500101199,17,8,9,2024-12-19 22:05:16
500107069,17,12,5,2024-12-19 22:05:16
500104099,17,10,7,2024-12-19 01:23:15
500105059,17,11,6,2024-12-19 23:48:14
500110026,17,15,2,2024-12-19 23:22:15
500109042,17,9,3,2024-12-19 00:49:15
500112102,17,13,4,2024-12-19 01:53:15
500101199,17,11,6,2024-12-19 22:42:15
500111075,17,10,7,2024-12-19 04:28:15
500101160,17,12,5,2024-12-19 22:57:14
500109058,17,12,2,2024-12-19 22:14:15
500107069,17,3,13,2024-12-19 04:40:15
500113052,17,10,7,2024-12-19 01:49:14
500113002,17,13,4,2024-12-19 23:31:15
500101160,17,4,13,2024-12-19 02:02:15
500112042,17,16,0,2024-12-19 11:14:16
500110052,17,16,1,2024-12-19 11:45:15
500103047,17,15,2,2024-12-19 09:37:15
500106107,17,15,2,2024-12-19 09:43:15
500109051,17,15,2,2024-12-19 09:51:14
500110052,17,15,2,2024-12-19 10:37:15
500110052,17,14,3,2024-12-19 10:27:16
500104115,17,13,4,2024-12-19 10:18:15
500107069,17,13,4,2024-12-19 12:05:17
500107149,17,10,4,2024-12-19 10:44:16
500110052,17,13,4,2024-12-19 09:09:15
500103047,17,12,5,2024-12-19 09:27:15
500106051,17,12,5,2024-12-19 12:08:15
500110052,17,12,5,2024-12-19 09:06:15
500106086,17,10,6,2024-12-19 11:45:15
500106107,17,11,6,2024-12-19 11:45:15
500108145,17,11,6,2024-12-19 09:27:15
500111063,17,9,6,2024-12-19 09:56:15
500119092,17,10,6,2024-12-19 11:26:15
500103047,17,10,7,2024-12-19 11:21:15
500104115,17,10,7,2024-12-19 10:00:18
500106086,17,9,7,2024-12-19 12:46:15
500107055,17,9,7,2024-12-19 10:47:16
500108062,17,9,7,2024-12-19 09:11:15
500119092,17,9,7,2024-12-19 09:44:15
500101244,17,8,8,2024-12-19 09:34:15
500106079,17,8,8,2024-12-19 11:00:18
500106127,17,8,8,2024-12-19 13:04:15
500107055,17,9,8,2024-12-19 12:08:15
500107149,17,6,8,2024-12-19 09:45:15
500109058,17,8,8,2024-12-19 12:45:16
500101244,17,7,9,2024-12-19 09:05:16
500103046,17,8,9,2024-12-19 10:07:16
500106127,17,7,9,2024-12-19 11:57:15
500112102,17,8,9,2024-12-19 10:55:17
500101160,17,7,10,2024-12-19 09:44:15
500101165,17,7,10,2024-12-19 12:19:16
500101199,17,7,10,2024-12-19 11:36:15
500101244,17,6,10,2024-12-19 09:41:15
500105060,17,6,10,2024-12-19 11:37:15
500119092,17,6,10,2024-12-19 12:39:15
500101165,17,6,11,2024-12-19 12:26:15
500103047,17,6,11,2024-12-19 12:58:15
500103047,17,6,11,2024-12-19 11:38:15
500108145,17,6,11,2024-12-19 12:07:16
500112102,17,6,11,2024-12-19 11:08:15
500101008,17,4,12,2024-12-19 13:03:15
500107037,17,5,12,2024-12-19 10:45:15
500111075,17,5,12,2024-12-19 11:05:17
500112102,17,4,13,2024-12-19 12:28:15
500113052,17,4,13,2024-12-19 09:04:15
500112020,17,3,14,2024-12-19 09:07:15
500101160,17,2,15,2024-12-19 10:02:15
500101175,17,2,15,2024-12-19 10:06:15
500101175,17,2,15,2024-12-19 10:32:15
500101244,17,2,15,2024-12-19 11:48:15
500105059,17,2,15,2024-12-19 10:04:16
500101175,17,1,16,2024-12-19 11:36:15
500105059,17,1,16,2024-12-19 12:42:15
500112020,17,1,16,2024-12-19 09:58:15
500110026,17,0,17,2024-12-19 09:10:18
500110026,17,0,17,2024-12-19 11:30:18
500110026,17,0,17,2024-12-19 09:53:17
500101160,17,8,9,2024-12-19 04:12:14
500106051,17,17,0,2024-12-19 19:19:15
500106051,17,17,0,2024-12-19 18:34:16
500112020,17,17,0,2024-12-19 18:29:15
500112020,17,17,0,2024-12-19 18:38:16
500101160,17,16,1,2024-12-19 17:48:15
500101244,17,15,2,2024-12-19 18:55:17
500101244,17,15,2,2024-12-19 18:39:15
500106079,17,14,2,2024-12-19 17:28:15
500106079,17,14,2,2024-12-19 18:06:15
500109051,17,15,2,2024-12-19 17:56:16
500112020,17,15,2,2024-12-19 21:15:16
500101244,17,14,3,2024-12-19 18:15:17
500106086,17,13,3,2024-12-19 18:29:16
500107055,17,14,3,2024-12-19 16:16:14
500108038,17,14,3,2024-12-19 18:36:16
500106127,17,13,4,2024-12-19 19:08:14
500107055,17,13,4,2024-12-19 18:06:15
500109042,17,12,4,2024-12-19 19:08:16
500105059,17,12,5,2024-12-19 18:22:15
500106051,17,12,5,2024-12-19 17:46:15
500106127,17,12,5,2024-12-19 20:51:15
500108132,17,12,5,2024-12-19 18:15:17
500109051,17,12,5,2024-12-19 20:16:16
500110052,17,12,5,2024-12-19 17:59:15
500112020,17,12,5,2024-12-19 20:07:15
500104099,17,11,6,2024-12-19 19:13:15
500105059,17,11,6,2024-12-19 20:10:17
500108038,17,11,6,2024-12-19 18:00:18
500108038,17,11,6,2024-12-19 18:26:15
500111059,17,11,6,2024-12-19 18:03:15
500112020,17,11,6,2024-12-19 17:57:15
500107149,17,6,7,2024-12-19 20:49:15
500108013,17,10,7,2024-12-19 17:53:15
500108132,17,10,7,2024-12-19 18:24:16
500109042,17,7,7,2024-12-19 20:18:15
500109051,17,10,7,2024-12-19 20:48:15
500110052,17,10,7,2024-12-19 17:48:15
500112102,17,10,7,2024-12-19 20:24:15
500110052,17,9,8,2024-12-19 18:07:16
500111075,17,9,8,2024-12-19 17:54:15
500107069,17,8,9,2024-12-19 21:08:15
500109042,17,5,9,2024-12-19 20:07:15
500110052,17,8,9,2024-12-19 19:58:15
500111075,17,8,9,2024-12-19 18:14:15
500113002,17,8,9,2024-12-19 18:46:15
500101165,17,5,10,2024-12-19 19:28:15
500101165,17,5,10,2024-12-19 21:12:15
500101215,17,7,10,2024-12-19 19:07:15
500107069,17,7,10,2024-12-19 17:28:15
500107164,17,7,10,2024-12-19 19:54:15
500108145,17,7,10,2024-12-19 18:17:15
500110052,17,7,10,2024-12-19 18:48:15
500112042,17,6,10,2024-12-19 19:59:15
500112042,17,6,10,2024-12-19 20:11:16
500112102,17,7,10,2024-12-19 20:04:16
500113002,17,7,10,2024-12-19 18:33:16
500101165,17,4,11,2024-12-19 19:19:15
500101215,17,6,11,2024-12-19 18:16:16
500107164,17,6,11,2024-12-19 19:37:15
500101215,17,5,12,2024-12-19 19:25:15
500110052,17,5,12,2024-12-19 19:15:15
500111075,17,5,12,2024-12-19 19:47:15
500105060,17,4,13,2024-12-19 18:04:16
500105088,17,4,13,2024-12-19 19:17:14
500105088,17,4,13,2024-12-19 18:13:16
500107149,17,0,13,2024-12-19 18:27:18
500111063,17,4,13,2024-12-19 17:57:15
500113002,17,4,13,2024-12-19 20:43:15
500119092,17,4,13,2024-12-19 18:27:15
500101199,17,3,14,2024-12-19 20:13:15
500101199,17,3,14,2024-12-19 19:19:15
500101199,17,3,14,2024-12-19 19:27:15
500105060,17,3,14,2024-12-19 17:33:16
500105060,17,3,14,2024-12-19 18:13:15
500107164,17,3,14,2024-12-19 17:28:15
500108038,17,3,14,2024-12-19 19:35:16
500108145,17,3,14,2024-12-19 20:07:15
500110052,17,3,14,2024-12-19 19:04:15
500112102,17,3,14,2024-12-19 17:58:16
500113052,17,3,14,2024-12-19 18:56:15
500101175,17,2,15,2024-12-19 19:37:16
500101199,17,2,15,2024-12-19 20:27:15
500101199,17,2,15,2024-12-19 17:37:15
500101199,17,2,15,2024-12-19 18:38:15
500107164,17,2,15,2024-12-19 19:02:16
500108062,17,2,15,2024-12-19 18:27:15
500110052,17,2,15,2024-12-19 20:46:16
500101175,17,1,16,2024-12-19 18:06:15
500103047,17,1,16,2024-12-19 19:26:15
500107164,17,1,16,2024-12-19 18:53:15
500119092,17,14,3,2024-12-19 15:15:16
500101160,17,13,4,2024-12-19 13:43:14
500101175,17,13,4,2024-12-19 15:06:14
500104115,17,13,4,2024-12-19 16:18:16
500106051,17,12,5,2024-12-19 15:11:15
500106127,17,11,5,2024-12-19 15:58:15
500109051,17,12,5,2024-12-19 17:08:16
500109051,17,12,5,2024-12-19 15:28:14
500113002,17,12,5,2024-12-19 16:13:15
500101160,17,11,6,2024-12-19 13:38:16
500101160,17,11,6,2024-12-19 16:48:16
500106127,17,10,6,2024-12-19 13:27:15
500107149,17,7,6,2024-12-19 13:14:15
500108062,17,11,6,2024-12-19 16:55:17
500119092,17,11,6,2024-12-19 14:44:15
500107037,17,10,7,2024-12-19 17:15:17
500108038,17,10,7,2024-12-19 16:49:15
500109042,17,9,7,2024-12-19 15:00:17
500110052,17,10,7,2024-12-19 15:32:15
500111059,17,10,7,2024-12-19 17:06:16
500111059,17,10,7,2024-12-19 14:56:15
500101160,17,9,8,2024-12-19 14:38:15
500108038,17,8,8,2024-12-19 16:12:15
500104115,17,8,9,2024-12-19 16:08:17
500107069,17,8,9,2024-12-19 17:08:16
500108013,17,8,9,2024-12-19 16:49:15
500101165,17,7,10,2024-12-19 13:13:15
500101165,17,7,10,2024-12-19 13:57:15
500107069,17,7,10,2024-12-19 15:31:15
500107069,17,7,10,2024-12-19 16:17:15
500108013,17,7,10,2024-12-19 17:00:17
500108145,17,7,10,2024-12-19 17:05:17
500112042,17,6,10,2024-12-19 14:55:16
500101215,17,6,11,2024-12-19 16:47:15
500103047,17,6,11,2024-12-19 13:21:15
500104099,17,6,11,2024-12-19 16:10:16
500112020,17,6,11,2024-12-19 16:48:16
500111063,17,5,12,2024-12-19 13:27:15
500112042,17,4,12,2024-12-19 16:27:16
500101244,17,4,13,2024-12-19 14:01:15
500101244,17,3,14,2024-12-19 15:24:15
500105088,17,3,14,2024-12-19 13:41:16
500107164,17,3,14,2024-12-19 15:21:15
500113052,17,3,14,2024-12-19 13:30:16
500101199,17,2,15,2024-12-19 15:28:14
500111063,17,2,15,2024-12-19 16:07:15
500101244,17,1,16,2024-12-19 16:32:15
500105059,17,0,17,2024-12-19 15:37:16
500103047,17,1,16,2024-12-19 21:46:14
500101165,17,8,7,2024-12-19 21:48:16
500103047,17,17,0,2024-12-19 07:47:15
500109051,17,16,1,2024-12-19 08:36:15
500111063,17,14,1,2024-12-19 06:52:15
500101165,17,15,2,2024-12-19 04:44:14
500101199,17,15,2,2024-12-19 05:47:15
500109051,17,15,2,2024-12-19 08:53:15
500112042,17,14,2,2024-12-19 08:35:16
500103046,17,14,3,2024-12-19 07:42:15
500104115,17,14,3,2024-12-19 07:57:16
500108079,17,13,3,2024-12-19 06:03:15
500109051,17,14,3,2024-12-19 07:45:16
500111059,17,14,3,2024-12-19 06:32:15
500101199,17,13,4,2024-12-19 07:27:15
500101199,17,12,5,2024-12-19 06:27:15
500101244,17,11,5,2024-12-19 06:47:15
500103046,17,12,5,2024-12-19 06:08:14
500109042,17,9,5,2024-12-19 07:47:15
500109058,17,8,6,2024-12-19 05:41:15
500111059,17,11,6,2024-12-19 07:37:15
500113052,17,11,6,2024-12-19 06:22:14
500119092,17,10,6,2024-12-19 07:30:16
500112042,17,9,7,2024-12-19 08:01:15
500119092,17,9,7,2024-12-19 07:27:14
500103046,17,9,8,2024-12-19 08:47:15
500107037,17,9,8,2024-12-19 06:08:14
500107055,17,8,8,2024-12-19 08:16:15
500107055,17,8,8,2024-12-19 08:42:15
500109058,17,8,8,2024-12-19 08:29:15
500113002,17,9,8,2024-12-19 07:57:16
500101244,17,7,9,2024-12-19 07:26:15
500103047,17,8,9,2024-12-19 05:44:15
500104099,17,8,9,2024-12-19 08:16:15
500101175,17,7,10,2024-12-19 07:24:15
500101215,17,7,10,2024-12-19 08:45:16
500101215,17,7,10,2024-12-19 07:12:15
500105060,17,6,10,2024-12-19 05:47:15
500106107,17,7,10,2024-12-19 06:42:15
500113052,17,7,10,2024-12-19 07:27:15
500101175,17,6,11,2024-12-19 06:37:15
500101215,17,6,11,2024-12-19 06:06:14
500106086,17,5,11,2024-12-19 08:53:14
500107164,17,6,11,2024-12-19 08:57:14
500110052,17,6,11,2024-12-19 05:15:15
500101008,17,4,12,2024-12-19 05:36:15
500101175,17,5,12,2024-12-19 06:46:15
500107069,17,5,12,2024-12-19 07:36:15
500111075,17,5,12,2024-12-19 08:02:15
500101160,17,4,13,2024-12-19 05:29:15
500101175,17,4,13,2024-12-19 06:49:15
500101244,17,3,13,2024-12-19 07:45:16
500106051,17,4,13,2024-12-19 07:22:14
500108145,17,4,13,2024-12-19 08:05:16
500109058,17,3,13,2024-12-19 08:46:15
500111075,17,4,13,2024-12-19 08:41:15
500101175,17,3,14,2024-12-19 08:55:16
500101199,17,3,14,2024-12-19 08:35:16
500106079,17,2,14,2024-12-19 07:01:15
500107037,17,3,14,2024-12-19 07:56:15
500109058,17,2,14,2024-12-19 07:37:15
500110052,17,3,14,2024-12-19 06:26:15
500101175,17,2,15,2024-12-19 08:21:16
500108013,17,1,15,2024-12-19 07:49:16
500108145,17,2,15,2024-12-19 07:52:15
500110052,17,2,15,2024-12-19 08:01:15
500113052,17,2,15,2024-12-19 08:02:15
500106051,17,1,16,2024-12-19 07:57:16
500108013,17,0,16,2024-12-19 08:16:15
500112102,17,1,16,2024-12-19 08:36:15
500110052,17,0,17,2024-12-19 07:47:14
500104099,17,1,16,2024-12-19 00:36:15
500107164,17,1,16,2024-12-19 00:09:15
500108038,17,10,6,2024-12-19 00:05:15
500112020,17,13,2,2024-12-19 00:34:14
500105059,17,1,16,2024-12-19 03:16:15
500111075,17,10,7,2024-12-19 23:40:15
500101199,17,11,6,2024-12-19 00:18:15
500105059,17,9,8,2024-12-19 00:48:14
500108079,17,11,5,2024-12-19 23:28:15
500107055,17,14,3,2024-12-19 21:30:16
500110052,17,8,9,2024-12-19 23:37:14
500110052,17,6,11,2024-12-19 00:33:15
500101199,17,13,4,2024-12-19 00:32:15
500109051,17,14,3,2024-12-19 00:51:14
500101215,17,2,15,2024-12-19 23:17:14
500104115,17,6,11,2024-12-19 23:18:15
500105060,17,8,9,2024-12-19 22:54:15
500111075,17,9,8,2024-12-19 22:05:15
500107149,17,2,11,2024-12-19 22:36:15
500101165,17,11,4,2024-12-19 22:24:14
500101244,17,12,5,2024-12-19 22:28:15
500106127,17,17,0,2024-12-19 22:33:15
500104115,17,4,13,2024-12-19 21:17:15
500113052,17,5,12,2024-12-19 21:38:15
500101244,17,10,7,2024-12-19 21:18:15
500112020,17,17,0,2024-12-19 21:24:16
500107069,17,4,12,2024-12-19 02:47:15
500112102,17,10,7,2024-12-19 02:35:15
500101175,17,6,11,2024-12-19 03:11:15
500107055,17,7,9,2024-12-19 03:43:14
500104061,17,9,8,2024-12-19 04:27:14
500107037,17,13,4,2024-12-19 01:22:15
500113052,17,7,10,2024-12-19 21:59:15
500101199,17,9,8,2024-12-19 21:54:15
500112102,17,16,1,2024-12-19 21:58:15
500105059,17,7,10,2024-12-19 00:59:15
500106051,17,1,16,2024-12-19 01:46:14
500104061,17,11,6,2024-12-19 01:36:15
500104099,17,11,6,2024-12-19 01:44:14
500109042,17,10,4,2024-12-19 04:34:15
500110052,17,8,9,2024-12-19 23:05:15
500113002,17,11,6,2024-12-19 23:08:15
500104115,17,6,11,2024-12-19 22:17:15
500101199,17,7,10,2024-12-19 22:15:16
500101160,17,13,4,2024-12-19 22:19:15
500109042,17,13,1,2024-12-19 22:23:14
500101199,17,13,4,2024-12-19 22:54:14
500101008,17,15,2,2024-12-19 22:51:15
500110026,17,15,2,2024-12-19 02:02:15
500104115,17,17,0,2024-12-19 10:54:15
500112042,17,16,0,2024-12-19 09:56:15
500107069,17,15,2,2024-12-19 10:38:15
500106051,17,14,3,2024-12-19 11:08:15
500107164,17,14,3,2024-12-19 09:37:15
500109051,17,14,3,2024-12-19 11:24:15
500110052,17,14,3,2024-12-19 12:45:16
500103047,17,13,4,2024-12-19 10:03:15
500103047,17,13,4,2024-12-19 10:28:15
500109042,17,12,4,2024-12-19 12:28:15
500104115,17,12,5,2024-12-19 09:51:14
500106051,17,12,5,2024-12-19 12:58:15
500106127,17,11,5,2024-12-19 11:03:16
500109042,17,11,5,2024-12-19 11:06:15
500109051,17,12,5,2024-12-19 10:17:16
500104115,17,11,6,2024-12-19 09:45:15
500107055,17,10,6,2024-12-19 10:17:16
500108038,17,10,6,2024-12-19 11:19:15
500107069,17,10,7,2024-12-19 11:27:15
500107149,17,7,7,2024-12-19 10:35:16
500111063,17,8,7,2024-12-19 09:34:15
500112020,17,10,7,2024-12-19 12:39:15
500106051,17,9,8,2024-12-19 09:53:15
500106086,17,8,8,2024-12-19 12:07:15
500111059,17,9,8,2024-12-19 10:41:15
500101160,17,8,9,2024-12-19 09:34:15
500101160,17,8,9,2024-12-19 11:48:15
500105060,17,7,9,2024-12-19 09:27:15
500106079,17,7,9,2024-12-19 10:27:16
500106127,17,7,9,2024-12-19 12:17:16
500107164,17,8,9,2024-12-19 10:10:16
500112102,17,8,9,2024-12-19 11:35:17
500112102,17,8,9,2024-12-19 10:46:15
500119092,17,7,9,2024-12-19 12:58:15
500104099,17,7,10,2024-12-19 09:00:18
500107164,17,7,10,2024-12-19 11:53:16
500108038,17,6,10,2024-12-19 09:21:15
500119092,17,6,10,2024-12-19 12:06:16
500103046,17,6,11,2024-12-19 11:50:15
500112020,17,6,11,2024-12-19 11:50:15
500101008,17,4,12,2024-12-19 12:56:15
500101160,17,5,12,2024-12-19 09:07:15
500101165,17,5,12,2024-12-19 11:27:15
500103047,17,5,12,2024-12-19 13:03:15
500104061,17,5,12,2024-12-19 11:10:16
500104115,17,5,12,2024-12-19 12:17:15
500101008,17,3,13,2024-12-19 12:28:15
500101175,17,4,13,2024-12-19 09:01:15
500101199,17,4,13,2024-12-19 09:57:15
500103047,17,4,13,2024-12-19 12:07:16
500111075,17,4,13,2024-12-19 09:24:15
500101165,17,3,14,2024-12-19 11:01:17
500101175,17,3,14,2024-12-19 12:16:15
500101175,17,3,14,2024-12-19 12:36:15
500111075,17,3,14,2024-12-19 09:07:15
500113052,17,3,14,2024-12-19 10:08:15
500101175,17,2,15,2024-12-19 10:42:15
500103047,17,2,15,2024-12-19 12:19:16
500105088,17,2,15,2024-12-19 12:08:15
500101215,17,1,16,2024-12-19 09:53:15
500101215,17,1,16,2024-12-19 10:11:15
500101215,17,1,16,2024-12-19 11:12:16
500107164,17,1,16,2024-12-19 10:35:16
500113052,17,1,16,2024-12-19 12:46:15
500105059,17,0,17,2024-12-19 09:26:15
500105088,17,0,17,2024-12-19 07:55:16
500110026,17,0,17,2024-12-19 11:47:16
500101008,17,17,0,2024-12-19 18:01:18
500101160,17,17,0,2024-12-19 18:57:19
500109058,17,15,1,2024-12-19 17:37:16
500109058,17,15,1,2024-12-19 17:48:15
500101008,17,15,2,2024-12-19 19:31:15
500101160,17,15,2,2024-12-19 19:19:15
500101244,17,15,2,2024-12-19 19:29:15
500109042,17,15,2,2024-12-19 18:47:16
500112020,17,15,2,2024-12-19 19:37:16
500106127,17,14,3,2024-12-19 20:33:15
500106127,17,14,3,2024-12-19 19:29:14
500110026,17,14,3,2024-12-19 18:45:16
500106079,17,12,4,2024-12-19 18:22:16
500106127,17,13,4,2024-12-19 20:49:15
500108013,17,13,4,2024-12-19 18:52:15
500101160,17,12,5,2024-12-19 20:29:15
500109051,17,12,5,2024-12-19 21:18:15
500110052,17,12,5,2024-12-19 17:27:16
500111059,17,12,5,2024-12-19 18:59:15
500112020,17,12,5,2024-12-19 20:26:16
500106079,17,10,6,2024-12-19 19:19:14
500111059,17,11,6,2024-12-19 18:15:16
500112042,17,10,6,2024-12-19 17:38:16
500105059,17,10,7,2024-12-19 19:03:15
500107069,17,10,7,2024-12-19 20:56:15
500110052,17,10,7,2024-12-19 18:15:17
500106051,17,9,8,2024-12-19 18:08:16
500108013,17,9,8,2024-12-19 17:17:16
500112020,17,9,8,2024-12-19 20:31:15
500101165,17,6,9,2024-12-19 19:44:14
500101175,17,8,9,2024-12-19 18:48:15
500109058,17,5,9,2024-12-19 19:27:15
500113052,17,8,9,2024-12-19 21:19:16
500101215,17,7,10,2024-12-19 17:56:16
500108079,17,6,10,2024-12-19 17:59:15
500109058,17,4,10,2024-12-19 19:30:17
500101165,17,4,11,2024-12-19 20:59:15
500101165,17,4,11,2024-12-19 21:04:15
500104061,17,6,11,2024-12-19 20:12:15
500105060,17,6,11,2024-12-19 19:34:15
500105088,17,6,11,2024-12-19 17:31:14
500108062,17,6,11,2024-12-19 18:06:15
500101199,17,5,12,2024-12-19 21:06:15
500101215,17,5,12,2024-12-19 20:27:15
500107149,17,1,12,2024-12-19 18:07:16
500101199,17,4,13,2024-12-19 20:45:16
500101215,17,4,13,2024-12-19 19:36:15
500105060,17,4,13,2024-12-19 17:44:15
500106127,17,3,13,2024-12-19 18:17:15
500110052,17,4,13,2024-12-19 20:28:15
500113052,17,4,13,2024-12-19 20:03:15
500113052,17,4,13,2024-12-19 19:40:15
500101199,17,3,14,2024-12-19 18:08:16
500101199,17,3,14,2024-12-19 19:32:15
500101199,17,3,14,2024-12-19 19:49:15
500108038,17,3,14,2024-12-19 20:53:15
500112102,17,3,14,2024-12-19 18:33:16
500101215,17,2,15,2024-12-19 20:49:15
500103046,17,2,15,2024-12-19 20:09:15
500104115,17,2,15,2024-12-19 17:45:16
500106107,17,2,15,2024-12-19 21:07:16
500107164,17,2,15,2024-12-19 17:46:15
500107164,17,2,15,2024-12-19 18:42:15
500108038,17,2,15,2024-12-19 19:29:15
500112102,17,2,15,2024-12-19 17:46:14
500119092,17,2,15,2024-12-19 20:01:15
500101175,17,1,16,2024-12-19 17:48:14
500101175,17,0,17,2024-12-19 17:52:16
500103047,17,0,17,2024-12-19 18:08:16
500103047,17,0,17,2024-12-19 19:49:15
500106107,17,0,17,2024-12-19 19:49:15
500106079,17,13,3,2024-12-19 15:50:16
500106079,17,13,3,2024-12-19 16:19:15
500106127,17,12,4,2024-12-19 14:51:15
500107055,17,13,4,2024-12-19 15:34:14
500101160,17,12,5,2024-12-19 14:24:15
500101175,17,12,5,2024-12-19 16:08:16
500108132,17,12,5,2024-12-19 16:38:15
500119092,17,12,5,2024-12-19 14:23:15
500108038,17,11,6,2024-12-19 16:48:16
500101160,17,10,7,2024-12-19 14:57:15
500101199,17,9,8,2024-12-19 17:04:15
500107037,17,9,8,2024-12-19 15:53:14
500111059,17,9,8,2024-12-19 16:58:15
500119092,17,9,8,2024-12-19 15:48:15
500101008,17,8,9,2024-12-19 16:12:14
500101008,17,8,9,2024-12-19 16:55:17
500103047,17,8,9,2024-12-19 16:03:15
500104061,17,8,9,2024-12-19 15:19:16
500106107,17,8,9,2024-12-19 15:47:14
500103047,17,7,10,2024-12-19 15:29:15
500104061,17,7,10,2024-12-19 17:16:16
500108145,17,7,10,2024-12-19 15:47:15
500119092,17,7,10,2024-12-19 16:48:16
500101175,17,6,11,2024-12-19 16:18:16
500101215,17,6,11,2024-12-19 16:25:15
500111075,17,6,11,2024-12-19 16:43:15
500101215,17,5,12,2024-12-19 15:08:15
500105059,17,5,12,2024-12-19 17:18:16
500113052,17,5,12,2024-12-19 16:14:14
500113052,17,5,12,2024-12-19 16:26:15
500101199,17,4,13,2024-12-19 15:03:15
500113052,17,3,14,2024-12-19 16:37:15
500101175,17,2,15,2024-12-19 16:27:15
500111063,17,2,15,2024-12-19 14:01:15
500112102,17,2,15,2024-12-19 17:18:16
500101175,17,1,16,2024-12-19 16:54:16
500111063,17,0,17,2024-12-19 15:13:15
500101199,17,7,10,2024-12-19 21:46:15
500106107,17,17,0,2024-12-19 08:17:15
500103047,17,16,1,2024-12-19 08:57:15
500104115,17,15,2,2024-12-19 08:17:14
500106107,17,15,2,2024-12-19 08:02:15
500112042,17,14,2,2024-12-19 08:47:15
500113052,17,14,3,2024-12-19 06:46:15
500101244,17,12,4,2024-12-19 08:47:15
500103046,17,13,4,2024-12-19 07:56:15
500104115,17,13,4,2024-12-19 08:01:15
500107149,17,13,4,2024-12-19 06:47:15
500108079,17,12,4,2024-12-19 06:14:14
500113002,17,13,4,2024-12-19 06:08:14
500106086,17,11,5,2024-12-19 08:17:15
500111063,17,10,5,2024-12-19 08:03:15
500108079,17,10,6,2024-12-19 06:51:15
500111063,17,9,6,2024-12-19 08:24:15
500112102,17,11,6,2024-12-19 06:27:15
500103046,17,10,7,2024-12-19 08:36:15
500104099,17,10,7,2024-12-19 05:27:15
500105060,17,9,7,2024-12-19 08:00:17
500110026,17,9,8,2024-12-19 06:20:15
500104099,17,8,9,2024-12-19 07:37:15
500107149,17,4,9,2024-12-19 08:10:19
500101160,17,7,10,2024-12-19 05:59:14
500104099,17,7,10,2024-12-19 08:26:15
500107055,17,6,10,2024-12-19 07:16:15
500107149,17,3,10,2024-12-19 08:32:15
500111075,17,7,10,2024-12-19 07:27:15
500112102,17,7,10,2024-12-19 06:56:15
500112102,17,7,10,2024-12-19 07:25:15
500113052,17,7,10,2024-12-19 08:25:16
500101215,17,6,11,2024-12-19 07:37:15
500104115,17,6,11,2024-12-19 08:40:17
500107164,17,6,11,2024-12-19 08:47:15
500101160,17,5,12,2024-12-19 08:03:15
500110052,17,5,12,2024-12-19 05:35:15
500101175,17,4,13,2024-12-19 08:17:15
500101199,17,4,13,2024-12-19 08:27:16
500107164,17,4,13,2024-12-19 08:36:14
500109042,17,1,13,2024-12-19 07:22:15
500110052,17,4,13,2024-12-19 06:09:15
500107069,17,2,14,2024-12-19 05:38:14
500107069,17,2,14,2024-12-19 06:24:15
500108132,17,3,14,2024-12-19 07:46:15
500110052,17,3,14,2024-12-19 07:35:16
500101165,17,2,15,2024-12-19 08:57:15
500108132,17,2,15,2024-12-19 08:42:15
500112042,17,1,15,2024-12-19 04:56:15
500107037,17,1,16,2024-12-19 08:33:16
500112102,17,1,16,2024-12-19 08:01:15
500106127,17,17,0,2024-12-19 23:28:16
500101160,17,7,10,2024-12-19 00:17:15
500110052,17,5,12,2024-12-19 03:10:16
500106051,17,7,10,2024-12-19 23:34:14
500107055,17,7,9,2024-12-19 00:52:15
500111063,17,11,4,2024-12-19 00:13:15
500108132,17,13,4,2024-12-19 20:34:15
500107069,17,5,11,2024-12-19 00:28:15
500119092,17,9,7,2024-12-19 00:37:15
500103046,17,4,13,2024-12-19 23:06:15
500107164,17,4,13,2024-12-19 22:54:14
500101244,17,13,4,2024-12-19 22:57:15
500101199,17,17,0,2024-12-19 23:19:15
500106107,17,5,12,2024-12-19 22:17:15
500113052,17,10,7,2024-12-19 22:34:15
500107149,17,5,8,2024-12-19 21:26:15
500106079,17,8,8,2024-12-19 21:18:15
500101160,17,0,17,2024-12-19 02:56:14
500103047,17,1,16,2024-12-19 03:07:15
500101008,17,6,11,2024-12-19 03:00:16
500119092,17,8,8,2024-12-19 01:46:14
500105059,17,10,7,2024-12-19 22:02:16
500109058,17,11,3,2024-12-19 22:02:16
500101160,17,11,6,2024-12-19 21:53:15
500101008,17,16,1,2024-12-19 21:57:15
500110026,17,13,4,2024-12-19 03:43:14
500101160,17,2,15,2024-12-19 03:22:14
500101199,17,15,2,2024-12-19 23:58:14
500101008,17,9,8,2024-12-19 01:07:15
500101165,17,6,9,2024-12-19 01:29:15
500101199,17,14,3,2024-12-19 01:46:14
500107164,17,5,12,2024-12-19 02:31:14
500101165,17,8,7,2024-12-19 02:26:15
500101199,17,13,4,2024-12-19 02:33:15
500110052,17,5,12,2024-12-19 02:11:15
500101008,17,6,11,2024-12-19 02:12:16
500101244,17,17,0,2024-12-19 02:16:15
500101165,17,10,5,2024-12-19 22:13:15
500111063,17,14,1,2024-12-19 04:43:15
500107164,17,3,14,2024-12-19 23:31:15
500109058,17,14,0,2024-12-19 23:20:18
500109051,17,17,0,2024-12-19 09:37:16
500103047,17,15,2,2024-12-19 09:47:15
500106107,17,15,2,2024-12-19 09:09:15
500107069,17,15,2,2024-12-19 12:38:14
500111063,17,13,2,2024-12-19 10:52:15
500106051,17,14,3,2024-12-19 13:07:15
500106051,17,14,3,2024-12-19 11:25:16
500107164,17,14,3,2024-12-19 09:22:15
500112042,17,13,3,2024-12-19 12:27:15
500106127,17,12,4,2024-12-19 10:54:15
500107069,17,13,4,2024-12-19 11:42:16
500109042,17,12,4,2024-12-19 11:57:16
500113002,17,13,4,2024-12-19 13:01:15
500106107,17,12,5,2024-12-19 11:33:16
500107069,17,12,5,2024-12-19 11:31:15
500108038,17,11,5,2024-12-19 11:17:15
500103047,17,11,6,2024-12-19 10:58:16
500107055,17,10,6,2024-12-19 09:38:14
500107055,17,10,6,2024-12-19 09:50:16
500109042,17,10,6,2024-12-19 09:26:15
500119092,17,10,6,2024-12-19 09:37:15
500109042,17,9,7,2024-12-19 10:41:15
500109058,17,9,7,2024-12-19 11:40:17
500109058,17,9,7,2024-12-19 10:44:16
500106051,17,9,8,2024-12-19 12:19:15
500107055,17,8,8,2024-12-19 10:29:15
500108013,17,8,8,2024-12-19 12:06:15
500109058,17,8,8,2024-12-19 11:57:16
500106086,17,7,9,2024-12-19 12:26:15
500109058,17,7,9,2024-12-19 12:06:16
500112020,17,7,10,2024-12-19 11:44:15
500112102,17,7,10,2024-12-19 11:12:16
500113002,17,7,10,2024-12-19 09:42:15
500105060,17,5,11,2024-12-19 12:29:16
500101244,17,4,12,2024-12-19 10:28:15
500104115,17,5,12,2024-12-19 12:41:15
500101165,17,4,13,2024-12-19 10:43:16
500104099,17,4,13,2024-12-19 10:07:16
500107037,17,4,13,2024-12-19 11:07:16
500107149,17,0,13,2024-12-19 09:06:17
500108062,17,3,13,2024-12-19 09:04:15
500108132,17,4,13,2024-12-19 11:17:15
500111075,17,4,13,2024-12-19 12:28:15
500101199,17,3,14,2024-12-19 12:14:16
500101215,17,3,14,2024-12-19 11:37:15
500104061,17,3,14,2024-12-19 09:59:16
500107037,17,3,14,2024-12-19 12:58:15
500107164,17,3,14,2024-12-19 12:27:15
500109058,17,2,14,2024-12-19 09:29:15
500111075,17,3,14,2024-12-19 12:50:15
500113052,17,3,14,2024-12-19 09:37:15
500101215,17,2,15,2024-12-19 11:44:15
500101215,17,2,15,2024-12-19 09:59:15
500101215,17,2,15,2024-12-19 10:54:15
500107164,17,2,15,2024-12-19 10:58:16
500110026,17,2,15,2024-12-19 12:14:16
500101160,17,1,16,2024-12-19 10:40:18
500109058,17,0,16,2024-12-19 09:42:15
500112102,17,1,16,2024-12-19 09:08:16
500101199,17,0,17,2024-12-19 10:28:15
500105088,17,0,17,2024-12-19 12:40:18
500110026,17,0,17,2024-12-19 11:49:15
500101008,17,17,0,2024-12-19 18:30:20
500101008,17,17,0,2024-12-19 20:59:17
500109042,17,17,0,2024-12-19 17:55:17
500109058,17,16,0,2024-12-19 18:11:15
500101160,17,15,2,2024-12-19 18:47:16
500110026,17,15,2,2024-12-19 18:57:15
500109058,17,13,3,2024-12-19 17:24:15
500113002,17,14,3,2024-12-19 20:10:17
500101008,17,13,4,2024-12-19 17:28:15
500107037,17,13,4,2024-12-19 18:15:16
500110026,17,13,4,2024-12-19 20:52:15
500112020,17,13,4,2024-12-19 20:13:15
500101160,17,12,5,2024-12-19 17:36:15
500106086,17,11,5,2024-12-19 19:12:14
500106127,17,12,5,2024-12-19 20:28:15
500108013,17,12,5,2024-12-19 19:31:15
500108038,17,12,5,2024-12-19 18:46:15
500110026,17,12,5,2024-12-19 20:28:15
500111075,17,12,5,2024-12-19 19:31:15
500101215,17,11,6,2024-12-19 18:48:15
500106086,17,10,6,2024-12-19 17:30:16
500107037,17,11,6,2024-12-19 17:59:15
500107149,17,7,6,2024-12-19 20:10:17
500108013,17,11,6,2024-12-19 20:04:16
500108132,17,11,6,2024-12-19 17:02:15
500101244,17,10,7,2024-12-19 20:47:15
500106051,17,10,7,2024-12-19 20:28:15
500108062,17,10,7,2024-12-19 20:36:14
500112102,17,10,7,2024-12-19 19:03:15
500101244,17,9,8,2024-12-19 20:27:15
500107037,17,9,8,2024-12-19 21:18:15
500107069,17,9,8,2024-12-19 21:14:15
500111059,17,9,8,2024-12-19 18:24:16
500107149,17,4,9,2024-12-19 19:12:15
500105060,17,6,11,2024-12-19 19:19:14
500106127,17,5,11,2024-12-19 17:19:15
500107069,17,6,11,2024-12-19 19:32:15
500107149,17,2,11,2024-12-19 18:38:15
500106127,17,4,12,2024-12-19 17:38:16
500108145,17,5,12,2024-12-19 17:27:16
500112042,17,4,12,2024-12-19 21:02:15
500113052,17,4,13,2024-12-19 19:29:15
500101199,17,3,14,2024-12-19 20:39:16
500101215,17,3,14,2024-12-19 17:28:14
500108038,17,3,14,2024-12-19 21:10:16
500108062,17,3,14,2024-12-19 18:45:16
500101215,17,2,15,2024-12-19 17:37:16
500103047,17,2,15,2024-12-19 17:52:15
500104061,17,2,15,2024-12-19 17:59:15
500105088,17,2,15,2024-12-19 21:18:14
500106107,17,2,15,2024-12-19 20:06:15
500106107,17,2,15,2024-12-19 18:07:15
500108038,17,2,15,2024-12-19 21:04:15
500101199,17,1,16,2024-12-19 17:43:16
500103046,17,1,16,2024-12-19 19:59:17
500103046,17,1,16,2024-12-19 18:36:16
500103047,17,1,16,2024-12-19 19:06:16
500108038,17,1,16,2024-12-19 19:16:15
500119092,17,1,16,2024-12-19 18:02:15
500119092,17,1,16,2024-12-19 18:41:15
500101175,17,0,17,2024-12-19 21:18:15
500104061,17,0,17,2024-12-19 17:29:15
500104115,17,0,17,2024-12-19 19:36:18
500106079,17,14,2,2024-12-19 15:59:15
500101175,17,14,3,2024-12-19 14:04:14
500109051,17,14,3,2024-12-19 13:17:15
500101165,17,13,4,2024-12-19 16:57:16
500101175,17,13,4,2024-12-19 13:56:15
500106127,17,12,4,2024-12-19 13:55:16
500107037,17,13,4,2024-12-19 17:01:16
500108062,17,13,4,2024-12-19 17:15:17
500101175,17,12,5,2024-12-19 13:46:16
500101175,17,12,5,2024-12-19 14:33:15
500106127,17,10,6,2024-12-19 16:18:16
500108132,17,11,6,2024-12-19 14:25:16
500110052,17,11,6,2024-12-19 16:17:15
500107149,17,6,7,2024-12-19 15:38:15
500109042,17,9,7,2024-12-19 16:06:15
500109042,17,10,7,2024-12-19 16:47:15
500112020,17,9,8,2024-12-19 17:14:16
500104061,17,8,9,2024-12-19 15:02:15
500106051,17,8,9,2024-12-19 16:46:15
500101008,17,7,10,2024-12-19 16:28:15
500101008,17,7,10,2024-12-19 14:11:16
500103047,17,7,10,2024-12-19 14:57:15
500112020,17,7,10,2024-12-19 15:58:14
500101215,17,6,11,2024-12-19 16:14:15
500103047,17,6,11,2024-12-19 16:14:15
500103047,17,6,11,2024-12-19 15:13:15
500106086,17,5,11,2024-12-19 16:25:16
500101008,17,5,12,2024-12-19 14:57:15
500101199,17,5,12,2024-12-19 16:16:15
500107037,17,4,13,2024-12-19 14:16:16
500111075,17,4,13,2024-12-19 13:41:15
500101175,17,3,14,2024-12-19 13:16:14
500107164,17,3,14,2024-12-19 16:10:16
500104061,17,2,15,2024-12-19 13:13:15
500106107,17,2,15,2024-12-19 17:02:15
500113052,17,2,15,2024-12-19 16:39:15
500103047,17,1,16,2024-12-19 17:08:16
500105059,17,1,16,2024-12-19 17:08:15
500111075,17,1,16,2024-12-19 14:38:15
500112102,17,1,16,2024-12-19 15:42:15
500101175,17,0,17,2024-12-19 17:13:16
500112102,17,0,17,2024-12-19 14:57:16
500101244,17,9,8,2024-12-19 21:41:15
500103047,17,17,0,2024-12-19 08:36:15
500106107,17,16,1,2024-12-19 08:53:15
500103046,17,15,2,2024-12-19 07:23:15
500103047,17,15,2,2024-12-19 07:56:15
500108038,17,14,2,2024-12-19 07:26:14
500112042,17,14,2,2024-12-19 08:57:15
500112102,17,15,2,2024-12-19 06:01:16
500109051,17,14,3,2024-12-19 07:18:15
500109051,17,14,3,2024-12-19 07:29:15
500112020,17,12,3,2024-12-19 06:34:15
500109051,17,13,4,2024-12-19 07:03:15
500110052,17,13,4,2024-12-19 08:35:15
500112020,17,11,4,2024-12-19 06:46:15
500112102,17,13,4,2024-12-19 06:15:15
500101165,17,12,5,2024-12-19 06:21:15
500109042,17,11,5,2024-12-19 07:59:15
500101244,17,10,6,2024-12-19 08:54:15
500101244,17,10,6,2024-12-19 06:26:15
500111063,17,9,6,2024-12-19 08:15:16
500101165,17,10,7,2024-12-19 07:23:15
500107055,17,9,7,2024-12-19 08:55:16
500109042,17,7,7,2024-12-19 06:05:16
500101175,17,9,8,2024-12-19 07:43:15
500103047,17,9,8,2024-12-19 05:38:14
500105060,17,7,9,2024-12-19 07:43:15
500107037,17,8,9,2024-12-19 06:55:15
500107149,17,8,9,2024-12-19 05:25:15
500104099,17,7,10,2024-12-19 07:41:15
500106079,17,5,11,2024-12-19 07:25:15
500108013,17,5,11,2024-12-19 07:32:15
500108038,17,5,11,2024-12-19 08:30:16
500113002,17,6,11,2024-12-19 08:33:16
500101175,17,5,12,2024-12-19 05:30:15
500101199,17,5,12,2024-12-19 08:56:16
500101175,17,4,13,2024-12-19 08:28:15
500101244,17,3,13,2024-12-19 07:51:15
500104061,17,3,14,2024-12-19 07:51:15
500108145,17,3,14,2024-12-19 06:26:15
500101160,17,2,15,2024-12-19 04:51:15
500107037,17,1,16,2024-12-19 08:00:17
500113002,17,0,17,2024-12-19 07:46:15
500112102,17,11,6,2024-12-19 23:26:15
500101165,17,6,9,2024-12-19 00:26:15
500104115,17,4,13,2024-12-19 00:38:14
500109051,17,13,4,2024-12-19 00:02:15
500109051,17,13,4,2024-12-19 00:29:15
500106086,17,8,8,2024-12-19 22:21:15
500108062,17,14,3,2024-12-19 22:54:14
500105060,17,7,9,2024-12-19 23:22:15
500119092,17,0,17,2024-12-19 22:58:15
500112102,17,9,8,2024-12-19 23:59:15
500103046,17,11,6,2024-12-19 23:59:15
500101160,17,3,14,2024-12-19 01:13:15
500101165,17,5,10,2024-12-19 01:09:14
500113002,17,12,5,2024-12-19 23:10:16
500113052,17,12,5,2024-12-19 22:57:15
500103046,17,3,14,2024-12-19 22:36:14
500105060,17,7,10,2024-12-19 21:58:15
500101008,17,15,2,2024-12-19 22:30:16
500113002,17,6,11,2024-12-19 21:25:16
500101199,17,7,10,2024-12-19 21:37:15
500111063,17,8,9,2024-12-19 21:03:14
500107164,17,6,11,2024-12-19 03:01:16
500109058,17,10,4,2024-12-19 02:23:15
500112020,17,14,1,2024-12-19 01:49:14
500111059,17,16,1,2024-12-19 02:15:15
500101175,17,2,15,2024-12-19 22:06:15
500104115,17,4,13,2024-12-19 22:08:15
500101165,17,10,5,2024-12-19 22:09:15
500107037,17,11,6,2024-12-19 22:08:15
500106127,17,12,5,2024-12-19 21:57:15
500110026,17,16,1,2024-12-19 22:05:16
500119092,17,2,15,2024-12-19 21:44:15
500104115,17,6,11,2024-12-19 03:23:15
500101165,17,4,11,2024-12-19 01:04:14
500101160,17,4,13,2024-12-19 01:01:14
500112102,17,11,6,2024-12-19 01:34:15
500101008,17,7,10,2024-12-19 02:44:15
500104115,17,7,10,2024-12-19 22:44:15
500105060,17,6,10,2024-12-19 04:33:15
500101160,17,8,9,2024-12-19 04:35:15
500101175,17,3,14,2024-12-19 22:19:15
500101244,17,11,6,2024-12-19 22:17:15
500106127,17,13,4,2024-12-19 22:18:15
500104099,17,10,7,2024-12-19 01:53:15
500106051,17,6,11,2024-12-19 23:24:15
500106127,17,17,0,2024-12-19 09:57:15
500107069,17,17,0,2024-12-19 10:28:15
500110052,17,15,2,2024-12-19 11:26:15
500106086,17,13,3,2024-12-19 11:14:15
500106127,17,13,3,2024-12-19 11:34:15
500109042,17,13,3,2024-12-19 11:47:16
500106086,17,12,4,2024-12-19 10:29:15
500106107,17,13,4,2024-12-19 11:24:15
500111063,17,11,4,2024-12-19 11:16:15
500106086,17,11,5,2024-12-19 10:21:15
500109042,17,11,5,2024-12-19 12:46:15
500106051,17,11,6,2024-12-19 11:54:15
500109042,17,10,6,2024-12-19 10:25:16
500119092,17,10,6,2024-12-19 11:58:15
500103047,17,10,7,2024-12-19 11:08:15
500107164,17,10,7,2024-12-19 09:05:16
500109058,17,9,7,2024-12-19 11:29:15
500111059,17,10,7,2024-12-19 09:59:16
500111063,17,10,7,2024-12-19 11:46:15
500103046,17,9,8,2024-12-19 10:10:16
500112020,17,9,8,2024-12-19 12:38:15
500101215,17,8,9,2024-12-19 13:02:15
500107037,17,8,9,2024-12-19 10:17:16
500108079,17,7,9,2024-12-19 10:06:15
500101244,17,6,10,2024-12-19 09:09:15
500107037,17,7,10,2024-12-19 12:15:16
500107037,17,7,10,2024-12-19 09:50:16
500111063,17,7,10,2024-12-19 13:08:15
500101244,17,5,11,2024-12-19 10:34:15
500103046,17,6,11,2024-12-19 10:44:16
500103046,17,6,11,2024-12-19 11:02:15
500104099,17,6,11,2024-12-19 12:55:16
500104115,17,6,11,2024-12-19 11:20:18
500105060,17,5,11,2024-12-19 11:25:15
500107164,17,6,11,2024-12-19 12:05:17
500108145,17,6,11,2024-12-19 11:45:15
500112102,17,6,11,2024-12-19 11:48:15
500103046,17,5,12,2024-12-19 12:23:16
500104099,17,5,12,2024-12-19 10:17:16
500106107,17,5,12,2024-12-19 12:25:15
500107037,17,5,12,2024-12-19 11:26:15
500107164,17,5,12,2024-12-19 12:10:16
500108038,17,4,12,2024-12-19 08:50:16
500111075,17,5,12,2024-12-19 11:57:16
500112102,17,5,12,2024-12-19 10:26:14
500101008,17,3,13,2024-12-19 12:46:15
500101165,17,4,13,2024-12-19 10:33:15
500101175,17,4,13,2024-12-19 09:33:15
500103047,17,4,13,2024-12-19 12:34:14
500103047,17,4,13,2024-12-19 11:45:15
500104061,17,4,13,2024-12-19 11:43:15
500104115,17,4,13,2024-12-19 11:57:16
500107037,17,4,13,2024-12-19 09:08:15
500111075,17,4,13,2024-12-19 11:22:16
500101160,17,3,14,2024-12-19 10:14:15
500101165,17,3,14,2024-12-19 09:40:16
500101199,17,3,14,2024-12-19 09:06:14
500101215,17,3,14,2024-12-19 11:58:16
500103046,17,3,14,2024-12-19 12:37:15
500107037,17,3,14,2024-12-19 09:04:15
500108132,17,3,14,2024-12-19 12:19:16
500101175,17,2,15,2024-12-19 11:41:15
500101199,17,2,15,2024-12-19 09:08:15
500101199,17,2,15,2024-12-19 09:27:15
500101199,17,2,15,2024-12-19 10:38:15
500108013,17,1,15,2024-12-19 09:15:16
500112020,17,2,15,2024-12-19 09:46:16
500101215,17,1,16,2024-12-19 10:48:15
500105059,17,1,16,2024-12-19 09:57:15
500112020,17,1,16,2024-12-19 09:21:15
500101215,17,0,17,2024-12-19 09:27:15
500110026,17,0,17,2024-12-19 12:23:16
500110026,17,0,17,2024-12-19 09:08:15
500101008,17,17,0,2024-12-19 20:07:16
500101165,17,17,0,2024-12-19 17:58:16
500101244,17,16,1,2024-12-19 19:38:15
500109058,17,15,1,2024-12-19 18:08:16
500110026,17,16,1,2024-12-19 21:09:16
500107037,17,15,2,2024-12-19 18:46:15
500109051,17,15,2,2024-12-19 18:58:16
500101244,17,14,3,2024-12-19 17:57:15
500106051,17,14,3,2024-12-19 18:15:17
500108038,17,14,3,2024-12-19 17:59:15
500107055,17,13,4,2024-12-19 17:44:15
500109042,17,13,4,2024-12-19 18:26:16
500110026,17,13,4,2024-12-19 19:39:15
500108132,17,12,5,2024-12-19 19:55:16
500110026,17,12,5,2024-12-19 20:49:15
500112102,17,12,5,2024-12-19 19:28:15
500101244,17,11,6,2024-12-19 17:48:15
500109051,17,11,6,2024-12-19 21:09:16
500110026,17,11,6,2024-12-19 19:15:16
500111063,17,11,6,2024-12-19 19:56:16
500112102,17,11,6,2024-12-19 18:56:15
500101160,17,10,7,2024-12-19 17:23:15
500107149,17,6,7,2024-12-19 19:57:15
500108132,17,10,7,2024-12-19 17:42:15
500111063,17,10,7,2024-12-19 20:59:15
500111075,17,10,7,2024-12-19 19:03:14
500111075,17,10,7,2024-12-19 18:40:17
500110052,17,9,8,2024-12-19 17:34:15
500101199,17,8,9,2024-12-19 21:19:15
500105059,17,8,9,2024-12-19 17:58:16
500106051,17,8,9,2024-12-19 21:05:16
500109042,17,7,9,2024-12-19 19:56:16
500112042,17,7,9,2024-12-19 17:28:15
500101165,17,5,10,2024-12-19 19:55:16
500105060,17,7,10,2024-12-19 20:42:15
500107037,17,7,10,2024-12-19 19:15:16
500107069,17,7,10,2024-12-19 20:26:15
500110052,17,7,10,2024-12-19 19:25:15
500110052,17,7,10,2024-12-19 19:38:15
500111075,17,7,10,2024-12-19 20:28:15
500101165,17,4,11,2024-12-19 19:06:16
500105060,17,6,11,2024-12-19 18:43:15
500110052,17,6,11,2024-12-19 20:08:15
500113002,17,6,11,2024-12-19 20:56:15
500105088,17,5,12,2024-12-19 18:31:15
500112042,17,4,12,2024-12-19 21:20:16
500101199,17,4,13,2024-12-19 20:09:15
500101199,17,4,13,2024-12-19 18:55:17
500103046,17,4,13,2024-12-19 17:48:14
500107069,17,4,13,2024-12-19 18:51:16
500107149,17,0,13,2024-12-19 18:16:15
500119092,17,4,13,2024-12-19 19:11:15
500101199,17,3,14,2024-12-19 17:59:15
500107164,17,3,14,2024-12-19 19:13:15
500119092,17,3,14,2024-12-19 19:39:15
500119092,17,3,14,2024-12-19 17:47:16
500119092,17,3,14,2024-12-19 18:18:16
500103046,17,2,15,2024-12-19 18:15:16
500108038,17,2,15,2024-12-19 19:07:15
500110052,17,2,15,2024-12-19 20:55:17
500111063,17,2,15,2024-12-19 17:44:15
500101175,17,1,16,2024-12-19 20:59:15
500103046,17,1,16,2024-12-19 21:08:15
500103047,17,1,16,2024-12-19 18:29:16
500104115,17,1,16,2024-12-19 20:14:15
500106107,17,1,16,2024-12-19 19:54:15
500106107,17,1,16,2024-12-19 21:12:15
500107164,17,1,16,2024-12-19 18:29:15
500108062,17,1,16,2024-12-19 18:16:15
500119092,17,1,16,2024-12-19 18:38:16
500103047,17,0,17,2024-12-19 18:10:19
500103047,17,0,17,2024-12-19 18:58:16
500107069,17,0,17,2024-12-19 18:08:16
500106051,17,15,2,2024-12-19 14:54:15
500101160,17,14,3,2024-12-19 15:07:15
500106051,17,14,3,2024-12-19 14:03:15
500110052,17,14,3,2024-12-19 13:21:15
500110052,17,14,3,2024-12-19 16:32:15
500110052,17,14,3,2024-12-19 17:18:16
500110052,17,13,4,2024-12-19 13:29:14
500113002,17,13,4,2024-12-19 16:19:15
500101175,17,12,5,2024-12-19 14:12:14
500106079,17,11,5,2024-12-19 13:46:16
500106079,17,11,5,2024-12-19 16:49:15
500107055,17,12,5,2024-12-19 14:41:15
500103046,17,11,6,2024-12-19 15:45:16
500109042,17,10,6,2024-12-19 14:56:15
500109051,17,11,6,2024-12-19 15:31:15
500113002,17,11,6,2024-12-19 15:56:15
500108038,17,9,7,2024-12-19 15:53:14
500108062,17,10,7,2024-12-19 16:10:16
500119092,17,10,7,2024-12-19 13:56:15
500104115,17,9,8,2024-12-19 14:58:15
500104115,17,9,8,2024-12-19 15:27:15
500108013,17,8,8,2024-12-19 13:49:14
500119092,17,9,8,2024-12-19 15:58:15
500119092,17,9,8,2024-12-19 13:38:16
500101160,17,8,9,2024-12-19 14:43:14
500106107,17,8,9,2024-12-19 13:51:15
500109042,17,8,9,2024-12-19 16:14:15
500104099,17,7,10,2024-12-19 15:48:15
500106107,17,7,10,2024-12-19 14:58:15
500101175,17,6,11,2024-12-19 13:33:15
500101199,17,6,11,2024-12-19 14:52:16
500103046,17,6,11,2024-12-19 14:08:15
500104099,17,6,11,2024-12-19 16:44:15
500109058,17,5,11,2024-12-19 16:04:15
500109058,17,5,11,2024-12-19 17:08:16
500112042,17,5,11,2024-12-19 13:56:15
500101244,17,5,12,2024-12-19 16:53:15
500106107,17,5,12,2024-12-19 16:37:15
500101199,17,4,13,2024-12-19 16:38:15
500111075,17,4,13,2024-12-19 16:24:15
500101244,17,3,14,2024-12-19 13:38:16
500107164,17,3,14,2024-12-19 14:48:15
500111075,17,3,14,2024-12-19 14:16:16
500113052,17,2,15,2024-12-19 15:45:16
500111063,17,1,16,2024-12-19 17:17:16
500112102,17,0,17,2024-12-19 14:22:16
500105059,17,10,7,2024-12-19 21:45:15
500111063,17,14,1,2024-12-19 07:31:16
500112020,17,14,1,2024-12-19 05:43:14
500103047,17,15,2,2024-12-19 07:27:15
500107069,17,14,3,2024-12-19 08:25:16
500108038,17,13,3,2024-12-19 07:37:15
500113002,17,14,3,2024-12-19 05:34:15
500101199,17,13,4,2024-12-19 06:57:15
500109058,17,10,4,2024-12-19 07:17:14
500119092,17,12,4,2024-12-19 08:47:15
500108062,17,11,5,2024-12-19 07:46:15
500109042,17,11,5,2024-12-19 08:26:15
500119092,17,11,5,2024-12-19 07:45:15
500107037,17,11,6,2024-12-19 05:36:15
500119092,17,10,6,2024-12-19 07:56:15
500104099,17,10,7,2024-12-19 06:44:14
500111059,17,10,7,2024-12-19 08:27:16
500105060,17,8,8,2024-12-19 07:56:15
500106086,17,8,8,2024-12-19 07:33:15
500101160,17,8,9,2024-12-19 06:16:15
500106051,17,8,9,2024-12-19 07:43:15
500106107,17,8,9,2024-12-19 06:55:16
500109042,17,5,9,2024-12-19 06:38:15
500109058,17,5,9,2024-12-19 06:11:14
500110052,17,8,9,2024-12-19 08:17:15
500101215,17,7,10,2024-12-19 08:16:15
500107037,17,7,10,2024-12-19 07:25:15
500108145,17,7,10,2024-12-19 08:27:16
500113002,17,7,10,2024-12-19 08:27:16
500107069,17,6,11,2024-12-19 08:57:15
500107164,17,6,11,2024-12-19 05:05:16
500101215,17,5,12,2024-12-19 06:22:14
500109042,17,2,12,2024-12-19 07:13:15
500112020,17,3,12,2024-12-19 07:17:14
500101008,17,3,13,2024-12-19 06:59:15
500101175,17,4,13,2024-12-19 05:55:15
500106051,17,4,13,2024-12-19 08:47:15
500106127,17,4,13,2024-12-19 08:27:16
500112042,17,3,13,2024-12-19 05:59:14
500113002,17,4,13,2024-12-19 07:14:14
500106079,17,2,14,2024-12-19 08:36:15
500106127,17,3,14,2024-12-19 06:09:15
500108132,17,3,14,2024-12-19 07:52:15
500101008,17,1,15,2024-12-19 07:47:15
500103046,17,2,15,2024-12-19 05:17:15
500107069,17,1,15,2024-12-19 06:44:15
500107164,17,2,15,2024-12-19 07:29:15
500110052,17,2,15,2024-12-19 06:36:14
500107037,17,0,17,2024-12-19 08:17:16
500107037,17,0,17,2024-12-19 08:40:19
500104061,17,11,6,2024-12-19 00:04:16
500104099,17,3,14,2024-12-19 00:09:14
500104115,17,3,14,2024-12-19 00:01:15
500112102,17,9,8,2024-12-19 00:11:14
500105059,17,10,7,2024-12-19 00:40:16
500112102,17,12,5,2024-12-19 00:00:16
500107149,17,5,8,2024-12-19 23:50:15
500104061,17,6,11,2024-12-19 22:32:15
500111059,17,15,2,2024-12-19 21:53:15
500113052,17,12,5,2024-12-19 23:42:15
500107069,17,14,2,2024-12-19 23:46:15
500103047,17,2,15,2024-12-19 01:04:14
500105059,17,6,11,2024-12-19 01:17:15
500106107,17,7,10,2024-12-19 00:32:15
500101008,17,10,7,2024-12-19 01:12:15
500101215,17,0,17,2024-12-19 22:22:17
500104115,17,6,11,2024-12-19 22:33:15
500101199,17,10,7,2024-12-19 22:39:15
500107037,17,11,6,2024-12-19 22:18:15
500105088,17,4,13,2024-12-19 21:38:15
500110052,17,4,13,2024-12-19 03:06:14
500101215,17,8,9,2024-12-19 02:12:16
500104061,17,12,5,2024-12-19 02:16:15
500104099,17,12,5,2024-12-19 02:11:15
500109042,17,11,3,2024-12-19 04:12:14
500108062,17,13,3,2024-12-19 03:44:15
500109051,17,13,4,2024-12-19 22:07:15
500107069,17,4,12,2024-12-19 01:23:15
500109042,17,10,4,2024-12-19 21:43:15
500107037,17,10,7,2024-12-19 21:56:15
500104115,17,7,10,2024-12-19 23:27:15
500101008,17,16,1,2024-12-19 23:52:14
500107149,17,5,12,2024-12-19 00:22:15
500107069,17,5,11,2024-12-19 01:42:14
500101008,17,9,8,2024-12-19 01:40:15
500110052,17,3,14,2024-12-19 02:30:16
500104099,17,10,7,2024-12-19 04:37:14
500109058,17,13,1,2024-12-19 22:56:15
500112020,17,7,7,2024-12-19 22:10:17
500113052,17,10,7,2024-12-19 22:18:15
500106127,17,15,2,2024-12-19 22:26:15
500101199,17,17,0,2024-12-19 23:21:15
500101008,17,8,9,2024-12-19 02:07:15
500106051,17,16,1,2024-12-19 10:17:16
500106051,17,16,1,2024-12-19 10:54:15
500110052,17,16,1,2024-12-19 11:38:15
500110052,17,16,1,2024-12-19 12:08:15
500103047,17,15,2,2024-12-19 10:10:16
500104115,17,15,2,2024-12-19 10:37:16
500106127,17,15,2,2024-12-19 09:24:15
500110052,17,15,2,2024-12-19 11:01:17
500110052,17,15,2,2024-12-19 11:16:15
500106051,17,14,3,2024-12-19 11:47:16
500106107,17,14,3,2024-12-19 10:40:16
500111063,17,12,3,2024-12-19 10:44:16
500113002,17,14,3,2024-12-19 12:28:15
500109042,17,12,4,2024-12-19 11:38:15
500110052,17,13,4,2024-12-19 09:27:15
500111063,17,11,4,2024-12-19 10:29:15
500101160,17,11,6,2024-12-19 12:46:15
500106127,17,10,6,2024-12-19 10:38:15
500111063,17,9,6,2024-12-19 09:26:15
500111063,17,9,6,2024-12-19 09:38:14
500119092,17,10,6,2024-12-19 10:05:16
500103046,17,10,7,2024-12-19 08:51:15
500107055,17,10,7,2024-12-19 12:39:15
500108062,17,9,7,2024-12-19 09:09:15
500108145,17,10,7,2024-12-19 09:05:16
500109042,17,9,7,2024-12-19 09:42:15
500106086,17,8,8,2024-12-19 13:02:15
500107069,17,9,8,2024-12-19 09:57:15
500101199,17,8,9,2024-12-19 11:27:15
500108145,17,8,9,2024-12-19 09:57:15
500109058,17,7,9,2024-12-19 12:58:15
500103046,17,7,10,2024-12-19 12:11:16
500106127,17,7,10,2024-12-19 10:06:15
500101244,17,5,11,2024-12-19 10:07:16
500106107,17,6,11,2024-12-19 12:07:16
500112020,17,6,11,2024-12-19 12:24:16
500112042,17,5,11,2024-12-19 12:35:16
500101215,17,5,12,2024-12-19 12:16:15
500107037,17,5,12,2024-12-19 13:06:15
500107164,17,5,12,2024-12-19 12:44:14
500107164,17,5,12,2024-12-19 13:05:16
500112020,17,5,12,2024-12-19 11:05:17
500101215,17,4,13,2024-12-19 12:37:15
500103046,17,4,13,2024-12-19 11:19:15
500104061,17,4,13,2024-12-19 11:07:16
500106107,17,4,13,2024-12-19 12:19:16
500101160,17,3,14,2024-12-19 11:04:15
500101165,17,3,14,2024-12-19 11:48:15
500101215,17,3,14,2024-12-19 12:28:15
500107037,17,3,14,2024-12-19 10:38:15
500113052,17,3,14,2024-12-19 11:58:16
500101160,17,2,15,2024-12-19 10:38:15
500101199,17,2,15,2024-12-19 12:38:15
500109058,17,1,15,2024-12-19 10:34:15
500113052,17,2,15,2024-12-19 12:38:15
500113052,17,2,15,2024-12-19 10:33:15
500110026,17,0,17,2024-12-19 10:05:17
500101008,17,17,0,2024-12-19 17:59:15
500106051,17,17,0,2024-12-19 18:48:15
500109058,17,16,0,2024-12-19 17:52:16
500109042,17,16,1,2024-12-19 17:42:15
500101165,17,15,2,2024-12-19 17:43:16
500107037,17,15,2,2024-12-19 19:06:15
500106079,17,13,3,2024-12-19 18:10:17
500106086,17,13,3,2024-12-19 20:38:15
500106127,17,14,3,2024-12-19 18:56:15
500108062,17,14,3,2024-12-19 17:22:16
500108132,17,14,3,2024-12-19 18:58:16
500109051,17,14,3,2024-12-19 20:11:16
500110026,17,14,3,2024-12-19 19:04:15
500104099,17,13,4,2024-12-19 21:02:15
500106051,17,13,4,2024-12-19 20:13:15
500112042,17,12,4,2024-12-19 17:48:15
500101215,17,12,5,2024-12-19 18:32:15
500106127,17,12,5,2024-12-19 20:08:15
500108013,17,12,5,2024-12-19 18:26:16
500108038,17,12,5,2024-12-19 18:12:16
500110026,17,12,5,2024-12-19 19:37:16
500112042,17,11,5,2024-12-19 17:59:15
500113002,17,12,5,2024-12-19 17:34:15
500105059,17,11,6,2024-12-19 20:40:16
500107037,17,11,6,2024-12-19 17:20:17
500107037,17,11,6,2024-12-19 18:08:16
500108013,17,11,6,2024-12-19 20:39:16
500101244,17,10,7,2024-12-19 20:08:15
500107149,17,6,7,2024-12-19 21:02:15
500113002,17,10,7,2024-12-19 19:40:15
500108079,17,8,8,2024-12-19 14:20:16
500113002,17,9,8,2024-12-19 18:52:15
500101215,17,8,9,2024-12-19 19:12:15
500109058,17,5,9,2024-12-19 19:58:15
500112042,17,7,9,2024-12-19 20:15:16
500112042,17,7,9,2024-12-19 19:27:15
500101160,17,7,10,2024-12-19 20:56:15
500101175,17,7,10,2024-12-19 19:07:15
500101175,17,7,10,2024-12-19 18:57:15
500108062,17,7,10,2024-12-19 19:42:14
500111075,17,7,10,2024-12-19 20:44:15
500112042,17,6,10,2024-12-19 20:49:15
500104099,17,6,11,2024-12-19 18:03:15
500107037,17,6,11,2024-12-19 19:37:16
500109058,17,3,11,2024-12-19 18:34:15
500110026,17,6,11,2024-12-19 17:15:17
500112042,17,5,11,2024-12-19 20:07:15
500101165,17,3,12,2024-12-19 18:55:16
500104099,17,5,12,2024-12-19 17:53:15
500104115,17,5,12,2024-12-19 17:14:16
500105060,17,5,12,2024-12-19 21:09:16
500119092,17,5,12,2024-12-19 19:05:16
500104099,17,4,13,2024-12-19 17:04:15
500105060,17,4,13,2024-12-19 18:19:15
500105088,17,4,13,2024-12-19 18:39:16
500110052,17,4,13,2024-12-19 18:57:15
500113052,17,4,13,2024-12-19 19:14:16
500108062,17,3,14,2024-12-19 17:57:15
500113052,17,3,14,2024-12-19 17:38:15
500101165,17,0,15,2024-12-19 18:40:20
500101175,17,2,15,2024-12-19 20:37:16
500108062,17,2,15,2024-12-19 18:35:16
500113052,17,2,15,2024-12-19 19:02:16
500103047,17,1,16,2024-12-19 17:48:15
500103047,17,1,16,2024-12-19 18:45:16
500104115,17,1,16,2024-12-19 19:27:16
500113052,17,1,16,2024-12-19 18:26:16
500113002,17,15,2,2024-12-19 16:47:15
500101175,17,14,3,2024-12-19 15:19:16
500106079,17,12,4,2024-12-19 15:48:15
500106079,17,12,4,2024-12-19 16:42:15
500119092,17,13,4,2024-12-19 14:54:15
500106127,17,11,5,2024-12-19 16:22:16
500106127,17,11,5,2024-12-19 13:44:15
500108062,17,12,5,2024-12-19 17:06:15
500110052,17,12,5,2024-12-19 15:44:15
500110052,17,12,5,2024-12-19 14:16:16
500101160,17,11,6,2024-12-19 17:08:16
500101165,17,11,6,2024-12-19 16:46:15
500106051,17,11,6,2024-12-19 15:36:15
500109042,17,10,6,2024-12-19 15:42:15
500113002,17,11,6,2024-12-19 15:45:16
500119092,17,11,6,2024-12-19 14:09:16
500107037,17,10,7,2024-12-19 16:20:17
500108038,17,10,7,2024-12-19 16:31:15
500109058,17,9,7,2024-12-19 17:16:16
500101008,17,8,9,2024-12-19 16:37:15
500101165,17,8,9,2024-12-19 15:11:14
500101165,17,8,9,2024-12-19 13:32:15
500103047,17,8,9,2024-12-19 14:35:15
500104115,17,8,9,2024-12-19 16:58:15
500106086,17,7,9,2024-12-19 14:57:15
500111059,17,8,9,2024-12-19 16:37:15
500112020,17,8,9,2024-12-19 17:05:17
500119092,17,8,9,2024-12-19 16:52:15
500101199,17,7,10,2024-12-19 13:31:15
500101199,17,7,10,2024-12-19 14:35:15
500106127,17,6,10,2024-12-19 17:01:16
500107069,17,7,10,2024-12-19 16:46:15
500112042,17,6,10,2024-12-19 16:38:15
500106051,17,6,11,2024-12-19 17:02:15
500106107,17,6,11,2024-12-19 16:48:16
500101199,17,5,12,2024-12-19 14:26:15
500107037,17,5,12,2024-12-19 14:28:15
500109058,17,4,12,2024-12-19 16:20:17
500119092,17,5,12,2024-12-19 17:18:16
500105088,17,4,13,2024-12-19 15:58:15
500106107,17,4,13,2024-12-19 16:56:15
500113052,17,4,13,2024-12-19 17:18:15
500101215,17,3,14,2024-12-19 15:19:15
500106051,17,3,14,2024-12-19 17:17:16
500107164,17,3,14,2024-12-19 17:16:16
500111063,17,3,14,2024-12-19 15:48:15
500112020,17,3,14,2024-12-19 16:29:15
500113052,17,3,14,2024-12-19 13:10:16
500105059,17,2,15,2024-12-19 16:23:15
500112102,17,2,15,2024-12-19 16:22:16
500113052,17,2,15,2024-12-19 14:09:16
500101215,17,1,16,2024-12-19 17:17:16
500107164,17,1,16,2024-12-19 16:31:15
500111063,17,1,16,2024-12-19 14:48:14
500111075,17,1,16,2024-12-19 15:43:15
500112102,17,1,16,2024-12-19 16:12:15
500106086,17,16,0,2024-12-19 08:02:15
500111063,17,15,0,2024-12-19 06:00:17
500112020,17,15,0,2024-12-19 06:07:15
500106107,17,15,2,2024-12-19 08:47:15
500108062,17,14,2,2024-12-19 07:33:15
500101165,17,14,3,2024-12-19 06:51:15
500101165,17,13,4,2024-12-19 07:59:15
500113002,17,13,4,2024-12-19 08:01:17
500103046,17,12,5,2024-12-19 08:02:15
500109042,17,9,5,2024-12-19 05:44:15
500111059,17,12,5,2024-12-19 07:48:15
500119092,17,11,5,2024-12-19 08:25:16
500103046,17,11,6,2024-12-19 06:00:17
500103047,17,11,6,2024-12-19 06:13:14
500111063,17,9,6,2024-12-19 08:52:16
500113002,17,11,6,2024-12-19 06:46:15
500101244,17,9,7,2024-12-19 07:08:14
500103046,17,10,7,2024-12-19 08:11:16
500103046,17,10,7,2024-12-19 05:24:14
500105060,17,9,7,2024-12-19 08:21:16
500105060,17,9,7,2024-12-19 08:46:15
500113002,17,10,7,2024-12-19 08:13:15
500104099,17,9,8,2024-12-19 07:27:15
500106107,17,9,8,2024-12-19 07:45:16
500101165,17,8,9,2024-12-19 08:35:15
500104115,17,8,9,2024-12-19 08:56:16
500108145,17,8,9,2024-12-19 08:33:16
500110052,17,8,9,2024-12-19 08:47:15
500113052,17,8,9,2024-12-19 07:15:16
500101244,17,6,10,2024-12-19 08:27:16
500113052,17,7,10,2024-12-19 07:33:15
500101199,17,6,11,2024-12-19 07:55:17
500101215,17,6,11,2024-12-19 08:25:16
500101215,17,6,11,2024-12-19 08:37:15
500106086,17,5,11,2024-12-19 06:53:15
500108062,17,5,11,2024-12-19 08:43:15
500111075,17,6,11,2024-12-19 07:17:14
500106051,17,4,13,2024-12-19 07:13:15
500106079,17,3,13,2024-12-19 07:46:15
500107164,17,4,13,2024-12-19 06:56:15
500112020,17,2,13,2024-12-19 07:24:15
500101008,17,2,14,2024-12-19 07:28:15
500106086,17,2,14,2024-12-19 08:42:15
500107164,17,3,14,2024-12-19 08:27:16
500109042,17,0,14,2024-12-19 07:36:15
500110026,17,3,14,2024-12-19 07:25:15
500110052,17,3,14,2024-12-19 07:13:15
500110052,17,3,14,2024-12-19 07:26:15
500112020,17,1,14,2024-12-19 07:52:15
500112020,17,1,14,2024-12-19 08:03:14
500113052,17,3,14,2024-12-19 08:56:16
500110026,17,2,15,2024-12-19 07:57:16
500112020,17,2,15,2024-12-19 08:44:16
500111075,17,1,16,2024-12-19 08:55:16
500107037,17,0,17,2024-12-19 08:57:16
500110052,17,0,17,2024-12-19 06:47:15
500101160,17,7,10,2024-12-19 00:45:15
500103047,17,3,14,2024-12-19 00:10:15
500119092,17,8,8,2024-12-19 00:12:15
500101199,17,16,1,2024-12-19 23:49:15
500104061,17,11,6,2024-12-19 00:41:14
500113002,17,12,5,2024-12-19 23:46:15
500106086,17,4,12,2024-12-19 01:14:15
500113002,17,10,7,2024-12-19 00:49:15
500109042,17,13,2,2024-12-19 01:17:15
500108062,17,14,3,2024-12-19 00:16:15
500101244,17,15,2,2024-12-19 01:06:15
500112020,17,5,9,2024-12-19 23:17:14
500112102,17,7,10,2024-12-19 22:35:16
500110052,17,8,9,2024-12-19 22:21:15
500111063,17,8,9,2024-12-19 21:54:15
500104099,17,10,7,2024-12-19 21:40:16
500113002,17,10,7,2024-12-19 22:18:14
500106107,17,2,15,2024-12-19 21:26:16
500110052,17,4,13,2024-12-19 21:34:15
500112042,17,5,11,2024-12-19 21:34:15
500105060,17,7,10,2024-12-19 21:38:15
500107069,17,9,8,2024-12-19 21:36:15
500104115,17,7,10,2024-12-19 01:48:15
500113002,17,11,6,2024-12-19 01:22:15
500109051,17,15,2,2024-12-19 02:13:15
500101008,17,5,11,2024-12-19 04:08:14
500110052,17,7,10,2024-12-19 03:27:15
500101244,17,15,1,2024-12-19 04:22:15
500106051,17,6,11,2024-12-19 22:01:15
500113002,17,8,9,2024-12-19 22:09:15
500101244,17,10,7,2024-12-19 21:55:16
500101244,17,16,0,2024-12-19 03:35:15
500101215,17,1,16,2024-12-19 23:31:15
500101160,17,11,6,2024-12-19 23:47:14
500110026,17,16,1,2024-12-19 01:27:15
500112102,17,10,7,2024-12-19 23:03:14
500101215,17,1,16,2024-12-19 22:12:15
500109051,17,12,5,2024-12-19 22:16:15
500101008,17,16,1,2024-12-19 22:14:15
500108013,17,7,9,2024-12-19 04:42:14
500101199,17,7,10,2024-12-19 22:26:15
500112102,17,17,0,2024-12-19 22:22:15
500110052,17,7,10,2024-12-19 22:52:15
500112102,17,9,8,2024-12-19 22:59:15
500112102,17,10,7,2024-12-19 23:33:15
500113052,17,11,6,2024-12-19 23:22:15
500106051,17,17,0,2024-12-19 10:28:16
500109051,17,17,0,2024-12-19 09:05:16
500106127,17,16,1,2024-12-19 09:40:16
500109051,17,16,1,2024-12-19 09:15:16
500106107,17,15,2,2024-12-19 10:00:18
500107069,17,15,2,2024-12-19 12:16:15
500107069,17,15,2,2024-12-19 10:18:15
500110052,17,15,2,2024-12-19 11:50:16
500119092,17,14,2,2024-12-19 09:09:15
500106079,17,13,3,2024-12-19 12:18:15
500109051,17,14,3,2024-12-19 10:43:15
500103047,17,13,4,2024-12-19 10:38:15
500106086,17,12,4,2024-12-19 11:36:15
500106127,17,12,4,2024-12-19 11:27:15
500110052,17,13,4,2024-12-19 10:11:15
500101160,17,12,5,2024-12-19 12:19:16
500107055,17,11,5,2024-12-19 09:29:15
500109042,17,11,5,2024-12-19 12:04:15
500111063,17,10,5,2024-12-19 10:03:15
500106079,17,10,6,2024-12-19 12:48:15
500107055,17,10,6,2024-12-19 09:06:15
500108038,17,10,6,2024-12-19 10:16:15
500109058,17,10,6,2024-12-19 11:21:15
500107149,17,6,7,2024-12-19 12:45:16
500107149,17,6,7,2024-12-19 11:48:15
500109042,17,9,7,2024-12-19 10:58:16
500111063,17,10,7,2024-12-19 11:34:15
500113002,17,10,7,2024-12-19 09:16:16
500107069,17,9,8,2024-12-19 09:46:15
500111059,17,9,8,2024-12-19 09:26:15
500111063,17,9,8,2024-12-19 12:27:15
500104115,17,8,9,2024-12-19 12:55:15
500106051,17,8,9,2024-12-19 12:26:15
500107069,17,8,9,2024-12-19 09:35:16
500107069,17,8,9,2024-12-19 11:17:15
500108038,17,7,9,2024-12-19 12:52:15
500108079,17,7,9,2024-12-19 09:46:15
500108145,17,8,9,2024-12-19 12:20:16
500111063,17,8,9,2024-12-19 12:36:15
500113002,17,8,9,2024-12-19 10:18:15
500104099,17,7,10,2024-12-19 12:47:15
500105060,17,6,10,2024-12-19 09:33:15
500106051,17,7,10,2024-12-19 09:25:16
500106107,17,7,10,2024-12-19 12:40:17
500104115,17,6,11,2024-12-19 11:45:15
500107037,17,6,11,2024-12-19 12:02:15
500112020,17,6,11,2024-12-19 12:15:16
500101165,17,5,12,2024-12-19 11:53:16
500104099,17,5,12,2024-12-19 09:29:15
500107037,17,5,12,2024-12-19 10:28:15
500107164,17,5,12,2024-12-19 11:48:15
500108145,17,5,12,2024-12-19 10:01:16
500101175,17,4,13,2024-12-19 09:46:16
500101175,17,4,13,2024-12-19 11:21:14
500101199,17,4,13,2024-12-19 12:47:15
500105088,17,4,13,2024-12-19 09:46:15
500107037,17,4,13,2024-12-19 12:29:16
500111075,17,4,13,2024-12-19 11:18:16
500101244,17,3,14,2024-12-19 11:50:16
500112020,17,3,14,2024-12-19 10:42:15
500112102,17,3,14,2024-12-19 11:53:16
500101008,17,1,15,2024-12-19 09:09:16
500101165,17,2,15,2024-12-19 09:27:15
500101244,17,2,15,2024-12-19 12:25:15
500112102,17,2,15,2024-12-19 13:07:15
500112020,17,1,16,2024-12-19 09:34:15
500112102,17,1,16,2024-12-19 09:17:16
500101160,17,0,17,2024-12-19 10:28:16
500101244,17,0,17,2024-12-19 12:14:16
500112102,17,0,17,2024-12-19 09:52:16
500101008,17,17,0,2024-12-19 18:14:16
500101008,17,17,0,2024-12-19 18:28:16
500106051,17,17,0,2024-12-19 19:38:16
500101165,17,16,1,2024-12-19 18:06:15
500101008,17,15,2,2024-12-19 17:38:16
500101160,17,15,2,2024-12-19 18:08:16
500109051,17,15,2,2024-12-19 17:34:15
500109051,17,15,2,2024-12-19 18:08:16
500110026,17,15,2,2024-12-19 19:58:14
500101160,17,14,3,2024-12-19 20:04:16
500113002,17,14,3,2024-12-19 17:55:17
500106086,17,12,4,2024-12-19 18:18:16
500107055,17,13,4,2024-12-19 19:03:14
500109042,17,13,4,2024-12-19 17:19:15
500110026,17,13,4,2024-12-19 18:21:16
500105059,17,12,5,2024-12-19 20:08:15
500105059,17,12,5,2024-12-19 20:33:15
500111063,17,12,5,2024-12-19 20:10:17
500101160,17,11,6,2024-12-19 18:18:16
500106086,17,10,6,2024-12-19 21:01:15
500107037,17,11,6,2024-12-19 17:44:15
500108038,17,11,6,2024-12-19 17:14:16
500109058,17,8,6,2024-12-19 21:03:15
500111059,17,11,6,2024-12-19 18:43:15
500111075,17,11,6,2024-12-19 18:56:15
500110052,17,10,7,2024-12-19 19:49:15
500110052,17,10,7,2024-12-19 18:26:16
500112042,17,9,7,2024-12-19 18:38:16
500105059,17,9,8,2024-12-19 19:36:15
500106086,17,8,8,2024-12-19 17:44:15
500107037,17,9,8,2024-12-19 19:55:16
500107037,17,9,8,2024-12-19 20:51:16
500107069,17,9,8,2024-12-19 20:46:16
500109042,17,6,8,2024-12-19 20:12:15
500109058,17,8,8,2024-12-19 18:29:15
500110026,17,9,8,2024-12-19 17:38:16
500111075,17,9,8,2024-12-19 18:31:15
500112020,17,9,8,2024-12-19 17:33:16
500112042,17,8,8,2024-12-19 19:17:15
500112102,17,9,8,2024-12-19 19:19:15
500113002,17,9,8,2024-12-19 19:05:16
500107037,17,8,9,2024-12-19 20:11:16
500104061,17,7,10,2024-12-19 18:01:16
500107037,17,7,10,2024-12-19 19:46:15
500113002,17,7,10,2024-12-19 21:06:15
500113002,17,7,10,2024-12-19 18:29:15
500101175,17,6,11,2024-12-19 19:28:15
500104061,17,6,11,2024-12-19 18:43:15
500105060,17,6,11,2024-12-19 21:17:15
500110052,17,6,11,2024-12-19 21:07:15
500105088,17,5,12,2024-12-19 17:25:16
500106107,17,5,12,2024-12-19 17:45:16
500107069,17,5,12,2024-12-19 19:29:15
500107149,17,1,12,2024-12-19 17:38:16
500108062,17,5,12,2024-12-19 19:25:15
500110052,17,5,12,2024-12-19 20:12:15
500101175,17,4,13,2024-12-19 18:18:16
500101199,17,4,13,2024-12-19 19:07:15
500108038,17,4,13,2024-12-19 20:10:16
500113052,17,4,13,2024-12-19 18:37:15
500101199,17,3,14,2024-12-19 18:15:16
500104115,17,3,14,2024-12-19 17:36:15
500106107,17,3,14,2024-12-19 18:27:15
500112102,17,3,14,2024-12-19 17:28:15
500113052,17,3,14,2024-12-19 20:29:15
500101175,17,2,15,2024-12-19 19:56:16
500101175,17,2,15,2024-12-19 20:11:16
500103047,17,2,15,2024-12-19 17:28:15
500107069,17,2,15,2024-12-19 17:47:16
500104061,17,1,16,2024-12-19 17:48:16
500106107,17,1,16,2024-12-19 18:34:15
500107164,17,1,16,2024-12-19 17:51:15
500101165,17,0,17,2024-12-19 18:38:16
500103047,17,0,17,2024-12-19 19:51:16
500104115,17,0,17,2024-12-19 19:02:16
500111063,17,0,17,2024-12-19 17:28:15
500101160,17,17,0,2024-12-19 16:01:17
500106086,17,15,1,2024-12-19 17:08:15
500101165,17,13,4,2024-12-19 17:18:16
500101199,17,13,4,2024-12-19 17:18:16
500106051,17,13,4,2024-12-19 13:18:14
500106051,17,13,4,2024-12-19 15:06:15
500106079,17,12,4,2024-12-19 17:11:16
500110052,17,13,4,2024-12-19 16:48:16
500113002,17,12,5,2024-12-19 13:25:16
500101160,17,11,6,2024-12-19 16:55:17
500110052,17,11,6,2024-12-19 15:27:15
500113002,17,11,6,2024-12-19 13:51:15
500101165,17,10,7,2024-12-19 16:27:16
500107069,17,10,7,2024-12-19 13:56:15
500119092,17,10,7,2024-12-19 15:33:15
500108145,17,9,8,2024-12-19 14:22:15
500112042,17,8,8,2024-12-19 17:18:16
500104115,17,8,9,2024-12-19 15:34:15
500106107,17,8,9,2024-12-19 13:13:15
500106127,17,7,9,2024-12-19 16:47:15
500107069,17,8,9,2024-12-19 14:43:14
500101008,17,7,10,2024-12-19 15:48:15
500101199,17,7,10,2024-12-19 13:16:14
500101215,17,7,10,2024-12-19 13:10:16
500104115,17,7,10,2024-12-19 13:18:15
500103047,17,6,11,2024-12-19 14:45:15
500107037,17,6,11,2024-12-19 14:32:14
500112042,17,5,11,2024-12-19 15:26:15
500119092,17,6,11,2024-12-19 13:28:15
500101215,17,5,12,2024-12-19 14:06:15
500101215,17,4,13,2024-12-19 16:53:15
500111063,17,4,13,2024-12-19 13:37:14
500101215,17,3,14,2024-12-19 17:05:17
500112102,17,3,14,2024-12-19 13:12:15
500107164,17,2,15,2024-12-19 15:51:14
500111075,17,2,15,2024-12-19 14:40:15
500103047,17,1,16,2024-12-19 16:46:15
500105060,17,0,16,2024-12-19 16:15:17
500110026,17,1,16,2024-12-19 13:11:16
500112102,17,1,16,2024-12-19 13:57:15
500101244,17,0,17,2024-12-19 13:28:15
500110052,17,6,11,2024-12-19 21:49:14
500111063,17,7,10,2024-12-19 21:40:16
500106127,17,10,7,2024-12-19 21:46:14
500111063,17,15,0,2024-12-19 07:11:15
500111063,17,15,0,2024-12-19 07:27:15
500103047,17,16,1,2024-12-19 08:27:15
500108079,17,14,2,2024-12-19 04:46:15
500111059,17,15,2,2024-12-19 06:16:15
500103047,17,14,3,2024-12-19 06:25:15
500111059,17,14,3,2024-12-19 06:47:15
500103047,17,13,4,2024-12-19 06:32:15
500110052,17,13,4,2024-12-19 08:27:16
500109058,17,11,5,2024-12-19 08:16:15
500113052,17,12,5,2024-12-19 06:51:15
500108062,17,10,6,2024-12-19 08:02:15
500119092,17,10,6,2024-12-19 08:17:15
500107037,17,10,7,2024-12-19 06:47:15
500107037,17,10,7,2024-12-19 05:58:15
500101165,17,9,8,2024-12-19 07:33:15
500108062,17,8,8,2024-12-19 08:15:16
500112042,17,8,8,2024-12-19 07:53:16
500108038,17,7,9,2024-12-19 07:15:17
500110026,17,8,9,2024-12-19 06:43:15
500101199,17,7,10,2024-12-19 07:46:15
500105060,17,6,10,2024-12-19 07:37:15
500101175,17,6,11,2024-12-19 07:54:15
500101215,17,6,11,2024-12-19 07:21:15
500104099,17,6,11,2024-12-19 08:45:16
500104115,17,6,11,2024-12-19 08:35:16
500107055,17,5,11,2024-12-19 07:21:15
500107069,17,6,11,2024-12-19 07:41:15
500107149,17,2,11,2024-12-19 08:22:15
500109058,17,5,11,2024-12-19 08:56:16
500101160,17,5,12,2024-12-19 08:15:16
500101175,17,5,12,2024-12-19 06:22:14
500101215,17,5,12,2024-12-19 08:57:15
500107149,17,1,12,2024-12-19 08:57:15
500112020,17,5,12,2024-12-19 08:20:17
500101215,17,4,13,2024-12-19 06:56:15
500112020,17,2,13,2024-12-19 07:46:15
500113052,17,4,13,2024-12-19 08:43:15
500101008,17,2,14,2024-12-19 05:48:14
500106079,17,2,14,2024-12-19 08:23:15
500110052,17,3,14,2024-12-19 06:56:16
500112042,17,2,14,2024-12-19 05:44:15
500104115,17,2,15,2024-12-19 08:26:15
500106127,17,2,15,2024-12-19 07:15:17
500106127,17,2,15,2024-12-19 07:57:16
500107164,17,2,15,2024-12-19 07:14:14
500112020,17,2,15,2024-12-19 08:55:16
500112102,17,2,15,2024-12-19 07:51:15
500101008,17,0,16,2024-12-19 08:13:15
500107164,17,1,16,2024-12-19 07:47:15
500112102,17,1,16,2024-12-19 08:22:15
500105059,17,0,17,2024-12-19 07:15:18
500107037,17,12,5,2024-12-19 00:08:15
500107069,17,4,11,2024-12-19 00:06:15
500109058,17,11,3,2024-12-19 23:49:15
500101160,17,8,9,2024-12-19 00:07:15
500101199,17,12,5,2024-12-19 00:17:15
500101175,17,1,16,2024-12-19 23:47:15
500106079,17,4,12,2024-12-19 22:57:15
500101244,17,13,4,2024-12-19 23:28:15
500108013,17,14,3,2024-12-19 23:48:14
500104099,17,0,17,2024-12-19 01:01:20
500106051,17,2,15,2024-12-19 00:42:15
500101215,17,7,10,2024-12-19 01:02:15
500104115,17,7,10,2024-12-19 01:17:15
500105060,17,7,10,2024-12-19 00:19:15
500109058,17,8,6,2024-12-19 00:02:15
500108038,17,11,5,2024-12-19 00:16:15
500107149,17,3,10,2024-12-19 22:44:14
500101160,17,11,6,2024-12-19 23:19:15
500112020,17,6,8,2024-12-19 22:21:15
500106051,17,6,11,2024-12-19 22:34:15
500109058,17,13,1,2024-12-19 22:22:15
500103046,17,0,17,2024-12-19 21:14:16
500103047,17,2,15,2024-12-19 21:39:15
500101165,17,6,9,2024-12-19 21:37:15
500104061,17,6,11,2024-12-19 21:29:15
500105059,17,9,8,2024-12-19 21:12:14
500111075,17,9,8,2024-12-19 21:15:16
500112102,17,11,6,2024-12-19 21:38:14
500101165,17,7,8,2024-12-19 02:56:15
500113052,17,9,8,2024-12-19 02:08:15
500109042,17,11,4,2024-12-19 01:44:14
500101244,17,17,0,2024-12-19 02:18:15
500105059,17,2,15,2024-12-19 03:26:14
500119092,17,2,15,2024-12-19 22:08:14
500107164,17,3,14,2024-12-19 21:59:15
500101008,17,15,2,2024-12-19 22:01:15
500112042,17,1,15,2024-12-19 21:55:17
500107069,17,11,6,2024-12-19 21:56:15
500101165,17,7,8,2024-12-19 01:54:15
500101008,17,14,3,2024-12-19 22:48:15
500110026,17,16,1,2024-12-19 22:14:15
500101165,17,8,7,2024-12-19 03:44:15
500101160,17,12,5,2024-12-19 23:27:15
500106107,17,16,1,2024-12-19 09:05:16
500103047,17,15,2,2024-12-19 09:09:15
500106051,17,14,3,2024-12-19 11:09:15
500108145,17,14,3,2024-12-19 09:33:15
500110052,17,14,3,2024-12-19 13:08:15
500110052,17,14,3,2024-12-19 10:01:16
500108038,17,12,4,2024-12-19 09:56:16
500113002,17,13,4,2024-12-19 12:43:15
500107069,17,12,5,2024-12-19 11:53:16
500109042,17,11,5,2024-12-19 12:29:16
500109051,17,12,5,2024-12-19 12:46:15
500109058,17,11,5,2024-12-19 11:13:15
500113002,17,12,5,2024-12-19 12:52:15
500119092,17,11,5,2024-12-19 10:36:14
500107055,17,10,6,2024-12-19 09:18:15
500109058,17,10,6,2024-12-19 10:54:15
500111063,17,9,6,2024-12-19 09:05:16
500104115,17,10,7,2024-12-19 09:09:15
500107055,17,10,7,2024-12-19 11:11:15
500106086,17,8,8,2024-12-19 09:57:15
500107149,17,5,8,2024-12-19 12:32:16
500111059,17,9,8,2024-12-19 08:44:16
500104115,17,8,9,2024-12-19 13:05:16
500106051,17,8,9,2024-12-19 09:03:14
500119092,17,7,9,2024-12-19 12:16:15
500101215,17,7,10,2024-12-19 12:57:15
500101244,17,6,10,2024-12-19 09:25:16
500101244,17,6,10,2024-12-19 10:10:16
500109058,17,6,10,2024-12-19 12:59:16
500111063,17,7,10,2024-12-19 12:41:15
500112042,17,6,10,2024-12-19 12:45:16
500101160,17,6,11,2024-12-19 09:55:17
500101175,17,6,11,2024-12-19 13:04:16
500107164,17,6,11,2024-12-19 10:25:16
500101244,17,4,12,2024-12-19 10:47:16
500107164,17,5,12,2024-12-19 11:16:15
500111075,17,5,12,2024-12-19 10:36:14
500101165,17,4,13,2024-12-19 09:34:15
500101165,17,4,13,2024-12-19 09:57:15
500101199,17,4,13,2024-12-19 11:48:15
500101215,17,4,13,2024-12-19 12:01:16
500108145,17,4,13,2024-12-19 10:32:15
500109058,17,3,13,2024-12-19 09:04:15
500109058,17,3,13,2024-12-19 09:26:15
500111075,17,4,13,2024-12-19 11:37:15
500112102,17,4,13,2024-12-19 12:07:16
500113052,17,4,13,2024-12-19 11:13:15
500101160,17,3,14,2024-12-19 11:26:15
500101165,17,3,14,2024-12-19 08:59:15
500104099,17,3,14,2024-12-19 09:44:15
500107164,17,3,14,2024-12-19 11:02:15
500101008,17,1,15,2024-12-19 09:07:15
500101175,17,2,15,2024-12-19 12:06:16
500101215,17,2,15,2024-12-19 09:46:16
500101244,17,2,15,2024-12-19 12:44:14
500101199,17,1,16,2024-12-19 10:18:15
500101215,17,1,16,2024-12-19 09:34:16
500104061,17,1,16,2024-12-19 08:56:16
500105059,17,1,16,2024-12-19 12:05:16
500112102,17,1,16,2024-12-19 09:06:15
500110026,17,0,17,2024-12-19 11:28:16
500101008,17,17,0,2024-12-19 20:27:15
500101165,17,17,0,2024-12-19 18:28:15
500101244,17,16,1,2024-12-19 19:13:15
500101008,17,15,2,2024-12-19 20:13:15
500101165,17,15,2,2024-12-19 17:20:17
500106051,17,15,2,2024-12-19 20:04:16
500111059,17,15,2,2024-12-19 21:10:16
500112020,17,15,2,2024-12-19 19:49:15
500101008,17,14,3,2024-12-19 20:40:16
500106079,17,13,3,2024-12-19 17:46:15
500109042,17,13,3,2024-12-19 19:43:15
500101160,17,13,4,2024-12-19 19:07:15
500106079,17,12,4,2024-12-19 18:58:16
500108132,17,13,4,2024-12-19 19:22:16
500112020,17,13,4,2024-12-19 19:59:15
500107055,17,12,5,2024-12-19 18:31:15
500108013,17,12,5,2024-12-19 18:18:16
500110026,17,12,5,2024-12-19 18:38:16
500112102,17,12,5,2024-12-19 21:05:16
500113002,17,12,5,2024-12-19 18:07:16
500101160,17,11,6,2024-12-19 20:33:15
500101215,17,10,7,2024-12-19 18:29:16
500110026,17,10,7,2024-12-19 17:45:16
500111059,17,10,7,2024-12-19 18:30:17
500101244,17,9,8,2024-12-19 17:26:15
500107069,17,9,8,2024-12-19 20:05:15
500107149,17,5,8,2024-12-19 20:50:16
500109058,17,6,8,2024-12-19 20:06:15
500111059,17,9,8,2024-12-19 17:20:17
500111063,17,9,8,2024-12-19 19:46:14
500101160,17,8,9,2024-12-19 21:20:16
500101165,17,6,9,2024-12-19 20:12:15
500104099,17,8,9,2024-12-19 18:18:16
500106079,17,7,9,2024-12-19 19:27:15
500107069,17,8,9,2024-12-19 19:48:15
500109058,17,5,9,2024-12-19 19:15:16
500111063,17,8,9,2024-12-19 19:01:15
500111075,17,8,9,2024-12-19 17:35:15
500112020,17,8,9,2024-12-19 17:46:15
500101215,17,7,10,2024-12-19 18:53:15
500113052,17,7,10,2024-12-19 20:59:15
500101215,17,6,11,2024-12-19 21:14:15
500107069,17,6,11,2024-12-19 17:35:16
500101175,17,5,12,2024-12-19 18:28:16
500106127,17,4,12,2024-12-19 17:48:15
500107149,17,1,12,2024-12-19 17:28:16
500107164,17,5,12,2024-12-19 21:18:14
500112102,17,4,13,2024-12-19 17:31:15
500113052,17,4,13,2024-12-19 20:43:14
500119092,17,4,13,2024-12-19 17:58:16
500101175,17,3,14,2024-12-19 19:41:16
500101215,17,3,14,2024-12-19 18:07:16
500103046,17,3,14,2024-12-19 18:08:16
500105088,17,3,14,2024-12-19 20:25:15
500106051,17,3,14,2024-12-19 17:38:15
500108145,17,3,14,2024-12-19 17:47:16
500112102,17,3,14,2024-12-19 18:18:16
500106051,17,2,15,2024-12-19 17:23:15
500106107,17,2,15,2024-12-19 20:28:15
500108145,17,2,15,2024-12-19 21:13:16
500104115,17,1,16,2024-12-19 20:12:15
500104115,17,1,16,2024-12-19 18:07:16
500104115,17,1,16,2024-12-19 18:26:16
500107164,17,1,16,2024-12-19 18:15:17
500103047,17,0,17,2024-12-19 18:32:16
500104061,17,0,17,2024-12-19 17:27:16
500106107,17,0,17,2024-12-19 20:38:16
500107069,17,0,17,2024-12-19 18:10:19
500106051,17,15,2,2024-12-19 13:43:15
500110052,17,15,2,2024-12-19 16:55:17
500101160,17,14,3,2024-12-19 16:28:15
500101160,17,13,4,2024-12-19 14:00:17
500109051,17,13,4,2024-12-19 15:45:15
500109051,17,13,4,2024-12-19 14:07:16
500103046,17,12,5,2024-12-19 16:08:16
500106051,17,12,5,2024-12-19 15:46:15
500104115,17,11,6,2024-12-19 16:39:15
500106079,17,10,6,2024-12-19 15:12:15
500109051,17,11,6,2024-12-19 16:30:16
500119092,17,11,6,2024-12-19 15:27:15
500101008,17,10,7,2024-12-19 17:14:16
500101165,17,10,7,2024-12-19 16:31:15
500110052,17,10,7,2024-12-19 14:30:16
500112020,17,10,7,2024-12-19 13:35:15
500101165,17,9,8,2024-12-19 15:56:15
500104061,17,9,8,2024-12-19 14:47:15
500106107,17,9,8,2024-12-19 13:45:16
500107069,17,9,8,2024-12-19 13:44:15
500108013,17,9,8,2024-12-19 16:11:15
500112020,17,9,8,2024-12-19 13:14:15
500101165,17,8,9,2024-12-19 14:23:15
500101199,17,8,9,2024-12-19 13:41:15
500106086,17,7,9,2024-12-19 16:18:16
500107037,17,8,9,2024-12-19 15:07:15
500107037,17,8,9,2024-12-19 15:26:15
500101008,17,7,10,2024-12-19 15:38:15
500104061,17,7,10,2024-12-19 15:54:14
500104115,17,7,10,2024-12-19 15:53:14
500106086,17,6,10,2024-12-19 16:48:16
500109058,17,6,10,2024-12-19 13:56:15
500107164,17,6,11,2024-12-19 13:33:15
500119092,17,6,11,2024-12-19 17:08:16
500104099,17,5,12,2024-12-19 13:36:16
500103047,17,4,13,2024-12-19 16:27:16
500110026,17,4,13,2024-12-19 16:21:15
500111075,17,4,13,2024-12-19 16:38:15
500101244,17,3,14,2024-12-19 16:44:15
500110026,17,3,14,2024-12-19 15:35:16
500101199,17,2,15,2024-12-19 15:36:15
500101244,17,2,15,2024-12-19 16:28:15
500107164,17,2,15,2024-12-19 17:02:15
500110026,17,2,15,2024-12-19 15:09:16
500105059,17,1,16,2024-12-19 16:57:16
500105060,17,1,16,2024-12-19 16:26:15
500105060,17,1,16,2024-12-19 17:09:15
500111063,17,1,16,2024-12-19 17:01:16
500101160,17,10,7,2024-12-19 21:49:14
500108062,17,15,1,2024-12-19 07:13:16
500109051,17,15,2,2024-12-19 06:02:14
500111063,17,13,2,2024-12-19 06:30:17
500112020,17,13,2,2024-12-19 06:25:15
500107149,17,14,3,2024-12-19 06:52:15
500108062,17,13,3,2024-12-19 07:21:15
500103047,17,13,4,2024-12-19 08:02:15
500113002,17,13,4,2024-12-19 05:26:15
500103047,17,12,5,2024-12-19 07:15:17
500106107,17,12,5,2024-12-19 07:57:16
500113002,17,12,5,2024-12-19 05:04:15
500104115,17,11,6,2024-12-19 07:31:16
500106086,17,10,6,2024-12-19 07:57:16
500107149,17,11,6,2024-12-19 08:03:15
500111063,17,8,7,2024-12-19 08:42:15
500109042,17,6,8,2024-12-19 06:30:17
500109058,17,6,8,2024-12-19 06:03:15
500112102,17,9,8,2024-12-19 07:17:14
500101160,17,8,9,2024-12-19 06:56:15
500111075,17,8,9,2024-12-19 06:22:14
500112020,17,6,9,2024-12-19 06:56:15
500101199,17,7,10,2024-12-19 08:02:15
500106086,17,6,10,2024-12-19 07:08:15
500107055,17,6,10,2024-12-19 07:53:16
500107149,17,7,10,2024-12-19 05:05:16
500113002,17,7,10,2024-12-19 06:55:16
500101215,17,6,11,2024-12-19 06:39:15
500101244,17,5,11,2024-12-19 07:37:15
500105060,17,5,11,2024-12-19 05:35:15
500107037,17,6,11,2024-12-19 07:29:15
500111075,17,6,11,2024-12-19 08:20:17
500101160,17,5,12,2024-12-19 05:17:15
500101175,17,5,12,2024-12-19 07:15:17
500101215,17,5,12,2024-12-19 07:57:16
500105060,17,4,12,2024-12-19 07:15:17
500113052,17,5,12,2024-12-19 08:13:15
500106127,17,4,13,2024-12-19 08:15:16
500112102,17,4,13,2024-12-19 07:36:15
500113052,17,4,13,2024-12-19 08:36:15
500101160,17,3,14,2024-12-19 07:37:15
500106127,17,3,14,2024-12-19 08:39:15
500107164,17,3,14,2024-12-19 07:21:15
500108132,17,3,14,2024-12-19 08:50:16
500111075,17,3,14,2024-12-19 08:37:15
500112020,17,1,14,2024-12-19 07:31:16
500101160,17,2,15,2024-12-19 07:48:15
500101199,17,2,15,2024-12-19 08:47:15
500106051,17,2,15,2024-12-19 06:19:15
500106079,17,1,15,2024-12-19 06:24:15
500107069,17,1,15,2024-12-19 05:56:14
500103046,17,1,16,2024-12-19 05:01:14
500105059,17,1,16,2024-12-19 08:14:16
500105059,17,1,16,2024-12-19 05:40:15
500110026,17,1,16,2024-12-19 07:43:15
500108145,17,0,17,2024-12-19 07:06:16
500101008,17,8,9,2024-12-19 00:34:14
500101008,17,9,8,2024-12-19 00:10:15
500101160,17,6,11,2024-12-19 00:52:15
500106107,17,6,11,2024-12-19 00:12:15
500101215,17,6,11,2024-12-19 00:51:14
500107037,17,11,6,2024-12-19 00:04:16
500107164,17,2,15,2024-12-19 00:32:15
500108047,18,7,11,2024-12-19 23:38:15
500101225,18,16,1,2024-12-19 23:46:15
500108008,18,10,8,2024-12-19 01:06:15
500101104,18,13,5,2024-12-19 00:30:16
500111046,18,3,14,2024-12-19 23:15:14
500106088,18,8,10,2024-12-19 21:54:15
500101161,18,1,16,2024-12-19 22:20:15
500112096,18,5,13,2024-12-19 22:31:16
500111076,18,6,12,2024-12-19 22:10:17
500107173,18,12,5,2024-12-19 22:12:15
500101225,18,16,1,2024-12-19 22:34:14
500111046,18,0,18,2024-12-19 21:35:16
500109014,18,13,5,2024-12-19 21:06:15
500101104,18,13,5,2024-12-19 02:33:15
500107141,18,10,8,2024-12-19 03:36:15
500101161,18,3,14,2024-12-19 22:06:15
500107108,18,5,13,2024-12-19 22:08:14
500108187,18,5,13,2024-12-19 22:09:15
500101161,18,1,16,2024-12-19 21:57:15
500101222,18,7,11,2024-12-19 21:57:15
500107085,18,3,15,2024-12-19 03:26:14
500103053,18,2,15,2024-12-19 00:45:17
500101161,18,1,17,2024-12-19 01:38:15
500103053,18,10,7,2024-12-19 01:40:15
500107085,18,12,6,2024-12-19 22:58:15
500112096,18,6,12,2024-12-19 22:19:15
500104024,18,9,8,2024-12-19 04:40:15
500106088,18,14,3,2024-12-19 04:41:15
500107108,18,2,16,2024-12-19 22:59:15
500113060,18,10,8,2024-12-19 03:29:14
500108174,18,6,12,2024-12-19 23:31:15
500103053,18,17,0,2024-12-19 11:07:16
500108047,18,18,0,2024-12-19 09:17:16
500111094,18,17,1,2024-12-19 09:09:15
500101034,18,16,2,2024-12-19 10:38:15
500112096,18,16,2,2024-12-19 10:49:16
500111094,18,15,3,2024-12-19 12:42:14
500101034,18,14,4,2024-12-19 11:07:16
500111094,18,14,4,2024-12-19 09:25:17
500107085,18,13,5,2024-12-19 09:50:15
500107085,18,13,5,2024-12-19 10:04:15
500103053,18,10,6,2024-12-19 12:28:15
500111067,18,12,6,2024-12-19 12:56:15
500111057,18,10,7,2024-12-19 10:23:15
500103053,18,8,8,2024-12-19 12:35:16
500111046,18,10,8,2024-12-19 10:12:15
500113060,18,10,8,2024-12-19 09:22:14
500119083,18,8,8,2024-12-19 10:58:16
500107174,18,9,9,2024-12-19 12:49:15
500109014,18,9,9,2024-12-19 09:32:15
500109014,18,9,9,2024-12-19 11:17:15
500113060,18,9,9,2024-12-19 09:42:14
500119091,18,9,9,2024-12-19 10:09:16
500108047,18,8,10,2024-12-19 12:59:16
500111046,18,8,10,2024-12-19 11:15:16
500113060,18,8,10,2024-12-19 10:58:16
500107046,18,7,11,2024-12-19 11:37:15
500108047,18,7,11,2024-12-19 11:51:15
500109014,18,7,11,2024-12-19 08:59:15
500101136,18,6,12,2024-12-19 12:46:15
500103053,18,5,12,2024-12-19 10:06:15
500107046,18,6,12,2024-12-19 13:01:15
500108187,18,6,12,2024-12-19 12:28:15
500119083,18,5,12,2024-12-19 11:58:16
500101136,18,5,13,2024-12-19 11:07:16
500105094,18,5,13,2024-12-19 12:08:15
500105098,18,4,13,2024-12-19 09:18:15
500106123,18,5,13,2024-12-19 09:52:15
500103055,18,4,14,2024-12-19 12:39:14
500106123,18,4,14,2024-12-19 09:44:15
500107174,18,4,14,2024-12-19 12:13:16
500111057,18,3,14,2024-12-19 09:31:15
500119091,18,4,14,2024-12-19 12:35:16
500107046,18,3,15,2024-12-19 09:53:15
500107173,18,2,15,2024-12-19 09:27:15
500108008,18,3,15,2024-12-19 11:47:15
500108153,18,3,15,2024-12-19 09:43:15
500113031,18,3,15,2024-12-19 09:36:15
500101104,18,2,16,2024-12-19 12:17:15
500101161,18,2,16,2024-12-19 09:07:16
500103055,18,2,16,2024-12-19 10:26:14
500106123,18,2,16,2024-12-19 11:54:15
500107108,18,2,16,2024-12-19 09:46:16
500108187,18,2,16,2024-12-19 10:44:15
500113031,18,2,16,2024-12-19 11:28:16
500103055,18,1,17,2024-12-19 09:37:16
500107108,18,1,17,2024-12-19 09:52:15
500107173,18,0,17,2024-12-19 09:47:15
500104024,18,0,18,2024-12-19 11:01:18
500105104,18,0,18,2024-12-19 07:40:18
500101104,18,18,0,2024-12-19 18:47:16
500101222,18,18,0,2024-12-19 18:50:19
500101225,18,17,0,2024-12-19 20:29:16
500101225,18,17,0,2024-12-19 18:43:15
500101104,18,17,1,2024-12-19 18:16:16
500101225,18,16,1,2024-12-19 18:31:15
500112013,18,11,1,2024-12-19 17:37:16
500107141,18,16,2,2024-12-19 19:59:15
500107141,18,16,2,2024-12-19 19:05:16
500101222,18,15,3,2024-12-19 19:29:16
500107141,18,15,3,2024-12-19 20:52:14
500107141,18,15,3,2024-12-19 18:25:17
500108047,18,15,3,2024-12-19 17:36:15
500101104,18,13,5,2024-12-19 20:48:15
500107085,18,13,5,2024-12-19 20:57:16
500101104,18,12,6,2024-12-19 20:09:15
500108008,18,12,6,2024-12-19 20:32:15
500108008,18,12,6,2024-12-19 17:37:16
500112013,18,12,6,2024-12-19 18:16:16
500101161,18,10,7,2024-12-19 19:15:16
500101161,18,10,7,2024-12-19 18:29:16
500107085,18,11,7,2024-12-19 21:05:15
500108008,18,11,7,2024-12-19 20:48:15
500101161,18,9,8,2024-12-19 19:36:15
500105014,18,10,8,2024-12-19 18:14:15
500107046,18,10,8,2024-12-19 17:46:15
500107085,18,10,8,2024-12-19 20:32:15
500108008,18,10,8,2024-12-19 18:57:15
500111046,18,10,8,2024-12-19 19:36:15
500106088,18,9,9,2024-12-19 19:17:15
500108008,18,9,9,2024-12-19 18:29:16
500108047,18,9,9,2024-12-19 17:59:14
500113031,18,9,9,2024-12-19 18:41:15
500106088,18,8,10,2024-12-19 18:42:16
500108047,18,8,10,2024-12-19 20:11:15
500108187,18,8,10,2024-12-19 17:44:15
500112096,18,8,10,2024-12-19 17:54:15
500104024,18,7,11,2024-12-19 19:58:15
500111076,18,7,11,2024-12-19 18:58:16
500112013,18,7,11,2024-12-19 18:40:17
500101161,18,5,12,2024-12-19 21:18:15
500103053,18,5,12,2024-12-19 17:59:15
500105014,18,6,12,2024-12-19 19:37:16
500106088,18,6,12,2024-12-19 18:15:16
500106123,18,5,12,2024-12-19 20:12:14
500108187,18,6,12,2024-12-19 21:07:16
500111046,18,6,12,2024-12-19 18:06:15
500111076,18,6,12,2024-12-19 18:41:15
500105098,18,5,13,2024-12-19 17:30:16
500111046,18,5,13,2024-12-19 17:46:15
500111057,18,4,13,2024-12-19 19:01:15
500112096,18,5,13,2024-12-19 21:19:16
500119091,18,5,13,2024-12-19 19:52:16
500101136,18,4,14,2024-12-19 18:57:15
500103055,18,4,14,2024-12-19 19:30:17
500104024,18,4,14,2024-12-19 18:16:16
500119091,18,4,14,2024-12-19 19:45:16
500103055,18,3,15,2024-12-19 19:09:14
500104024,18,3,15,2024-12-19 17:37:16
500105014,18,3,15,2024-12-19 19:42:15
500119091,18,3,15,2024-12-19 18:02:15
500119091,18,3,15,2024-12-19 18:35:16
500101136,18,2,16,2024-12-19 17:37:16
500105014,18,2,16,2024-12-19 21:08:15
500107147,18,2,16,2024-12-19 18:18:16
500111076,18,2,16,2024-12-19 17:51:16
500107108,18,1,17,2024-12-19 18:07:16
500107147,18,1,17,2024-12-19 18:29:16
500101136,18,0,18,2024-12-19 17:23:16
500107108,18,0,18,2024-12-19 17:40:19
500112013,18,7,2,2024-12-19 15:48:15
500119083,18,15,2,2024-12-19 14:06:15
500101104,18,15,3,2024-12-19 17:07:15
500105014,18,15,3,2024-12-19 15:08:15
500107085,18,15,3,2024-12-19 14:22:15
500101225,18,13,4,2024-12-19 15:42:14
500101034,18,13,5,2024-12-19 13:43:14
500101034,18,12,5,2024-12-19 16:44:15
500101225,18,11,6,2024-12-19 15:28:14
500103053,18,11,6,2024-12-19 15:55:16
500105014,18,12,6,2024-12-19 13:35:15
500107141,18,12,6,2024-12-19 17:05:17
500107141,18,12,6,2024-12-19 15:08:14
500108176,18,12,6,2024-12-19 16:24:15
500111067,18,12,6,2024-12-19 16:16:15
500108176,18,11,7,2024-12-19 16:33:15
500109014,18,11,7,2024-12-19 15:35:16
500103053,18,9,8,2024-12-19 14:48:14
500108008,18,10,8,2024-12-19 16:48:16
500109014,18,10,8,2024-12-19 15:48:15
500103053,18,8,9,2024-12-19 13:48:15
500103053,18,8,9,2024-12-19 15:17:16
500108008,18,9,9,2024-12-19 16:38:15
500103053,18,7,10,2024-12-19 16:58:14
500106123,18,7,10,2024-12-19 16:45:17
500101161,18,6,11,2024-12-19 13:45:16
500106088,18,7,11,2024-12-19 15:07:15
500107046,18,7,11,2024-12-19 15:14:15
500111046,18,6,12,2024-12-19 16:27:16
500119083,18,5,12,2024-12-19 14:22:15
500101222,18,5,13,2024-12-19 13:41:15
500107108,18,5,13,2024-12-19 13:42:15
500101161,18,3,14,2024-12-19 15:54:14
500106123,18,3,14,2024-12-19 14:55:16
500119083,18,3,14,2024-12-19 16:00:17
500119083,18,3,14,2024-12-19 15:17:16
500119091,18,4,14,2024-12-19 15:01:16
500101104,18,2,16,2024-12-19 13:29:14
500119083,18,1,16,2024-12-19 16:38:15
500119083,18,1,16,2024-12-19 16:48:15
500101136,18,1,17,2024-12-19 16:28:15
500119083,18,0,17,2024-12-19 14:58:15
500111046,18,0,18,2024-12-19 21:49:15
500101236,18,15,2,2024-12-19 05:52:15
500111046,18,14,4,2024-12-19 07:47:15
500107108,18,13,5,2024-12-19 08:24:14
500107108,18,13,5,2024-12-19 05:55:15
500113060,18,13,5,2024-12-19 07:08:15
500111046,18,12,6,2024-12-19 07:37:15
500111057,18,11,6,2024-12-19 06:50:16
500101104,18,11,7,2024-12-19 07:47:15
500105098,18,10,7,2024-12-19 07:23:15
500107108,18,11,7,2024-12-19 08:47:15
500108008,18,11,7,2024-12-19 08:25:16
500101136,18,10,8,2024-12-19 07:57:16
500101236,18,9,8,2024-12-19 07:45:16
500109014,18,10,8,2024-12-19 07:46:15
500111094,18,10,8,2024-12-19 08:06:16
500105098,18,8,9,2024-12-19 07:34:14
500107085,18,9,9,2024-12-19 08:57:15
500107108,18,9,9,2024-12-19 06:42:15
500107141,18,9,9,2024-12-19 06:35:15
500111057,18,8,9,2024-12-19 07:33:15
500101136,18,8,10,2024-12-19 06:37:14
500105098,18,7,10,2024-12-19 07:48:15
500107141,18,8,10,2024-12-19 06:54:15
500108157,18,8,10,2024-12-19 08:47:15
500112096,18,8,10,2024-12-19 07:47:15
500107085,18,7,11,2024-12-19 08:26:15
500108008,18,7,11,2024-12-19 07:25:15
500108157,18,7,11,2024-12-19 07:56:15
500109014,18,7,11,2024-12-19 08:27:16
500112013,18,5,11,2024-12-19 08:25:16
500101225,18,5,12,2024-12-19 07:43:15
500101225,18,5,12,2024-12-19 07:55:17
500105014,18,5,12,2024-12-19 04:48:15
500112096,18,6,12,2024-12-19 06:47:15
500107085,18,5,13,2024-12-19 07:47:15
500101034,18,4,14,2024-12-19 06:37:15
500104024,18,3,14,2024-12-19 08:00:17
500106123,18,4,14,2024-12-19 04:58:15
500111076,18,3,14,2024-12-19 08:16:15
500113031,18,4,14,2024-12-19 08:40:17
500101104,18,3,15,2024-12-19 07:57:15
500101161,18,3,15,2024-12-19 06:27:15
500101222,18,3,15,2024-12-19 06:40:16
500104024,18,3,15,2024-12-19 08:22:15
500111057,18,2,15,2024-12-19 08:35:15
500101104,18,2,16,2024-12-19 08:57:15
500101136,18,2,16,2024-12-19 08:37:15
500108153,18,2,16,2024-12-19 06:57:15
500111076,18,1,16,2024-12-19 07:37:15
500105104,18,1,17,2024-12-19 06:46:15
500112013,18,1,17,2024-12-19 06:55:16
500113031,18,0,17,2024-12-19 07:37:15
500119091,18,1,17,2024-12-19 08:37:16
500101136,18,0,18,2024-12-19 08:56:16
500107174,18,0,18,2024-12-19 04:58:15
500101104,18,14,4,2024-12-19 00:14:15
500105014,18,2,15,2024-12-19 00:34:14
500107085,18,5,13,2024-12-19 00:07:15
500107173,18,8,10,2024-12-19 00:03:15
500107174,18,4,14,2024-12-19 00:46:15
500108174,18,3,15,2024-12-19 00:15:16
500108187,18,14,2,2024-12-19 00:03:15
500103055,18,10,8,2024-12-19 00:40:16
500108008,18,11,7,2024-12-19 22:05:16
500108187,18,4,13,2024-12-19 23:21:15
500119091,18,7,11,2024-12-19 23:59:15
500107046,18,8,10,2024-12-19 00:31:14
500111076,18,9,8,2024-12-19 01:16:15
500106088,18,15,3,2024-12-19 00:03:15
500106123,18,8,10,2024-12-19 23:08:15
500107085,18,11,7,2024-12-19 23:10:15
500105094,18,5,13,2024-12-19 22:26:15
500101222,18,7,11,2024-12-19 22:20:15
500112013,18,0,18,2024-12-19 21:12:15
500105094,18,1,17,2024-12-19 21:10:15
500108047,18,7,11,2024-12-19 21:23:15
500101222,18,9,9,2024-12-19 21:31:15
500107085,18,10,8,2024-12-19 21:38:15
500111067,18,11,7,2024-12-19 21:34:15
500101225,18,16,1,2024-12-19 21:39:15
500107046,18,8,10,2024-12-19 02:44:15
500103055,18,9,9,2024-12-19 02:51:15
500113031,18,16,1,2024-12-19 02:30:16
500105014,18,4,13,2024-12-19 04:25:15
500101222,18,4,14,2024-12-19 03:54:15
500107147,18,0,18,2024-12-19 21:57:15
500103055,18,3,15,2024-12-19 22:01:15
500111076,18,7,11,2024-12-19 22:09:15
500101225,18,17,0,2024-12-19 21:53:15
500101136,18,6,12,2024-12-19 21:57:15
500108187,18,9,9,2024-12-19 21:49:15
500101222,18,0,18,2024-12-19 03:31:14
500103053,18,12,5,2024-12-19 03:33:15
500101034,18,2,16,2024-12-19 03:21:15
500101236,18,14,3,2024-12-19 01:30:16
500103053,18,0,16,2024-12-19 22:47:15
500111046,18,1,16,2024-12-19 23:09:15
500107108,18,5,13,2024-12-19 23:01:18
500111046,18,2,16,2024-12-19 22:14:14
500101222,18,6,12,2024-12-19 22:11:15
500107108,18,2,16,2024-12-19 22:24:15
500101222,18,3,15,2024-12-19 01:58:14
500101222,18,18,0,2024-12-19 10:38:15
500111094,18,18,0,2024-12-19 09:07:16
500112096,18,18,0,2024-12-19 11:28:16
500101034,18,17,1,2024-12-19 09:42:15
500107147,18,17,1,2024-12-19 10:16:15
500107141,18,16,2,2024-12-19 12:37:15
500112013,18,7,2,2024-12-19 11:26:14
500112096,18,16,2,2024-12-19 10:35:16
500105014,18,13,4,2024-12-19 12:37:15
500107085,18,14,4,2024-12-19 13:02:15
500111094,18,14,4,2024-12-19 12:29:16
500107085,18,13,5,2024-12-19 10:41:15
500107141,18,13,5,2024-12-19 10:15:16
500101225,18,11,6,2024-12-19 12:42:15
500107085,18,12,6,2024-12-19 11:26:14
500119083,18,11,6,2024-12-19 12:55:15
500107147,18,11,7,2024-12-19 09:32:14
500111057,18,10,7,2024-12-19 09:49:15
500119091,18,11,7,2024-12-19 09:55:17
500107085,18,10,8,2024-12-19 11:48:15
500107174,18,10,8,2024-12-19 13:01:15
500107085,18,9,9,2024-12-19 11:49:16
500101161,18,8,10,2024-12-19 11:14:15
500109014,18,8,10,2024-12-19 11:40:17
500113060,18,8,10,2024-12-19 09:54:15
500119091,18,8,10,2024-12-19 10:26:14
500101034,18,7,11,2024-12-19 12:02:16
500101161,18,6,11,2024-12-19 11:28:16
500103053,18,6,11,2024-12-19 09:27:15
500105098,18,6,11,2024-12-19 12:28:15
500107085,18,7,11,2024-12-19 12:21:15
500107141,18,7,11,2024-12-19 09:25:16
500108047,18,7,11,2024-12-19 10:43:15
500108153,18,7,11,2024-12-19 09:09:15
500108157,18,7,11,2024-12-19 10:26:15
500108176,18,7,11,2024-12-19 09:08:15
500108187,18,7,11,2024-12-19 12:19:16
500101034,18,6,12,2024-12-19 12:19:16
500107173,18,5,12,2024-12-19 12:47:15
500108176,18,6,12,2024-12-19 09:23:15
500113060,18,6,12,2024-12-19 11:12:16
500104129,18,5,13,2024-12-19 09:31:15
500111076,18,4,13,2024-12-19 09:52:14
500107147,18,4,14,2024-12-19 12:07:16
500107174,18,4,14,2024-12-19 09:33:15
500107174,18,4,14,2024-12-19 10:21:15
500111076,18,3,14,2024-12-19 10:07:15
500101104,18,3,15,2024-12-19 12:20:16
500101136,18,3,15,2024-12-19 10:41:15
500101136,18,3,15,2024-12-19 11:15:16
500101161,18,3,15,2024-12-19 09:26:15
500106123,18,2,15,2024-12-19 13:03:14
500107174,18,3,15,2024-12-19 10:34:15
500108176,18,3,15,2024-12-19 10:48:15
500113031,18,3,15,2024-12-19 10:28:15
500101236,18,2,16,2024-12-19 09:48:15
500106088,18,2,16,2024-12-19 12:15:16
500107173,18,1,16,2024-12-19 09:36:15
500108008,18,2,16,2024-12-19 11:35:17
500101104,18,1,17,2024-12-19 09:55:17
500106088,18,1,17,2024-12-19 09:23:15
500107046,18,1,17,2024-12-19 09:08:15
500101236,18,0,18,2024-12-19 11:45:16
500106088,18,0,18,2024-12-19 10:02:15
500112013,18,12,0,2024-12-19 17:47:16
500109014,18,17,1,2024-12-19 17:46:14
500111046,18,17,1,2024-12-19 18:58:16
500101104,18,16,2,2024-12-19 20:59:15
500101104,18,16,2,2024-12-19 18:58:16
500109014,18,16,2,2024-12-19 18:10:19
500107141,18,15,3,2024-12-19 18:38:15
500108157,18,15,3,2024-12-19 19:31:15
500108174,18,15,3,2024-12-19 21:06:15
500109014,18,15,3,2024-12-19 20:39:16
500111094,18,15,3,2024-12-19 17:25:15
500101104,18,13,5,2024-12-19 19:36:15
500107174,18,13,5,2024-12-19 18:50:16
500101104,18,12,6,2024-12-19 19:49:15
500107141,18,12,6,2024-12-19 17:23:15
500107173,18,11,6,2024-12-19 18:18:16
500111057,18,11,6,2024-12-19 20:45:16
500107046,18,11,7,2024-12-19 19:28:15
500108008,18,11,7,2024-12-19 19:19:15
500111067,18,11,7,2024-12-19 20:36:15
500101161,18,9,8,2024-12-19 19:49:15
500101236,18,10,8,2024-12-19 17:58:15
500105014,18,10,8,2024-12-19 19:05:16
500101161,18,8,9,2024-12-19 19:59:16
500101236,18,8,9,2024-12-19 19:42:15
500108047,18,9,9,2024-12-19 20:31:15
500108047,18,9,9,2024-12-19 18:52:14
500111057,18,8,9,2024-12-19 19:38:15
500111058,18,9,9,2024-12-19 17:12:16
500119091,18,9,9,2024-12-19 20:23:15
500104129,18,8,10,2024-12-19 20:23:15
500108195,18,8,10,2024-12-19 20:15:16
500101136,18,7,11,2024-12-19 19:59:16
500101161,18,6,11,2024-12-19 18:48:15
500101236,18,7,11,2024-12-19 17:26:15
500103053,18,6,11,2024-12-19 18:18:16
500104024,18,7,11,2024-12-19 20:30:17
500104024,18,7,11,2024-12-19 18:08:16
500106088,18,7,11,2024-12-19 20:11:16
500107173,18,6,11,2024-12-19 17:48:15
500108195,18,7,11,2024-12-19 19:58:15
500113031,18,7,11,2024-12-19 19:42:15
500113031,18,7,11,2024-12-19 18:13:16
500106088,18,6,12,2024-12-19 18:05:15
500106123,18,5,12,2024-12-19 19:29:15
500112096,18,6,12,2024-12-19 20:40:19
500104024,18,5,13,2024-12-19 19:46:15
500105098,18,5,13,2024-12-19 19:38:15
500106123,18,4,13,2024-12-19 20:29:14
500107108,18,5,13,2024-12-19 18:37:15
500111046,18,5,13,2024-12-19 19:57:15
500112013,18,5,13,2024-12-19 19:52:16
500106123,18,3,14,2024-12-19 18:58:16
500101034,18,2,15,2024-12-19 18:18:16
500101034,18,2,15,2024-12-19 18:31:15
500101034,18,2,15,2024-12-19 18:50:16
500103053,18,2,15,2024-12-19 17:48:15
500103053,18,1,15,2024-12-19 21:09:15
500105098,18,3,15,2024-12-19 18:26:16
500112096,18,3,15,2024-12-19 21:08:15
500119083,18,2,15,2024-12-19 20:36:15
500103053,18,0,16,2024-12-19 19:25:16
500103053,18,0,16,2024-12-19 20:44:15
500103053,18,0,16,2024-12-19 21:12:15
500105098,18,2,16,2024-12-19 18:16:16
500101034,18,0,17,2024-12-19 20:09:15
500101034,18,0,17,2024-12-19 19:18:16
500107108,18,1,17,2024-12-19 19:59:16
500119083,18,0,17,2024-12-19 18:22:16
500107147,18,0,18,2024-12-19 20:04:16
500112096,18,18,0,2024-12-19 13:32:16
500119083,18,17,0,2024-12-19 13:37:15
500119083,18,16,1,2024-12-19 13:58:16
500111094,18,15,3,2024-12-19 16:45:17
500101034,18,14,4,2024-12-19 13:54:15
500101034,18,14,4,2024-12-19 15:18:15
500105014,18,14,4,2024-12-19 15:56:15
500101104,18,13,5,2024-12-19 16:57:15
500101225,18,12,5,2024-12-19 15:35:16
500112096,18,13,5,2024-12-19 16:14:15
500101225,18,11,6,2024-12-19 14:40:16
500103053,18,9,7,2024-12-19 13:12:15
500107108,18,11,7,2024-12-19 16:56:15
500103053,18,9,8,2024-12-19 16:27:16
500111046,18,10,8,2024-12-19 17:16:16
500119083,18,8,9,2024-12-19 14:18:15
500103055,18,8,10,2024-12-19 15:47:15
500106088,18,7,11,2024-12-19 15:31:15
500107173,18,6,11,2024-12-19 17:10:17
500108157,18,7,11,2024-12-19 13:10:16
500111046,18,7,11,2024-12-19 15:50:15
500101161,18,5,12,2024-12-19 14:48:15
500101161,18,5,12,2024-12-19 15:01:16
500101161,18,5,12,2024-12-19 15:36:15
500103055,18,6,12,2024-12-19 13:12:15
500106088,18,6,12,2024-12-19 15:25:15
500113031,18,6,12,2024-12-19 14:39:15
500113031,18,6,12,2024-12-19 13:10:16
500101034,18,4,13,2024-12-19 17:08:16
500103055,18,5,13,2024-12-19 16:42:15
500105098,18,5,13,2024-12-19 16:35:15
500106088,18,5,13,2024-12-19 13:24:15
500107147,18,5,13,2024-12-19 14:11:16
500101222,18,4,14,2024-12-19 15:43:15
500103055,18,4,14,2024-12-19 16:51:15
500101136,18,3,15,2024-12-19 13:41:15
500119083,18,2,15,2024-12-19 16:58:16
500101034,18,1,16,2024-12-19 17:15:17
500104024,18,2,16,2024-12-19 13:22:15
500104024,18,1,17,2024-12-19 17:17:16
500101136,18,0,18,2024-12-19 17:08:16
500101225,18,16,1,2024-12-19 21:41:15
500101104,18,17,1,2024-12-19 07:17:14
500103053,18,14,3,2024-12-19 08:47:15
500105014,18,14,3,2024-12-19 08:37:15
500119091,18,15,3,2024-12-19 08:42:15
500101104,18,14,4,2024-12-19 06:10:16
500108047,18,14,4,2024-12-19 08:23:15
500101034,18,13,5,2024-12-19 07:47:15
500101236,18,12,5,2024-12-19 08:09:15
500105014,18,12,5,2024-12-19 08:47:15
500112096,18,12,6,2024-12-19 08:45:15
500119083,18,10,6,2024-12-19 08:34:15
500107108,18,11,7,2024-12-19 06:25:15
500101161,18,10,8,2024-12-19 08:37:15
500101225,18,9,8,2024-12-19 08:11:16
500101225,18,9,8,2024-12-19 08:24:15
500104024,18,8,9,2024-12-19 05:21:14
500106088,18,8,9,2024-12-19 07:07:14
500107147,18,9,9,2024-12-19 08:57:15
500111046,18,9,9,2024-12-19 06:40:16
500111046,18,9,9,2024-12-19 06:51:15
500101136,18,8,10,2024-12-19 06:41:15
500101136,18,8,10,2024-12-19 07:27:14
500103055,18,8,10,2024-12-19 06:49:15
500107046,18,8,10,2024-12-19 06:56:15
500107108,18,8,10,2024-12-19 08:54:15
500104129,18,7,11,2024-12-19 08:34:15
500107147,18,7,11,2024-12-19 08:16:15
500105014,18,5,12,2024-12-19 05:15:15
500101161,18,5,13,2024-12-19 08:26:14
500107174,18,5,13,2024-12-19 07:21:15
500113031,18,5,13,2024-12-19 08:33:16
500119083,18,3,13,2024-12-19 08:17:15
500101034,18,4,14,2024-12-19 05:56:14
500101161,18,4,14,2024-12-19 07:24:15
500111067,18,4,14,2024-12-19 08:36:15
500119083,18,4,14,2024-12-19 07:24:15
500119083,18,4,14,2024-12-19 07:37:15
500101034,18,3,15,2024-12-19 06:56:15
500101236,18,2,15,2024-12-19 08:46:15
500106123,18,3,15,2024-12-19 06:17:14
500107141,18,3,15,2024-12-19 08:44:16
500111067,18,3,15,2024-12-19 07:13:15
500101104,18,2,16,2024-12-19 08:27:16
500108157,18,2,16,2024-12-19 08:13:15
500111057,18,1,16,2024-12-19 08:44:16
500112013,18,0,16,2024-12-19 07:37:15
500101104,18,1,17,2024-12-19 08:44:15
500101222,18,1,17,2024-12-19 07:20:18
500101222,18,1,17,2024-12-19 07:47:14
500108047,18,1,17,2024-12-19 07:30:18
500112013,18,0,18,2024-12-19 04:56:15
500119091,18,0,18,2024-12-19 06:47:16
500101034,18,3,14,2024-12-19 23:25:16
500101136,18,2,16,2024-12-19 00:12:15
500101236,18,12,5,2024-12-19 00:00:16
500103053,18,3,14,2024-12-19 00:12:14
500111046,18,2,16,2024-12-19 00:45:15
500111046,18,4,14,2024-12-19 00:33:15
500112096,18,10,8,2024-12-19 23:46:15
500107141,18,17,1,2024-12-19 23:51:15
500108174,18,4,14,2024-12-19 23:50:15
500107046,18,13,5,2024-12-19 23:11:15
500107174,18,14,4,2024-12-19 22:15:16
500101161,18,0,18,2024-12-19 00:10:16
500108153,18,2,16,2024-12-19 00:22:15
500101225,18,6,11,2024-12-19 01:08:16
500103053,18,2,14,2024-12-19 23:16:15
500105014,18,3,15,2024-12-19 22:51:15
500108047,18,8,10,2024-12-19 21:47:15
500111046,18,2,16,2024-12-19 22:29:14
500105014,18,4,14,2024-12-19 22:18:15
500105104,18,5,13,2024-12-19 15:45:16
500101104,18,11,7,2024-12-19 22:36:15
500103053,18,2,14,2024-12-19 21:38:14
500105014,18,3,15,2024-12-19 21:36:15
500108195,18,9,9,2024-12-19 21:33:16
500119091,18,10,8,2024-12-19 21:35:15
500107141,18,17,1,2024-12-19 21:01:15
500111067,18,6,12,2024-12-19 02:33:15
500106123,18,12,6,2024-12-19 02:13:15
500107085,18,2,16,2024-12-19 03:41:15
500101161,18,6,12,2024-12-19 03:59:14
500103055,18,9,9,2024-12-19 03:26:14
500101136,18,7,11,2024-12-19 22:02:16
500107108,18,5,13,2024-12-19 21:55:16
500119091,18,8,10,2024-12-19 21:53:15
500107046,18,10,8,2024-12-19 21:47:15
500107085,18,6,12,2024-12-19 00:45:15
500103055,18,9,9,2024-12-19 02:16:15
500101222,18,2,16,2024-12-19 02:10:16
500107085,18,11,7,2024-12-19 22:44:15
500113060,18,12,6,2024-12-19 04:34:15
500101161,18,2,15,2024-12-19 22:57:15
500111046,18,2,15,2024-12-19 23:29:14
500119091,18,9,9,2024-12-19 23:25:16
500113031,18,13,4,2024-12-19 01:29:15
500101034,18,18,0,2024-12-19 09:08:16
500101222,18,18,0,2024-12-19 12:18:16
500112013,18,9,0,2024-12-19 11:45:16
500119083,18,16,0,2024-12-19 10:07:15
500119083,18,16,0,2024-12-19 10:24:15
500101222,18,17,1,2024-12-19 11:46:14
500105014,18,16,1,2024-12-19 12:15:16
500112096,18,17,1,2024-12-19 09:43:16
500101222,18,16,2,2024-12-19 11:05:17
500107085,18,15,3,2024-12-19 10:17:16
500107141,18,15,3,2024-12-19 10:51:16
500101222,18,13,5,2024-12-19 12:38:15
500107141,18,13,5,2024-12-19 12:12:15
500108176,18,13,5,2024-12-19 11:01:18
500101225,18,10,7,2024-12-19 12:28:15
500101225,18,10,7,2024-12-19 13:06:15
500107085,18,11,7,2024-12-19 09:32:15
500107108,18,11,7,2024-12-19 09:05:16
500108174,18,11,7,2024-12-19 12:35:16
500111046,18,11,7,2024-12-19 09:37:15
500111067,18,11,7,2024-12-19 10:06:15
500109014,18,10,8,2024-12-19 11:27:15
500111067,18,10,8,2024-12-19 09:25:16
500113060,18,10,8,2024-12-19 09:09:15
500101161,18,9,9,2024-12-19 09:54:15
500119083,18,8,9,2024-12-19 11:47:16
500107147,18,8,10,2024-12-19 11:17:15
500107147,18,8,10,2024-12-19 11:28:16
500101161,18,6,11,2024-12-19 12:25:16
500109014,18,7,11,2024-12-19 10:29:15
500107108,18,6,12,2024-12-19 11:04:15
500107174,18,6,12,2024-12-19 12:30:16
500108187,18,6,12,2024-12-19 12:54:15
500111076,18,5,12,2024-12-19 09:07:15
500113060,18,6,12,2024-12-19 10:21:15
500119091,18,6,12,2024-12-19 10:59:15
500105058,18,5,13,2024-12-19 06:35:15
500108047,18,5,13,2024-12-19 10:09:16
500111046,18,5,13,2024-12-19 12:22:16
500113031,18,5,13,2024-12-19 12:51:15
500119091,18,5,13,2024-12-19 12:50:15
500101136,18,4,14,2024-12-19 09:54:15
500107173,18,3,14,2024-12-19 11:45:15
500108008,18,4,14,2024-12-19 12:17:16
500108153,18,4,14,2024-12-19 09:27:14
500119083,18,3,14,2024-12-19 12:37:15
500101236,18,3,15,2024-12-19 09:32:15
500108187,18,3,15,2024-12-19 09:57:15
500108195,18,3,15,2024-12-19 09:03:14
500111076,18,2,15,2024-12-19 11:02:15
500113031,18,3,15,2024-12-19 10:51:16
500101136,18,2,16,2024-12-19 12:07:16
500101136,18,2,16,2024-12-19 10:55:17
500103055,18,2,16,2024-12-19 11:17:15
500106123,18,2,16,2024-12-19 12:16:15
500107174,18,2,16,2024-12-19 09:09:15
500108153,18,2,16,2024-12-19 11:28:15
500108153,18,2,16,2024-12-19 10:27:16
500108195,18,2,16,2024-12-19 12:04:15
500119083,18,1,16,2024-12-19 12:07:16
500101104,18,1,17,2024-12-19 09:23:15
500101136,18,1,17,2024-12-19 11:51:16
500104024,18,1,17,2024-12-19 12:44:15
500106123,18,1,17,2024-12-19 11:24:15
500108008,18,1,17,2024-12-19 10:11:15
500101104,18,0,18,2024-12-19 12:08:15
500112013,18,12,0,2024-12-19 17:28:15
500101225,18,16,1,2024-12-19 19:29:15
500107141,18,17,1,2024-12-19 19:32:15
500101104,18,16,2,2024-12-19 17:56:16
500101222,18,16,2,2024-12-19 19:37:16
500101222,18,16,2,2024-12-19 18:31:15
500101222,18,15,3,2024-12-19 18:26:16
500101236,18,14,3,2024-12-19 21:05:16
500107085,18,14,4,2024-12-19 18:53:15
500109014,18,14,4,2024-12-19 20:58:15
500111094,18,13,5,2024-12-19 17:45:16
500101104,18,12,6,2024-12-19 19:28:15
500108187,18,12,6,2024-12-19 18:34:15
500101236,18,10,7,2024-12-19 20:27:15
500101236,18,10,7,2024-12-19 19:37:16
500105014,18,11,7,2024-12-19 17:57:15
500107141,18,11,7,2024-12-19 17:35:16
500108187,18,11,7,2024-12-19 18:25:16
500111057,18,10,7,2024-12-19 18:29:16
500111058,18,11,7,2024-12-19 17:59:15
500111067,18,11,7,2024-12-19 18:15:17
500101161,18,9,8,2024-12-19 20:05:16
500108047,18,10,8,2024-12-19 18:10:17
500111057,18,9,8,2024-12-19 20:12:15
500112013,18,10,8,2024-12-19 18:26:16
500113031,18,10,8,2024-12-19 19:29:14
500108187,18,9,9,2024-12-19 17:26:15
500111067,18,9,9,2024-12-19 18:55:16
500112096,18,9,9,2024-12-19 17:47:16
500101161,18,7,10,2024-12-19 18:36:16
500105098,18,8,10,2024-12-19 20:01:15
500101136,18,7,11,2024-12-19 20:26:16
500101161,18,6,11,2024-12-19 19:06:16
500105058,18,7,11,2024-12-19 17:20:16
500106088,18,7,11,2024-12-19 19:59:15
500111046,18,7,11,2024-12-19 17:27:16
500111046,18,7,11,2024-12-19 17:54:15
500101161,18,5,12,2024-12-19 21:09:16
500101236,18,5,12,2024-12-19 18:27:15
500107046,18,6,12,2024-12-19 16:05:16
500108195,18,6,12,2024-12-19 19:24:15
500112096,18,6,12,2024-12-19 18:46:15
500101136,18,5,13,2024-12-19 20:49:15
500103055,18,5,13,2024-12-19 18:18:16
500106088,18,5,13,2024-12-19 17:36:15
500106123,18,4,13,2024-12-19 19:05:16
500108187,18,5,13,2024-12-19 20:37:16
500109014,18,5,13,2024-12-19 17:38:16
500113031,18,5,13,2024-12-19 17:35:16
500113060,18,5,13,2024-12-19 18:22:16
500119091,18,5,13,2024-12-19 19:08:15
500101136,18,4,14,2024-12-19 21:17:15
500108174,18,4,14,2024-12-19 18:08:16
500119091,18,4,14,2024-12-19 17:57:15
500105098,18,3,15,2024-12-19 18:05:16
500105098,18,3,15,2024-12-19 18:48:15
500111076,18,3,15,2024-12-19 17:22:16
500111076,18,3,15,2024-12-19 18:15:17
500101034,18,1,16,2024-12-19 20:44:15
500101136,18,2,16,2024-12-19 17:46:15
500111076,18,2,16,2024-12-19 18:06:15
500119091,18,2,16,2024-12-19 18:09:15
500101034,18,0,17,2024-12-19 20:25:16
500119083,18,0,17,2024-12-19 17:38:16
500101225,18,15,2,2024-12-19 16:52:14
500101034,18,15,3,2024-12-19 14:50:16
500101034,18,15,3,2024-12-19 15:27:15
500101225,18,14,3,2024-12-19 16:35:15
500105014,18,15,3,2024-12-19 15:29:15
500107085,18,15,3,2024-12-19 13:55:16
500107141,18,15,3,2024-12-19 13:17:15
500111057,18,14,3,2024-12-19 16:44:15
500107085,18,14,4,2024-12-19 16:37:15
500112096,18,14,4,2024-12-19 13:48:16
500107085,18,12,6,2024-12-19 17:16:16
500111067,18,12,6,2024-12-19 16:33:14
500101225,18,10,7,2024-12-19 13:24:15
500107108,18,11,7,2024-12-19 16:27:16
500109014,18,11,7,2024-12-19 13:44:15
500101104,18,10,8,2024-12-19 16:37:15
500107174,18,10,8,2024-12-19 14:20:16
500109014,18,10,8,2024-12-19 13:58:16
500107108,18,9,9,2024-12-19 17:08:16
500107174,18,9,9,2024-12-19 16:16:15
500103053,18,7,10,2024-12-19 16:48:16
500108157,18,8,10,2024-12-19 14:24:15
500109014,18,8,10,2024-12-19 16:37:15
500105098,18,7,11,2024-12-19 13:58:15
500107046,18,7,11,2024-12-19 15:40:16
500106123,18,5,12,2024-12-19 15:28:14
500107108,18,6,12,2024-12-19 13:24:14
500107173,18,5,12,2024-12-19 13:30:16
500101104,18,5,13,2024-12-19 14:23:15
500101161,18,4,13,2024-12-19 13:32:15
500101161,18,4,13,2024-12-19 16:36:15
500106088,18,5,13,2024-12-19 14:36:15
500107147,18,5,13,2024-12-19 17:01:16
500107173,18,4,13,2024-12-19 13:17:15
500108174,18,5,13,2024-12-19 16:56:15
500111046,18,5,13,2024-12-19 16:41:15
500101136,18,4,14,2024-12-19 16:12:15
500111046,18,4,14,2024-12-19 14:50:15
500101136,18,3,15,2024-12-19 16:06:15
500108153,18,2,16,2024-12-19 13:13:15
500103055,18,1,17,2024-12-19 21:49:15
500101034,18,17,1,2024-12-19 08:12:15
500107147,18,17,1,2024-12-19 06:18:15
500112096,18,17,1,2024-12-19 08:17:15
500113060,18,17,1,2024-12-19 06:36:14
500101236,18,15,2,2024-12-19 05:50:15
500111046,18,16,2,2024-12-19 07:57:16
500101034,18,15,3,2024-12-19 08:47:15
500103053,18,14,3,2024-12-19 06:35:14
500103053,18,14,3,2024-12-19 06:26:15
500103053,18,13,4,2024-12-19 08:03:15
500107108,18,14,4,2024-12-19 08:37:15
500103053,18,12,5,2024-12-19 05:20:16
500103053,18,12,5,2024-12-19 07:57:16
500113031,18,12,5,2024-12-19 06:45:16
500113031,18,13,5,2024-12-19 07:57:16
500101222,18,12,6,2024-12-19 08:27:16
500104129,18,11,7,2024-12-19 07:30:16
500111058,18,11,7,2024-12-19 06:25:15
500101136,18,10,8,2024-12-19 08:27:16
500103055,18,10,8,2024-12-19 05:40:15
500104024,18,9,8,2024-12-19 05:36:15
500105094,18,9,9,2024-12-19 08:23:15
500105094,18,9,9,2024-12-19 08:45:15
500107147,18,9,9,2024-12-19 08:46:15
500107173,18,7,9,2024-12-19 06:39:14
500108008,18,9,9,2024-12-19 06:56:14
500108153,18,9,9,2024-12-19 08:17:15
500108174,18,9,9,2024-12-19 08:15:16
500108176,18,9,9,2024-12-19 08:45:16
500113060,18,9,9,2024-12-19 07:57:16
500105094,18,8,10,2024-12-19 07:51:15
500107173,18,6,10,2024-12-19 07:06:15
500108153,18,8,10,2024-12-19 08:25:16
500108174,18,8,10,2024-12-19 06:15:16
500108176,18,8,10,2024-12-19 08:33:16
500109014,18,8,10,2024-12-19 07:37:15
500111046,18,8,10,2024-12-19 06:14:15
500119083,18,8,10,2024-12-19 07:54:15
500101225,18,6,11,2024-12-19 05:43:14
500107173,18,5,11,2024-12-19 07:45:16
500108008,18,7,11,2024-12-19 07:36:15
500111067,18,7,11,2024-12-19 08:54:15
500111076,18,6,11,2024-12-19 08:44:15
500105014,18,5,12,2024-12-19 07:44:15
500105098,18,5,12,2024-12-19 08:52:16
500106088,18,5,12,2024-12-19 07:30:16
500108153,18,6,12,2024-12-19 07:56:15
500101222,18,5,13,2024-12-19 08:02:15
500101225,18,4,13,2024-12-19 07:16:15
500107174,18,5,13,2024-12-19 06:17:14
500108047,18,5,13,2024-12-19 07:57:15
500108195,18,5,13,2024-12-19 07:05:15
500111067,18,5,13,2024-12-19 08:47:15
500112096,18,5,13,2024-12-19 06:11:14
500112096,18,5,13,2024-12-19 07:13:15
500101034,18,4,14,2024-12-19 06:47:15
500101161,18,4,14,2024-12-19 08:47:15
500107046,18,4,14,2024-12-19 08:16:15
500107085,18,4,14,2024-12-19 07:37:15
500111067,18,4,14,2024-12-19 08:27:16
500101104,18,3,15,2024-12-19 08:37:15
500104024,18,3,15,2024-12-19 08:46:16
500107085,18,3,15,2024-12-19 07:24:15
500108153,18,3,15,2024-12-19 07:27:14
500111067,18,3,15,2024-12-19 07:57:16
500101136,18,2,16,2024-12-19 05:57:14
500106123,18,1,16,2024-12-19 08:37:15
500107141,18,1,17,2024-12-19 08:35:16
500107174,18,1,17,2024-12-19 08:43:14
500103053,18,1,16,2024-12-19 00:33:15
500108047,18,6,12,2024-12-19 00:17:15
500101104,18,15,3,2024-12-19 00:03:15
500105098,18,11,7,2024-12-19 00:09:14
500105104,18,4,14,2024-12-19 23:10:16
500107085,18,12,6,2024-12-19 23:21:15
500105014,18,2,16,2024-12-19 23:48:14
500107108,18,4,14,2024-12-19 23:17:14
500111076,18,8,10,2024-12-19 23:21:15
500104024,18,11,7,2024-12-19 22:36:14
500108047,18,4,14,2024-12-19 00:27:15
500112096,18,4,14,2024-12-19 00:25:16
500112096,18,8,10,2024-12-19 23:13:15
500101236,18,15,2,2024-12-19 22:26:15
500103053,18,1,15,2024-12-19 22:39:15
500112013,18,1,17,2024-12-19 21:52:16
500107046,18,12,6,2024-12-19 22:03:15
500101161,18,0,17,2024-12-19 21:38:16
500101136,18,3,15,2024-12-19 21:39:15
500107108,18,4,14,2024-12-19 21:39:15
500108157,18,14,4,2024-12-19 20:35:16
500111057,18,15,2,2024-12-19 21:28:15
500101034,18,1,17,2024-12-19 01:42:14
500101225,18,5,12,2024-12-19 02:36:14
500107108,18,11,7,2024-12-19 01:40:15
500101161,18,17,1,2024-12-19 02:59:15
500113031,18,17,0,2024-12-19 04:01:20
500119091,18,7,11,2024-12-19 22:08:15
500107174,18,15,3,2024-12-19 22:07:15
500101225,18,4,14,2024-12-19 01:07:15
500101222,18,2,16,2024-12-19 01:26:15
500107108,18,0,18,2024-12-19 22:48:16
500111046,18,2,16,2024-12-19 22:42:15
500103053,18,1,15,2024-12-19 23:09:15
500113031,18,12,6,2024-12-19 22:54:15
500103053,18,1,15,2024-12-19 22:19:15
500101104,18,14,4,2024-12-19 22:11:15
500103055,18,5,13,2024-12-19 22:25:16
500113031,18,18,0,2024-12-19 22:26:15
500101222,18,18,0,2024-12-19 10:06:15
500105014,18,17,0,2024-12-19 11:07:16
500112096,18,18,0,2024-12-19 09:17:16
500112096,18,18,0,2024-12-19 11:30:18
500112096,18,17,1,2024-12-19 11:16:16
500101034,18,16,2,2024-12-19 10:26:14
500101034,18,15,3,2024-12-19 10:18:15
500107085,18,15,3,2024-12-19 12:50:15
500107141,18,14,4,2024-12-19 10:28:15
500119083,18,12,4,2024-12-19 10:48:15
500101034,18,13,5,2024-12-19 11:16:15
500107085,18,13,5,2024-12-19 11:18:15
500105014,18,11,6,2024-12-19 09:36:15
500107085,18,12,6,2024-12-19 09:40:16
500108157,18,12,6,2024-12-19 09:36:15
500107085,18,11,7,2024-12-19 11:33:16
500108174,18,11,7,2024-12-19 08:59:15
500108174,18,11,7,2024-12-19 09:22:15
500111057,18,10,7,2024-12-19 10:31:16
500111067,18,11,7,2024-12-19 09:37:15
500101161,18,9,8,2024-12-19 12:18:15
500101161,18,10,8,2024-12-19 10:17:16
500107141,18,10,8,2024-12-19 10:04:16
500113060,18,10,8,2024-12-19 09:33:15
500119083,18,8,8,2024-12-19 09:43:16
500101161,18,9,9,2024-12-19 10:39:16
500103053,18,8,9,2024-12-19 09:07:15
500108174,18,9,9,2024-12-19 12:24:16
500109014,18,9,9,2024-12-19 12:19:16
500107046,18,8,10,2024-12-19 11:45:15
500108176,18,8,10,2024-12-19 09:00:18
500109014,18,8,10,2024-12-19 09:27:15
500113060,18,8,10,2024-12-19 08:01:15
500107141,18,7,11,2024-12-19 09:08:15
500101136,18,6,12,2024-12-19 09:24:15
500105098,18,5,12,2024-12-19 09:49:15
500107108,18,6,12,2024-12-19 10:45:15
500107141,18,6,12,2024-12-19 09:36:14
500108187,18,6,12,2024-12-19 11:36:15
500101136,18,5,13,2024-12-19 11:48:15
500107108,18,5,13,2024-12-19 11:18:16
500107173,18,4,13,2024-12-19 12:09:16
500107174,18,5,13,2024-12-19 10:14:15
500111046,18,5,13,2024-12-19 09:08:15
500101104,18,4,14,2024-12-19 09:45:15
500101136,18,4,14,2024-12-19 12:52:15
500101222,18,4,14,2024-12-19 12:45:16
500103053,18,3,14,2024-12-19 09:37:15
500103055,18,4,14,2024-12-19 12:38:15
500111046,18,4,14,2024-12-19 09:06:15
500101104,18,3,15,2024-12-19 10:57:15
500103055,18,3,15,2024-12-19 11:51:16
500106123,18,3,15,2024-12-19 09:37:15
500107173,18,1,15,2024-12-19 09:03:14
500107173,18,2,15,2024-12-19 11:10:17
500113031,18,3,15,2024-12-19 09:08:14
500106123,18,2,16,2024-12-19 12:48:15
500106123,18,2,16,2024-12-19 11:36:15
500106123,18,2,16,2024-12-19 11:07:16
500107108,18,2,16,2024-12-19 11:38:15
500108187,18,2,16,2024-12-19 09:08:15
500108187,18,2,16,2024-12-19 09:46:16
500113031,18,2,16,2024-12-19 11:07:16
500101104,18,1,17,2024-12-19 11:32:15
500101104,18,1,17,2024-12-19 11:53:15
500104024,18,1,17,2024-12-19 09:38:14
500106088,18,0,17,2024-12-19 09:05:16
500108008,18,1,17,2024-12-19 11:56:15
500108187,18,1,17,2024-12-19 09:10:15
500111057,18,0,17,2024-12-19 09:01:17
500113031,18,1,17,2024-12-19 12:07:16
500103055,18,0,18,2024-12-19 12:18:16
500101104,18,18,0,2024-12-19 21:09:15
500107174,18,18,0,2024-12-19 20:08:15
500101104,18,17,1,2024-12-19 17:32:15
500101104,18,17,1,2024-12-19 17:46:15
500101222,18,17,1,2024-12-19 19:54:15
500101225,18,16,1,2024-12-19 19:31:15
500107141,18,17,1,2024-12-19 18:44:16
500101225,18,15,2,2024-12-19 18:28:16
500107141,18,16,2,2024-12-19 19:17:15
500107173,18,15,2,2024-12-19 20:37:16
500107174,18,16,2,2024-12-19 19:08:14
500108187,18,16,2,2024-12-19 20:02:15
500109014,18,16,2,2024-12-19 17:51:16
500107174,18,15,3,2024-12-19 21:19:16
500107085,18,14,4,2024-12-19 19:03:15
500107141,18,14,4,2024-12-19 20:47:15
500108174,18,14,4,2024-12-19 21:12:14
500111067,18,12,6,2024-12-19 17:48:15
500101161,18,10,7,2024-12-19 18:08:16
500106088,18,10,8,2024-12-19 19:38:15
500107173,18,9,8,2024-12-19 18:06:15
500108008,18,10,8,2024-12-19 18:48:15
500113031,18,10,8,2024-12-19 20:36:15
500107046,18,9,9,2024-12-19 19:41:16
500111067,18,9,9,2024-12-19 19:39:15
500111067,18,9,9,2024-12-19 18:45:16
500113031,18,9,9,2024-12-19 19:56:16
500113031,18,9,9,2024-12-19 18:36:16
500101161,18,7,10,2024-12-19 17:48:15
500111046,18,8,10,2024-12-19 19:27:15
500111076,18,8,10,2024-12-19 19:05:16
500112096,18,8,10,2024-12-19 18:34:15
500101161,18,6,11,2024-12-19 17:33:16
500104024,18,7,11,2024-12-19 20:12:15
500105014,18,7,11,2024-12-19 20:05:15
500106123,18,6,11,2024-12-19 18:28:16
500108153,18,7,11,2024-12-19 20:31:15
500111046,18,7,11,2024-12-19 18:14:15
500113060,18,7,11,2024-12-19 19:05:15
500101136,18,6,12,2024-12-19 19:37:16
500104024,18,6,12,2024-12-19 17:49:15
500106123,18,5,12,2024-12-19 21:18:14
500106123,18,5,12,2024-12-19 18:35:16
500108153,18,6,12,2024-12-19 20:22:15
500112096,18,6,12,2024-12-19 18:53:15
500101136,18,5,13,2024-12-19 17:57:15
500104024,18,5,13,2024-12-19 17:48:15
500104129,18,5,13,2024-12-19 17:49:15
500105014,18,5,13,2024-12-19 20:22:15
500107147,18,5,13,2024-12-19 17:21:15
500108187,18,5,13,2024-12-19 20:27:15
500111076,18,5,13,2024-12-19 18:36:16
500112013,18,5,13,2024-12-19 18:56:15
500101034,18,3,14,2024-12-19 20:58:15
500101136,18,4,14,2024-12-19 18:17:15
500105094,18,4,14,2024-12-19 17:23:15
500105098,18,4,14,2024-12-19 17:15:17
500103055,18,3,15,2024-12-19 18:41:15
500104024,18,3,15,2024-12-19 18:25:17
500105094,18,3,15,2024-12-19 17:47:16
500107108,18,3,15,2024-12-19 19:12:15
500108157,18,3,15,2024-12-19 17:13:15
500101034,18,1,16,2024-12-19 21:09:16
500105094,18,2,16,2024-12-19 18:24:16
500105094,18,2,16,2024-12-19 18:46:15
500107147,18,1,17,2024-12-19 19:14:16
500119083,18,0,17,2024-12-19 18:07:16
500103055,18,0,18,2024-12-19 20:34:16
500108174,18,0,18,2024-12-19 19:00:20
500112096,18,0,18,2024-12-19 19:59:15
500107085,18,16,2,2024-12-19 14:02:15
500112013,18,7,2,2024-12-19 13:18:15
500112096,18,16,2,2024-12-19 14:06:15
500105014,18,15,3,2024-12-19 15:45:16
500107085,18,15,3,2024-12-19 13:16:15
500101034,18,13,4,2024-12-19 16:28:15
500108047,18,14,4,2024-12-19 15:19:15
500112013,18,5,4,2024-12-19 16:13:15
500112096,18,14,4,2024-12-19 13:49:14
500107141,18,13,5,2024-12-19 16:48:16
500112096,18,13,5,2024-12-19 14:57:15
500107108,18,12,6,2024-12-19 16:05:16
500105014,18,11,7,2024-12-19 16:37:15
500107108,18,11,7,2024-12-19 16:15:16
500108153,18,9,9,2024-12-19 15:04:15
500108174,18,9,9,2024-12-19 14:44:15
500112013,18,0,9,2024-12-19 17:18:15
500101034,18,8,10,2024-12-19 13:18:15
500103053,18,7,10,2024-12-19 13:55:16
500103053,18,7,10,2024-12-19 14:23:15
500106088,18,8,10,2024-12-19 16:28:15
500106088,18,7,11,2024-12-19 17:15:17
500108174,18,6,12,2024-12-19 15:36:15
500108187,18,6,12,2024-12-19 14:22:15
500119083,18,5,12,2024-12-19 15:38:15
500101236,18,5,13,2024-12-19 17:05:17
500111046,18,4,14,2024-12-19 15:09:15
500119091,18,4,14,2024-12-19 16:47:15
500101104,18,3,15,2024-12-19 15:15:16
500101104,18,3,15,2024-12-19 14:47:15
500101236,18,3,15,2024-12-19 16:35:15
500101136,18,2,16,2024-12-19 16:36:15
500119083,18,0,17,2024-12-19 16:28:15
500119083,18,0,17,2024-12-19 17:18:16
500111076,18,5,13,2024-12-19 21:46:15
500119091,18,9,9,2024-12-19 21:49:15
500101104,18,16,2,2024-12-19 21:48:16
500101222,18,18,0,2024-12-19 08:44:17
500107147,18,18,0,2024-12-19 06:35:16
500101225,18,16,1,2024-12-19 08:57:15
500101034,18,16,2,2024-12-19 08:56:16
500108187,18,13,3,2024-12-19 06:37:15
500101104,18,14,4,2024-12-19 06:25:15
500101222,18,14,4,2024-12-19 08:32:14
500103053,18,13,4,2024-12-19 05:38:14
500106088,18,13,4,2024-12-19 04:53:14
500113060,18,14,4,2024-12-19 05:56:14
500113060,18,13,5,2024-12-19 04:58:15
500107108,18,12,6,2024-12-19 08:15:16
500108187,18,10,6,2024-12-19 07:13:15
500111076,18,11,6,2024-12-19 06:34:15
500101236,18,10,7,2024-12-19 07:36:15
500113060,18,11,7,2024-12-19 07:46:15
500107108,18,10,8,2024-12-19 06:30:17
500101136,18,9,9,2024-12-19 06:56:15
500107108,18,9,9,2024-12-19 06:17:14
500111058,18,9,9,2024-12-19 07:24:15
500101136,18,8,10,2024-12-19 07:14:15
500105014,18,7,10,2024-12-19 08:03:15
500105094,18,8,10,2024-12-19 08:52:16
500111057,18,7,10,2024-12-19 07:53:16
500119083,18,6,10,2024-12-19 08:27:16
500104024,18,6,11,2024-12-19 07:41:15
500107141,18,7,11,2024-12-19 08:15:16
500111046,18,7,11,2024-12-19 08:47:15
500101161,18,6,12,2024-12-19 08:17:15
500107141,18,6,12,2024-12-19 08:54:15
500108174,18,6,12,2024-12-19 05:48:14
500108195,18,6,12,2024-12-19 06:47:15
500109014,18,6,12,2024-12-19 07:26:15
500101225,18,4,13,2024-12-19 06:33:15
500105014,18,4,13,2024-12-19 07:37:15
500105014,18,4,13,2024-12-19 05:53:15
500108187,18,5,13,2024-12-19 08:43:15
500103055,18,4,14,2024-12-19 07:56:15
500106088,18,3,14,2024-12-19 08:24:15
500107174,18,4,14,2024-12-19 07:35:16
500108176,18,4,14,2024-12-19 07:23:15
500101136,18,3,15,2024-12-19 05:43:14
500108176,18,3,15,2024-12-19 06:57:15
500112013,18,1,15,2024-12-19 08:47:15
500119083,18,3,15,2024-12-19 06:46:14
500101222,18,2,16,2024-12-19 07:49:17
500106123,18,2,16,2024-12-19 06:18:15
500106123,18,2,16,2024-12-19 07:11:15
500107046,18,2,16,2024-12-19 08:57:15
500112013,18,2,16,2024-12-19 07:27:15
500119083,18,2,16,2024-12-19 06:26:15
500106123,18,1,17,2024-12-19 07:41:15
500112013,18,1,17,2024-12-19 07:13:16
500101136,18,0,18,2024-12-19 08:47:15
500101161,18,9,9,2024-12-19 03:57:15
500101104,18,16,2,2024-12-19 00:18:14
500108008,18,8,10,2024-12-19 00:19:15
500111046,18,1,16,2024-12-19 23:38:15
500112013,18,0,18,2024-12-19 22:46:15
500108195,18,10,8,2024-12-19 21:56:15
500108157,18,12,6,2024-12-19 22:10:17
500101222,18,7,11,2024-12-19 23:23:14
500106088,18,9,9,2024-12-19 23:27:14
500113031,18,15,3,2024-12-19 23:44:15
500108174,18,3,15,2024-12-19 01:10:16
500111058,18,13,5,2024-12-19 00:51:14
500111057,18,16,1,2024-12-19 00:39:15
500101161,18,1,16,2024-12-19 23:07:14
500108153,18,6,12,2024-12-19 22:06:15
500119091,18,8,10,2024-12-19 22:21:14
500113031,18,12,6,2024-12-19 23:17:14
500107141,18,17,1,2024-12-19 22:34:15
500111094,18,10,8,2024-12-19 21:33:16
500107147,18,1,17,2024-12-19 21:11:16
500112096,18,2,16,2024-12-19 21:32:15
500104024,18,9,9,2024-12-19 21:36:15
500101222,18,1,17,2024-12-19 02:40:16
500107085,18,3,15,2024-12-19 02:05:16
500111067,18,7,11,2024-12-19 04:16:14
500101104,18,14,4,2024-12-19 03:55:15
500111057,18,15,2,2024-12-19 03:29:14
500105094,18,3,15,2024-12-19 21:44:15
500111046,18,3,15,2024-12-19 22:09:15
500111057,18,15,2,2024-12-19 22:05:19
500107141,18,16,2,2024-12-19 22:05:16
500101161,18,2,16,2024-12-19 01:20:16
500107173,18,8,9,2024-12-19 03:43:14
500108174,18,4,14,2024-12-19 00:35:16
500101222,18,1,17,2024-12-19 02:22:15
500101034,18,1,16,2024-12-19 22:48:15
500113031,18,13,5,2024-12-19 22:42:14
500107085,18,11,7,2024-12-19 22:10:17
500103053,18,1,15,2024-12-19 22:26:15
500106123,18,7,11,2024-12-19 23:25:16
500101222,18,18,0,2024-12-19 09:06:17
500107147,18,18,0,2024-12-19 10:33:15
500108047,18,18,0,2024-12-19 08:52:15
500119083,18,17,0,2024-12-19 13:07:15
500105014,18,16,1,2024-12-19 10:39:15
500105014,18,16,1,2024-12-19 10:56:15
500112013,18,8,1,2024-12-19 10:31:15
500119083,18,15,1,2024-12-19 10:34:15
500105014,18,15,2,2024-12-19 10:38:15
500107141,18,16,2,2024-12-19 11:38:15
500112013,18,7,2,2024-12-19 10:24:15
500107147,18,15,3,2024-12-19 09:58:15
500103053,18,12,4,2024-12-19 12:42:15
500107141,18,14,4,2024-12-19 10:34:14
500103053,18,11,5,2024-12-19 12:07:16
500108174,18,13,5,2024-12-19 09:51:14
500108176,18,13,5,2024-12-19 12:27:15
500112013,18,4,5,2024-12-19 09:55:17
500103053,18,11,6,2024-12-19 10:25:16
500108174,18,12,6,2024-12-19 09:37:15
500108176,18,12,6,2024-12-19 11:32:14
500108176,18,12,6,2024-12-19 12:18:15
500111067,18,12,6,2024-12-19 10:28:15
500101225,18,10,7,2024-12-19 11:54:15
500111046,18,11,7,2024-12-19 10:26:14
500111067,18,11,7,2024-12-19 12:14:16
500111067,18,11,7,2024-12-19 12:44:15
500107085,18,10,8,2024-12-19 09:07:15
500111067,18,10,8,2024-12-19 11:07:16
500101034,18,9,9,2024-12-19 12:47:15
500101104,18,9,9,2024-12-19 10:46:15
500105094,18,9,9,2024-12-19 09:07:15
500111067,18,9,9,2024-12-19 09:06:15
500108047,18,8,10,2024-12-19 12:01:16
500109014,18,8,10,2024-12-19 10:26:14
500101034,18,7,11,2024-12-19 11:58:16
500107108,18,7,11,2024-12-19 09:27:15
500119091,18,7,11,2024-12-19 10:49:16
500101034,18,6,12,2024-12-19 13:08:15
500107085,18,6,12,2024-12-19 12:17:15
500108153,18,6,12,2024-12-19 09:05:16
500101136,18,5,13,2024-12-19 09:35:16
500104024,18,5,13,2024-12-19 09:06:15
500105094,18,5,13,2024-12-19 10:53:16
500105098,18,4,13,2024-12-19 09:04:15
500107174,18,5,13,2024-12-19 12:23:15
500107174,18,5,13,2024-12-19 10:42:14
500111076,18,4,13,2024-12-19 09:24:15
500119091,18,5,13,2024-12-19 12:08:15
500119091,18,5,13,2024-12-19 11:34:15
500101136,18,4,14,2024-12-19 09:07:15
500104129,18,4,14,2024-12-19 11:16:14
500107108,18,4,14,2024-12-19 12:16:15
500108047,18,4,14,2024-12-19 10:20:16
500111058,18,4,14,2024-12-19 10:48:15
500113031,18,4,14,2024-12-19 08:57:15
500113031,18,4,14,2024-12-19 09:25:16
500119083,18,2,14,2024-12-19 11:14:15
500101136,18,3,15,2024-12-19 10:36:14
500106088,18,3,15,2024-12-19 12:38:15
500106123,18,3,15,2024-12-19 10:34:15
500107147,18,3,15,2024-12-19 12:16:15
500107174,18,3,15,2024-12-19 11:48:15
500108153,18,3,15,2024-12-19 09:53:15
500108153,18,3,15,2024-12-19 10:35:16
500108195,18,3,15,2024-12-19 12:15:16
500108195,18,3,15,2024-12-19 10:06:14
500113031,18,3,15,2024-12-19 09:55:17
500101136,18,2,16,2024-12-19 10:26:14
500103055,18,2,16,2024-12-19 09:27:15
500106123,18,2,16,2024-12-19 09:27:15
500111076,18,2,16,2024-12-19 12:43:15
500113031,18,2,16,2024-12-19 12:11:16
500119083,18,1,16,2024-12-19 12:19:16
500106123,18,1,17,2024-12-19 11:46:14
500106123,18,1,17,2024-12-19 12:08:15
500107174,18,1,17,2024-12-19 12:05:17
500119083,18,0,17,2024-12-19 12:27:15
500103055,18,0,18,2024-12-19 10:48:15
500113031,18,0,18,2024-12-19 11:58:16
500101222,18,18,0,2024-12-19 20:15:16
500101225,18,15,2,2024-12-19 21:20:16
500107085,18,15,3,2024-12-19 18:38:16
500107085,18,14,4,2024-12-19 18:04:16
500108008,18,14,4,2024-12-19 17:58:16
500101104,18,13,5,2024-12-19 19:14:16
500107141,18,13,5,2024-12-19 20:22:15
500107173,18,12,5,2024-12-19 19:31:15
500107173,18,12,5,2024-12-19 18:25:17
500108187,18,13,5,2024-12-19 18:09:15
500107085,18,12,6,2024-12-19 19:25:15
500111058,18,12,6,2024-12-19 18:17:15
500105014,18,11,7,2024-12-19 18:46:15
500107085,18,11,7,2024-12-19 19:38:15
500107174,18,11,7,2024-12-19 18:28:16
500108008,18,11,7,2024-12-19 18:17:15
500108047,18,11,7,2024-12-19 17:48:15
500111046,18,11,7,2024-12-19 19:19:15
500111094,18,11,7,2024-12-19 19:42:14
500111057,18,9,8,2024-12-19 20:09:15
500101161,18,8,9,2024-12-19 20:49:15
500107046,18,9,9,2024-12-19 17:50:16
500107174,18,9,9,2024-12-19 18:14:14
500108176,18,9,9,2024-12-19 19:34:15
500101222,18,8,10,2024-12-19 17:41:16
500101236,18,8,10,2024-12-19 17:44:15
500107046,18,8,10,2024-12-19 19:11:15
500107046,18,8,10,2024-12-19 18:48:15
500108153,18,8,10,2024-12-19 19:58:15
500111067,18,8,10,2024-12-19 19:16:15
500111067,18,8,10,2024-12-19 18:32:16
500103053,18,6,11,2024-12-19 18:06:15
500105098,18,7,11,2024-12-19 19:53:15
500106123,18,6,11,2024-12-19 20:07:15
500108153,18,7,11,2024-12-19 16:56:15
500111046,18,7,11,2024-12-19 19:46:15
500106123,18,5,12,2024-12-19 18:07:16
500107046,18,6,12,2024-12-19 18:34:15
500108153,18,6,12,2024-12-19 20:51:16
500112096,18,6,12,2024-12-19 20:39:16
500113060,18,6,12,2024-12-19 18:38:16
500101136,18,5,13,2024-12-19 18:07:15
500101136,18,5,13,2024-12-19 18:29:16
500106088,18,5,13,2024-12-19 17:56:16
500101136,18,4,14,2024-12-19 20:38:15
500101136,18,4,14,2024-12-19 20:59:15
500101136,18,4,14,2024-12-19 18:38:16
500103053,18,3,14,2024-12-19 18:28:16
500107108,18,4,14,2024-12-19 18:50:16
500111057,18,3,14,2024-12-19 18:34:16
500103053,18,2,15,2024-12-19 17:28:15
500103055,18,3,15,2024-12-19 19:51:15
500105094,18,3,15,2024-12-19 19:35:16
500107108,18,3,15,2024-12-19 20:33:15
500108174,18,3,15,2024-12-19 17:22:16
500101034,18,1,16,2024-12-19 18:41:15
500103053,18,0,16,2024-12-19 19:49:15
500107108,18,2,16,2024-12-19 17:24:15
500119091,18,2,16,2024-12-19 17:26:15
500119091,18,2,16,2024-12-19 17:47:16
500107108,18,1,17,2024-12-19 19:07:15
500107147,18,1,17,2024-12-19 17:52:15
500108157,18,1,17,2024-12-19 17:45:16
500108174,18,1,17,2024-12-19 19:56:15
500108174,18,1,17,2024-12-19 18:29:16
500111046,18,1,17,2024-12-19 21:09:16
500111046,18,1,17,2024-12-19 21:20:16
500119083,18,0,17,2024-12-19 19:03:16
500119091,18,1,17,2024-12-19 18:20:17
500107147,18,0,18,2024-12-19 18:34:16
500108174,18,0,18,2024-12-19 20:13:15
500101034,18,14,4,2024-12-19 14:38:15
500107085,18,14,4,2024-12-19 16:17:15
500105014,18,12,5,2024-12-19 13:13:15
500105014,18,12,6,2024-12-19 16:46:15
500112013,18,3,6,2024-12-19 16:39:15
500101104,18,10,8,2024-12-19 16:22:16
500101222,18,10,8,2024-12-19 17:05:16
500101104,18,9,9,2024-12-19 16:15:15
500107108,18,9,9,2024-12-19 14:38:15
500101222,18,8,10,2024-12-19 16:54:16
500101104,18,7,11,2024-12-19 15:43:15
500103055,18,7,11,2024-12-19 16:32:15
500101222,18,6,12,2024-12-19 16:46:15
500106088,18,6,12,2024-12-19 14:57:15
500107147,18,6,12,2024-12-19 14:04:15
500107173,18,5,12,2024-12-19 17:04:15
500111046,18,6,12,2024-12-19 13:09:15
500111046,18,6,12,2024-12-19 13:28:15
500105098,18,5,13,2024-12-19 15:56:15
500101236,18,4,14,2024-12-19 14:54:15
500106088,18,4,14,2024-12-19 13:09:15
500107108,18,4,14,2024-12-19 13:55:16
500101136,18,3,15,2024-12-19 15:53:14
500105094,18,2,16,2024-12-19 14:44:15
500119083,18,1,16,2024-12-19 15:46:16
500119083,18,1,16,2024-12-19 16:17:15
500104024,18,1,17,2024-12-19 16:45:17
500108187,18,16,0,2024-12-19 07:27:15
500101225,18,16,1,2024-12-19 08:47:15
500111094,18,17,1,2024-12-19 08:53:14
500113031,18,15,2,2024-12-19 06:34:15
500101136,18,15,3,2024-12-19 08:17:15
500103053,18,14,3,2024-12-19 06:12:15
500108187,18,13,3,2024-12-19 06:27:15
500112096,18,15,3,2024-12-19 08:03:14
500108174,18,14,4,2024-12-19 07:16:15
500111046,18,14,4,2024-12-19 08:15:16
500104129,18,13,5,2024-12-19 06:49:15
500112096,18,11,7,2024-12-19 07:57:16
500104024,18,9,8,2024-12-19 07:20:16
500108047,18,10,8,2024-12-19 08:10:17
500108174,18,10,8,2024-12-19 06:55:16
500108176,18,10,8,2024-12-19 08:17:15
500107085,18,9,9,2024-12-19 08:17:14
500111046,18,8,10,2024-12-19 08:26:15
500111057,18,7,10,2024-12-19 07:23:15
500111058,18,8,10,2024-12-19 07:48:15
500101136,18,7,11,2024-12-19 07:44:15
500101222,18,7,11,2024-12-19 08:14:16
500108008,18,7,11,2024-12-19 07:55:17
500111057,18,6,11,2024-12-19 08:02:15
500105014,18,5,12,2024-12-19 06:47:15
500107141,18,6,12,2024-12-19 07:28:15
500107174,18,6,12,2024-12-19 07:17:14
500111046,18,6,12,2024-12-19 07:24:15
500101222,18,5,13,2024-12-19 05:09:15
500105014,18,4,13,2024-12-19 05:20:16
500106123,18,4,13,2024-12-19 08:25:15
500111058,18,5,13,2024-12-19 08:20:17
500111076,18,4,13,2024-12-19 08:37:15
500103055,18,4,14,2024-12-19 08:54:15
500107085,18,4,14,2024-12-19 08:45:16
500111076,18,3,14,2024-12-19 08:21:16
500107085,18,3,15,2024-12-19 06:42:14
500107085,18,3,15,2024-12-19 05:50:15
500108153,18,3,15,2024-12-19 05:45:15
500108187,18,3,15,2024-12-19 08:53:15
500109014,18,3,15,2024-12-19 07:17:14
500111067,18,3,15,2024-12-19 07:24:15
500107046,18,2,16,2024-12-19 07:29:15
500111057,18,1,16,2024-12-19 08:23:15
500119083,18,2,16,2024-12-19 08:03:15
500106088,18,0,17,2024-12-19 08:57:16
500108047,18,1,17,2024-12-19 07:39:15
500101222,18,0,18,2024-12-19 07:08:16
500108047,18,0,18,2024-12-19 07:09:15
500108174,18,7,11,2024-12-19 23:21:14
500101222,18,2,16,2024-12-19 00:56:14
500105098,18,10,8,2024-12-19 00:06:15
500107085,18,6,12,2024-12-19 00:18:14
500107108,18,11,7,2024-12-19 00:15:15
500111058,18,12,6,2024-12-19 00:22:15
500107141,18,16,2,2024-12-19 23:47:14
500107174,18,5,13,2024-12-19 00:29:15
500119083,18,0,17,2024-12-19 21:39:16
500105058,18,8,10,2024-12-19 19:47:15
500103055,18,5,13,2024-12-19 23:58:14
500111067,18,13,5,2024-12-19 22:13:15
500101034,18,2,16,2024-12-19 00:37:15
500105014,18,3,14,2024-12-19 00:46:15
500101236,18,13,4,2024-12-19 00:28:14
500108187,18,5,13,2024-12-19 22:24:15
500108174,18,8,10,2024-12-19 21:59:15
500101104,18,10,8,2024-12-19 23:01:15
500101136,18,8,10,2024-12-19 22:29:14
500106123,18,9,9,2024-12-19 22:18:14
500113031,18,11,7,2024-12-19 22:37:17
500101034,18,0,17,2024-12-19 21:33:15
500108008,18,13,5,2024-12-19 21:29:14
500107174,18,14,4,2024-12-19 21:25:16
500107174,18,1,17,2024-12-19 01:33:15
500111046,18,2,16,2024-12-19 01:34:15
500108047,18,3,15,2024-12-19 03:06:14
500107141,18,9,9,2024-12-19 03:00:16
500113060,18,11,7,2024-12-19 03:42:14
500112096,18,3,15,2024-12-19 21:56:15
500105014,18,4,13,2024-12-19 01:22:15
500108153,18,7,11,2024-12-19 21:59:15
500113031,18,16,2,2024-12-19 21:59:15
500101161,18,16,2,2024-12-19 03:18:14
500101136,18,6,12,2024-12-19 23:37:14
500111076,18,11,6,2024-12-19 00:28:14
500101161,18,16,2,2024-12-19 02:28:15
500113031,18,15,2,2024-12-19 01:58:14
500101161,18,1,17,2024-12-19 01:53:16
500101104,18,10,8,2024-12-19 22:48:15
500101034,18,2,16,2024-12-19 04:28:15
500105094,18,4,14,2024-12-19 22:16:15
500101225,18,15,2,2024-12-19 22:26:16
500106123,18,8,10,2024-12-19 22:51:15
500101104,18,11,7,2024-12-19 22:55:16
500101034,18,2,15,2024-12-19 23:33:15
500103053,18,4,12,2024-12-19 23:33:15
500101222,18,18,0,2024-12-19 11:51:15
500112096,18,18,0,2024-12-19 09:54:15
500101225,18,16,1,2024-12-19 09:47:15
500101225,18,16,1,2024-12-19 10:18:15
500112013,18,8,1,2024-12-19 11:59:15
500112096,18,17,1,2024-12-19 12:47:15
500101034,18,15,3,2024-12-19 10:45:16
500111094,18,15,3,2024-12-19 12:10:16
500112096,18,15,3,2024-12-19 09:07:15
500103053,18,13,4,2024-12-19 11:38:15
500103053,18,13,4,2024-12-19 10:53:16
500107085,18,14,4,2024-12-19 10:33:15
500105014,18,12,5,2024-12-19 09:06:15
500105014,18,12,5,2024-12-19 10:15:16
500107147,18,13,5,2024-12-19 09:47:15
500101225,18,11,6,2024-12-19 10:33:15
500103053,18,11,6,2024-12-19 10:43:16
500111046,18,12,6,2024-12-19 09:40:16
500111046,18,12,6,2024-12-19 10:33:15
500111057,18,11,6,2024-12-19 12:18:15
500108176,18,11,7,2024-12-19 11:27:15
500111046,18,11,7,2024-12-19 09:24:15
500111046,18,11,7,2024-12-19 10:57:15
500103053,18,8,8,2024-12-19 12:19:16
500108174,18,9,9,2024-12-19 09:58:15
500112013,18,7,9,2024-12-19 09:04:15
500101161,18,7,10,2024-12-19 13:08:15
500107046,18,8,10,2024-12-19 11:57:16
500109014,18,8,10,2024-12-19 09:55:17
500101161,18,7,11,2024-12-19 10:27:15
500105094,18,7,11,2024-12-19 09:34:15
500107147,18,7,11,2024-12-19 11:38:14
500108047,18,7,11,2024-12-19 12:25:16
500113060,18,7,11,2024-12-19 10:36:14
500105104,18,6,12,2024-12-19 10:11:15
500106123,18,6,12,2024-12-19 10:00:18
500108047,18,6,12,2024-12-19 10:35:15
500103055,18,5,13,2024-12-19 13:01:15
500104129,18,5,13,2024-12-19 09:54:15
500104129,18,5,13,2024-12-19 10:28:15
500105098,18,4,13,2024-12-19 11:37:15
500106123,18,5,13,2024-12-19 09:03:14
500107108,18,5,13,2024-12-19 12:43:15
500107108,18,5,13,2024-12-19 10:36:14
500111046,18,5,13,2024-12-19 12:57:15
500111058,18,5,13,2024-12-19 12:25:16
500101136,18,4,14,2024-12-19 12:38:15
500107173,18,3,14,2024-12-19 12:24:16
500111046,18,4,14,2024-12-19 12:12:15
500101222,18,3,15,2024-12-19 12:55:16
500107174,18,3,15,2024-12-19 09:38:14
500101104,18,2,16,2024-12-19 09:37:15
500101104,18,2,16,2024-12-19 10:06:15
500101104,18,2,16,2024-12-19 11:03:16
500101104,18,2,16,2024-12-19 11:12:16
500106088,18,2,16,2024-12-19 09:43:15
500106123,18,2,16,2024-12-19 12:27:15
500101136,18,1,17,2024-12-19 10:18:15
500101236,18,1,17,2024-12-19 11:13:15
500113031,18,1,17,2024-12-19 11:35:17
500101222,18,18,0,2024-12-19 18:48:15
500111057,18,17,0,2024-12-19 18:14:16
500101222,18,17,1,2024-12-19 20:09:15
500101222,18,17,1,2024-12-19 19:07:16
500101222,18,17,1,2024-12-19 19:18:15
500101225,18,16,1,2024-12-19 19:05:16
500101104,18,16,2,2024-12-19 17:28:15
500107085,18,16,2,2024-12-19 18:17:15
500107174,18,16,2,2024-12-19 21:02:15
500109014,18,16,2,2024-12-19 19:28:15
500112013,18,16,2,2024-12-19 17:59:14
500101225,18,14,3,2024-12-19 21:11:15
500107141,18,15,3,2024-12-19 20:02:15
500108047,18,15,3,2024-12-19 16:59:15
500101104,18,14,4,2024-12-19 19:56:16
500101225,18,13,4,2024-12-19 20:48:15
500108187,18,14,4,2024-12-19 19:11:15
500101104,18,13,5,2024-12-19 19:04:15
500101225,18,12,5,2024-12-19 18:05:16
500101236,18,12,5,2024-12-19 20:49:15
500107085,18,13,5,2024-12-19 17:19:15
500111046,18,13,5,2024-12-19 18:28:16
500101225,18,11,6,2024-12-19 17:55:17
500101236,18,11,6,2024-12-19 20:35:16
500111057,18,11,6,2024-12-19 20:25:15
500111094,18,12,6,2024-12-19 20:09:15
500101236,18,10,7,2024-12-19 19:11:15
500107141,18,11,7,2024-12-19 17:48:15
500108008,18,11,7,2024-12-19 17:05:17
500113031,18,11,7,2024-12-19 21:20:16
500101236,18,9,8,2024-12-19 19:58:15
500105014,18,10,8,2024-12-19 18:55:16
500107174,18,10,8,2024-12-19 17:32:15
500107174,18,10,8,2024-12-19 18:08:16
500108176,18,10,8,2024-12-19 18:14:15
500107085,18,9,9,2024-12-19 20:09:15
500108176,18,9,9,2024-12-19 19:10:17
500111067,18,9,9,2024-12-19 18:23:15
500111076,18,9,9,2024-12-19 19:47:15
500101222,18,8,10,2024-12-19 17:27:16
500103053,18,7,10,2024-12-19 17:38:16
500107046,18,8,10,2024-12-19 18:06:15
500107085,18,8,10,2024-12-19 19:52:16
500108176,18,8,10,2024-12-19 18:35:16
500105014,18,7,11,2024-12-19 19:19:15
500106088,18,7,11,2024-12-19 20:38:15
500107046,18,7,11,2024-12-19 20:08:15
500107046,18,7,11,2024-12-19 18:15:17
500107108,18,7,11,2024-12-19 21:19:16
500108047,18,7,11,2024-12-19 20:55:16
500111057,18,5,12,2024-12-19 19:28:15
500111076,18,6,12,2024-12-19 19:57:14
500119091,18,6,12,2024-12-19 19:03:15
500101161,18,4,13,2024-12-19 17:26:15
500106123,18,4,13,2024-12-19 20:54:15
500107108,18,5,13,2024-12-19 19:21:15
500107108,18,5,13,2024-12-19 20:55:17
500104024,18,4,14,2024-12-19 18:51:16
500105094,18,4,14,2024-12-19 18:05:16
500106123,18,3,14,2024-12-19 20:32:14
500107108,18,4,14,2024-12-19 20:24:15
500108187,18,4,14,2024-12-19 20:58:15
500108195,18,4,14,2024-12-19 17:20:16
500109014,18,4,14,2024-12-19 17:24:16
500101136,18,3,15,2024-12-19 21:07:16
500103053,18,2,15,2024-12-19 18:44:16
500103055,18,3,15,2024-12-19 17:23:15
500103055,18,3,15,2024-12-19 18:37:15
500105014,18,3,15,2024-12-19 20:38:15
500108174,18,3,15,2024-12-19 17:58:16
500111046,18,3,15,2024-12-19 20:34:15
500111076,18,3,15,2024-12-19 17:37:16
500119091,18,3,15,2024-12-19 17:31:15
500101034,18,1,16,2024-12-19 17:26:16
500103053,18,0,16,2024-12-19 19:55:16
500103053,18,0,16,2024-12-19 19:35:18
500103053,18,0,16,2024-12-19 20:57:15
500105094,18,2,16,2024-12-19 17:32:15
500111046,18,2,16,2024-12-19 20:19:15
500112096,18,2,16,2024-12-19 19:15:16
500119083,18,1,16,2024-12-19 20:26:16
500119083,18,1,16,2024-12-19 18:17:15
500101034,18,0,17,2024-12-19 17:43:16
500103055,18,1,17,2024-12-19 20:54:15
500119083,18,0,17,2024-12-19 19:45:16
500107108,18,0,18,2024-12-19 17:38:16
500108047,18,16,2,2024-12-19 14:43:15
500111057,18,15,2,2024-12-19 16:49:15
500108047,18,15,3,2024-12-19 15:07:15
500101225,18,13,4,2024-12-19 17:18:16
500105014,18,14,4,2024-12-19 14:23:15
500112096,18,14,4,2024-12-19 14:37:14
500101034,18,13,5,2024-12-19 14:28:15
500112013,18,4,5,2024-12-19 16:37:15
500107108,18,12,6,2024-12-19 16:41:15
500107141,18,12,6,2024-12-19 15:28:14
500103053,18,10,7,2024-12-19 15:48:15
500112096,18,11,7,2024-12-19 16:57:16
500103053,18,9,8,2024-12-19 14:57:15
500105014,18,10,8,2024-12-19 16:26:15
500107108,18,10,8,2024-12-19 15:12:15
500108153,18,10,8,2024-12-19 15:20:15
500108153,18,10,8,2024-12-19 14:14:15
500108174,18,10,8,2024-12-19 13:18:14
500103053,18,8,9,2024-12-19 15:38:15
500108174,18,9,9,2024-12-19 14:17:15
500108176,18,9,9,2024-12-19 17:02:15
500101222,18,8,10,2024-12-19 17:17:16
500111058,18,8,10,2024-12-19 16:59:15
500101161,18,6,11,2024-12-19 14:13:15
500101161,18,6,11,2024-12-19 14:38:15
500103055,18,7,11,2024-12-19 13:39:16
500111046,18,6,12,2024-12-19 15:28:14
500113031,18,6,12,2024-12-19 17:09:15
500111046,18,5,13,2024-12-19 14:48:15
500105098,18,4,14,2024-12-19 16:11:15
500107147,18,4,14,2024-12-19 13:41:15
500101136,18,3,15,2024-12-19 15:04:15
500101222,18,3,15,2024-12-19 16:15:16
500106123,18,2,15,2024-12-19 13:35:15
500107147,18,2,16,2024-12-19 13:17:15
500119083,18,1,16,2024-12-19 14:41:15
500105094,18,1,17,2024-12-19 15:42:15
500119083,18,0,17,2024-12-19 15:00:17
500104024,18,0,18,2024-12-19 16:23:17
500108176,18,18,0,2024-12-19 08:01:17
500111046,18,18,0,2024-12-19 08:03:15
500103053,18,16,1,2024-12-19 08:36:15
500107108,18,17,1,2024-12-19 07:16:15
500113031,18,16,1,2024-12-19 06:22:15
500103053,18,14,3,2024-12-19 05:57:15
500109014,18,15,3,2024-12-19 08:17:15
500111094,18,15,3,2024-12-19 08:47:15
500112096,18,15,3,2024-12-19 08:36:15
500103053,18,13,4,2024-12-19 08:16:15
500103053,18,13,4,2024-12-19 08:27:16
500111057,18,13,4,2024-12-19 06:26:15
500101225,18,12,5,2024-12-19 08:37:15
500107108,18,13,5,2024-12-19 08:03:15
500108008,18,13,5,2024-12-19 08:36:15
500107108,18,12,6,2024-12-19 04:58:15
500107147,18,12,6,2024-12-19 07:36:15
500112013,18,10,6,2024-12-19 08:37:15
500108008,18,11,7,2024-12-19 05:47:15
500111046,18,10,8,2024-12-19 06:37:14
500113031,18,10,8,2024-12-19 08:17:15
500103055,18,9,9,2024-12-19 07:46:15
500104024,18,8,9,2024-12-19 06:08:14
500105094,18,9,9,2024-12-19 06:18:15
500108174,18,9,9,2024-12-19 08:30:16
500108176,18,8,10,2024-12-19 07:36:15
500112096,18,8,10,2024-12-19 07:30:16
500107141,18,7,11,2024-12-19 07:15:17
500101161,18,6,12,2024-12-19 08:03:15
500105014,18,5,12,2024-12-19 06:27:15
500105098,18,5,12,2024-12-19 08:16:15
500107085,18,6,12,2024-12-19 07:55:17
500111067,18,6,12,2024-12-19 06:02:14
500101161,18,5,13,2024-12-19 05:38:14
500103055,18,5,13,2024-12-19 08:25:16
500105014,18,4,13,2024-12-19 06:28:15
500108153,18,5,13,2024-12-19 07:59:15
500108176,18,5,13,2024-12-19 06:07:15
500119083,18,5,13,2024-12-19 07:42:15
500105014,18,3,14,2024-12-19 05:36:15
500107085,18,4,14,2024-12-19 06:37:15
500107046,18,3,15,2024-12-19 07:45:16
500107173,18,1,15,2024-12-19 08:10:17
500101161,18,2,16,2024-12-19 08:56:16
500101161,18,2,16,2024-12-19 07:47:15
500104024,18,2,16,2024-12-19 08:35:16
500106123,18,2,16,2024-12-19 07:24:15
500108195,18,2,16,2024-12-19 08:39:15
500108047,18,1,17,2024-12-19 06:48:15
500109014,18,1,17,2024-12-19 08:30:16
500107174,18,0,18,2024-12-19 04:56:15
500107174,18,6,12,2024-12-19 00:08:15
500112096,18,12,6,2024-12-19 00:18:15
500108174,18,5,13,2024-12-19 23:35:15
500107141,18,9,9,2024-12-19 00:24:15
500108176,18,6,12,2024-12-19 21:19:16
500105098,18,15,3,2024-12-19 22:05:16
500101034,18,4,13,2024-12-19 23:41:15
500111058,18,13,5,2024-12-19 20:52:14
500103055,18,10,8,2024-12-19 01:13:15
500113031,18,13,4,2024-12-19 01:00:17
500107147,18,1,17,2024-12-19 22:25:17
500103055,18,6,12,2024-12-19 23:08:15
500111076,18,7,11,2024-12-19 22:45:16
500107173,18,10,7,2024-12-19 22:58:15
500109014,18,13,5,2024-12-19 22:02:16
500111057,18,16,1,2024-12-19 22:23:15
500101225,18,17,0,2024-12-19 22:43:15
500107108,18,1,17,2024-12-19 22:38:14
500103055,18,0,18,2024-12-19 21:21:16
500106123,18,7,10,2024-12-19 21:37:15
500108187,18,7,11,2024-12-19 21:38:15
500113060,18,8,10,2024-12-19 21:33:15
500107046,18,9,9,2024-12-19 21:29:15
500108157,18,3,15,2024-12-19 01:45:15
500104024,18,10,7,2024-12-19 01:35:16
500113060,18,10,8,2024-12-19 01:18:15
500112013,18,2,16,2024-12-19 03:52:14
500101034,18,3,15,2024-12-19 03:43:14
500107173,18,7,9,2024-12-19 04:19:15
500103053,18,13,4,2024-12-19 04:02:15
500103053,18,1,15,2024-12-19 22:07:15
500101222,18,6,12,2024-12-19 22:09:15
500111067,18,12,6,2024-12-19 21:57:15
500101104,18,12,6,2024-12-19 01:21:15
500103053,18,2,14,2024-12-19 21:58:16
500105098,18,16,2,2024-12-19 21:58:15
500107174,18,16,2,2024-12-19 21:49:14
500113060,18,11,7,2024-12-19 03:22:14
500103055,18,8,10,2024-12-19 22:45:15
500108157,18,4,14,2024-12-19 04:28:15
500101034,18,1,16,2024-12-19 23:09:15
500101161,18,2,15,2024-12-19 22:19:15
500101136,18,8,10,2024-12-19 22:13:15
500119091,18,9,9,2024-12-19 22:18:15
500111046,18,2,16,2024-12-19 22:26:15
500101161,18,14,4,2024-12-19 03:32:15
500101222,18,18,0,2024-12-19 09:08:16
500101222,18,18,0,2024-12-19 11:18:15
500112013,18,9,0,2024-12-19 12:47:16
500112096,18,18,0,2024-12-19 11:08:15
500101222,18,17,1,2024-12-19 12:06:14
500101222,18,17,1,2024-12-19 10:58:16
500107141,18,17,1,2024-12-19 11:12:15
500112096,18,17,1,2024-12-19 11:57:15
500101034,18,16,2,2024-12-19 09:36:15
500101034,18,16,2,2024-12-19 10:07:16
500119091,18,16,2,2024-12-19 09:06:15
500107085,18,15,3,2024-12-19 11:03:16
500112013,18,5,4,2024-12-19 10:02:15
500101225,18,12,5,2024-12-19 10:26:14
500107085,18,13,5,2024-12-19 12:44:15
500101225,18,11,6,2024-12-19 11:17:15
500111067,18,11,7,2024-12-19 10:48:15
500107085,18,10,8,2024-12-19 12:34:14
500111046,18,10,8,2024-12-19 11:04:15
500101161,18,8,9,2024-12-19 12:46:15
500101161,18,9,9,2024-12-19 10:56:15
500108047,18,8,10,2024-12-19 12:46:15
500108157,18,8,10,2024-12-19 11:13:15
500109014,18,8,10,2024-12-19 11:55:18
500103053,18,6,11,2024-12-19 09:09:15
500111046,18,7,11,2024-12-19 11:25:15
500103053,18,5,12,2024-12-19 09:57:15
500104129,18,6,12,2024-12-19 08:58:15
500105098,18,5,12,2024-12-19 09:28:15
500105098,18,5,12,2024-12-19 12:08:15
500106123,18,6,12,2024-12-19 10:16:15
500107046,18,6,12,2024-12-19 12:18:15
500107085,18,6,12,2024-12-19 12:03:15
500108187,18,6,12,2024-12-19 11:01:17
500101136,18,5,13,2024-12-19 13:07:15
500104129,18,5,13,2024-12-19 11:28:16
500105098,18,4,13,2024-12-19 09:46:16
500106123,18,5,13,2024-12-19 10:25:16
500107108,18,5,13,2024-12-19 12:04:15
500108047,18,5,13,2024-12-19 11:27:15
500111046,18,5,13,2024-12-19 12:45:16
500111058,18,5,13,2024-12-19 09:52:15
500119083,18,3,13,2024-12-19 11:38:14
500101136,18,4,14,2024-12-19 11:36:15
500101161,18,3,14,2024-12-19 11:35:17
500103055,18,4,14,2024-12-19 11:34:15
500105094,18,4,14,2024-12-19 11:33:16
500107046,18,4,14,2024-12-19 09:26:15
500107046,18,4,14,2024-12-19 09:45:15
500107046,18,4,14,2024-12-19 10:05:16
500107046,18,4,14,2024-12-19 11:05:17
500107174,18,4,14,2024-12-19 11:25:15
500108047,18,4,14,2024-12-19 10:05:17
500101136,18,3,15,2024-12-19 12:20:15
500103055,18,3,15,2024-12-19 10:16:15
500106123,18,2,15,2024-12-19 12:51:15
500107046,18,3,15,2024-12-19 10:57:15
500107174,18,3,15,2024-12-19 09:06:15
500108153,18,3,15,2024-12-19 09:35:16
500108187,18,3,15,2024-12-19 09:05:16
500108187,18,3,15,2024-12-19 10:53:16
500101104,18,2,16,2024-12-19 09:04:15
500101104,18,2,16,2024-12-19 11:48:15
500103055,18,2,16,2024-12-19 09:06:15
500106123,18,2,16,2024-12-19 11:18:16
500104024,18,1,17,2024-12-19 12:18:15
500106088,18,1,17,2024-12-19 10:36:15
500107173,18,0,17,2024-12-19 10:17:15
500104024,18,0,18,2024-12-19 10:32:16
500106088,18,0,18,2024-12-19 11:27:16
500101222,18,18,0,2024-12-19 20:13:15
500101104,18,17,1,2024-12-19 21:19:16
500101222,18,17,1,2024-12-19 19:47:15
500107174,18,17,1,2024-12-19 20:47:16
500107141,18,15,3,2024-12-19 18:18:15
500107174,18,15,3,2024-12-19 19:03:15
500108157,18,15,3,2024-12-19 18:14:16
500111057,18,14,3,2024-12-19 17:16:16
500108157,18,14,4,2024-12-19 18:38:16
500108174,18,14,4,2024-12-19 20:43:14
500111057,18,13,4,2024-12-19 20:52:15
500111094,18,14,4,2024-12-19 17:36:15
500101225,18,12,5,2024-12-19 17:24:16
500107085,18,13,5,2024-12-19 19:10:16
500108008,18,13,5,2024-12-19 18:03:15
500108187,18,13,5,2024-12-19 19:00:18
500111067,18,13,5,2024-12-19 17:49:15
500111094,18,13,5,2024-12-19 18:05:16
500113031,18,13,5,2024-12-19 20:59:15
500105014,18,12,6,2024-12-19 17:27:16
500107085,18,12,6,2024-12-19 17:36:15
500108187,18,12,6,2024-12-19 18:03:15
500108187,18,12,6,2024-12-19 18:45:16
500111094,18,12,6,2024-12-19 18:26:16
500105014,18,11,7,2024-12-19 18:25:17
500111057,18,10,7,2024-12-19 20:34:15
500111058,18,11,7,2024-12-19 18:36:16
500107085,18,10,8,2024-12-19 19:42:15
500108047,18,10,8,2024-12-19 19:09:15
500108153,18,10,8,2024-12-19 17:37:16
500101222,18,9,9,2024-12-19 17:58:16
500101222,18,9,9,2024-12-19 21:19:16
500106088,18,9,9,2024-12-19 21:01:15
500106123,18,8,9,2024-12-19 17:27:16
500106123,18,8,9,2024-12-19 17:48:15
500107046,18,9,9,2024-12-19 19:05:16
500108176,18,9,9,2024-12-19 17:59:15
500111076,18,9,9,2024-12-19 19:10:16
500113031,18,9,9,2024-12-19 19:18:15
500113031,18,9,9,2024-12-19 19:38:15
500104024,18,8,10,2024-12-19 20:25:15
500107046,18,8,10,2024-12-19 17:34:15
500107046,18,8,10,2024-12-19 20:54:15
500107173,18,7,10,2024-12-19 17:25:16
500108153,18,8,10,2024-12-19 19:42:15
500108176,18,8,10,2024-12-19 17:43:16
500101136,18,7,11,2024-12-19 19:29:15
500101161,18,6,11,2024-12-19 17:58:16
500104129,18,6,12,2024-12-19 17:45:16
500105014,18,6,12,2024-12-19 19:58:15
500107108,18,6,12,2024-12-19 21:20:16
500108195,18,5,13,2024-12-19 18:24:16
500103055,18,4,14,2024-12-19 19:49:15
500104024,18,4,14,2024-12-19 18:47:16
500112013,18,4,14,2024-12-19 19:02:16
500103053,18,1,15,2024-12-19 20:26:15
500105094,18,3,15,2024-12-19 18:32:16
500107147,18,3,15,2024-12-19 17:36:15
500101034,18,1,16,2024-12-19 19:52:16
500108174,18,2,16,2024-12-19 17:37:16
500111046,18,2,16,2024-12-19 20:58:14
500112013,18,2,16,2024-12-19 20:11:15
500119083,18,1,16,2024-12-19 17:48:15
500107108,18,1,17,2024-12-19 17:57:16
500111046,18,1,17,2024-12-19 20:48:15
500112013,18,1,17,2024-12-19 20:53:15
500108174,18,0,18,2024-12-19 19:36:18
500119083,18,17,0,2024-12-19 13:27:16
500105014,18,16,2,2024-12-19 14:57:15
500101034,18,14,4,2024-12-19 16:06:15
500101034,18,13,5,2024-12-19 14:03:16
500105014,18,13,5,2024-12-19 13:46:16
500107085,18,13,5,2024-12-19 13:35:15
500105014,18,12,6,2024-12-19 16:16:15
500111057,18,11,6,2024-12-19 15:06:15
500109014,18,11,7,2024-12-19 16:22:16
500109014,18,11,7,2024-12-19 14:42:15
500111067,18,11,7,2024-12-19 16:50:16
500112013,18,2,7,2024-12-19 16:27:16
500112013,18,2,7,2024-12-19 16:49:15
500106123,18,9,8,2024-12-19 17:03:15
500107174,18,10,8,2024-12-19 16:56:15
500108176,18,10,8,2024-12-19 16:53:15
500106123,18,8,9,2024-12-19 17:10:17
500107108,18,9,9,2024-12-19 15:29:15
500101161,18,7,10,2024-12-19 14:27:14
500108047,18,8,10,2024-12-19 13:25:16
500101104,18,7,11,2024-12-19 15:52:15
500103053,18,6,11,2024-12-19 17:04:15
500106088,18,7,11,2024-12-19 16:31:15
500107108,18,7,11,2024-12-19 17:18:16
500108187,18,7,11,2024-12-19 16:37:15
500101161,18,5,12,2024-12-19 13:25:16
500101161,18,5,12,2024-12-19 16:43:15
500103055,18,6,12,2024-12-19 13:36:16
500108008,18,6,12,2024-12-19 15:02:15
500119083,18,5,12,2024-12-19 15:27:15
500101104,18,5,13,2024-12-19 15:23:15
500101161,18,4,13,2024-12-19 17:08:16
500101236,18,5,13,2024-12-19 14:02:14
500111046,18,5,13,2024-12-19 15:06:14
500101161,18,3,14,2024-12-19 16:54:16
500101236,18,4,14,2024-12-19 13:37:16
500106123,18,3,14,2024-12-19 13:22:15
500119091,18,4,14,2024-12-19 16:17:15
500101222,18,3,15,2024-12-19 15:38:15
500119083,18,2,15,2024-12-19 15:52:15
500119091,18,3,15,2024-12-19 14:46:15
500101136,18,2,16,2024-12-19 15:42:15
500101136,18,2,16,2024-12-19 16:56:15
500104024,18,2,16,2024-12-19 16:51:16
500101136,18,5,13,2024-12-19 21:48:15
500101222,18,6,12,2024-12-19 21:47:15
500107147,18,18,0,2024-12-19 07:15:18
500108187,18,16,2,2024-12-19 07:34:15
500101034,18,15,3,2024-12-19 07:55:16
500108047,18,15,3,2024-12-19 08:46:15
500108176,18,15,3,2024-12-19 07:56:15
500107108,18,14,4,2024-12-19 07:56:15
500109014,18,14,4,2024-12-19 08:03:15
500106088,18,11,6,2024-12-19 06:30:17
500109014,18,12,6,2024-12-19 07:56:15
500105014,18,10,7,2024-12-19 08:09:15
500107147,18,10,8,2024-12-19 08:31:16
500101225,18,8,9,2024-12-19 08:03:15
500107085,18,9,9,2024-12-19 08:37:15
500107141,18,9,9,2024-12-19 06:39:15
500107147,18,9,9,2024-12-19 08:21:15
500111046,18,9,9,2024-12-19 07:14:15
500107141,18,8,10,2024-12-19 07:51:15
500108047,18,8,10,2024-12-19 08:03:15
500108157,18,8,10,2024-12-19 08:02:15
500108176,18,8,10,2024-12-19 07:47:15
500108187,18,8,10,2024-12-19 08:00:17
500111076,18,7,10,2024-12-19 08:55:16
500101104,18,7,11,2024-12-19 08:03:15
500101136,18,7,11,2024-12-19 07:37:15
500105094,18,7,11,2024-12-19 08:05:17
500111058,18,7,11,2024-12-19 08:47:15
500106088,18,5,12,2024-12-19 08:00:17
500106123,18,6,12,2024-12-19 04:56:15
500107046,18,6,12,2024-12-19 07:16:15
500111067,18,6,12,2024-12-19 06:35:14
500113031,18,6,12,2024-12-19 08:24:15
500101104,18,5,13,2024-12-19 08:15:16
500101236,18,4,13,2024-12-19 08:36:15
500108187,18,5,13,2024-12-19 08:34:15
500111067,18,5,13,2024-12-19 06:21:15
500101161,18,4,14,2024-12-19 06:17:14
500104024,18,4,14,2024-12-19 08:52:16
500106088,18,3,14,2024-12-19 08:17:15
500107173,18,2,14,2024-12-19 07:55:17
500101161,18,3,15,2024-12-19 07:56:15
500107046,18,3,15,2024-12-19 07:27:15
500108195,18,3,15,2024-12-19 07:46:15
500109014,18,3,15,2024-12-19 08:47:15
500106123,18,1,16,2024-12-19 08:14:16
500107174,18,2,16,2024-12-19 08:11:16
500111076,18,1,16,2024-12-19 07:52:15
500106088,18,0,17,2024-12-19 08:44:17
500109014,18,1,17,2024-12-19 06:50:16
500111046,18,1,17,2024-12-19 05:41:15
500107147,18,0,18,2024-12-19 05:32:15
500101222,18,3,15,2024-12-19 00:00:16
500107141,18,10,8,2024-12-19 00:47:15
500111057,18,15,2,2024-12-19 00:31:14
500111057,18,14,3,2024-12-19 00:18:14
500104129,18,11,7,2024-12-19 22:44:15
500109014,18,14,4,2024-12-19 23:48:14
500106123,18,8,10,2024-12-19 23:37:14
500101236,18,11,6,2024-12-19 23:53:15
500101104,18,12,6,2024-12-19 23:52:14
500111046,18,1,17,2024-12-19 01:02:15
500101034,18,2,15,2024-12-19 22:18:15
500104129,18,10,8,2024-12-19 22:39:15
500108153,18,6,12,2024-12-19 21:37:15
500111076,18,6,12,2024-12-19 21:10:16
500106088,18,9,9,2024-12-19 21:18:15
500108174,18,11,7,2024-12-19 21:39:15
500113031,18,16,2,2024-12-19 21:39:15
500105014,18,3,14,2024-12-19 02:50:16
500108047,18,2,16,2024-12-19 04:23:14
500101236,18,17,0,2024-12-19 04:04:16
500101034,18,1,16,2024-12-19 22:08:16
500108157,18,13,5,2024-12-19 22:01:15
500103053,18,2,15,2024-12-19 01:19:15
500103055,18,2,16,2024-12-19 21:53:15
500107173,18,10,7,2024-12-19 21:58:15
500101161,18,13,5,2024-12-19 03:42:14
500107085,18,5,13,2024-12-19 01:31:15
500113031,18,14,3,2024-12-19 01:44:14
500101236,18,14,3,2024-12-19 22:16:15
500101136,18,7,11,2024-12-19 22:21:15
500112096,18,9,9,2024-12-19 23:23:15
500113031,18,10,8,2024-12-19 23:24:14
500101222,18,18,0,2024-12-19 09:51:16
500108047,18,18,0,2024-12-19 09:45:16
500119083,18,16,0,2024-12-19 09:18:15
500112096,18,17,1,2024-12-19 10:41:15
500101222,18,16,2,2024-12-19 09:27:15
500112013,18,7,2,2024-12-19 11:56:15
500112096,18,16,2,2024-12-19 09:09:15
500112096,18,16,2,2024-12-19 12:13:15
500101225,18,14,3,2024-12-19 09:36:15
500112096,18,15,3,2024-12-19 10:18:15
500105014,18,13,4,2024-12-19 10:26:14
500107141,18,14,4,2024-12-19 11:59:16
500108047,18,13,5,2024-12-19 09:56:16
500108157,18,13,5,2024-12-19 09:52:14
500108176,18,13,5,2024-12-19 11:40:17
500111057,18,12,5,2024-12-19 12:48:14
500119091,18,13,5,2024-12-19 09:27:15
500111057,18,11,6,2024-12-19 11:50:16
500101034,18,11,7,2024-12-19 11:24:15
500103053,18,10,7,2024-12-19 10:16:15
500111046,18,11,7,2024-12-19 09:50:16
500101225,18,9,8,2024-12-19 11:27:15
500108157,18,10,8,2024-12-19 09:23:15
500108174,18,10,8,2024-12-19 10:20:16
500119083,18,8,8,2024-12-19 11:05:16
500109014,18,9,9,2024-12-19 10:02:15
500111057,18,8,9,2024-12-19 11:04:15
500111067,18,9,9,2024-12-19 11:16:15
500101034,18,8,10,2024-12-19 12:38:15
500107174,18,8,10,2024-12-19 12:42:15
500111057,18,6,10,2024-12-19 09:47:15
500101161,18,7,11,2024-12-19 10:38:15
500108008,18,7,11,2024-12-19 09:05:16
500108047,18,7,11,2024-12-19 12:49:15
500103055,18,6,12,2024-12-19 12:58:15
500105058,18,6,12,2024-12-19 09:12:16
500105094,18,6,12,2024-12-19 10:08:15
500111046,18,6,12,2024-12-19 12:35:15
500113060,18,6,12,2024-12-19 10:09:16
500101136,18,5,13,2024-12-19 09:44:15
500101161,18,4,13,2024-12-19 12:57:14
500101161,18,5,13,2024-12-19 09:37:15
500107046,18,5,13,2024-12-19 12:49:15
500107174,18,5,13,2024-12-19 11:13:15
500108176,18,5,13,2024-12-19 10:58:16
500108187,18,5,13,2024-12-19 11:15:15
500111046,18,5,13,2024-12-19 11:34:15
500113031,18,5,13,2024-12-19 12:27:15
500113031,18,5,13,2024-12-19 09:45:15
500101222,18,4,14,2024-12-19 12:59:15
500107108,18,4,14,2024-12-19 10:23:15
500111076,18,3,14,2024-12-19 10:09:16
500119091,18,4,14,2024-12-19 11:51:15
500101136,18,3,15,2024-12-19 10:07:16
500101136,18,3,15,2024-12-19 11:27:15
500105094,18,3,15,2024-12-19 12:26:15
500105094,18,3,15,2024-12-19 13:08:15
500107046,18,3,15,2024-12-19 09:07:15
500107147,18,3,15,2024-12-19 11:58:16
500111057,18,2,15,2024-12-19 09:26:15
500119083,18,1,15,2024-12-19 11:24:15
500101104,18,2,16,2024-12-19 11:25:15
500101136,18,2,16,2024-12-19 12:15:16
500101236,18,1,16,2024-12-19 08:53:15
500107147,18,2,16,2024-12-19 13:04:16
500107173,18,1,16,2024-12-19 10:46:14
500103055,18,1,17,2024-12-19 09:57:15
500103055,18,1,17,2024-12-19 10:35:16
500107147,18,1,17,2024-12-19 12:38:14
500108153,18,1,17,2024-12-19 12:27:15
500107108,18,0,18,2024-12-19 10:02:15
500101104,18,18,0,2024-12-19 18:08:16
500107085,18,17,1,2024-12-19 18:29:15
500101104,18,16,2,2024-12-19 18:27:15
500107173,18,13,4,2024-12-19 20:27:14
500105014,18,13,5,2024-12-19 17:40:17
500105098,18,12,6,2024-12-19 21:05:16
500107173,18,11,6,2024-12-19 19:07:15
500107174,18,12,6,2024-12-19 18:46:15
500111046,18,12,6,2024-12-19 18:45:16
500113031,18,12,6,2024-12-19 20:49:14
500101161,18,10,7,2024-12-19 20:13:15
500105098,18,11,7,2024-12-19 20:57:15
500107174,18,11,7,2024-12-19 17:22:16
500108008,18,11,7,2024-12-19 19:07:15
500108187,18,11,7,2024-12-19 17:58:16
500101222,18,10,8,2024-12-19 18:05:16
500101225,18,9,8,2024-12-19 17:37:16
500108047,18,10,8,2024-12-19 18:07:16
500111058,18,10,8,2024-12-19 19:12:15
500113031,18,10,8,2024-12-19 20:08:15
500101161,18,8,9,2024-12-19 20:25:15
500105014,18,9,9,2024-12-19 18:38:16
500105098,18,9,9,2024-12-19 20:30:17
500108153,18,9,9,2024-12-19 18:15:17
500111067,18,9,9,2024-12-19 19:57:15
500106088,18,8,10,2024-12-19 20:26:16
500106088,18,8,10,2024-12-19 20:53:15
500106123,18,7,10,2024-12-19 17:49:15
500111057,18,7,10,2024-12-19 19:49:15
500112013,18,8,10,2024-12-19 18:34:15
500101161,18,6,11,2024-12-19 20:58:15
500101236,18,6,11,2024-12-19 18:58:15
500106088,18,7,11,2024-12-19 17:28:15
500106088,18,7,11,2024-12-19 18:33:16
500111076,18,7,11,2024-12-19 21:00:16
500112096,18,7,11,2024-12-19 17:13:15
500101236,18,5,12,2024-12-19 18:46:15
500104129,18,6,12,2024-12-19 18:49:16
500107108,18,6,12,2024-12-19 21:01:15
500108176,18,6,12,2024-12-19 17:16:16
500101161,18,4,13,2024-12-19 18:55:17
500101136,18,4,14,2024-12-19 19:18:15
500103053,18,2,14,2024-12-19 20:35:15
500111046,18,4,14,2024-12-19 17:38:16
500111057,18,3,14,2024-12-19 18:44:16
500111057,18,3,14,2024-12-19 18:54:15
500111076,18,4,14,2024-12-19 18:26:16
500112013,18,4,14,2024-12-19 19:19:14
500112013,18,4,14,2024-12-19 19:32:15
500105094,18,3,15,2024-12-19 19:01:15
500107108,18,3,15,2024-12-19 19:38:15
500112013,18,3,15,2024-12-19 20:08:14
500101034,18,1,16,2024-12-19 17:59:15
500104024,18,2,16,2024-12-19 19:07:15
500105094,18,2,16,2024-12-19 18:58:15
500108174,18,2,16,2024-12-19 18:17:15
500119083,18,1,16,2024-12-19 21:04:15
500119083,18,1,16,2024-12-19 18:58:16
500103055,18,1,17,2024-12-19 20:26:15
500108174,18,1,17,2024-12-19 19:28:15
500108174,18,1,17,2024-12-19 18:45:16
500119083,18,0,17,2024-12-19 17:28:16
500107108,18,0,18,2024-12-19 18:17:16
500107085,18,17,1,2024-12-19 15:08:15
500107085,18,16,2,2024-12-19 15:48:15
500112096,18,15,3,2024-12-19 14:18:15
500105014,18,14,4,2024-12-19 15:22:15
500101034,18,13,5,2024-12-19 15:38:15
500103053,18,11,5,2024-12-19 13:25:15
500107085,18,13,5,2024-12-19 17:07:15
500107108,18,13,5,2024-12-19 16:34:16
500107141,18,12,6,2024-12-19 16:51:15
500107141,18,12,6,2024-12-19 17:14:16
500107174,18,12,6,2024-12-19 14:35:15
500101225,18,10,7,2024-12-19 15:08:15
500103053,18,10,7,2024-12-19 13:37:14
500107108,18,11,7,2024-12-19 15:43:15
500112096,18,9,9,2024-12-19 17:06:16
500103053,18,7,10,2024-12-19 16:34:16
500103055,18,8,10,2024-12-19 14:41:15
500108187,18,8,10,2024-12-19 17:05:17
500101104,18,5,13,2024-12-19 15:36:15
500111046,18,5,13,2024-12-19 13:35:15
500101136,18,4,14,2024-12-19 13:38:16
500101222,18,4,14,2024-12-19 16:30:16
500101222,18,4,14,2024-12-19 14:23:15
500107147,18,4,14,2024-12-19 16:13:15
500111076,18,4,14,2024-12-19 17:13:15
500119091,18,4,14,2024-12-19 13:22:15
500101104,18,3,15,2024-12-19 13:27:15
500101136,18,3,15,2024-12-19 14:56:15
500101104,18,2,16,2024-12-19 13:44:15
500105094,18,2,16,2024-12-19 16:02:15
500101161,18,0,17,2024-12-19 21:49:15
500113031,18,18,0,2024-12-19 21:48:17
500107108,18,18,0,2024-12-19 07:46:15
500113031,18,17,0,2024-12-19 05:59:15
500107108,18,17,1,2024-12-19 07:26:15
500108187,18,14,2,2024-12-19 06:12:15
500111057,18,14,3,2024-12-19 04:55:16
500111057,18,14,3,2024-12-19 06:04:14
500112096,18,15,3,2024-12-19 08:52:16
500119091,18,15,3,2024-12-19 08:57:15
500105098,18,11,6,2024-12-19 06:03:15
500111058,18,12,6,2024-12-19 05:05:16
500111094,18,11,7,2024-12-19 08:25:16
500113031,18,10,7,2024-12-19 06:56:14
500101034,18,10,8,2024-12-19 07:15:17
500103053,18,9,8,2024-12-19 08:56:16
500107147,18,10,8,2024-12-19 07:47:15
500108008,18,10,8,2024-12-19 08:54:15
500111046,18,10,8,2024-12-19 06:18:15
500105094,18,9,9,2024-12-19 07:39:14
500107141,18,9,9,2024-12-19 08:02:15
500107141,18,9,9,2024-12-19 06:22:14
500108008,18,9,9,2024-12-19 06:42:15
500108187,18,9,9,2024-12-19 07:57:16
500111046,18,9,9,2024-12-19 08:57:14
500103055,18,8,10,2024-12-19 07:27:15
500106088,18,7,10,2024-12-19 07:46:15
500107085,18,8,10,2024-12-19 07:59:15
500107141,18,8,10,2024-12-19 07:46:15
500107173,18,6,10,2024-12-19 06:11:14
500108153,18,8,10,2024-12-19 08:57:15
500105014,18,6,11,2024-12-19 07:10:16
500105058,18,7,11,2024-12-19 05:50:15
500108008,18,7,11,2024-12-19 08:15:16
500111057,18,6,11,2024-12-19 07:41:15
500111076,18,6,11,2024-12-19 06:54:16
500112096,18,7,11,2024-12-19 07:21:15
500101225,18,5,12,2024-12-19 06:00:17
500108153,18,6,12,2024-12-19 08:36:15
500108157,18,6,12,2024-12-19 07:07:15
500101161,18,5,13,2024-12-19 05:08:14
500101161,18,5,13,2024-12-19 07:11:14
500108187,18,5,13,2024-12-19 08:16:14
500112013,18,3,13,2024-12-19 08:12:15
500113031,18,4,13,2024-12-19 07:14:15
500108153,18,4,14,2024-12-19 07:31:16
500108157,18,4,14,2024-12-19 08:19:15
500101161,18,3,15,2024-12-19 07:35:16
500107173,18,1,15,2024-12-19 08:36:14
500112013,18,1,15,2024-12-19 08:01:15
500106123,18,1,16,2024-12-19 08:57:14
500107174,18,2,16,2024-12-19 08:33:16
500111076,18,0,17,2024-12-19 07:24:16
500107141,18,10,8,2024-12-19 00:05:15
500107085,18,2,16,2024-12-19 03:09:15
500101236,18,10,7,2024-12-19 23:47:15
500101161,18,1,17,2024-12-19 00:01:16
500111094,18,9,9,2024-12-19 22:59:15
500113060,18,9,9,2024-12-19 22:14:15
500111057,18,15,2,2024-12-19 23:43:14
500101136,18,1,17,2024-12-19 01:00:17
500107147,18,1,17,2024-12-19 00:17:15
500107174,18,2,16,2024-12-19 01:07:15
500107085,18,6,12,2024-12-19 01:11:15
500107141,18,10,8,2024-12-19 01:03:15
500101222,18,6,12,2024-12-19 23:08:15
500101136,18,8,10,2024-12-19 23:06:15
500107085,18,10,8,2024-12-19 22:35:16
500104129,18,9,9,2024-12-19 21:01:15
500105098,18,15,3,2024-12-19 21:39:15
500101104,18,16,2,2024-12-19 21:37:15
500108174,18,4,14,2024-12-19 01:27:15
500108174,18,5,13,2024-12-19 03:47:14
500107173,18,11,6,2024-12-19 22:00:16
500101236,18,13,4,2024-12-19 22:05:16
500111076,18,6,12,2024-12-19 21:53:15
500108008,18,12,6,2024-12-19 21:55:17
500111057,18,17,0,2024-12-19 21:54:14
500105098,18,13,5,2024-12-19 03:23:15
500111046,18,1,16,2024-12-19 23:58:14
500101161,18,2,15,2024-12-19 23:48:14
500103053,18,5,11,2024-12-19 23:56:14
500104024,18,10,8,2024-12-19 22:18:14
500111057,18,14,3,2024-12-19 22:16:15
500111046,18,1,16,2024-12-19 22:53:15
500101034,18,18,0,2024-12-19 09:06:15
500101222,18,18,0,2024-12-19 09:37:16
500119083,18,16,0,2024-12-19 08:48:15
500101034,18,17,1,2024-12-19 09:57:15
500101222,18,17,1,2024-12-19 10:48:15
500112013,18,8,1,2024-12-19 11:36:15
500101225,18,15,2,2024-12-19 09:01:15
500103053,18,15,2,2024-12-19 11:28:16
500101161,18,13,4,2024-12-19 11:58:16
500111094,18,14,4,2024-12-19 12:59:16
500111094,18,14,4,2024-12-19 11:36:15
500112013,18,5,4,2024-12-19 09:27:15
500101161,18,12,5,2024-12-19 12:06:16
500101225,18,12,5,2024-12-19 11:03:16
500107141,18,13,5,2024-12-19 11:58:16
500101034,18,12,6,2024-12-19 11:37:15
500103053,18,10,6,2024-12-19 12:57:15
500103053,18,10,6,2024-12-19 13:05:16
500103053,18,11,6,2024-12-19 10:38:15
500107147,18,11,7,2024-12-19 09:24:14
500108157,18,10,8,2024-12-19 09:00:18
500101161,18,8,9,2024-12-19 11:46:15
500101034,18,8,10,2024-12-19 12:52:15
500107141,18,8,10,2024-12-19 09:54:15
500109014,18,8,10,2024-12-19 10:46:15
500108187,18,7,11,2024-12-19 12:34:14
500108187,18,7,11,2024-12-19 11:44:15
500111058,18,7,11,2024-12-19 12:32:16
500105098,18,5,12,2024-12-19 11:41:15
500105098,18,5,12,2024-12-19 11:05:17
500107046,18,6,12,2024-12-19 12:05:16
500107046,18,6,12,2024-12-19 11:19:15
500107108,18,6,12,2024-12-19 10:58:16
500108008,18,6,12,2024-12-19 09:16:15
500111058,18,6,12,2024-12-19 09:03:14
500119091,18,6,12,2024-12-19 12:41:15
500101104,18,5,13,2024-12-19 12:35:16
500101104,18,5,13,2024-12-19 12:55:15
500107046,18,5,13,2024-12-19 11:09:15
500107141,18,5,13,2024-12-19 08:58:15
500107173,18,4,13,2024-12-19 12:30:16
500107174,18,5,13,2024-12-19 10:04:16
500101236,18,4,14,2024-12-19 09:23:15
500105094,18,4,14,2024-12-19 12:46:15
500106123,18,4,14,2024-12-19 10:44:16
500108195,18,4,14,2024-12-19 09:24:15
500111046,18,4,14,2024-12-19 12:08:15
500113031,18,4,14,2024-12-19 12:32:16
500113031,18,4,14,2024-12-19 10:47:16
500101104,18,3,15,2024-12-19 09:08:15
500101236,18,3,15,2024-12-19 09:40:16
500107046,18,3,15,2024-12-19 10:08:15
500107046,18,3,15,2024-12-19 10:28:15
500107174,18,3,15,2024-12-19 09:12:16
500108008,18,3,15,2024-12-19 09:47:15
500113031,18,3,15,2024-12-19 09:59:16
500103055,18,2,16,2024-12-19 11:04:15
500106088,18,2,16,2024-12-19 10:51:16
500107046,18,2,16,2024-12-19 10:42:15
500108153,18,2,16,2024-12-19 09:59:16
500113031,18,2,16,2024-12-19 10:17:15
500104024,18,1,17,2024-12-19 10:51:15
500107108,18,1,17,2024-12-19 10:17:16
500108187,18,1,17,2024-12-19 10:05:16
500111076,18,1,17,2024-12-19 11:47:16
500101104,18,18,0,2024-12-19 18:38:16
500101225,18,16,1,2024-12-19 19:59:17
500109014,18,17,1,2024-12-19 19:11:15
500101225,18,15,2,2024-12-19 20:53:15
500111046,18,16,2,2024-12-19 19:05:16
500107085,18,15,3,2024-12-19 17:53:15
500107174,18,15,3,2024-12-19 20:55:17
500111057,18,14,3,2024-12-19 21:07:15
500101225,18,13,4,2024-12-19 21:05:16
500107141,18,14,4,2024-12-19 18:08:16
500112013,18,14,4,2024-12-19 18:06:15
500111046,18,13,5,2024-12-19 18:37:15
500101222,18,12,6,2024-12-19 20:58:15
500107141,18,12,6,2024-12-19 17:58:15
500111067,18,12,6,2024-12-19 21:07:15
500113031,18,12,6,2024-12-19 21:04:15
500101104,18,11,7,2024-12-19 20:11:15
500111067,18,11,7,2024-12-19 17:12:16
500101104,18,10,8,2024-12-19 20:38:15
500111058,18,10,8,2024-12-19 17:36:15
500113031,18,10,8,2024-12-19 19:06:16
500101136,18,9,9,2024-12-19 19:49:15
500101161,18,8,9,2024-12-19 19:28:15
500108047,18,9,9,2024-12-19 19:40:15
500101161,18,7,10,2024-12-19 20:39:16
500106088,18,8,10,2024-12-19 19:45:16
500111067,18,8,10,2024-12-19 18:59:15
500104129,18,7,11,2024-12-19 19:32:15
500113031,18,7,11,2024-12-19 18:29:16
500101136,18,6,12,2024-12-19 20:07:15
500101136,18,6,12,2024-12-19 18:43:15
500113031,18,6,12,2024-12-19 17:45:15
500101236,18,4,13,2024-12-19 18:18:15
500112013,18,5,13,2024-12-19 19:28:15
500112096,18,5,13,2024-12-19 20:53:15
500101034,18,3,14,2024-12-19 18:02:15
500103053,18,3,14,2024-12-19 18:56:15
500103055,18,4,14,2024-12-19 18:02:15
500105014,18,4,14,2024-12-19 20:51:15
500105098,18,4,14,2024-12-19 19:16:15
500106088,18,4,14,2024-12-19 17:47:16
500111046,18,4,14,2024-12-19 20:08:15
500113031,18,4,14,2024-12-19 17:28:15
500101236,18,2,15,2024-12-19 18:08:16
500103053,18,1,15,2024-12-19 19:18:15
500103055,18,3,15,2024-12-19 17:54:15
500105094,18,3,15,2024-12-19 20:49:15
500107108,18,2,16,2024-12-19 20:13:15
500103053,18,0,17,2024-12-19 19:07:16
500103053,18,0,17,2024-12-19 18:38:16
500107108,18,1,17,2024-12-19 18:29:15
500108174,18,1,17,2024-12-19 20:09:15
500104024,18,0,18,2024-12-19 17:26:16
500108174,18,0,18,2024-12-19 18:58:16
500119083,18,17,0,2024-12-19 13:18:15
500101104,18,17,1,2024-12-19 17:18:16
500112013,18,8,1,2024-12-19 13:34:15
500119083,18,16,1,2024-12-19 13:48:15
500111057,18,15,2,2024-12-19 17:08:16
500101034,18,14,3,2024-12-19 16:16:15
500112013,18,6,3,2024-12-19 13:45:15
500107085,18,14,4,2024-12-19 13:41:15
500101034,18,12,5,2024-12-19 16:58:14
500101034,18,11,7,2024-12-19 13:37:14
500107174,18,10,8,2024-12-19 14:55:16
500106123,18,8,9,2024-12-19 16:56:15
500109014,18,9,9,2024-12-19 13:34:16
500112013,18,0,9,2024-12-19 17:08:16
500108174,18,8,10,2024-12-19 15:14:15
500107173,18,6,11,2024-12-19 14:41:15
500108187,18,7,11,2024-12-19 17:15:16
500111046,18,7,11,2024-12-19 16:54:16
500113031,18,7,11,2024-12-19 16:36:15
500113031,18,7,11,2024-12-19 17:08:16
500101104,18,6,12,2024-12-19 14:35:15
500101136,18,6,12,2024-12-19 13:14:15
500111076,18,6,12,2024-12-19 16:58:15
500103055,18,5,13,2024-12-19 13:27:15
500108008,18,5,13,2024-12-19 14:42:15
500109014,18,5,13,2024-12-19 16:44:15
500111076,18,5,13,2024-12-19 17:05:17
500101136,18,4,14,2024-12-19 16:48:16
500101236,18,4,14,2024-12-19 16:41:15
500106088,18,4,14,2024-12-19 14:00:17
500107147,18,4,14,2024-12-19 16:54:16
500111076,18,4,14,2024-12-19 16:10:16
500101104,18,3,15,2024-12-19 13:52:15
500103055,18,3,15,2024-12-19 17:11:16
500119091,18,3,15,2024-12-19 17:17:16
500101104,18,2,16,2024-12-19 14:56:14
500119083,18,1,16,2024-12-19 17:08:16
500103053,18,1,15,2024-12-19 21:47:15
500101136,18,17,1,2024-12-19 08:03:15
500103053,18,16,1,2024-12-19 07:17:14
500112096,18,17,1,2024-12-19 08:27:15
500101034,18,16,2,2024-12-19 08:36:15
500101104,18,16,2,2024-12-19 06:56:15
500107108,18,16,2,2024-12-19 07:35:16
500107147,18,16,2,2024-12-19 06:05:16
500101236,18,14,3,2024-12-19 06:12:15
500108047,18,15,3,2024-12-19 08:36:15
500101104,18,14,4,2024-12-19 07:24:15
500101236,18,13,4,2024-12-19 07:17:14
500113060,18,14,4,2024-12-19 07:33:15
500106088,18,12,5,2024-12-19 06:19:15
500111057,18,12,5,2024-12-19 05:24:14
500113031,18,13,5,2024-12-19 08:03:15
500104024,18,10,7,2024-12-19 07:10:16
500108174,18,10,8,2024-12-19 08:23:15
500113031,18,10,8,2024-12-19 07:44:16
500103055,18,9,9,2024-12-19 06:09:15
500104024,18,8,9,2024-12-19 07:36:15
500105014,18,8,9,2024-12-19 07:51:15
500111057,18,8,9,2024-12-19 07:17:14
500111094,18,9,9,2024-12-19 07:14:15
500105094,18,8,10,2024-12-19 07:26:15
500108008,18,8,10,2024-12-19 07:44:15
500108153,18,8,10,2024-12-19 08:45:16
500108153,18,8,10,2024-12-19 07:45:15
500111094,18,8,10,2024-12-19 06:28:14
500112013,18,6,10,2024-12-19 08:54:18
500108174,18,7,11,2024-12-19 05:55:15
500111058,18,7,11,2024-12-19 08:12:15
500104024,18,5,12,2024-12-19 07:54:15
500107147,18,6,12,2024-12-19 08:03:15
500103055,18,5,13,2024-12-19 08:14:16
500103055,18,5,13,2024-12-19 08:37:15
500107046,18,5,13,2024-12-19 08:26:14
500101161,18,4,14,2024-12-19 05:23:15
500101222,18,4,14,2024-12-19 05:49:15
500106123,18,3,14,2024-12-19 08:47:15
500101225,18,2,15,2024-12-19 06:40:16
500111076,18,2,15,2024-12-19 07:14:15
500107085,18,2,16,2024-12-19 07:17:14
500107174,18,1,17,2024-12-19 07:51:15
500103053,18,3,14,2024-12-19 00:07:15
500107141,18,11,7,2024-12-19 00:53:15
500105094,18,4,14,2024-12-19 23:11:15
500103053,18,1,16,2024-12-19 01:14:14
500101222,18,1,17,2024-12-19 01:02:15
500107173,18,9,9,2024-12-19 00:57:15
500107108,18,10,8,2024-12-19 00:45:15
500106123,18,11,7,2024-12-19 01:07:15
500105098,18,12,6,2024-12-19 00:43:15
500108187,18,15,1,2024-12-19 01:01:14
500101034,18,2,15,2024-12-19 23:11:14
500103055,18,6,12,2024-12-19 22:35:16
500107173,18,11,6,2024-12-19 21:38:15
500101236,18,14,3,2024-12-19 21:28:15
500103053,18,11,6,2024-12-19 02:33:15
500101236,18,15,2,2024-12-19 02:29:14
500111076,18,10,7,2024-12-19 04:02:15
500105098,18,12,5,2024-12-19 03:41:15
500101104,18,14,4,2024-12-19 22:08:15
500113031,18,18,0,2024-12-19 22:03:15
500111046,18,1,17,2024-12-19 21:56:15
500109014,18,14,4,2024-12-19 21:52:15
500101104,18,16,2,2024-12-19 21:57:15
500103055,18,11,7,2024-12-19 00:53:15
500107046,18,9,9,2024-12-19 01:40:15
500101161,18,13,5,2024-12-19 02:27:14
500112096,18,6,12,2024-12-19 22:40:15
500107108,18,3,15,2024-12-19 22:19:15
500107141,18,16,2,2024-12-19 22:19:15
500103055,18,7,11,2024-12-19 22:58:15
500103053,18,16,0,2024-12-19 11:48:16
500119083,18,16,0,2024-12-19 10:09:16
500101222,18,17,1,2024-12-19 09:47:15
500107147,18,17,1,2024-12-19 11:05:17
500112013,18,8,1,2024-12-19 09:37:15
500112096,18,17,1,2024-12-19 12:05:16
500119083,18,15,1,2024-12-19 09:37:15
500112013,18,7,2,2024-12-19 09:38:14
500111094,18,15,3,2024-12-19 12:28:15
500111094,18,15,3,2024-12-19 10:19:16
500112096,18,15,3,2024-12-19 12:22:16
500103053,18,13,4,2024-12-19 11:18:16
500111057,18,12,5,2024-12-19 12:24:15
500119083,18,11,5,2024-12-19 09:57:15
500103053,18,10,6,2024-12-19 11:58:16
500105014,18,11,6,2024-12-19 13:04:15
500111046,18,12,6,2024-12-19 10:06:14
500111067,18,12,6,2024-12-19 09:54:15
500119091,18,12,6,2024-12-19 09:36:15
500101161,18,11,7,2024-12-19 09:45:15
500101161,18,11,7,2024-12-19 10:07:16
500111057,18,10,7,2024-12-19 12:04:16
500101034,18,10,8,2024-12-19 11:46:15
500109014,18,10,8,2024-12-19 12:53:15
500111057,18,9,8,2024-12-19 11:39:15
500111057,18,9,8,2024-12-19 10:10:16
500111067,18,10,8,2024-12-19 12:36:15
500111067,18,10,8,2024-12-19 11:34:15
500119091,18,10,8,2024-12-19 10:07:16
500107085,18,8,10,2024-12-19 09:23:15
500107147,18,8,10,2024-12-19 09:07:15
500119091,18,8,10,2024-12-19 10:38:15
500113060,18,7,11,2024-12-19 09:59:16
500101161,18,5,12,2024-12-19 12:37:15
500104129,18,6,12,2024-12-19 10:10:16
500107147,18,6,12,2024-12-19 11:43:15
500119083,18,5,12,2024-12-19 12:47:15
500105098,18,4,13,2024-12-19 11:55:18
500111046,18,5,13,2024-12-19 11:47:16
500103055,18,4,14,2024-12-19 11:48:15
500107108,18,4,14,2024-12-19 11:48:15
500107174,18,4,14,2024-12-19 09:49:15
500111046,18,4,14,2024-12-19 11:56:16
500111076,18,3,14,2024-12-19 09:31:15
500113031,18,4,14,2024-12-19 12:46:15
500104024,18,3,15,2024-12-19 09:27:15
500107108,18,3,15,2024-12-19 09:33:15
500107147,18,3,15,2024-12-19 12:28:15
500101161,18,2,16,2024-12-19 09:08:16
500104024,18,2,16,2024-12-19 09:36:15
500107173,18,1,16,2024-12-19 09:50:18
500107174,18,2,16,2024-12-19 11:37:15
500108008,18,2,16,2024-12-19 12:00:19
500108008,18,2,16,2024-12-19 09:54:15
500111057,18,1,16,2024-12-19 09:08:15
500101104,18,1,17,2024-12-19 10:10:15
500103055,18,1,17,2024-12-19 09:59:16
500103055,18,1,17,2024-12-19 10:58:15
500104024,18,1,17,2024-12-19 11:51:15
500106088,18,1,17,2024-12-19 09:09:15
500106088,18,1,17,2024-12-19 11:57:15
500106123,18,1,17,2024-12-19 12:34:14
500107046,18,1,17,2024-12-19 10:34:14
500104024,18,0,18,2024-12-19 12:35:17
500111057,18,16,1,2024-12-19 17:56:16
500108174,18,15,3,2024-12-19 20:21:15
500109014,18,15,3,2024-12-19 18:48:15
500101161,18,12,5,2024-12-19 18:18:16
500101222,18,13,5,2024-12-19 18:16:16
500111058,18,12,6,2024-12-19 20:45:16
500107085,18,11,7,2024-12-19 20:47:15
500111094,18,11,7,2024-12-19 20:31:15
500119091,18,11,7,2024-12-19 20:49:15
500105098,18,10,8,2024-12-19 20:46:15
500106123,18,9,8,2024-12-19 17:37:16
500101104,18,9,9,2024-12-19 20:27:15
500101236,18,8,9,2024-12-19 19:07:15
500106088,18,9,9,2024-12-19 19:02:16
500101222,18,8,10,2024-12-19 17:38:16
500104024,18,8,10,2024-12-19 20:42:15
500106088,18,8,10,2024-12-19 18:54:15
500107173,18,7,10,2024-12-19 17:56:16
500107174,18,8,10,2024-12-19 17:58:16
500112096,18,8,10,2024-12-19 17:29:16
500119091,18,8,10,2024-12-19 20:06:14
500112096,18,7,11,2024-12-19 18:16:16
500104024,18,6,12,2024-12-19 20:09:15
500106088,18,6,12,2024-12-19 20:07:15
500106123,18,5,12,2024-12-19 18:16:16
500113031,18,6,12,2024-12-19 17:56:16
500105014,18,5,13,2024-12-19 19:28:15
500106123,18,4,13,2024-12-19 18:44:16
500101136,18,4,14,2024-12-19 19:04:15
500103055,18,4,14,2024-12-19 18:28:16
500105098,18,4,14,2024-12-19 18:58:15
500106123,18,3,14,2024-12-19 19:19:15
500111076,18,4,14,2024-12-19 17:43:16
500112096,18,4,14,2024-12-19 19:03:15
500119091,18,4,14,2024-12-19 18:58:16
500101034,18,2,15,2024-12-19 19:02:16
500104024,18,3,15,2024-12-19 19:18:15
500101034,18,1,16,2024-12-19 20:34:16
500101034,18,1,16,2024-12-19 17:37:16
500103055,18,2,16,2024-12-19 18:58:16
500105094,18,2,16,2024-12-19 20:28:15
500105094,18,2,16,2024-12-19 19:13:15
500105094,18,2,16,2024-12-19 20:50:16
500107147,18,2,16,2024-12-19 19:58:14
500111046,18,2,16,2024-12-19 21:17:15
500101034,18,0,17,2024-12-19 21:15:17
500105094,18,1,17,2024-12-19 19:46:15
500107147,18,1,17,2024-12-19 21:09:16
500108174,18,1,17,2024-12-19 18:38:16
500119083,18,0,17,2024-12-19 17:53:16
500103055,18,0,18,2024-12-19 21:19:16
500112096,18,0,18,2024-12-19 20:01:19
500108047,18,16,2,2024-12-19 14:37:14
500101104,18,15,3,2024-12-19 16:47:15
500101225,18,14,3,2024-12-19 17:06:16
500105014,18,15,3,2024-12-19 14:35:15
500107085,18,15,3,2024-12-19 16:08:16
500103053,18,13,4,2024-12-19 16:08:16
500112013,18,5,4,2024-12-19 15:18:15
500112096,18,14,4,2024-12-19 15:50:16
500101034,18,13,5,2024-12-19 15:07:15
500103053,18,12,5,2024-12-19 16:17:15
500105014,18,13,5,2024-12-19 16:51:15
500107085,18,13,5,2024-12-19 16:27:16
500111067,18,13,5,2024-12-19 15:37:16
500101034,18,12,6,2024-12-19 13:28:16
500105014,18,11,7,2024-12-19 17:13:15
500101104,18,9,9,2024-12-19 16:05:16
500107174,18,9,9,2024-12-19 13:33:15
500106088,18,8,10,2024-12-19 17:07:15
500107046,18,8,10,2024-12-19 15:30:17
500111046,18,8,10,2024-12-19 17:07:15
500113031,18,8,10,2024-12-19 16:56:15
500103053,18,6,11,2024-12-19 14:06:15
500103055,18,7,11,2024-12-19 15:02:15
500106123,18,6,11,2024-12-19 16:10:16
500107147,18,7,11,2024-12-19 17:18:16
500108187,18,7,11,2024-12-19 13:54:15
500111058,18,7,11,2024-12-19 16:24:15
500101161,18,5,12,2024-12-19 16:11:15
500101161,18,5,12,2024-12-19 14:05:16
500109014,18,6,12,2024-12-19 17:11:16
500111046,18,6,12,2024-12-19 16:12:15
500101161,18,4,13,2024-12-19 15:40:16
500101161,18,4,13,2024-12-19 17:18:15
500107173,18,4,13,2024-12-19 16:55:17
500113031,18,5,13,2024-12-19 13:43:15
500101222,18,4,14,2024-12-19 14:09:15
500103055,18,4,14,2024-12-19 17:05:17
500108157,18,4,14,2024-12-19 17:07:15
500111046,18,4,14,2024-12-19 16:38:15
500101136,18,3,15,2024-12-19 15:11:15
500103053,18,2,15,2024-12-19 17:18:16
500119083,18,2,15,2024-12-19 14:34:15
500119091,18,3,15,2024-12-19 16:30:16
500104024,18,2,16,2024-12-19 16:31:15
500104024,18,1,17,2024-12-19 13:41:15
500107108,18,5,13,2024-12-19 21:45:15
500101034,18,18,0,2024-12-19 08:26:15
500103053,18,17,0,2024-12-19 07:20:18
500103053,18,17,0,2024-12-19 07:40:18
500119083,18,16,0,2024-12-19 08:46:15
500103053,18,16,1,2024-12-19 07:36:15
500113031,18,16,1,2024-12-19 05:11:15
500101104,18,15,3,2024-12-19 06:06:14
500108174,18,15,3,2024-12-19 07:53:16
500108174,18,15,3,2024-12-19 08:02:15
500113060,18,15,3,2024-12-19 06:26:15
500101236,18,13,4,2024-12-19 07:53:16
500103053,18,13,4,2024-12-19 06:53:15
500105014,18,13,4,2024-12-19 08:25:16
500108174,18,14,4,2024-12-19 07:22:14
500108187,18,14,4,2024-12-19 07:44:15
500101104,18,13,5,2024-12-19 07:35:16
500108187,18,11,5,2024-12-19 06:47:15
500111094,18,13,5,2024-12-19 08:33:16
500106088,18,11,6,2024-12-19 05:38:14
500101034,18,11,7,2024-12-19 07:36:15
500105014,18,10,7,2024-12-19 08:48:15
500108008,18,11,7,2024-12-19 08:43:14
500111046,18,11,7,2024-12-19 08:36:14
500104129,18,10,8,2024-12-19 07:42:15
500108008,18,10,8,2024-12-19 06:19:15
500108174,18,10,8,2024-12-19 08:39:15
500108174,18,10,8,2024-12-19 06:40:16
500111058,18,10,8,2024-12-19 07:11:15
500107046,18,9,9,2024-12-19 06:29:15
500109014,18,9,9,2024-12-19 08:55:16
500101236,18,7,10,2024-12-19 08:25:16
500106088,18,7,10,2024-12-19 07:18:15
500108008,18,8,10,2024-12-19 07:07:15
500108176,18,8,10,2024-12-19 08:21:18
500101225,18,6,11,2024-12-19 07:27:15
500105098,18,6,11,2024-12-19 08:03:15
500108157,18,7,11,2024-12-19 08:35:16
500101136,18,6,12,2024-12-19 06:25:15
500107147,18,6,12,2024-12-19 07:54:16
500101225,18,4,13,2024-12-19 07:28:15
500103055,18,5,13,2024-12-19 08:02:15
500105098,18,4,13,2024-12-19 08:20:17
500106088,18,4,13,2024-12-19 07:57:16
500107046,18,5,13,2024-12-19 08:37:15
500108157,18,5,13,2024-12-19 06:16:15
500111057,18,4,13,2024-12-19 08:15:16
500101161,18,4,14,2024-12-19 06:54:16
500107173,18,2,14,2024-12-19 07:59:15
500108176,18,4,14,2024-12-19 06:53:15
500111046,18,4,14,2024-12-19 06:01:14
500104024,18,2,15,2024-12-19 08:17:15
500106088,18,2,15,2024-12-19 08:37:15
500106123,18,3,15,2024-12-19 05:43:14
500107046,18,3,15,2024-12-19 08:03:15
500108187,18,3,15,2024-12-19 08:24:15
500112013,18,1,15,2024-12-19 07:55:17
500101136,18,2,16,2024-12-19 04:48:15
500101222,18,2,16,2024-12-19 06:49:15
500106123,18,1,16,2024-12-19 07:54:15
500107174,18,2,16,2024-12-19 07:46:15
500113031,18,1,16,2024-12-19 07:27:15
500111076,18,0,17,2024-12-19 07:41:15
500103053,18,2,14,2024-12-19 23:26:15
500103055,18,11,7,2024-12-19 00:13:15
500106123,18,10,8,2024-12-19 00:07:16
500112061,19,11,1,2024-12-19 01:11:15
500112080,19,8,8,2024-12-19 22:44:15
500113020,19,12,5,2024-12-19 22:38:15
500110049,19,17,2,2024-12-19 22:15:16
500107090,19,1,18,2024-12-19 21:23:16
500108061,19,6,5,2024-12-19 21:37:15
500112080,19,12,4,2024-12-19 21:37:15
500107131,19,15,4,2024-12-19 21:23:16
500110006,19,4,15,2024-12-19 02:59:15
500104088,19,16,3,2024-12-19 01:31:15
500107090,19,0,19,2024-12-19 22:08:15
500107031,19,7,9,2024-12-19 22:05:16
500107090,19,1,18,2024-12-19 21:48:16
500101157,19,9,10,2024-12-19 21:59:15
500108021,19,10,9,2024-12-19 21:52:15
500110049,19,10,8,2024-12-19 03:39:14
500101157,19,2,17,2024-12-19 00:25:16
500108021,19,8,11,2024-12-19 22:48:15
500113032,19,8,10,2024-12-19 23:04:15
500105037,19,12,7,2024-12-19 22:53:15
500101201,19,8,11,2024-12-19 22:16:14
500107131,19,10,9,2024-12-19 22:50:16
500101186,19,11,8,2024-12-19 01:53:15
500101201,19,9,10,2024-12-19 23:30:16
500107090,19,19,0,2024-12-19 09:07:15
500106060,19,17,1,2024-12-19 11:30:18
500107090,19,16,2,2024-12-19 10:45:16
500119053,19,7,2,2024-12-19 09:09:15
500106060,19,15,3,2024-12-19 12:27:15
500107090,19,15,3,2024-12-19 11:37:15
500119053,19,9,3,2024-12-19 12:47:15
500119053,19,6,3,2024-12-19 11:57:16
500119053,19,6,3,2024-12-19 11:16:15
500107090,19,14,4,2024-12-19 10:38:15
500101201,19,12,7,2024-12-19 12:58:15
500106030,19,12,7,2024-12-19 12:07:16
500101201,19,11,8,2024-12-19 13:07:15
500105037,19,11,8,2024-12-19 09:00:18
500108061,19,10,8,2024-12-19 12:10:16
500104034,19,7,9,2024-12-19 11:20:17
500112080,19,6,10,2024-12-19 09:57:15
500104088,19,8,11,2024-12-19 08:52:16
500104088,19,8,11,2024-12-19 09:16:15
500104098,19,7,11,2024-12-19 10:32:15
500111053,19,8,11,2024-12-19 10:19:16
500113032,19,8,11,2024-12-19 09:26:15
500110002,19,6,13,2024-12-19 09:27:14
500113032,19,6,13,2024-12-19 11:27:15
500101157,19,5,14,2024-12-19 09:25:16
500112061,19,4,14,2024-12-19 12:35:16
500113020,19,5,14,2024-12-19 09:23:15
500104098,19,3,15,2024-12-19 09:59:16
500107031,19,4,15,2024-12-19 10:06:15
500107131,19,4,15,2024-12-19 13:07:15
500107131,19,4,15,2024-12-19 11:14:15
500110002,19,4,15,2024-12-19 12:18:15
500106104,19,3,16,2024-12-19 12:38:14
500106104,19,3,16,2024-12-19 10:50:15
500110006,19,2,16,2024-12-19 09:36:15
500110006,19,2,16,2024-12-19 11:28:16
500110049,19,3,16,2024-12-19 12:28:15
500110049,19,2,16,2024-12-19 09:51:14
500112061,19,2,16,2024-12-19 12:55:16
500119079,19,3,16,2024-12-19 11:58:16
500106104,19,2,17,2024-12-19 09:05:16
500106104,19,2,17,2024-12-19 11:46:15
500108021,19,1,17,2024-12-19 11:34:15
500101157,19,1,18,2024-12-19 12:38:14
500108021,19,0,18,2024-12-19 09:29:16
500108021,19,0,18,2024-12-19 10:32:16
500110049,19,0,18,2024-12-19 08:57:16
500112061,19,0,18,2024-12-19 10:24:15
500119079,19,0,19,2024-12-19 09:37:16
500110002,19,18,1,2024-12-19 18:48:15
500110049,19,18,1,2024-12-19 20:04:16
500112061,19,17,1,2024-12-19 19:00:17
500106060,19,16,2,2024-12-19 17:26:15
500113020,19,14,3,2024-12-19 20:46:15
500106060,19,14,4,2024-12-19 19:56:16
500106104,19,15,4,2024-12-19 19:43:15
500113020,19,15,4,2024-12-19 18:44:15
500119079,19,15,4,2024-12-19 19:28:14
500111098,19,14,5,2024-12-19 17:47:16
500112061,19,13,5,2024-12-19 18:37:15
500119079,19,14,5,2024-12-19 19:19:15
500119079,19,14,5,2024-12-19 19:35:16
500106060,19,12,6,2024-12-19 20:05:16
500106060,19,12,6,2024-12-19 17:56:16
500106104,19,13,6,2024-12-19 19:51:15
500106104,19,13,6,2024-12-19 17:36:15
500107131,19,13,6,2024-12-19 19:36:15
500106104,19,12,7,2024-12-19 17:53:15
500107031,19,12,7,2024-12-19 17:28:15
500101201,19,10,9,2024-12-19 20:25:15
500106060,19,9,9,2024-12-19 18:35:16
500108160,19,10,9,2024-12-19 17:46:15
500119079,19,10,9,2024-12-19 20:37:16
500108021,19,9,10,2024-12-19 20:45:16
500113020,19,7,10,2024-12-19 21:17:15
500107031,19,5,11,2024-12-19 20:12:15
500108021,19,8,11,2024-12-19 19:48:15
500108160,19,8,11,2024-12-19 18:09:16
500111098,19,7,11,2024-12-19 19:12:15
500104034,19,4,12,2024-12-19 19:15:16
500111030,19,7,12,2024-12-19 18:01:16
500110006,19,5,13,2024-12-19 18:29:16
500119053,19,6,13,2024-12-19 18:32:16
500101157,19,5,14,2024-12-19 18:28:16
500104088,19,5,14,2024-12-19 19:58:15
500104098,19,4,14,2024-12-19 21:17:15
500101201,19,4,15,2024-12-19 18:47:16
500104088,19,4,15,2024-12-19 20:09:15
500104088,19,4,15,2024-12-19 20:47:15
500104034,19,0,16,2024-12-19 19:58:15
500104098,19,2,16,2024-12-19 17:59:15
500106102,19,3,16,2024-12-19 18:22:16
500107090,19,3,16,2024-12-19 17:20:17
500106030,19,2,17,2024-12-19 18:08:16
500112061,19,1,17,2024-12-19 17:22:16
500104098,19,0,18,2024-12-19 20:27:15
500119053,19,1,18,2024-12-19 19:41:15
500107090,19,0,19,2024-12-19 18:48:16
500106060,19,17,1,2024-12-19 15:50:16
500105037,19,14,5,2024-12-19 14:53:14
500104098,19,12,6,2024-12-19 15:01:16
500106104,19,12,7,2024-12-19 16:47:15
500108160,19,12,7,2024-12-19 15:36:15
500106104,19,10,9,2024-12-19 16:38:15
500108061,19,10,9,2024-12-19 16:40:16
500104034,19,6,10,2024-12-19 14:47:15
500104098,19,7,11,2024-12-19 17:15:17
500108021,19,8,11,2024-12-19 17:08:16
500101186,19,6,12,2024-12-19 13:27:15
500101186,19,7,12,2024-12-19 15:09:15
500107090,19,6,12,2024-12-19 14:43:15
500110002,19,6,13,2024-12-19 14:25:16
500101157,19,5,14,2024-12-19 13:58:16
500101157,19,5,14,2024-12-19 15:26:14
500110002,19,5,14,2024-12-19 13:55:16
500101201,19,4,15,2024-12-19 16:18:15
500106102,19,4,15,2024-12-19 13:44:15
500106104,19,4,15,2024-12-19 14:56:15
500106030,19,3,16,2024-12-19 17:10:17
500106102,19,3,16,2024-12-19 16:23:15
500106102,19,3,16,2024-12-19 16:58:15
500107090,19,3,16,2024-12-19 16:43:15
500107131,19,3,16,2024-12-19 15:38:15
500107131,19,2,17,2024-12-19 15:09:15
500113032,19,2,17,2024-12-19 16:22:16
500119079,19,1,18,2024-12-19 15:57:15
500101201,19,3,16,2024-12-19 21:48:16
500107131,19,16,3,2024-12-19 21:43:15
500110049,19,19,0,2024-12-19 21:49:15
500106030,19,19,0,2024-12-19 08:47:15
500108061,19,14,1,2024-12-19 07:27:15
500106104,19,17,2,2024-12-19 06:22:14
500104098,19,15,3,2024-12-19 08:03:15
500106104,19,15,4,2024-12-19 07:21:15
500106104,19,14,5,2024-12-19 07:57:16
500104088,19,13,6,2024-12-19 07:17:14
500110002,19,13,6,2024-12-19 07:36:15
500110049,19,12,6,2024-12-19 07:17:14
500104088,19,12,7,2024-12-19 07:44:15
500105037,19,11,8,2024-12-19 08:38:14
500110002,19,11,8,2024-12-19 07:17:14
500110049,19,10,8,2024-12-19 07:37:15
500101201,19,10,9,2024-12-19 07:57:16
500106030,19,10,9,2024-12-19 07:47:15
500111030,19,8,11,2024-12-19 06:08:14
500119053,19,8,11,2024-12-19 07:37:15
500106060,19,6,12,2024-12-19 05:14:15
500108160,19,7,12,2024-12-19 07:14:15
500113020,19,7,12,2024-12-19 08:42:15
500101201,19,6,13,2024-12-19 05:13:15
500111098,19,4,13,2024-12-19 07:36:15
500113020,19,6,13,2024-12-19 08:54:15
500106102,19,5,14,2024-12-19 07:26:15
500110006,19,4,14,2024-12-19 08:57:15
500108087,19,2,15,2024-12-19 08:13:15
500113032,19,4,15,2024-12-19 07:43:15
500113032,19,3,16,2024-12-19 08:44:16
500113081,19,3,16,2024-12-19 06:46:15
500106030,19,2,17,2024-12-19 06:52:14
500119053,19,2,17,2024-12-19 08:27:16
500106104,19,1,18,2024-12-19 08:27:15
500107090,19,1,18,2024-12-19 05:56:14
500108021,19,0,18,2024-12-19 08:02:15
500108160,19,1,18,2024-12-19 07:36:15
500110002,19,1,18,2024-12-19 06:37:14
500110049,19,0,18,2024-12-19 08:28:16
500104088,19,14,5,2024-12-19 00:48:14
500108021,19,0,19,2024-12-19 00:42:15
500110049,19,2,16,2024-12-19 00:29:15
500112061,19,7,5,2024-12-19 00:05:16
500110049,19,1,17,2024-12-19 00:08:15
500108061,19,3,11,2024-12-19 23:19:15
500119053,19,1,18,2024-12-19 23:30:16
500112061,19,12,4,2024-12-19 23:58:14
500112080,19,7,7,2024-12-19 00:48:14
500119079,19,8,11,2024-12-19 01:10:16
500108021,19,10,9,2024-12-19 01:09:14
500106104,19,15,4,2024-12-19 00:37:15
500106060,19,1,17,2024-12-19 22:54:16
500107131,19,3,16,2024-12-19 23:16:15
500112061,19,9,7,2024-12-19 22:45:16
500111030,19,15,4,2024-12-19 21:45:15
500110006,19,1,17,2024-12-19 21:30:16
500119053,19,1,18,2024-12-19 02:24:14
500107090,19,2,17,2024-12-19 01:53:15
500101201,19,6,13,2024-12-19 02:28:15
500101157,19,12,7,2024-12-19 02:01:16
500110006,19,1,18,2024-12-19 04:17:15
500110049,19,9,9,2024-12-19 04:08:14
500105037,19,12,7,2024-12-19 04:03:14
500108021,19,16,2,2024-12-19 03:43:14
500101201,19,4,15,2024-12-19 22:05:15
500119079,19,9,10,2024-12-19 22:04:15
500106102,19,1,18,2024-12-19 21:48:17
500101186,19,14,5,2024-12-19 21:57:15
500110049,19,3,15,2024-12-19 00:48:14
500104088,19,15,4,2024-12-19 01:06:15
500110006,19,7,12,2024-12-19 01:45:15
500110006,19,5,14,2024-12-19 02:18:14
500106060,19,6,12,2024-12-19 02:20:16
500101186,19,13,6,2024-12-19 01:58:14
500113032,19,10,9,2024-12-19 02:22:15
500104088,19,2,17,2024-12-19 22:46:15
500108061,19,6,4,2024-12-19 22:49:15
500107031,19,8,8,2024-12-19 22:16:15
500107131,19,15,4,2024-12-19 22:21:15
500108061,19,4,6,2024-12-19 22:50:16
500106060,19,1,17,2024-12-19 23:27:14
500106060,19,18,0,2024-12-19 09:32:15
500106060,19,18,0,2024-12-19 09:56:16
500104098,19,17,1,2024-12-19 12:19:15
500106030,19,18,1,2024-12-19 09:03:15
500107090,19,18,1,2024-12-19 09:46:16
500107090,19,18,1,2024-12-19 09:48:15
500104098,19,16,2,2024-12-19 11:23:15
500119053,19,7,2,2024-12-19 10:06:14
500107090,19,15,3,2024-12-19 11:02:15
500119053,19,6,3,2024-12-19 12:35:15
500119053,19,9,3,2024-12-19 13:05:16
500101201,19,15,4,2024-12-19 11:40:17
500101201,19,14,5,2024-12-19 11:50:16
500106102,19,14,5,2024-12-19 12:08:15
500106030,19,12,7,2024-12-19 11:40:17
500106030,19,12,7,2024-12-19 11:04:15
500108061,19,11,7,2024-12-19 13:05:15
500108061,19,10,8,2024-12-19 11:08:15
500107090,19,9,9,2024-12-19 12:03:15
500108160,19,10,9,2024-12-19 11:36:15
500112080,19,7,9,2024-12-19 11:35:17
500104034,19,6,10,2024-12-19 10:18:15
500104098,19,8,10,2024-12-19 10:48:15
500106102,19,9,10,2024-12-19 11:47:15
500108160,19,9,10,2024-12-19 12:18:15
500112080,19,6,10,2024-12-19 12:06:16
500108160,19,8,11,2024-12-19 10:16:15
500112080,19,5,11,2024-12-19 10:06:15
500104088,19,7,12,2024-12-19 10:09:16
500107031,19,6,12,2024-12-19 09:07:15
500110006,19,6,12,2024-12-19 10:18:15
500112080,19,4,12,2024-12-19 10:22:16
500101157,19,6,13,2024-12-19 09:39:15
500107131,19,6,13,2024-12-19 10:18:15
500110002,19,6,13,2024-12-19 12:04:15
500113020,19,6,13,2024-12-19 10:05:16
500113032,19,6,13,2024-12-19 10:33:15
500107031,19,5,14,2024-12-19 10:33:15
500107131,19,5,14,2024-12-19 12:49:15
500113020,19,5,14,2024-12-19 11:33:16
500101157,19,4,15,2024-12-19 10:01:16
500106102,19,4,15,2024-12-19 09:46:15
500107031,19,4,15,2024-12-19 11:52:15
500110002,19,4,15,2024-12-19 11:47:16
500113020,19,4,15,2024-12-19 11:25:15
500106102,19,3,16,2024-12-19 12:49:15
500106102,19,3,16,2024-12-19 09:30:16
500107131,19,3,16,2024-12-19 12:24:16
500108021,19,2,16,2024-12-19 11:58:16
500110002,19,3,16,2024-12-19 12:28:15
500110002,19,3,16,2024-12-19 11:36:15
500101157,19,2,17,2024-12-19 11:43:15
500110049,19,1,17,2024-12-19 09:34:15
500111098,19,2,17,2024-12-19 11:50:16
500101186,19,0,18,2024-12-19 10:27:17
500107131,19,1,18,2024-12-19 09:26:15
500111098,19,1,18,2024-12-19 12:29:16
500119079,19,1,18,2024-12-19 10:07:16
500106104,19,0,19,2024-12-19 12:28:15
500119079,19,0,19,2024-12-19 10:24:15
500110049,19,19,0,2024-12-19 19:25:16
500110049,19,19,0,2024-12-19 18:29:15
500119079,19,19,0,2024-12-19 18:17:15
500110049,19,18,1,2024-12-19 19:15:16
500101186,19,17,2,2024-12-19 19:17:15
500110049,19,17,2,2024-12-19 19:59:16
500110049,19,17,2,2024-12-19 19:48:15
500119079,19,17,2,2024-12-19 19:02:16
500101186,19,15,4,2024-12-19 20:56:15
500108061,19,12,4,2024-12-19 19:45:16
500107131,19,14,5,2024-12-19 20:18:15
500112080,19,11,5,2024-12-19 21:06:15
500106104,19,12,7,2024-12-19 20:38:15
500106104,19,12,7,2024-12-19 18:15:17
500108160,19,12,7,2024-12-19 17:10:17
500105037,19,11,8,2024-12-19 17:46:14
500104098,19,9,9,2024-12-19 20:35:15
500108021,19,10,9,2024-12-19 19:09:14
500108061,19,7,9,2024-12-19 18:27:15
500108087,19,10,9,2024-12-19 20:49:15
500104034,19,6,10,2024-12-19 17:30:15
500110002,19,9,10,2024-12-19 21:20:16
500113032,19,9,10,2024-12-19 19:33:15
500108021,19,8,11,2024-12-19 20:36:15
500108021,19,8,11,2024-12-19 21:15:16
500111030,19,8,11,2024-12-19 18:33:16
500107031,19,4,12,2024-12-19 19:57:14
500110002,19,7,12,2024-12-19 20:38:15
500112080,19,4,12,2024-12-19 17:24:16
500107131,19,6,13,2024-12-19 17:41:16
500111098,19,2,13,2024-12-19 21:00:22
500112061,19,5,13,2024-12-19 17:48:15
500119079,19,6,13,2024-12-19 17:23:15
500112080,19,2,14,2024-12-19 17:36:15
500113032,19,5,14,2024-12-19 17:23:15
500101201,19,4,15,2024-12-19 21:19:16
500101201,19,4,15,2024-12-19 18:18:16
500104034,19,1,15,2024-12-19 20:42:15
500104088,19,4,15,2024-12-19 18:14:15
500104098,19,2,16,2024-12-19 19:32:15
500104098,19,2,16,2024-12-19 19:42:15
500107090,19,3,16,2024-12-19 17:46:15
500107090,19,3,16,2024-12-19 19:48:15
500106030,19,2,17,2024-12-19 18:54:16
500119053,19,2,17,2024-12-19 19:07:15
500104098,19,0,18,2024-12-19 18:35:17
500107090,19,1,18,2024-12-19 19:33:15
500106030,19,0,19,2024-12-19 19:19:15
500119053,19,11,1,2024-12-19 13:52:15
500119053,19,10,2,2024-12-19 14:50:19
500104098,19,14,4,2024-12-19 13:47:15
500104098,19,13,5,2024-12-19 13:15:15
500119053,19,7,5,2024-12-19 16:07:15
500104098,19,12,6,2024-12-19 14:21:15
500119053,19,7,7,2024-12-19 16:57:16
500110006,19,10,8,2024-12-19 13:27:15
500110006,19,9,9,2024-12-19 13:36:15
500101201,19,9,10,2024-12-19 13:23:15
500112080,19,6,10,2024-12-19 13:34:16
500104034,19,5,11,2024-12-19 16:34:16
500111030,19,8,11,2024-12-19 15:17:16
500112080,19,5,11,2024-12-19 17:01:16
500112080,19,5,11,2024-12-19 17:18:16
500101186,19,7,12,2024-12-19 14:29:15
500110049,19,7,12,2024-12-19 17:07:15
500113020,19,7,12,2024-12-19 16:55:17
500101186,19,6,13,2024-12-19 14:47:15
500106104,19,6,13,2024-12-19 15:03:15
500107031,19,6,13,2024-12-19 16:50:17
500110002,19,6,13,2024-12-19 15:51:14
500106102,19,5,14,2024-12-19 13:28:16
500107131,19,5,14,2024-12-19 17:04:14
500108021,19,4,14,2024-12-19 13:48:15
500101157,19,4,15,2024-12-19 16:36:15
500104088,19,4,15,2024-12-19 15:21:15
500106104,19,4,15,2024-12-19 13:11:15
500107031,19,4,15,2024-12-19 14:50:16
500110006,19,3,15,2024-12-19 15:26:15
500119079,19,4,15,2024-12-19 16:58:15
500104088,19,3,16,2024-12-19 17:07:15
500106102,19,3,16,2024-12-19 15:47:15
500112061,19,2,16,2024-12-19 13:25:15
500106102,19,2,17,2024-12-19 15:12:15
500108021,19,1,17,2024-12-19 14:58:15
500110006,19,1,17,2024-12-19 16:29:15
500112061,19,1,17,2024-12-19 15:17:16
500113032,19,2,17,2024-12-19 13:42:15
500119079,19,1,18,2024-12-19 15:14:15
500119079,19,1,18,2024-12-19 14:27:15
500119079,19,0,19,2024-12-19 15:28:15
500106060,19,3,15,2024-12-19 21:44:15
500106104,19,14,5,2024-12-19 21:42:15
500107031,19,17,1,2024-12-19 08:27:15
500110006,19,17,1,2024-12-19 07:47:15
500112061,19,17,1,2024-12-19 08:26:15
500104098,19,16,2,2024-12-19 07:26:15
500112061,19,9,2,2024-12-19 05:10:15
500107031,19,15,3,2024-12-19 08:45:16
500108021,19,15,3,2024-12-19 05:18:15
500108061,19,9,3,2024-12-19 07:17:14
500101201,19,15,4,2024-12-19 08:35:16
500112061,19,7,4,2024-12-19 06:35:14
500104098,19,13,5,2024-12-19 06:26:15
500101186,19,12,6,2024-12-19 07:15:17
500108061,19,6,6,2024-12-19 06:22:14
500112080,19,8,6,2024-12-19 07:23:15
500105037,19,12,7,2024-12-19 08:28:15
500107031,19,7,7,2024-12-19 07:26:15
500108061,19,5,7,2024-12-19 06:14:15
500112080,19,7,7,2024-12-19 07:15:17
500104098,19,10,8,2024-12-19 06:06:14
500108061,19,7,8,2024-12-19 07:43:15
500104098,19,7,11,2024-12-19 05:24:14
500106060,19,7,11,2024-12-19 04:54:15
500106060,19,7,11,2024-12-19 06:00:16
500110002,19,8,11,2024-12-19 08:57:14
500101157,19,6,13,2024-12-19 08:26:15
500107090,19,4,14,2024-12-19 07:16:15
500108061,19,1,14,2024-12-19 08:39:15
500108160,19,5,14,2024-12-19 08:25:16
500113032,19,5,14,2024-12-19 07:15:17
500113020,19,4,15,2024-12-19 07:45:16
500106060,19,2,16,2024-12-19 07:49:16
500107131,19,3,16,2024-12-19 08:32:15
500113020,19,3,16,2024-12-19 08:27:15
500113020,19,2,17,2024-12-19 08:03:14
500101157,19,1,18,2024-12-19 08:55:15
500108021,19,0,18,2024-12-19 08:27:15
500107090,19,0,19,2024-12-19 05:28:14
500110006,19,3,16,2024-12-19 00:44:15
500110049,19,2,16,2024-12-19 00:06:15
500106102,19,9,10,2024-12-19 23:32:14
500113020,19,12,5,2024-12-19 22:50:16
500106104,19,17,1,2024-12-19 23:53:15
500107131,19,0,19,2024-12-19 01:12:15
500113081,19,4,15,2024-12-19 00:18:14
500101186,19,9,10,2024-12-19 00:57:15
500101201,19,10,9,2024-12-19 00:34:15
500106030,19,3,16,2024-12-19 23:12:15
500113032,19,7,11,2024-12-19 23:13:15
500108021,19,9,10,2024-12-19 23:19:15
500112061,19,12,6,2024-12-19 22:38:16
500107131,19,2,17,2024-12-19 03:18:14
500108061,19,9,2,2024-12-19 22:05:16
500101157,19,10,9,2024-12-19 22:04:15
500106104,19,15,4,2024-12-19 21:56:15
500119053,19,3,16,2024-12-19 01:18:15
500110006,19,0,18,2024-12-19 22:10:19
500104088,19,3,16,2024-12-19 22:14:15
500119079,19,8,11,2024-12-19 22:59:14
500106060,19,8,10,2024-12-19 01:30:16
500106060,19,18,0,2024-12-19 10:04:16
500106060,19,18,0,2024-12-19 11:18:16
500106060,19,16,2,2024-12-19 11:46:15
500101201,19,16,3,2024-12-19 11:22:16
500107090,19,15,3,2024-12-19 12:44:15
500101201,19,14,5,2024-12-19 12:19:16
500106030,19,14,5,2024-12-19 10:19:16
500104034,19,8,8,2024-12-19 12:25:16
500108061,19,10,8,2024-12-19 10:26:14
500104034,19,7,9,2024-12-19 12:17:15
500104098,19,9,9,2024-12-19 10:27:16
500108087,19,7,10,2024-12-19 11:16:15
500108160,19,9,10,2024-12-19 10:28:15
500112080,19,6,10,2024-12-19 09:40:16
500107031,19,8,11,2024-12-19 11:16:14
500106102,19,7,12,2024-12-19 10:21:15
500108160,19,7,12,2024-12-19 13:05:15
500113032,19,7,12,2024-12-19 10:28:15
500101157,19,6,13,2024-12-19 11:04:15
500104088,19,6,13,2024-12-19 10:49:16
500108021,19,5,13,2024-12-19 12:47:15
500111053,19,6,13,2024-12-19 10:18:15
500101201,19,5,14,2024-12-19 10:26:14
500106102,19,5,14,2024-12-19 12:28:15
500107031,19,5,14,2024-12-19 12:26:15
500113020,19,5,14,2024-12-19 08:58:15
500104098,19,3,15,2024-12-19 09:36:15
500106102,19,4,15,2024-12-19 13:05:16
500106104,19,4,15,2024-12-19 10:36:14
500110006,19,3,15,2024-12-19 09:55:17
500112061,19,3,15,2024-12-19 09:07:15
500104098,19,2,16,2024-12-19 09:54:15
500106102,19,3,16,2024-12-19 11:17:15
500107031,19,3,16,2024-12-19 12:07:16
500119079,19,3,16,2024-12-19 12:16:15
500107031,19,1,17,2024-12-19 09:33:15
500108021,19,1,17,2024-12-19 10:27:17
500110006,19,1,17,2024-12-19 09:09:16
500111053,19,1,17,2024-12-19 08:49:15
500111098,19,2,17,2024-12-19 12:42:15
500112061,19,0,18,2024-12-19 11:23:15
500112061,19,0,18,2024-12-19 10:48:15
500113032,19,1,18,2024-12-19 12:08:15
500113081,19,1,18,2024-12-19 08:52:15
500119079,19,0,19,2024-12-19 09:04:16
500119079,19,0,19,2024-12-19 09:47:15
500106104,19,17,2,2024-12-19 21:13:16
500107131,19,17,2,2024-12-19 21:07:16
500110049,19,17,2,2024-12-19 18:47:16
500110002,19,15,4,2024-12-19 18:07:15
500119079,19,15,4,2024-12-19 18:07:16
500106104,19,14,5,2024-12-19 19:19:14
500111098,19,13,5,2024-12-19 20:47:15
500113020,19,12,5,2024-12-19 19:33:15
500106060,19,12,6,2024-12-19 19:04:16
500106060,19,12,6,2024-12-19 18:53:15
500107031,19,13,6,2024-12-19 18:46:15
500107131,19,13,6,2024-12-19 19:59:16
500107131,19,13,6,2024-12-19 20:38:15
500112080,19,10,6,2024-12-19 20:23:15
500106104,19,12,7,2024-12-19 20:02:15
500107031,19,12,7,2024-12-19 19:03:15
500108061,19,9,7,2024-12-19 19:02:16
500111030,19,12,7,2024-12-19 21:15:16
500106060,19,10,8,2024-12-19 18:12:16
500106104,19,11,8,2024-12-19 18:23:16
500112061,19,10,8,2024-12-19 18:00:18
500104034,19,7,9,2024-12-19 18:08:16
500106060,19,9,9,2024-12-19 21:07:16
500110002,19,10,9,2024-12-19 17:37:16
500110002,19,10,9,2024-12-19 19:19:15
500113032,19,10,9,2024-12-19 19:56:15
500104098,19,8,10,2024-12-19 20:42:15
500108021,19,9,10,2024-12-19 18:29:16
500110002,19,9,10,2024-12-19 20:28:15
500110006,19,8,10,2024-12-19 17:46:15
500110049,19,9,10,2024-12-19 17:22:16
500113020,19,7,10,2024-12-19 20:58:15
500108021,19,8,11,2024-12-19 17:36:14
500101157,19,7,12,2024-12-19 17:21:15
500107031,19,4,12,2024-12-19 20:41:14
500111098,19,7,12,2024-12-19 18:08:16
500111098,19,6,12,2024-12-19 19:02:16
500113032,19,7,12,2024-12-19 18:47:16
500101157,19,6,13,2024-12-19 21:11:15
500101157,19,5,14,2024-12-19 18:58:16
500101201,19,5,14,2024-12-19 18:38:16
500111030,19,5,14,2024-12-19 17:16:16
500101201,19,4,15,2024-12-19 19:19:15
500104034,19,1,15,2024-12-19 20:10:20
500106102,19,4,15,2024-12-19 17:27:16
500104098,19,2,16,2024-12-19 20:12:15
500106030,19,3,16,2024-12-19 17:46:15
500107090,19,2,17,2024-12-19 20:13:15
500106030,19,1,18,2024-12-19 18:21:15
500106102,19,1,18,2024-12-19 20:41:15
500119053,19,1,18,2024-12-19 19:24:15
500106030,19,0,19,2024-12-19 19:21:16
500106102,19,0,19,2024-12-19 21:18:15
500119053,19,11,1,2024-12-19 14:48:15
500106060,19,16,2,2024-12-19 16:37:15
500119053,19,8,4,2024-12-19 15:57:15
500108160,19,13,6,2024-12-19 17:01:16
500104098,19,11,7,2024-12-19 14:51:15
500108061,19,11,7,2024-12-19 13:56:15
500104098,19,10,8,2024-12-19 16:18:16
500106104,19,11,8,2024-12-19 16:55:17
500106030,19,10,9,2024-12-19 16:07:15
500107031,19,9,10,2024-12-19 17:07:15
500112080,19,6,10,2024-12-19 16:18:16
500104034,19,5,11,2024-12-19 14:56:14
500111098,19,8,11,2024-12-19 13:28:15
500104034,19,4,12,2024-12-19 16:43:15
500110006,19,6,12,2024-12-19 14:20:16
500112080,19,4,12,2024-12-19 16:26:15
500113020,19,7,12,2024-12-19 14:36:16
500110002,19,6,13,2024-12-19 16:58:15
500106104,19,5,14,2024-12-19 13:28:16
500110002,19,5,14,2024-12-19 15:18:15
500113020,19,5,14,2024-12-19 13:38:15
500110049,19,4,15,2024-12-19 14:22:15
500107131,19,3,16,2024-12-19 13:15:15
500107131,19,3,16,2024-12-19 16:48:16
500110049,19,3,16,2024-12-19 14:56:15
500112061,19,1,17,2024-12-19 15:08:15
500107031,19,18,0,2024-12-19 08:13:15
500104098,19,17,1,2024-12-19 07:56:15
500107031,19,17,1,2024-12-19 08:37:15
500106030,19,17,2,2024-12-19 08:26:15
500107031,19,16,2,2024-12-19 08:02:15
500101201,19,16,3,2024-12-19 08:27:16
500106104,19,16,3,2024-12-19 06:51:15
500106104,19,14,5,2024-12-19 07:47:15
500107031,19,9,5,2024-12-19 05:44:15
500110049,19,13,5,2024-12-19 07:26:15
500113020,19,14,5,2024-12-19 06:33:15
500101157,19,13,6,2024-12-19 06:36:14
500101186,19,12,6,2024-12-19 06:56:15
500104088,19,13,6,2024-12-19 07:27:15
500112080,19,9,7,2024-12-19 08:26:15
500110049,19,10,8,2024-12-19 06:47:15
500111098,19,11,8,2024-12-19 07:59:15
500113020,19,11,8,2024-12-19 07:07:15
500105037,19,10,9,2024-12-19 07:46:15
500112061,19,5,9,2024-12-19 07:57:16
500113032,19,10,9,2024-12-19 05:25:15
500110006,19,8,10,2024-12-19 08:03:15
500111098,19,7,10,2024-12-19 07:14:15
500112080,19,4,10,2024-12-19 07:41:15
500104034,19,5,11,2024-12-19 06:27:15
500106030,19,8,11,2024-12-19 07:25:15
500110006,19,6,12,2024-12-19 06:56:15
500119079,19,7,12,2024-12-19 07:39:15
500101157,19,6,13,2024-12-19 08:14:16
500111030,19,6,13,2024-12-19 08:03:15
500108061,19,1,14,2024-12-19 08:57:15
500108160,19,5,14,2024-12-19 07:27:14
500110006,19,4,14,2024-12-19 06:42:15
500111030,19,5,14,2024-12-19 07:47:15
500112080,19,0,14,2024-12-19 07:54:16
500101186,19,2,16,2024-12-19 08:27:16
500110002,19,3,16,2024-12-19 05:47:15
500111053,19,2,16,2024-12-19 08:46:15
500113032,19,3,16,2024-12-19 08:22:15
500119053,19,3,16,2024-12-19 06:17:14
500108021,19,1,17,2024-12-19 07:37:15
500104098,19,0,18,2024-12-19 08:49:16
500106104,19,0,19,2024-12-19 08:55:16
500107131,19,0,19,2024-12-19 07:58:15
500107131,19,0,19,2024-12-19 06:54:15
500110002,19,0,19,2024-12-19 08:02:15
500110006,19,3,16,2024-12-19 03:47:14
500111053,19,8,11,2024-12-19 00:48:14
500104034,19,4,12,2024-12-19 00:27:15
500119079,19,10,9,2024-12-19 00:42:15
500108087,19,12,7,2024-12-19 21:15:16
500111030,19,14,5,2024-12-19 23:58:14
500113081,19,7,11,2024-12-19 23:42:15
500119053,19,2,17,2024-12-19 23:13:15
500111098,19,6,9,2024-12-19 22:25:15
500111053,19,12,7,2024-12-19 21:52:14
500101157,19,14,5,2024-12-19 22:58:15
500106030,19,2,17,2024-12-19 22:01:15
500101201,19,9,10,2024-12-19 22:30:15
500111098,19,3,12,2024-12-19 21:14:15
500104088,19,3,16,2024-12-19 21:33:16
500106060,19,4,14,2024-12-19 21:38:15
500110002,19,6,13,2024-12-19 21:28:15
500101157,19,8,11,2024-12-19 21:35:15
500111098,19,14,3,2024-12-19 03:28:14
500104098,19,8,10,2024-12-19 21:47:15
500107131,19,14,5,2024-12-19 21:57:15
500107131,19,2,17,2024-12-19 23:34:14
500108021,19,11,8,2024-12-19 00:59:15
500110006,19,4,15,2024-12-19 02:00:17
500106104,19,16,3,2024-12-19 22:58:15
500106060,19,5,13,2024-12-19 01:54:15
500110006,19,6,13,2024-12-19 01:54:15
500106060,19,18,0,2024-12-19 10:17:16
500104098,19,17,1,2024-12-19 11:48:15
500106030,19,17,2,2024-12-19 09:36:15
500106060,19,16,2,2024-12-19 09:41:16
500106060,19,16,2,2024-12-19 11:03:15
500119053,19,7,2,2024-12-19 11:21:15
500104098,19,15,3,2024-12-19 12:27:15
500104098,19,14,4,2024-12-19 12:46:15
500106030,19,15,4,2024-12-19 10:18:15
500101201,19,13,6,2024-12-19 12:46:15
500106030,19,13,6,2024-12-19 10:39:15
500107090,19,11,7,2024-12-19 11:52:15
500106030,19,11,8,2024-12-19 12:56:15
500106030,19,11,8,2024-12-19 13:05:16
500104034,19,5,11,2024-12-19 10:47:16
500101157,19,7,12,2024-12-19 09:09:15
500101186,19,6,12,2024-12-19 12:36:15
500106102,19,7,12,2024-12-19 09:06:15
500106102,19,7,12,2024-12-19 09:09:15
500110006,19,6,12,2024-12-19 09:43:15
500110006,19,6,12,2024-12-19 11:47:16
500113032,19,7,12,2024-12-19 09:07:15
500101157,19,6,13,2024-12-19 11:14:15
500106102,19,6,13,2024-12-19 11:28:16
500106104,19,6,13,2024-12-19 09:57:15
500110002,19,6,13,2024-12-19 10:25:16
500110006,19,5,13,2024-12-19 12:46:15
500113020,19,6,13,2024-12-19 13:08:15
500113020,19,6,13,2024-12-19 11:54:15
500113020,19,6,13,2024-12-19 10:47:16
500104034,19,2,14,2024-12-19 09:29:16
500107031,19,5,14,2024-12-19 11:44:15
500107031,19,5,14,2024-12-19 10:42:15
500108021,19,4,14,2024-12-19 12:02:16
500108160,19,5,14,2024-12-19 09:27:14
500108160,19,5,14,2024-12-19 09:39:15
500110006,19,4,14,2024-12-19 10:28:15
500101186,19,3,15,2024-12-19 10:38:15
500107131,19,4,15,2024-12-19 08:58:15
500107131,19,4,15,2024-12-19 09:09:15
500110002,19,4,15,2024-12-19 12:41:15
500110049,19,3,15,2024-12-19 10:38:15
500111098,19,4,15,2024-12-19 09:07:15
500113020,19,4,15,2024-12-19 09:35:16
500119079,19,4,15,2024-12-19 12:48:14
500104088,19,3,16,2024-12-19 12:34:14
500106104,19,3,16,2024-12-19 11:08:15
500107131,19,3,16,2024-12-19 10:27:16
500110002,19,3,16,2024-12-19 12:55:16
500110006,19,2,16,2024-12-19 12:34:14
500110049,19,2,16,2024-12-19 11:16:15
500110049,19,2,16,2024-12-19 10:42:15
500101186,19,1,17,2024-12-19 10:55:17
500110006,19,1,17,2024-12-19 11:07:16
500110006,19,1,17,2024-12-19 11:18:16
500112061,19,1,17,2024-12-19 12:17:15
500112061,19,1,17,2024-12-19 10:18:15
500101186,19,0,18,2024-12-19 11:03:15
500119079,19,1,18,2024-12-19 11:47:15
500119079,19,1,18,2024-12-19 10:48:15
500110049,19,19,0,2024-12-19 21:00:22
500107031,19,16,3,2024-12-19 19:13:15
500107131,19,16,3,2024-12-19 20:49:15
500106104,19,15,4,2024-12-19 20:53:15
500113020,19,12,5,2024-12-19 20:09:15
500106060,19,12,6,2024-12-19 20:43:14
500106104,19,13,6,2024-12-19 17:48:15
500113020,19,11,6,2024-12-19 19:58:15
500106060,19,11,7,2024-12-19 17:45:16
500108160,19,12,7,2024-12-19 17:37:16
500111098,19,12,7,2024-12-19 16:41:15
500112080,19,9,7,2024-12-19 19:17:15
500113020,19,12,7,2024-12-19 18:30:17
500105037,19,11,8,2024-12-19 18:48:15
500107131,19,11,8,2024-12-19 18:58:16
500110006,19,10,8,2024-12-19 19:18:15
500105037,19,10,9,2024-12-19 18:22:15
500107031,19,10,9,2024-12-19 18:18:16
500110006,19,9,9,2024-12-19 19:47:15
500112080,19,7,9,2024-12-19 20:02:15
500119053,19,10,9,2024-12-19 18:08:16
500101157,19,9,10,2024-12-19 17:41:16
500107131,19,9,10,2024-12-19 18:36:16
500108021,19,9,10,2024-12-19 18:02:15
500112080,19,6,10,2024-12-19 19:55:16
500104034,19,5,11,2024-12-19 17:24:16
500108087,19,8,11,2024-12-19 18:08:15
500113032,19,8,11,2024-12-19 18:52:15
500107031,19,7,12,2024-12-19 17:41:16
500108021,19,7,12,2024-12-19 18:18:16
500111030,19,7,12,2024-12-19 18:28:16
500112080,19,4,12,2024-12-19 17:52:14
500106102,19,6,13,2024-12-19 18:16:16
500108021,19,6,13,2024-12-19 17:26:15
500111030,19,6,13,2024-12-19 17:57:15
500112080,19,3,13,2024-12-19 17:48:16
500113032,19,6,13,2024-12-19 17:36:15
500119053,19,1,13,2024-12-19 17:20:17
500110002,19,5,14,2024-12-19 20:03:15
500101186,19,4,15,2024-12-19 17:51:16
500101201,19,3,15,2024-12-19 19:07:15
500110006,19,3,15,2024-12-19 17:38:16
500107090,19,3,16,2024-12-19 17:36:15
500104098,19,1,17,2024-12-19 19:04:15
500106030,19,2,17,2024-12-19 17:58:16
500106102,19,1,18,2024-12-19 19:48:15
500119053,19,1,18,2024-12-19 19:19:15
500119053,19,14,0,2024-12-19 16:25:18
500119053,19,12,0,2024-12-19 13:26:16
500105037,19,15,4,2024-12-19 15:15:16
500105037,19,14,5,2024-12-19 16:10:16
500108061,19,10,8,2024-12-19 15:31:15
500108061,19,11,8,2024-12-19 17:08:16
500108061,19,10,8,2024-12-19 14:50:15
500112080,19,7,9,2024-12-19 16:58:15
500101186,19,9,10,2024-12-19 15:42:15
500110006,19,8,10,2024-12-19 13:41:15
500112080,19,6,10,2024-12-19 14:52:16
500119079,19,9,10,2024-12-19 14:08:15
500106104,19,8,11,2024-12-19 15:29:15
500110002,19,8,11,2024-12-19 16:46:15
500101201,19,7,12,2024-12-19 14:01:15
500106104,19,7,12,2024-12-19 15:19:15
500106102,19,6,13,2024-12-19 16:48:16
500107031,19,6,13,2024-12-19 13:35:15
500101201,19,5,14,2024-12-19 15:26:15
500108021,19,4,14,2024-12-19 14:06:15
500110049,19,5,14,2024-12-19 16:56:15
500106030,19,4,15,2024-12-19 16:45:17
500107090,19,4,15,2024-12-19 17:06:16
500110002,19,4,15,2024-12-19 13:25:16
500106030,19,3,16,2024-12-19 16:38:15
500104088,19,2,17,2024-12-19 16:15:16
500119079,19,2,17,2024-12-19 17:10:17
500101201,19,1,18,2024-12-19 16:30:16
500107131,19,1,18,2024-12-19 13:57:15
500113032,19,1,18,2024-12-19 13:23:15
500119079,19,0,19,2024-12-19 14:48:14
500104098,19,18,0,2024-12-19 07:33:15
500110006,19,18,0,2024-12-19 07:56:15
500119053,19,19,0,2024-12-19 08:01:17
500106104,19,16,3,2024-12-19 06:38:15
500107031,19,11,3,2024-12-19 06:46:15
500112061,19,8,3,2024-12-19 05:50:15
500101186,19,14,4,2024-12-19 06:19:15
500106030,19,15,4,2024-12-19 08:03:15
500107031,19,10,4,2024-12-19 06:30:16
500107031,19,10,4,2024-12-19 07:17:14
500108061,19,11,4,2024-12-19 07:37:15
500101201,19,14,5,2024-12-19 08:03:15
500112061,19,9,5,2024-12-19 07:36:15
500108061,19,9,6,2024-12-19 08:01:15
500112080,19,10,6,2024-12-19 08:50:16
500101157,19,12,7,2024-12-19 07:46:15
500108061,19,5,7,2024-12-19 06:32:15
500106060,19,9,9,2024-12-19 08:36:15
500107031,19,5,9,2024-12-19 07:32:15
500107090,19,9,9,2024-12-19 07:47:15
500108087,19,8,9,2024-12-19 06:10:16
500111030,19,9,10,2024-12-19 06:45:16
500112061,19,8,10,2024-12-19 08:37:15
500104034,19,5,11,2024-12-19 05:00:16
500111030,19,8,11,2024-12-19 07:30:16
500107090,19,6,12,2024-12-19 07:32:15
500119053,19,7,12,2024-12-19 08:46:15
500119053,19,7,12,2024-12-19 07:26:15
500101186,19,5,13,2024-12-19 07:47:15
500111098,19,4,13,2024-12-19 07:57:16
500104034,19,2,14,2024-12-19 08:34:15
500106102,19,5,14,2024-12-19 07:08:15
500104034,19,1,15,2024-12-19 08:14:16
500106102,19,4,15,2024-12-19 07:57:16
500113032,19,4,15,2024-12-19 08:33:16
500119053,19,4,15,2024-12-19 08:37:15
500108021,19,2,16,2024-12-19 08:15:16
500106102,19,2,17,2024-12-19 08:24:15
500107131,19,2,17,2024-12-19 08:45:16
500110002,19,2,17,2024-12-19 08:37:15
500110002,19,2,17,2024-12-19 06:47:15
500110002,19,2,17,2024-12-19 06:26:15
500110006,19,2,17,2024-12-19 04:56:15
500108021,19,0,18,2024-12-19 08:46:15
500113020,19,1,18,2024-12-19 08:15:16
500106102,19,1,18,2024-12-19 23:26:15
500101186,19,9,10,2024-12-19 00:23:14
500104088,19,15,4,2024-12-19 00:11:14
500113032,19,9,10,2024-12-19 00:12:15
500107131,19,0,19,2024-12-19 00:26:15
500111053,19,9,10,2024-12-19 00:27:15
500101201,19,10,9,2024-12-19 23:58:14
500107090,19,0,19,2024-12-19 22:10:19
500110049,19,2,16,2024-12-19 01:15:15
500106102,19,3,16,2024-12-19 00:30:16
500110006,19,5,14,2024-12-19 00:57:15
500104034,19,6,10,2024-12-19 00:53:15
500104098,19,6,12,2024-12-19 00:50:16
500104088,19,15,4,2024-12-19 01:17:15
500119053,19,0,19,2024-12-19 22:17:15
500107031,19,8,8,2024-12-19 22:30:16
500104098,19,9,9,2024-12-19 22:35:16
500108061,19,11,0,2024-12-19 22:17:15
500105037,19,11,8,2024-12-19 22:07:15
500119079,19,12,7,2024-12-19 22:34:15
500101186,19,13,6,2024-12-19 22:34:15
500108160,19,9,10,2024-12-19 20:29:14
500101186,19,15,4,2024-12-19 21:38:15
500110002,19,1,18,2024-12-19 01:46:15
500106060,19,5,13,2024-12-19 03:06:14
500112061,19,12,0,2024-12-19 02:34:15
500113081,19,4,15,2024-12-19 03:49:14
500112061,19,11,1,2024-12-19 03:56:15
500110006,19,0,18,2024-12-19 22:09:15
500104088,19,2,17,2024-12-19 22:02:16
500111098,19,5,10,2024-12-19 21:57:15
500110006,19,1,17,2024-12-19 21:59:15
500112080,19,13,3,2024-12-19 21:57:15
500119079,19,4,15,2024-12-19 23:42:15
500112061,19,10,2,2024-12-19 01:02:15
500119053,19,1,18,2024-12-19 22:46:15
500108087,19,9,8,2024-12-19 04:32:14
500104088,19,16,3,2024-12-19 04:34:15
500101186,19,13,6,2024-12-19 23:02:14
500107031,19,9,7,2024-12-19 22:23:15
500106060,19,4,14,2024-12-19 02:06:15
500104098,19,18,0,2024-12-19 11:56:15
500119053,19,9,0,2024-12-19 10:56:14
500119053,19,6,3,2024-12-19 09:06:15
500104098,19,14,4,2024-12-19 11:38:15
500106030,19,15,4,2024-12-19 09:57:15
500107090,19,14,4,2024-12-19 12:18:15
500107090,19,12,6,2024-12-19 10:28:15
500106030,19,11,8,2024-12-19 12:28:15
500108087,19,9,8,2024-12-19 09:47:15
500108061,19,9,9,2024-12-19 12:21:15
500104034,19,6,10,2024-12-19 11:43:15
500104034,19,6,10,2024-12-19 10:04:15
500106102,19,9,10,2024-12-19 11:36:15
500113032,19,9,10,2024-12-19 09:33:15
500104088,19,8,11,2024-12-19 10:00:17
500113032,19,8,11,2024-12-19 09:08:15
500110006,19,6,12,2024-12-19 13:04:16
500110006,19,6,12,2024-12-19 10:06:15
500107031,19,5,13,2024-12-19 09:47:15
500108021,19,5,13,2024-12-19 12:20:16
500113020,19,6,13,2024-12-19 12:12:15
500101157,19,5,14,2024-12-19 09:53:15
500107131,19,5,14,2024-12-19 09:53:15
500108021,19,4,14,2024-12-19 12:19:16
500108160,19,5,14,2024-12-19 09:01:15
500110002,19,5,14,2024-12-19 12:36:15
500110006,19,4,14,2024-12-19 11:38:15
500104098,19,3,15,2024-12-19 09:27:15
500108021,19,3,15,2024-12-19 09:46:15
500108160,19,4,15,2024-12-19 09:34:15
500110002,19,4,15,2024-12-19 09:57:15
500110002,19,4,15,2024-12-19 11:27:15
500110006,19,3,15,2024-12-19 12:07:16
500112061,19,3,15,2024-12-19 12:47:15
500113020,19,4,15,2024-12-19 09:44:15
500119079,19,4,15,2024-12-19 12:28:15
500119079,19,4,15,2024-12-19 12:08:15
500104088,19,3,16,2024-12-19 11:40:16
500110049,19,2,16,2024-12-19 09:44:15
500101157,19,2,17,2024-12-19 10:27:16
500104088,19,2,17,2024-12-19 12:41:15
500104098,19,1,17,2024-12-19 09:01:17
500111053,19,2,17,2024-12-19 10:01:16
500101186,19,0,18,2024-12-19 12:19:16
500107031,19,1,18,2024-12-19 12:13:16
500110006,19,0,18,2024-12-19 09:07:15
500119079,19,0,19,2024-12-19 12:38:14
500119079,19,0,19,2024-12-19 11:26:15
500101186,19,19,0,2024-12-19 20:12:15
500101186,19,19,0,2024-12-19 18:48:16
500112061,19,17,1,2024-12-19 20:35:16
500110049,19,15,4,2024-12-19 18:08:16
500112061,19,14,4,2024-12-19 21:17:15
500113020,19,13,4,2024-12-19 20:35:16
500106104,19,13,6,2024-12-19 20:47:15
500107031,19,13,6,2024-12-19 19:38:15
500110006,19,12,6,2024-12-19 19:29:15
500113020,19,11,6,2024-12-19 19:19:15
500106060,19,11,7,2024-12-19 18:05:16
500108021,19,11,8,2024-12-19 19:00:17
500105037,19,10,9,2024-12-19 20:29:15
500111053,19,10,9,2024-12-19 17:50:16
500107031,19,9,10,2024-12-19 17:38:16
500107131,19,9,10,2024-12-19 18:18:16
500107131,19,9,10,2024-12-19 18:28:16
500107131,19,9,10,2024-12-19 18:48:15
500108087,19,9,10,2024-12-19 20:26:16
500110006,19,8,10,2024-12-19 19:56:16
500113020,19,8,11,2024-12-19 18:57:15
500104088,19,7,12,2024-12-19 18:37:15
500101186,19,6,13,2024-12-19 17:46:15
500110006,19,5,13,2024-12-19 18:48:15
500111098,19,5,13,2024-12-19 18:26:16
500113032,19,6,13,2024-12-19 18:23:16
500106102,19,5,14,2024-12-19 18:07:16
500110006,19,4,14,2024-12-19 21:19:15
500111098,19,4,14,2024-12-19 18:16:15
500113032,19,5,14,2024-12-19 18:16:16
500101157,19,4,15,2024-12-19 19:14:15
500107131,19,4,15,2024-12-19 17:35:16
500110002,19,4,15,2024-12-19 20:47:15
500110006,19,3,15,2024-12-19 18:18:15
500101157,19,3,16,2024-12-19 20:40:16
500106030,19,3,16,2024-12-19 19:02:16
500106102,19,3,16,2024-12-19 17:58:16
500110002,19,3,16,2024-12-19 20:54:14
500110006,19,2,16,2024-12-19 20:38:15
500101157,19,1,18,2024-12-19 19:49:15
500104098,19,0,18,2024-12-19 18:15:17
500106102,19,1,18,2024-12-19 19:56:16
500106102,19,1,18,2024-12-19 20:09:15
500106060,19,18,0,2024-12-19 16:01:17
500106060,19,15,3,2024-12-19 17:08:16
500106104,19,13,6,2024-12-19 17:15:17
500104098,19,11,7,2024-12-19 15:33:15
500101186,19,11,8,2024-12-19 16:06:15
500106104,19,11,8,2024-12-19 16:28:15
500111098,19,11,8,2024-12-19 16:34:16
500108061,19,10,9,2024-12-19 17:14:16
500108087,19,8,9,2024-12-19 14:17:15
500108087,19,9,9,2024-12-19 16:16:15
500106030,19,8,11,2024-12-19 16:18:16
500111053,19,8,11,2024-12-19 14:54:15
500113020,19,8,11,2024-12-19 16:21:15
500107090,19,6,12,2024-12-19 15:38:15
500110006,19,6,12,2024-12-19 14:05:16
500119053,19,2,12,2024-12-19 17:07:15
500101157,19,6,13,2024-12-19 15:14:15
500101201,19,6,13,2024-12-19 16:08:16
500107090,19,5,13,2024-12-19 15:42:14
500110006,19,5,13,2024-12-19 13:52:15
500106102,19,5,14,2024-12-19 13:17:15
500107090,19,5,14,2024-12-19 16:33:15
500108160,19,5,14,2024-12-19 13:23:15
500101201,19,4,15,2024-12-19 14:48:15
500107031,19,4,15,2024-12-19 15:22:15
500108021,19,4,15,2024-12-19 16:25:16
500108021,19,3,15,2024-12-19 13:53:15
500110049,19,4,15,2024-12-19 15:13:16
500101186,19,3,16,2024-12-19 17:17:16
500101201,19,3,16,2024-12-19 14:54:15
500107090,19,3,16,2024-12-19 17:18:16
500107131,19,3,16,2024-12-19 16:26:15
500108021,19,3,16,2024-12-19 16:16:15
500110002,19,3,16,2024-12-19 16:35:15
500110002,19,3,16,2024-12-19 14:48:15
500110006,19,2,16,2024-12-19 15:41:15
500110006,19,2,16,2024-12-19 15:38:15
500101186,19,2,17,2024-12-19 17:06:16
500110002,19,2,17,2024-12-19 13:15:15
500110006,19,1,17,2024-12-19 16:17:14
500101201,19,1,18,2024-12-19 17:16:16
500119079,19,1,18,2024-12-19 13:27:16
500119079,19,0,19,2024-12-19 14:52:16
500110006,19,1,17,2024-12-19 21:46:16
500101157,19,7,12,2024-12-19 21:49:15
500106030,19,19,0,2024-12-19 08:12:16
500106104,19,18,1,2024-12-19 07:33:15
500104098,19,14,4,2024-12-19 06:44:15
500101186,19,13,5,2024-12-19 06:44:15
500101201,19,14,5,2024-12-19 08:14:16
500106104,19,14,5,2024-12-19 07:12:15
500104088,19,13,6,2024-12-19 06:53:15
500107090,19,12,6,2024-12-19 07:53:16
500107031,19,11,7,2024-12-19 08:55:16
500110049,19,11,7,2024-12-19 05:53:15
500106030,19,11,8,2024-12-19 07:53:16
500119053,19,10,9,2024-12-19 08:17:15
500101157,19,9,10,2024-12-19 07:57:16
500105037,19,9,10,2024-12-19 07:12:15
500111053,19,7,11,2024-12-19 05:05:16
500113032,19,8,11,2024-12-19 06:55:16
500119079,19,8,11,2024-12-19 08:03:15
500101201,19,7,12,2024-12-19 07:47:15
500106060,19,6,12,2024-12-19 08:16:15
500106060,19,6,12,2024-12-19 06:53:15
500106060,19,6,12,2024-12-19 06:17:14
500110049,19,6,12,2024-12-19 07:58:15
500107090,19,5,13,2024-12-19 07:25:15
500108061,19,2,13,2024-12-19 08:36:15
500108160,19,6,13,2024-12-19 08:35:16
500111030,19,6,13,2024-12-19 08:17:15
500101201,19,5,14,2024-12-19 06:30:17
500101201,19,5,14,2024-12-19 05:40:15
500111030,19,5,14,2024-12-19 08:23:15
500112080,19,0,14,2024-12-19 08:01:17
500113032,19,5,14,2024-12-19 08:51:15
500101201,19,4,15,2024-12-19 06:46:15
500106102,19,4,15,2024-12-19 07:46:15
500101186,19,2,16,2024-12-19 08:15:16
500106102,19,3,16,2024-12-19 08:01:15
500107131,19,3,16,2024-12-19 08:26:15
500107131,19,3,16,2024-12-19 08:54:15
500110002,19,3,16,2024-12-19 07:57:16
500111030,19,3,16,2024-12-19 08:37:15
500110049,19,1,17,2024-12-19 08:45:16
500113032,19,2,17,2024-12-19 08:15:16
500104098,19,0,18,2024-12-19 08:47:15
500106104,19,1,18,2024-12-19 08:43:15
500110049,19,0,18,2024-12-19 08:26:15
500111098,19,11,6,2024-12-19 00:08:15
500112061,19,6,6,2024-12-19 00:12:14
500108021,19,1,18,2024-12-19 00:16:15
500108021,19,5,14,2024-12-19 00:57:15
500111053,19,13,6,2024-12-19 23:35:15
500112080,19,9,7,2024-12-19 23:30:16
500119053,19,4,15,2024-12-19 00:52:15
500106060,19,6,12,2024-12-19 01:11:15
500108061,19,8,5,2024-12-19 01:06:15
500113032,19,9,10,2024-12-19 01:12:15
500104098,19,6,12,2024-12-19 23:18:15
500113032,19,9,10,2024-12-19 22:31:15
500106102,19,2,17,2024-12-19 21:30:16
500104098,19,5,13,2024-12-19 21:35:16
500101201,19,5,14,2024-12-19 21:37:15
500113081,19,6,13,2024-12-19 21:31:15
500111053,19,11,8,2024-12-19 21:22:15
500110049,19,17,2,2024-12-19 21:39:15
500119053,19,0,19,2024-12-19 22:00:20
500101157,19,11,8,2024-12-19 01:21:15
500107031,19,6,10,2024-12-19 21:54:15
500113081,19,3,16,2024-12-19 04:35:15
500112061,19,10,2,2024-12-19 04:35:15
500119053,19,0,19,2024-12-19 23:03:15
500119079,19,8,11,2024-12-19 23:09:15
500110002,19,3,16,2024-12-19 22:19:15
500107031,19,7,9,2024-12-19 22:56:14
500106060,19,18,0,2024-12-19 12:11:16
500107090,19,19,0,2024-12-19 09:25:17
500119053,19,9,0,2024-12-19 09:46:16
500119053,19,10,2,2024-12-19 12:53:15
500119053,19,5,4,2024-12-19 11:37:15
500119053,19,5,4,2024-12-19 12:17:16
500101201,19,13,6,2024-12-19 12:23:16
500108061,19,11,7,2024-12-19 10:35:16
500108087,19,10,7,2024-12-19 09:10:15
500101201,19,11,8,2024-12-19 12:38:15
500104034,19,7,9,2024-12-19 13:01:15
500104098,19,9,9,2024-12-19 10:58:16
500108087,19,8,9,2024-12-19 10:07:16
500110002,19,10,9,2024-12-19 09:09:15
500101201,19,9,10,2024-12-19 10:48:15
500104034,19,6,10,2024-12-19 10:50:15
500110006,19,8,10,2024-12-19 12:54:15
500111030,19,9,10,2024-12-19 11:26:14
500111053,19,9,10,2024-12-19 11:37:15
500104034,19,5,11,2024-12-19 10:25:16
500110002,19,8,11,2024-12-19 10:17:16
500112080,19,5,11,2024-12-19 11:01:17
500113032,19,8,11,2024-12-19 10:07:16
500104034,19,4,12,2024-12-19 10:32:15
500104088,19,7,12,2024-12-19 10:40:16
500106104,19,7,12,2024-12-19 10:16:15
500110006,19,6,12,2024-12-19 12:16:15
500113020,19,7,12,2024-12-19 10:28:15
500101157,19,6,13,2024-12-19 09:07:15
500106102,19,6,13,2024-12-19 10:32:15
500107031,19,6,13,2024-12-19 12:34:14
500107131,19,6,13,2024-12-19 09:44:15
500107131,19,6,13,2024-12-19 09:58:14
500108160,19,6,13,2024-12-19 09:50:16
500101201,19,5,14,2024-12-19 09:36:15
500104088,19,5,14,2024-12-19 10:36:14
500107131,19,4,15,2024-12-19 12:44:14
500110049,19,4,15,2024-12-19 11:50:16
500104098,19,2,16,2024-12-19 09:38:14
500106104,19,3,16,2024-12-19 09:09:15
500107031,19,3,16,2024-12-19 10:27:16
500107131,19,3,16,2024-12-19 11:47:16
500110049,19,3,16,2024-12-19 12:37:15
500110049,19,3,16,2024-12-19 11:48:15
500110049,19,2,16,2024-12-19 10:16:15
500113081,19,3,16,2024-12-19 12:26:15
500101186,19,1,17,2024-12-19 11:43:15
500101186,19,1,17,2024-12-19 12:06:14
500101201,19,2,17,2024-12-19 09:56:16
500104088,19,2,17,2024-12-19 12:06:16
500106104,19,2,17,2024-12-19 11:25:15
500107131,19,2,17,2024-12-19 12:05:17
500101157,19,1,18,2024-12-19 12:07:16
500101186,19,0,18,2024-12-19 09:27:15
500108021,19,0,18,2024-12-19 09:55:16
500111030,19,1,18,2024-12-19 08:52:16
500112061,19,0,18,2024-12-19 09:23:15
500112061,19,0,18,2024-12-19 10:50:18
500101186,19,19,0,2024-12-19 19:54:15
500101186,19,19,0,2024-12-19 20:35:16
500112061,19,18,0,2024-12-19 19:38:15
500110049,19,18,1,2024-12-19 18:38:16
500101186,19,17,2,2024-12-19 20:48:15
500101186,19,17,2,2024-12-19 21:17:15
500110049,19,17,2,2024-12-19 18:14:15
500112061,19,15,3,2024-12-19 20:58:15
500112080,19,11,5,2024-12-19 20:59:15
500119079,19,14,5,2024-12-19 19:44:14
500106060,19,11,7,2024-12-19 19:16:15
500107131,19,12,7,2024-12-19 18:06:15
500107131,19,12,7,2024-12-19 19:19:15
500112061,19,11,7,2024-12-19 18:29:16
500112080,19,9,7,2024-12-19 20:13:15
500105037,19,11,8,2024-12-19 19:48:15
500105037,19,11,8,2024-12-19 17:50:16
500106104,19,11,8,2024-12-19 17:27:16
500108021,19,11,8,2024-12-19 19:38:15
500111053,19,11,8,2024-12-19 18:27:15
500111053,19,11,8,2024-12-19 18:55:17
500113020,19,11,8,2024-12-19 17:55:17
500105037,19,10,9,2024-12-19 18:02:15
500111053,19,10,9,2024-12-19 20:04:15
500108160,19,9,10,2024-12-19 17:49:15
500110006,19,8,10,2024-12-19 17:58:15
500111030,19,9,10,2024-12-19 18:57:15
500104098,19,7,11,2024-12-19 20:54:15
500113020,19,6,11,2024-12-19 19:04:15
500108021,19,7,12,2024-12-19 17:47:16
500101186,19,6,13,2024-12-19 17:35:16
500119053,19,1,13,2024-12-19 17:38:16
500104088,19,5,14,2024-12-19 20:57:16
500119053,19,5,14,2024-12-19 18:41:15
500101157,19,4,15,2024-12-19 18:40:17
500104088,19,4,15,2024-12-19 21:03:15
500104098,19,2,16,2024-12-19 18:05:16
500106102,19,3,16,2024-12-19 19:19:15
500101157,19,2,17,2024-12-19 20:32:16
500101201,19,1,18,2024-12-19 18:04:16
500107090,19,1,18,2024-12-19 18:15:17
500119053,19,1,18,2024-12-19 20:08:15
500106102,19,0,19,2024-12-19 19:37:16
500107090,19,0,19,2024-12-19 21:07:17
500107090,19,0,19,2024-12-19 18:29:15
500106060,19,16,2,2024-12-19 17:17:16
500119053,19,8,4,2024-12-19 15:48:15
500119053,19,7,5,2024-12-19 15:27:15
500104098,19,11,7,2024-12-19 16:05:16
500106104,19,12,7,2024-12-19 17:08:16
500101186,19,9,10,2024-12-19 16:15:16
500110006,19,7,11,2024-12-19 13:12:15
500113020,19,8,11,2024-12-19 17:12:16
500119053,19,3,11,2024-12-19 17:18:16
500104034,19,4,12,2024-12-19 15:35:16
500113020,19,7,12,2024-12-19 16:03:15
500101157,19,6,13,2024-12-19 13:47:15
500110002,19,6,13,2024-12-19 14:36:15
500113020,19,6,13,2024-12-19 14:16:16
500101201,19,4,15,2024-12-19 15:13:16
500106030,19,4,15,2024-12-19 16:57:16
500107031,19,4,15,2024-12-19 16:48:15
500112061,19,3,15,2024-12-19 16:47:15
500107031,19,3,16,2024-12-19 15:02:15
500106102,19,2,17,2024-12-19 17:07:15
500106102,19,2,17,2024-12-19 15:25:15
500107131,19,2,17,2024-12-19 15:39:15
500113032,19,2,17,2024-12-19 16:45:16
500119079,19,2,17,2024-12-19 17:06:16
500119079,19,0,19,2024-12-19 16:25:18
500119079,19,0,19,2024-12-19 16:36:16
500111098,19,4,11,2024-12-19 21:42:15
500110002,19,4,15,2024-12-19 21:48:15
500119079,19,6,13,2024-12-19 21:46:14
500104098,19,18,0,2024-12-19 07:46:15
500107090,19,19,0,2024-12-19 08:47:15
500106104,19,17,2,2024-12-19 06:37:15
500104088,19,14,5,2024-12-19 06:37:15
500111098,19,12,5,2024-12-19 04:52:15
500107090,19,12,6,2024-12-19 07:59:15
500104088,19,12,7,2024-12-19 07:54:15
500104088,19,11,8,2024-12-19 07:58:15
500105037,19,10,9,2024-12-19 08:51:15
500110049,19,9,9,2024-12-19 07:46:15
500113020,19,10,9,2024-12-19 07:27:15
500104088,19,9,10,2024-12-19 08:17:15
500104088,19,9,10,2024-12-19 08:22:14
500113032,19,9,10,2024-12-19 06:41:15
500113032,19,8,11,2024-12-19 06:21:15
500101201,19,7,12,2024-12-19 07:36:15
500106060,19,6,12,2024-12-19 07:11:14
500108021,19,6,12,2024-12-19 06:56:15
500112061,19,2,12,2024-12-19 08:14:16
500101201,19,6,13,2024-12-19 06:56:15
500104098,19,4,14,2024-12-19 08:15:16
500111098,19,5,14,2024-12-19 08:33:16
500113020,19,5,14,2024-12-19 08:35:16
500111053,19,3,15,2024-12-19 08:15:15
500104098,19,2,16,2024-12-19 08:33:16
500106104,19,2,17,2024-12-19 08:35:16
500108021,19,1,17,2024-12-19 07:47:14
500112061,19,1,17,2024-12-19 08:46:15
500106030,19,1,18,2024-12-19 06:23:15
500108021,19,0,18,2024-12-19 07:51:15
500110002,19,1,18,2024-12-19 05:06:15
500110006,19,0,18,2024-12-19 05:48:14
500110006,19,0,18,2024-12-19 06:16:15
500101201,19,8,11,2024-12-19 23:25:16
500104034,19,3,13,2024-12-19 00:46:15
500110006,19,3,16,2024-12-19 00:12:14
500106060,19,8,10,2024-12-19 23:43:14
500104034,19,0,16,2024-12-19 21:04:16
500107031,19,8,8,2024-12-19 23:15:15
500101157,19,4,15,2024-12-19 01:15:15
500110006,19,2,16,2024-12-19 23:17:14
500108160,19,6,13,2024-12-19 22:35:16
500110049,19,15,3,2024-12-19 23:07:14
500112080,19,12,4,2024-12-19 22:39:15
500101157,19,12,7,2024-12-19 22:31:16
500106104,19,16,3,2024-12-19 22:23:15
500113020,19,10,7,2024-12-19 21:33:16
500113032,19,11,8,2024-12-19 20:43:15
500112061,19,17,1,2024-12-19 21:31:15
500107131,19,1,18,2024-12-19 02:21:15
500108021,19,17,2,2024-12-19 02:02:15
500108061,19,6,6,2024-12-19 04:24:15
500113032,19,9,10,2024-12-19 21:55:16
500110049,19,19,0,2024-12-19 21:51:16
500101201,19,2,17,2024-12-19 21:59:15
500110049,19,3,15,2024-12-19 01:42:14
500101201,19,7,12,2024-12-19 02:02:15
500106060,19,5,13,2024-12-19 02:15:15
500107031,19,9,7,2024-12-19 22:46:15
500110049,19,10,8,2024-12-19 04:34:15
500112061,19,10,6,2024-12-19 23:20:15
500104098,19,18,0,2024-12-19 12:04:15
500106060,19,18,0,2024-12-19 10:19:15
500119053,19,9,0,2024-12-19 09:18:15
500104098,19,17,1,2024-12-19 11:18:16
500106060,19,17,1,2024-12-19 09:24:15
500106060,19,17,1,2024-12-19 11:28:16
500119053,19,8,1,2024-12-19 11:45:15
500107090,19,16,2,2024-12-19 11:20:17
500105037,19,15,4,2024-12-19 12:04:16
500106030,19,15,4,2024-12-19 09:46:15
500101201,19,14,5,2024-12-19 11:17:15
500105037,19,14,5,2024-12-19 10:39:15
500106030,19,14,5,2024-12-19 09:58:15
500108061,19,11,7,2024-12-19 11:56:16
500108160,19,10,9,2024-12-19 11:57:16
500110002,19,9,10,2024-12-19 09:35:16
500111030,19,9,10,2024-12-19 09:34:15
500112080,19,6,10,2024-12-19 11:16:15
500104034,19,5,11,2024-12-19 09:45:15
500110002,19,8,11,2024-12-19 09:03:14
500110002,19,8,11,2024-12-19 10:07:16
500106102,19,7,12,2024-12-19 10:44:16
500113020,19,7,12,2024-12-19 12:55:16
500106104,19,5,14,2024-12-19 09:43:15
500107031,19,5,14,2024-12-19 12:43:15
500107031,19,4,14,2024-12-19 09:25:16
500107031,19,5,14,2024-12-19 09:55:17
500110006,19,4,14,2024-12-19 12:25:16
500101157,19,4,15,2024-12-19 10:17:16
500101186,19,3,15,2024-12-19 09:04:15
500101201,19,4,15,2024-12-19 09:43:15
500108061,19,0,15,2024-12-19 09:00:20
500101186,19,2,16,2024-12-19 12:28:15
500104034,19,0,16,2024-12-19 08:47:15
500110049,19,2,16,2024-12-19 09:24:15
500106102,19,2,17,2024-12-19 12:38:15
500111053,19,2,17,2024-12-19 09:55:17
500112061,19,1,17,2024-12-19 11:08:15
500119079,19,2,17,2024-12-19 11:16:15
500101157,19,1,18,2024-12-19 11:38:14
500101201,19,1,18,2024-12-19 09:58:14
500108021,19,0,18,2024-12-19 10:48:15
500119079,19,1,18,2024-12-19 11:08:15
500119079,19,0,19,2024-12-19 09:24:15
500110049,19,19,0,2024-12-19 18:53:15
500110049,19,19,0,2024-12-19 20:58:15
500119079,19,19,0,2024-12-19 18:28:15
500110002,19,18,1,2024-12-19 18:29:16
500110002,19,17,2,2024-12-19 18:58:16
500101186,19,16,3,2024-12-19 18:38:15
500110002,19,16,3,2024-12-19 18:38:16
500112061,19,15,3,2024-12-19 18:58:16
500106060,19,14,4,2024-12-19 17:36:15
500107031,19,15,4,2024-12-19 18:36:16
500112061,19,14,4,2024-12-19 21:06:15
500106060,19,12,6,2024-12-19 20:59:15
500106104,19,13,6,2024-12-19 18:08:16
500108061,19,10,6,2024-12-19 19:12:15
500101186,19,12,7,2024-12-19 18:22:15
500119079,19,12,7,2024-12-19 19:50:16
500110049,19,11,8,2024-12-19 17:36:15
500113020,19,11,8,2024-12-19 18:05:16
500101186,19,10,9,2024-12-19 18:14:15
500104034,19,7,9,2024-12-19 17:48:15
500105037,19,10,9,2024-12-19 19:22:16
500108061,19,10,9,2024-12-19 17:55:17
500110006,19,9,9,2024-12-19 19:06:15
500110006,19,9,9,2024-12-19 19:38:14
500111030,19,10,9,2024-12-19 19:00:18
500112080,19,7,9,2024-12-19 19:35:16
500119079,19,10,9,2024-12-19 20:08:15
500119079,19,10,9,2024-12-19 21:14:15
500101157,19,9,10,2024-12-19 18:17:15
500104034,19,6,10,2024-12-19 17:55:16
500104034,19,6,10,2024-12-19 18:34:15
500108160,19,9,10,2024-12-19 19:45:16
500111053,19,9,10,2024-12-19 17:39:15
500119079,19,9,10,2024-12-19 21:09:15
500107031,19,5,11,2024-12-19 21:01:15
500108087,19,8,11,2024-12-19 19:53:15
500108160,19,8,11,2024-12-19 19:04:15
500111053,19,8,11,2024-12-19 16:32:15
500113020,19,6,11,2024-12-19 21:09:16
500101201,19,7,12,2024-12-19 19:49:15
500104088,19,7,12,2024-12-19 19:45:16
500107031,19,7,12,2024-12-19 17:59:14
500108061,19,7,12,2024-12-19 17:26:15
500107031,19,3,13,2024-12-19 19:49:15
500104098,19,4,14,2024-12-19 17:48:15
500110002,19,5,14,2024-12-19 19:28:15
500101201,19,4,15,2024-12-19 20:59:15
500106102,19,4,15,2024-12-19 19:04:15
500104088,19,3,16,2024-12-19 20:17:15
500119053,19,3,16,2024-12-19 19:56:15
500104098,19,1,17,2024-12-19 19:10:17
500106030,19,2,17,2024-12-19 18:15:17
500119053,19,2,17,2024-12-19 19:32:15
500104098,19,0,18,2024-12-19 18:58:16
500113081,19,1,18,2024-12-19 16:31:15
500106030,19,0,19,2024-12-19 18:46:15
500106060,19,16,2,2024-12-19 15:47:15
500106060,19,14,4,2024-12-19 13:54:15
500104098,19,13,5,2024-12-19 14:14:14
500105037,19,13,6,2024-12-19 16:58:14
500108061,19,11,8,2024-12-19 16:11:15
500108061,19,10,8,2024-12-19 13:29:15
500108061,19,11,8,2024-12-19 16:53:15
500101186,19,10,9,2024-12-19 15:56:15
500101186,19,8,11,2024-12-19 15:27:15
500112080,19,5,11,2024-12-19 16:06:15
500113020,19,8,11,2024-12-19 15:44:15
500101186,19,7,12,2024-12-19 13:46:16
500106104,19,7,12,2024-12-19 15:41:15
500110002,19,7,12,2024-12-19 17:18:16
500101186,19,6,13,2024-12-19 16:35:15
500101186,19,6,13,2024-12-19 16:47:15
500108021,19,6,13,2024-12-19 16:47:15
500110006,19,5,13,2024-12-19 14:09:16
500110006,19,5,13,2024-12-19 14:46:15
500111030,19,6,13,2024-12-19 17:06:16
500101157,19,5,14,2024-12-19 16:56:15
500101157,19,5,14,2024-12-19 14:45:15
500101157,19,4,15,2024-12-19 14:24:15
500104088,19,4,15,2024-12-19 16:35:15
500108160,19,4,15,2024-12-19 15:15:15
500110049,19,4,15,2024-12-19 16:35:15
500112061,19,3,15,2024-12-19 13:44:15
500112061,19,3,15,2024-12-19 17:17:16
500112061,19,2,16,2024-12-19 16:37:15
500101201,19,2,17,2024-12-19 16:26:15
500107131,19,2,17,2024-12-19 14:07:15
500108021,19,1,17,2024-12-19 15:04:15
500110006,19,1,17,2024-12-19 16:04:15
500110006,19,1,17,2024-12-19 16:28:15
500119079,19,2,17,2024-12-19 15:07:15
500108061,19,7,4,2024-12-19 21:40:16
500106060,19,18,0,2024-12-19 08:57:16
500107031,19,18,0,2024-12-19 07:57:15
500107090,19,19,0,2024-12-19 08:48:15
500107090,19,13,5,2024-12-19 08:26:15
500110006,19,13,5,2024-12-19 07:27:15
500108021,19,12,6,2024-12-19 06:17:14
500112080,19,8,6,2024-12-19 06:10:16
500113020,19,13,6,2024-12-19 06:12:15
500110006,19,11,7,2024-12-19 07:16:15
500112080,19,7,7,2024-12-19 08:17:15
500113020,19,12,7,2024-12-19 06:49:14
500107031,19,6,8,2024-12-19 07:47:15
500108021,19,10,8,2024-12-19 06:47:15
500111098,19,9,8,2024-12-19 06:56:15
500111030,19,10,9,2024-12-19 06:51:15
500119053,19,10,9,2024-12-19 07:45:16
500104034,19,6,10,2024-12-19 05:56:14
500104098,19,8,10,2024-12-19 05:42:15
500104098,19,7,11,2024-12-19 05:34:15
500110049,19,7,11,2024-12-19 07:50:16
500101201,19,7,12,2024-12-19 07:14:15
500101201,19,7,12,2024-12-19 07:27:15
500101186,19,5,13,2024-12-19 08:35:16
500111053,19,5,13,2024-12-19 06:14:15
500111053,19,5,13,2024-12-19 08:01:15
500108087,19,3,14,2024-12-19 07:48:15
500112061,19,3,15,2024-12-19 08:53:15
500101157,19,3,16,2024-12-19 08:44:16
500107090,19,3,16,2024-12-19 06:54:16
500101186,19,1,17,2024-12-19 07:57:16
500107090,19,2,17,2024-12-19 06:24:15
500106102,19,1,18,2024-12-19 06:17:14
500107090,19,1,18,2024-12-19 05:17:15
500107090,19,1,18,2024-12-19 06:37:15
500110002,19,1,18,2024-12-19 05:08:14
500110006,19,0,18,2024-12-19 05:50:17
500110006,19,0,18,2024-12-19 06:05:17
500119079,19,1,18,2024-12-19 08:19:15
500101186,19,8,11,2024-12-19 00:15:16
500112061,19,7,5,2024-12-19 00:28:15
500101157,19,13,6,2024-12-19 23:46:15
500101201,19,10,9,2024-12-19 00:13:15
500112080,19,6,8,2024-12-19 00:26:15
500106030,19,1,18,2024-12-19 23:50:15
500105037,19,14,5,2024-12-19 23:25:16
500113032,19,9,9,2024-12-19 23:24:15
500107090,19,1,18,2024-12-19 00:52:15
500111098,19,13,4,2024-12-19 01:02:15
500110002,19,2,17,2024-12-19 23:05:15
500113081,19,8,11,2024-12-19 22:52:15
500101201,19,9,10,2024-12-19 22:57:15
500110002,19,4,15,2024-12-19 22:36:14
500108021,19,9,10,2024-12-19 22:33:15
500107131,19,12,7,2024-12-19 22:32:15
500106030,19,2,17,2024-12-19 21:32:15
500105037,19,12,7,2024-12-19 21:37:15
500113081,19,5,14,2024-12-19 02:15:15
500113032,19,11,8,2024-12-19 02:38:14
500101186,19,14,5,2024-12-19 02:56:15
500107031,19,10,4,2024-12-19 03:19:15
500110002,19,2,17,2024-12-19 22:06:15
500101186,19,13,6,2024-12-19 22:06:15
500112061,19,18,0,2024-12-19 21:42:15
500119053,19,0,19,2024-12-19 21:58:15
500106030,19,3,16,2024-12-19 21:46:14
500110002,19,6,13,2024-12-19 21:59:15
500110006,19,4,14,2024-12-19 23:38:15
500108021,19,8,11,2024-12-19 23:21:15
500107031,19,10,4,2024-12-19 00:15:15
500119079,19,10,9,2024-12-19 01:03:15
500110002,19,2,17,2024-12-19 22:44:15
500104098,19,7,11,2024-12-19 22:47:15
500107131,19,13,6,2024-12-19 22:42:15
500107131,19,8,11,2024-12-19 23:06:15
500119079,19,8,11,2024-12-19 22:21:15
500108021,19,11,8,2024-12-19 22:23:15
500110049,19,14,4,2024-12-19 22:57:15
500101186,19,14,5,2024-12-19 22:56:15
500106060,19,18,0,2024-12-19 09:01:17
500119053,19,8,1,2024-12-19 10:16:15
500106060,19,16,2,2024-12-19 10:44:16
500119053,19,7,2,2024-12-19 12:26:15
500101201,19,16,3,2024-12-19 11:36:15
500107090,19,14,5,2024-12-19 10:18:15
500105037,19,12,7,2024-12-19 09:31:15
500106030,19,12,7,2024-12-19 12:38:15
500106030,19,12,7,2024-12-19 11:10:17
500101201,19,11,8,2024-12-19 10:52:15
500106030,19,11,8,2024-12-19 11:37:15
500108061,19,10,8,2024-12-19 09:57:15
500106102,19,10,9,2024-12-19 10:17:16
500108061,19,9,9,2024-12-19 10:12:15
500112080,19,7,9,2024-12-19 09:06:14
500104034,19,6,10,2024-12-19 11:33:16
500104034,19,6,10,2024-12-19 12:07:16
500104088,19,9,10,2024-12-19 09:33:15
500106102,19,9,10,2024-12-19 11:56:15
500112080,19,6,10,2024-12-19 09:22:15
500104098,19,7,11,2024-12-19 10:18:15
500101201,19,7,12,2024-12-19 09:06:15
500107031,19,6,13,2024-12-19 11:38:14
500110002,19,6,13,2024-12-19 11:57:16
500106102,19,5,14,2024-12-19 12:15:16
500107131,19,5,14,2024-12-19 09:34:15
500110006,19,4,14,2024-12-19 11:57:16
500113020,19,5,14,2024-12-19 11:11:15
500104034,19,1,15,2024-12-19 09:27:15
500106102,19,4,15,2024-12-19 11:03:16
500106104,19,4,15,2024-12-19 10:04:16
500107131,19,4,15,2024-12-19 12:29:16
500101157,19,3,16,2024-12-19 10:35:16
500107031,19,3,16,2024-12-19 10:18:15
500112061,19,2,16,2024-12-19 09:45:15
500101201,19,2,17,2024-12-19 10:18:15
500106104,19,2,17,2024-12-19 10:43:15
500108021,19,0,18,2024-12-19 09:27:15
500112061,19,0,18,2024-12-19 11:58:15
500119079,19,1,18,2024-12-19 12:57:15
500119079,19,0,19,2024-12-19 10:58:16
500108061,19,16,0,2024-12-19 21:07:17
500112061,19,18,0,2024-12-19 19:40:19
500110002,19,18,1,2024-12-19 18:18:16
500112061,19,17,1,2024-12-19 20:47:14
500119079,19,18,1,2024-12-19 18:38:16
500119079,19,17,2,2024-12-19 18:48:15
500101186,19,16,3,2024-12-19 21:08:15
500106104,19,16,3,2024-12-19 21:09:16
500107131,19,16,3,2024-12-19 21:19:16
500110002,19,16,3,2024-12-19 19:07:15
500110002,19,15,4,2024-12-19 17:47:16
500112080,19,11,5,2024-12-19 21:15:16
500101201,19,13,6,2024-12-19 20:07:15
500111098,19,12,6,2024-12-19 20:33:15
500112080,19,10,6,2024-12-19 20:47:15
500113020,19,11,6,2024-12-19 20:20:16
500113020,19,13,6,2024-12-19 17:43:15
500112080,19,9,7,2024-12-19 18:58:15
500113020,19,12,7,2024-12-19 18:18:16
500108061,19,3,8,2024-12-19 21:18:15
500108021,19,10,9,2024-12-19 20:04:16
500112080,19,6,10,2024-12-19 18:46:15
500107131,19,8,11,2024-12-19 17:55:17
500108021,19,8,11,2024-12-19 20:17:15
500110002,19,8,11,2024-12-19 21:07:16
500112080,19,5,11,2024-12-19 18:25:17
500101157,19,7,12,2024-12-19 17:37:16
500106102,19,7,12,2024-12-19 18:37:15
500101201,19,6,13,2024-12-19 20:39:16
500108061,19,6,13,2024-12-19 17:36:15
500110002,19,6,13,2024-12-19 19:58:15
500111030,19,6,13,2024-12-19 18:16:16
500104034,19,2,14,2024-12-19 20:26:16
500106102,19,5,14,2024-12-19 17:48:15
500110002,19,5,14,2024-12-19 20:13:15
500104034,19,1,15,2024-12-19 20:08:14
500107090,19,4,15,2024-12-19 19:54:15
500107090,19,4,15,2024-12-19 18:01:16
500108061,19,4,15,2024-12-19 18:08:16
500101201,19,3,16,2024-12-19 17:58:16
500101201,19,3,16,2024-12-19 20:42:15
500104098,19,1,17,2024-12-19 20:09:15
500104098,19,1,17,2024-12-19 18:48:16
500106030,19,2,17,2024-12-19 17:33:16
500106102,19,2,17,2024-12-19 20:24:15
500119053,19,1,18,2024-12-19 18:54:15
500101157,19,0,19,2024-12-19 20:22:15
500106102,19,0,19,2024-12-19 20:55:17
500119053,19,12,0,2024-12-19 13:18:14
500119053,19,12,0,2024-12-19 14:22:16
500119053,19,8,4,2024-12-19 15:35:16
500104098,19,12,6,2024-12-19 15:57:15
500119053,19,6,6,2024-12-19 15:17:16
500104034,19,8,8,2024-12-19 13:51:15
500104034,19,7,9,2024-12-19 14:15:16
500112080,19,7,9,2024-12-19 15:51:15
500104098,19,8,10,2024-12-19 16:37:15
500111098,19,9,10,2024-12-19 13:59:14
500101201,19,8,11,2024-12-19 14:17:15
500101201,19,8,11,2024-12-19 14:23:15
500106104,19,8,11,2024-12-19 15:56:15
500110049,19,7,12,2024-12-19 17:17:16
500113020,19,7,12,2024-12-19 15:56:15
500101186,19,6,13,2024-12-19 13:38:15
500106030,19,6,13,2024-12-19 16:28:15
500107090,19,6,13,2024-12-19 16:10:16
500108160,19,6,13,2024-12-19 13:43:15
500110006,19,5,13,2024-12-19 17:17:16
500104088,19,5,14,2024-12-19 17:09:15
500107031,19,5,14,2024-12-19 13:48:16
500110002,19,5,14,2024-12-19 16:26:15
500101201,19,3,16,2024-12-19 15:07:15
500104088,19,3,16,2024-12-19 15:43:15
500104088,19,3,16,2024-12-19 15:00:17
500110002,19,3,16,2024-12-19 15:01:16
500113032,19,3,16,2024-12-19 15:57:15
500107131,19,2,17,2024-12-19 13:47:15
500110006,19,1,17,2024-12-19 16:52:15
500113081,19,2,17,2024-12-19 16:18:16
500112061,19,0,18,2024-12-19 15:32:16
500119079,19,1,18,2024-12-19 14:37:14
500119079,19,0,19,2024-12-19 13:15:15
500119079,19,0,19,2024-12-19 13:33:15
500113032,19,10,9,2024-12-19 21:45:15
500104088,19,15,4,2024-12-19 05:54:15
500104098,19,13,5,2024-12-19 07:08:15
500113020,19,13,6,2024-12-19 06:43:15
500108061,19,5,7,2024-12-19 06:45:16
500110049,19,11,7,2024-12-19 06:56:15
500112080,19,9,7,2024-12-19 08:40:17
500119053,19,2,7,2024-12-19 08:56:16
500101186,19,10,8,2024-12-19 07:34:14
500105037,19,11,8,2024-12-19 06:51:15
500112061,19,3,8,2024-12-19 07:13:15
500111030,19,9,10,2024-12-19 07:16:15
500106102,19,7,12,2024-12-19 08:56:15
500108087,19,5,12,2024-12-19 07:11:15
500111098,19,5,12,2024-12-19 07:27:15
500106030,19,6,13,2024-12-19 07:11:15
500112061,19,1,13,2024-12-19 08:03:15
500106060,19,4,14,2024-12-19 07:37:15
500106104,19,5,14,2024-12-19 08:03:15
500111053,19,4,14,2024-12-19 06:40:16
500111053,19,4,14,2024-12-19 07:14:15
500111098,19,3,14,2024-12-19 07:44:14
500101186,19,3,15,2024-12-19 08:56:16
500104098,19,3,15,2024-12-19 08:27:16
500106060,19,3,15,2024-12-19 07:41:15
500106104,19,4,15,2024-12-19 08:17:15
500101186,19,2,16,2024-12-19 08:03:15
500108160,19,3,16,2024-12-19 08:16:15
500110006,19,2,16,2024-12-19 06:27:15
500111098,19,3,16,2024-12-19 08:46:15
500113032,19,3,16,2024-12-19 07:27:14
500106102,19,2,17,2024-12-19 08:47:15
500106102,19,2,17,2024-12-19 04:49:15
500107131,19,2,17,2024-12-19 07:17:14
500110002,19,2,17,2024-12-19 06:04:14
500110006,19,1,17,2024-12-19 05:10:15
500119079,19,2,17,2024-12-19 08:35:16
500107131,19,1,18,2024-12-19 06:38:15
500110006,19,0,18,2024-12-19 08:46:15
500119079,19,1,18,2024-12-19 08:47:15
500119079,19,0,19,2024-12-19 08:54:18
500101186,19,8,11,2024-12-19 00:38:14
500108021,19,4,15,2024-12-19 00:07:15
500110049,19,2,16,2024-12-19 00:18:14
500111098,19,12,5,2024-12-19 00:30:16
500119053,19,6,13,2024-12-19 00:07:16
500119079,19,11,8,2024-12-19 00:56:14
500104034,19,3,13,2024-12-19 00:17:15
500110006,19,2,17,2024-12-19 00:28:14
500119079,19,11,8,2024-12-19 00:02:15
500119079,19,11,8,2024-12-19 00:15:15
500110002,19,1,18,2024-12-19 23:38:15
500108160,19,5,14,2024-12-19 23:59:15
500111098,19,7,8,2024-12-19 23:49:15
500101186,19,14,5,2024-12-19 23:17:14
500101157,19,15,4,2024-12-19 23:54:15
500111053,19,9,10,2024-12-19 01:05:16
500113020,19,14,5,2024-12-19 00:55:16
500106102,19,0,19,2024-12-19 22:14:15
500104088,19,1,18,2024-12-19 22:59:15
500119079,19,7,12,2024-12-19 23:14:15
500106104,19,15,3,2024-12-19 23:06:15
500104088,19,2,17,2024-12-19 22:23:15
500119079,19,7,12,2024-12-19 01:59:15
500101201,19,7,12,2024-12-19 04:18:14
500112080,19,9,5,2024-12-19 03:43:14
500108087,19,10,8,2024-12-19 03:44:15
500106102,19,2,17,2024-12-19 22:03:15
500108021,19,11,8,2024-12-19 22:07:15
500108061,19,8,3,2024-12-19 21:59:15
500107131,19,1,18,2024-12-19 00:45:17
500113032,19,10,9,2024-12-19 00:19:15
500106060,19,7,11,2024-12-19 01:38:15
500119053,19,2,17,2024-12-19 01:58:14
500111053,19,8,10,2024-12-19 04:35:15
500107031,19,11,3,2024-12-19 04:28:15
500110006,19,1,17,2024-12-19 23:07:14
500108061,19,4,10,2024-12-19 23:00:20
500107031,19,6,10,2024-12-19 23:09:15
500108021,19,12,7,2024-12-19 22:10:17
500110006,19,2,17,2024-12-19 03:58:15
500104098,19,9,9,2024-12-19 22:20:15
500101157,19,11,8,2024-12-19 22:20:15
500106030,19,2,17,2024-12-19 23:29:14
500119053,19,9,0,2024-12-19 09:48:15
500119053,19,9,0,2024-12-19 10:31:16
500107090,19,18,1,2024-12-19 09:09:16
500119053,19,8,1,2024-12-19 10:28:15
500104098,19,15,3,2024-12-19 12:35:16
500106060,19,15,3,2024-12-19 12:38:15
500104098,19,14,4,2024-12-19 11:08:15
500107090,19,14,4,2024-12-19 11:46:15
500101201,19,14,5,2024-12-19 12:07:16
500105037,19,13,6,2024-12-19 09:57:15
500108160,19,11,8,2024-12-19 11:40:17
500104034,19,6,10,2024-12-19 09:57:15
500106102,19,8,11,2024-12-19 10:07:16
500108160,19,8,11,2024-12-19 12:32:16
500112080,19,5,11,2024-12-19 09:36:15
500106104,19,6,13,2024-12-19 09:25:16
500106104,19,6,13,2024-12-19 09:36:15
500107031,19,6,13,2024-12-19 10:52:15
500101157,19,5,14,2024-12-19 10:54:15
500101157,19,5,14,2024-12-19 11:20:17
500106102,19,5,14,2024-12-19 10:56:14
500107131,19,5,14,2024-12-19 11:29:15
500110049,19,5,14,2024-12-19 12:54:15
500106102,19,4,15,2024-12-19 12:43:15
500107131,19,4,15,2024-12-19 11:57:16
500112061,19,3,15,2024-12-19 10:05:15
500101201,19,3,16,2024-12-19 09:25:16
500106102,19,3,16,2024-12-19 09:26:15
500106104,19,3,16,2024-12-19 12:54:15
500107131,19,3,16,2024-12-19 10:45:15
500110002,19,3,16,2024-12-19 09:47:15
500110002,19,3,16,2024-12-19 11:15:16
500110006,19,2,16,2024-12-19 10:34:14
500101186,19,1,17,2024-12-19 11:38:15
500106104,19,2,17,2024-12-19 11:38:14
500110006,19,1,17,2024-12-19 10:48:15
500113081,19,2,17,2024-12-19 09:31:15
500119079,19,2,17,2024-12-19 10:18:15
500108021,19,0,18,2024-12-19 08:48:15
500110006,19,0,18,2024-12-19 09:26:15
500110006,19,0,18,2024-12-19 10:57:15
500111098,19,1,18,2024-12-19 11:37:15
500101186,19,19,0,2024-12-19 20:29:16
500110049,19,19,0,2024-12-19 20:23:16
500101186,19,18,1,2024-12-19 18:57:15
500101186,19,18,1,2024-12-19 19:49:15
500108061,19,15,1,2024-12-19 20:49:15
500110049,19,18,1,2024-12-19 19:38:16
500112061,19,15,3,2024-12-19 18:48:15
500119079,19,16,3,2024-12-19 17:52:15
500106104,19,13,6,2024-12-19 19:06:16
500113020,19,13,6,2024-12-19 18:21:16
500106104,19,12,7,2024-12-19 18:36:16
500107131,19,12,7,2024-12-19 19:06:16
500111053,19,12,7,2024-12-19 18:59:15
500111053,19,12,7,2024-12-19 18:48:15
500111098,19,11,7,2024-12-19 20:24:15
500112061,19,11,7,2024-12-19 17:57:15
500105037,19,11,8,2024-12-19 20:40:16
500111030,19,11,8,2024-12-19 19:58:14
500111053,19,11,8,2024-12-19 19:54:15
500101201,19,10,9,2024-12-19 19:37:15
500104098,19,9,9,2024-12-19 17:28:15
500106060,19,9,9,2024-12-19 21:17:15
500108160,19,10,9,2024-12-19 20:03:15
500110002,19,10,9,2024-12-19 17:28:15
500113032,19,10,9,2024-12-19 20:29:15
500101186,19,9,10,2024-12-19 18:07:16
500106060,19,8,10,2024-12-19 18:26:16
500108087,19,9,10,2024-12-19 19:19:15
500108160,19,9,10,2024-12-19 18:19:15
500110002,19,9,10,2024-12-19 19:38:15
500112080,19,6,10,2024-12-19 19:48:14
500112080,19,6,10,2024-12-19 18:13:16
500113032,19,9,10,2024-12-19 20:08:15
500106102,19,8,11,2024-12-19 18:39:16
500107031,19,5,11,2024-12-19 20:21:15
500110002,19,8,11,2024-12-19 21:14:15
500108061,19,4,12,2024-12-19 18:16:16
500110006,19,6,12,2024-12-19 20:09:15
500104088,19,6,13,2024-12-19 19:12:14
500110006,19,5,13,2024-12-19 18:08:16
500110006,19,5,13,2024-12-19 18:57:15
500101201,19,5,14,2024-12-19 21:09:16
500104034,19,2,14,2024-12-19 19:45:16
500106102,19,5,14,2024-12-19 18:58:16
500110006,19,4,14,2024-12-19 20:18:15
500111030,19,5,14,2024-12-19 17:47:16
500112061,19,4,14,2024-12-19 17:35:16
500110006,19,3,15,2024-12-19 21:08:15
500101201,19,3,16,2024-12-19 17:36:15
500107090,19,3,16,2024-12-19 20:05:16
500107131,19,3,16,2024-12-19 17:18:16
500113081,19,3,16,2024-12-19 20:40:16
500101157,19,2,17,2024-12-19 19:51:15
500101157,19,2,17,2024-12-19 19:25:15
500106102,19,2,17,2024-12-19 19:22:15
500104098,19,0,18,2024-12-19 19:53:16
500106102,19,1,18,2024-12-19 20:13:15
500110006,19,0,18,2024-12-19 17:28:16
500101201,19,0,19,2024-12-19 18:57:15
500106060,19,17,1,2024-12-19 16:49:15
500119053,19,12,2,2024-12-19 16:38:15
500119053,19,11,3,2024-12-19 16:45:17
500107090,19,14,4,2024-12-19 13:12:15
500119053,19,8,4,2024-12-19 15:02:15
500107090,19,12,6,2024-12-19 14:25:16
500112080,19,7,9,2024-12-19 13:28:16
500107090,19,8,10,2024-12-19 14:35:15
500108021,19,9,10,2024-12-19 17:17:16
500101186,19,8,11,2024-12-19 14:25:16
500101201,19,8,11,2024-12-19 13:34:16
500101201,19,8,11,2024-12-19 13:40:16
500104034,19,5,11,2024-12-19 17:14:16
500101186,19,7,12,2024-12-19 16:50:17
500101157,19,6,13,2024-12-19 15:48:15
500104098,19,5,13,2024-12-19 17:07:15
500110002,19,6,13,2024-12-19 15:36:15
500101157,19,5,14,2024-12-19 16:27:16
500106102,19,5,14,2024-12-19 13:38:16
500107090,19,5,14,2024-12-19 16:57:16
500108160,19,5,14,2024-12-19 15:20:16
500110049,19,5,14,2024-12-19 16:27:16
500107131,19,4,15,2024-12-19 16:51:16
500108021,19,3,15,2024-12-19 14:18:15
500110006,19,3,15,2024-12-19 17:08:16
500119079,19,4,15,2024-12-19 16:45:17
500101157,19,3,16,2024-12-19 16:46:15
500106102,19,3,16,2024-12-19 14:52:15
500107131,19,3,16,2024-12-19 14:29:15
500110002,19,3,16,2024-12-19 13:35:15
500112061,19,2,16,2024-12-19 16:54:16
500112061,19,2,16,2024-12-19 17:08:16
500112061,19,2,16,2024-12-19 14:46:15
500110002,19,1,18,2024-12-19 17:06:16
500110006,19,0,18,2024-12-19 16:48:16
500112061,19,0,18,2024-12-19 14:54:15
500119079,19,1,18,2024-12-19 13:47:15
500119079,19,0,19,2024-12-19 15:29:15
500106104,19,17,2,2024-12-19 06:00:17
500107090,19,15,3,2024-12-19 08:36:15
500101201,19,15,4,2024-12-19 08:46:15
500107031,19,10,4,2024-12-19 05:16:14
500111098,19,11,6,2024-12-19 05:52:14
500108061,19,8,7,2024-12-19 07:56:15
500105037,19,11,8,2024-12-19 08:02:15
500110002,19,11,8,2024-12-19 07:27:14
500112080,19,8,8,2024-12-19 08:33:15
500104034,19,4,12,2024-12-19 07:22:15
500108061,19,3,12,2024-12-19 08:17:15
500113020,19,7,12,2024-12-19 07:34:15
500106030,19,6,13,2024-12-19 07:37:15
500106060,19,5,13,2024-12-19 06:31:15
500108087,19,4,13,2024-12-19 07:39:15
500119079,19,6,13,2024-12-19 04:53:14
500106060,19,4,14,2024-12-19 08:02:15
500108021,19,4,14,2024-12-19 08:37:15
500108061,19,1,14,2024-12-19 08:19:15
500108160,19,5,14,2024-12-19 06:50:16
500110002,19,5,14,2024-12-19 08:25:16
500110006,19,3,15,2024-12-19 08:27:16
500108087,19,1,16,2024-12-19 08:26:15
500108160,19,2,17,2024-12-19 08:00:17
500111030,19,2,17,2024-12-19 08:40:17
500113081,19,2,17,2024-12-19 05:12:14
500107090,19,1,18,2024-12-19 06:38:16
500104034,19,5,11,2024-12-19 00:18:14
500104098,19,6,12,2024-12-19 23:37:14
500108160,19,2,17,2024-12-19 00:49:15
500107031,19,11,3,2024-12-19 01:12:15
500105037,19,13,6,2024-12-19 23:13:14
500106060,19,0,18,2024-12-19 21:58:16
500110006,19,1,17,2024-12-19 22:26:15
500113081,19,7,12,2024-12-19 22:29:14
500119053,19,1,18,2024-12-19 21:33:16
500107031,19,5,11,2024-12-19 21:31:15
500119079,19,8,11,2024-12-19 21:29:14
500108021,19,10,9,2024-12-19 21:37:15
500111030,19,13,6,2024-12-19 21:36:15
500106104,19,16,3,2024-12-19 21:38:15
500110049,19,4,14,2024-12-19 02:29:14
500108160,19,4,15,2024-12-19 01:34:15
500104098,19,7,11,2024-12-19 01:54:15
500112080,19,8,6,2024-12-19 02:13:15
500106104,19,16,3,2024-12-19 02:30:16
500101186,19,13,5,2024-12-19 03:35:15
500112080,19,15,1,2024-12-19 22:09:15
500119079,19,8,11,2024-12-19 21:52:15
500101201,19,11,8,2024-12-19 01:26:15
500119079,19,10,9,2024-12-19 22:45:15
500113020,19,11,6,2024-12-19 22:40:15
500110002,19,0,19,2024-12-19 04:32:15
500119053,19,1,18,2024-12-19 22:58:15
500110006,19,6,13,2024-12-19 01:29:15
500107090,19,19,0,2024-12-19 10:00:18
500106060,19,17,1,2024-12-19 11:53:16
500119053,19,6,3,2024-12-19 12:05:17
500108061,19,12,6,2024-12-19 09:46:16
500108087,19,11,6,2024-12-19 09:06:15
500104034,19,8,8,2024-12-19 11:53:16
500104034,19,8,8,2024-12-19 11:07:16
500108061,19,10,8,2024-12-19 12:30:16
500108061,19,9,9,2024-12-19 11:48:15
500108160,19,10,9,2024-12-19 12:04:16
500101201,19,8,11,2024-12-19 10:32:15
500106104,19,7,12,2024-12-19 10:26:14
500110002,19,7,12,2024-12-19 10:31:16
500113032,19,7,12,2024-12-19 09:46:16
500113032,19,7,12,2024-12-19 09:54:15
500113032,19,6,13,2024-12-19 11:37:15
500113032,19,5,14,2024-12-19 11:46:15
500104088,19,4,15,2024-12-19 11:38:15
500106102,19,4,15,2024-12-19 09:54:15
500106104,19,4,15,2024-12-19 12:46:15
500110002,19,4,15,2024-12-19 11:08:15
500110049,19,2,16,2024-12-19 10:51:16
500112061,19,2,16,2024-12-19 11:18:16
500101157,19,2,17,2024-12-19 12:40:17
500101186,19,1,17,2024-12-19 11:24:15
500106104,19,2,17,2024-12-19 12:08:15
500101186,19,0,18,2024-12-19 09:29:16
500108021,19,0,18,2024-12-19 10:49:15
500111053,19,0,18,2024-12-19 09:44:15
500111098,19,1,18,2024-12-19 09:23:15
500113081,19,1,18,2024-12-19 12:03:14
500101157,19,0,19,2024-12-19 12:26:16
500101157,19,0,19,2024-12-19 11:55:17
500119079,19,0,19,2024-12-19 13:03:15
500119079,19,0,19,2024-12-19 10:34:15
500112061,19,18,0,2024-12-19 20:04:16
500112061,19,18,0,2024-12-19 20:21:15
500112061,19,18,0,2024-12-19 19:14:16
500101186,19,18,1,2024-12-19 20:08:15
500112061,19,17,1,2024-12-19 19:59:16
500106104,19,17,2,2024-12-19 19:36:15
500108061,19,14,2,2024-12-19 20:26:16
500119079,19,17,2,2024-12-19 17:47:16
500119079,19,17,2,2024-12-19 18:58:16
500110049,19,15,4,2024-12-19 17:47:16
500106060,19,13,5,2024-12-19 19:38:14
500112080,19,11,5,2024-12-19 20:38:15
500119079,19,14,5,2024-12-19 17:38:16
500111098,19,13,6,2024-12-19 17:35:15
500101201,19,12,7,2024-12-19 19:56:15
500105037,19,12,7,2024-12-19 17:19:15
500106060,19,11,7,2024-12-19 20:12:15
500106060,19,11,7,2024-12-19 20:21:15
500107131,19,12,7,2024-12-19 19:27:15
500107131,19,12,7,2024-12-19 19:45:16
500108021,19,12,7,2024-12-19 18:47:16
500110002,19,12,7,2024-12-19 17:57:15
500111030,19,12,7,2024-12-19 19:47:15
500101201,19,11,8,2024-12-19 20:11:16
500104034,19,8,8,2024-12-19 18:14:15
500107031,19,11,8,2024-12-19 18:25:16
500108061,19,8,8,2024-12-19 18:45:16
500111030,19,11,8,2024-12-19 19:14:15
500119079,19,11,8,2024-12-19 20:43:15
500106060,19,9,9,2024-12-19 18:44:15
500108021,19,10,9,2024-12-19 19:29:15
500108087,19,10,9,2024-12-19 16:19:15
500112061,19,9,9,2024-12-19 18:11:16
500119053,19,10,9,2024-12-19 18:15:17
500119079,19,10,9,2024-12-19 20:24:15
500119079,19,10,9,2024-12-19 20:56:15
500108061,19,9,10,2024-12-19 17:48:15
500111098,19,8,10,2024-12-19 20:01:15
500113020,19,9,10,2024-12-19 17:32:15
500119079,19,9,10,2024-12-19 21:20:16
500101157,19,8,11,2024-12-19 17:53:15
500104098,19,7,11,2024-12-19 17:35:16
500108021,19,8,11,2024-12-19 19:53:15
500111098,19,7,11,2024-12-19 18:34:15
500112080,19,5,11,2024-12-19 18:05:15
500113020,19,8,11,2024-12-19 17:23:15
500104088,19,7,12,2024-12-19 18:58:16
500104088,19,7,12,2024-12-19 18:29:16
500107031,19,4,12,2024-12-19 20:08:14
500101201,19,6,13,2024-12-19 18:29:16
500119053,19,6,13,2024-12-19 18:28:16
500101201,19,5,14,2024-12-19 19:24:15
500104088,19,5,14,2024-12-19 17:25:15
500110002,19,5,14,2024-12-19 19:49:15
500110006,19,4,14,2024-12-19 18:38:15
500113081,19,5,14,2024-12-19 20:56:15
500101157,19,4,15,2024-12-19 21:05:15
500101186,19,4,15,2024-12-19 17:28:15
500106030,19,4,15,2024-12-19 17:23:15
500110006,19,2,16,2024-12-19 20:59:15
500111098,19,2,16,2024-12-19 20:57:16
500101157,19,2,17,2024-12-19 20:51:16
500110006,19,1,17,2024-12-19 20:48:15
500113081,19,2,17,2024-12-19 20:01:15
500101201,19,1,18,2024-12-19 17:26:15
500101201,19,1,18,2024-12-19 17:44:15
500107090,19,1,18,2024-12-19 20:19:15
500108061,19,11,7,2024-12-19 15:04:15
500119053,19,5,7,2024-12-19 16:12:15
500119079,19,11,8,2024-12-19 13:51:15
500104098,19,9,9,2024-12-19 16:19:15
500111098,19,10,9,2024-12-19 15:39:15
500101186,19,9,10,2024-12-19 16:24:15
500101186,19,7,11,2024-12-19 13:17:15
500110006,19,7,11,2024-12-19 14:31:15
500113020,19,8,11,2024-12-19 16:36:15
500101157,19,7,12,2024-12-19 16:05:16
500107090,19,6,12,2024-12-19 15:59:15
500111030,19,7,12,2024-12-19 16:17:15
500101157,19,6,13,2024-12-19 16:18:16
500101157,19,6,13,2024-12-19 17:01:16
500101157,19,6,13,2024-12-19 15:08:15
500101201,19,6,13,2024-12-19 14:36:15
500110006,19,5,13,2024-12-19 14:58:15
500110006,19,5,13,2024-12-19 15:08:14
500113020,19,6,13,2024-12-19 17:08:15
500107031,19,5,14,2024-12-19 16:22:16
500107031,19,5,14,2024-12-19 14:31:15
500119079,19,5,14,2024-12-19 14:17:15
500104088,19,4,15,2024-12-19 16:53:15
500107031,19,4,15,2024-12-19 15:37:16
500107031,19,4,15,2024-12-19 13:59:15
500110002,19,4,15,2024-12-19 14:56:15
500113032,19,4,15,2024-12-19 17:16:16
500104088,19,3,16,2024-12-19 16:24:15
500106102,19,3,16,2024-12-19 15:33:15
500108021,19,2,16,2024-12-19 14:43:14
500110006,19,2,16,2024-12-19 15:52:15
500110049,19,3,16,2024-12-19 15:23:15
500110049,19,3,16,2024-12-19 15:04:15
500101201,19,1,18,2024-12-19 17:06:16
500106102,19,1,18,2024-12-19 17:17:15
500119079,19,1,18,2024-12-19 15:59:15
500119053,19,2,17,2024-12-19 21:49:15
500108021,19,11,8,2024-12-19 21:44:15
500106030,19,19,0,2024-12-19 08:37:15
500112061,19,14,0,2024-12-19 07:25:17
500110006,19,16,2,2024-12-19 07:37:15
500106060,19,15,3,2024-12-19 08:47:15
500119053,19,16,3,2024-12-19 07:57:16
500112061,19,6,5,2024-12-19 06:40:16
500104098,19,12,6,2024-12-19 06:36:14
500104098,19,12,6,2024-12-19 06:13:14
500111098,19,10,7,2024-12-19 06:41:15
500112061,19,7,7,2024-12-19 07:46:15
500101186,19,10,8,2024-12-19 07:25:15
500101201,19,11,8,2024-12-19 08:57:15
500107090,19,10,8,2024-12-19 08:17:15
500106060,19,8,10,2024-12-19 08:27:15
500108087,19,7,10,2024-12-19 06:36:14
500119079,19,9,10,2024-12-19 07:53:16
500110002,19,8,11,2024-12-19 07:46:15
500101157,19,7,12,2024-12-19 08:03:15
500106060,19,6,12,2024-12-19 07:25:15
500108160,19,7,12,2024-12-19 08:57:15
500106102,19,6,13,2024-12-19 07:33:15
500111098,19,6,13,2024-12-19 08:22:15
500101157,19,5,14,2024-12-19 08:32:15
500113032,19,5,14,2024-12-19 07:52:15
500106102,19,4,15,2024-12-19 08:14:15
500110049,19,3,15,2024-12-19 08:17:15
500119053,19,4,15,2024-12-19 07:16:15
500104034,19,0,16,2024-12-19 07:47:15
500106102,19,3,16,2024-12-19 06:55:16
500110002,19,3,16,2024-12-19 08:45:16
500110002,19,3,16,2024-12-19 06:51:15
500110006,19,2,16,2024-12-19 08:37:15
500110006,19,2,16,2024-12-19 06:29:15
500101186,19,1,17,2024-12-19 08:45:16
500113081,19,2,17,2024-12-19 08:10:17
500113081,19,2,17,2024-12-19 04:44:14
500106102,19,1,18,2024-12-19 08:37:15
500108021,19,0,18,2024-12-19 07:09:15
500108021,19,0,18,2024-12-19 07:27:15
500110006,19,0,18,2024-12-19 08:17:15
500113081,19,1,18,2024-12-19 07:00:16
500119079,19,1,18,2024-12-19 08:13:15
500107090,19,0,19,2024-12-19 05:30:17
500107131,19,0,19,2024-12-19 07:46:15
500107131,19,0,19,2024-12-19 07:56:15
500110002,19,0,19,2024-12-19 08:16:15
500101157,19,1,18,2024-12-19 00:11:16
500111098,19,10,5,2024-12-19 00:07:16
500112061,19,9,3,2024-12-19 00:39:15
500119053,19,5,14,2024-12-19 00:38:14
500112061,19,11,5,2024-12-19 23:34:14
500106104,19,16,2,2024-12-19 23:47:14
500113020,19,13,6,2024-12-19 00:09:14
500111042,20,7,13,2024-12-19 23:40:15
500107172,20,19,0,2024-12-19 22:45:16
500101119,20,17,3,2024-12-19 23:36:15
500108066,20,4,12,2024-12-19 20:18:15
500112053,20,6,13,2024-12-19 22:55:16
500107006,20,7,12,2024-12-19 22:49:14
500113028,20,16,4,2024-12-19 23:47:14
500101037,20,2,18,2024-12-19 00:56:14
500101241,20,6,14,2024-12-19 00:53:15
500101234,20,7,13,2024-12-19 00:41:14
500111096,20,12,8,2024-12-19 00:34:15
500106002,20,13,7,2024-12-19 01:05:16
500110030,20,15,4,2024-12-19 00:19:15
500113053,20,16,3,2024-12-19 01:12:15
500113056,20,16,4,2024-12-19 00:10:15
500101230,20,18,1,2024-12-19 00:41:15
500108171,20,2,18,2024-12-19 21:33:16
500112001,20,5,9,2024-12-19 22:53:15
500106080,20,8,12,2024-12-19 23:16:15
500109077,20,15,5,2024-12-19 23:12:15
500107066,20,16,3,2024-12-19 22:55:16
500112062,20,17,3,2024-12-19 23:09:15
500107102,20,0,20,2024-12-19 20:35:16
500111029,20,0,20,2024-12-19 21:40:17
500101147,20,1,19,2024-12-19 22:20:17
500107150,20,3,17,2024-12-19 22:27:14
500110015,20,6,13,2024-12-19 22:30:15
500108073,20,6,14,2024-12-19 22:29:14
500101153,20,9,11,2024-12-19 22:14:14
500110030,20,13,6,2024-12-19 22:28:15
500107066,20,14,5,2024-12-19 22:34:15
500107091,20,15,5,2024-12-19 22:12:15
500101094,20,16,4,2024-12-19 22:39:15
500106031,20,4,16,2024-12-19 21:17:15
500103043,20,5,15,2024-12-19 21:34:15
500107172,20,7,12,2024-12-19 21:33:16
500113028,20,7,13,2024-12-19 20:59:15
500101153,20,9,11,2024-12-19 21:39:15
500108052,20,10,10,2024-12-19 20:30:17
500112097,20,14,5,2024-12-19 21:35:16
500103061,20,2,18,2024-12-19 01:24:14
500103045,20,18,2,2024-12-19 01:26:15
500112079,20,5,13,2024-12-19 03:39:14
500101230,20,15,4,2024-12-19 04:22:15
500106002,20,0,20,2024-12-19 21:56:15
500112079,20,8,11,2024-12-19 22:08:14
500110069,20,9,11,2024-12-19 22:07:15
500110020,20,10,10,2024-12-19 22:03:15
500106041,20,12,7,2024-12-19 21:57:15
500110069,20,14,6,2024-12-19 01:21:15
500103045,20,18,2,2024-12-19 01:22:16
500109070,20,1,19,2024-12-19 21:59:15
500107038,20,2,18,2024-12-19 21:59:15
500110015,20,7,12,2024-12-19 21:59:15
500103071,20,8,11,2024-12-19 21:48:16
500101153,20,9,11,2024-12-19 21:56:15
500106080,20,10,10,2024-12-19 21:59:15
500110012,20,11,9,2024-12-19 21:54:15
500101031,20,12,8,2024-12-19 21:55:17
500107038,20,2,18,2024-12-19 23:32:14
500112001,20,6,8,2024-12-19 23:50:15
500107142,20,13,7,2024-12-19 23:28:15
500101031,20,6,14,2024-12-19 00:54:15
500101031,20,7,13,2024-12-19 01:46:14
500110072,20,7,13,2024-12-19 01:27:15
500112063,20,10,8,2024-12-19 01:28:14
500106002,20,14,6,2024-12-19 01:35:15
500101241,20,6,14,2024-12-19 22:47:15
500113013,20,12,7,2024-12-19 23:07:14
500101234,20,2,17,2024-12-19 22:15:16
500112086,20,11,9,2024-12-19 22:16:14
500101119,20,17,3,2024-12-19 22:15:15
500106080,20,6,14,2024-12-19 22:25:15
500103051,20,9,10,2024-12-19 22:26:15
500110030,20,14,5,2024-12-19 22:24:15
500106031,20,1,19,2024-12-19 22:52:15
500107102,20,4,16,2024-12-19 22:53:15
500101094,20,15,5,2024-12-19 22:55:16
500106049,20,3,17,2024-12-19 23:21:15
500112079,20,8,11,2024-12-19 23:28:15
500113013,20,12,7,2024-12-19 23:22:15
500103051,20,17,1,2024-12-19 11:37:15
500119066,20,19,1,2024-12-19 09:37:15
500101028,20,16,2,2024-12-19 12:26:15
500106041,20,18,2,2024-12-19 11:04:15
500111081,20,18,2,2024-12-19 12:38:15
500119066,20,18,2,2024-12-19 10:48:15
500101241,20,17,3,2024-12-19 09:07:15
500106031,20,17,3,2024-12-19 09:45:15
500106041,20,16,3,2024-12-19 11:56:16
500107057,20,16,3,2024-12-19 12:41:15
500113013,20,17,3,2024-12-19 12:41:15
500103043,20,16,4,2024-12-19 11:38:14
500106031,20,16,4,2024-12-19 09:27:15
500106073,20,16,4,2024-12-19 09:15:15
500106099,20,16,4,2024-12-19 10:36:14
500107161,20,15,4,2024-12-19 10:05:16
500108171,20,16,4,2024-12-19 11:46:15
500112079,20,14,4,2024-12-19 12:40:17
500113013,20,16,4,2024-12-19 13:02:15
500101153,20,14,5,2024-12-19 12:36:15
500101214,20,12,6,2024-12-19 12:15:16
500107006,20,14,6,2024-12-19 10:24:15
500107161,20,13,6,2024-12-19 09:06:15
500119066,20,14,6,2024-12-19 11:58:16
500106041,20,12,7,2024-12-19 12:34:14
500106080,20,13,7,2024-12-19 12:57:14
500107102,20,13,7,2024-12-19 09:45:15
500107105,20,13,7,2024-12-19 10:38:15
500110015,20,12,7,2024-12-19 11:27:15
500111055,20,13,7,2024-12-19 12:45:15
500119066,20,13,7,2024-12-19 09:08:15
500103071,20,11,8,2024-12-19 09:02:15
500104047,20,12,8,2024-12-19 09:33:15
500106041,20,11,8,2024-12-19 12:23:16
500107057,20,11,8,2024-12-19 09:46:16
500107057,20,11,8,2024-12-19 11:33:16
500107057,20,11,8,2024-12-19 11:08:15
500107066,20,11,8,2024-12-19 09:32:15
500107105,20,12,8,2024-12-19 12:14:16
500107142,20,12,8,2024-12-19 11:08:15
500108133,20,12,8,2024-12-19 08:43:15
500109084,20,12,8,2024-12-19 10:17:15
500111055,20,12,8,2024-12-19 12:25:16
500113013,20,12,8,2024-12-19 09:00:17
500113070,20,12,8,2024-12-19 09:09:15
500107006,20,11,9,2024-12-19 09:31:15
500107066,20,10,9,2024-12-19 12:28:15
500107142,20,11,9,2024-12-19 11:38:15
500108090,20,11,9,2024-12-19 09:20:15
500113070,20,11,9,2024-12-19 08:31:16
500101119,20,9,10,2024-12-19 10:36:14
500103051,20,9,10,2024-12-19 09:05:15
500106049,20,10,10,2024-12-19 12:28:15
500108074,20,10,10,2024-12-19 10:42:15
500108122,20,10,10,2024-12-19 11:27:15
500109077,20,10,10,2024-12-19 11:57:16
500101119,20,9,11,2024-12-19 12:43:15
500107102,20,9,11,2024-12-19 10:40:15
500108122,20,9,11,2024-12-19 12:05:17
500110012,20,9,11,2024-12-19 09:07:15
500110030,20,7,11,2024-12-19 12:22:16
500112110,20,8,11,2024-12-19 09:42:14
500101147,20,8,12,2024-12-19 09:37:15
500101241,20,8,12,2024-12-19 12:13:15
500101241,20,8,12,2024-12-19 11:24:15
500108040,20,8,12,2024-12-19 10:15:15
500112053,20,7,12,2024-12-19 09:20:16
500112063,20,6,12,2024-12-19 09:42:15
500112107,20,8,12,2024-12-19 12:59:15
500113056,20,7,12,2024-12-19 09:35:16
500101028,20,5,13,2024-12-19 09:54:15
500101028,20,5,13,2024-12-19 10:17:16
500101031,20,7,13,2024-12-19 13:06:15
500103051,20,6,13,2024-12-19 09:26:15
500105048,20,7,13,2024-12-19 09:25:16
500106005,20,7,13,2024-12-19 10:37:16
500107142,20,7,13,2024-12-19 09:08:15
500110069,20,7,13,2024-12-19 12:54:15
500111052,20,7,13,2024-12-19 09:08:15
500111052,20,7,13,2024-12-19 09:36:15
500112101,20,7,13,2024-12-19 12:25:16
500113056,20,6,13,2024-12-19 09:43:15
500101147,20,6,14,2024-12-19 10:20:16
500101230,20,6,14,2024-12-19 12:28:15
500107038,20,6,14,2024-12-19 10:04:15
500111042,20,5,14,2024-12-19 09:28:15
500112110,20,5,14,2024-12-19 11:57:15
500104070,20,5,15,2024-12-19 08:25:16
500107038,20,5,15,2024-12-19 11:27:15
500108190,20,5,15,2024-12-19 11:36:15
500110069,20,5,15,2024-12-19 09:23:15
500110069,20,5,15,2024-12-19 10:03:15
500110069,20,5,15,2024-12-19 10:18:15
500110072,20,5,15,2024-12-19 12:48:15
500110072,20,5,15,2024-12-19 10:37:16
500111042,20,4,15,2024-12-19 09:27:14
500101094,20,4,16,2024-12-19 13:08:15
500106049,20,4,16,2024-12-19 10:58:16
500109070,20,4,16,2024-12-19 09:25:16
500110020,20,4,16,2024-12-19 10:02:14
500110072,20,4,16,2024-12-19 11:56:16
500110079,20,4,16,2024-12-19 11:38:14
500112097,20,4,16,2024-12-19 10:05:16
500113028,20,3,16,2024-12-19 12:20:16
500113028,20,3,16,2024-12-19 12:08:15
500101147,20,3,17,2024-12-19 12:27:15
500101153,20,2,17,2024-12-19 11:37:15
500103038,20,3,17,2024-12-19 09:52:15
500103045,20,3,17,2024-12-19 09:37:15
500106135,20,3,17,2024-12-19 11:47:16
500106135,20,3,17,2024-12-19 10:12:15
500107102,20,3,17,2024-12-19 12:28:15
500107120,20,3,17,2024-12-19 12:21:15
500108190,20,3,17,2024-12-19 12:37:15
500110020,20,3,17,2024-12-19 10:17:16
500112097,20,3,17,2024-12-19 10:40:16
500101036,20,2,18,2024-12-19 12:52:15
500101037,20,2,18,2024-12-19 09:57:15
500101037,20,2,18,2024-12-19 11:18:16
500101094,20,2,18,2024-12-19 11:57:16
500101230,20,2,18,2024-12-19 11:48:15
500101234,20,1,18,2024-12-19 10:28:16
500106002,20,2,18,2024-12-19 11:42:16
500106135,20,0,18,2024-12-19 09:12:16
500108093,20,2,18,2024-12-19 13:05:16
500108093,20,2,18,2024-12-19 11:05:17
500109070,20,2,18,2024-12-19 11:18:16
500109085,20,2,18,2024-12-19 10:17:16
500111027,20,2,18,2024-12-19 09:03:14
500112001,20,2,18,2024-12-19 10:28:15
500112086,20,2,18,2024-12-19 10:16:15
500101094,20,1,19,2024-12-19 09:04:15
500101094,20,1,19,2024-12-19 10:34:15
500103038,20,1,19,2024-12-19 12:14:16
500106002,20,1,19,2024-12-19 12:42:15
500106135,20,1,19,2024-12-19 11:17:17
500107079,20,1,19,2024-12-19 11:55:17
500107136,20,1,19,2024-12-19 10:18:15
500107172,20,0,19,2024-12-19 10:43:15
500109070,20,1,19,2024-12-19 12:35:16
500109070,20,1,19,2024-12-19 09:49:15
500110012,20,1,19,2024-12-19 09:55:17
500110072,20,1,19,2024-12-19 10:10:18
500112001,20,1,19,2024-12-19 09:41:15
500112101,20,1,19,2024-12-19 11:26:15
500101037,20,0,20,2024-12-19 08:59:15
500103045,20,0,20,2024-12-19 10:41:16
500107009,20,0,20,2024-12-19 09:13:15
500107009,20,0,20,2024-12-19 09:54:15
500107136,20,0,20,2024-12-19 11:33:17
500109077,20,20,0,2024-12-19 20:28:15
500109077,20,20,0,2024-12-19 19:22:15
500101010,20,19,1,2024-12-19 17:45:16
500101010,20,19,1,2024-12-19 18:48:15
500107066,20,18,1,2024-12-19 17:52:16
500107142,20,19,1,2024-12-19 18:05:15
500107142,20,19,1,2024-12-19 21:05:16
500106041,20,16,3,2024-12-19 18:43:15
500106135,20,17,3,2024-12-19 17:59:15
500107066,20,16,3,2024-12-19 19:14:16
500107136,20,17,3,2024-12-19 19:23:15
500101028,20,16,4,2024-12-19 17:27:16
500101028,20,16,4,2024-12-19 17:49:15
500101037,20,16,4,2024-12-19 21:08:15
500103043,20,16,4,2024-12-19 18:45:16
500105092,20,16,4,2024-12-19 19:06:15
500106041,20,15,4,2024-12-19 19:16:15
500107136,20,16,4,2024-12-19 19:19:14
500110079,20,16,4,2024-12-19 21:19:16
500101037,20,15,5,2024-12-19 21:12:15
500101230,20,15,5,2024-12-19 17:59:15
500103043,20,15,5,2024-12-19 18:18:16
500104105,20,15,5,2024-12-19 20:15:16
500106041,20,14,5,2024-12-19 19:34:15
500106080,20,15,5,2024-12-19 18:07:16
500106135,20,15,5,2024-12-19 19:07:15
500107161,20,14,5,2024-12-19 19:05:16
500109085,20,15,5,2024-12-19 18:08:16
500101028,20,14,6,2024-12-19 18:07:16
500101094,20,14,6,2024-12-19 18:37:15
500101119,20,14,6,2024-12-19 20:36:15
500101230,20,14,6,2024-12-19 19:29:15
500107057,20,14,6,2024-12-19 17:22:16
500107091,20,14,6,2024-12-19 18:58:16
500109085,20,14,6,2024-12-19 18:36:16
500103051,20,12,7,2024-12-19 18:57:15
500107091,20,13,7,2024-12-19 20:08:14
500108127,20,13,7,2024-12-19 17:40:17
500108146,20,13,7,2024-12-19 20:05:16
500109085,20,13,7,2024-12-19 19:00:18
500109085,20,13,7,2024-12-19 18:56:15
500111040,20,13,7,2024-12-19 18:07:16
500101119,20,12,8,2024-12-19 18:55:17
500103038,20,12,8,2024-12-19 17:56:16
500103051,20,11,8,2024-12-19 20:58:15
500106080,20,12,8,2024-12-19 18:47:16
500107161,20,11,8,2024-12-19 18:46:15
500108014,20,12,8,2024-12-19 20:04:16
500108014,20,12,8,2024-12-19 20:56:15
500108093,20,12,8,2024-12-19 18:36:16
500108133,20,12,8,2024-12-19 20:04:16
500112001,20,8,8,2024-12-19 21:12:15
500112063,20,10,8,2024-12-19 19:36:15
500112097,20,12,8,2024-12-19 18:05:15
500101241,20,11,9,2024-12-19 20:48:15
500103071,20,10,9,2024-12-19 17:31:15
500107006,20,11,9,2024-12-19 18:07:16
500107009,20,11,9,2024-12-19 19:03:15
500107057,20,11,9,2024-12-19 20:41:15
500107136,20,11,9,2024-12-19 20:48:15
500108014,20,11,9,2024-12-19 20:11:16
500110053,20,11,9,2024-12-19 19:17:15
500112086,20,11,9,2024-12-19 18:21:16
500101147,20,10,10,2024-12-19 18:56:15
500101234,20,9,10,2024-12-19 19:19:15
500101234,20,9,10,2024-12-19 18:47:16
500103071,20,9,10,2024-12-19 17:25:16
500106031,20,10,10,2024-12-19 17:26:15
500107006,20,10,10,2024-12-19 21:01:15
500108093,20,10,10,2024-12-19 17:24:15
500111095,20,10,10,2024-12-19 18:58:16
500112053,20,10,10,2024-12-19 17:58:16
500101153,20,9,11,2024-12-19 20:08:15
500101230,20,9,11,2024-12-19 17:27:15
500103071,20,8,11,2024-12-19 20:11:16
500105106,20,8,11,2024-12-19 20:51:16
500106031,20,9,11,2024-12-19 18:07:16
500108073,20,9,11,2024-12-19 20:10:16
500108117,20,9,11,2024-12-19 20:19:14
500108117,20,9,11,2024-12-19 18:18:15
500108122,20,9,11,2024-12-19 18:37:15
500110069,20,9,11,2024-12-19 19:10:17
500110072,20,9,11,2024-12-19 19:57:15
500110079,20,9,11,2024-12-19 18:28:16
500112086,20,9,11,2024-12-19 21:06:15
500103051,20,7,12,2024-12-19 20:29:15
500104070,20,8,12,2024-12-19 20:05:16
500106049,20,8,12,2024-12-19 20:24:15
500106135,20,8,12,2024-12-19 21:15:16
500107006,20,8,12,2024-12-19 19:41:16
500108117,20,8,12,2024-12-19 20:35:16
500110072,20,8,12,2024-12-19 19:49:15
500111040,20,8,12,2024-12-19 19:29:15
500111095,20,8,12,2024-12-19 18:34:15
500103038,20,7,13,2024-12-19 18:44:16
500106049,20,7,13,2024-12-19 17:37:16
500107136,20,7,13,2024-12-19 21:04:15
500110015,20,6,13,2024-12-19 20:51:16
500112101,20,7,13,2024-12-19 21:01:15
500101031,20,6,14,2024-12-19 19:38:15
500101037,20,6,14,2024-12-19 20:12:15
500103061,20,6,14,2024-12-19 20:09:15
500104070,20,6,14,2024-12-19 17:47:16
500110020,20,6,14,2024-12-19 18:33:16
500111040,20,6,14,2024-12-19 20:28:15
500112101,20,6,14,2024-12-19 17:18:16
500112107,20,6,14,2024-12-19 17:28:15
500112107,20,6,14,2024-12-19 19:02:16
500113056,20,6,14,2024-12-19 19:45:16
500101147,20,5,15,2024-12-19 17:27:16
500103019,20,4,15,2024-12-19 18:37:15
500103045,20,5,15,2024-12-19 21:08:15
500103061,20,5,15,2024-12-19 20:12:15
500103061,20,5,15,2024-12-19 19:20:17
500104070,20,5,15,2024-12-19 16:35:15
500106080,20,5,15,2024-12-19 19:35:16
500107105,20,5,15,2024-12-19 18:06:15
500110020,20,5,15,2024-12-19 17:58:15
500111040,20,5,15,2024-12-19 21:07:16
500111052,20,5,15,2024-12-19 18:31:15
500113056,20,5,15,2024-12-19 19:07:15
500101010,20,4,16,2024-12-19 19:59:16
500106002,20,4,16,2024-12-19 18:29:16
500107105,20,4,16,2024-12-19 18:53:15
500108014,20,4,16,2024-12-19 18:47:16
500110012,20,4,16,2024-12-19 19:12:15
500110072,20,4,16,2024-12-19 19:05:16
500110072,20,4,16,2024-12-19 20:47:15
500111042,20,4,16,2024-12-19 19:54:15
500111042,20,4,16,2024-12-19 20:39:16
500111096,20,4,16,2024-12-19 18:34:15
500113028,20,3,16,2024-12-19 18:07:16
500101234,20,2,17,2024-12-19 17:55:17
500111029,20,3,17,2024-12-19 18:15:17
500113013,20,2,17,2024-12-19 20:04:16
500113028,20,2,17,2024-12-19 18:29:16
500113056,20,3,17,2024-12-19 16:21:15
500101031,20,2,18,2024-12-19 21:07:16
500101214,20,2,18,2024-12-19 19:26:15
500106002,20,2,18,2024-12-19 20:54:14
500106049,20,2,18,2024-12-19 18:37:15
500106135,20,2,18,2024-12-19 19:38:16
500106135,20,2,18,2024-12-19 20:49:15
500107120,20,2,18,2024-12-19 17:37:16
500107172,20,1,18,2024-12-19 17:56:16
500110012,20,2,18,2024-12-19 18:34:15
500111029,20,2,18,2024-12-19 18:47:16
500111029,20,2,18,2024-12-19 17:50:16
500119066,20,2,18,2024-12-19 17:42:14
500101241,20,1,19,2024-12-19 18:06:15
500106002,20,1,19,2024-12-19 17:28:15
500106002,20,1,19,2024-12-19 17:36:16
500106049,20,1,19,2024-12-19 18:29:16
500106135,20,1,19,2024-12-19 19:59:17
500107038,20,1,19,2024-12-19 20:27:15
500107172,20,0,19,2024-12-19 18:25:17
500110012,20,1,19,2024-12-19 17:24:16
500111055,20,1,19,2024-12-19 18:18:16
500111055,20,1,19,2024-12-19 18:38:16
500112053,20,1,19,2024-12-19 20:18:15
500119066,20,1,19,2024-12-19 18:29:15
500103045,20,0,20,2024-12-19 20:38:15
500103061,20,0,20,2024-12-19 17:18:15
500105048,20,0,20,2024-12-19 17:37:16
500106005,20,0,20,2024-12-19 20:42:16
500108093,20,0,20,2024-12-19 18:14:16
500111055,20,0,20,2024-12-19 19:13:15
500119066,20,0,20,2024-12-19 20:21:15
500119066,20,0,20,2024-12-19 18:57:19
500112110,20,20,0,2024-12-19 17:17:15
500107150,20,19,1,2024-12-19 16:30:18
500107161,20,18,1,2024-12-19 13:48:16
500107161,20,18,1,2024-12-19 14:38:16
500119066,20,19,1,2024-12-19 16:15:17
500103043,20,17,3,2024-12-19 16:21:15
500103043,20,17,3,2024-12-19 13:53:15
500107006,20,17,3,2024-12-19 15:21:15
500108072,20,15,3,2024-12-19 14:20:16
500101119,20,16,4,2024-12-19 14:51:15
500106073,20,16,4,2024-12-19 13:53:15
500107161,20,15,4,2024-12-19 16:47:15
500103051,20,13,5,2024-12-19 13:43:15
500107102,20,15,5,2024-12-19 15:16:15
500108014,20,15,5,2024-12-19 15:48:15
500103043,20,14,6,2024-12-19 13:26:16
500105048,20,14,6,2024-12-19 15:18:15
500107066,20,13,6,2024-12-19 13:12:15
500101119,20,13,7,2024-12-19 15:39:15
500105048,20,13,7,2024-12-19 15:38:15
500106080,20,13,7,2024-12-19 16:57:16
500106080,20,13,7,2024-12-19 15:05:16
500107038,20,13,7,2024-12-19 13:44:15
500108014,20,13,7,2024-12-19 16:37:15
500101028,20,10,8,2024-12-19 14:22:16
500103043,20,12,8,2024-12-19 17:05:17
500107102,20,12,8,2024-12-19 16:10:16
500109077,20,12,8,2024-12-19 15:15:16
500112107,20,12,8,2024-12-19 16:54:16
500112107,20,12,8,2024-12-19 17:14:16
500101010,20,11,9,2024-12-19 15:28:14
500103071,20,10,9,2024-12-19 14:14:15
500108117,20,11,9,2024-12-19 15:17:15
500108117,20,11,9,2024-12-19 14:14:15
500108122,20,11,9,2024-12-19 14:05:15
500112062,20,11,9,2024-12-19 13:30:16
500112063,20,9,9,2024-12-19 16:24:15
500112107,20,11,9,2024-12-19 17:08:16
500113013,20,11,9,2024-12-19 13:25:16
500101094,20,10,10,2024-12-19 16:57:16
500103051,20,9,10,2024-12-19 16:35:15
500106005,20,10,10,2024-12-19 15:59:15
500108040,20,10,10,2024-12-19 17:06:16
500109085,20,10,10,2024-12-19 16:54:16
500112062,20,10,10,2024-12-19 15:46:16
500112086,20,10,10,2024-12-19 15:36:15
500119066,20,10,10,2024-12-19 13:27:15
500104047,20,9,11,2024-12-19 13:29:14
500108074,20,9,11,2024-12-19 17:05:17
500109085,20,9,11,2024-12-19 17:02:15
500101010,20,8,12,2024-12-19 14:34:15
500101094,20,8,12,2024-12-19 15:18:15
500101153,20,8,12,2024-12-19 13:34:16
500108133,20,8,12,2024-12-19 15:09:15
500110015,20,7,12,2024-12-19 15:36:15
500110069,20,8,12,2024-12-19 14:03:16
500112063,20,6,12,2024-12-19 17:04:15
500112086,20,8,12,2024-12-19 14:47:15
500106135,20,7,13,2024-12-19 17:06:16
500107105,20,7,13,2024-12-19 14:17:15
500108117,20,7,13,2024-12-19 13:38:15
500110079,20,7,13,2024-12-19 15:50:16
500112063,20,5,13,2024-12-19 16:57:15
500112086,20,7,13,2024-12-19 13:25:16
500112101,20,7,13,2024-12-19 14:08:15
500113013,20,7,13,2024-12-19 15:47:15
500106135,20,6,14,2024-12-19 17:17:16
500107066,20,5,14,2024-12-19 16:55:17
500108122,20,6,14,2024-12-19 14:58:15
500110030,20,5,14,2024-12-19 16:35:15
500110030,20,5,14,2024-12-19 14:53:14
500110030,20,4,14,2024-12-19 14:00:17
500110079,20,6,14,2024-12-19 16:20:17
500111052,20,6,14,2024-12-19 13:46:16
500112063,20,4,14,2024-12-19 16:47:15
500101230,20,5,15,2024-12-19 16:32:15
500103038,20,5,15,2024-12-19 17:13:15
500106005,20,5,15,2024-12-19 13:46:16
500107038,20,5,15,2024-12-19 16:21:15
500107172,20,4,15,2024-12-19 15:46:16
500107172,20,4,15,2024-12-19 16:30:16
500101234,20,3,16,2024-12-19 14:43:15
500107136,20,4,16,2024-12-19 14:39:15
500107172,20,3,16,2024-12-19 15:04:15
500113053,20,4,16,2024-12-19 17:06:16
500101036,20,3,17,2024-12-19 16:57:16
500107038,20,3,17,2024-12-19 17:18:16
500107136,20,3,17,2024-12-19 16:39:15
500113053,20,3,17,2024-12-19 14:43:14
500101036,20,2,18,2024-12-19 17:07:15
500101147,20,2,18,2024-12-19 14:47:15
500101234,20,1,18,2024-12-19 16:17:15
500107038,20,2,18,2024-12-19 16:04:14
500108190,20,2,18,2024-12-19 13:54:15
500111095,20,2,18,2024-12-19 13:32:15
500113053,20,2,18,2024-12-19 15:06:15
500101031,20,1,19,2024-12-19 14:03:16
500101037,20,0,20,2024-12-19 16:06:16
500106002,20,0,20,2024-12-19 17:17:15
500106135,20,0,20,2024-12-19 16:38:15
500107136,20,0,20,2024-12-19 14:17:18
500106005,20,0,20,2024-12-19 21:44:15
500106002,20,1,19,2024-12-19 21:43:15
500101147,20,2,18,2024-12-19 21:42:15
500101241,20,7,13,2024-12-19 21:44:15
500112101,20,8,12,2024-12-19 21:46:15
500112079,20,9,10,2024-12-19 21:48:15
500107091,20,13,7,2024-12-19 21:49:15
500112110,20,14,6,2024-12-19 21:49:15
500107142,20,18,2,2024-12-19 21:44:15
500106005,20,20,0,2024-12-19 07:16:16
500107105,20,20,0,2024-12-19 07:57:16
500109077,20,20,0,2024-12-19 07:41:15
500106080,20,19,1,2024-12-19 05:47:15
500107079,20,19,1,2024-12-19 05:44:15
500119066,20,19,1,2024-12-19 08:53:15
500101010,20,17,2,2024-12-19 06:26:15
500103038,20,18,2,2024-12-19 06:15:16
500112053,20,17,2,2024-12-19 08:25:16
500107136,20,17,3,2024-12-19 06:10:16
500108171,20,17,3,2024-12-19 08:48:15
500107079,20,16,4,2024-12-19 07:17:14
500107150,20,15,4,2024-12-19 08:01:15
500112097,20,13,4,2024-12-19 07:17:14
500103043,20,15,5,2024-12-19 05:48:14
500108066,20,13,5,2024-12-19 08:02:15
500108190,20,15,5,2024-12-19 08:47:15
500108190,20,15,5,2024-12-19 07:44:15
500112097,20,12,5,2024-12-19 06:02:15
500113013,20,11,5,2024-12-19 06:27:15
500113028,20,9,5,2024-12-19 06:15:16
500107079,20,14,6,2024-12-19 07:36:15
500107136,20,14,6,2024-12-19 05:03:15
500108190,20,14,6,2024-12-19 08:14:16
500109028,20,11,6,2024-12-19 06:53:14
500112097,20,11,6,2024-12-19 07:23:15
500113070,20,14,6,2024-12-19 05:18:15
500101153,20,12,7,2024-12-19 04:49:15
500106041,20,13,7,2024-12-19 08:43:15
500107136,20,13,7,2024-12-19 08:15:16
500108117,20,13,7,2024-12-19 07:57:16
500110020,20,13,7,2024-12-19 08:03:15
500108190,20,12,8,2024-12-19 08:00:17
500110015,20,11,8,2024-12-19 08:16:15
500111040,20,12,8,2024-12-19 07:36:14
500101031,20,11,9,2024-12-19 06:44:15
500101234,20,10,9,2024-12-19 07:35:16
500103043,20,11,9,2024-12-19 07:09:14
500103051,20,10,9,2024-12-19 07:55:17
500107172,20,7,9,2024-12-19 06:56:15
500109085,20,11,9,2024-12-19 07:26:15
500101214,20,8,10,2024-12-19 07:26:14
500103051,20,9,10,2024-12-19 07:17:14
500104105,20,10,10,2024-12-19 08:00:17
500105048,20,10,10,2024-12-19 06:08:14
500107102,20,10,10,2024-12-19 07:45:16
500109085,20,10,10,2024-12-19 06:18:15
500110053,20,9,10,2024-12-19 08:40:17
500111095,20,10,10,2024-12-19 07:45:16
500112079,20,8,10,2024-12-19 07:26:15
500101153,20,8,11,2024-12-19 06:33:15
500106005,20,9,11,2024-12-19 08:56:16
500106080,20,9,11,2024-12-19 07:47:15
500106099,20,8,11,2024-12-19 08:23:15
500107091,20,9,11,2024-12-19 08:24:15
500108171,20,9,11,2024-12-19 07:52:15
500111081,20,9,11,2024-12-19 08:37:15
500112079,20,7,11,2024-12-19 06:53:15
500101031,20,8,12,2024-12-19 07:26:15
500106031,20,8,12,2024-12-19 06:46:14
500107091,20,8,12,2024-12-19 08:57:15
500107091,20,8,12,2024-12-19 07:56:15
500108040,20,8,12,2024-12-19 07:09:15
500112053,20,7,12,2024-12-19 05:59:14
500119066,20,8,12,2024-12-19 06:46:15
500101230,20,6,13,2024-12-19 08:22:15
500103045,20,7,13,2024-12-19 08:41:15
500106031,20,7,13,2024-12-19 07:46:15
500107102,20,7,13,2024-12-19 07:14:15
500107142,20,7,13,2024-12-19 07:09:15
500108052,20,7,13,2024-12-19 06:49:15
500108093,20,7,13,2024-12-19 08:03:15
500109070,20,7,13,2024-12-19 06:29:15
500110020,20,7,13,2024-12-19 07:47:15
500111042,20,6,13,2024-12-19 07:42:15
500111052,20,7,13,2024-12-19 07:46:15
500111054,20,7,13,2024-12-19 06:14:14
500103038,20,6,14,2024-12-19 07:41:15
500103051,20,5,14,2024-12-19 05:28:14
500106135,20,4,14,2024-12-19 06:56:15
500107102,20,6,14,2024-12-19 06:49:15
500108052,20,6,14,2024-12-19 05:47:15
500108146,20,6,14,2024-12-19 07:23:14
500109070,20,6,14,2024-12-19 06:22:14
500111095,20,6,14,2024-12-19 08:25:16
500111096,20,5,14,2024-12-19 08:01:15
500112063,20,4,14,2024-12-19 07:23:15
500101094,20,5,15,2024-12-19 07:37:15
500107066,20,4,15,2024-12-19 07:57:16
500107172,20,4,15,2024-12-19 08:27:16
500110015,20,4,15,2024-12-19 08:45:16
500111027,20,5,15,2024-12-19 07:26:15
500112001,20,4,15,2024-12-19 07:17:14
500112001,20,5,15,2024-12-19 07:54:15
500112086,20,5,15,2024-12-19 07:06:15
500112097,20,4,15,2024-12-19 07:47:15
500101119,20,3,16,2024-12-19 07:56:15
500101230,20,3,16,2024-12-19 08:47:15
500105048,20,4,16,2024-12-19 08:46:15
500107006,20,4,16,2024-12-19 08:15:16
500108122,20,4,16,2024-12-19 06:49:15
500101036,20,3,17,2024-12-19 08:51:15
500101153,20,2,17,2024-12-19 08:51:15
500106002,20,2,17,2024-12-19 08:45:16
500106049,20,3,17,2024-12-19 05:31:14
500106073,20,3,17,2024-12-19 07:14:15
500107150,20,2,17,2024-12-19 06:39:15
500110072,20,3,17,2024-12-19 08:46:15
500111081,20,3,17,2024-12-19 08:26:15
500101037,20,2,18,2024-12-19 06:55:16
500101037,20,2,18,2024-12-19 07:36:15
500107120,20,2,18,2024-12-19 08:12:15
500107120,20,2,18,2024-12-19 07:49:16
500107161,20,1,18,2024-12-19 06:34:15
500110020,20,2,18,2024-12-19 07:37:15
500111049,20,2,18,2024-12-19 07:16:14
500101010,20,0,19,2024-12-19 08:42:15
500101028,20,1,19,2024-12-19 08:46:15
500103061,20,1,19,2024-12-19 07:37:15
500105106,20,1,19,2024-12-19 08:00:17
500101037,20,0,20,2024-12-19 08:33:16
500101037,20,0,20,2024-12-19 07:42:16
500107136,20,0,20,2024-12-19 07:50:19
500110072,20,0,20,2024-12-19 08:17:15
500110072,20,0,20,2024-12-19 08:57:16
500112101,20,7,13,2024-12-19 03:57:15
500101153,20,5,14,2024-12-19 00:37:15
500103038,20,12,6,2024-12-19 00:39:15
500110020,20,3,17,2024-12-19 00:04:16
500110072,20,7,13,2024-12-19 00:44:15
500112062,20,20,0,2024-12-19 00:44:15
500106005,20,11,9,2024-12-19 00:37:15
500107057,20,10,9,2024-12-19 00:51:14
500108093,20,3,17,2024-12-19 20:56:15
500111052,20,6,14,2024-12-19 21:13:16
500110012,20,13,7,2024-12-19 23:59:15
500113056,20,14,6,2024-12-19 22:31:16
500103019,20,9,10,2024-12-19 23:31:15
500109070,20,0,20,2024-12-19 23:59:15
500101214,20,2,18,2024-12-19 23:20:16
500105044,20,4,16,2024-12-19 20:01:15
500107120,20,5,15,2024-12-19 23:47:14
500101153,20,6,14,2024-12-19 23:54:15
500103038,20,7,13,2024-12-19 23:45:16
500101031,20,9,11,2024-12-19 23:55:16
500101230,20,18,2,2024-12-19 23:59:15
500107150,20,0,19,2024-12-19 00:21:15
500107161,20,2,18,2024-12-19 01:01:14
500107006,20,4,16,2024-12-19 00:39:15
500119066,20,6,14,2024-12-19 01:09:14
500112110,20,12,8,2024-12-19 01:01:14
500109085,20,13,7,2024-12-19 00:20:15
500109070,20,14,6,2024-12-19 00:08:15
500103043,20,16,4,2024-12-19 00:33:15
500110079,20,17,3,2024-12-19 00:50:16
500103045,20,20,0,2024-12-19 00:26:15
500108190,20,2,18,2024-12-19 23:00:17
500107150,20,3,16,2024-12-19 22:55:16
500101153,20,8,12,2024-12-19 23:14:15
500103038,20,8,12,2024-12-19 23:11:15
500106099,20,11,9,2024-12-19 22:15:16
500113028,20,13,7,2024-12-19 23:13:15
500110030,20,14,5,2024-12-19 22:57:15
500105092,20,20,0,2024-12-19 22:55:17
500109085,20,20,0,2024-12-19 22:58:15
500106002,20,3,17,2024-12-19 22:39:15
500112001,20,5,9,2024-12-19 22:24:15
500112110,20,6,14,2024-12-19 22:29:14
500103038,20,7,13,2024-12-19 22:39:15
500107009,20,11,9,2024-12-19 21:58:15
500110012,20,12,8,2024-12-19 22:00:16
500107057,20,14,6,2024-12-19 22:28:15
500101230,20,18,2,2024-12-19 22:38:14
500112062,20,19,1,2024-12-19 22:38:16
500101036,20,3,17,2024-12-19 21:39:15
500111040,20,3,17,2024-12-19 21:12:15
500107161,20,4,15,2024-12-19 21:28:15
500101241,20,5,15,2024-12-19 21:38:15
500111096,20,5,15,2024-12-19 19:47:15
500110030,20,7,12,2024-12-19 21:33:16
500112053,20,7,13,2024-12-19 21:36:15
500103071,20,9,10,2024-12-19 21:19:16
500113013,20,9,10,2024-12-19 21:39:15
500113056,20,10,10,2024-12-19 21:39:15
500112110,20,13,7,2024-12-19 21:39:15
500111095,20,14,6,2024-12-19 20:56:15
500101094,20,16,4,2024-12-19 21:32:15
500101230,20,20,0,2024-12-19 21:09:15
500101037,20,2,18,2024-12-19 02:10:16
500103051,20,4,15,2024-12-19 02:58:15
500106073,20,4,16,2024-12-19 02:29:14
500112101,20,6,14,2024-12-19 02:37:15
500101031,20,7,13,2024-12-19 02:42:15
500112053,20,8,11,2024-12-19 02:51:15
500111095,20,11,9,2024-12-19 01:49:14
500111042,20,13,7,2024-12-19 01:40:15
500107136,20,16,4,2024-12-19 01:40:15
500101094,20,20,0,2024-12-19 02:32:14
500107006,20,2,18,2024-12-19 03:24:15
500112101,20,8,12,2024-12-19 03:58:15
500104105,20,10,10,2024-12-19 03:44:15
500103019,20,11,7,2024-12-19 03:36:15
500112110,20,11,8,2024-12-19 03:50:15
500111042,20,12,7,2024-12-19 03:48:15
500101036,20,1,19,2024-12-19 21:50:17
500110015,20,5,14,2024-12-19 22:09:15
500101241,20,7,13,2024-12-19 22:07:15
500106099,20,12,8,2024-12-19 21:45:15
500112063,20,14,5,2024-12-19 22:04:15
500112079,20,6,12,2024-12-19 01:20:15
500106031,20,2,18,2024-12-19 21:52:14
500103043,20,3,17,2024-12-19 21:59:15
500112079,20,4,15,2024-12-19 21:59:15
500112063,20,15,4,2024-12-19 21:59:15
500106080,20,8,12,2024-12-19 03:20:15
500113028,20,12,4,2024-12-19 03:29:14
500101230,20,16,3,2024-12-19 03:17:15
500101037,20,10,10,2024-12-19 23:57:15
500112097,20,12,7,2024-12-19 23:53:15
500110072,20,13,7,2024-12-19 23:54:15
500101153,20,3,16,2024-12-19 01:06:15
500106099,20,8,12,2024-12-19 00:35:16
500106005,20,12,8,2024-12-19 01:45:15
500101094,20,17,3,2024-12-19 01:35:15
500112053,20,9,10,2024-12-19 02:10:16
500103051,20,2,17,2024-12-19 02:22:15
500107150,20,2,17,2024-12-19 22:48:15
500112079,20,10,9,2024-12-19 22:42:15
500103045,20,11,9,2024-12-19 22:46:15
500101031,20,14,6,2024-12-19 22:47:14
500101094,20,14,6,2024-12-19 22:44:15
500101010,20,1,19,2024-12-19 22:16:15
500103061,20,8,12,2024-12-19 22:10:17
500106080,20,9,11,2024-12-19 04:40:15
500103043,20,3,17,2024-12-19 22:20:15
500101010,20,13,7,2024-12-19 22:54:15
500112062,20,16,4,2024-12-19 22:58:15
500101031,20,17,3,2024-12-19 22:59:14
500101031,20,7,13,2024-12-19 03:28:14
500105106,20,9,10,2024-12-19 23:20:16
500101037,20,10,10,2024-12-19 23:22:15
500101031,20,11,9,2024-12-19 23:27:15
500109085,20,19,1,2024-12-19 23:28:16
500103051,20,18,0,2024-12-19 11:48:15
500107150,20,19,0,2024-12-19 09:51:16
500107161,20,19,0,2024-12-19 12:39:14
500108072,20,18,0,2024-12-19 09:05:16
500107150,20,18,1,2024-12-19 10:07:16
500107161,20,17,2,2024-12-19 11:05:17
500112079,20,16,2,2024-12-19 09:37:15
500112110,20,17,2,2024-12-19 09:06:15
500101214,20,15,3,2024-12-19 11:06:15
500103043,20,17,3,2024-12-19 10:47:16
500103043,20,17,3,2024-12-19 11:07:16
500106073,20,17,3,2024-12-19 11:47:15
500107161,20,16,3,2024-12-19 09:45:15
500119066,20,17,3,2024-12-19 09:26:15
500108171,20,16,4,2024-12-19 12:15:16
500110030,20,14,4,2024-12-19 10:13:16
500119066,20,16,4,2024-12-19 09:06:15
500103051,20,13,5,2024-12-19 10:34:14
500105048,20,15,5,2024-12-19 12:20:15
500106041,20,14,5,2024-12-19 12:13:16
500108073,20,15,5,2024-12-19 09:09:15
500108171,20,15,5,2024-12-19 12:28:15
500108171,20,15,5,2024-12-19 11:15:15
500111040,20,15,5,2024-12-19 09:27:15
500101147,20,14,6,2024-12-19 12:07:16
500107091,20,14,6,2024-12-19 12:04:16
500108122,20,14,6,2024-12-19 10:18:15
500110030,20,12,6,2024-12-19 09:04:15
500110030,20,12,6,2024-12-19 10:28:15
500101028,20,11,7,2024-12-19 12:06:16
500106031,20,13,7,2024-12-19 12:53:14
500106041,20,12,7,2024-12-19 12:07:16
500106099,20,13,7,2024-12-19 09:26:15
500107057,20,12,7,2024-12-19 12:08:15
500107066,20,12,7,2024-12-19 09:55:17
500109028,20,10,7,2024-12-19 10:14:15
500110030,20,11,7,2024-12-19 10:57:15
500101028,20,10,8,2024-12-19 11:43:14
500101028,20,10,8,2024-12-19 11:13:15
500108122,20,12,8,2024-12-19 09:27:15
500108190,20,12,8,2024-12-19 09:40:16
500108190,20,12,8,2024-12-19 10:05:16
500109077,20,12,8,2024-12-19 10:18:15
500101119,20,11,9,2024-12-19 11:33:16
500103051,20,10,9,2024-12-19 09:41:15
500106005,20,11,9,2024-12-19 09:25:16
500107057,20,10,9,2024-12-19 10:16:15
500108066,20,11,9,2024-12-19 12:35:16
500108074,20,11,9,2024-12-19 11:10:16
500110053,20,10,9,2024-12-19 09:11:15
500112053,20,10,9,2024-12-19 09:09:15
500112062,20,11,9,2024-12-19 12:57:15
500103051,20,9,10,2024-12-19 10:13:16
500107102,20,10,10,2024-12-19 10:38:15
500107105,20,10,10,2024-12-19 12:36:15
500108066,20,8,10,2024-12-19 08:53:15
500108090,20,10,10,2024-12-19 09:30:16
500109077,20,10,10,2024-12-19 11:13:15
500110020,20,10,10,2024-12-19 12:55:16
500112107,20,10,10,2024-12-19 10:36:14
500112110,20,9,10,2024-12-19 10:07:16
500112110,20,9,10,2024-12-19 10:38:15
500119066,20,10,10,2024-12-19 12:18:15
500105092,20,9,11,2024-12-19 12:03:15
500106005,20,9,11,2024-12-19 09:51:14
500111027,20,9,11,2024-12-19 10:25:16
500112110,20,8,11,2024-12-19 11:38:15
500112110,20,8,11,2024-12-19 10:28:15
500101147,20,8,12,2024-12-19 10:45:16
500106135,20,8,12,2024-12-19 12:57:15
500107136,20,8,12,2024-12-19 09:04:15
500108040,20,8,12,2024-12-19 08:42:15
500108122,20,8,12,2024-12-19 11:46:15
500110020,20,8,12,2024-12-19 09:36:14
500111096,20,8,12,2024-12-19 10:26:14
500101147,20,7,13,2024-12-19 13:05:16
500103071,20,6,13,2024-12-19 11:07:16
500105048,20,7,13,2024-12-19 09:06:15
500106080,20,7,13,2024-12-19 12:37:15
500108117,20,7,13,2024-12-19 11:34:15
500110020,20,7,13,2024-12-19 09:46:16
500111096,20,6,13,2024-12-19 10:02:15
500112053,20,6,13,2024-12-19 09:37:15
500101028,20,5,14,2024-12-19 09:09:15
500101031,20,6,14,2024-12-19 12:55:15
500106049,20,6,14,2024-12-19 11:25:15
500111052,20,6,14,2024-12-19 12:16:15
500101230,20,5,15,2024-12-19 12:48:15
500106005,20,5,15,2024-12-19 10:07:16
500106049,20,5,15,2024-12-19 11:45:15
500106135,20,5,15,2024-12-19 13:08:15
500107003,20,5,15,2024-12-19 09:47:15
500107102,20,5,15,2024-12-19 11:15:15
500112063,20,3,15,2024-12-19 10:38:15
500101010,20,3,16,2024-12-19 11:48:15
500101031,20,4,16,2024-12-19 12:47:15
500101230,20,4,16,2024-12-19 11:08:15
500103019,20,2,16,2024-12-19 09:19:15
500103045,20,4,16,2024-12-19 09:50:16
500107038,20,4,16,2024-12-19 11:03:16
500107079,20,4,16,2024-12-19 09:18:15
500108117,20,4,16,2024-12-19 10:06:15
500108184,20,4,16,2024-12-19 10:27:15
500108190,20,4,16,2024-12-19 11:25:15
500109070,20,4,16,2024-12-19 13:07:15
500110079,20,4,16,2024-12-19 12:06:16
500110079,20,4,16,2024-12-19 10:59:15
500111042,20,3,16,2024-12-19 11:10:17
500112063,20,2,16,2024-12-19 10:14:15
500101031,20,3,17,2024-12-19 12:38:14
500101153,20,2,17,2024-12-19 10:18:15
500101234,20,2,17,2024-12-19 08:56:16
500103038,20,3,17,2024-12-19 12:57:14
500107102,20,3,17,2024-12-19 11:28:16
500108146,20,3,17,2024-12-19 12:14:16
500109085,20,3,17,2024-12-19 09:53:15
500110072,20,3,17,2024-12-19 10:57:15
500110079,20,3,17,2024-12-19 09:31:15
500112062,20,3,17,2024-12-19 10:44:15
500112062,20,3,17,2024-12-19 10:54:15
500112063,20,1,17,2024-12-19 12:03:15
500113028,20,0,17,2024-12-19 08:50:19
500113028,20,0,17,2024-12-19 09:15:16
500101010,20,1,18,2024-12-19 09:37:15
500101010,20,1,18,2024-12-19 11:18:16
500101037,20,2,18,2024-12-19 10:51:16
500107009,20,2,18,2024-12-19 12:30:16
500107009,20,2,18,2024-12-19 11:29:15
500107038,20,2,18,2024-12-19 12:08:15
500107102,20,2,18,2024-12-19 12:48:14
500107120,20,2,18,2024-12-19 12:39:15
500107142,20,2,18,2024-12-19 09:27:15
500108117,20,2,18,2024-12-19 12:18:15
500108117,20,2,18,2024-12-19 09:28:15
500108146,20,2,18,2024-12-19 11:08:15
500110012,20,2,18,2024-12-19 11:18:16
500110079,20,2,18,2024-12-19 09:27:15
500111042,20,1,18,2024-12-19 12:56:16
500111095,20,2,18,2024-12-19 12:02:16
500112001,20,2,18,2024-12-19 09:57:15
500112097,20,2,18,2024-12-19 10:53:16
500101010,20,0,19,2024-12-19 10:28:16
500101031,20,1,19,2024-12-19 09:55:17
500101031,20,1,19,2024-12-19 10:19:15
500103038,20,1,19,2024-12-19 11:55:18
500103038,20,1,19,2024-12-19 10:07:16
500106002,20,0,19,2024-12-19 09:09:15
500107136,20,1,19,2024-12-19 12:36:14
500107172,20,0,19,2024-12-19 11:36:16
500108146,20,1,19,2024-12-19 10:58:16
500101031,20,0,20,2024-12-19 12:19:16
500103038,20,0,20,2024-12-19 11:37:15
500106002,20,0,20,2024-12-19 12:19:15
500106049,20,0,20,2024-12-19 10:18:15
500106080,20,0,20,2024-12-19 11:07:16
500106135,20,0,20,2024-12-19 12:08:15
500107079,20,0,20,2024-12-19 11:38:15
500108146,20,0,20,2024-12-19 10:28:15
500109070,20,0,20,2024-12-19 10:00:18
500110072,20,0,20,2024-12-19 10:04:16
500112062,20,0,20,2024-12-19 09:57:15
500112086,20,0,20,2024-12-19 10:55:16
500110020,20,20,0,2024-12-19 19:59:17
500110020,20,20,0,2024-12-19 19:34:16
500106080,20,19,1,2024-12-19 17:47:16
500101230,20,18,2,2024-12-19 20:04:16
500103043,20,18,2,2024-12-19 18:38:16
500107142,20,18,2,2024-12-19 21:17:15
500109077,20,18,2,2024-12-19 19:13:15
500101010,20,17,3,2024-12-19 17:25:16
500108122,20,17,3,2024-12-19 19:52:16
500103043,20,16,4,2024-12-19 20:09:15
500105092,20,16,4,2024-12-19 19:12:15
500106073,20,16,4,2024-12-19 17:22:16
500107066,20,15,4,2024-12-19 18:59:15
500107161,20,15,4,2024-12-19 18:11:15
500107091,20,15,5,2024-12-19 17:54:15
500107091,20,15,5,2024-12-19 18:38:16
500108052,20,15,5,2024-12-19 18:34:15
500110020,20,15,5,2024-12-19 19:05:16
500112079,20,13,5,2024-12-19 17:53:15
500112079,20,13,5,2024-12-19 19:17:14
500104105,20,14,6,2024-12-19 18:08:16
500108127,20,14,6,2024-12-19 17:55:17
500109084,20,14,6,2024-12-19 19:11:15
500111095,20,14,6,2024-12-19 19:17:15
500112062,20,14,6,2024-12-19 18:12:15
500112063,20,12,6,2024-12-19 18:29:16
500112110,20,14,6,2024-12-19 17:48:15
500112110,20,14,6,2024-12-19 19:28:14
500101119,20,13,7,2024-12-19 19:25:15
500106080,20,13,7,2024-12-19 18:25:17
500110020,20,13,7,2024-12-19 18:47:15
500112062,20,13,7,2024-12-19 21:14:15
500112086,20,13,7,2024-12-19 17:48:15
500112086,20,13,7,2024-12-19 19:20:17
500105106,20,11,8,2024-12-19 17:24:16
500107150,20,12,8,2024-12-19 17:49:15
500110030,20,11,8,2024-12-19 20:27:15
500111040,20,12,8,2024-12-19 18:10:17
500112001,20,8,8,2024-12-19 19:35:16
500112063,20,10,8,2024-12-19 19:14:16
500112086,20,12,8,2024-12-19 18:18:16
500112097,20,12,8,2024-12-19 18:47:15
500113070,20,12,8,2024-12-19 20:35:16
500106080,20,11,9,2024-12-19 18:37:15
500107006,20,11,9,2024-12-19 17:47:16
500107057,20,11,9,2024-12-19 18:06:15
500107150,20,11,9,2024-12-19 18:53:15
500108117,20,11,9,2024-12-19 17:27:16
500109028,20,8,9,2024-12-19 18:56:15
500110079,20,11,9,2024-12-19 18:37:15
500112001,20,7,9,2024-12-19 21:02:15
500101094,20,10,10,2024-12-19 20:41:15
500101147,20,10,10,2024-12-19 20:23:15
500101153,20,10,10,2024-12-19 17:32:15
500108073,20,10,10,2024-12-19 19:54:15
500108117,20,10,10,2024-12-19 17:48:15
500109028,20,7,10,2024-12-19 17:42:15
500112079,20,8,10,2024-12-19 20:09:15
500112110,20,10,10,2024-12-19 18:08:16
500103071,20,8,11,2024-12-19 19:19:15
500107006,20,9,11,2024-12-19 19:55:16
500107161,20,8,11,2024-12-19 19:44:15
500108052,20,9,11,2024-12-19 18:01:16
500108052,20,9,11,2024-12-19 18:57:15
500110015,20,8,11,2024-12-19 20:13:15
500110069,20,9,11,2024-12-19 17:21:15
500112053,20,9,11,2024-12-19 17:38:15
500101234,20,7,12,2024-12-19 18:24:16
500103043,20,8,12,2024-12-19 17:28:15
500103051,20,7,12,2024-12-19 18:18:16
500103071,20,7,12,2024-12-19 19:31:15
500104047,20,8,12,2024-12-19 17:14:16
500104070,20,8,12,2024-12-19 18:36:16
500108052,20,8,12,2024-12-19 17:38:16
500112001,20,8,12,2024-12-19 17:37:16
500112097,20,7,12,2024-12-19 19:28:15
500112107,20,8,12,2024-12-19 19:58:14
500113013,20,7,12,2024-12-19 20:59:15
500101147,20,7,13,2024-12-19 17:48:15
500101147,20,7,13,2024-12-19 18:03:15
500101153,20,7,13,2024-12-19 17:47:16
500101153,20,7,13,2024-12-19 18:18:16
500104047,20,7,13,2024-12-19 17:35:16
500105048,20,7,13,2024-12-19 19:06:16
500107161,20,6,13,2024-12-19 21:04:15
500107172,20,6,13,2024-12-19 20:56:15
500108074,20,7,13,2024-12-19 20:27:15
500108093,20,7,13,2024-12-19 19:43:15
500108122,20,7,13,2024-12-19 18:55:17
500110015,20,6,13,2024-12-19 20:35:16
500110069,20,7,13,2024-12-19 18:21:16
500101094,20,6,14,2024-12-19 19:58:15
500107105,20,6,14,2024-12-19 18:47:16
500108122,20,6,14,2024-12-19 19:02:16
500110069,20,6,14,2024-12-19 18:18:16
500113053,20,6,14,2024-12-19 17:24:16
500101037,20,5,15,2024-12-19 20:08:15
500108014,20,5,15,2024-12-19 18:58:16
500111042,20,5,15,2024-12-19 21:13:16
500111095,20,5,15,2024-12-19 17:38:16
500112110,20,5,15,2024-12-19 19:38:15
500101010,20,4,16,2024-12-19 20:38:15
500101028,20,4,16,2024-12-19 20:51:16
500101153,20,4,16,2024-12-19 18:34:15
500101234,20,3,16,2024-12-19 21:09:16
500103045,20,4,16,2024-12-19 18:18:16
500106049,20,4,16,2024-12-19 17:48:15
500107102,20,4,16,2024-12-19 19:33:15
500108014,20,4,16,2024-12-19 19:03:15
500111040,20,4,16,2024-12-19 20:33:15
500103045,20,3,17,2024-12-19 19:56:16
500103061,20,3,17,2024-12-19 18:05:16
500107038,20,3,17,2024-12-19 18:29:16
500109070,20,3,17,2024-12-19 18:27:15
500110020,20,3,17,2024-12-19 18:28:16
500111081,20,3,17,2024-12-19 17:42:15
500101031,20,2,18,2024-12-19 17:35:16
500101241,20,2,18,2024-12-19 18:17:15
500106005,20,2,18,2024-12-19 19:58:15
500106005,20,2,18,2024-12-19 18:07:15
500106005,20,2,18,2024-12-19 20:57:16
500106005,20,2,18,2024-12-19 18:46:15
500108190,20,2,18,2024-12-19 20:46:15
500109070,20,2,18,2024-12-19 18:14:16
500109070,20,2,18,2024-12-19 18:37:15
500110072,20,2,18,2024-12-19 21:03:15
500111042,20,2,18,2024-12-19 17:58:16
500112053,20,2,18,2024-12-19 20:13:15
500101031,20,1,19,2024-12-19 17:59:16
500101031,20,1,19,2024-12-19 18:07:16
500101214,20,1,19,2024-12-19 18:07:15
500103045,20,1,19,2024-12-19 20:28:15
500106080,20,1,19,2024-12-19 20:12:15
500107079,20,1,19,2024-12-19 17:41:16
500107102,20,1,19,2024-12-19 19:10:17
500107120,20,1,19,2024-12-19 20:48:15
500108190,20,1,19,2024-12-19 18:03:14
500109070,20,1,19,2024-12-19 17:34:15
500111049,20,1,19,2024-12-19 19:39:15
500111054,20,1,19,2024-12-19 18:03:15
500112110,20,1,19,2024-12-19 18:28:16
500101031,20,0,20,2024-12-19 18:18:16
500103045,20,0,20,2024-12-19 18:59:16
500106080,20,0,20,2024-12-19 20:24:16
500108122,20,0,20,2024-12-19 18:08:16
500109070,20,0,20,2024-12-19 20:32:16
500119066,20,0,20,2024-12-19 20:55:17
500101028,20,20,0,2024-12-19 16:42:18
500107057,20,20,0,2024-12-19 14:29:15
500112079,20,18,0,2024-12-19 15:01:18
500112110,20,20,0,2024-12-19 16:56:15
500119066,20,20,0,2024-12-19 15:11:15
500111081,20,19,1,2024-12-19 16:09:14
500112079,20,17,1,2024-12-19 17:08:16
500107057,20,18,2,2024-12-19 14:08:15
500106080,20,17,3,2024-12-19 16:17:15
500107161,20,16,3,2024-12-19 13:14:15
500112079,20,15,3,2024-12-19 13:17:15
500119066,20,17,3,2024-12-19 16:28:15
500101010,20,16,4,2024-12-19 17:07:15
500107066,20,15,4,2024-12-19 15:14:15
500107102,20,16,4,2024-12-19 14:50:16
500107161,20,15,4,2024-12-19 17:07:15
500108072,20,14,4,2024-12-19 15:08:15
500111040,20,16,4,2024-12-19 15:34:15
500101119,20,15,5,2024-12-19 15:05:16
500101119,20,15,5,2024-12-19 14:47:15
500103051,20,14,5,2024-12-19 14:01:15
500106099,20,15,5,2024-12-19 15:06:15
500107006,20,15,5,2024-12-19 16:32:15
500107102,20,15,5,2024-12-19 14:24:15
500101010,20,13,6,2024-12-19 13:18:15
500101119,20,14,6,2024-12-19 16:10:16
500106031,20,14,6,2024-12-19 17:07:15
500101119,20,13,7,2024-12-19 13:27:15
500106041,20,12,7,2024-12-19 14:05:16
500101119,20,11,9,2024-12-19 13:17:15
500103051,20,10,9,2024-12-19 16:17:15
500105048,20,11,9,2024-12-19 16:05:16
500106080,20,11,9,2024-12-19 13:51:15
500112062,20,11,9,2024-12-19 14:02:15
500101010,20,10,10,2024-12-19 16:17:15
500103051,20,9,10,2024-12-19 16:06:15
500103051,20,8,11,2024-12-19 17:03:16
500103071,20,8,11,2024-12-19 15:37:16
500108117,20,9,11,2024-12-19 14:42:15
500108133,20,9,11,2024-12-19 16:55:17
500112063,20,7,11,2024-12-19 16:34:16
500113013,20,9,11,2024-12-19 16:50:17
500113013,20,9,11,2024-12-19 14:34:14
500108014,20,8,12,2024-12-19 17:16:16
500108074,20,8,12,2024-12-19 17:15:17
500108122,20,8,12,2024-12-19 15:38:15
500112063,20,6,12,2024-12-19 14:42:15
500101230,20,7,13,2024-12-19 16:28:15
500110072,20,7,13,2024-12-19 15:11:15
500112063,20,5,13,2024-12-19 13:16:15
500105048,20,6,14,2024-12-19 16:15:16
500106005,20,6,14,2024-12-19 13:58:16
500110020,20,6,14,2024-12-19 16:15:16
500106001,20,5,15,2024-12-19 13:53:15
500110072,20,5,15,2024-12-19 16:15:16
500101147,20,4,16,2024-12-19 17:01:16
500101147,20,4,16,2024-12-19 17:17:15
500101234,20,3,16,2024-12-19 15:51:14
500105048,20,4,16,2024-12-19 16:25:16
500106005,20,4,16,2024-12-19 13:10:16
500107136,20,4,16,2024-12-19 16:26:15
500108122,20,4,16,2024-12-19 15:25:15
500109070,20,4,16,2024-12-19 15:27:15
500110072,20,4,16,2024-12-19 13:28:16
500112101,20,4,16,2024-12-19 16:37:15
500113028,20,3,16,2024-12-19 15:26:15
500110079,20,3,17,2024-12-19 13:13:14
500113056,20,3,17,2024-12-19 14:34:15
500101031,20,2,18,2024-12-19 13:47:15
500101036,20,2,18,2024-12-19 16:47:15
500101147,20,2,18,2024-12-19 16:46:15
500107038,20,2,18,2024-12-19 16:51:15
500101031,20,1,19,2024-12-19 15:05:16
500101036,20,1,19,2024-12-19 15:06:15
500103045,20,1,19,2024-12-19 13:46:16
500112001,20,1,19,2024-12-19 15:38:15
500101037,20,0,20,2024-12-19 15:45:17
500103061,20,0,20,2024-12-19 13:51:15
500107038,20,1,19,2024-12-19 21:47:15
500101036,20,2,18,2024-12-19 21:40:16
500110030,20,9,10,2024-12-19 21:46:15
500113013,20,10,9,2024-12-19 21:47:15
500109085,20,14,6,2024-12-19 21:44:15
500101094,20,20,0,2024-12-19 06:06:14
500101214,20,18,0,2024-12-19 08:16:15
500108014,20,20,0,2024-12-19 08:29:16
500111055,20,20,0,2024-12-19 08:14:16
500105048,20,19,1,2024-12-19 07:46:15
500108122,20,19,1,2024-12-19 08:37:15
500109077,20,19,1,2024-12-19 07:27:15
500103045,20,18,2,2024-12-19 05:29:15
500107105,20,18,2,2024-12-19 08:47:15
500101010,20,16,3,2024-12-19 06:37:15
500101094,20,17,3,2024-12-19 06:45:15
500103038,20,17,3,2024-12-19 06:30:17
500105048,20,17,3,2024-12-19 07:18:15
500106073,20,16,4,2024-12-19 08:42:15
500107172,20,12,4,2024-12-19 07:37:15
500109077,20,16,4,2024-12-19 06:35:15
500110030,20,14,4,2024-12-19 06:23:15
500112063,20,14,4,2024-12-19 08:02:15
500112110,20,15,4,2024-12-19 07:36:15
500108093,20,15,5,2024-12-19 07:35:16
500113013,20,11,5,2024-12-19 06:05:16
500103051,20,13,6,2024-12-19 06:27:15
500109077,20,14,6,2024-12-19 06:09:15
500110030,20,12,6,2024-12-19 08:37:15
500110079,20,14,6,2024-12-19 05:31:14
500101119,20,12,7,2024-12-19 08:27:16
500103043,20,13,7,2024-12-19 07:21:15
500107057,20,12,7,2024-12-19 08:16:15
500108072,20,11,7,2024-12-19 07:56:15
500110069,20,13,7,2024-12-19 08:36:15
500112097,20,12,7,2024-12-19 07:37:15
500113013,20,13,7,2024-12-19 07:36:15
500103019,20,10,8,2024-12-19 06:44:14
500107009,20,12,8,2024-12-19 06:55:16
500107009,20,12,8,2024-12-19 06:17:14
500108127,20,12,8,2024-12-19 08:01:15
500110020,20,12,8,2024-12-19 08:26:15
500110079,20,12,8,2024-12-19 07:35:16
500112001,20,11,8,2024-12-19 06:27:15
500101028,20,11,9,2024-12-19 07:59:15
500101234,20,10,9,2024-12-19 07:46:15
500103051,20,10,9,2024-12-19 06:05:16
500106073,20,11,9,2024-12-19 08:02:15
500106099,20,10,9,2024-12-19 08:47:15
500107066,20,10,9,2024-12-19 08:35:16
500108133,20,11,9,2024-12-19 04:59:14
500110053,20,10,9,2024-12-19 06:31:15
500106073,20,10,10,2024-12-19 08:17:15
500107066,20,9,10,2024-12-19 08:25:16
500107142,20,10,10,2024-12-19 06:23:14
500108073,20,10,10,2024-12-19 08:02:15
500108093,20,10,10,2024-12-19 08:17:15
500110053,20,9,10,2024-12-19 07:41:15
500111095,20,10,10,2024-12-19 05:13:15
500112063,20,8,10,2024-12-19 06:07:15
500112107,20,10,10,2024-12-19 07:33:15
500103043,20,9,11,2024-12-19 08:34:15
500105044,20,9,11,2024-12-19 07:09:14
500106002,20,8,11,2024-12-19 08:26:15
500107038,20,9,11,2024-12-19 08:27:16
500107079,20,9,11,2024-12-19 08:13:15
500101234,20,7,12,2024-12-19 05:09:15
500108133,20,8,12,2024-12-19 06:08:14
500109070,20,8,12,2024-12-19 08:54:15
500111055,20,8,12,2024-12-19 07:46:15
500112062,20,8,12,2024-12-19 06:07:15
500112110,20,7,12,2024-12-19 05:47:15
500113028,20,5,12,2024-12-19 08:20:17
500101119,20,6,13,2024-12-19 07:46:15
500107091,20,7,13,2024-12-19 08:35:16
500108146,20,7,13,2024-12-19 05:54:15
500109070,20,7,13,2024-12-19 08:46:15
500109070,20,7,13,2024-12-19 07:33:15
500110020,20,7,13,2024-12-19 07:56:15
500111027,20,7,13,2024-12-19 07:09:15
500111052,20,7,13,2024-12-19 07:06:15
500112101,20,7,13,2024-12-19 05:55:15
500101031,20,6,14,2024-12-19 07:36:15
500107009,20,6,14,2024-12-19 07:32:15
500107066,20,5,14,2024-12-19 08:02:15
500108146,20,6,14,2024-12-19 06:45:16
500108190,20,6,14,2024-12-19 06:36:14
500112063,20,4,14,2024-12-19 08:47:15
500101147,20,5,15,2024-12-19 07:16:15
500103051,20,4,15,2024-12-19 05:04:15
500106080,20,5,15,2024-12-19 08:27:15
500107009,20,5,15,2024-12-19 07:26:15
500108146,20,5,15,2024-12-19 07:16:15
500111040,20,5,15,2024-12-19 07:17:14
500111054,20,5,15,2024-12-19 07:41:15
500112086,20,5,15,2024-12-19 06:04:14
500101153,20,3,16,2024-12-19 08:18:15
500101234,20,3,16,2024-12-19 08:27:16
500103038,20,4,16,2024-12-19 07:49:16
500105048,20,4,16,2024-12-19 08:15:16
500107057,20,3,16,2024-12-19 05:43:14
500108073,20,4,16,2024-12-19 06:57:15
500108117,20,4,16,2024-12-19 08:55:16
500110015,20,3,16,2024-12-19 08:37:15
500110015,20,3,16,2024-12-19 06:29:15
500110079,20,4,16,2024-12-19 08:57:15
500111027,20,4,16,2024-12-19 08:57:15
500101153,20,2,17,2024-12-19 08:29:15
500105106,20,3,17,2024-12-19 06:55:16
500106073,20,3,17,2024-12-19 06:11:14
500107161,20,2,17,2024-12-19 07:24:15
500107172,20,2,17,2024-12-19 08:57:15
500108074,20,3,17,2024-12-19 08:15:16
500111040,20,3,17,2024-12-19 06:23:15
500111049,20,3,17,2024-12-19 07:46:15
500101094,20,2,18,2024-12-19 08:47:15
500101153,20,1,18,2024-12-19 07:37:15
500101153,20,1,18,2024-12-19 07:39:16
500101214,20,0,18,2024-12-19 06:17:14
500106049,20,2,18,2024-12-19 07:36:15
500106135,20,0,18,2024-12-19 05:35:16
500107161,20,1,18,2024-12-19 06:54:15
500108074,20,2,18,2024-12-19 07:15:17
500111027,20,2,18,2024-12-19 08:03:15
500101036,20,1,19,2024-12-19 07:00:16
500103061,20,1,19,2024-12-19 05:56:14
500106001,20,1,19,2024-12-19 08:40:17
500107120,20,1,19,2024-12-19 07:23:15
500107161,20,0,19,2024-12-19 06:47:16
500112053,20,0,19,2024-12-19 07:31:16
500101031,20,6,14,2024-12-19 00:00:16
500101037,20,5,15,2024-12-19 00:14:14
500103038,20,11,7,2024-12-19 00:33:15
500106135,20,1,17,2024-12-19 00:34:15
500107006,20,6,14,2024-12-19 00:06:15
500107142,20,11,9,2024-12-19 00:00:16
500119066,20,8,12,2024-12-19 00:06:15
500101037,20,9,11,2024-12-19 23:40:15
500110020,20,14,6,2024-12-19 23:48:14
500106005,20,16,4,2024-12-19 00:43:15
500106041,20,2,18,2024-12-19 00:49:15
500112101,20,7,13,2024-12-19 00:16:15
500113013,20,13,3,2024-12-19 00:41:14
500111054,20,2,18,2024-12-19 20:10:17
500108171,20,3,17,2024-12-19 23:52:14
500108073,20,5,15,2024-12-19 23:06:15
500111096,20,6,13,2024-12-19 23:44:15
500104047,20,14,6,2024-12-19 23:20:15
500113053,20,8,9,2024-12-19 23:07:15
500106031,20,2,18,2024-12-19 23:08:15
500109077,20,14,6,2024-12-19 23:59:15
500108190,20,3,17,2024-12-19 00:39:15
500108014,20,6,14,2024-12-19 00:35:16
500106080,20,9,11,2024-12-19 00:55:16
500103038,20,12,6,2024-12-19 01:07:15
500113070,20,14,6,2024-12-19 00:49:15
500108127,20,15,5,2024-12-19 00:42:15
500109070,20,1,19,2024-12-19 23:17:14
500101241,20,7,13,2024-12-19 23:12:15
500112086,20,12,8,2024-12-19 22:22:15
500101094,20,16,4,2024-12-19 23:02:14
500106005,20,0,20,2024-12-19 22:36:16
500101234,20,2,17,2024-12-19 22:35:15
500101028,20,2,18,2024-12-19 22:22:15
500110069,20,10,10,2024-12-19 22:17:15
500113028,20,10,10,2024-12-19 22:27:14
500110020,20,11,9,2024-12-19 22:28:15
500101031,20,13,7,2024-12-19 22:39:15
500108014,20,13,7,2024-12-19 22:04:15
500112097,20,15,4,2024-12-19 22:32:15
500107172,20,18,1,2024-12-19 22:37:15
500101010,20,0,20,2024-12-19 21:38:16
500106002,20,0,20,2024-12-19 21:30:18
500101028,20,1,19,2024-12-19 21:12:15
500107038,20,2,18,2024-12-19 21:39:15
500101147,20,3,17,2024-12-19 21:37:15
500103061,20,6,14,2024-12-19 20:35:16
500108073,20,6,14,2024-12-19 21:27:14
500106041,20,11,8,2024-12-19 21:39:15
500108146,20,11,9,2024-12-19 21:33:16
500110053,20,11,9,2024-12-19 20:57:15
500108014,20,13,7,2024-12-19 21:34:14
500112107,20,13,7,2024-12-19 21:29:15
500104105,20,14,6,2024-12-19 20:30:17
500101119,20,17,3,2024-12-19 21:33:16
500105092,20,18,2,2024-12-19 21:03:15
500108146,20,2,18,2024-12-19 02:35:15
500110072,20,5,15,2024-12-19 02:11:15
500108040,20,10,10,2024-12-19 02:27:14
500112063,20,11,7,2024-12-19 02:13:15
500105092,20,12,8,2024-12-19 03:02:15
500106002,20,13,7,2024-12-19 02:43:14
500113070,20,15,5,2024-12-19 03:52:14
500113053,20,17,2,2024-12-19 03:11:15
500101094,20,19,1,2024-12-19 04:25:16
500101234,20,1,18,2024-12-19 21:58:15
500106031,20,1,19,2024-12-19 22:05:16
500107150,20,4,16,2024-12-19 22:07:15
500103061,20,7,13,2024-12-19 21:54:15
500107006,20,9,11,2024-12-19 22:09:15
500113056,20,12,8,2024-12-19 22:01:15
500108133,20,13,7,2024-12-19 21:46:15
500112110,20,14,6,2024-12-19 22:09:15
500101028,20,2,18,2024-12-19 21:48:15
500106135,20,2,18,2024-12-19 21:57:15
500101241,20,7,13,2024-12-19 21:56:15
500107142,20,4,16,2024-12-19 03:29:14
500101031,20,6,14,2024-12-19 03:37:14
500101010,20,16,4,2024-12-19 03:09:15
500112101,20,11,9,2024-12-19 23:48:15
500106005,20,12,8,2024-12-19 23:46:15
500103051,20,3,16,2024-12-19 00:53:15
500111029,20,4,16,2024-12-19 01:07:15
500112062,20,12,8,2024-12-19 01:03:15
500103051,20,1,18,2024-12-19 01:44:14
500111095,20,10,10,2024-12-19 01:42:14
500101230,20,19,0,2024-12-19 02:10:17
500101153,20,9,11,2024-12-19 22:45:16
500109077,20,16,4,2024-12-19 22:48:15
500107142,20,9,11,2024-12-19 04:31:15
500109070,20,13,7,2024-12-19 04:33:15
500112001,20,16,3,2024-12-19 04:31:15
500113056,20,17,2,2024-12-19 04:33:15
500107079,20,4,16,2024-12-19 23:09:15
500106080,20,8,12,2024-12-19 23:09:15
500112097,20,12,7,2024-12-19 23:04:15
500101010,20,14,6,2024-12-19 23:01:15
500112079,20,7,12,2024-12-19 22:13:15
500112101,20,7,13,2024-12-19 22:12:15
500112110,20,11,9,2024-12-19 22:19:15
500112063,20,15,4,2024-12-19 22:16:15
500112097,20,16,3,2024-12-19 22:22:15
500112062,20,20,0,2024-12-19 22:26:16
500110072,20,0,20,2024-12-19 22:54:16
500109070,20,2,18,2024-12-19 23:28:15
500113028,20,15,5,2024-12-19 23:29:14
500106135,20,1,17,2024-12-19 01:36:15
500106005,20,11,9,2024-12-19 01:27:15
500101214,20,18,0,2024-12-19 09:43:16
500107161,20,19,0,2024-12-19 12:18:16
500111081,20,20,0,2024-12-19 11:41:15
500101010,20,18,1,2024-12-19 12:38:15
500107105,20,19,1,2024-12-19 10:04:16
500101214,20,15,3,2024-12-19 11:40:17
500101241,20,17,3,2024-12-19 10:55:17
500103051,20,15,3,2024-12-19 10:42:15
500107150,20,16,3,2024-12-19 10:15:16
500109028,20,14,3,2024-12-19 08:48:15
500107057,20,15,4,2024-12-19 12:37:15
500108093,20,16,4,2024-12-19 09:57:15
500113013,20,16,4,2024-12-19 12:36:15
500106041,20,15,5,2024-12-19 09:46:16
500108093,20,15,5,2024-12-19 10:18:15
500109028,20,12,5,2024-12-19 11:53:16
500101153,20,13,6,2024-12-19 12:28:15
500107057,20,13,6,2024-12-19 12:25:16
500107091,20,14,6,2024-12-19 12:21:15
500108171,20,14,6,2024-12-19 11:24:15
500109028,20,11,6,2024-12-19 12:52:15
500109028,20,11,6,2024-12-19 11:30:17
500109028,20,11,6,2024-12-19 12:04:16
500111055,20,14,6,2024-12-19 10:10:18
500112079,20,12,6,2024-12-19 09:04:15
500112079,20,12,6,2024-12-19 10:25:16
500113070,20,14,6,2024-12-19 12:13:16
500101241,20,13,7,2024-12-19 09:37:15
500107066,20,12,7,2024-12-19 09:27:15
500107142,20,13,7,2024-12-19 11:17:15
500107142,20,13,7,2024-12-19 11:27:15
500108122,20,13,7,2024-12-19 10:28:15
500109028,20,10,7,2024-12-19 12:20:16
500109028,20,10,7,2024-12-19 11:05:17
500112079,20,11,7,2024-12-19 11:15:16
500104047,20,12,8,2024-12-19 10:03:15
500111055,20,12,8,2024-12-19 11:15:15
500101028,20,9,9,2024-12-19 11:00:18
500101241,20,11,9,2024-12-19 11:42:15
500108090,20,11,9,2024-12-19 10:41:15
500111040,20,11,9,2024-12-19 11:48:15
500103071,20,9,10,2024-12-19 10:28:15
500107038,20,10,10,2024-12-19 09:25:16
500107057,20,9,10,2024-12-19 10:06:15
500107091,20,10,10,2024-12-19 10:38:15
500108093,20,10,10,2024-12-19 09:27:14
500108133,20,10,10,2024-12-19 11:02:15
500110020,20,10,10,2024-12-19 13:01:15
500110030,20,8,10,2024-12-19 12:04:16
500113013,20,10,10,2024-12-19 10:11:14
500113013,20,10,10,2024-12-19 10:29:15
500110069,20,9,11,2024-12-19 09:09:15
500111113,20,9,11,2024-12-19 09:21:15
500101036,20,8,12,2024-12-19 09:39:14
500101230,20,8,12,2024-12-19 12:14:16
500104105,20,8,12,2024-12-19 12:41:15
500106049,20,8,12,2024-12-19 09:02:15
500108117,20,8,12,2024-12-19 11:22:16
500109085,20,8,12,2024-12-19 11:36:15
500110020,20,8,12,2024-12-19 11:58:16
500110069,20,8,12,2024-12-19 12:26:15
500111096,20,8,12,2024-12-19 11:22:16
500112107,20,8,12,2024-12-19 09:36:15
500101036,20,7,13,2024-12-19 09:36:14
500101153,20,6,13,2024-12-19 11:06:15
500107102,20,7,13,2024-12-19 11:07:16
500111029,20,7,13,2024-12-19 08:58:15
500111096,20,7,13,2024-12-19 11:56:16
500112053,20,6,13,2024-12-19 12:09:16
500113056,20,6,13,2024-12-19 10:17:16
500113056,20,6,13,2024-12-19 10:23:15
500101147,20,6,14,2024-12-19 12:42:15
500101153,20,5,14,2024-12-19 10:37:16
500104105,20,6,14,2024-12-19 12:13:16
500106080,20,6,14,2024-12-19 12:07:15
500107038,20,6,14,2024-12-19 09:47:15
500112086,20,6,14,2024-12-19 12:58:15
500112110,20,5,14,2024-12-19 12:42:15
500101028,20,3,15,2024-12-19 09:36:15
500107136,20,5,15,2024-12-19 10:53:16
500107172,20,4,15,2024-12-19 12:12:15
500111052,20,5,15,2024-12-19 12:43:15
500112101,20,5,15,2024-12-19 09:25:16
500112110,20,4,15,2024-12-19 12:33:15
500119066,20,5,15,2024-12-19 12:36:15
500101094,20,4,16,2024-12-19 09:35:16
500101153,20,3,16,2024-12-19 10:27:16
500101234,20,3,16,2024-12-19 10:50:16
500103038,20,4,16,2024-12-19 10:33:15
500107102,20,4,16,2024-12-19 11:32:15
500107120,20,4,16,2024-12-19 10:22:16
500110079,20,4,16,2024-12-19 09:45:15
500111042,20,3,16,2024-12-19 11:39:15
500112063,20,2,16,2024-12-19 09:35:16
500112063,20,2,16,2024-12-19 10:26:14
500112097,20,4,16,2024-12-19 09:27:15
500101234,20,2,17,2024-12-19 11:28:15
500106135,20,3,17,2024-12-19 10:28:15
500108052,20,3,17,2024-12-19 08:44:15
500108146,20,3,17,2024-12-19 11:18:16
500110069,20,3,17,2024-12-19 11:39:15
500110072,20,3,17,2024-12-19 12:06:16
500112001,20,3,17,2024-12-19 12:38:15
500112001,20,3,17,2024-12-19 11:41:15
500113028,20,0,17,2024-12-19 10:37:15
500101094,20,2,18,2024-12-19 09:57:15
500103038,20,2,18,2024-12-19 10:25:15
500106005,20,2,18,2024-12-19 11:26:15
500107102,20,2,18,2024-12-19 11:58:16
500107172,20,1,18,2024-12-19 10:23:16
500108117,20,2,18,2024-12-19 09:46:16
500112001,20,2,18,2024-12-19 12:28:15
500112101,20,2,18,2024-12-19 09:55:17
500101010,20,0,19,2024-12-19 09:06:17
500101010,20,0,19,2024-12-19 09:08:16
500101031,20,1,19,2024-12-19 10:33:15
500101037,20,1,19,2024-12-19 12:42:15
500103038,20,1,19,2024-12-19 09:19:15
500106080,20,1,19,2024-12-19 10:07:16
500107079,20,1,19,2024-12-19 12:26:15
500107136,20,1,19,2024-12-19 12:03:15
500109070,20,1,19,2024-12-19 11:01:18
500110012,20,1,19,2024-12-19 10:09:16
500110020,20,1,19,2024-12-19 11:16:15
500110072,20,1,19,2024-12-19 10:22:16
500112086,20,1,19,2024-12-19 10:20:16
500103061,20,0,20,2024-12-19 12:08:15
500106002,20,0,20,2024-12-19 09:57:15
500106049,20,0,20,2024-12-19 10:20:18
500107142,20,19,1,2024-12-19 18:48:15
500109077,20,19,1,2024-12-19 17:24:16
500113013,20,19,1,2024-12-19 18:47:16
500105048,20,18,2,2024-12-19 17:55:17
500107136,20,18,2,2024-12-19 19:54:15
500107142,20,18,2,2024-12-19 17:59:15
500107066,20,16,3,2024-12-19 17:48:15
500110020,20,17,3,2024-12-19 19:18:15
500112079,20,15,3,2024-12-19 19:48:15
500101230,20,16,4,2024-12-19 19:35:16
500105092,20,16,4,2024-12-19 18:57:15
500106041,20,15,4,2024-12-19 17:59:15
500106041,20,15,4,2024-12-19 18:37:15
500106080,20,16,4,2024-12-19 18:18:16
500101010,20,15,5,2024-12-19 18:38:16
500105092,20,15,5,2024-12-19 18:42:16
500107142,20,15,5,2024-12-19 20:22:15
500108072,20,13,5,2024-12-19 16:58:15
500112062,20,15,5,2024-12-19 19:17:15
500113013,20,15,5,2024-12-19 17:27:16
500101094,20,14,6,2024-12-19 18:17:15
500105092,20,14,6,2024-12-19 18:31:15
500106099,20,14,6,2024-12-19 18:50:16
500107150,20,14,6,2024-12-19 17:36:15
500107161,20,13,6,2024-12-19 17:59:15
500108122,20,14,6,2024-12-19 18:13:15
500108146,20,14,6,2024-12-19 17:34:15
500111040,20,14,6,2024-12-19 17:58:16
500113053,20,14,6,2024-12-19 20:34:15
500101147,20,13,7,2024-12-19 19:12:15
500101230,20,13,7,2024-12-19 17:48:15
500103051,20,12,7,2024-12-19 18:08:16
500103051,20,12,7,2024-12-19 19:18:15
500104105,20,13,7,2024-12-19 17:51:16
500108127,20,13,7,2024-12-19 19:16:15
500109077,20,13,7,2024-12-19 18:08:16
500109085,20,13,7,2024-12-19 21:00:16
500111095,20,13,7,2024-12-19 19:39:15
500112001,20,9,7,2024-12-19 19:49:15
500112062,20,13,7,2024-12-19 20:22:15
500113013,20,13,7,2024-12-19 18:25:17
500105048,20,12,8,2024-12-19 18:44:16
500106073,20,12,8,2024-12-19 19:53:15
500107009,20,12,8,2024-12-19 20:54:15
500107091,20,12,8,2024-12-19 19:36:15
500107150,20,12,8,2024-12-19 20:34:14
500107161,20,11,8,2024-12-19 18:37:15
500108133,20,12,8,2024-12-19 18:21:16
500108171,20,12,8,2024-12-19 17:59:14
500109085,20,12,8,2024-12-19 17:35:16
500106031,20,11,9,2024-12-19 17:29:16
500107009,20,11,9,2024-12-19 18:57:15
500107057,20,11,9,2024-12-19 18:38:16
500108014,20,11,9,2024-12-19 17:48:15
500108066,20,10,9,2024-12-19 16:50:17
500108093,20,11,9,2024-12-19 19:05:16
500108133,20,11,9,2024-12-19 18:16:16
500112097,20,10,9,2024-12-19 21:06:15
500112101,20,11,9,2024-12-19 19:18:15
500101230,20,10,10,2024-12-19 17:38:16
500104047,20,10,10,2024-12-19 20:01:15
500104047,20,10,10,2024-12-19 20:42:15
500106049,20,10,10,2024-12-19 20:11:15
500107057,20,10,10,2024-12-19 19:21:15
500108014,20,10,10,2024-12-19 17:58:16
500108073,20,10,10,2024-12-19 17:46:15
500108090,20,10,10,2024-12-19 18:08:16
500109028,20,7,10,2024-12-19 17:36:15
500110069,20,10,10,2024-12-19 19:29:14
500110079,20,10,10,2024-12-19 19:28:15
500110079,20,10,10,2024-12-19 18:47:16
500111040,20,10,10,2024-12-19 18:33:16
500112110,20,10,10,2024-12-19 20:38:15
500103019,20,8,11,2024-12-19 20:47:15
500105048,20,9,11,2024-12-19 18:54:15
500108040,20,9,11,2024-12-19 17:12:16
500110030,20,8,11,2024-12-19 18:59:15
500110079,20,9,11,2024-12-19 19:54:15
500111027,20,9,11,2024-12-19 20:35:16
500112053,20,9,11,2024-12-19 16:56:15
500112086,20,9,11,2024-12-19 20:56:15
500112097,20,9,11,2024-12-19 17:28:15
500112110,20,9,11,2024-12-19 17:28:15
500101031,20,8,12,2024-12-19 19:06:16
500101037,20,8,12,2024-12-19 20:27:14
500101234,20,7,12,2024-12-19 18:36:16
500103019,20,7,12,2024-12-19 19:06:16
500103019,20,7,12,2024-12-19 21:05:16
500103038,20,8,12,2024-12-19 18:18:15
500103043,20,8,12,2024-12-19 18:07:16
500104070,20,8,12,2024-12-19 19:50:16
500106031,20,8,12,2024-12-19 19:02:15
500106031,20,8,12,2024-12-19 19:18:15
500106031,20,8,12,2024-12-19 18:18:16
500107006,20,8,12,2024-12-19 19:28:15
500108014,20,8,12,2024-12-19 17:26:15
500108093,20,8,12,2024-12-19 19:30:17
500108171,20,8,12,2024-12-19 18:12:16
500110015,20,7,12,2024-12-19 21:18:15
500110079,20,8,12,2024-12-19 18:58:16
500101036,20,7,13,2024-12-19 20:04:16
500103019,20,6,13,2024-12-19 17:49:15
500106005,20,7,13,2024-12-19 17:38:16
500108090,20,7,13,2024-12-19 20:17:15
500108090,20,7,13,2024-12-19 18:57:15
500110020,20,7,13,2024-12-19 17:44:15
500110072,20,7,13,2024-12-19 18:37:15
500111095,20,7,13,2024-12-19 18:41:15
500111113,20,7,13,2024-12-19 16:53:15
500112107,20,7,13,2024-12-19 19:38:15
500101147,20,6,14,2024-12-19 17:55:17
500101147,20,6,14,2024-12-19 21:14:15
500101214,20,6,14,2024-12-19 17:28:15
500101241,20,6,14,2024-12-19 17:26:15
500107105,20,6,14,2024-12-19 18:20:17
500107136,20,6,14,2024-12-19 18:08:16
500108171,20,6,14,2024-12-19 18:35:16
500110012,20,6,14,2024-12-19 19:47:15
500110015,20,5,14,2024-12-19 17:26:15
500110030,20,5,14,2024-12-19 18:37:15
500113028,20,5,14,2024-12-19 20:36:14
500113028,20,6,14,2024-12-19 20:43:14
500113056,20,6,14,2024-12-19 19:18:15
500101031,20,5,15,2024-12-19 18:56:15
500101036,20,5,15,2024-12-19 18:58:16
500101094,20,5,15,2024-12-19 19:18:15
500107038,20,5,15,2024-12-19 17:38:16
500107161,20,4,15,2024-12-19 20:45:16
500110072,20,5,15,2024-12-19 19:38:14
500111081,20,5,15,2024-12-19 17:26:15
500101010,20,4,16,2024-12-19 20:10:17
500101037,20,4,16,2024-12-19 18:06:15
500103061,20,4,16,2024-12-19 18:24:16
500106049,20,4,16,2024-12-19 17:20:17
500111049,20,4,16,2024-12-19 18:28:16
500112101,20,4,16,2024-12-19 17:36:15
500112107,20,4,16,2024-12-19 18:45:16
500101028,20,3,17,2024-12-19 19:07:15
500103038,20,3,17,2024-12-19 20:24:15
500105048,20,3,17,2024-12-19 20:22:15
500107066,20,2,17,2024-12-19 17:27:16
500110030,20,2,17,2024-12-19 17:54:14
500110072,20,3,17,2024-12-19 19:19:15
500111052,20,3,17,2024-12-19 16:39:15
500111096,20,3,17,2024-12-19 17:36:15
500112053,20,3,17,2024-12-19 20:58:15
500113013,20,2,17,2024-12-19 19:31:15
500101028,20,2,18,2024-12-19 19:43:15
500101214,20,2,18,2024-12-19 17:46:15
500101214,20,2,18,2024-12-19 20:48:15
500103038,20,2,18,2024-12-19 20:33:15
500103061,20,2,18,2024-12-19 17:57:15
500105048,20,2,18,2024-12-19 20:36:15
500107038,20,2,18,2024-12-19 20:12:15
500107038,20,2,18,2024-12-19 20:50:16
500107079,20,2,18,2024-12-19 20:31:15
500119066,20,2,18,2024-12-19 17:37:16
500119066,20,2,18,2024-12-19 19:28:15
500101037,20,1,19,2024-12-19 18:18:16
500103045,20,1,19,2024-12-19 17:57:16
500106005,20,1,19,2024-12-19 18:29:16
500106080,20,1,19,2024-12-19 19:58:15
500106080,20,1,19,2024-12-19 19:48:15
500107038,20,1,19,2024-12-19 19:59:16
500107102,20,1,19,2024-12-19 18:08:16
500108190,20,1,19,2024-12-19 15:23:14
500106005,20,0,20,2024-12-19 19:37:16
500119066,20,0,20,2024-12-19 20:38:16
500119066,20,0,20,2024-12-19 19:38:15
500101028,20,19,1,2024-12-19 16:54:16
500103043,20,19,1,2024-12-19 14:57:15
500101028,20,16,3,2024-12-19 16:08:16
500103043,20,17,3,2024-12-19 15:49:14
500103043,20,17,3,2024-12-19 16:13:15
500107066,20,16,3,2024-12-19 15:21:15
500107150,20,17,3,2024-12-19 17:00:17
500107150,20,17,3,2024-12-19 17:17:16
500112079,20,15,3,2024-12-19 17:12:16
500103043,20,16,4,2024-12-19 15:45:15
500103043,20,16,4,2024-12-19 16:05:16
500103043,20,16,4,2024-12-19 14:08:15
500103043,20,16,4,2024-12-19 14:18:15
500107006,20,16,4,2024-12-19 15:11:14
500111081,20,16,4,2024-12-19 16:57:16
500101119,20,15,5,2024-12-19 15:51:15
500106080,20,15,5,2024-12-19 15:58:14
500107066,20,14,5,2024-12-19 13:28:16
500108122,20,15,5,2024-12-19 16:56:15
500109084,20,15,5,2024-12-19 16:46:15
500107102,20,14,6,2024-12-19 15:55:16
500119066,20,14,6,2024-12-19 13:37:14
500107057,20,13,7,2024-12-19 16:06:15
500108093,20,13,7,2024-12-19 16:35:15
500113070,20,13,7,2024-12-19 15:11:15
500105048,20,12,8,2024-12-19 14:17:15
500106041,20,11,8,2024-12-19 13:10:16
500107142,20,12,8,2024-12-19 15:14:15
500107142,20,12,8,2024-12-19 16:54:16
500112062,20,12,8,2024-12-19 13:50:16
500119066,20,12,8,2024-12-19 14:06:15
500101028,20,9,9,2024-12-19 15:12:15
500104105,20,11,9,2024-12-19 16:06:15
500106005,20,11,9,2024-12-19 15:25:15
500106080,20,11,9,2024-12-19 13:37:15
500106080,20,11,9,2024-12-19 14:17:15
500107142,20,11,9,2024-12-19 16:37:15
500107142,20,10,10,2024-12-19 13:44:15
500108066,20,10,10,2024-12-19 13:41:15
500108117,20,10,10,2024-12-19 14:52:16
500108122,20,10,10,2024-12-19 17:08:16
500112001,20,10,10,2024-12-19 17:17:16
500112062,20,10,10,2024-12-19 13:09:15
500112107,20,10,10,2024-12-19 16:28:15
500113070,20,10,10,2024-12-19 16:30:16
500101010,20,8,11,2024-12-19 13:48:15
500101153,20,9,11,2024-12-19 13:28:15
500105092,20,9,11,2024-12-19 16:34:16
500108066,20,9,11,2024-12-19 14:56:15
500109085,20,9,11,2024-12-19 16:36:15
500110015,20,8,11,2024-12-19 15:44:15
500110015,20,8,11,2024-12-19 16:44:15
500103051,20,7,12,2024-12-19 16:23:15
500104047,20,8,12,2024-12-19 13:09:15
500106005,20,8,12,2024-12-19 17:01:16
500110015,20,7,12,2024-12-19 16:05:16
500101010,20,6,13,2024-12-19 13:57:15
500112001,20,7,13,2024-12-19 17:01:16
500112053,20,6,13,2024-12-19 15:29:15
500112053,20,6,13,2024-12-19 14:09:16
500101094,20,6,14,2024-12-19 15:50:15
500101153,20,6,14,2024-12-19 16:28:15
500101230,20,6,14,2024-12-19 16:09:14
500110069,20,6,14,2024-12-19 17:08:16
500111049,20,6,14,2024-12-19 16:30:16
500111096,20,6,14,2024-12-19 17:15:17
500112101,20,6,14,2024-12-19 14:38:15
500105106,20,4,15,2024-12-19 15:01:18
500106049,20,5,15,2024-12-19 15:46:16
500108146,20,5,15,2024-12-19 14:22:15
500108184,20,5,15,2024-12-19 13:18:14
500109070,20,5,15,2024-12-19 13:37:14
500110020,20,5,15,2024-12-19 17:08:16
500111096,20,5,15,2024-12-19 15:22:15
500119066,20,5,15,2024-12-19 17:07:15
500101036,20,4,16,2024-12-19 14:05:16
500101147,20,4,16,2024-12-19 14:29:15
500107066,20,3,16,2024-12-19 17:01:16
500107172,20,3,16,2024-12-19 14:18:15
500109070,20,4,16,2024-12-19 15:56:15
500110072,20,4,16,2024-12-19 14:27:14
500112097,20,4,16,2024-12-19 15:48:15
500101234,20,2,17,2024-12-19 14:38:15
500111095,20,3,17,2024-12-19 16:37:15
500112001,20,3,17,2024-12-19 16:25:16
500101036,20,2,18,2024-12-19 13:48:16
500101147,20,2,18,2024-12-19 16:28:15
500106135,20,2,18,2024-12-19 14:08:15
500107120,20,2,18,2024-12-19 16:32:15
500107120,20,2,18,2024-12-19 15:29:15
500109070,20,2,18,2024-12-19 16:16:15
500111042,20,2,18,2024-12-19 14:30:16
500107120,20,1,19,2024-12-19 16:25:15
500107172,20,0,19,2024-12-19 13:13:15
500111042,20,1,19,2024-12-19 14:27:15
500105106,20,0,20,2024-12-19 13:45:16
500106135,20,0,20,2024-12-19 15:28:14
500101010,20,17,3,2024-12-19 02:57:14
500107120,20,1,19,2024-12-19 21:48:16
500103043,20,4,16,2024-12-19 21:46:15
500103038,20,5,15,2024-12-19 21:44:15
500106049,20,7,13,2024-12-19 21:47:15
500107066,20,10,9,2024-12-19 21:46:14
500101031,20,10,10,2024-12-19 21:47:15
500112097,20,13,6,2024-12-19 21:45:15
500101094,20,20,0,2024-12-19 06:11:15
500106005,20,19,1,2024-12-19 07:35:16
500106080,20,19,1,2024-12-19 06:46:15
500101241,20,18,2,2024-12-19 08:27:15
500103038,20,18,2,2024-12-19 06:24:15
500106005,20,18,2,2024-12-19 07:46:15
500106073,20,18,2,2024-12-19 08:56:16
500107079,20,18,2,2024-12-19 06:55:16
500112053,20,17,2,2024-12-19 08:16:15
500112107,20,18,2,2024-12-19 06:31:15
500113013,20,18,2,2024-12-19 08:25:16
500119066,20,18,2,2024-12-19 08:47:15
500101031,20,17,3,2024-12-19 08:27:16
500109017,20,17,3,2024-12-19 07:49:16
500112079,20,15,3,2024-12-19 08:28:15
500103045,20,16,4,2024-12-19 05:55:15
500106041,20,16,4,2024-12-19 08:57:14
500107150,20,15,4,2024-12-19 08:55:16
500109028,20,13,4,2024-12-19 08:47:15
500101230,20,14,5,2024-12-19 04:46:15
500108190,20,15,5,2024-12-19 08:21:16
500112097,20,12,5,2024-12-19 06:17:14
500112107,20,15,5,2024-12-19 08:16:14
500113013,20,11,5,2024-12-19 06:44:15
500113053,20,14,5,2024-12-19 06:41:15
500119066,20,15,5,2024-12-19 08:02:15
500101214,20,12,6,2024-12-19 07:36:15
500103043,20,14,6,2024-12-19 05:27:15
500103043,20,14,6,2024-12-19 06:41:15
500106002,20,13,6,2024-12-19 06:47:15
500108066,20,10,6,2024-12-19 06:34:15
500108066,20,10,6,2024-12-19 07:27:15
500109077,20,14,6,2024-12-19 05:38:14
500110069,20,14,6,2024-12-19 06:30:17
500101119,20,12,7,2024-12-19 06:38:15
500103043,20,13,7,2024-12-19 06:06:14
500103045,20,13,7,2024-12-19 07:37:15
500108127,20,13,7,2024-12-19 07:22:14
500110053,20,12,7,2024-12-19 06:04:14
500101241,20,12,8,2024-12-19 07:57:16
500105048,20,12,8,2024-12-19 06:55:16
500107066,20,11,8,2024-12-19 08:44:16
500107066,20,12,8,2024-12-19 06:31:14
500110012,20,12,8,2024-12-19 07:56:15
500111042,20,11,8,2024-12-19 06:56:15
500101010,20,10,9,2024-12-19 07:55:16
500106080,20,11,9,2024-12-19 07:14:15
500106135,20,9,9,2024-12-19 07:27:15
500107038,20,11,9,2024-12-19 08:37:15
500107079,20,11,9,2024-12-19 07:59:15
500107136,20,11,9,2024-12-19 08:36:15
500108073,20,11,9,2024-12-19 08:12:15
500109028,20,8,9,2024-12-19 07:23:15
500112110,20,10,9,2024-12-19 05:26:15
500113013,20,11,9,2024-12-19 07:55:17
500113056,20,10,9,2024-12-19 07:49:16
500107038,20,10,10,2024-12-19 05:33:15
500108090,20,10,10,2024-12-19 07:40:16
500108093,20,10,10,2024-12-19 08:37:15
500109085,20,10,10,2024-12-19 07:36:15
500111096,20,9,10,2024-12-19 07:22:15
500101031,20,9,11,2024-12-19 05:24:14
500101031,20,9,11,2024-12-19 05:39:15
500101230,20,8,11,2024-12-19 07:17:14
500103038,20,9,11,2024-12-19 07:27:15
500104105,20,9,11,2024-12-19 07:51:15
500107038,20,9,11,2024-12-19 08:47:15
500107102,20,9,11,2024-12-19 07:29:15
500108052,20,9,11,2024-12-19 07:37:15
500109070,20,9,11,2024-12-19 07:47:15
500113013,20,9,11,2024-12-19 07:47:15
500113053,20,8,11,2024-12-19 08:14:16
500113056,20,8,11,2024-12-19 08:35:16
500103051,20,7,12,2024-12-19 08:17:15
500103051,20,7,12,2024-12-19 05:43:14
500106031,20,8,12,2024-12-19 07:35:16
500107091,20,8,12,2024-12-19 08:43:15
500111052,20,8,12,2024-12-19 08:14:16
500101119,20,6,13,2024-12-19 07:13:15
500101230,20,6,13,2024-12-19 07:24:15
500101234,20,6,13,2024-12-19 06:24:15
500103019,20,4,13,2024-12-19 07:40:16
500106049,20,7,13,2024-12-19 08:55:16
500107161,20,6,13,2024-12-19 08:14:16
500111096,20,6,13,2024-12-19 07:40:16
500112110,20,6,13,2024-12-19 06:23:15
500106031,20,6,14,2024-12-19 06:54:16
500107150,20,5,14,2024-12-19 07:14:15
500108093,20,6,14,2024-12-19 07:12:15
500111054,20,6,14,2024-12-19 07:01:15
500112086,20,6,14,2024-12-19 06:24:15
500101119,20,4,15,2024-12-19 07:37:15
500101230,20,4,15,2024-12-19 08:36:15
500103045,20,5,15,2024-12-19 08:13:15
500107057,20,4,15,2024-12-19 06:43:15
500108093,20,5,15,2024-12-19 06:48:15
500109085,20,5,15,2024-12-19 07:47:15
500110020,20,5,15,2024-12-19 06:17:14
500111081,20,5,15,2024-12-19 07:59:15
500105048,20,4,16,2024-12-19 08:03:15
500105106,20,4,16,2024-12-19 06:37:15
500106135,20,2,16,2024-12-19 06:08:14
500111054,20,4,16,2024-12-19 08:09:15
500112053,20,3,16,2024-12-19 07:14:15
500112101,20,4,16,2024-12-19 08:56:16
500101010,20,2,17,2024-12-19 08:35:15
500103061,20,3,17,2024-12-19 08:16:15
500106080,20,3,17,2024-12-19 08:03:15
500107003,20,3,17,2024-12-19 08:40:17
500107006,20,3,17,2024-12-19 07:07:15
500107120,20,3,17,2024-12-19 07:44:15
500107161,20,2,17,2024-12-19 07:00:16
500111081,20,3,17,2024-12-19 07:50:19
500112062,20,3,17,2024-12-19 07:45:16
500106002,20,1,18,2024-12-19 08:55:16
500107006,20,2,18,2024-12-19 07:42:15
500107006,20,2,18,2024-12-19 08:01:15
500108146,20,2,18,2024-12-19 08:15:16
500110020,20,2,18,2024-12-19 07:26:15
500112101,20,2,18,2024-12-19 07:30:16
500101028,20,1,19,2024-12-19 08:25:15
500106049,20,1,19,2024-12-19 08:32:15
500108074,20,1,19,2024-12-19 07:44:15
500106041,20,0,20,2024-12-19 07:07:16
500106041,20,0,20,2024-12-19 07:37:15
500107142,20,4,16,2024-12-19 03:56:14
500101094,20,13,7,2024-12-19 00:07:16
500106041,20,1,19,2024-12-19 00:18:14
500107038,20,2,18,2024-12-19 00:16:15
500107057,20,8,11,2024-12-19 00:06:15
500109077,20,14,6,2024-12-19 00:47:15
500110072,20,13,7,2024-12-19 00:01:14
500110079,20,15,5,2024-12-19 03:17:15
500101153,20,7,13,2024-12-19 23:49:15
500101153,20,6,13,2024-12-19 00:01:14
500110072,20,9,11,2024-12-19 00:27:15
500111029,20,6,14,2024-12-19 00:04:16
500112110,20,11,9,2024-12-19 00:21:15
500106001,20,1,19,2024-12-19 18:21:15
500110030,20,15,4,2024-12-19 23:57:15
500101234,20,5,14,2024-12-19 23:31:15
500106041,20,9,10,2024-12-19 23:46:15
500111049,20,2,18,2024-12-19 20:34:14
500113013,20,11,8,2024-12-19 23:56:14
500112086,20,12,8,2024-12-19 23:52:14
500107105,20,14,6,2024-12-19 22:06:15
500106041,20,1,19,2024-12-19 00:59:15
500108093,20,3,17,2024-12-19 00:05:15
500112086,20,3,17,2024-12-19 00:56:14
500110015,20,4,15,2024-12-19 01:02:15
500111040,20,4,16,2024-12-19 00:11:14
500111055,20,4,16,2024-12-19 00:56:14
500107142,20,5,15,2024-12-19 01:08:16
500107102,20,6,14,2024-12-19 01:09:14
500107120,20,7,12,2024-12-19 00:10:15
500109077,20,13,7,2024-12-19 00:52:15
500112107,20,15,5,2024-12-19 01:16:15
500101147,20,2,18,2024-12-19 23:14:15
500107091,20,7,13,2024-12-19 23:12:15
500107161,20,10,9,2024-12-19 22:56:15
500112097,20,10,9,2024-12-19 23:19:15
500106073,20,11,9,2024-12-19 22:50:15
500107057,20,13,6,2024-12-19 22:48:15
500104047,20,15,5,2024-12-19 21:54:15
500101119,20,16,4,2024-12-19 22:28:15
500101010,20,1,19,2024-12-19 22:34:15
500101037,20,7,13,2024-12-19 22:36:14
500101241,20,8,12,2024-12-19 22:37:15
500107142,20,13,7,2024-12-19 22:30:15
500112063,20,15,4,2024-12-19 22:39:15
500110072,20,3,17,2024-12-19 21:39:15
500107136,20,7,13,2024-12-19 21:31:15
500112101,20,10,10,2024-12-19 21:39:15
500112001,20,11,5,2024-12-19 21:32:15
500103045,20,11,9,2024-12-19 21:36:15
500107003,20,11,9,2024-12-19 18:39:16
500110020,20,13,7,2024-12-19 21:31:15
500109084,20,17,3,2024-12-19 21:38:14
500103019,20,12,7,2024-12-19 01:57:15
500112001,20,14,5,2024-12-19 02:51:15
500103043,20,16,4,2024-12-19 02:02:15
500112063,20,12,6,2024-12-19 04:14:15
500101147,20,1,19,2024-12-19 21:58:16
500107161,20,5,14,2024-12-19 21:59:15
500106049,20,7,13,2024-12-19 21:53:15
500107136,20,9,11,2024-12-19 22:06:14
500112086,20,10,10,2024-12-19 21:46:15
500112107,20,12,8,2024-12-19 21:49:15
500111095,20,15,5,2024-12-19 21:45:14
500112086,20,4,16,2024-12-19 01:22:15
500101010,20,0,20,2024-12-19 21:49:15
500110069,20,8,12,2024-12-19 21:45:14
500103045,20,11,9,2024-12-19 21:59:15
500110020,20,11,9,2024-12-19 21:58:15
500108014,20,12,8,2024-12-19 21:42:15
500113070,20,16,4,2024-12-19 23:55:16
500103051,20,3,16,2024-12-19 02:39:15
500107120,20,4,15,2024-12-19 02:16:15
500107038,20,0,20,2024-12-19 22:48:15
500101037,20,8,12,2024-12-19 22:45:16
500103051,20,10,9,2024-12-19 22:47:15
500112097,20,15,4,2024-12-19 22:42:15
500101234,20,3,16,2024-12-19 23:08:15
500101037,20,8,12,2024-12-19 23:08:15
500107091,20,10,10,2024-12-19 23:09:15
500101037,20,1,19,2024-12-19 22:18:15
500107172,20,16,3,2024-12-19 22:14:14
500112062,20,18,2,2024-12-19 22:11:15
500112062,20,9,11,2024-12-19 04:42:14
500107150,20,4,16,2024-12-19 22:26:15
500106002,20,1,19,2024-12-19 23:32:15
500101031,20,6,14,2024-12-19 01:35:15
500108090,20,20,0,2024-12-19 08:52:15
500111081,20,20,0,2024-12-19 09:07:16
500101214,20,17,1,2024-12-19 10:10:16
500103043,20,19,1,2024-12-19 11:58:16
500103051,20,17,1,2024-12-19 11:06:15
500103051,20,17,1,2024-12-19 11:18:16
500106041,20,18,1,2024-12-19 11:37:15
500106041,20,19,1,2024-12-19 11:24:15
500107057,20,18,1,2024-12-19 13:03:15
500119066,20,19,1,2024-12-19 10:21:15
500106099,20,18,2,2024-12-19 10:43:16
500111081,20,18,2,2024-12-19 11:57:16
500101241,20,17,3,2024-12-19 10:30:16
500111081,20,17,3,2024-12-19 12:08:15
500111081,20,17,3,2024-12-19 11:13:15
500101214,20,14,4,2024-12-19 11:09:15
500106073,20,16,4,2024-12-19 12:19:16
500107006,20,16,4,2024-12-19 12:23:15
500107057,20,15,4,2024-12-19 09:06:15
500108171,20,16,4,2024-12-19 10:53:16
500119066,20,16,4,2024-12-19 11:48:15
500101028,20,13,5,2024-12-19 12:15:16
500101153,20,14,5,2024-12-19 12:19:16
500101241,20,15,5,2024-12-19 09:09:15
500106041,20,15,5,2024-12-19 09:05:16
500106073,20,15,5,2024-12-19 13:07:15
500107057,20,14,5,2024-12-19 12:19:16
500112079,20,13,5,2024-12-19 10:17:16
500105048,20,14,6,2024-12-19 12:55:16
500105048,20,14,6,2024-12-19 12:19:16
500106031,20,14,6,2024-12-19 12:34:14
500106031,20,14,6,2024-12-19 11:50:16
500107006,20,14,6,2024-12-19 11:52:15
500107105,20,14,6,2024-12-19 10:27:15
500107105,20,14,6,2024-12-19 10:45:16
500108072,20,12,6,2024-12-19 12:06:16
500103043,20,13,7,2024-12-19 12:38:14
500107091,20,13,7,2024-12-19 11:52:15
500107102,20,13,7,2024-12-19 09:36:15
500108073,20,13,7,2024-12-19 11:09:15
500109077,20,13,7,2024-12-19 09:42:15
500109084,20,13,7,2024-12-19 12:13:16
500111040,20,13,7,2024-12-19 09:08:15
500101147,20,12,8,2024-12-19 11:43:15
500101241,20,12,8,2024-12-19 11:08:15
500103051,20,10,8,2024-12-19 10:28:15
500107057,20,11,8,2024-12-19 10:37:15
500107066,20,11,8,2024-12-19 12:08:15
500107142,20,12,8,2024-12-19 12:36:15
500108073,20,12,8,2024-12-19 11:34:15
500109077,20,12,8,2024-12-19 11:29:15
500110030,20,10,8,2024-12-19 11:05:16
500111055,20,12,8,2024-12-19 11:37:15
500112053,20,11,8,2024-12-19 09:05:15
500113013,20,12,8,2024-12-19 09:09:15
500101147,20,11,9,2024-12-19 11:17:15
500103071,20,10,9,2024-12-19 10:29:15
500107091,20,11,9,2024-12-19 11:38:14
500108074,20,11,9,2024-12-19 10:05:16
500108122,20,11,9,2024-12-19 10:55:17
500108133,20,11,9,2024-12-19 09:45:15
500109077,20,11,9,2024-12-19 11:40:17
500109077,20,11,9,2024-12-19 11:28:16
500110015,20,10,9,2024-12-19 11:55:18
500110030,20,9,9,2024-12-19 10:33:15
500111055,20,11,9,2024-12-19 12:18:15
500105048,20,10,10,2024-12-19 10:42:15
500108117,20,10,10,2024-12-19 10:55:17
500109077,20,10,10,2024-12-19 12:07:16
500110030,20,8,10,2024-12-19 12:10:16
500110030,20,8,10,2024-12-19 09:51:14
500110030,20,8,10,2024-12-19 11:20:17
500113013,20,10,10,2024-12-19 11:07:16
500101028,20,7,11,2024-12-19 10:48:15
500101241,20,9,11,2024-12-19 11:13:15
500103043,20,9,11,2024-12-19 09:52:14
500104105,20,9,11,2024-12-19 10:16:15
500106005,20,9,11,2024-12-19 09:32:15
500112062,20,9,11,2024-12-19 12:18:15
500112107,20,9,11,2024-12-19 12:57:15
500113013,20,9,11,2024-12-19 10:25:16
500106005,20,8,12,2024-12-19 09:40:16
500106049,20,8,12,2024-12-19 12:37:15
500106135,20,8,12,2024-12-19 12:47:15
500108122,20,8,12,2024-12-19 11:56:16
500112110,20,7,12,2024-12-19 11:42:16
500103043,20,7,13,2024-12-19 09:47:15
500107038,20,7,13,2024-12-19 12:31:15
500107142,20,7,13,2024-12-19 12:08:15
500108117,20,7,13,2024-12-19 10:38:15
500109070,20,7,13,2024-12-19 09:07:15
500112062,20,7,13,2024-12-19 11:58:16
500112062,20,7,13,2024-12-19 12:05:17
500101028,20,4,14,2024-12-19 09:22:15
500101036,20,6,14,2024-12-19 09:07:15
500101119,20,6,14,2024-12-19 11:48:15
500101153,20,5,14,2024-12-19 11:54:15
500101153,20,5,14,2024-12-19 11:24:15
500104070,20,6,14,2024-12-19 11:26:15
500105044,20,6,14,2024-12-19 10:05:16
500107038,20,6,14,2024-12-19 10:36:14
500107120,20,6,14,2024-12-19 10:14:15
500107120,20,6,14,2024-12-19 11:03:16
500108052,20,6,14,2024-12-19 09:54:15
500111042,20,5,14,2024-12-19 11:38:15
500112063,20,4,14,2024-12-19 09:54:15
500112110,20,5,14,2024-12-19 12:27:15
500101036,20,5,15,2024-12-19 11:57:16
500105044,20,5,15,2024-12-19 12:42:15
500105044,20,5,15,2024-12-19 09:41:15
500106135,20,5,15,2024-12-19 12:19:16
500108184,20,5,15,2024-12-19 08:41:15
500108190,20,5,15,2024-12-19 11:13:15
500110015,20,4,15,2024-12-19 09:06:14
500110015,20,4,15,2024-12-19 10:15:16
500111052,20,5,15,2024-12-19 11:38:14
500112110,20,4,15,2024-12-19 12:17:16
500101094,20,4,16,2024-12-19 09:47:14
500106080,20,4,16,2024-12-19 09:09:15
500107009,20,4,16,2024-12-19 11:47:16
500107038,20,4,16,2024-12-19 11:17:15
500107120,20,4,16,2024-12-19 09:43:15
500110012,20,4,16,2024-12-19 12:14:16
500110015,20,3,16,2024-12-19 10:06:15
500110069,20,4,16,2024-12-19 10:21:15
500110072,20,4,16,2024-12-19 11:42:15
500101010,20,2,17,2024-12-19 11:26:15
500101094,20,3,17,2024-12-19 11:47:16
500101147,20,3,17,2024-12-19 09:04:15
500101230,20,3,17,2024-12-19 10:11:15
500101234,20,2,17,2024-12-19 10:40:16
500106049,20,3,17,2024-12-19 11:58:16
500107079,20,3,17,2024-12-19 12:53:15
500107079,20,3,17,2024-12-19 09:43:15
500107172,20,2,17,2024-12-19 09:09:15
500108117,20,3,17,2024-12-19 12:38:15
500108146,20,3,17,2024-12-19 09:44:15
500109070,20,3,17,2024-12-19 11:28:16
500111096,20,2,17,2024-12-19 08:26:15
500112063,20,1,17,2024-12-19 11:26:14
500112097,20,3,17,2024-12-19 09:36:15
500112097,20,3,17,2024-12-19 11:28:16
500113028,20,2,17,2024-12-19 11:10:18
500101010,20,1,18,2024-12-19 10:37:15
500101010,20,1,18,2024-12-19 11:08:15
500101234,20,1,18,2024-12-19 12:38:15
500101234,20,1,18,2024-12-19 12:42:15
500105106,20,2,18,2024-12-19 10:30:17
500106002,20,1,18,2024-12-19 09:04:15
500106005,20,2,18,2024-12-19 11:17:15
500108093,20,2,18,2024-12-19 09:05:16
500108146,20,2,18,2024-12-19 09:36:14
500110072,20,2,18,2024-12-19 12:23:16
500110072,20,2,18,2024-12-19 09:56:16
500112001,20,2,18,2024-12-19 09:35:16
500101010,20,0,19,2024-12-19 10:04:16
500101031,20,1,19,2024-12-19 10:56:14
500101036,20,1,19,2024-12-19 12:48:15
500101094,20,1,19,2024-12-19 10:55:16
500101230,20,1,19,2024-12-19 09:46:15
500101230,20,1,19,2024-12-19 10:27:16
500103038,20,1,19,2024-12-19 09:35:16
500103045,20,1,19,2024-12-19 12:25:15
500103061,20,1,19,2024-12-19 11:37:15
500106001,20,1,19,2024-12-19 09:08:14
500106002,20,1,19,2024-12-19 11:35:16
500106002,20,1,19,2024-12-19 12:08:15
500106002,20,1,19,2024-12-19 10:48:15
500106135,20,1,19,2024-12-19 11:58:15
500107009,20,1,19,2024-12-19 09:06:15
500107136,20,1,19,2024-12-19 10:28:15
500107172,20,0,19,2024-12-19 09:47:15
500108146,20,1,19,2024-12-19 10:34:15
500109070,20,1,19,2024-12-19 10:36:15
500110072,20,1,19,2024-12-19 09:26:15
500101037,20,0,20,2024-12-19 10:36:15
500101094,20,0,20,2024-12-19 11:23:15
500103038,20,0,20,2024-12-19 11:17:15
500103061,20,0,20,2024-12-19 08:45:16
500110072,20,0,20,2024-12-19 09:01:17
500111027,20,0,20,2024-12-19 09:14:15
500107142,20,20,0,2024-12-19 18:36:16
500101010,20,19,1,2024-12-19 19:04:15
500101241,20,19,1,2024-12-19 19:55:16
500106135,20,19,1,2024-12-19 18:47:16
500108066,20,18,1,2024-12-19 19:48:15
500109077,20,19,1,2024-12-19 19:58:15
500112062,20,19,1,2024-12-19 19:50:16
500101094,20,18,2,2024-12-19 18:56:15
500103043,20,18,2,2024-12-19 18:57:15
500109077,20,18,2,2024-12-19 17:45:16
500109077,20,18,2,2024-12-19 19:38:15
500109077,20,18,2,2024-12-19 18:42:16
500103043,20,17,3,2024-12-19 20:13:15
500107136,20,17,3,2024-12-19 20:34:15
500112079,20,15,3,2024-12-19 17:24:16
500106080,20,16,4,2024-12-19 17:28:15
500107142,20,16,4,2024-12-19 17:36:15
500108127,20,16,4,2024-12-19 21:18:15
500108146,20,16,4,2024-12-19 18:40:16
500110072,20,16,4,2024-12-19 17:59:15
500112001,20,12,4,2024-12-19 20:08:15
500107091,20,15,5,2024-12-19 17:13:15
500107091,20,15,5,2024-12-19 18:15:17
500107150,20,15,5,2024-12-19 19:34:15
500109028,20,12,5,2024-12-19 20:13:15
500112063,20,13,5,2024-12-19 18:46:15
500101119,20,14,6,2024-12-19 19:51:15
500105048,20,14,6,2024-12-19 18:38:16
500106099,20,14,6,2024-12-19 17:51:16
500109077,20,14,6,2024-12-19 18:17:15
500109085,20,14,6,2024-12-19 20:57:16
500110072,20,14,6,2024-12-19 17:45:16
500112062,20,14,6,2024-12-19 18:27:15
500112063,20,12,6,2024-12-19 17:48:15
500112079,20,12,6,2024-12-19 18:43:15
500112097,20,13,6,2024-12-19 21:17:15
500104105,20,13,7,2024-12-19 18:58:16
500106135,20,13,7,2024-12-19 18:37:15
500107057,20,13,7,2024-12-19 17:32:15
500107150,20,13,7,2024-12-19 17:46:15
500108066,20,12,7,2024-12-19 18:09:16
500109085,20,13,7,2024-12-19 20:20:16
500112062,20,13,7,2024-12-19 18:51:16
500112101,20,13,7,2024-12-19 20:04:16
500101153,20,12,8,2024-12-19 21:07:16
500105106,20,11,8,2024-12-19 17:58:16
500107057,20,12,8,2024-12-19 20:38:15
500107142,20,12,8,2024-12-19 17:24:16
500107161,20,11,8,2024-12-19 17:46:15
500108072,20,10,8,2024-12-19 19:59:16
500108093,20,12,8,2024-12-19 18:49:16
500110015,20,11,8,2024-12-19 18:18:16
500110030,20,11,8,2024-12-19 20:43:15
500112063,20,10,8,2024-12-19 20:39:15
500112086,20,12,8,2024-12-19 18:44:16
500112101,20,12,8,2024-12-19 18:31:15
500101119,20,11,9,2024-12-19 18:18:16
500107038,20,11,9,2024-12-19 18:16:16
500107057,20,11,9,2024-12-19 18:18:16
500107136,20,11,9,2024-12-19 18:36:16
500107161,20,10,9,2024-12-19 19:37:16
500108090,20,11,9,2024-12-19 17:30:16
500109085,20,11,9,2024-12-19 17:22:16
500110030,20,10,9,2024-12-19 20:30:17
500110069,20,11,9,2024-12-19 19:41:16
500110079,20,11,9,2024-12-19 20:02:15
500112062,20,11,9,2024-12-19 20:41:14
500112097,20,11,9,2024-12-19 17:35:16
500101153,20,10,10,2024-12-19 19:06:16
500101230,20,10,10,2024-12-19 19:16:15
500106049,20,10,10,2024-12-19 19:47:15
500108052,20,10,10,2024-12-19 17:54:14
500110015,20,9,10,2024-12-19 18:24:16
500112086,20,10,10,2024-12-19 17:16:16
500112097,20,9,10,2024-12-19 20:28:15
500112101,20,10,10,2024-12-19 20:47:15
500113053,20,10,10,2024-12-19 18:40:17
500113070,20,10,10,2024-12-19 17:17:16
500101028,20,9,11,2024-12-19 18:37:15
500101094,20,9,11,2024-12-19 20:28:15
500101147,20,9,11,2024-12-19 20:02:15
500107136,20,9,11,2024-12-19 18:17:15
500108171,20,9,11,2024-12-19 18:06:15
500110069,20,9,11,2024-12-19 18:54:15
500110072,20,9,11,2024-12-19 17:28:15
500112062,20,9,11,2024-12-19 17:39:15
500112079,20,7,11,2024-12-19 20:22:15
500113013,20,5,11,2024-12-19 19:05:16
500101094,20,8,12,2024-12-19 17:47:16
500101153,20,8,12,2024-12-19 19:41:16
500101234,20,7,12,2024-12-19 18:57:15
500106031,20,8,12,2024-12-19 19:58:15
500107150,20,8,12,2024-12-19 21:17:15
500107161,20,7,12,2024-12-19 20:11:16
500108117,20,8,12,2024-12-19 19:46:15
500110069,20,8,12,2024-12-19 18:30:17
500110079,20,8,12,2024-12-19 17:23:15
500111027,20,8,12,2024-12-19 20:09:15
500112086,20,8,12,2024-12-19 20:16:15
500101241,20,7,13,2024-12-19 17:47:16
500101241,20,7,13,2024-12-19 18:58:16
500106031,20,7,13,2024-12-19 18:54:14
500107006,20,7,13,2024-12-19 19:16:15
500112001,20,7,13,2024-12-19 17:28:15
500101241,20,6,14,2024-12-19 18:36:16
500103038,20,6,14,2024-12-19 17:37:16
500107009,20,6,14,2024-12-19 17:36:15
500107105,20,6,14,2024-12-19 17:35:16
500107172,20,5,14,2024-12-19 20:26:16
500107172,20,5,14,2024-12-19 19:07:15
500107172,20,5,14,2024-12-19 19:38:15
500108074,20,6,14,2024-12-19 20:32:15
500108093,20,6,14,2024-12-19 20:13:15
500108093,20,6,14,2024-12-19 17:47:16
500110030,20,5,14,2024-12-19 17:21:15
500111027,20,6,14,2024-12-19 18:05:16
500111095,20,6,14,2024-12-19 18:02:15
500113028,20,5,14,2024-12-19 18:51:16
500106031,20,5,15,2024-12-19 20:39:15
500106049,20,5,15,2024-12-19 19:06:16
500106135,20,5,15,2024-12-19 19:19:15
500107102,20,5,15,2024-12-19 20:13:15
500107102,20,5,15,2024-12-19 17:37:16
500107120,20,5,15,2024-12-19 20:10:17
500107136,20,5,15,2024-12-19 17:43:16
500110020,20,5,15,2024-12-19 17:38:16
500110030,20,4,15,2024-12-19 17:45:16
500111042,20,5,15,2024-12-19 20:23:15
500112053,20,5,15,2024-12-19 21:19:15
500112107,20,5,15,2024-12-19 17:33:16
500113013,20,5,15,2024-12-19 17:45:17
500101031,20,4,16,2024-12-19 19:57:14
500101241,20,4,16,2024-12-19 19:46:15
500103038,20,4,16,2024-12-19 18:27:18
500103045,20,4,16,2024-12-19 20:58:15
500107038,20,4,16,2024-12-19 18:48:15
500111042,20,4,16,2024-12-19 19:41:15
500111052,20,4,16,2024-12-19 19:16:15
500111081,20,4,16,2024-12-19 17:34:15
500113056,20,4,16,2024-12-19 18:23:16
500101028,20,3,17,2024-12-19 20:41:15
500103038,20,3,17,2024-12-19 19:43:15
500103045,20,3,17,2024-12-19 17:27:16
500103045,20,3,17,2024-12-19 18:34:15
500105048,20,3,17,2024-12-19 20:03:15
500106005,20,3,17,2024-12-19 17:48:15
500106005,20,3,17,2024-12-19 19:07:15
500106049,20,3,17,2024-12-19 18:56:15
500107120,20,3,17,2024-12-19 19:48:15
500108190,20,3,17,2024-12-19 18:45:16
500111029,20,3,17,2024-12-19 17:14:16
500113028,20,2,17,2024-12-19 18:36:16
500101234,20,1,18,2024-12-19 17:25:16
500101241,20,2,18,2024-12-19 17:59:15
500103038,20,2,18,2024-12-19 20:13:15
500107079,20,2,18,2024-12-19 17:54:15
500107172,20,1,18,2024-12-19 18:48:15
500108093,20,2,18,2024-12-19 18:06:15
500110030,20,1,18,2024-12-19 18:07:16
500113028,20,1,18,2024-12-19 17:23:15
500101214,20,1,19,2024-12-19 18:36:16
500103061,20,1,19,2024-12-19 17:33:16
500106002,20,1,19,2024-12-19 18:18:16
500107038,20,1,19,2024-12-19 19:22:16
500110012,20,1,19,2024-12-19 18:29:16
500110072,20,1,19,2024-12-19 21:17:15
500111055,20,1,19,2024-12-19 18:26:16
500112053,20,1,19,2024-12-19 19:05:16
500119066,20,1,19,2024-12-19 18:17:16
500101028,20,0,20,2024-12-19 19:29:16
500101214,20,0,20,2024-12-19 18:15:17
500106080,20,0,20,2024-12-19 20:08:15
500109070,20,0,20,2024-12-19 17:46:16
500111081,20,20,0,2024-12-19 14:14:15
500119066,20,20,0,2024-12-19 15:37:16
500112079,20,17,1,2024-12-19 16:38:14
500112110,20,19,1,2024-12-19 17:08:16
500107006,20,18,2,2024-12-19 15:40:15
500103043,20,17,3,2024-12-19 15:38:15
500107006,20,17,3,2024-12-19 16:04:15
500107057,20,17,3,2024-12-19 13:26:15
500107057,20,17,3,2024-12-19 16:56:15
500107161,20,16,3,2024-12-19 16:50:17
500101214,20,16,4,2024-12-19 14:03:15
500103051,20,15,4,2024-12-19 13:58:15
500112110,20,15,4,2024-12-19 15:32:15
500112110,20,15,4,2024-12-19 14:02:15
500101214,20,15,5,2024-12-19 15:03:15
500111055,20,15,5,2024-12-19 14:28:15
500101214,20,14,6,2024-12-19 14:57:15
500101214,20,14,6,2024-12-19 15:17:16
500105048,20,14,6,2024-12-19 14:45:15
500106041,20,13,6,2024-12-19 13:37:15
500107006,20,14,6,2024-12-19 17:11:16
500107057,20,14,6,2024-12-19 15:25:16
500107091,20,14,6,2024-12-19 13:33:15
500107142,20,14,6,2024-12-19 17:07:15
500112062,20,14,6,2024-12-19 16:57:15
500101214,20,13,7,2024-12-19 15:29:15
500106031,20,13,7,2024-12-19 15:22:15
500107142,20,13,7,2024-12-19 15:05:16
500108073,20,13,7,2024-12-19 14:38:15
500111040,20,13,7,2024-12-19 16:44:15
500101214,20,12,8,2024-12-19 16:33:15
500105106,20,11,8,2024-12-19 17:06:16
500106080,20,12,8,2024-12-19 15:25:15
500107142,20,12,8,2024-12-19 14:36:15
500108117,20,12,8,2024-12-19 13:54:15
500109077,20,12,8,2024-12-19 15:35:16
500111040,20,12,8,2024-12-19 15:26:14
500112062,20,12,8,2024-12-19 16:29:15
500105092,20,11,9,2024-12-19 16:53:15
500105092,20,11,9,2024-12-19 14:18:15
500106080,20,11,9,2024-12-19 17:18:15
500109028,20,8,9,2024-12-19 16:28:15
500112062,20,11,9,2024-12-19 15:06:15
500101010,20,10,10,2024-12-19 16:00:17
500103071,20,9,10,2024-12-19 14:27:14
500106080,20,10,10,2024-12-19 13:40:16
500107142,20,10,10,2024-12-19 13:10:16
500107142,20,10,10,2024-12-19 14:07:15
500108074,20,10,10,2024-12-19 14:24:15
500108122,20,10,10,2024-12-19 14:24:15
500112062,20,10,10,2024-12-19 14:41:15
500104047,20,9,11,2024-12-19 15:44:14
500108014,20,9,11,2024-12-19 17:08:16
500112086,20,9,11,2024-12-19 16:53:15
500108066,20,8,12,2024-12-19 15:10:15
500110020,20,8,12,2024-12-19 16:53:15
500112053,20,7,12,2024-12-19 14:35:15
500112063,20,6,12,2024-12-19 14:14:14
500113013,20,8,12,2024-12-19 15:56:15
500113013,20,8,12,2024-12-19 15:29:15
500119066,20,8,12,2024-12-19 13:16:15
500101153,20,7,13,2024-12-19 16:31:15
500101241,20,7,13,2024-12-19 15:45:16
500101241,20,7,13,2024-12-19 13:38:15
500101241,20,7,13,2024-12-19 17:04:15
500106005,20,7,13,2024-12-19 14:05:16
500110030,20,5,13,2024-12-19 13:10:16
500110069,20,7,13,2024-12-19 15:50:16
500110079,20,7,13,2024-12-19 17:15:17
500112086,20,7,13,2024-12-19 13:47:15
500101147,20,6,14,2024-12-19 13:14:15
500101153,20,6,14,2024-12-19 14:11:15
500101230,20,6,14,2024-12-19 15:25:15
500101241,20,6,14,2024-12-19 16:08:15
500101241,20,6,14,2024-12-19 15:32:15
500105048,20,6,14,2024-12-19 16:38:15
500110012,20,6,14,2024-12-19 16:47:15
500110072,20,6,14,2024-12-19 15:29:15
500110079,20,6,14,2024-12-19 15:01:16
500111096,20,6,14,2024-12-19 15:30:16
500112086,20,6,14,2024-12-19 13:37:15
500101031,20,5,15,2024-12-19 14:48:14
500101147,20,5,15,2024-12-19 13:31:15
500101153,20,5,15,2024-12-19 14:31:15
500101234,20,4,15,2024-12-19 13:39:15
500105048,20,5,15,2024-12-19 16:45:17
500106002,20,5,15,2024-12-19 16:03:15
500106005,20,5,15,2024-12-19 13:30:16
500107038,20,5,15,2024-12-19 15:43:15
500110079,20,5,15,2024-12-19 14:51:15
500113053,20,5,15,2024-12-19 17:14:15
500106135,20,4,16,2024-12-19 13:14:15
500109070,20,4,16,2024-12-19 16:26:15
500109070,20,4,16,2024-12-19 16:44:15
500112097,20,4,16,2024-12-19 13:25:16
500112101,20,4,16,2024-12-19 16:21:15
500101147,20,3,17,2024-12-19 15:36:15
500106135,20,3,17,2024-12-19 15:57:15
500106135,20,3,17,2024-12-19 16:28:15
500106135,20,3,17,2024-12-19 14:14:15
500106135,20,3,17,2024-12-19 14:31:15
500110012,20,3,17,2024-12-19 15:15:16
500101037,20,2,18,2024-12-19 14:45:15
500106002,20,2,18,2024-12-19 13:49:15
500107009,20,2,18,2024-12-19 14:01:15
500101036,20,1,19,2024-12-19 16:32:15
500101037,20,1,19,2024-12-19 15:57:16
500103038,20,1,19,2024-12-19 16:26:15
500107009,20,1,19,2024-12-19 14:51:15
500107120,20,1,19,2024-12-19 15:43:15
500107136,20,1,19,2024-12-19 13:55:16
500111054,20,1,19,2024-12-19 13:51:15
500101031,20,0,20,2024-12-19 15:12:16
500101037,20,0,20,2024-12-19 16:27:16
500103038,20,0,20,2024-12-19 16:04:16
500103061,20,0,20,2024-12-19 17:06:15
500109070,20,0,20,2024-12-19 21:44:15
500103019,20,7,12,2024-12-19 21:46:15
500112062,20,16,4,2024-12-19 21:49:15
500110079,20,18,2,2024-12-19 21:44:15
500112063,20,19,0,2024-12-19 21:48:16
500106080,20,20,0,2024-12-19 06:56:16
500107038,20,19,1,2024-12-19 06:55:16
500106005,20,18,2,2024-12-19 06:36:14
500107038,20,18,2,2024-12-19 06:43:15
500107172,20,17,2,2024-12-19 07:48:15
500107172,20,14,2,2024-12-19 06:20:15
500111040,20,18,2,2024-12-19 08:03:15
500112079,20,16,2,2024-12-19 08:25:15
500119066,20,18,2,2024-12-19 08:25:16
500108072,20,15,3,2024-12-19 08:54:15
500109017,20,17,3,2024-12-19 07:14:15
500101214,20,14,4,2024-12-19 08:27:16
500106005,20,16,4,2024-12-19 08:47:15
500107136,20,16,4,2024-12-19 06:31:15
500107136,20,16,4,2024-12-19 05:52:14
500107136,20,16,4,2024-12-19 06:26:15
500110015,20,15,4,2024-12-19 08:27:16
500101230,20,14,5,2024-12-19 05:21:14
500107038,20,15,5,2024-12-19 07:27:15
500107136,20,15,5,2024-12-19 05:26:15
500113028,20,12,5,2024-12-19 07:56:15
500101119,20,13,6,2024-12-19 05:20:16
500104047,20,14,6,2024-12-19 07:19:15
500108093,20,14,6,2024-12-19 08:26:15
500108117,20,14,6,2024-12-19 06:27:15
500109070,20,14,6,2024-12-19 05:19:14
500109077,20,14,6,2024-12-19 06:47:15
500110069,20,14,6,2024-12-19 07:21:15
500111055,20,14,6,2024-12-19 08:02:15
500113028,20,8,6,2024-12-19 06:27:15
500103051,20,12,7,2024-12-19 06:46:15
500107057,20,12,7,2024-12-19 08:54:15
500107102,20,13,7,2024-12-19 07:56:15
500107105,20,13,7,2024-12-19 07:13:15
500107136,20,13,7,2024-12-19 06:54:16
500112079,20,11,7,2024-12-19 07:45:16
500113070,20,13,7,2024-12-19 06:36:14
500105092,20,12,8,2024-12-19 06:25:15
500106099,20,11,8,2024-12-19 07:56:15
500107066,20,12,8,2024-12-19 06:51:15
500108090,20,12,8,2024-12-19 08:27:16
500111096,20,11,8,2024-12-19 06:18:15
500112107,20,12,8,2024-12-19 08:31:15
500103043,20,11,9,2024-12-19 08:03:15
500106041,20,11,9,2024-12-19 08:27:16
500109028,20,8,9,2024-12-19 08:01:15
500109070,20,11,9,2024-12-19 08:17:15
500111040,20,11,9,2024-12-19 08:47:15
500111081,20,11,9,2024-12-19 08:40:16
500111096,20,10,9,2024-12-19 06:01:14
500119066,20,11,9,2024-12-19 07:35:16
500101028,20,10,10,2024-12-19 07:56:15
500101234,20,9,10,2024-12-19 07:53:16
500103043,20,10,10,2024-12-19 08:57:15
500107038,20,10,10,2024-12-19 08:14:16
500107038,20,10,10,2024-12-19 07:55:17
500107038,20,10,10,2024-12-19 08:03:15
500109085,20,10,10,2024-12-19 08:37:15
500109085,20,10,10,2024-12-19 08:39:15
500110072,20,10,10,2024-12-19 07:25:15
500111095,20,10,10,2024-12-19 06:07:15
500101119,20,8,11,2024-12-19 08:17:14
500106031,20,9,11,2024-12-19 07:57:15
500108190,20,9,11,2024-12-19 07:14:15
500109070,20,9,11,2024-12-19 08:23:15
500109070,20,9,11,2024-12-19 07:23:15
500111027,20,9,11,2024-12-19 08:22:15
500111113,20,9,11,2024-12-19 08:18:15
500112062,20,9,11,2024-12-19 06:40:16
500112062,20,9,11,2024-12-19 05:47:15
500119066,20,9,11,2024-12-19 07:17:14
500103045,20,8,12,2024-12-19 08:37:15
500106135,20,6,12,2024-12-19 07:53:16
500107142,20,8,12,2024-12-19 06:47:15
500110020,20,8,12,2024-12-19 08:57:15
500111055,20,8,12,2024-12-19 07:36:15
500111081,20,8,12,2024-12-19 08:17:15
500111096,20,7,12,2024-12-19 07:35:16
500101234,20,6,13,2024-12-19 08:17:15
500105044,20,7,13,2024-12-19 06:30:16
500106001,20,7,13,2024-12-19 06:38:15
500111029,20,7,13,2024-12-19 08:46:15
500107120,20,6,14,2024-12-19 08:47:15
500107161,20,5,14,2024-12-19 08:01:15
500109085,20,6,14,2024-12-19 06:47:15
500110015,20,5,14,2024-12-19 06:02:15
500112086,20,6,14,2024-12-19 06:54:16
500101147,20,5,15,2024-12-19 06:26:15
500101147,20,5,15,2024-12-19 05:39:15
500111096,20,4,15,2024-12-19 07:56:15
500112062,20,5,15,2024-12-19 08:13:15
500112101,20,5,15,2024-12-19 06:37:15
500101147,20,4,16,2024-12-19 08:57:15
500101147,20,4,16,2024-12-19 07:34:15
500101153,20,3,16,2024-12-19 07:55:17
500101241,20,4,16,2024-12-19 06:52:15
500107003,20,4,16,2024-12-19 08:06:15
500107142,20,4,16,2024-12-19 08:41:15
500112101,20,4,16,2024-12-19 08:34:14
500113028,20,1,16,2024-12-19 08:44:16
500101036,20,3,17,2024-12-19 07:55:17
500103038,20,3,17,2024-12-19 08:47:15
500106135,20,1,17,2024-12-19 04:48:15
500107006,20,3,17,2024-12-19 07:29:15
500107161,20,2,17,2024-12-19 07:57:16
500108073,20,3,17,2024-12-19 06:49:15
500101234,20,1,18,2024-12-19 08:32:15
500107009,20,2,18,2024-12-19 08:09:15
500107066,20,2,18,2024-12-19 07:37:15
500108073,20,2,18,2024-12-19 06:27:15
500108146,20,2,18,2024-12-19 08:37:15
500110072,20,2,18,2024-12-19 08:23:15
500111042,20,1,18,2024-12-19 08:37:15
500112062,20,2,18,2024-12-19 07:53:16
500101037,20,1,19,2024-12-19 04:58:15
500106049,20,1,19,2024-12-19 07:25:15
500108122,20,1,19,2024-12-19 07:25:15
500109085,20,1,19,2024-12-19 07:57:15
500110020,20,1,19,2024-12-19 06:34:15
500112086,20,1,19,2024-12-19 08:24:15
500112101,20,1,19,2024-12-19 07:27:15
500101037,20,0,20,2024-12-19 08:46:15
500101147,20,3,17,2024-12-19 03:48:15
500106002,20,2,18,2024-12-19 23:22:15
500103045,20,19,1,2024-12-19 00:12:15
500106080,20,9,11,2024-12-19 03:13:15
500110072,20,1,19,2024-12-19 23:49:15
500112097,20,11,8,2024-12-19 23:40:15
500101241,20,6,14,2024-12-19 00:08:15
500104105,20,1,19,2024-12-19 00:37:15
500112062,20,18,2,2024-12-19 00:21:15
500108052,20,9,11,2024-12-19 22:13:15
500109028,20,12,5,2024-12-19 23:27:14
500108133,20,14,6,2024-12-19 22:53:15
500110015,20,5,14,2024-12-19 23:01:15
500107009,20,12,8,2024-12-19 22:44:14
500105106,20,11,8,2024-12-19 23:53:15
500104105,20,12,8,2024-12-19 23:22:15
500101094,20,17,3,2024-12-19 23:29:14
500105048,20,5,15,2024-12-19 00:48:14
500104070,20,7,13,2024-12-19 00:58:14
500112101,20,7,13,2024-12-19 00:57:15
500107091,20,8,12,2024-12-19 01:05:16
500108066,20,9,7,2024-12-19 00:53:15
500112063,20,11,7,2024-12-19 00:29:15
500107009,20,13,7,2024-12-19 00:44:15
500101214,20,1,19,2024-12-19 22:00:20
500107120,20,6,14,2024-12-19 22:39:15
500111042,20,8,12,2024-12-19 23:08:15
500101037,20,9,11,2024-12-19 23:16:15
500108190,20,1,19,2024-12-19 21:52:15
500112053,20,7,13,2024-12-19 22:37:15
500103061,20,9,11,2024-12-19 22:32:15
500113013,20,10,9,2024-12-19 22:10:17
500107136,20,11,9,2024-12-19 22:22:15
500106005,20,1,19,2024-12-19 21:39:15
500119066,20,2,18,2024-12-19 21:39:16
500103038,20,4,16,2024-12-19 21:33:16
500107150,20,4,16,2024-12-19 21:39:15
500105106,20,6,13,2024-12-19 21:26:16
500108074,20,7,13,2024-12-19 21:28:15
500111027,20,8,12,2024-12-19 20:54:14
500112086,20,9,11,2024-12-19 21:25:16
500107091,20,12,8,2024-12-19 21:08:15
500108133,20,12,8,2024-12-19 21:27:15
500108122,20,13,7,2024-12-19 20:27:15
500101037,20,16,4,2024-12-19 21:39:15
500113053,20,17,3,2024-12-19 21:34:15
500109077,20,20,0,2024-12-19 21:35:16
500107161,20,1,19,2024-12-19 01:33:15
500108014,20,3,17,2024-12-19 01:52:15
500112079,20,5,13,2024-12-19 01:31:15
500107102,20,5,15,2024-12-19 01:20:15
500107120,20,5,15,2024-12-19 02:24:14
500107038,20,8,12,2024-12-19 03:01:16
500112062,20,8,12,2024-12-19 02:57:14
500106099,20,10,10,2024-12-19 01:33:15
500106005,20,13,7,2024-12-19 02:41:15
500112107,20,16,4,2024-12-19 01:23:15
500101036,20,2,18,2024-12-19 03:54:15
500110072,20,3,17,2024-12-19 03:52:14
500103051,20,5,14,2024-12-19 04:24:15
500108146,20,8,12,2024-12-19 04:23:14
500106002,20,13,6,2024-12-19 03:41:15
500110030,20,14,4,2024-12-19 03:46:15
500101037,20,0,20,2024-12-19 22:06:15
500101028,20,1,19,2024-12-19 22:02:16
500106135,20,4,16,2024-12-19 22:07:15
500109028,20,11,6,2024-12-19 21:47:15
500108122,20,12,8,2024-12-19 21:46:15
500101031,20,13,7,2024-12-19 22:00:16
500112097,20,17,2,2024-12-19 21:58:15
500110079,20,17,3,2024-12-19 22:08:15
500110079,20,17,3,2024-12-19 21:59:15
500112079,20,7,12,2024-12-19 23:50:15
500105092,20,13,7,2024-12-19 23:47:15
500112079,20,4,14,2024-12-19 00:05:15
500112107,20,16,4,2024-12-19 01:03:15
500113053,20,18,1,2024-12-19 00:23:14
500103038,20,11,7,2024-12-19 01:36:15
500107066,20,12,8,2024-12-19 01:30:16
500101094,20,19,1,2024-12-19 02:24:14
500101094,20,18,2,2024-12-19 01:59:15
500101147,20,2,18,2024-12-19 22:46:15
500106080,20,7,13,2024-12-19 22:43:15
500107142,20,12,8,2024-12-19 22:49:15
500112063,20,18,1,2024-12-19 22:45:16
500109085,20,18,2,2024-12-19 22:43:15
500106135,20,0,18,2024-12-19 04:28:15
500106099,20,9,10,2024-12-19 04:34:15
500106080,20,5,15,2024-12-19 22:18:15
500101241,20,9,11,2024-12-19 22:10:17
500111042,20,9,11,2024-12-19 22:13:15
500101031,20,12,8,2024-12-19 22:16:15
500107057,20,13,7,2024-12-19 22:17:15
500107142,20,17,3,2024-12-19 22:15:16
500113028,20,9,11,2024-12-19 22:23:15
500111042,20,10,10,2024-12-19 22:20:15
500106005,20,2,18,2024-12-19 22:53:15
500107038,20,2,18,2024-12-19 01:57:15
500103043,20,17,3,2024-12-19 01:54:15
500110072,20,2,18,2024-12-19 23:24:15
500101147,20,8,12,2024-12-19 23:30:16
500103051,20,18,0,2024-12-19 12:17:15
500101214,20,17,1,2024-12-19 09:37:15
500107150,20,18,1,2024-12-19 12:45:16
500107150,20,18,1,2024-12-19 09:35:16
500111081,20,19,1,2024-12-19 13:06:14
500119066,20,19,1,2024-12-19 11:06:15
500101241,20,18,2,2024-12-19 10:39:16
500103051,20,16,2,2024-12-19 12:27:15
500103051,20,16,2,2024-12-19 12:01:16
500107150,20,17,2,2024-12-19 08:58:15
500107161,20,17,2,2024-12-19 09:27:14
500107161,20,17,2,2024-12-19 11:13:15
500112110,20,17,2,2024-12-19 09:09:15
500119066,20,18,2,2024-12-19 11:36:15
500101010,20,16,3,2024-12-19 13:05:16
500107161,20,16,3,2024-12-19 12:08:15
500107161,20,16,3,2024-12-19 09:57:15
500101010,20,15,4,2024-12-19 12:46:15
500103043,20,16,4,2024-12-19 11:47:16
500106073,20,16,4,2024-12-19 11:18:16
500106099,20,16,4,2024-12-19 09:08:15
500107066,20,15,4,2024-12-19 11:48:15
500109017,20,16,4,2024-12-19 08:27:16
500109028,20,13,4,2024-12-19 09:09:15
500103043,20,15,5,2024-12-19 10:27:16
500103043,20,15,5,2024-12-19 11:26:14
500106073,20,15,5,2024-12-19 09:05:16
500106073,20,15,5,2024-12-19 10:07:16
500107006,20,15,5,2024-12-19 12:16:15
500107105,20,15,5,2024-12-19 11:07:16
500108014,20,15,5,2024-12-19 11:43:14
500108190,20,15,5,2024-12-19 08:57:15
500109017,20,15,5,2024-12-19 09:46:16
500109084,20,15,5,2024-12-19 07:49:16
500112079,20,13,5,2024-12-19 11:05:17
500101119,20,13,6,2024-12-19 09:07:15
500106041,20,14,6,2024-12-19 09:19:15
500107006,20,14,6,2024-12-19 10:34:15
500107038,20,14,6,2024-12-19 13:04:16
500108014,20,14,6,2024-12-19 12:16:15
500108073,20,14,6,2024-12-19 08:57:15
500108073,20,14,6,2024-12-19 10:41:15
500111040,20,14,6,2024-12-19 11:00:18
500111081,20,14,6,2024-12-19 10:07:16
500101214,20,11,7,2024-12-19 12:55:16
500103071,20,12,7,2024-12-19 09:09:15
500106031,20,13,7,2024-12-19 10:48:15
500106041,20,12,7,2024-12-19 13:03:14
500107066,20,12,7,2024-12-19 09:01:15
500107066,20,12,7,2024-12-19 10:24:15
500107142,20,13,7,2024-12-19 10:40:16
500109077,20,13,7,2024-12-19 08:57:15
500109084,20,13,7,2024-12-19 09:20:16
500119066,20,13,7,2024-12-19 12:07:16
500106031,20,12,8,2024-12-19 12:44:15
500107102,20,12,8,2024-12-19 09:57:15
500108014,20,12,8,2024-12-19 09:41:15
500108073,20,12,8,2024-12-19 12:37:15
500113013,20,12,8,2024-12-19 09:23:15
500101010,20,10,9,2024-12-19 12:28:15
500103071,20,10,9,2024-12-19 10:03:15
500104105,20,11,9,2024-12-19 13:06:15
500107006,20,11,9,2024-12-19 09:23:15
500107057,20,10,9,2024-12-19 09:37:15
500107105,20,11,9,2024-12-19 12:28:15
500108014,20,11,9,2024-12-19 09:36:15
500110015,20,10,9,2024-12-19 11:07:16
500111055,20,11,9,2024-12-19 12:07:16
500111055,20,11,9,2024-12-19 11:25:15
500113013,20,11,9,2024-12-19 10:00:17
500103071,20,9,10,2024-12-19 12:25:15
500104105,20,10,10,2024-12-19 09:18:15
500109077,20,10,10,2024-12-19 10:35:15
500110030,20,8,10,2024-12-19 10:00:18
500112107,20,10,10,2024-12-19 09:02:15
500101147,20,9,11,2024-12-19 11:07:16
500103043,20,9,11,2024-12-19 09:24:14
500107091,20,9,11,2024-12-19 08:59:15
500107105,20,9,11,2024-12-19 12:51:14
500108066,20,7,11,2024-12-19 09:19:15
500108122,20,9,11,2024-12-19 13:07:15
500108122,20,9,11,2024-12-19 09:09:15
500110020,20,9,11,2024-12-19 12:36:15
500110030,20,7,11,2024-12-19 12:33:15
500110053,20,9,11,2024-12-19 11:32:15
500112063,20,7,11,2024-12-19 09:08:15
500112107,20,9,11,2024-12-19 11:15:15
500101036,20,8,12,2024-12-19 10:00:17
500101147,20,8,12,2024-12-19 09:43:15
500104070,20,8,12,2024-12-19 11:44:15
500104105,20,8,12,2024-12-19 10:55:17
500109085,20,8,12,2024-12-19 11:53:15
500111052,20,8,12,2024-12-19 09:00:18
500112053,20,7,12,2024-12-19 11:45:15
500101147,20,7,13,2024-12-19 12:58:15
500103071,20,6,13,2024-12-19 12:03:15
500104105,20,7,13,2024-12-19 12:38:15
500106005,20,7,13,2024-12-19 10:12:15
500108117,20,7,13,2024-12-19 11:44:15
500110020,20,7,13,2024-12-19 09:25:16
500111049,20,7,13,2024-12-19 09:53:15
500112110,20,6,13,2024-12-19 09:25:16
500103071,20,5,14,2024-12-19 11:36:15
500104070,20,6,14,2024-12-19 13:08:15
500104070,20,6,14,2024-12-19 11:15:16
500105044,20,6,14,2024-12-19 10:58:16
500107142,20,6,14,2024-12-19 09:07:15
500109085,20,6,14,2024-12-19 09:08:15
500110069,20,6,14,2024-12-19 12:11:16
500110079,20,6,14,2024-12-19 10:28:15
500111052,20,6,14,2024-12-19 11:59:15
500110015,20,4,15,2024-12-19 12:16:15
500110072,20,5,15,2024-12-19 11:37:15
500111042,20,4,15,2024-12-19 10:51:16
500113028,20,4,15,2024-12-19 12:18:15
500103045,20,4,16,2024-12-19 09:01:15
500107038,20,4,16,2024-12-19 10:28:15
500107172,20,3,16,2024-12-19 12:00:19
500110012,20,4,16,2024-12-19 12:38:15
500112062,20,4,16,2024-12-19 10:59:15
500112101,20,4,16,2024-12-19 09:30:16
500101230,20,3,17,2024-12-19 11:56:16
500103019,20,1,17,2024-12-19 10:22:17
500103038,20,3,17,2024-12-19 10:46:15
500106005,20,3,17,2024-12-19 13:08:15
500107038,20,3,17,2024-12-19 11:46:15
500107102,20,3,17,2024-12-19 12:35:16
500107120,20,3,17,2024-12-19 11:30:17
500107136,20,3,17,2024-12-19 10:45:16
500107136,20,3,17,2024-12-19 11:06:15
500107142,20,3,17,2024-12-19 09:35:16
500108093,20,3,17,2024-12-19 09:08:15
500108117,20,3,17,2024-12-19 10:09:16
500109070,20,3,17,2024-12-19 10:12:16
500111095,20,3,17,2024-12-19 12:51:15
500112001,20,3,17,2024-12-19 11:54:15
500112062,20,3,17,2024-12-19 11:27:15
500112063,20,1,17,2024-12-19 11:47:16
500112097,20,3,17,2024-12-19 08:58:15
500113028,20,0,17,2024-12-19 10:16:15
500101037,20,2,18,2024-12-19 12:56:15
500101037,20,2,18,2024-12-19 09:47:14
500101094,20,2,18,2024-12-19 12:08:15
500103019,20,1,18,2024-12-19 12:07:16
500103019,20,1,18,2024-12-19 11:14:15
500103045,20,2,18,2024-12-19 11:56:16
500106080,20,2,18,2024-12-19 11:41:15
500107003,20,2,18,2024-12-19 09:02:15
500107038,20,2,18,2024-12-19 11:36:15
500107079,20,2,18,2024-12-19 12:34:14
500107079,20,2,18,2024-12-19 08:51:15
500110012,20,2,18,2024-12-19 11:01:17
500110020,20,2,18,2024-12-19 10:28:15
500110020,20,2,18,2024-12-19 10:56:15
500110072,20,2,18,2024-12-19 10:59:15
500111095,20,2,18,2024-12-19 11:40:17
500112001,20,2,18,2024-12-19 11:06:15
500112062,20,2,18,2024-12-19 10:36:14
500112063,20,0,18,2024-12-19 11:38:15
500112063,20,0,18,2024-12-19 11:53:15
500112086,20,2,18,2024-12-19 09:07:16
500101010,20,0,19,2024-12-19 09:22:16
500101031,20,1,19,2024-12-19 11:35:16
500101031,20,1,19,2024-12-19 10:17:16
500101031,20,1,19,2024-12-19 10:48:15
500101036,20,1,19,2024-12-19 13:04:16
500101094,20,1,19,2024-12-19 10:05:16
500101230,20,1,19,2024-12-19 09:09:15
500103019,20,0,19,2024-12-19 11:24:15
500103045,20,1,19,2024-12-19 10:25:15
500106080,20,1,19,2024-12-19 10:12:15
500107009,20,1,19,2024-12-19 10:45:16
500107102,20,1,19,2024-12-19 12:01:16
500107136,20,1,19,2024-12-19 12:14:16
500108146,20,1,19,2024-12-19 08:39:16
500109070,20,1,19,2024-12-19 12:13:16
500103038,20,0,20,2024-12-19 12:05:16
500108093,20,0,20,2024-12-19 12:14:16
500108146,20,0,20,2024-12-19 10:43:15
500110012,20,0,20,2024-12-19 11:23:15
500112062,20,0,20,2024-12-19 09:24:15
500103043,20,19,1,2024-12-19 19:25:15
500107142,20,19,1,2024-12-19 18:29:16
500112062,20,18,2,2024-12-19 19:29:15
500101094,20,17,3,2024-12-19 18:47:16
500101241,20,17,3,2024-12-19 20:13:15
500103051,20,16,3,2024-12-19 17:58:16
500106073,20,16,4,2024-12-19 18:02:15
500106135,20,16,4,2024-12-19 18:05:16
500107066,20,15,4,2024-12-19 19:58:15
500109084,20,16,4,2024-12-19 19:29:15
500113053,20,16,4,2024-12-19 20:53:15
500107091,20,15,5,2024-12-19 18:26:16
500110020,20,15,5,2024-12-19 20:39:16
500110072,20,15,5,2024-12-19 17:38:16
500101241,20,14,6,2024-12-19 20:29:15
500104105,20,14,6,2024-12-19 19:31:15
500106099,20,14,6,2024-12-19 20:26:16
500106099,20,14,6,2024-12-19 20:44:14
500107066,20,13,6,2024-12-19 20:08:15
500108066,20,13,6,2024-12-19 18:29:16
500108072,20,12,6,2024-12-19 18:12:15
500108146,20,14,6,2024-12-19 18:57:15
500109085,20,14,6,2024-12-19 20:10:17
500112097,20,13,6,2024-12-19 20:59:15
500112101,20,14,6,2024-12-19 19:54:15
500101028,20,13,7,2024-12-19 18:26:16
500101153,20,13,7,2024-12-19 20:47:15
500101153,20,13,7,2024-12-19 20:51:16
500103051,20,12,7,2024-12-19 17:45:16
500106041,20,12,7,2024-12-19 17:26:15
500107091,20,13,7,2024-12-19 20:23:15
500107161,20,12,7,2024-12-19 19:15:16
500108052,20,13,7,2024-12-19 18:20:17
500109084,20,13,7,2024-12-19 18:04:16
500101147,20,12,8,2024-12-19 19:41:16
500101153,20,12,8,2024-12-19 21:15:16
500103051,20,11,8,2024-12-19 20:13:15
500107009,20,12,8,2024-12-19 21:05:16
500107038,20,12,8,2024-12-19 18:02:15
500107057,20,12,8,2024-12-19 17:51:16
500107161,20,11,8,2024-12-19 18:57:15
500110020,20,12,8,2024-12-19 21:17:15
500110020,20,12,8,2024-12-19 18:55:17
500112063,20,10,8,2024-12-19 20:04:15
500112086,20,12,8,2024-12-19 19:59:16
500112086,20,12,8,2024-12-19 17:51:16
500112101,20,12,8,2024-12-19 19:20:17
500112110,20,12,8,2024-12-19 19:05:15
500101119,20,11,9,2024-12-19 17:25:16
500103051,20,10,9,2024-12-19 17:29:16
500103051,20,10,9,2024-12-19 18:38:16
500103071,20,10,9,2024-12-19 18:40:17
500106049,20,11,9,2024-12-19 20:48:15
500106135,20,11,9,2024-12-19 17:35:15
500108073,20,11,9,2024-12-19 16:08:16
500108093,20,11,9,2024-12-19 19:15:16
500112101,20,11,9,2024-12-19 18:27:15
500113070,20,11,9,2024-12-19 17:58:16
500101153,20,10,10,2024-12-19 20:13:15
500101230,20,10,10,2024-12-19 19:02:16
500103071,20,9,10,2024-12-19 17:55:17
500106073,20,10,10,2024-12-19 20:43:15
500109028,20,7,10,2024-12-19 17:54:15
500110030,20,9,10,2024-12-19 21:20:16
500112062,20,10,10,2024-12-19 20:38:15
500101147,20,9,11,2024-12-19 18:18:16
500101153,20,9,11,2024-12-19 17:58:16
500103051,20,8,11,2024-12-19 20:49:15
500108052,20,9,11,2024-12-19 17:39:15
500108073,20,9,11,2024-12-19 19:45:16
500112101,20,9,11,2024-12-19 20:15:16
500112110,20,9,11,2024-12-19 18:46:15
500112110,20,9,11,2024-12-19 18:57:15
500113013,20,5,11,2024-12-19 19:19:15
500113013,20,9,11,2024-12-19 18:15:17
500103043,20,8,12,2024-12-19 21:08:15
500106031,20,8,12,2024-12-19 17:47:16
500106135,20,8,12,2024-12-19 17:27:16
500108090,20,8,12,2024-12-19 19:03:15
500108117,20,8,12,2024-12-19 19:59:15
500112101,20,8,12,2024-12-19 19:07:15
500112101,20,8,12,2024-12-19 18:14:15
500101010,20,7,13,2024-12-19 19:36:15
500101234,20,6,13,2024-12-19 19:37:15
500103038,20,7,13,2024-12-19 18:52:15
500107006,20,7,13,2024-12-19 20:16:16
500110069,20,7,13,2024-12-19 20:56:15
500112097,20,6,13,2024-12-19 19:56:16
500101031,20,6,14,2024-12-19 19:17:15
500105044,20,6,14,2024-12-19 17:55:17
500106005,20,6,14,2024-12-19 21:20:16
500106031,20,6,14,2024-12-19 18:29:16
500106031,20,6,14,2024-12-19 18:43:15
500108074,20,6,14,2024-12-19 17:43:16
500111049,20,6,14,2024-12-19 17:41:16
500113056,20,6,14,2024-12-19 20:45:16
500101031,20,5,15,2024-12-19 21:18:15
500101037,20,5,15,2024-12-19 19:29:15
500101234,20,4,15,2024-12-19 20:37:16
500106005,20,5,15,2024-12-19 19:18:15
500107136,20,5,15,2024-12-19 20:59:15
500112107,20,5,15,2024-12-19 19:16:15
500112107,20,5,15,2024-12-19 18:55:17
500113013,20,5,15,2024-12-19 17:58:16
500101031,20,4,16,2024-12-19 20:12:15
500101037,20,4,16,2024-12-19 18:38:16
500101037,20,4,16,2024-12-19 18:42:15
500101234,20,3,16,2024-12-19 20:43:15
500101241,20,4,16,2024-12-19 18:44:15
500103045,20,4,16,2024-12-19 18:25:17
500106031,20,4,16,2024-12-19 21:00:16
500107038,20,4,16,2024-12-19 19:44:15
500107038,20,4,16,2024-12-19 18:58:16
500110020,20,4,16,2024-12-19 18:04:16
500111052,20,4,16,2024-12-19 19:33:14
500112101,20,4,16,2024-12-19 17:46:15
500101036,20,3,17,2024-12-19 18:46:15
500106001,20,3,17,2024-12-19 17:58:16
500107038,20,3,17,2024-12-19 20:09:15
500107038,20,3,17,2024-12-19 18:38:16
500107120,20,3,17,2024-12-19 19:57:14
500110072,20,3,17,2024-12-19 20:38:15
500113028,20,2,17,2024-12-19 18:13:16
500101036,20,2,18,2024-12-19 18:34:15
500103045,20,2,18,2024-12-19 20:06:15
500103045,20,2,18,2024-12-19 17:44:15
500103045,20,2,18,2024-12-19 19:15:16
500108093,20,2,18,2024-12-19 20:49:15
500108122,20,2,18,2024-12-19 17:28:15
500108190,20,2,18,2024-12-19 18:09:16
500101214,20,1,19,2024-12-19 18:50:19
500103019,20,0,19,2024-12-19 15:30:19
500103045,20,1,19,2024-12-19 20:13:15
500106002,20,1,19,2024-12-19 20:38:15
500106005,20,1,19,2024-12-19 20:09:15
500106005,20,1,19,2024-12-19 20:38:15
500107038,20,1,19,2024-12-19 19:09:15
500107102,20,1,19,2024-12-19 20:24:15
500109070,20,1,19,2024-12-19 18:08:16
500119066,20,1,19,2024-12-19 19:59:16
500101028,20,0,20,2024-12-19 19:30:18
500107079,20,0,20,2024-12-19 17:22:16
500108122,20,0,20,2024-12-19 17:35:16
500111054,20,0,20,2024-12-19 17:32:16
500111054,20,0,20,2024-12-19 18:24:15
500111055,20,0,20,2024-12-19 18:07:16
500119066,20,0,20,2024-12-19 21:19:15
500107057,20,19,1,2024-12-19 14:44:16
500107150,20,19,1,2024-12-19 16:28:15
500107161,20,18,1,2024-12-19 13:36:15
500111081,20,19,1,2024-12-19 15:01:18
500112079,20,17,1,2024-12-19 16:48:16
500112079,20,17,1,2024-12-19 16:58:15
500101028,20,16,2,2024-12-19 15:57:15
500107150,20,18,2,2024-12-19 16:54:16
500111081,20,18,2,2024-12-19 13:46:16
500111081,20,18,2,2024-12-19 16:39:15
500112110,20,17,2,2024-12-19 15:16:15
500103043,20,17,3,2024-12-19 15:17:16
500106073,20,17,3,2024-12-19 15:04:14
500112110,20,16,3,2024-12-19 14:52:15
500107006,20,16,4,2024-12-19 16:15:16
500108014,20,16,4,2024-12-19 13:38:16
500108093,20,15,5,2024-12-19 15:07:15
500112110,20,14,5,2024-12-19 15:43:15
500112110,20,15,5,2024-12-19 16:08:16
500106099,20,14,6,2024-12-19 15:32:15
500107091,20,14,6,2024-12-19 14:18:15
500108122,20,14,6,2024-12-19 16:28:15
500109084,20,14,6,2024-12-19 14:53:14
500101010,20,13,7,2024-12-19 16:54:16
500107091,20,13,7,2024-12-19 13:46:16
500107102,20,13,7,2024-12-19 16:08:16
500111040,20,13,7,2024-12-19 16:34:15
500105106,20,11,8,2024-12-19 16:31:14
500107142,20,12,8,2024-12-19 16:17:14
500107142,20,12,8,2024-12-19 16:28:15
500113070,20,12,8,2024-12-19 15:50:16
500101010,20,11,9,2024-12-19 16:46:15
500101214,20,11,9,2024-12-19 16:40:16
500112062,20,11,9,2024-12-19 16:24:15
500101230,20,10,10,2024-12-19 17:08:16
500104105,20,10,10,2024-12-19 17:08:16
500112062,20,10,10,2024-12-19 16:17:15
500112086,20,10,10,2024-12-19 16:36:15
500113013,20,10,10,2024-12-19 16:45:17
500101010,20,9,11,2024-12-19 15:18:15
500101119,20,9,11,2024-12-19 17:10:17
500101230,20,9,11,2024-12-19 16:45:16
500112063,20,7,11,2024-12-19 13:59:15
500101010,20,8,12,2024-12-19 16:38:15
500101153,20,8,12,2024-12-19 16:58:15
500101241,20,8,12,2024-12-19 16:52:15
500101241,20,8,12,2024-12-19 15:06:15
500107038,20,8,12,2024-12-19 14:47:15
500107105,20,8,12,2024-12-19 15:10:15
500110069,20,8,12,2024-12-19 16:27:16
500112053,20,8,12,2024-12-19 15:45:16
500112053,20,7,12,2024-12-19 13:38:15
500101010,20,7,13,2024-12-19 14:41:15
500106005,20,7,13,2024-12-19 14:18:15
500110069,20,7,13,2024-12-19 16:18:16
500110069,20,7,13,2024-12-19 16:35:15
500110069,20,7,13,2024-12-19 14:59:15
500111096,20,7,13,2024-12-19 16:33:15
500112107,20,7,13,2024-12-19 14:46:15
500113013,20,7,13,2024-12-19 16:27:16
500101031,20,6,14,2024-12-19 15:48:15
500101153,20,6,14,2024-12-19 14:52:16
500110020,20,6,14,2024-12-19 15:13:16
500110079,20,6,14,2024-12-19 16:36:15
500112101,20,6,14,2024-12-19 15:15:15
500101031,20,5,15,2024-12-19 13:27:15
500112097,20,5,15,2024-12-19 15:55:16
500112097,20,5,15,2024-12-19 14:23:15
500101234,20,3,16,2024-12-19 13:15:15
500105048,20,4,16,2024-12-19 16:52:15
500106002,20,4,16,2024-12-19 15:11:15
500108122,20,4,16,2024-12-19 17:18:16
500110012,20,4,16,2024-12-19 16:13:15
500110030,20,3,16,2024-12-19 15:17:16
500112097,20,4,16,2024-12-19 15:07:15
500113028,20,3,16,2024-12-19 17:01:16
500101031,20,3,17,2024-12-19 16:24:15
500101234,20,2,17,2024-12-19 17:07:15
500106135,20,3,17,2024-12-19 16:58:16
500106135,20,3,17,2024-12-19 15:15:16
500112110,20,2,17,2024-12-19 13:48:15
500101031,20,2,18,2024-12-19 17:08:16
500101234,20,1,18,2024-12-19 14:24:14
500106049,20,2,18,2024-12-19 16:49:15
500107009,20,2,18,2024-12-19 15:01:16
500107038,20,2,18,2024-12-19 17:08:16
500107120,20,2,18,2024-12-19 16:10:16
500107172,20,1,18,2024-12-19 16:43:15
500110072,20,2,18,2024-12-19 16:42:15
500112001,20,2,18,2024-12-19 13:09:15
500112001,20,2,18,2024-12-19 15:18:15
500101031,20,1,19,2024-12-19 13:18:15
500101234,20,0,19,2024-12-19 16:22:16
500103061,20,1,19,2024-12-19 15:01:18
500106135,20,1,19,2024-12-19 14:58:15
500107079,20,1,19,2024-12-19 13:39:15
500103061,20,0,20,2024-12-19 15:25:16
500107079,20,0,20,2024-12-19 14:57:16
500106080,20,7,13,2024-12-19 21:47:15
500103045,20,11,9,2024-12-19 21:45:15
500108146,20,12,8,2024-12-19 21:40:16
500109077,20,18,2,2024-12-19 21:45:16
500101214,20,18,0,2024-12-19 08:47:15
500107105,20,20,0,2024-12-19 08:36:15
500110012,20,19,1,2024-12-19 07:09:15
500106005,20,18,2,2024-12-19 06:45:16
500108122,20,18,2,2024-12-19 08:27:16
500109077,20,18,2,2024-12-19 08:15:16
500112107,20,18,2,2024-12-19 07:55:17
500103045,20,17,3,2024-12-19 05:45:16
500101010,20,15,4,2024-12-19 07:10:16
500106080,20,16,4,2024-12-19 05:17:15
500108066,20,14,4,2024-12-19 07:51:14
500112110,20,15,4,2024-12-19 08:57:15
500113056,20,15,4,2024-12-19 06:54:16
500101010,20,14,5,2024-12-19 07:47:14
500107102,20,15,5,2024-12-19 08:35:15
500112053,20,14,5,2024-12-19 08:43:15
500112079,20,13,5,2024-12-19 08:50:16
500112110,20,14,5,2024-12-19 07:46:15
500101119,20,13,6,2024-12-19 08:34:15
500103043,20,14,6,2024-12-19 06:37:15
500107150,20,13,6,2024-12-19 08:32:15
500110053,20,13,6,2024-12-19 05:33:15
500113053,20,13,6,2024-12-19 06:59:15
500104047,20,13,7,2024-12-19 06:31:15
500104047,20,13,7,2024-12-19 07:16:15
500106073,20,13,7,2024-12-19 08:27:16
500107057,20,12,7,2024-12-19 08:27:16
500108073,20,13,7,2024-12-19 08:46:15
500108190,20,13,7,2024-12-19 07:54:15
500111055,20,13,7,2024-12-19 06:55:16
500112063,20,11,7,2024-12-19 08:37:15
500101119,20,11,8,2024-12-19 08:56:16
500101153,20,11,8,2024-12-19 05:06:15
500106099,20,11,8,2024-12-19 07:15:16
500107105,20,12,8,2024-12-19 06:38:15
500108127,20,12,8,2024-12-19 08:15:16
500110069,20,12,8,2024-12-19 08:55:16
500113013,20,12,8,2024-12-19 08:44:16
500101234,20,10,9,2024-12-19 07:09:15
500103051,20,10,9,2024-12-19 08:27:15
500107009,20,11,9,2024-12-19 06:37:15
500108066,20,9,9,2024-12-19 08:33:16
500110030,20,9,9,2024-12-19 08:53:15
500113028,20,5,9,2024-12-19 07:17:14
500101031,20,10,10,2024-12-19 05:36:15
500103043,20,10,10,2024-12-19 08:47:15
500105092,20,10,10,2024-12-19 07:12:15
500106099,20,9,10,2024-12-19 08:16:15
500107038,20,10,10,2024-12-19 07:36:15
500107091,20,10,10,2024-12-19 08:15:15
500109028,20,7,10,2024-12-19 07:29:15
500110079,20,10,10,2024-12-19 07:45:16
500113070,20,10,10,2024-12-19 08:27:16
500101010,20,8,11,2024-12-19 08:27:16
500105044,20,9,11,2024-12-19 08:15:15
500108040,20,9,11,2024-12-19 05:21:14
500108090,20,9,11,2024-12-19 06:28:15
500108090,20,9,11,2024-12-19 05:55:16
500111055,20,9,11,2024-12-19 06:47:15
500101153,20,7,12,2024-12-19 06:46:15
500108014,20,8,12,2024-12-19 07:44:15
500108052,20,8,12,2024-12-19 06:58:15
500108190,20,8,12,2024-12-19 04:54:15
500109085,20,8,12,2024-12-19 08:27:16
500113056,20,7,12,2024-12-19 08:39:15
500101094,20,7,13,2024-12-19 07:24:15
500105044,20,7,13,2024-12-19 08:37:15
500108014,20,7,13,2024-12-19 06:55:16
500110012,20,7,13,2024-12-19 08:57:15
500111040,20,7,13,2024-12-19 07:26:15
500111054,20,7,13,2024-12-19 06:55:16
500103019,20,4,14,2024-12-19 08:44:16
500104070,20,6,14,2024-12-19 06:18:15
500106031,20,6,14,2024-12-19 06:17:14
500107057,20,5,14,2024-12-19 05:04:15
500110030,20,4,14,2024-12-19 07:36:15
500119066,20,6,14,2024-12-19 06:23:15
500101036,20,5,15,2024-12-19 08:15:16
500101094,20,5,15,2024-12-19 07:56:15
500101230,20,4,15,2024-12-19 07:55:17
500107006,20,5,15,2024-12-19 06:55:16
500109070,20,5,15,2024-12-19 06:51:15
500110020,20,5,15,2024-12-19 05:35:15
500113028,20,2,15,2024-12-19 08:37:15
500101214,20,2,16,2024-12-19 07:12:15
500106049,20,4,16,2024-12-19 08:26:15
500106080,20,4,16,2024-12-19 07:56:15
500107057,20,3,16,2024-12-19 05:59:14
500108074,20,4,16,2024-12-19 05:46:15
500108093,20,4,16,2024-12-19 06:08:14
500108117,20,4,16,2024-12-19 08:45:16
500111042,20,3,16,2024-12-19 08:12:14
500112101,20,4,16,2024-12-19 06:54:15
500101153,20,2,17,2024-12-19 08:47:15
500107003,20,3,17,2024-12-19 08:56:16
500107003,20,3,17,2024-12-19 08:03:14
500110072,20,3,17,2024-12-19 08:37:15
500111095,20,3,17,2024-12-19 08:43:15
500101028,20,2,18,2024-12-19 06:26:14
500101147,20,2,18,2024-12-19 08:02:15
500106049,20,2,18,2024-12-19 06:50:16
500106049,20,2,18,2024-12-19 05:58:15
500107003,20,2,18,2024-12-19 08:37:15
500107120,20,2,18,2024-12-19 07:13:15
500107142,20,2,18,2024-12-19 07:47:15
500112110,20,1,18,2024-12-19 06:50:16
500101094,20,1,19,2024-12-19 08:13:15
500107136,20,1,19,2024-12-19 07:45:16
500107142,20,1,19,2024-12-19 08:17:15
500110020,20,0,20,2024-12-19 07:16:14
500101010,20,12,8,2024-12-19 23:26:15
500107136,20,14,6,2024-12-19 00:02:15
500111055,20,3,17,2024-12-19 00:23:14
500112110,20,12,8,2024-12-19 00:05:15
500113053,20,19,1,2024-12-19 00:18:14
500109070,20,1,19,2024-12-19 23:35:15
500112079,20,6,13,2024-12-19 23:40:15
500112062,20,17,3,2024-12-19 23:46:15
500101094,20,14,6,2024-12-19 00:13:15
500107009,20,12,8,2024-12-19 00:37:15
500107038,20,3,17,2024-12-19 00:02:15
500109077,20,16,4,2024-12-19 00:21:15
500112097,20,4,11,2024-12-19 00:09:14
500113013,20,12,4,2024-12-19 00:23:14
500108090,20,7,13,2024-12-19 20:55:17
500111095,20,14,6,2024-12-19 22:32:14
500110053,20,12,8,2024-12-19 22:16:15
500110020,20,15,5,2024-12-19 23:51:15
500101147,20,9,11,2024-12-19 23:37:14
500107136,20,10,10,2024-12-19 22:49:14
500108014,20,11,9,2024-12-19 23:37:14
500103051,20,1,18,2024-12-19 01:15:15
500108146,20,5,15,2024-12-19 00:14:14
500101031,20,6,14,2024-12-19 01:12:15
500110020,20,7,13,2024-12-19 00:48:14
500106099,20,9,11,2024-12-19 01:13:15
500107172,20,16,0,2024-12-19 01:00:19
500101094,20,16,4,2024-12-19 00:30:16
500107079,20,19,1,2024-12-19 00:32:14
500110072,20,1,19,2024-12-19 23:16:15
500101234,20,4,15,2024-12-19 23:12:15
500112110,20,5,14,2024-12-19 22:58:15
500103051,20,8,11,2024-12-19 23:14:15
500103045,20,11,9,2024-12-19 23:14:15
500113070,20,15,5,2024-12-19 23:03:14
500110079,20,16,4,2024-12-19 23:11:14
500101230,20,17,3,2024-12-19 23:00:17
500109070,20,1,19,2024-12-19 22:12:16
500106031,20,2,18,2024-12-19 22:12:15
500111096,20,6,14,2024-12-19 22:31:15
500106073,20,10,10,2024-12-19 22:18:15
500109077,20,15,5,2024-12-19 22:24:15
500101214,20,0,20,2024-12-19 20:55:17
500111029,20,0,20,2024-12-19 21:38:15
500111081,20,1,19,2024-12-19 17:59:15
500108190,20,2,18,2024-12-19 21:27:15
500106135,20,3,17,2024-12-19 21:39:15
500110069,20,8,12,2024-12-19 21:25:16
500106049,20,9,11,2024-12-19 21:24:14
500107006,20,9,11,2024-12-19 21:39:15
500110012,20,9,11,2024-12-19 20:57:16
500112062,20,13,7,2024-12-19 21:37:15
500112063,20,16,3,2024-12-19 21:36:15
500101153,20,0,19,2024-12-19 02:24:15
500107057,20,7,12,2024-12-19 01:48:15
500103038,20,10,8,2024-12-19 02:18:14
500108117,20,11,9,2024-12-19 02:13:15
500113056,20,17,3,2024-12-19 01:59:15
500103045,20,17,3,2024-12-19 03:41:15
500107120,20,0,20,2024-12-19 21:59:16
500103043,20,2,18,2024-12-19 22:04:15
500103019,20,6,13,2024-12-19 21:54:15
500101153,20,9,11,2024-12-19 22:08:14
500108146,20,11,9,2024-12-19 21:56:15
500108127,20,18,2,2024-12-19 22:05:16
500101153,20,1,18,2024-12-19 01:23:15
500107150,20,3,17,2024-12-19 21:40:16
500107172,20,10,9,2024-12-19 21:59:15
500110030,20,11,8,2024-12-19 21:56:15
500112062,20,16,4,2024-12-19 21:56:15
500106135,20,1,17,2024-12-19 03:27:15
500106002,20,14,6,2024-12-19 03:09:15
500107102,20,7,13,2024-12-19 00:19:15
500112001,20,14,5,2024-12-19 01:06:15
500106005,20,14,6,2024-12-19 01:06:15
500105092,20,13,7,2024-12-19 02:03:15
500107038,20,7,13,2024-12-19 01:59:15
500103061,20,8,12,2024-12-19 22:49:15
500110020,20,13,7,2024-12-19 22:43:15
500107161,20,2,18,2024-12-19 04:33:15
500103043,20,1,19,2024-12-19 23:04:15
500110079,20,17,3,2024-12-19 23:01:15
500101147,20,1,19,2024-12-19 22:18:15
500101036,20,2,18,2024-12-19 22:18:15
500103051,20,7,12,2024-12-19 22:18:15
500107161,20,9,10,2024-12-19 22:12:15
500106041,20,11,8,2024-12-19 22:17:15
500109077,20,14,6,2024-12-19 22:16:15
500105092,20,19,1,2024-12-19 22:16:15
500106080,20,9,11,2024-12-19 03:52:14
500101010,20,2,18,2024-12-19 22:22:15
500106135,20,3,17,2024-12-19 22:21:15
500109028,20,10,7,2024-12-19 22:20:15
500107142,20,14,6,2024-12-19 22:23:15
500107172,20,17,2,2024-12-19 22:20:15
500106080,20,7,13,2024-12-19 22:57:15
500113013,20,12,7,2024-12-19 22:57:15
500112097,20,14,5,2024-12-19 22:57:15
500107120,20,6,13,2024-12-19 02:07:15
500112063,20,10,8,2024-12-19 02:04:15
500107161,20,19,0,2024-12-19 10:37:15
500101214,20,17,1,2024-12-19 10:01:16
500108072,20,17,1,2024-12-19 10:08:16
500103043,20,18,2,2024-12-19 12:08:15
500103051,20,16,2,2024-12-19 11:55:18
500107150,20,17,2,2024-12-19 12:07:16
500103043,20,17,3,2024-12-19 10:38:15
500103043,20,17,3,2024-12-19 10:56:14
500106099,20,17,3,2024-12-19 11:07:16
500107150,20,16,3,2024-12-19 09:23:15
500101119,20,15,4,2024-12-19 09:09:15
500101214,20,14,4,2024-12-19 11:38:15
500106041,20,16,4,2024-12-19 10:51:16
500107066,20,15,4,2024-12-19 11:02:15
500106031,20,15,5,2024-12-19 09:06:15
500106099,20,15,5,2024-12-19 09:05:15
500108014,20,15,5,2024-12-19 12:30:16
500109017,20,15,5,2024-12-19 13:05:16
500106099,20,14,6,2024-12-19 11:58:16
500111081,20,14,6,2024-12-19 09:54:15
500101119,20,12,7,2024-12-19 09:57:15
500101241,20,13,7,2024-12-19 09:44:15
500101241,20,13,7,2024-12-19 11:56:16
500105048,20,13,7,2024-12-19 12:46:15
500106031,20,13,7,2024-12-19 12:17:15
500107057,20,12,7,2024-12-19 10:44:16
500111081,20,13,7,2024-12-19 09:31:15
500112079,20,11,7,2024-12-19 11:49:16
500113013,20,13,7,2024-12-19 09:30:16
500101031,20,12,8,2024-12-19 09:04:15
500103071,20,11,8,2024-12-19 09:40:16
500107006,20,12,8,2024-12-19 10:56:15
500107038,20,12,8,2024-12-19 12:54:15
500107091,20,12,8,2024-12-19 10:48:15
500108074,20,12,8,2024-12-19 11:59:16
500108090,20,12,8,2024-12-19 11:26:15
500109077,20,12,8,2024-12-19 09:08:15
500110053,20,11,8,2024-12-19 09:44:15
500111055,20,12,8,2024-12-19 11:56:16
500112110,20,11,8,2024-12-19 11:06:15
500113013,20,12,8,2024-12-19 09:41:15
500113013,20,12,8,2024-12-19 12:02:15
500101119,20,10,9,2024-12-19 10:28:15
500104105,20,11,9,2024-12-19 09:00:18
500106080,20,11,9,2024-12-19 12:47:15
500107142,20,11,9,2024-12-19 12:48:15
500108073,20,11,9,2024-12-19 11:43:14
500108122,20,11,9,2024-12-19 11:14:15
500113013,20,11,9,2024-12-19 11:51:16
500101153,20,9,10,2024-12-19 12:53:15
500105092,20,10,10,2024-12-19 09:30:16
500107066,20,9,10,2024-12-19 12:16:15
500107120,20,10,10,2024-12-19 09:03:14
500107142,20,10,10,2024-12-19 12:17:16
500108133,20,10,10,2024-12-19 09:55:17
500110030,20,8,10,2024-12-19 11:38:14
500110053,20,10,10,2024-12-19 11:52:15
500111027,20,10,10,2024-12-19 09:55:16
500112062,20,10,10,2024-12-19 12:28:15
500113013,20,10,10,2024-12-19 12:12:15
500101241,20,9,11,2024-12-19 12:07:15
500104047,20,9,11,2024-12-19 11:09:15
500105048,20,9,11,2024-12-19 09:51:14
500107120,20,9,11,2024-12-19 09:27:15
500108122,20,9,11,2024-12-19 11:30:17
500110015,20,8,11,2024-12-19 10:34:15
500112053,20,8,11,2024-12-19 10:39:16
500112107,20,9,11,2024-12-19 12:03:15
500112110,20,8,11,2024-12-19 10:50:16
500103071,20,7,12,2024-12-19 12:09:16
500108122,20,8,12,2024-12-19 12:57:15
500109085,20,8,12,2024-12-19 12:16:15
500109085,20,8,12,2024-12-19 10:37:16
500109085,20,8,12,2024-12-19 10:54:15
500112062,20,8,12,2024-12-19 12:46:15
500112063,20,6,12,2024-12-19 09:04:15
500112107,20,8,12,2024-12-19 09:13:15
500101119,20,7,13,2024-12-19 12:21:15
500101147,20,7,13,2024-12-19 10:55:17
500106005,20,7,13,2024-12-19 10:28:15
500106049,20,7,13,2024-12-19 11:17:15
500107038,20,7,13,2024-12-19 09:07:15
500108122,20,7,13,2024-12-19 12:19:16
500109085,20,7,13,2024-12-19 11:41:15
500111029,20,7,13,2024-12-19 12:05:17
500111042,20,6,13,2024-12-19 09:44:15
500113056,20,7,13,2024-12-19 10:59:15
500101031,20,6,14,2024-12-19 09:35:16
500101036,20,6,14,2024-12-19 12:18:15
500108117,20,6,14,2024-12-19 11:08:15
500109085,20,6,14,2024-12-19 12:31:15
500110012,20,6,14,2024-12-19 09:21:15
500110015,20,5,14,2024-12-19 12:27:15
500110069,20,6,14,2024-12-19 09:33:15
500111049,20,6,14,2024-12-19 11:38:15
500101036,20,5,15,2024-12-19 12:07:15
500101119,20,5,15,2024-12-19 12:00:18
500101153,20,4,15,2024-12-19 09:24:15
500101153,20,4,15,2024-12-19 10:52:15
500103045,20,5,15,2024-12-19 09:59:16
500108014,20,5,15,2024-12-19 09:04:15
500108117,20,5,15,2024-12-19 11:11:15
500109070,20,5,15,2024-12-19 09:29:15
500110012,20,5,15,2024-12-19 12:56:15
500110079,20,5,15,2024-12-19 10:58:16
500110079,20,5,15,2024-12-19 11:24:15
500101031,20,4,16,2024-12-19 12:07:16
500103019,20,2,16,2024-12-19 10:55:17
500103045,20,4,16,2024-12-19 09:09:15
500106080,20,4,16,2024-12-19 09:07:15
500107038,20,4,16,2024-12-19 10:47:16
500108117,20,4,16,2024-12-19 09:03:14
500110072,20,4,16,2024-12-19 12:33:15
500113028,20,1,16,2024-12-19 10:03:17
500101037,20,3,17,2024-12-19 10:01:16
500101094,20,3,17,2024-12-19 12:15:16
500101230,20,3,17,2024-12-19 11:11:15
500106002,20,3,17,2024-12-19 11:49:15
500106135,20,1,17,2024-12-19 09:05:16
500107009,20,3,17,2024-12-19 12:59:16
500107079,20,3,17,2024-12-19 09:09:15
500107102,20,3,17,2024-12-19 12:19:16
500107172,20,2,17,2024-12-19 10:38:15
500108117,20,3,17,2024-12-19 09:55:17
500112062,20,3,17,2024-12-19 09:05:16
500101010,20,1,18,2024-12-19 09:53:17
500101230,20,2,18,2024-12-19 10:38:15
500101234,20,1,18,2024-12-19 10:18:15
500106005,20,2,18,2024-12-19 12:19:16
500106049,20,2,18,2024-12-19 09:55:17
500106080,20,2,18,2024-12-19 09:25:16
500106080,20,2,18,2024-12-19 10:38:15
500107009,20,2,18,2024-12-19 10:49:16
500107079,20,2,18,2024-12-19 10:55:17
500107172,20,1,18,2024-12-19 09:06:15
500107172,20,1,18,2024-12-19 11:58:16
500109070,20,2,18,2024-12-19 12:22:16
500110015,20,1,18,2024-12-19 09:47:15
500111054,20,2,18,2024-12-19 08:55:16
500101010,20,0,19,2024-12-19 10:17:15
500101037,20,1,19,2024-12-19 09:26:15
500103038,20,1,19,2024-12-19 08:57:15
500103045,20,1,19,2024-12-19 11:06:15
500103045,20,1,19,2024-12-19 11:24:15
500106080,20,1,19,2024-12-19 11:32:15
500106135,20,1,19,2024-12-19 10:39:16
500107003,20,1,19,2024-12-19 09:36:14
500108146,20,1,19,2024-12-19 11:37:15
500110012,20,1,19,2024-12-19 10:07:16
500111095,20,1,19,2024-12-19 11:10:17
500112001,20,1,19,2024-12-19 10:01:16
500112001,20,1,19,2024-12-19 10:44:16
500112101,20,1,19,2024-12-19 10:12:15
500101031,20,0,20,2024-12-19 12:21:16
500101031,20,0,20,2024-12-19 11:23:15
500103038,20,0,20,2024-12-19 12:24:16
500103061,20,0,20,2024-12-19 11:47:16
500103061,20,0,20,2024-12-19 10:06:15
500105106,20,0,20,2024-12-19 08:10:19
500106049,20,0,20,2024-12-19 09:40:19
500107079,20,0,20,2024-12-19 11:40:18
500107136,20,0,20,2024-12-19 12:49:15
500107136,20,0,20,2024-12-19 09:37:15
500109070,20,0,20,2024-12-19 12:45:16
500109070,20,0,20,2024-12-19 12:53:16
500110020,20,19,1,2024-12-19 20:28:15
500110020,20,19,1,2024-12-19 19:28:15
500103043,20,18,2,2024-12-19 19:47:15
500107142,20,17,3,2024-12-19 20:55:17
500108066,20,15,4,2024-12-19 18:58:16
500108146,20,16,4,2024-12-19 17:48:15
500103043,20,15,5,2024-12-19 20:27:15
500106073,20,15,5,2024-12-19 18:22:15
500107161,20,14,5,2024-12-19 18:08:15
500110079,20,15,5,2024-12-19 20:50:16
500107150,20,14,6,2024-12-19 19:06:15
500108127,20,14,6,2024-12-19 19:36:15
500110015,20,13,6,2024-12-19 17:59:15
500111040,20,14,6,2024-12-19 17:40:17
500111095,20,14,6,2024-12-19 20:12:15
500112079,20,12,6,2024-12-19 18:59:15
500112097,20,14,6,2024-12-19 18:17:15
500112101,20,14,6,2024-12-19 19:37:16
500101037,20,13,7,2024-12-19 20:58:15
500101153,20,13,7,2024-12-19 17:27:16
500101230,20,13,7,2024-12-19 18:12:16
500103051,20,12,7,2024-12-19 19:40:15
500104105,20,13,7,2024-12-19 18:34:15
500106041,20,12,7,2024-12-19 20:30:17
500106099,20,13,7,2024-12-19 18:08:16
500106135,20,13,7,2024-12-19 18:29:15
500106135,20,13,7,2024-12-19 18:58:16
500108133,20,13,7,2024-12-19 18:55:17
500109085,20,13,7,2024-12-19 19:48:15
500111040,20,13,7,2024-12-19 17:36:15
500112001,20,13,7,2024-12-19 18:27:15
500112062,20,13,7,2024-12-19 19:05:16
500112079,20,11,7,2024-12-19 18:51:16
500112086,20,13,7,2024-12-19 18:08:15
500101230,20,12,8,2024-12-19 18:27:15
500108014,20,12,8,2024-12-19 20:29:15
500108014,20,12,8,2024-12-19 20:45:16
500108117,20,12,8,2024-12-19 17:59:15
500110030,20,11,8,2024-12-19 21:09:16
500112062,20,12,8,2024-12-19 18:06:15
500113070,20,12,8,2024-12-19 18:39:16
500101119,20,11,9,2024-12-19 18:35:16
500101147,20,11,9,2024-12-19 19:07:15
500101241,20,11,9,2024-12-19 21:14:15
500107006,20,11,9,2024-12-19 19:04:15
500107161,20,10,9,2024-12-19 17:37:16
500108066,20,10,9,2024-12-19 20:09:15
500110030,20,10,9,2024-12-19 21:12:15
500112062,20,11,9,2024-12-19 17:57:15
500112101,20,11,9,2024-12-19 20:13:15
500101153,20,10,10,2024-12-19 18:58:16
500103071,20,9,10,2024-12-19 20:28:15
500104070,20,10,10,2024-12-19 20:27:15
500105106,20,9,10,2024-12-19 20:07:15
500105106,20,9,10,2024-12-19 17:31:15
500107006,20,10,10,2024-12-19 18:37:15
500107057,20,10,10,2024-12-19 19:07:15
500107150,20,10,10,2024-12-19 18:47:15
500108040,20,10,10,2024-12-19 17:33:16
500109028,20,7,10,2024-12-19 18:30:17
500110015,20,9,10,2024-12-19 18:55:17
500110053,20,10,10,2024-12-19 18:41:15
500110069,20,10,10,2024-12-19 19:53:15
500110079,20,10,10,2024-12-19 19:01:15
500103043,20,9,11,2024-12-19 20:49:15
500104070,20,9,11,2024-12-19 18:44:16
500107006,20,9,11,2024-12-19 20:35:15
500107057,20,9,11,2024-12-19 19:54:15
500107150,20,9,11,2024-12-19 18:06:15
500110079,20,9,11,2024-12-19 18:05:16
500112001,20,5,11,2024-12-19 20:49:15
500112062,20,9,11,2024-12-19 20:54:15
500112086,20,9,11,2024-12-19 20:05:16
500103045,20,8,12,2024-12-19 21:14:15
500103071,20,7,12,2024-12-19 20:09:15
500107150,20,8,12,2024-12-19 18:27:15
500107172,20,7,12,2024-12-19 19:53:14
500108014,20,8,12,2024-12-19 18:37:15
500108073,20,8,12,2024-12-19 20:56:15
500108090,20,8,12,2024-12-19 18:35:16
500110012,20,8,12,2024-12-19 20:37:16
500110069,20,8,12,2024-12-19 17:45:16
500111027,20,8,12,2024-12-19 19:27:15
500112110,20,8,12,2024-12-19 21:19:16
500101036,20,7,13,2024-12-19 19:32:15
500103019,20,6,13,2024-12-19 18:47:16
500103038,20,7,13,2024-12-19 19:14:16
500105048,20,7,13,2024-12-19 17:48:15
500106080,20,7,13,2024-12-19 19:19:15
500108014,20,7,13,2024-12-19 18:13:16
500108014,20,7,13,2024-12-19 18:29:16
500113056,20,7,13,2024-12-19 20:53:15
500101037,20,6,14,2024-12-19 19:03:14
500101153,20,6,14,2024-12-19 18:47:16
500106049,20,6,14,2024-12-19 18:08:16
500106080,20,6,14,2024-12-19 19:23:14
500107172,20,5,14,2024-12-19 20:46:16
500108052,20,6,14,2024-12-19 17:17:16
500108074,20,6,14,2024-12-19 18:24:16
500101031,20,5,15,2024-12-19 20:32:15
500101037,20,5,15,2024-12-19 18:58:16
500103038,20,5,15,2024-12-19 18:36:16
500103043,20,5,15,2024-12-19 21:17:15
500105044,20,5,15,2024-12-19 19:16:15
500106002,20,5,15,2024-12-19 18:37:15
500106031,20,5,15,2024-12-19 18:31:15
500106080,20,5,15,2024-12-19 20:57:16
500106080,20,5,15,2024-12-19 21:15:16
500107009,20,5,15,2024-12-19 17:18:15
500107161,20,4,15,2024-12-19 20:39:16
500110012,20,5,15,2024-12-19 19:33:15
500111049,20,5,15,2024-12-19 16:46:15
500111052,20,5,15,2024-12-19 20:50:16
500112110,20,5,15,2024-12-19 19:47:15
500113028,20,4,15,2024-12-19 19:30:17
500113028,20,4,15,2024-12-19 17:59:15
500113028,20,4,15,2024-12-19 18:46:15
500101234,20,3,16,2024-12-19 17:33:16
500103038,20,4,16,2024-12-19 20:04:16
500107038,20,4,16,2024-12-19 21:09:16
500107120,20,4,16,2024-12-19 20:29:15
500111042,20,4,16,2024-12-19 18:08:16
500111042,20,4,16,2024-12-19 18:23:16
500111052,20,4,16,2024-12-19 17:51:16
500112107,20,4,16,2024-12-19 17:58:16
500112110,20,4,16,2024-12-19 20:56:15
500101010,20,3,17,2024-12-19 20:29:15
500103045,20,3,17,2024-12-19 18:07:16
500106002,20,3,17,2024-12-19 19:58:15
500106005,20,3,17,2024-12-19 18:58:16
500107102,20,3,17,2024-12-19 17:47:16
500107102,20,3,17,2024-12-19 19:29:14
500108190,20,3,17,2024-12-19 20:53:15
500109070,20,3,17,2024-12-19 19:07:15
500110012,20,3,17,2024-12-19 18:44:16
500111096,20,3,17,2024-12-19 18:29:15
500112110,20,3,17,2024-12-19 20:07:15
500113028,20,2,17,2024-12-19 17:32:15
500101028,20,2,18,2024-12-19 20:39:16
500101028,20,2,18,2024-12-19 18:57:15
500101241,20,2,18,2024-12-19 18:27:15
500106005,20,2,18,2024-12-19 19:29:15
500108190,20,2,18,2024-12-19 19:47:15
500110012,20,2,18,2024-12-19 18:10:17
500110020,20,2,18,2024-12-19 17:28:15
500110072,20,2,18,2024-12-19 20:09:15
500113013,20,1,18,2024-12-19 19:49:15
500101010,20,1,19,2024-12-19 20:57:16
500101028,20,1,19,2024-12-19 20:03:15
500106135,20,1,19,2024-12-19 19:27:15
500107079,20,1,19,2024-12-19 18:16:16
500107102,20,1,19,2024-12-19 18:58:16
500101031,20,0,20,2024-12-19 17:44:16
500101037,20,0,20,2024-12-19 17:35:16
500106005,20,0,20,2024-12-19 20:29:16
500107079,20,0,20,2024-12-19 21:11:16
500107120,20,0,20,2024-12-19 17:24:17
500107120,20,0,20,2024-12-19 21:07:17
500111055,20,0,20,2024-12-19 17:47:16
500111055,20,0,20,2024-12-19 18:48:16
500119066,20,0,20,2024-12-19 19:40:19
500107161,20,19,0,2024-12-19 14:45:16
500112079,20,17,1,2024-12-19 14:20:16
500119066,20,19,1,2024-12-19 15:08:15
500103043,20,18,2,2024-12-19 14:47:15
500107150,20,18,2,2024-12-19 15:32:14
500111081,20,18,2,2024-12-19 15:58:15
500112110,20,18,2,2024-12-19 16:44:15
500119066,20,18,2,2024-12-19 14:36:16
500107006,20,17,3,2024-12-19 13:10:16
500119066,20,17,3,2024-12-19 14:18:15
500107006,20,16,4,2024-12-19 13:20:16
500107057,20,16,4,2024-12-19 16:41:15
500112110,20,16,4,2024-12-19 16:37:15
500101214,20,14,6,2024-12-19 15:54:15
500106031,20,14,6,2024-12-19 15:09:15
500106099,20,14,6,2024-12-19 13:40:16
500109077,20,14,6,2024-12-19 16:56:15
500111040,20,14,6,2024-12-19 16:22:16
500112110,20,14,6,2024-12-19 16:26:15
500108014,20,13,7,2024-12-19 15:54:15
500109077,20,13,7,2024-12-19 14:53:15
500103051,20,11,8,2024-12-19 14:42:15
500106080,20,12,8,2024-12-19 13:21:16
500108073,20,12,8,2024-12-19 15:12:15
500103051,20,10,9,2024-12-19 14:54:15
500106080,20,11,9,2024-12-19 17:04:15
500108093,20,11,9,2024-12-19 17:17:16
500112062,20,11,9,2024-12-19 17:08:16
500113013,20,11,9,2024-12-19 17:07:15
500113070,20,11,9,2024-12-19 16:28:15
500101241,20,10,10,2024-12-19 13:13:15
500105092,20,10,10,2024-12-19 13:56:15
500106031,20,10,10,2024-12-19 17:18:16
500106080,20,10,10,2024-12-19 15:33:15
500108117,20,10,10,2024-12-19 15:50:16
500108117,20,10,10,2024-12-19 17:16:16
500108066,20,9,11,2024-12-19 16:26:15
500108133,20,9,11,2024-12-19 14:02:14
500110015,20,8,11,2024-12-19 13:41:15
500110015,20,8,11,2024-12-19 14:14:15
500110020,20,9,11,2024-12-19 13:29:15
500112086,20,9,11,2024-12-19 16:23:15
500107105,20,8,12,2024-12-19 13:21:16
500108040,20,8,12,2024-12-19 14:15:16
500108040,20,8,12,2024-12-19 13:58:15
500110020,20,8,12,2024-12-19 16:22:15
500111055,20,8,12,2024-12-19 16:08:16
500111113,20,8,12,2024-12-19 15:48:15
500101094,20,7,13,2024-12-19 15:26:15
500101153,20,7,13,2024-12-19 13:45:16
500104047,20,7,13,2024-12-19 16:39:15
500110069,20,7,13,2024-12-19 16:45:17
500101010,20,6,14,2024-12-19 14:49:15
500101031,20,6,14,2024-12-19 16:43:15
500101230,20,6,14,2024-12-19 14:11:15
500107038,20,6,14,2024-12-19 15:18:15
500111096,20,5,14,2024-12-19 15:17:16
500112097,20,6,14,2024-12-19 14:11:16
500101147,20,5,15,2024-12-19 13:48:15
500107038,20,5,15,2024-12-19 15:38:15
500110030,20,4,15,2024-12-19 16:02:15
500110079,20,4,16,2024-12-19 16:50:17
500110079,20,4,16,2024-12-19 14:22:15
500101234,20,2,17,2024-12-19 14:58:15
500103038,20,3,17,2024-12-19 16:49:15
500106135,20,3,17,2024-12-19 13:24:14
500107009,20,3,17,2024-12-19 17:08:16
500101031,20,2,18,2024-12-19 14:54:15
500101036,20,2,18,2024-12-19 14:21:14
500101147,20,2,18,2024-12-19 15:03:15
500103019,20,1,18,2024-12-19 14:30:16
500103045,20,2,18,2024-12-19 16:28:15
500103045,20,2,18,2024-12-19 13:51:15
500106135,20,2,18,2024-12-19 15:34:14
500107009,20,2,18,2024-12-19 13:10:16
500107079,20,2,18,2024-12-19 13:31:15
500111055,20,2,18,2024-12-19 16:25:15
500112001,20,2,18,2024-12-19 16:05:16
500101037,20,1,19,2024-12-19 16:38:16
500101037,20,1,19,2024-12-19 15:35:16
500110072,20,1,19,2024-12-19 16:26:15
500101037,20,0,20,2024-12-19 17:05:17
500107136,20,0,20,2024-12-19 17:18:16
500119066,20,1,19,2024-12-19 21:44:15
500107161,20,6,13,2024-12-19 21:43:15
500111042,20,7,13,2024-12-19 21:48:15
500101031,20,20,0,2024-12-19 08:37:15
500101241,20,20,0,2024-12-19 08:51:18
500106080,20,19,1,2024-12-19 06:26:15
500109017,20,19,1,2024-12-19 05:36:15
500106005,20,18,2,2024-12-19 07:27:14
500119066,20,18,2,2024-12-19 08:16:15
500101010,20,16,3,2024-12-19 07:37:15
500101214,20,15,3,2024-12-19 08:29:15
500106005,20,17,3,2024-12-19 06:16:15
500110030,20,15,3,2024-12-19 06:29:15
500112107,20,17,3,2024-12-19 08:01:15
500113053,20,16,3,2024-12-19 05:49:15
500113056,20,16,3,2024-12-19 06:17:14
500101214,20,14,4,2024-12-19 08:03:15
500101230,20,15,4,2024-12-19 06:34:15
500105048,20,16,4,2024-12-19 07:15:17
500107172,20,15,4,2024-12-19 08:03:15
500109084,20,16,4,2024-12-19 07:22:15
500112079,20,14,4,2024-12-19 07:56:15
500101094,20,15,5,2024-12-19 06:49:15
500104047,20,15,5,2024-12-19 08:15:16
500104047,20,15,5,2024-12-19 06:52:15
500107057,20,14,5,2024-12-19 08:46:15
500113013,20,11,5,2024-12-19 06:16:15
500101031,20,14,6,2024-12-19 08:56:16
500104047,20,14,6,2024-12-19 06:42:14
500106073,20,14,6,2024-12-19 08:32:14
500106080,20,14,6,2024-12-19 07:27:15
500106099,20,13,6,2024-12-19 08:53:15
500108072,20,12,6,2024-12-19 08:27:16
500108190,20,14,6,2024-12-19 08:33:16
500109017,20,14,6,2024-12-19 05:06:15
500110069,20,14,6,2024-12-19 08:47:15
500112001,20,13,6,2024-12-19 06:15:16
500112097,20,11,6,2024-12-19 04:57:14
500101119,20,12,7,2024-12-19 08:46:15
500107105,20,13,7,2024-12-19 06:54:16
500107136,20,13,7,2024-12-19 08:47:15
500107150,20,12,7,2024-12-19 08:27:16
500108014,20,13,7,2024-12-19 08:17:15
500108133,20,13,7,2024-12-19 07:25:15
500110069,20,13,7,2024-12-19 07:06:15
500112110,20,12,7,2024-12-19 08:02:15
500113028,20,10,7,2024-12-19 08:02:15
500113056,20,12,7,2024-12-19 07:14:15
500101119,20,11,8,2024-12-19 06:50:16
500103045,20,12,8,2024-12-19 07:47:15
500106080,20,12,8,2024-12-19 04:59:14
500107006,20,12,8,2024-12-19 08:57:15
500107136,20,12,8,2024-12-19 08:22:15
500107161,20,11,8,2024-12-19 08:27:16
500109077,20,12,8,2024-12-19 04:57:14
500112062,20,12,8,2024-12-19 06:53:15
500113028,20,6,8,2024-12-19 06:55:16
500103019,20,9,9,2024-12-19 06:04:14
500103051,20,10,9,2024-12-19 08:53:14
500105092,20,11,9,2024-12-19 06:16:15
500106005,20,11,9,2024-12-19 08:27:16
500107066,20,10,9,2024-12-19 08:55:16
500113013,20,7,9,2024-12-19 07:17:14
500113053,20,10,9,2024-12-19 07:44:15
500113070,20,11,9,2024-12-19 07:07:15
500101153,20,9,10,2024-12-19 05:30:15
500103045,20,10,10,2024-12-19 07:57:16
500105092,20,10,10,2024-12-19 07:42:15
500106041,20,10,10,2024-12-19 08:17:15
500107009,20,10,10,2024-12-19 06:38:15
500107038,20,10,10,2024-12-19 06:17:14
500107057,20,9,10,2024-12-19 07:31:16
500108093,20,10,10,2024-12-19 07:26:15
500105048,20,9,11,2024-12-19 05:46:15
500106135,20,7,11,2024-12-19 07:30:16
500108040,20,9,11,2024-12-19 07:32:15
500108133,20,9,11,2024-12-19 06:00:16
500110030,20,7,11,2024-12-19 07:23:15
500113028,20,3,11,2024-12-19 07:39:14
500101031,20,8,12,2024-12-19 04:51:15
500103071,20,7,12,2024-12-19 08:17:15
500108093,20,8,12,2024-12-19 08:46:15
500108133,20,8,12,2024-12-19 07:17:14
500108171,20,8,12,2024-12-19 07:07:15
500111055,20,8,12,2024-12-19 06:31:15
500112062,20,8,12,2024-12-19 06:36:14
500101031,20,7,13,2024-12-19 05:59:14
500103038,20,7,13,2024-12-19 07:37:15
500106002,20,6,13,2024-12-19 08:37:15
500107091,20,7,13,2024-12-19 06:05:16
500108133,20,7,13,2024-12-19 06:42:15
500108190,20,7,13,2024-12-19 06:12:15
500110015,20,6,13,2024-12-19 07:18:15
500119066,20,7,13,2024-12-19 06:14:14
500101028,20,5,14,2024-12-19 08:57:14
500101147,20,6,14,2024-12-19 05:49:15
500101230,20,5,14,2024-12-19 08:15:16
500101241,20,6,14,2024-12-19 07:36:15
500106002,20,5,14,2024-12-19 08:14:16
500106135,20,4,14,2024-12-19 08:01:15
500107066,20,6,14,2024-12-19 07:26:15
500108014,20,6,14,2024-12-19 07:26:14
500108073,20,6,14,2024-12-19 07:32:15
500108171,20,6,14,2024-12-19 05:58:15
500111029,20,6,14,2024-12-19 08:53:15
500111052,20,6,14,2024-12-19 07:34:15
500112079,20,4,14,2024-12-19 05:18:15
500103045,20,5,15,2024-12-19 08:57:14
500106135,20,3,15,2024-12-19 06:23:14
500110015,20,4,15,2024-12-19 05:27:15
500110072,20,5,15,2024-12-19 06:12:15
500112062,20,5,15,2024-12-19 08:54:15
500101028,20,4,16,2024-12-19 06:46:15
500101147,20,4,16,2024-12-19 05:21:14
500107009,20,4,16,2024-12-19 07:57:16
500108014,20,4,16,2024-12-19 06:07:15
500112062,20,4,16,2024-12-19 08:20:17
500112086,20,4,16,2024-12-19 05:46:15
500103038,20,3,17,2024-12-19 08:24:15
500106001,20,3,17,2024-12-19 08:27:16
500107003,20,3,17,2024-12-19 08:19:15
500107003,20,3,17,2024-12-19 07:38:15
500107150,20,2,17,2024-12-19 06:05:16
500108014,20,3,17,2024-12-19 07:16:15
500112110,20,2,17,2024-12-19 06:36:14
500101147,20,2,18,2024-12-19 08:29:15
500103061,20,2,18,2024-12-19 07:40:16
500106135,20,0,18,2024-12-19 08:52:15
500107120,20,2,18,2024-12-19 07:31:16
500101094,20,1,19,2024-12-19 08:25:15
500106080,20,1,19,2024-12-19 08:57:15
500108122,20,1,19,2024-12-19 07:47:15
500110079,20,1,19,2024-12-19 08:17:15
500112062,20,1,19,2024-12-19 08:43:15
500107136,20,0,20,2024-12-19 08:03:15
500111081,20,0,20,2024-12-19 07:46:15
500101037,20,3,17,2024-12-19 00:38:14
500101230,20,19,0,2024-12-19 00:16:15
500106005,20,1,19,2024-12-19 00:14:15
500107006,20,5,15,2024-12-19 00:13:15
500107142,20,9,11,2024-12-19 00:16:15
500110020,20,6,14,2024-12-19 00:16:15
500112101,20,6,14,2024-12-19 00:07:15
500112110,20,11,9,2024-12-19 00:13:15
500101230,20,18,2,2024-12-19 23:34:14
500101031,20,6,14,2024-12-19 00:31:14
500101031,20,7,13,2024-12-19 00:16:15
500101037,20,4,16,2024-12-19 00:20:15
500106135,20,0,18,2024-12-19 00:10:16
500107161,20,1,19,2024-12-19 00:17:15
500111055,20,1,19,2024-12-19 21:59:16
500108074,20,6,14,2024-12-19 22:21:15
500108184,20,7,13,2024-12-19 22:03:15
500103061,20,10,10,2024-12-19 23:57:15
500108040,20,11,9,2024-12-19 21:42:15
500106073,20,12,8,2024-12-19 23:34:14
500112063,20,13,6,2024-12-19 23:45:16
500109017,20,16,4,2024-12-19 21:34:14
500101028,20,2,18,2024-12-19 23:30:16
500106049,20,2,18,2024-12-19 23:54:15
500108146,20,10,10,2024-12-19 22:10:17
500112107,20,14,6,2024-12-19 22:53:15
500106135,20,0,18,2024-12-19 00:41:15
500101147,20,1,19,2024-12-19 00:53:15
500106031,20,5,15,2024-12-19 00:01:15
500108074,20,6,14,2024-12-19 00:05:15
500104047,20,11,9,2024-12-19 01:09:14
500101119,20,12,7,2024-12-19 00:50:16
500106005,20,12,8,2024-12-19 01:11:15
500106135,20,0,20,2024-12-19 23:05:17
500111096,20,5,14,2024-12-19 23:19:15
500103019,20,7,12,2024-12-19 22:17:15
500112101,20,9,11,2024-12-19 22:33:15
500106041,20,10,9,2024-12-19 22:27:15
500108122,20,11,9,2024-12-19 22:11:15
500113013,20,13,6,2024-12-19 23:19:15
500107038,20,1,19,2024-12-19 22:29:14
500103043,20,4,16,2024-12-19 22:35:16
500103051,20,11,8,2024-12-19 22:37:15
500105092,20,19,1,2024-12-19 22:38:16
500111055,20,0,20,2024-12-19 21:15:17
500107079,20,2,18,2024-12-19 21:30:16
500110015,20,6,13,2024-12-19 21:38:15
500108184,20,6,14,2024-12-19 16:53:15
500109028,20,12,5,2024-12-19 21:17:15
500107057,20,12,8,2024-12-19 21:39:15
500106099,20,13,7,2024-12-19 20:53:15
500109085,20,13,7,2024-12-19 21:28:15
500107105,20,14,6,2024-12-19 20:45:16
500101214,20,2,16,2024-12-19 02:17:15
500101241,20,5,15,2024-12-19 02:14:15
500112097,20,11,6,2024-12-19 01:51:14
500112110,20,12,8,2024-12-19 01:39:15
500110079,20,16,4,2024-12-19 02:38:14
500101230,20,17,2,2024-12-19 02:44:15
500106135,20,0,18,2024-12-19 04:26:15
500101031,20,7,13,2024-12-19 03:51:15
500112062,20,8,12,2024-12-19 04:01:16
500108133,20,9,10,2024-12-19 04:23:14
500107038,20,9,11,2024-12-19 04:10:15
500107079,20,18,2,2024-12-19 04:06:15
500108073,20,5,15,2024-12-19 21:47:15
500111096,20,5,15,2024-12-19 22:06:15
500112053,20,5,15,2024-12-19 21:58:15
500112001,20,7,9,2024-12-19 22:09:15
500113028,20,8,12,2024-12-19 22:03:15
500101094,20,19,1,2024-12-19 21:47:15
500112062,20,19,1,2024-12-19 22:05:16
500106005,20,1,19,2024-12-19 21:57:15
500107136,20,9,11,2024-12-19 21:55:17
500107142,20,17,3,2024-12-19 21:53:15
500106135,20,2,18,2024-12-19 23:44:15
500103051,20,9,10,2024-12-19 23:22:15
500103045,20,11,9,2024-12-19 23:37:14
500119066,20,7,13,2024-12-19 01:00:17
500103071,20,4,15,2024-12-19 01:41:15
500112101,20,6,14,2024-12-19 02:10:16
500101010,20,1,19,2024-12-19 22:46:15
500103043,20,2,18,2024-12-19 22:48:15
500112062,20,19,1,2024-12-19 22:48:15
500101153,20,13,6,2024-12-19 04:30:15
500106005,20,1,19,2024-12-19 23:00:17
500110072,20,2,18,2024-12-19 23:04:15
500107038,20,3,17,2024-12-19 22:15:15
500106135,20,4,16,2024-12-19 22:17:15
500101094,20,19,1,2024-12-19 04:07:17
500112110,20,7,13,2024-12-19 22:23:14
500112086,20,13,7,2024-12-19 23:30:16
500101241,20,5,15,2024-12-19 02:07:15
500107161,20,19,0,2024-12-19 12:37:15
500111055,20,20,0,2024-12-19 09:15:16
500107105,20,19,1,2024-12-19 09:09:16
500107105,20,19,1,2024-12-19 09:30:16
500107150,20,18,1,2024-12-19 11:48:16
500119066,20,19,1,2024-12-19 11:16:15
500101028,20,16,2,2024-12-19 12:37:15
500101214,20,16,2,2024-12-19 09:22:15
500101214,20,16,2,2024-12-19 10:43:16
500103051,20,16,2,2024-12-19 11:28:15
500106099,20,18,2,2024-12-19 11:09:15
500107057,20,17,2,2024-12-19 12:51:15
500101119,20,16,3,2024-12-19 09:26:15
500106031,20,17,3,2024-12-19 10:15:16
500112079,20,15,3,2024-12-19 10:07:16
500107105,20,16,4,2024-12-19 11:23:15
500111081,20,16,4,2024-12-19 10:41:15
500103043,20,15,5,2024-12-19 10:13:16
500106041,20,15,5,2024-12-19 10:35:16
500106099,20,15,5,2024-12-19 11:44:15
500106099,20,15,5,2024-12-19 10:11:14
500107066,20,14,5,2024-12-19 11:55:17
500107105,20,15,5,2024-12-19 11:40:16
500108171,20,15,5,2024-12-19 11:08:15
500106031,20,14,6,2024-12-19 10:27:16
500106099,20,14,6,2024-12-19 11:28:16
500108014,20,14,6,2024-12-19 11:06:15
500101010,20,12,7,2024-12-19 12:08:15
500106099,20,13,7,2024-12-19 09:46:16
500107006,20,13,7,2024-12-19 10:18:15
500107006,20,13,7,2024-12-19 10:42:14
500107102,20,13,7,2024-12-19 09:07:15
500108122,20,13,7,2024-12-19 09:57:15
500108127,20,13,7,2024-12-19 08:41:15
500108190,20,13,7,2024-12-19 09:26:15
500111055,20,13,7,2024-12-19 11:03:16
500108122,20,12,8,2024-12-19 10:48:15
500108190,20,12,8,2024-12-19 11:07:16
500111040,20,12,8,2024-12-19 11:34:15
500101153,20,10,9,2024-12-19 13:03:14
500105048,20,11,9,2024-12-19 11:02:15
500107006,20,11,9,2024-12-19 11:21:15
500109077,20,11,9,2024-12-19 12:13:16
500111081,20,11,9,2024-12-19 09:21:15
500112062,20,11,9,2024-12-19 13:06:15
500112107,20,11,9,2024-12-19 12:17:16
500113013,20,11,9,2024-12-19 10:52:15
500101031,20,10,10,2024-12-19 09:09:15
500101119,20,9,10,2024-12-19 11:05:16
500101147,20,10,10,2024-12-19 11:25:15
500103051,20,9,10,2024-12-19 10:07:16
500110015,20,9,10,2024-12-19 12:08:15
500110020,20,10,10,2024-12-19 09:06:14
500113013,20,10,10,2024-12-19 11:15:16
500101241,20,9,11,2024-12-19 11:37:15
500103071,20,8,11,2024-12-19 10:57:15
500105092,20,9,11,2024-12-19 11:03:15
500106135,20,9,11,2024-12-19 12:28:15
500107091,20,9,11,2024-12-19 10:26:14
500107142,20,9,11,2024-12-19 11:48:15
500108014,20,9,11,2024-12-19 09:24:15
500110053,20,8,11,2024-12-19 11:24:15
500112053,20,8,11,2024-12-19 11:28:16
500112110,20,8,11,2024-12-19 10:17:15
500101119,20,8,12,2024-12-19 12:19:16
500103043,20,8,12,2024-12-19 09:05:16
500110030,20,6,12,2024-12-19 12:42:15
500111029,20,8,12,2024-12-19 09:34:15
500111113,20,8,12,2024-12-19 09:32:14
500112053,20,7,12,2024-12-19 10:16:15
500112086,20,8,12,2024-12-19 13:08:15
500106049,20,7,13,2024-12-19 12:39:15
500106049,20,7,13,2024-12-19 11:35:17
500107142,20,7,13,2024-12-19 11:57:16
500108040,20,7,13,2024-12-19 11:53:16
500108117,20,7,13,2024-12-19 10:47:16
500108122,20,7,13,2024-12-19 12:40:17
500109085,20,7,13,2024-12-19 09:06:15
500109085,20,7,13,2024-12-19 10:43:15
500112063,20,5,13,2024-12-19 13:08:15
500112063,20,5,13,2024-12-19 09:24:14
500101234,20,5,14,2024-12-19 13:03:14
500105044,20,6,14,2024-12-19 08:58:15
500107003,20,6,14,2024-12-19 09:56:16
500107142,20,6,14,2024-12-19 09:45:15
500110015,20,5,14,2024-12-19 09:26:15
500113056,20,6,14,2024-12-19 11:31:15
500101153,20,4,15,2024-12-19 09:55:16
500101153,20,4,15,2024-12-19 11:18:16
500101230,20,5,15,2024-12-19 13:05:16
500106005,20,5,15,2024-12-19 12:45:16
500107009,20,5,15,2024-12-19 12:04:16
500107038,20,5,15,2024-12-19 12:25:16
500107038,20,5,15,2024-12-19 10:57:15
500108122,20,5,15,2024-12-19 12:27:15
500108146,20,5,15,2024-12-19 12:25:16
500112097,20,5,15,2024-12-19 12:48:15
500112101,20,5,15,2024-12-19 09:08:15
500112101,20,5,15,2024-12-19 09:47:15
500106005,20,4,16,2024-12-19 11:47:16
500107038,20,4,16,2024-12-19 12:18:15
500108117,20,4,16,2024-12-19 11:55:18
500108146,20,4,16,2024-12-19 11:52:15
500108146,20,4,16,2024-12-19 12:02:15
500108190,20,4,16,2024-12-19 12:27:15
500110015,20,3,16,2024-12-19 09:31:15
500111042,20,3,16,2024-12-19 10:21:15
500111095,20,4,16,2024-12-19 09:23:15
500101094,20,3,17,2024-12-19 09:23:15
500101230,20,3,17,2024-12-19 10:42:15
500101234,20,2,17,2024-12-19 09:13:14
500103038,20,3,17,2024-12-19 10:56:15
500107009,20,3,17,2024-12-19 11:15:16
500107038,20,3,17,2024-12-19 11:58:16
500107136,20,3,17,2024-12-19 12:23:16
500110020,20,3,17,2024-12-19 10:59:15
500110072,20,3,17,2024-12-19 10:48:15
500110079,20,3,17,2024-12-19 12:17:15
500112063,20,1,17,2024-12-19 12:18:16
500112101,20,3,17,2024-12-19 11:58:16
500113028,20,2,17,2024-12-19 11:08:15
500101036,20,2,18,2024-12-19 12:35:16
500101230,20,2,18,2024-12-19 09:07:15
500103045,20,2,18,2024-12-19 10:17:16
500106001,20,2,18,2024-12-19 09:01:15
500106001,20,2,18,2024-12-19 12:12:15
500106135,20,2,18,2024-12-19 11:19:15
500107136,20,2,18,2024-12-19 10:33:15
500108146,20,2,18,2024-12-19 09:27:15
500110015,20,1,18,2024-12-19 09:55:17
500110020,20,2,18,2024-12-19 11:35:17
500110072,20,2,18,2024-12-19 12:57:14
500112086,20,2,18,2024-12-19 09:55:16
500101230,20,1,19,2024-12-19 10:04:16
500103045,20,1,19,2024-12-19 11:46:14
500103045,20,1,19,2024-12-19 12:19:16
500103061,20,1,19,2024-12-19 12:56:16
500105106,20,1,19,2024-12-19 12:45:16
500105106,20,1,19,2024-12-19 10:28:15
500106005,20,1,19,2024-12-19 12:08:15
500107009,20,1,19,2024-12-19 09:31:15
500107172,20,0,19,2024-12-19 09:57:15
500110020,20,1,19,2024-12-19 11:28:16
500112001,20,1,19,2024-12-19 08:46:15
500101037,20,0,20,2024-12-19 12:34:15
500101037,20,0,20,2024-12-19 11:45:16
500103038,20,0,20,2024-12-19 11:19:15
500103045,20,0,20,2024-12-19 12:36:15
500106002,20,0,20,2024-12-19 10:06:15
500106049,20,0,20,2024-12-19 10:05:17
500107136,20,0,20,2024-12-19 12:47:15
500110072,20,0,20,2024-12-19 09:30:18
500101010,20,19,1,2024-12-19 17:33:16
500101230,20,19,1,2024-12-19 20:59:17
500101010,20,18,2,2024-12-19 18:08:16
500107136,20,18,2,2024-12-19 19:46:15
500103043,20,17,3,2024-12-19 18:28:16
500105048,20,17,3,2024-12-19 18:05:16
500107066,20,16,3,2024-12-19 19:47:15
500107066,20,16,3,2024-12-19 18:31:15
500107136,20,17,3,2024-12-19 20:12:15
500113013,20,17,3,2024-12-19 18:35:16
500106041,20,15,4,2024-12-19 19:47:15
500107066,20,15,4,2024-12-19 21:07:16
500107161,20,15,4,2024-12-19 18:28:16
500111095,20,16,4,2024-12-19 20:39:16
500112063,20,14,4,2024-12-19 17:59:14
500101028,20,15,5,2024-12-19 17:38:16
500101094,20,15,5,2024-12-19 18:27:15
500106041,20,14,5,2024-12-19 18:03:15
500108146,20,15,5,2024-12-19 18:21:16
500112063,20,13,5,2024-12-19 18:32:16
500101010,20,14,6,2024-12-19 19:18:15
500103051,20,13,6,2024-12-19 19:06:16
500106041,20,13,6,2024-12-19 19:51:15
500106041,20,13,6,2024-12-19 20:44:15
500107006,20,14,6,2024-12-19 18:26:16
500107150,20,14,6,2024-12-19 17:28:15
500111095,20,14,6,2024-12-19 19:29:15
500107006,20,13,7,2024-12-19 17:27:16
500107091,20,13,7,2024-12-19 19:23:15
500108014,20,13,7,2024-12-19 20:33:15
500108072,20,11,7,2024-12-19 18:54:15
500108117,20,13,7,2024-12-19 18:08:16
500109085,20,13,7,2024-12-19 20:03:15
500110030,20,12,7,2024-12-19 20:10:17
500110079,20,13,7,2024-12-19 21:09:16
500112063,20,11,7,2024-12-19 19:07:15
500112063,20,11,7,2024-12-19 18:54:14
500104047,20,12,8,2024-12-19 21:19:16
500107161,20,11,8,2024-12-19 17:27:15
500108052,20,12,8,2024-12-19 18:13:15
500109028,20,9,8,2024-12-19 17:11:16
500109028,20,9,8,2024-12-19 19:07:15
500110015,20,11,8,2024-12-19 19:06:15
500110030,20,11,8,2024-12-19 19:53:15
500112001,20,8,8,2024-12-19 20:28:15
500112097,20,12,8,2024-12-19 19:04:15
500113053,20,12,8,2024-12-19 19:57:15
500113070,20,12,8,2024-12-19 17:48:15
500105106,20,10,9,2024-12-19 17:46:15
500107150,20,11,9,2024-12-19 20:46:16
500108093,20,11,9,2024-12-19 18:48:15
500110015,20,10,9,2024-12-19 18:40:17
500110030,20,10,9,2024-12-19 19:48:15
500112097,20,11,9,2024-12-19 17:55:17
500112110,20,11,9,2024-12-19 17:56:16
500101147,20,10,10,2024-12-19 19:55:16
500108117,20,10,10,2024-12-19 18:35:16
500110015,20,9,10,2024-12-19 19:35:16
500110069,20,10,10,2024-12-19 18:59:15
500112062,20,10,10,2024-12-19 21:04:15
500112097,20,10,10,2024-12-19 18:21:16
500101147,20,9,11,2024-12-19 20:47:14
500101147,20,9,11,2024-12-19 20:57:16
500106005,20,9,11,2024-12-19 17:26:15
500106080,20,9,11,2024-12-19 19:06:16
500107009,20,9,11,2024-12-19 18:06:15
500107057,20,9,11,2024-12-19 20:07:15
500108073,20,9,11,2024-12-19 19:07:15
500110015,20,8,11,2024-12-19 19:55:16
500110069,20,9,11,2024-12-19 20:24:15
500110069,20,9,11,2024-12-19 18:02:15
500111027,20,9,11,2024-12-19 18:30:17
500111040,20,9,11,2024-12-19 19:32:15
500112086,20,9,11,2024-12-19 20:43:15
500113013,20,8,11,2024-12-19 21:00:16
500103019,20,7,12,2024-12-19 17:43:16
500106049,20,8,12,2024-12-19 19:26:15
500107006,20,8,12,2024-12-19 20:09:15
500107038,20,8,12,2024-12-19 17:48:15
500107102,20,8,12,2024-12-19 17:28:15
500108014,20,8,12,2024-12-19 18:07:15
500108073,20,8,12,2024-12-19 18:10:16
500108074,20,8,12,2024-12-19 20:46:15
500111027,20,8,12,2024-12-19 18:12:16
500112001,20,4,12,2024-12-19 20:59:15
500112101,20,8,12,2024-12-19 17:59:15
500112107,20,8,12,2024-12-19 20:14:15
500101037,20,7,13,2024-12-19 20:35:16
500103051,20,6,13,2024-12-19 20:35:16
500104047,20,7,13,2024-12-19 18:28:16
500107161,20,6,13,2024-12-19 20:28:15
500108073,20,7,13,2024-12-19 21:05:16
500108074,20,7,13,2024-12-19 19:27:15
500112110,20,7,13,2024-12-19 20:28:15
500101036,20,6,14,2024-12-19 20:25:15
500103038,20,6,14,2024-12-19 19:38:15
500103061,20,6,14,2024-12-19 19:11:15
500106031,20,6,14,2024-12-19 20:47:15
500106049,20,6,14,2024-12-19 17:57:15
500108074,20,6,14,2024-12-19 17:25:16
500110030,20,5,14,2024-12-19 18:45:16
500111113,20,6,14,2024-12-19 17:31:15
500112097,20,5,14,2024-12-19 19:37:16
500101010,20,5,15,2024-12-19 20:08:15
500101094,20,5,15,2024-12-19 19:46:15
500103038,20,5,15,2024-12-19 17:26:15
500103038,20,5,15,2024-12-19 19:28:15
500103061,20,5,15,2024-12-19 18:51:16
500106005,20,5,15,2024-12-19 21:19:16
500108074,20,5,15,2024-12-19 18:13:16
500112107,20,5,15,2024-12-19 18:14:15
500113013,20,4,15,2024-12-19 20:28:15
500101037,20,4,16,2024-12-19 19:19:15
500101214,20,4,16,2024-12-19 19:50:16
500103061,20,4,16,2024-12-19 19:55:16
500106001,20,4,16,2024-12-19 17:07:15
500106002,20,4,16,2024-12-19 19:44:15
500110030,20,3,16,2024-12-19 17:38:16
500110072,20,4,16,2024-12-19 20:54:15
500101214,20,3,17,2024-12-19 19:46:15
500106080,20,3,17,2024-12-19 20:38:15
500108014,20,3,17,2024-12-19 19:36:15
500109070,20,3,17,2024-12-19 19:54:15
500110072,20,3,17,2024-12-19 18:58:16
500111055,20,3,17,2024-12-19 17:55:16
500101031,20,2,18,2024-12-19 18:43:15
500105048,20,2,18,2024-12-19 17:16:16
500106005,20,2,18,2024-12-19 18:18:16
500106135,20,2,18,2024-12-19 20:39:16
500108014,20,2,18,2024-12-19 19:20:17
500111052,20,2,18,2024-12-19 18:00:18
500101010,20,1,19,2024-12-19 20:49:14
500109070,20,1,19,2024-12-19 20:57:15
500111029,20,1,19,2024-12-19 20:57:16
500119066,20,1,19,2024-12-19 18:38:16
500101031,20,0,20,2024-12-19 17:24:17
500107079,20,0,20,2024-12-19 21:09:16
500107120,20,0,20,2024-12-19 17:47:16
500107120,20,0,20,2024-12-19 17:49:16
500108014,20,0,20,2024-12-19 19:59:16
500109070,20,0,20,2024-12-19 21:04:16
500111055,20,0,20,2024-12-19 20:06:16
500111055,20,0,20,2024-12-19 18:58:16
500101028,20,18,0,2024-12-19 13:31:16
500101028,20,18,0,2024-12-19 13:47:15
500107057,20,20,0,2024-12-19 14:27:15
500107150,20,20,0,2024-12-19 16:17:16
500101028,20,17,1,2024-12-19 13:18:15
500101028,20,19,1,2024-12-19 16:34:16
500112079,20,16,2,2024-12-19 15:28:14
500107006,20,17,3,2024-12-19 14:54:15
500108122,20,17,3,2024-12-19 16:44:15
500112110,20,16,3,2024-12-19 15:23:15
500103043,20,16,4,2024-12-19 14:21:15
500106080,20,16,4,2024-12-19 16:19:15
500107102,20,16,4,2024-12-19 14:15:16
500108146,20,16,4,2024-12-19 14:37:14
500101119,20,15,5,2024-12-19 14:36:16
500106073,20,15,5,2024-12-19 16:35:15
500107006,20,15,5,2024-12-19 16:48:16
500107057,20,15,5,2024-12-19 16:33:14
500109077,20,15,5,2024-12-19 16:24:15
500101028,20,13,6,2024-12-19 16:16:14
500106080,20,14,6,2024-12-19 15:44:15
500111081,20,14,6,2024-12-19 17:02:15
500101119,20,13,7,2024-12-19 16:48:16
500101119,20,13,7,2024-12-19 16:53:15
500107038,20,13,7,2024-12-19 13:16:15
500107038,20,13,7,2024-12-19 14:26:15
500107161,20,12,7,2024-12-19 17:18:16
500109017,20,13,7,2024-12-19 16:36:15
500101010,20,11,8,2024-12-19 13:24:15
500104105,20,12,8,2024-12-19 16:49:15
500106080,20,12,8,2024-12-19 16:37:15
500107091,20,12,8,2024-12-19 14:27:15
500107091,20,12,8,2024-12-19 16:20:17
500101010,20,11,9,2024-12-19 15:54:15
500101153,20,11,9,2024-12-19 17:17:16
500111040,20,11,9,2024-12-19 14:53:15
500112107,20,11,9,2024-12-19 16:32:15
500113013,20,11,9,2024-12-19 17:15:17
500101028,20,8,10,2024-12-19 15:48:15
500103071,20,9,10,2024-12-19 15:50:15
500104105,20,10,10,2024-12-19 15:54:15
500106005,20,10,10,2024-12-19 16:27:16
500106005,20,10,10,2024-12-19 15:10:15
500107142,20,10,10,2024-12-19 16:48:16
500108066,20,9,10,2024-12-19 16:40:15
500108122,20,10,10,2024-12-19 13:25:16
500110015,20,9,10,2024-12-19 16:37:15
500110015,20,9,10,2024-12-19 15:12:15
500106080,20,9,11,2024-12-19 14:56:15
500110020,20,9,11,2024-12-19 14:34:14
500101241,20,8,12,2024-12-19 16:48:16
500103051,20,7,12,2024-12-19 15:41:15
500107102,20,8,12,2024-12-19 17:14:16
500108040,20,8,12,2024-12-19 16:29:15
500110015,20,7,12,2024-12-19 13:36:15
500110053,20,8,12,2024-12-19 16:46:15
500112063,20,6,12,2024-12-19 13:29:14
500112097,20,8,12,2024-12-19 16:46:15
500101153,20,7,13,2024-12-19 15:52:15
500101153,20,7,13,2024-12-19 16:41:15
500104047,20,7,13,2024-12-19 14:00:17
500108040,20,7,13,2024-12-19 15:56:15
500109085,20,7,13,2024-12-19 14:48:14
500110015,20,6,13,2024-12-19 17:00:17
500111049,20,7,13,2024-12-19 14:00:17
500101241,20,6,14,2024-12-19 14:05:16
500106049,20,6,14,2024-12-19 14:53:15
500112001,20,6,14,2024-12-19 16:43:15
500112097,20,6,14,2024-12-19 15:17:15
500101031,20,5,15,2024-12-19 14:21:15
500101230,20,5,15,2024-12-19 14:28:15
500110072,20,5,15,2024-12-19 14:58:15
500110079,20,5,15,2024-12-19 17:05:17
500112110,20,4,15,2024-12-19 13:11:15
500101230,20,4,16,2024-12-19 15:56:15
500101230,20,4,16,2024-12-19 14:41:15
500107136,20,4,16,2024-12-19 16:14:15
500101037,20,3,17,2024-12-19 13:52:15
500101094,20,3,17,2024-12-19 13:50:16
500103038,20,3,17,2024-12-19 14:24:14
500107038,20,3,17,2024-12-19 16:18:16
500107172,20,2,17,2024-12-19 14:24:14
500109070,20,3,17,2024-12-19 15:17:16
500111042,20,3,17,2024-12-19 16:57:16
500113028,20,2,17,2024-12-19 15:37:15
500113028,20,2,17,2024-12-19 16:26:15
500113028,20,2,17,2024-12-19 16:55:17
500101036,20,2,18,2024-12-19 14:44:15
500101147,20,2,18,2024-12-19 15:50:16
500103045,20,2,18,2024-12-19 16:34:16
500107136,20,2,18,2024-12-19 17:07:15
500109070,20,2,18,2024-12-19 16:05:16
500111055,20,2,18,2024-12-19 16:17:15
500111095,20,2,18,2024-12-19 17:11:16
500101036,20,1,19,2024-12-19 14:33:15
500101037,20,1,19,2024-12-19 16:46:15
500101037,20,1,19,2024-12-19 14:23:15
500103045,20,1,19,2024-12-19 16:17:16
500103061,20,1,19,2024-12-19 16:31:15
500111042,20,1,19,2024-12-19 15:29:15
500112001,20,1,19,2024-12-19 13:51:15
500106135,20,0,20,2024-12-19 21:49:15
500101234,20,3,16,2024-12-19 21:47:15
500101037,20,8,12,2024-12-19 21:49:15
500107136,20,9,11,2024-12-19 21:48:16
500106080,20,20,0,2024-12-19 06:35:16
500109017,20,20,0,2024-12-19 05:24:14
500109077,20,20,0,2024-12-19 07:31:16
500106080,20,19,1,2024-12-19 05:49:15
500107172,20,18,1,2024-12-19 07:47:15
500119066,20,19,1,2024-12-19 08:28:15
500106005,20,18,2,2024-12-19 06:51:15
500106005,20,18,2,2024-12-19 08:02:15
500106080,20,18,2,2024-12-19 05:31:14
500107038,20,17,3,2024-12-19 06:34:15
500112079,20,15,3,2024-12-19 08:02:15
500101230,20,15,4,2024-12-19 06:27:15
500107172,20,12,4,2024-12-19 06:43:15
500109017,20,16,4,2024-12-19 07:35:16
500109077,20,16,4,2024-12-19 08:19:15
500110012,20,16,4,2024-12-19 06:21:15
500111081,20,16,4,2024-12-19 08:55:16
500101230,20,14,5,2024-12-19 06:09:14
500103045,20,15,5,2024-12-19 06:17:14
500106002,20,14,5,2024-12-19 07:27:14
500107136,20,15,5,2024-12-19 06:41:15
500107150,20,14,5,2024-12-19 08:41:15
500109077,20,15,5,2024-12-19 05:42:15
500109077,20,15,5,2024-12-19 06:23:15
500111040,20,15,5,2024-12-19 07:57:16
500113013,20,15,5,2024-12-19 08:32:15
500101119,20,13,6,2024-12-19 06:37:15
500106031,20,14,6,2024-12-19 08:36:15
500107079,20,14,6,2024-12-19 07:24:15
500107102,20,14,6,2024-12-19 08:47:15
500108117,20,14,6,2024-12-19 07:29:15
500110030,20,12,6,2024-12-19 08:24:15
500110072,20,14,6,2024-12-19 07:46:15
500112107,20,14,6,2024-12-19 07:23:15
500119066,20,14,6,2024-12-19 07:55:16
500103051,20,12,7,2024-12-19 07:59:15
500106002,20,12,7,2024-12-19 07:10:16
500109070,20,13,7,2024-12-19 05:45:15
500110030,20,11,7,2024-12-19 08:44:15
500111040,20,13,7,2024-12-19 08:27:16
500111042,20,12,7,2024-12-19 05:51:14
500112097,20,10,7,2024-12-19 06:24:15
500112107,20,13,7,2024-12-19 08:26:15
500113013,20,13,7,2024-12-19 08:49:15
500103043,20,12,8,2024-12-19 07:36:15
500106041,20,12,8,2024-12-19 08:37:15
500107038,20,12,8,2024-12-19 07:45:16
500108117,20,12,8,2024-12-19 08:25:16
500108133,20,12,8,2024-12-19 07:29:15
500111096,20,11,8,2024-12-19 05:09:15
500103043,20,11,9,2024-12-19 08:17:15
500105048,20,11,9,2024-12-19 06:22:14
500105092,20,11,9,2024-12-19 07:29:15
500106002,20,10,9,2024-12-19 07:52:15
500106099,20,10,9,2024-12-19 06:17:14
500107057,20,10,9,2024-12-19 08:03:15
500107142,20,11,9,2024-12-19 06:36:14
500107172,20,7,9,2024-12-19 07:12:15
500108133,20,11,9,2024-12-19 08:05:17
500110053,20,10,9,2024-12-19 08:02:15
500110072,20,11,9,2024-12-19 07:17:14
500111081,20,11,9,2024-12-19 07:26:14
500111081,20,11,9,2024-12-19 07:36:15
500112063,20,9,9,2024-12-19 06:47:15
500113070,20,11,9,2024-12-19 07:45:16
500108090,20,10,10,2024-12-19 06:26:15
500108171,20,10,10,2024-12-19 08:13:15
500109017,20,10,10,2024-12-19 04:57:14
500110015,20,9,10,2024-12-19 07:57:16
500110020,20,10,10,2024-12-19 08:16:15
500110079,20,10,10,2024-12-19 07:57:16
500112001,20,9,10,2024-12-19 06:47:15
500112063,20,8,10,2024-12-19 06:37:15
500113028,20,4,10,2024-12-19 07:20:16
500103043,20,9,11,2024-12-19 07:47:15
500103045,20,9,11,2024-12-19 08:02:15
500105092,20,9,11,2024-12-19 08:47:15
500105092,20,9,11,2024-12-19 07:50:15
500107161,20,8,11,2024-12-19 08:37:15
500108014,20,9,11,2024-12-19 08:57:15
500108073,20,9,11,2024-12-19 07:56:15
500110012,20,9,11,2024-12-19 08:23:15
500111113,20,9,11,2024-12-19 07:35:16
500101031,20,8,12,2024-12-19 06:24:15
500103043,20,8,12,2024-12-19 08:25:16
500104105,20,8,12,2024-12-19 07:03:15
500106001,20,8,12,2024-12-19 07:45:16
500108052,20,8,12,2024-12-19 07:42:15
500108052,20,8,12,2024-12-19 08:01:15
500109070,20,8,12,2024-12-19 06:16:15
500110020,20,8,12,2024-12-19 08:37:15
500110072,20,8,12,2024-12-19 06:47:15
500111055,20,8,12,2024-12-19 07:27:15
500112001,20,7,12,2024-12-19 06:56:15
500103071,20,6,13,2024-12-19 07:59:15
500106049,20,7,13,2024-12-19 07:45:16
500108122,20,7,13,2024-12-19 08:51:18
500110015,20,6,13,2024-12-19 07:41:15
500110079,20,7,13,2024-12-19 08:01:15
500112079,20,5,13,2024-12-19 06:22:14
500112110,20,6,13,2024-12-19 06:15:15
500101028,20,6,14,2024-12-19 07:19:16
500101147,20,6,14,2024-12-19 06:53:15
500103019,20,4,14,2024-12-19 08:11:16
500103051,20,5,14,2024-12-19 07:33:15
500107091,20,6,14,2024-12-19 06:45:16
500108117,20,6,14,2024-12-19 08:35:16
500111029,20,6,14,2024-12-19 08:15:16
500111029,20,6,14,2024-12-19 07:56:15
500111042,20,5,14,2024-12-19 08:01:15
500111052,20,6,14,2024-12-19 07:58:15
500111081,20,6,14,2024-12-19 06:54:16
500112097,20,6,14,2024-12-19 08:03:15
500101119,20,4,15,2024-12-19 08:03:15
500105048,20,5,15,2024-12-19 08:33:16
500106073,20,5,15,2024-12-19 07:38:15
500107136,20,5,15,2024-12-19 07:35:16
500109085,20,5,15,2024-12-19 06:54:16
500111027,20,5,15,2024-12-19 08:45:16
500111042,20,4,15,2024-12-19 08:21:16
500112101,20,5,15,2024-12-19 06:46:15
500101153,20,3,16,2024-12-19 07:25:15
500101153,20,3,16,2024-12-19 08:03:15
500105048,20,4,16,2024-12-19 08:24:14
500107006,20,4,16,2024-12-19 07:26:15
500108093,20,4,16,2024-12-19 08:57:14
500108122,20,4,16,2024-12-19 08:47:15
500110015,20,3,16,2024-12-19 08:57:15
500110030,20,2,16,2024-12-19 07:45:16
500112101,20,4,16,2024-12-19 08:17:15
500101031,20,3,17,2024-12-19 07:56:15
500101147,20,3,17,2024-12-19 08:06:16
500101230,20,2,17,2024-12-19 08:57:15
500107172,20,2,17,2024-12-19 08:31:16
500110079,20,3,17,2024-12-19 08:47:15
500111054,20,3,17,2024-12-19 08:31:16
500112001,20,2,17,2024-12-19 07:33:15
500112110,20,2,17,2024-12-19 06:39:15
500103061,20,2,18,2024-12-19 05:45:16
500106049,20,2,18,2024-12-19 08:14:16
500106135,20,0,18,2024-12-19 08:30:20
500107003,20,2,18,2024-12-19 07:56:15
500107150,20,1,18,2024-12-19 05:49:15
500112097,20,2,18,2024-12-19 08:55:16
500101094,20,1,19,2024-12-19 08:48:15
500103061,20,1,19,2024-12-19 08:37:15
500110079,20,1,19,2024-12-19 08:36:17
500112101,20,1,19,2024-12-19 07:04:15
500106005,20,14,6,2024-12-19 23:29:14
500101241,20,7,13,2024-12-19 00:37:15
500103019,20,11,8,2024-12-19 00:16:15
500107091,20,7,13,2024-12-19 00:24:14
500108190,20,4,16,2024-12-19 00:14:14
500112086,20,11,9,2024-12-19 00:40:16
500108190,20,1,19,2024-12-19 23:39:14
500105048,20,5,15,2024-12-19 00:17:15
500111040,20,2,17,2024-12-19 21:59:15
500108190,20,2,18,2024-12-19 23:58:14
500107079,20,3,17,2024-12-19 23:11:15
500104070,20,10,10,2024-12-19 20:55:17
500111081,20,2,18,2024-12-19 21:53:15
500108117,20,1,19,2024-12-19 00:00:18
500103061,20,3,17,2024-12-19 00:18:15
500112079,20,5,13,2024-12-19 01:09:14
500105106,20,5,15,2024-12-19 00:06:15
500112053,20,8,11,2024-12-19 00:09:14
500110072,20,8,12,2024-12-19 00:51:14
500111054,20,8,12,2024-12-19 00:09:14
500104105,20,9,11,2024-12-19 00:54:15
500111042,20,14,6,2024-12-19 01:00:17
500112001,20,15,4,2024-12-19 01:14:14
500106005,20,0,20,2024-12-19 23:15:16
500119066,20,0,20,2024-12-19 21:57:15
500107038,20,2,18,2024-12-19 23:19:15
500111027,20,6,14,2024-12-19 22:17:15
500101031,20,9,11,2024-12-19 23:18:15
500108014,20,12,8,2024-12-19 22:51:15
500110020,20,12,8,2024-12-19 23:02:14
500104105,20,13,7,2024-12-19 22:25:16
500110012,20,13,7,2024-12-19 22:42:14
500105048,20,0,20,2024-12-19 21:31:16
500106080,20,6,14,2024-12-19 22:33:15
500107161,20,8,11,2024-12-19 22:24:15
500108133,20,13,7,2024-12-19 22:35:15
500109085,20,17,3,2024-12-19 22:08:15
500106080,20,4,16,2024-12-19 21:37:15
500111042,20,6,14,2024-12-19 21:38:15
500107066,20,9,10,2024-12-19 21:35:16
500107009,20,10,10,2024-12-19 21:20:16
500108040,20,10,10,2024-12-19 18:23:16
500104047,20,14,6,2024-12-19 21:33:16
500107142,20,17,3,2024-12-19 21:33:16
500103071,20,5,14,2024-12-19 02:12:16
500105048,20,7,13,2024-12-19 01:29:15
500101234,20,8,12,2024-12-19 02:29:14
500106080,20,8,12,2024-12-19 01:19:15
500107150,20,2,17,2024-12-19 04:17:15
500107142,20,3,17,2024-12-19 04:04:15
500106005,20,12,8,2024-12-19 03:37:14
500112001,20,15,4,2024-12-19 03:39:14
500110079,20,15,5,2024-12-19 03:31:14
500101010,20,16,3,2024-12-19 03:45:15
500101010,20,1,19,2024-12-19 22:09:15
500107038,20,3,17,2024-12-19 22:09:15
500103051,20,8,11,2024-12-19 22:07:15
500106080,20,8,12,2024-12-19 22:07:15
500113013,20,11,8,2024-12-19 22:07:15
500110030,20,12,7,2024-12-19 22:02:15
500107172,20,14,5,2024-12-19 22:09:15
500107091,20,14,6,2024-12-19 21:56:15
500101037,20,1,19,2024-12-19 21:59:15
500103051,20,11,8,2024-12-19 21:56:15
500113013,20,11,8,2024-12-19 21:57:15
500112062,20,7,13,2024-12-19 03:22:14
500107038,20,8,12,2024-12-19 03:36:15
500103019,20,12,7,2024-12-19 01:00:17
500101037,20,1,19,2024-12-19 01:47:15
500103019,20,12,7,2024-12-19 01:34:15
500101031,20,8,12,2024-12-19 01:51:14
500103051,20,3,16,2024-12-19 02:17:15
500113013,20,9,10,2024-12-19 22:47:15
500107038,20,1,19,2024-12-19 23:07:15
500101031,20,16,4,2024-12-19 23:09:15
500106049,20,6,14,2024-12-19 22:16:15
500107006,20,8,12,2024-12-19 22:18:15
500112097,20,15,4,2024-12-19 22:14:15
500108133,20,12,8,2024-12-19 22:22:15
500105092,20,20,0,2024-12-19 22:26:15
500112101,20,7,13,2024-12-19 01:53:15
500110020,20,13,7,2024-12-19 23:33:15
500101214,20,18,0,2024-12-19 09:53:17
500103051,20,18,0,2024-12-19 12:31:15
500107150,20,19,0,2024-12-19 12:35:17
500107150,20,19,0,2024-12-19 11:01:18
500108171,20,20,0,2024-12-19 09:05:16
500111055,20,20,0,2024-12-19 08:57:16
500107105,20,19,1,2024-12-19 09:07:15
500107161,20,18,1,2024-12-19 09:28:15
500107161,20,18,1,2024-12-19 11:43:15
500107161,20,18,1,2024-12-19 10:58:15
500107161,20,18,1,2024-12-19 11:22:16
500111081,20,19,1,2024-12-19 11:37:15
500103043,20,18,2,2024-12-19 12:58:15
500106073,20,18,2,2024-12-19 11:26:15
500103043,20,17,3,2024-12-19 13:06:15
500111081,20,17,3,2024-12-19 11:28:15
500108171,20,16,4,2024-12-19 09:23:15
500107091,20,15,5,2024-12-19 12:10:16
500107102,20,15,5,2024-12-19 09:26:15
500108072,20,13,5,2024-12-19 10:53:16
500101010,20,13,6,2024-12-19 12:58:15
500101153,20,13,6,2024-12-19 12:42:15
500106005,20,14,6,2024-12-19 09:07:15
500106031,20,14,6,2024-12-19 09:09:15
500107006,20,14,6,2024-12-19 09:57:15
500112079,20,12,6,2024-12-19 12:19:16
500113013,20,14,6,2024-12-19 12:27:15
500101147,20,13,7,2024-12-19 11:52:15
500106099,20,13,7,2024-12-19 12:23:16
500108066,20,13,7,2024-12-19 09:36:15
500111040,20,13,7,2024-12-19 11:28:16
500103043,20,12,8,2024-12-19 10:07:15
500107006,20,12,8,2024-12-19 09:46:16
500107142,20,12,8,2024-12-19 10:31:16
500110015,20,11,8,2024-12-19 11:30:17
500111040,20,12,8,2024-12-19 08:51:15
500111081,20,12,8,2024-12-19 09:39:15
500103071,20,10,9,2024-12-19 09:13:14
500107057,20,10,9,2024-12-19 09:24:15
500107142,20,11,9,2024-12-19 10:02:14
500107142,20,11,9,2024-12-19 10:17:16
500107142,20,11,9,2024-12-19 10:57:15
500106135,20,10,10,2024-12-19 12:38:15
500107006,20,10,10,2024-12-19 09:06:15
500107057,20,9,10,2024-12-19 10:21:15
500110030,20,8,10,2024-12-19 09:27:15
500112053,20,9,10,2024-12-19 11:08:15
500101241,20,9,11,2024-12-19 12:51:14
500110030,20,7,11,2024-12-19 09:36:15
500110030,20,7,11,2024-12-19 11:56:16
500112062,20,9,11,2024-12-19 12:34:14
500101036,20,8,12,2024-12-19 10:18:15
500101147,20,8,12,2024-12-19 10:38:15
500101241,20,8,12,2024-12-19 12:33:15
500104047,20,8,12,2024-12-19 11:50:16
500105048,20,8,12,2024-12-19 09:42:15
500106080,20,8,12,2024-12-19 12:18:15
500110015,20,7,12,2024-12-19 12:54:15
500110020,20,8,12,2024-12-19 12:04:16
500110020,20,8,12,2024-12-19 12:45:16
500119066,20,8,12,2024-12-19 13:07:15
500101010,20,6,13,2024-12-19 11:58:16
500101028,20,5,13,2024-12-19 10:37:16
500104047,20,7,13,2024-12-19 12:00:18
500104105,20,7,13,2024-12-19 12:07:16
500107120,20,7,13,2024-12-19 11:09:15
500112110,20,6,13,2024-12-19 12:07:16
500101147,20,6,14,2024-12-19 09:18:15
500106005,20,6,14,2024-12-19 10:48:15
500106005,20,6,14,2024-12-19 11:08:15
500108040,20,6,14,2024-12-19 11:47:16
500111096,20,5,14,2024-12-19 09:24:15
500112110,20,5,14,2024-12-19 13:06:15
500104070,20,5,15,2024-12-19 11:57:16
500105044,20,5,15,2024-12-19 10:21:15
500106005,20,5,15,2024-12-19 12:57:14
500109085,20,5,15,2024-12-19 09:23:15
500110079,20,5,15,2024-12-19 10:08:15
500111042,20,4,15,2024-12-19 09:53:15
500111049,20,5,15,2024-12-19 08:55:16
500111095,20,5,15,2024-12-19 09:06:15
500101094,20,4,16,2024-12-19 12:27:15
500101147,20,4,16,2024-12-19 12:38:15
500101230,20,4,16,2024-12-19 12:34:14
500109070,20,4,16,2024-12-19 11:46:15
500109085,20,4,16,2024-12-19 09:46:16
500110020,20,4,16,2024-12-19 11:42:16
500110020,20,4,16,2024-12-19 09:54:15
500110069,20,4,16,2024-12-19 09:49:15
500110079,20,4,16,2024-12-19 09:08:15
500110079,20,4,16,2024-12-19 10:35:15
500112097,20,4,16,2024-12-19 09:44:15
500112097,20,4,16,2024-12-19 11:41:15
500112101,20,4,16,2024-12-19 09:06:14
500113028,20,1,16,2024-12-19 10:26:15
500113056,20,4,16,2024-12-19 12:30:16
500103019,20,2,17,2024-12-19 12:19:16
500106002,20,3,17,2024-12-19 11:27:15
500106049,20,3,17,2024-12-19 10:42:15
500107009,20,3,17,2024-12-19 11:22:16
500107102,20,3,17,2024-12-19 11:41:14
500107136,20,3,17,2024-12-19 09:26:15
500110079,20,3,17,2024-12-19 13:04:16
500111042,20,2,17,2024-12-19 12:14:15
500112097,20,3,17,2024-12-19 12:23:16
500113028,20,2,17,2024-12-19 12:54:15
500101031,20,2,18,2024-12-19 09:46:16
500101153,20,1,18,2024-12-19 09:04:15
500103038,20,2,18,2024-12-19 11:47:16
500107079,20,2,18,2024-12-19 09:54:15
500107120,20,2,18,2024-12-19 11:59:15
500107172,20,1,18,2024-12-19 12:23:16
500107172,20,1,18,2024-12-19 09:36:15
500108093,20,2,18,2024-12-19 10:28:16
500108117,20,2,18,2024-12-19 12:00:19
500111042,20,1,18,2024-12-19 08:51:15
500112063,20,0,18,2024-12-19 12:24:16
500112086,20,2,18,2024-12-19 12:18:15
500112101,20,2,18,2024-12-19 11:39:15
500113028,20,1,18,2024-12-19 11:58:15
500113053,20,2,18,2024-12-19 10:08:15
500113053,20,2,18,2024-12-19 12:16:15
500101037,20,1,19,2024-12-19 10:48:15
500101147,20,1,19,2024-12-19 12:19:16
500101230,20,1,19,2024-12-19 11:30:16
500103061,20,1,19,2024-12-19 11:57:16
500106005,20,1,19,2024-12-19 11:35:16
500106080,20,1,19,2024-12-19 11:25:16
500107079,20,1,19,2024-12-19 11:28:15
500108093,20,1,19,2024-12-19 11:48:15
500110072,20,1,19,2024-12-19 09:46:16
500111095,20,1,19,2024-12-19 12:26:15
500112086,20,1,19,2024-12-19 10:00:18
500113053,20,1,19,2024-12-19 12:27:15
500101031,20,0,20,2024-12-19 11:41:15
500101031,20,0,20,2024-12-19 10:04:16
500101230,20,0,20,2024-12-19 09:27:15
500106005,20,0,20,2024-12-19 11:57:16
500106080,20,0,20,2024-12-19 10:22:17
500112062,20,0,20,2024-12-19 09:34:16
500110020,20,20,0,2024-12-19 19:49:15
500101230,20,19,1,2024-12-19 20:18:15
500101230,20,19,1,2024-12-19 20:46:18
500109077,20,19,1,2024-12-19 19:06:16
500103043,20,18,2,2024-12-19 19:57:14
500107066,20,17,2,2024-12-19 18:45:16
500107136,20,18,2,2024-12-19 20:27:15
500107142,20,18,2,2024-12-19 20:05:16
500112062,20,18,2,2024-12-19 19:46:15
500112079,20,16,2,2024-12-19 17:37:16
500101094,20,17,3,2024-12-19 19:06:16
500106041,20,16,3,2024-12-19 18:26:16
500106073,20,17,3,2024-12-19 18:16:16
500107150,20,17,3,2024-12-19 19:26:15
500101230,20,16,4,2024-12-19 19:49:15
500107066,20,15,4,2024-12-19 18:28:16
500109028,20,13,4,2024-12-19 20:23:15
500112062,20,16,4,2024-12-19 19:32:15
500112101,20,16,4,2024-12-19 19:48:14
500106041,20,14,5,2024-12-19 20:07:15
500107066,20,14,5,2024-12-19 20:16:16
500108093,20,15,5,2024-12-19 18:29:15
500108146,20,15,5,2024-12-19 17:23:15
500108171,20,15,5,2024-12-19 17:27:16
500103051,20,13,6,2024-12-19 19:38:14
500106041,20,13,6,2024-12-19 20:58:15
500108122,20,14,6,2024-12-19 20:09:15
500109085,20,14,6,2024-12-19 19:32:15
500110015,20,13,6,2024-12-19 18:05:16
500112063,20,12,6,2024-12-19 19:28:15
500106099,20,13,7,2024-12-19 19:53:15
500107091,20,13,7,2024-12-19 20:46:16
500112063,20,11,7,2024-12-19 19:58:15
500112063,20,11,7,2024-12-19 20:27:15
500112079,20,11,7,2024-12-19 18:06:15
500101230,20,12,8,2024-12-19 18:48:15
500104105,20,12,8,2024-12-19 17:45:16
500107003,20,12,8,2024-12-19 18:36:16
500107038,20,12,8,2024-12-19 17:58:16
500107091,20,12,8,2024-12-19 20:31:15
500110030,20,11,8,2024-12-19 20:56:15
500110072,20,12,8,2024-12-19 18:18:16
500111040,20,12,8,2024-12-19 16:51:15
500112079,20,10,8,2024-12-19 18:19:15
500112097,20,12,8,2024-12-19 17:47:15
500112107,20,12,8,2024-12-19 21:19:16
500103051,20,10,9,2024-12-19 21:09:16
500104105,20,11,9,2024-12-19 17:21:15
500105092,20,11,9,2024-12-19 17:21:15
500105106,20,10,9,2024-12-19 18:28:16
500106080,20,11,9,2024-12-19 18:58:16
500107057,20,11,9,2024-12-19 20:59:15
500107136,20,11,9,2024-12-19 18:24:16
500107136,20,11,9,2024-12-19 18:46:15
500108090,20,11,9,2024-12-19 17:48:15
500108133,20,11,9,2024-12-19 21:10:15
500109085,20,11,9,2024-12-19 17:44:15
500111040,20,11,9,2024-12-19 18:21:16
500111095,20,11,9,2024-12-19 19:03:15
500112086,20,11,9,2024-12-19 17:38:16
500112097,20,10,9,2024-12-19 20:30:17
500112101,20,11,9,2024-12-19 18:46:15
500101094,20,10,10,2024-12-19 17:57:15
500101230,20,10,10,2024-12-19 18:56:15
500103071,20,9,10,2024-12-19 17:43:16
500107066,20,9,10,2024-12-19 17:38:16
500107150,20,10,10,2024-12-19 21:09:16
500112053,20,10,10,2024-12-19 18:58:15
500112062,20,10,10,2024-12-19 17:37:16
500112101,20,10,10,2024-12-19 18:49:16
500101010,20,9,11,2024-12-19 19:29:14
500108052,20,9,11,2024-12-19 19:19:14
500108117,20,9,11,2024-12-19 17:37:15
500109028,20,6,11,2024-12-19 18:03:15
500112086,20,9,11,2024-12-19 21:15:16
500113013,20,8,11,2024-12-19 20:49:15
500113053,20,9,11,2024-12-19 18:23:15
500101031,20,8,12,2024-12-19 19:23:15
500110030,20,7,12,2024-12-19 18:53:15
500111095,20,8,12,2024-12-19 18:26:16
500112097,20,8,12,2024-12-19 19:19:15
500112101,20,8,12,2024-12-19 20:58:15
500113053,20,8,12,2024-12-19 17:39:15
500101147,20,7,13,2024-12-19 21:08:15
500103019,20,6,13,2024-12-19 18:57:15
500106031,20,7,13,2024-12-19 19:35:16
500107009,20,7,13,2024-12-19 17:58:16
500112101,20,7,13,2024-12-19 20:38:15
500113028,20,6,13,2024-12-19 20:28:15
500101214,20,6,14,2024-12-19 17:35:16
500101234,20,5,14,2024-12-19 20:57:16
500104047,20,6,14,2024-12-19 18:08:16
500110072,20,6,14,2024-12-19 18:46:15
500113013,20,5,14,2024-12-19 20:36:15
500101031,20,5,15,2024-12-19 20:28:15
500103019,20,4,15,2024-12-19 18:19:15
500105048,20,5,15,2024-12-19 19:17:14
500113028,20,4,15,2024-12-19 20:12:15
500101094,20,4,16,2024-12-19 17:38:16
500101214,20,4,16,2024-12-19 20:28:15
500101234,20,3,16,2024-12-19 18:08:16
500103045,20,4,16,2024-12-19 17:37:16
500106080,20,4,16,2024-12-19 21:20:16
500106135,20,4,16,2024-12-19 21:05:16
500107136,20,4,16,2024-12-19 17:22:16
500112001,20,4,16,2024-12-19 18:46:15
500101036,20,3,17,2024-12-19 21:14:15
500101094,20,3,17,2024-12-19 19:23:15
500103038,20,3,17,2024-12-19 19:58:15
500106135,20,3,17,2024-12-19 20:59:15
500107038,20,3,17,2024-12-19 19:02:15
500107120,20,3,17,2024-12-19 20:36:15
500110020,20,3,17,2024-12-19 18:10:17
500111049,20,3,17,2024-12-19 18:36:16
500111096,20,3,17,2024-12-19 18:04:16
500112107,20,3,17,2024-12-19 18:01:16
500112110,20,3,17,2024-12-19 18:38:16
500113028,20,2,17,2024-12-19 17:45:16
500101214,20,2,18,2024-12-19 19:19:15
500101241,20,2,18,2024-12-19 19:24:15
500106049,20,2,18,2024-12-19 18:48:15
500107079,20,2,18,2024-12-19 20:42:15
500108190,20,2,18,2024-12-19 19:06:16
500111054,20,2,18,2024-12-19 14:49:15
500112053,20,2,18,2024-12-19 20:44:14
500103045,20,1,19,2024-12-19 20:49:15
500106002,20,1,19,2024-12-19 18:05:17
500106005,20,1,19,2024-12-19 17:58:16
500106005,20,1,19,2024-12-19 19:48:16
500106135,20,1,19,2024-12-19 20:29:14
500107102,20,1,19,2024-12-19 18:30:17
500107120,20,1,19,2024-12-19 18:17:16
500109070,20,1,19,2024-12-19 20:23:16
500101037,20,0,20,2024-12-19 17:47:15
500103045,20,0,20,2024-12-19 18:48:16
500106002,20,0,20,2024-12-19 17:42:17
500106135,20,0,20,2024-12-19 19:49:15
500107120,20,0,20,2024-12-19 18:24:15
500101028,20,18,0,2024-12-19 13:49:14
500107161,20,19,0,2024-12-19 15:36:15
500107161,20,19,0,2024-12-19 13:53:15
500107150,20,19,1,2024-12-19 15:47:14
500111081,20,19,1,2024-12-19 13:50:16
500103043,20,18,2,2024-12-19 15:07:15
500119066,20,18,2,2024-12-19 15:53:16
500119066,20,18,2,2024-12-19 14:24:15
500101028,20,17,3,2024-12-19 17:14:16
500101214,20,17,3,2024-12-19 13:54:15
500101214,20,17,3,2024-12-19 14:43:15
500107066,20,16,3,2024-12-19 14:41:15
500111081,20,17,3,2024-12-19 13:37:15
500111081,20,17,3,2024-12-19 16:33:15
500106073,20,16,4,2024-12-19 15:52:15
500107057,20,16,4,2024-12-19 17:18:16
500107066,20,15,4,2024-12-19 13:51:15
500107102,20,16,4,2024-12-19 13:54:15
500109077,20,16,4,2024-12-19 17:00:17
500109084,20,16,4,2024-12-19 16:55:17
500112079,20,14,4,2024-12-19 15:30:19
500112110,20,14,5,2024-12-19 13:58:16
500119066,20,15,5,2024-12-19 13:47:15
500103051,20,13,6,2024-12-19 14:35:15
500106041,20,13,6,2024-12-19 16:58:15
500106080,20,14,6,2024-12-19 16:04:15
500109077,20,14,6,2024-12-19 16:15:15
500105106,20,12,7,2024-12-19 16:57:16
500119066,20,13,7,2024-12-19 13:57:15
500109028,20,9,8,2024-12-19 16:45:17
500109028,20,9,8,2024-12-19 14:06:15
500103051,20,10,9,2024-12-19 17:16:16
500107038,20,11,9,2024-12-19 14:35:15
500108074,20,11,9,2024-12-19 14:03:15
500109028,20,8,9,2024-12-19 15:48:15
500105092,20,10,10,2024-12-19 16:41:15
500106005,20,10,10,2024-12-19 16:42:15
500107066,20,9,10,2024-12-19 16:38:15
500110015,20,9,10,2024-12-19 16:24:15
500101094,20,9,11,2024-12-19 16:48:16
500101094,20,9,11,2024-12-19 17:17:16
500101153,20,9,11,2024-12-19 13:14:15
500106080,20,9,11,2024-12-19 14:38:15
500107038,20,9,11,2024-12-19 14:55:16
500107105,20,9,11,2024-12-19 16:20:16
500112107,20,9,11,2024-12-19 14:58:15
500106080,20,8,12,2024-12-19 16:48:16
500111096,20,8,12,2024-12-19 16:20:17
500101241,20,7,13,2024-12-19 14:18:15
500106005,20,7,13,2024-12-19 16:58:15
500110030,20,6,13,2024-12-19 16:47:15
500111096,20,7,13,2024-12-19 16:09:14
500111096,20,6,13,2024-12-19 13:42:15
500112063,20,5,13,2024-12-19 15:28:14
500112097,20,7,13,2024-12-19 16:25:16
500112101,20,7,13,2024-12-19 17:06:16
500101153,20,6,14,2024-12-19 16:10:16
500101241,20,6,14,2024-12-19 16:38:15
500105044,20,6,14,2024-12-19 16:30:16
500109085,20,6,14,2024-12-19 14:33:16
500110020,20,6,14,2024-12-19 16:34:16
500111096,20,6,14,2024-12-19 16:45:17
500112097,20,6,14,2024-12-19 16:35:15
500101031,20,5,15,2024-12-19 15:57:15
500101094,20,5,15,2024-12-19 14:42:15
500101153,20,5,15,2024-12-19 15:15:15
500106049,20,5,15,2024-12-19 15:08:15
500109085,20,5,15,2024-12-19 13:51:15
500110020,20,5,15,2024-12-19 15:38:15
500110020,20,5,15,2024-12-19 15:05:16
500110030,20,4,15,2024-12-19 15:42:14
500111052,20,5,15,2024-12-19 14:39:15
500111096,20,5,15,2024-12-19 17:06:16
500101031,20,4,16,2024-12-19 16:12:15
500101031,20,4,16,2024-12-19 13:37:15
500101031,20,4,16,2024-12-19 14:12:15
500103038,20,4,16,2024-12-19 13:09:15
500106049,20,4,16,2024-12-19 16:27:16
500107102,20,4,16,2024-12-19 13:15:15
500110012,20,4,16,2024-12-19 13:58:16
500110030,20,3,16,2024-12-19 17:14:16
500112101,20,4,16,2024-12-19 16:47:15
500101147,20,3,17,2024-12-19 16:30:16
500103045,20,3,17,2024-12-19 16:56:15
500106135,20,3,17,2024-12-19 16:13:15
500107038,20,3,17,2024-12-19 15:58:15
500107066,20,2,17,2024-12-19 17:16:15
500107102,20,3,17,2024-12-19 13:38:16
500107120,20,3,17,2024-12-19 14:50:16
500108093,20,3,17,2024-12-19 13:22:15
500110072,20,3,17,2024-12-19 13:45:16
500111095,20,3,17,2024-12-19 16:23:15
500101031,20,2,18,2024-12-19 15:27:15
500101094,20,2,18,2024-12-19 13:24:14
500103038,20,2,18,2024-12-19 15:38:15
500106135,20,2,18,2024-12-19 15:04:15
500110012,20,2,18,2024-12-19 17:12:16
500101031,20,1,19,2024-12-19 17:18:16
500101037,20,1,19,2024-12-19 13:25:16
500101234,20,0,19,2024-12-19 16:40:19
500103019,20,0,19,2024-12-19 15:28:14
500106049,20,1,19,2024-12-19 16:38:15
500106135,20,1,19,2024-12-19 13:41:15
500110072,20,1,19,2024-12-19 16:38:16
500113028,20,0,19,2024-12-19 16:47:15
500101037,20,0,20,2024-12-19 16:53:16
500103045,20,0,20,2024-12-19 17:08:16
500103051,20,12,7,2024-12-19 21:49:15
500101031,20,20,0,2024-12-19 08:45:16
500101214,20,18,0,2024-12-19 08:49:16
500106080,20,20,0,2024-12-19 05:57:15
500107105,20,20,0,2024-12-19 08:10:19
500110012,20,20,0,2024-12-19 07:22:15
500103038,20,19,1,2024-12-19 06:02:15
500101010,20,17,2,2024-12-19 06:39:15
500109017,20,18,2,2024-12-19 05:15:15
500112063,20,16,2,2024-12-19 07:57:16
500106031,20,16,4,2024-12-19 08:57:15
500108090,20,16,4,2024-12-19 08:30:15
500108171,20,16,4,2024-12-19 08:32:15
500112001,20,15,4,2024-12-19 05:33:15
500112063,20,14,4,2024-12-19 08:14:16
500112079,20,14,4,2024-12-19 08:16:15
500101119,20,14,5,2024-12-19 05:52:15
500103045,20,15,5,2024-12-19 06:54:16
500106031,20,15,5,2024-12-19 08:43:15
500107102,20,15,5,2024-12-19 08:53:15
500107150,20,14,5,2024-12-19 07:57:16
500107172,20,14,5,2024-12-19 08:13:15
500110012,20,15,5,2024-12-19 07:45:16
500112107,20,15,5,2024-12-19 07:12:15
500101241,20,14,6,2024-12-19 08:37:15
500103038,20,14,6,2024-12-19 07:16:14
500103045,20,14,6,2024-12-19 06:35:15
500107066,20,14,6,2024-12-19 07:12:15
500108072,20,12,6,2024-12-19 08:14:16
500108122,20,14,6,2024-12-19 08:17:14
500108190,20,14,6,2024-12-19 07:37:15
500101234,20,12,7,2024-12-19 07:27:15
500103051,20,12,7,2024-12-19 06:12:15
500104047,20,13,7,2024-12-19 08:34:15
500107136,20,13,7,2024-12-19 08:57:15
500110069,20,13,7,2024-12-19 07:47:14
500113053,20,12,7,2024-12-19 07:22:15
500103051,20,11,8,2024-12-19 06:32:15
500106002,20,11,8,2024-12-19 07:43:15
500106005,20,12,8,2024-12-19 08:37:15
500106099,20,11,8,2024-12-19 08:03:15
500107079,20,12,8,2024-12-19 07:50:16
500107150,20,11,8,2024-12-19 07:45:16
500107161,20,11,8,2024-12-19 08:54:15
500108072,20,10,8,2024-12-19 07:00:16
500108117,20,12,8,2024-12-19 05:26:15
500110069,20,12,8,2024-12-19 08:11:15
500110069,20,12,8,2024-12-19 07:58:15
500112107,20,12,8,2024-12-19 08:45:16
500101119,20,10,9,2024-12-19 07:27:15
500106031,20,11,9,2024-12-19 08:16:14
500106099,20,10,9,2024-12-19 07:38:15
500107150,20,10,9,2024-12-19 07:32:14
500108072,20,9,9,2024-12-19 07:44:15
500108090,20,11,9,2024-12-19 07:52:14
500109070,20,11,9,2024-12-19 07:53:16
500110069,20,11,9,2024-12-19 08:26:15
500113070,20,11,9,2024-12-19 07:37:15
500101010,20,9,10,2024-12-19 08:00:16
500106099,20,9,10,2024-12-19 05:21:14
500107120,20,10,10,2024-12-19 08:57:15
500109070,20,10,10,2024-12-19 06:01:14
500110012,20,10,10,2024-12-19 08:13:15
500113028,20,4,10,2024-12-19 07:35:16
500103045,20,9,11,2024-12-19 07:24:15
500106031,20,9,11,2024-12-19 07:23:15
500111095,20,9,11,2024-12-19 06:36:14
500111095,20,9,11,2024-12-19 05:48:14
500111096,20,8,11,2024-12-19 07:09:15
500112062,20,9,11,2024-12-19 07:09:14
500101028,20,8,12,2024-12-19 07:35:16
500104105,20,8,12,2024-12-19 08:51:15
500105092,20,8,12,2024-12-19 08:00:17
500106001,20,8,12,2024-12-19 06:37:15
500107066,20,7,12,2024-12-19 08:11:16
500112063,20,6,12,2024-12-19 07:37:15
500113013,20,8,12,2024-12-19 08:03:14
500113028,20,5,12,2024-12-19 08:17:15
500106041,20,7,13,2024-12-19 08:03:15
500107038,20,7,13,2024-12-19 08:54:15
500107057,20,6,13,2024-12-19 04:57:14
500108040,20,7,13,2024-12-19 08:34:15
500108052,20,7,13,2024-12-19 08:12:15
500108190,20,7,13,2024-12-19 06:38:15
500110012,20,7,13,2024-12-19 08:31:16
500110072,20,7,13,2024-12-19 06:35:15
500111052,20,7,13,2024-12-19 08:54:15
500111081,20,7,13,2024-12-19 07:14:15
500103051,20,5,14,2024-12-19 07:26:15
500103051,20,5,14,2024-12-19 07:47:15
500110015,20,5,14,2024-12-19 07:11:15
500111027,20,6,14,2024-12-19 06:51:15
500111049,20,6,14,2024-12-19 08:31:16
500101241,20,5,15,2024-12-19 07:12:15
500103045,20,5,15,2024-12-19 08:24:15
500107006,20,5,15,2024-12-19 08:22:15
500107120,20,5,15,2024-12-19 06:31:15
500107136,20,5,15,2024-12-19 07:27:15
500108146,20,5,15,2024-12-19 08:01:15
500111095,20,5,15,2024-12-19 08:28:15
500112086,20,5,15,2024-12-19 06:47:15
500113053,20,4,15,2024-12-19 08:33:16
500106049,20,4,16,2024-12-19 07:57:15
500107006,20,4,16,2024-12-19 06:18:14
500107009,20,4,16,2024-12-19 07:13:15
500107120,20,4,16,2024-12-19 06:07:15
500108093,20,4,16,2024-12-19 07:47:15
500112097,20,3,16,2024-12-19 07:57:16
500101036,20,3,17,2024-12-19 08:33:16
500107142,20,3,17,2024-12-19 08:37:15
500107161,20,2,17,2024-12-19 07:33:15
500108122,20,3,17,2024-12-19 07:16:15
500112001,20,3,17,2024-12-19 08:00:17
500112062,20,3,17,2024-12-19 07:59:15
500101028,20,2,18,2024-12-19 06:28:14
500103038,20,2,18,2024-12-19 08:09:15
500103061,20,2,18,2024-12-19 08:20:17
500106001,20,2,18,2024-12-19 08:33:16
500106080,20,2,18,2024-12-19 08:17:15
500108122,20,2,18,2024-12-19 07:54:16
500111027,20,2,18,2024-12-19 07:47:15
500111095,20,2,18,2024-12-19 08:55:16
500112110,20,1,18,2024-12-19 08:17:15
500103061,20,1,19,2024-12-19 05:15:15
500103061,20,1,19,2024-12-19 07:57:16
500103061,20,1,19,2024-12-19 07:59:16
500106080,20,1,19,2024-12-19 08:37:15
500108146,20,1,19,2024-12-19 08:25:16
500112001,20,1,19,2024-12-19 08:16:15
500112062,20,1,19,2024-12-19 08:32:15
500101036,20,0,20,2024-12-19 08:47:15
500101037,20,0,20,2024-12-19 08:17:16
500103061,20,0,20,2024-12-19 06:47:16
500109085,20,0,20,2024-12-19 08:00:20
500110020,20,0,20,2024-12-19 06:40:17
500107038,20,1,19,2024-12-19 23:21:14
500103043,20,15,5,2024-12-19 00:16:15
500107009,20,11,9,2024-12-19 00:08:15
500107057,20,9,10,2024-12-19 00:23:14
500107172,20,14,2,2024-12-19 00:43:15
500111029,20,7,13,2024-12-19 00:15:16
500103043,20,5,15,2024-12-19 23:39:14
500106041,20,2,18,2024-12-19 00:10:15
500112110,20,11,9,2024-12-19 00:42:15
500107150,20,2,17,2024-12-19 23:59:15
500107102,20,3,17,2024-12-19 23:09:15
500111113,20,6,14,2024-12-19 18:58:16
500108117,20,8,12,2024-12-19 21:08:15
500108072,20,11,7,2024-12-19 20:55:16
500108127,20,12,8,2024-12-19 22:24:15
500107066,20,15,4,2024-12-19 23:53:15
500101241,20,8,12,2024-12-19 23:53:15
500112110,20,8,11,2024-12-19 23:45:16
500106080,20,9,11,2024-12-19 23:25:16
500107161,20,11,8,2024-12-19 23:49:15
500107057,20,12,7,2024-12-19 23:22:15
500107038,20,0,20,2024-12-19 00:30:18
500111029,20,2,18,2024-12-19 01:08:16
500111049,20,3,17,2024-12-19 00:27:15
500112097,20,10,6,2024-12-19 00:30:18
500112062,20,11,9,2024-12-19 01:16:15
500107136,20,15,5,2024-12-19 00:22:15
500101010,20,16,4,2024-12-19 00:06:15
500101028,20,1,19,2024-12-19 23:06:15
500106002,20,3,17,2024-12-19 22:42:15
500105106,20,8,11,2024-12-19 22:56:15
500112079,20,9,10,2024-12-19 23:19:15
500112063,20,12,7,2024-12-19 23:08:14
500107142,20,12,8,2024-12-19 23:08:15
500105106,20,7,12,2024-12-19 21:57:15
500111042,20,11,9,2024-12-19 22:32:15
500112107,20,13,7,2024-12-19 22:27:15
500110079,20,18,2,2024-12-19 22:35:16
500113053,20,18,2,2024-12-19 22:11:15
500107120,20,0,20,2024-12-19 21:17:15
500101234,20,1,18,2024-12-19 21:36:15
500109070,20,1,19,2024-12-19 21:30:18
500103051,20,12,7,2024-12-19 21:39:15
500113070,20,13,7,2024-12-19 20:51:16
500108127,20,17,3,2024-12-19 21:29:15
500110015,20,5,14,2024-12-19 02:28:15
500113013,20,13,3,2024-12-19 01:49:14
500107066,20,13,7,2024-12-19 01:58:14
500101010,20,15,5,2024-12-19 02:58:15
500110069,20,15,5,2024-12-19 01:34:15
500110012,20,18,2,2024-12-19 01:43:15
500101153,20,4,15,2024-12-19 04:27:14
500101147,20,5,15,2024-12-19 04:06:15
500105048,20,8,12,2024-12-19 03:18:14
500109028,20,12,5,2024-12-19 03:35:15
500109070,20,0,20,2024-12-19 22:00:16
500106005,20,1,19,2024-12-19 22:09:15
500103038,20,7,13,2024-12-19 22:03:15
500111042,20,8,12,2024-12-19 21:57:15
500107003,20,10,10,2024-12-19 22:04:15
500103045,20,12,8,2024-12-19 22:08:14
500104105,20,14,6,2024-12-19 21:43:15
500109077,20,16,4,2024-12-19 22:09:15
500113056,20,11,9,2024-12-19 21:57:15
500107105,20,13,7,2024-12-19 21:52:15
500109085,20,15,5,2024-12-19 21:55:17
500110072,20,4,16,2024-12-19 03:28:14
500101031,20,8,12,2024-12-19 03:16:15
500101010,20,13,7,2024-12-19 23:32:14
500112062,20,18,2,2024-12-19 23:58:14
500107142,20,6,14,2024-12-19 00:41:14
500107057,20,9,10,2024-12-19 01:00:17
500113028,20,14,2,2024-12-19 00:48:14
500101214,20,3,15,2024-12-19 01:47:15
500101241,20,5,15,2024-12-19 01:45:15
500112001,20,15,4,2024-12-19 01:33:15
500112062,20,10,10,2024-12-19 02:06:15
500101230,20,18,1,2024-12-19 02:20:17
500107066,20,15,4,2024-12-19 22:47:14
500101230,20,16,4,2024-12-19 22:49:15
500101147,20,1,19,2024-12-19 23:02:14
500105048,20,6,14,2024-12-19 23:04:15
500103051,20,8,11,2024-12-19 22:52:14
500113028,20,12,8,2024-12-19 22:51:15
500106005,20,0,20,2024-12-19 22:14:15
500112001,20,6,8,2024-12-19 22:16:14
500107066,20,13,6,2024-12-19 22:19:15
500108074,20,5,15,2024-12-19 04:42:14
500108190,20,7,13,2024-12-19 04:38:14
500113028,20,11,4,2024-12-19 03:51:15
500113056,20,13,7,2024-12-19 22:23:15
500107038,20,2,18,2024-12-19 22:58:15
500112079,20,9,10,2024-12-19 22:53:15
500111042,20,9,11,2024-12-19 22:58:15
500101230,20,16,4,2024-12-19 22:57:15
500101037,20,1,19,2024-12-19 01:49:15
500103045,20,12,8,2024-12-19 23:32:15
500110012,20,17,3,2024-12-19 01:33:15
500101214,20,18,0,2024-12-19 09:06:15
500101214,20,18,0,2024-12-19 10:28:16
500107161,20,19,0,2024-12-19 11:34:15
500107150,20,18,1,2024-12-19 10:41:15
500119066,20,19,1,2024-12-19 09:51:14
500107150,20,17,2,2024-12-19 12:24:16
500106041,20,17,3,2024-12-19 10:23:15
500107006,20,17,3,2024-12-19 10:06:15
500107161,20,16,3,2024-12-19 10:14:15
500108171,20,17,3,2024-12-19 10:01:16
500101214,20,14,4,2024-12-19 11:27:15
500107161,20,15,4,2024-12-19 12:53:15
500108171,20,16,4,2024-12-19 11:35:17
500103043,20,15,5,2024-12-19 12:26:15
500106041,20,15,5,2024-12-19 10:07:16
500107066,20,14,5,2024-12-19 11:31:15
500107066,20,14,5,2024-12-19 10:58:16
500107091,20,15,5,2024-12-19 12:43:15
500112079,20,13,5,2024-12-19 12:22:16
500101214,20,12,6,2024-12-19 12:25:16
500101241,20,14,6,2024-12-19 10:26:14
500106099,20,14,6,2024-12-19 09:52:15
500107006,20,14,6,2024-12-19 12:02:16
500111055,20,14,6,2024-12-19 12:49:15
500112079,20,12,6,2024-12-19 11:42:16
500119066,20,14,6,2024-12-19 10:38:15
500107142,20,13,7,2024-12-19 12:25:16
500108014,20,13,7,2024-12-19 12:28:15
500101119,20,11,8,2024-12-19 10:04:15
500101153,20,11,8,2024-12-19 12:06:16
500106041,20,11,8,2024-12-19 12:40:17
500106080,20,12,8,2024-12-19 13:04:16
500107066,20,11,8,2024-12-19 10:18:15
500108066,20,12,8,2024-12-19 11:07:16
500109077,20,12,8,2024-12-19 12:28:15
500109077,20,12,8,2024-12-19 09:36:15
500104047,20,11,9,2024-12-19 09:39:15
500107038,20,11,9,2024-12-19 12:44:15
500107038,20,11,9,2024-12-19 09:53:15
500107057,20,10,9,2024-12-19 11:57:15
500107057,20,10,9,2024-12-19 09:57:15
500107142,20,11,9,2024-12-19 09:57:15
500108074,20,11,9,2024-12-19 12:24:16
500108122,20,11,9,2024-12-19 09:31:15
500109077,20,11,9,2024-12-19 09:26:15
500110030,20,9,9,2024-12-19 09:46:16
500110030,20,9,9,2024-12-19 11:42:16
500101028,20,9,10,2024-12-19 09:04:15
500101028,20,8,10,2024-12-19 10:58:16
500103051,20,9,10,2024-12-19 09:32:15
500103051,20,9,10,2024-12-19 09:53:15
500104047,20,10,10,2024-12-19 10:35:15
500107091,20,10,10,2024-12-19 11:02:15
500110053,20,9,10,2024-12-19 10:40:16
500110069,20,10,10,2024-12-19 09:06:15
500113013,20,10,10,2024-12-19 11:36:15
500101241,20,9,11,2024-12-19 12:26:15
500103051,20,8,11,2024-12-19 09:08:15
500105092,20,9,11,2024-12-19 08:56:16
500106049,20,9,11,2024-12-19 12:14:16
500108133,20,9,11,2024-12-19 10:43:16
500110053,20,8,11,2024-12-19 10:03:15
500112107,20,9,11,2024-12-19 12:27:14
500113056,20,8,11,2024-12-19 08:58:15
500105048,20,8,12,2024-12-19 10:29:15
500106005,20,8,12,2024-12-19 12:38:15
500107091,20,8,12,2024-12-19 09:12:16
500108122,20,8,12,2024-12-19 09:05:16
500108146,20,8,12,2024-12-19 12:37:15
500111027,20,8,12,2024-12-19 12:13:16
500111052,20,8,12,2024-12-19 09:19:15
500111113,20,8,12,2024-12-19 08:37:15
500112101,20,8,12,2024-12-19 12:59:16
500119066,20,8,12,2024-12-19 12:56:15
500101147,20,7,13,2024-12-19 10:18:15
500101036,20,6,14,2024-12-19 09:26:15
500107120,20,6,14,2024-12-19 11:24:15
500109085,20,6,14,2024-12-19 12:02:16
500110012,20,6,14,2024-12-19 09:29:15
500110079,20,6,14,2024-12-19 09:52:15
500112062,20,6,14,2024-12-19 11:47:16
500113056,20,6,14,2024-12-19 10:58:16
500101094,20,5,15,2024-12-19 12:45:16
500107003,20,5,15,2024-12-19 10:36:14
500108052,20,5,15,2024-12-19 10:18:15
500110069,20,5,15,2024-12-19 12:08:15
500112097,20,5,15,2024-12-19 12:33:15
500112110,20,4,15,2024-12-19 12:55:15
500113056,20,5,15,2024-12-19 11:58:16
500101234,20,3,16,2024-12-19 12:58:15
500106080,20,4,16,2024-12-19 11:58:16
500107038,20,4,16,2024-12-19 09:36:15
500107038,20,4,16,2024-12-19 10:16:15
500107136,20,4,16,2024-12-19 11:16:14
500110012,20,4,16,2024-12-19 09:42:14
500110072,20,4,16,2024-12-19 11:23:15
500111095,20,4,16,2024-12-19 09:35:16
500112063,20,2,16,2024-12-19 11:03:16
500113053,20,3,16,2024-12-19 08:42:15
500103045,20,3,17,2024-12-19 09:44:15
500106002,20,2,17,2024-12-19 09:37:15
500108074,20,3,17,2024-12-19 08:57:15
500108093,20,3,17,2024-12-19 10:45:15
500108117,20,3,17,2024-12-19 09:27:15
500108146,20,3,17,2024-12-19 11:45:15
500110012,20,3,17,2024-12-19 11:51:16
500101010,20,1,18,2024-12-19 09:46:15
500101230,20,2,18,2024-12-19 11:20:17
500101234,20,1,18,2024-12-19 12:16:15
500101234,20,1,18,2024-12-19 12:00:19
500106135,20,2,18,2024-12-19 10:33:15
500107079,20,2,18,2024-12-19 12:02:16
500107172,20,1,18,2024-12-19 09:24:15
500108052,20,2,18,2024-12-19 09:15:15
500108146,20,2,18,2024-12-19 09:51:14
500112086,20,2,18,2024-12-19 09:41:15
500113028,20,1,18,2024-12-19 11:47:16
500101010,20,0,19,2024-12-19 10:47:16
500101037,20,1,19,2024-12-19 11:20:17
500103061,20,1,19,2024-12-19 09:47:15
500106049,20,1,19,2024-12-19 09:37:15
500106135,20,1,19,2024-12-19 10:52:16
500107009,20,1,19,2024-12-19 12:27:15
500108093,20,1,19,2024-12-19 12:57:15
500109070,20,1,19,2024-12-19 10:25:16
500101037,20,0,20,2024-12-19 09:36:15
500101037,20,0,20,2024-12-19 10:14:14
500106049,20,0,20,2024-12-19 09:27:15
500106080,20,0,20,2024-12-19 09:45:16
500109070,20,0,20,2024-12-19 10:48:15
500112086,20,0,20,2024-12-19 11:48:16
500101094,20,20,0,2024-12-19 02:30:16
500103043,20,20,0,2024-12-19 19:38:16
500110072,20,20,0,2024-12-19 18:08:16
500112001,20,20,0,2024-12-19 18:37:15
500101241,20,19,1,2024-12-19 20:09:15
500107142,20,19,1,2024-12-19 19:44:15
500109077,20,19,1,2024-12-19 18:49:16
500103043,20,18,2,2024-12-19 19:19:15
500108052,20,18,2,2024-12-19 18:48:15
500108066,20,17,2,2024-12-19 19:32:15
500112079,20,16,2,2024-12-19 19:58:15
500112079,20,16,2,2024-12-19 17:48:15
500101230,20,17,3,2024-12-19 19:59:16
500105092,20,17,3,2024-12-19 20:59:15
500106080,20,17,3,2024-12-19 17:59:15
500113013,20,17,3,2024-12-19 17:36:15
500105048,20,16,4,2024-12-19 18:29:15
500107150,20,16,4,2024-12-19 19:11:15
500109077,20,16,4,2024-12-19 18:29:16
500109085,20,16,4,2024-12-19 18:18:16
500101094,20,15,5,2024-12-19 21:13:16
500106099,20,15,5,2024-12-19 18:47:16
500108066,20,14,5,2024-12-19 18:45:16
500108127,20,15,5,2024-12-19 20:56:15
500109017,20,15,5,2024-12-19 18:41:15
500109085,20,15,5,2024-12-19 18:26:16
500111095,20,15,5,2024-12-19 20:21:15
500113053,20,15,5,2024-12-19 20:47:14
500106099,20,14,6,2024-12-19 18:29:16
500107150,20,14,6,2024-12-19 19:39:15
500109017,20,14,6,2024-12-19 17:17:16
500109084,20,14,6,2024-12-19 17:46:14
500109085,20,14,6,2024-12-19 19:59:16
500110030,20,13,6,2024-12-19 20:07:15
500110079,20,14,6,2024-12-19 20:25:15
500112001,20,10,6,2024-12-19 19:59:16
500112063,20,12,6,2024-12-19 17:28:15
500112063,20,12,6,2024-12-19 17:36:15
500112063,20,12,6,2024-12-19 18:03:15
500101119,20,13,7,2024-12-19 20:25:15
500103038,20,13,7,2024-12-19 18:06:15
500103051,20,12,7,2024-12-19 19:54:15
500104105,20,13,7,2024-12-19 17:37:16
500105092,20,13,7,2024-12-19 18:17:15
500106099,20,13,7,2024-12-19 17:18:15
500107066,20,12,7,2024-12-19 21:13:16
500107105,20,13,7,2024-12-19 20:22:15
500108014,20,13,7,2024-12-19 17:37:16
500109085,20,13,7,2024-12-19 19:24:15
500112001,20,9,7,2024-12-19 21:20:16
500112053,20,13,7,2024-12-19 18:39:16
500112063,20,12,7,2024-12-19 20:59:15
500113053,20,13,7,2024-12-19 20:11:16
500101094,20,12,8,2024-12-19 21:08:15
500101119,20,12,8,2024-12-19 18:04:16
500103043,20,12,8,2024-12-19 20:32:15
500103051,20,11,8,2024-12-19 18:47:16
500107006,20,12,8,2024-12-19 18:56:15
500108122,20,12,8,2024-12-19 19:29:15
500108146,20,12,8,2024-12-19 20:18:15
500112063,20,10,8,2024-12-19 18:17:15
500112097,20,11,8,2024-12-19 20:49:15
500101119,20,11,9,2024-12-19 17:41:16
500101153,20,11,9,2024-12-19 19:25:15
500104047,20,11,9,2024-12-19 21:05:15
500106073,20,11,9,2024-12-19 20:22:15
500108117,20,11,9,2024-12-19 18:59:15
500110079,20,11,9,2024-12-19 19:47:15
500112001,20,7,9,2024-12-19 19:19:15
500112053,20,11,9,2024-12-19 18:31:15
500112062,20,11,9,2024-12-19 18:38:16
500112063,20,10,9,2024-12-19 21:06:14
500112063,20,10,9,2024-12-19 21:17:15
500112097,20,11,9,2024-12-19 18:36:16
500112110,20,11,9,2024-12-19 17:38:16
500101147,20,10,10,2024-12-19 18:37:15
500107009,20,10,10,2024-12-19 18:36:16
500107057,20,10,10,2024-12-19 19:47:15
500107150,20,10,10,2024-12-19 20:58:15
500108073,20,10,10,2024-12-19 19:33:15
500112063,20,9,10,2024-12-19 21:20:16
500101153,20,9,11,2024-12-19 19:56:15
500101153,20,9,11,2024-12-19 19:34:15
500101234,20,8,11,2024-12-19 19:29:15
500103019,20,8,11,2024-12-19 21:16:15
500103071,20,8,11,2024-12-19 18:56:15
500106049,20,9,11,2024-12-19 19:51:15
500107009,20,9,11,2024-12-19 20:04:16
500107057,20,9,11,2024-12-19 19:32:15
500107161,20,8,11,2024-12-19 19:59:16
500108040,20,9,11,2024-12-19 17:50:16
500108073,20,9,11,2024-12-19 18:06:15
500108093,20,9,11,2024-12-19 19:23:15
500108117,20,9,11,2024-12-19 19:38:14
500110015,20,8,11,2024-12-19 18:37:15
500112001,20,5,11,2024-12-19 18:49:16
500112062,20,9,11,2024-12-19 17:27:16
500112107,20,9,11,2024-12-19 20:06:14
500101147,20,8,12,2024-12-19 18:43:14
500101234,20,7,12,2024-12-19 19:55:16
500103043,20,8,12,2024-12-19 20:57:16
500103051,20,7,12,2024-12-19 18:27:15
500107136,20,8,12,2024-12-19 21:12:15
500108052,20,8,12,2024-12-19 19:07:15
500110015,20,7,12,2024-12-19 20:29:15
500110069,20,8,12,2024-12-19 18:43:15
500112079,20,6,12,2024-12-19 20:34:15
500112079,20,7,12,2024-12-19 20:47:15
500101094,20,7,13,2024-12-19 20:07:15
500103043,20,7,13,2024-12-19 17:45:16
500104070,20,7,13,2024-12-19 17:56:16
500108066,20,6,13,2024-12-19 20:13:15
500110012,20,7,13,2024-12-19 20:28:15
500110079,20,7,13,2024-12-19 17:57:14
500101028,20,6,14,2024-12-19 18:47:16
500101036,20,6,14,2024-12-19 19:05:16
500101153,20,6,14,2024-12-19 18:27:15
500101241,20,6,14,2024-12-19 17:33:16
500107161,20,5,14,2024-12-19 20:56:15
500108093,20,6,14,2024-12-19 17:56:16
500110015,20,5,14,2024-12-19 20:48:15
500112110,20,6,14,2024-12-19 19:57:15
500113028,20,5,14,2024-12-19 19:11:15
500101031,20,5,15,2024-12-19 19:49:15
500101036,20,5,15,2024-12-19 20:46:15
500105044,20,5,15,2024-12-19 16:48:15
500106080,20,5,15,2024-12-19 20:47:15
500107172,20,4,15,2024-12-19 20:38:15
500110030,20,4,15,2024-12-19 18:29:16
500101010,20,4,16,2024-12-19 19:49:15
500101031,20,4,16,2024-12-19 20:44:15
500101036,20,4,16,2024-12-19 21:04:15
500105048,20,4,16,2024-12-19 19:53:14
500105048,20,4,16,2024-12-19 20:11:16
500106049,20,4,16,2024-12-19 18:18:16
500107136,20,4,16,2024-12-19 17:36:15
500111095,20,4,16,2024-12-19 17:28:15
500111096,20,4,16,2024-12-19 17:28:15
500112110,20,4,16,2024-12-19 18:18:16
500107172,20,2,17,2024-12-19 18:57:15
500108014,20,3,17,2024-12-19 19:49:15
500108171,20,3,17,2024-12-19 19:25:15
500110012,20,3,17,2024-12-19 18:00:18
500111096,20,3,17,2024-12-19 17:48:15
500112107,20,3,17,2024-12-19 18:29:16
500101010,20,2,18,2024-12-19 21:18:15
500101037,20,2,18,2024-12-19 18:26:16
500101214,20,2,18,2024-12-19 19:34:15
500106001,20,2,18,2024-12-19 17:46:15
500107038,20,2,18,2024-12-19 17:26:15
500107079,20,2,18,2024-12-19 18:37:15
500107102,20,2,18,2024-12-19 19:01:15
500107120,20,2,18,2024-12-19 19:27:15
500107172,20,1,18,2024-12-19 18:37:15
500111049,20,2,18,2024-12-19 19:02:16
500111096,20,2,18,2024-12-19 17:56:16
500113013,20,1,18,2024-12-19 20:10:17
500101010,20,1,19,2024-12-19 21:05:16
500101031,20,1,19,2024-12-19 18:29:15
500101214,20,1,19,2024-12-19 18:48:15
500101241,20,1,19,2024-12-19 19:36:15
500105048,20,1,19,2024-12-19 20:43:15
500107120,20,1,19,2024-12-19 18:56:15
500107172,20,0,19,2024-12-19 17:12:16
500108190,20,1,19,2024-12-19 19:55:16
500111055,20,1,19,2024-12-19 17:34:15
500111055,20,1,19,2024-12-19 19:05:16
500119066,20,1,19,2024-12-19 20:01:19
500119066,20,1,19,2024-12-19 19:17:16
500101028,20,0,20,2024-12-19 19:13:15
500109070,20,0,20,2024-12-19 17:22:16
500119066,20,0,20,2024-12-19 18:47:16
500107161,20,19,0,2024-12-19 16:35:16
500119066,20,20,0,2024-12-19 14:47:16
500107150,20,17,3,2024-12-19 15:24:15
500112110,20,16,3,2024-12-19 14:43:14
500103043,20,16,4,2024-12-19 16:37:15
500103043,20,15,5,2024-12-19 16:39:15
500106031,20,15,5,2024-12-19 16:46:14
500111055,20,15,5,2024-12-19 15:50:16
500106031,20,14,6,2024-12-19 16:23:15
500108014,20,14,6,2024-12-19 16:40:16
500109017,20,14,6,2024-12-19 13:32:15
500109077,20,14,6,2024-12-19 16:46:14
500111055,20,14,6,2024-12-19 15:38:15
500106041,20,12,7,2024-12-19 17:15:17
500107102,20,13,7,2024-12-19 16:57:16
500107142,20,13,7,2024-12-19 15:53:14
500109077,20,13,7,2024-12-19 13:18:15
500107038,20,12,8,2024-12-19 13:59:15
500107066,20,11,8,2024-12-19 16:28:15
500107102,20,12,8,2024-12-19 17:05:16
500107142,20,12,8,2024-12-19 17:16:16
500108074,20,12,8,2024-12-19 13:26:16
500108093,20,12,8,2024-12-19 17:05:17
500111040,20,12,8,2024-12-19 13:33:15
500119066,20,12,8,2024-12-19 16:55:17
500101119,20,11,9,2024-12-19 17:08:16
500101214,20,11,9,2024-12-19 13:18:15
500101230,20,11,9,2024-12-19 17:18:16
500107142,20,11,9,2024-12-19 13:34:16
500108117,20,11,9,2024-12-19 13:39:16
500108122,20,11,9,2024-12-19 14:33:16
500101010,20,9,10,2024-12-19 13:38:16
500105106,20,9,10,2024-12-19 16:27:16
500106080,20,10,10,2024-12-19 14:45:15
500108074,20,10,10,2024-12-19 16:29:15
500108117,20,10,10,2024-12-19 14:36:15
500108122,20,10,10,2024-12-19 15:41:15
500108122,20,10,10,2024-12-19 13:54:15
500109085,20,10,10,2024-12-19 16:27:16
500101010,20,9,11,2024-12-19 15:44:15
500101214,20,9,11,2024-12-19 16:57:16
500103051,20,8,11,2024-12-19 15:12:15
500103071,20,8,11,2024-12-19 16:50:17
500108074,20,9,11,2024-12-19 16:21:15
500108122,20,9,11,2024-12-19 14:18:15
500110015,20,8,11,2024-12-19 13:11:15
500112063,20,7,11,2024-12-19 14:28:15
500112086,20,9,11,2024-12-19 15:05:16
500101010,20,7,12,2024-12-19 14:08:15
500101214,20,8,12,2024-12-19 17:08:16
500101241,20,8,12,2024-12-19 17:18:16
500107038,20,8,12,2024-12-19 15:04:15
500107066,20,7,12,2024-12-19 16:44:15
500110020,20,8,12,2024-12-19 13:28:16
500112063,20,6,12,2024-12-19 15:44:14
500113013,20,8,12,2024-12-19 16:05:16
500101094,20,7,13,2024-12-19 15:43:15
500101241,20,7,13,2024-12-19 13:54:15
500101241,20,7,13,2024-12-19 15:12:15
500110020,20,7,13,2024-12-19 15:56:15
500110020,20,7,13,2024-12-19 14:55:16
500110030,20,6,13,2024-12-19 16:57:15
500111113,20,7,13,2024-12-19 14:45:15
500101094,20,6,14,2024-12-19 16:13:15
500105106,20,5,14,2024-12-19 15:29:15
500108146,20,6,14,2024-12-19 14:13:15
500109070,20,6,14,2024-12-19 14:07:16
500109085,20,6,14,2024-12-19 13:34:15
500110020,20,6,14,2024-12-19 16:46:15
500111029,20,6,14,2024-12-19 16:33:15
500112097,20,6,14,2024-12-19 14:47:15
500101230,20,5,15,2024-12-19 16:06:15
500101241,20,5,15,2024-12-19 14:58:15
500103043,20,5,15,2024-12-19 17:10:17
500108122,20,5,15,2024-12-19 15:08:15
500110072,20,5,15,2024-12-19 14:43:15
500112063,20,3,15,2024-12-19 15:13:16
500101037,20,4,16,2024-12-19 16:14:15
500103038,20,4,16,2024-12-19 17:07:15
500105048,20,4,16,2024-12-19 17:08:16
500106002,20,4,16,2024-12-19 16:36:15
500107120,20,4,16,2024-12-19 14:40:16
500107172,20,3,16,2024-12-19 16:10:16
500109070,20,4,16,2024-12-19 17:05:16
500110020,20,4,16,2024-12-19 17:17:16
500110030,20,3,16,2024-12-19 15:50:16
500111052,20,4,16,2024-12-19 15:43:15
500112110,20,3,16,2024-12-19 13:24:15
500101031,20,3,17,2024-12-19 15:31:15
500101037,20,3,17,2024-12-19 14:04:14
500101094,20,3,17,2024-12-19 13:09:15
500101147,20,3,17,2024-12-19 16:16:15
500101234,20,2,17,2024-12-19 17:17:16
500101234,20,2,17,2024-12-19 14:15:16
500103038,20,3,17,2024-12-19 13:34:16
500106002,20,3,17,2024-12-19 14:24:14
500107038,20,3,17,2024-12-19 16:37:15
500107120,20,3,17,2024-12-19 13:31:15
500110072,20,3,17,2024-12-19 13:10:16
500113028,20,2,17,2024-12-19 17:14:16
500103038,20,2,18,2024-12-19 16:33:15
500103045,20,2,18,2024-12-19 14:53:15
500106135,20,2,18,2024-12-19 16:08:16
500107079,20,2,18,2024-12-19 16:49:15
500101234,20,0,19,2024-12-19 16:38:15
500103045,20,1,19,2024-12-19 17:16:16
500107079,20,1,19,2024-12-19 15:52:16
500107079,20,1,19,2024-12-19 17:15:17
500109070,20,1,19,2024-12-19 17:15:17
500111055,20,1,19,2024-12-19 16:41:14
500106031,20,3,17,2024-12-19 21:49:15
500107172,20,8,11,2024-12-19 21:45:15
500107105,20,20,0,2024-12-19 08:54:18
500108014,20,20,0,2024-12-19 08:27:16
500111055,20,20,0,2024-12-19 08:46:15
500111055,20,20,0,2024-12-19 07:16:16
500107105,20,19,1,2024-12-19 07:47:15
500107105,20,19,1,2024-12-19 08:02:17
500101241,20,18,2,2024-12-19 08:17:15
500101241,20,18,2,2024-12-19 08:43:15
500108066,20,16,2,2024-12-19 07:34:15
500108090,20,18,2,2024-12-19 08:46:14
500107150,20,16,3,2024-12-19 08:15:16
500110012,20,17,3,2024-12-19 05:32:15
500101214,20,14,4,2024-12-19 07:46:15
500107038,20,16,4,2024-12-19 07:17:14
500107102,20,16,4,2024-12-19 08:11:15
500107102,20,16,4,2024-12-19 08:27:16
500107105,20,16,4,2024-12-19 07:30:16
500107172,20,12,4,2024-12-19 06:31:15
500108072,20,14,4,2024-12-19 08:31:16
500110012,20,16,4,2024-12-19 07:36:15
500110030,20,14,4,2024-12-19 06:40:16
500112079,20,14,4,2024-12-19 08:47:15
500112097,20,13,4,2024-12-19 05:05:16
500103051,20,14,5,2024-12-19 06:56:15
500106005,20,15,5,2024-12-19 07:56:15
500106005,20,15,5,2024-12-19 06:04:14
500103043,20,14,6,2024-12-19 06:20:15
500106080,20,14,6,2024-12-19 07:36:15
500107105,20,14,6,2024-12-19 07:26:15
500108066,20,12,6,2024-12-19 08:27:16
500108127,20,14,6,2024-12-19 06:50:16
500110030,20,12,6,2024-12-19 06:53:15
500112063,20,12,6,2024-12-19 07:47:15
500113028,20,8,6,2024-12-19 06:02:15
500113053,20,13,6,2024-12-19 07:34:15
500103071,20,12,7,2024-12-19 08:56:16
500107066,20,13,7,2024-12-19 06:41:15
500107079,20,13,7,2024-12-19 07:45:15
500108066,20,9,7,2024-12-19 07:14:15
500109028,20,10,7,2024-12-19 08:27:16
500113013,20,9,7,2024-12-19 06:56:15
500101230,20,11,8,2024-12-19 06:45:16
500103043,20,12,8,2024-12-19 07:56:15
500106005,20,12,8,2024-12-19 08:17:15
500108117,20,12,8,2024-12-19 07:40:16
500109085,20,12,8,2024-12-19 05:30:15
500112063,20,10,8,2024-12-19 06:54:16
500101153,20,10,9,2024-12-19 05:15:15
500103051,20,10,9,2024-12-19 08:37:15
500107006,20,11,9,2024-12-19 08:43:15
500107038,20,11,9,2024-12-19 05:50:15
500108133,20,10,9,2024-12-19 04:49:15
500101094,20,10,10,2024-12-19 07:17:14
500103071,20,9,10,2024-12-19 08:31:16
500105048,20,10,10,2024-12-19 06:43:15
500107038,20,10,10,2024-12-19 06:24:15
500110079,20,10,10,2024-12-19 07:26:15
500111027,20,10,10,2024-12-19 08:12:15
500111042,20,9,10,2024-12-19 06:38:15
500111055,20,10,10,2024-12-19 07:57:15
500113070,20,10,10,2024-12-19 08:15:15
500101010,20,8,11,2024-12-19 08:17:15
500101234,20,8,11,2024-12-19 08:02:15
500103019,20,7,11,2024-12-19 08:23:15
500103019,20,6,11,2024-12-19 07:22:15
500106135,20,7,11,2024-12-19 07:16:15
500107006,20,9,11,2024-12-19 08:37:15
500107057,20,8,11,2024-12-19 07:44:15
500108040,20,9,11,2024-12-19 08:14:16
500109085,20,9,11,2024-12-19 06:37:15
500110030,20,7,11,2024-12-19 08:03:15
500110072,20,9,11,2024-12-19 07:36:15
500112079,20,7,11,2024-12-19 07:37:15
500113056,20,8,11,2024-12-19 08:22:15
500103019,20,5,12,2024-12-19 07:34:15
500109070,20,8,12,2024-12-19 08:01:15
500111040,20,8,12,2024-12-19 08:30:16
500111054,20,8,12,2024-12-19 06:39:15
500112062,20,8,12,2024-12-19 06:16:15
500112063,20,6,12,2024-12-19 08:55:15
500112063,20,6,12,2024-12-19 07:14:15
500112079,20,6,12,2024-12-19 07:17:14
500113053,20,7,12,2024-12-19 08:26:15
500101153,20,6,13,2024-12-19 06:56:15
500104105,20,7,13,2024-12-19 08:06:16
500107079,20,7,13,2024-12-19 08:25:16
500107091,20,7,13,2024-12-19 06:48:15
500108014,20,7,13,2024-12-19 07:35:16
500108052,20,7,13,2024-12-19 07:19:15
500111027,20,7,13,2024-12-19 06:45:16
500112053,20,6,13,2024-12-19 06:44:15
500101031,20,6,14,2024-12-19 08:00:17
500106001,20,6,14,2024-12-19 08:09:15
500107142,20,6,14,2024-12-19 08:56:16
500109070,20,6,14,2024-12-19 06:43:15
500110020,20,6,14,2024-12-19 05:01:14
500101153,20,4,15,2024-12-19 08:16:15
500101230,20,4,15,2024-12-19 07:32:15
500106031,20,5,15,2024-12-19 06:31:15
500106041,20,5,15,2024-12-19 07:50:16
500108122,20,5,15,2024-12-19 08:03:15
500110015,20,4,15,2024-12-19 06:47:15
500112101,20,5,15,2024-12-19 08:03:15
500101094,20,4,16,2024-12-19 07:47:15
500101147,20,4,16,2024-12-19 07:43:15
500105048,20,4,16,2024-12-19 07:57:16
500107120,20,4,16,2024-12-19 06:42:14
500107150,20,3,16,2024-12-19 06:12:14
500108074,20,4,16,2024-12-19 08:43:15
500108093,20,4,16,2024-12-19 07:56:15
500110015,20,3,16,2024-12-19 06:55:15
500111049,20,4,16,2024-12-19 08:16:15
500112001,20,3,16,2024-12-19 07:25:15
500101028,20,3,17,2024-12-19 08:34:15
500103038,20,3,17,2024-12-19 08:02:15
500105106,20,3,17,2024-12-19 07:13:15
500106135,20,1,17,2024-12-19 08:24:14
500106135,20,1,17,2024-12-19 06:06:15
500107006,20,3,17,2024-12-19 06:12:15
500107079,20,3,17,2024-12-19 08:37:15
500107142,20,3,17,2024-12-19 07:28:15
500111029,20,3,17,2024-12-19 06:35:15
500101037,20,2,18,2024-12-19 07:27:15
500101037,20,2,18,2024-12-19 08:01:15
500101147,20,2,18,2024-12-19 07:57:16
500101214,20,0,18,2024-12-19 06:19:15
500103038,20,2,18,2024-12-19 08:37:15
500107161,20,1,18,2024-12-19 06:06:14
500112053,20,1,18,2024-12-19 07:27:15
500112086,20,2,18,2024-12-19 07:44:15
500112097,20,2,18,2024-12-19 08:11:16
500112101,20,2,18,2024-12-19 07:46:15
500101036,20,1,19,2024-12-19 07:47:15
500101037,20,1,19,2024-12-19 08:20:19
500101147,20,1,19,2024-12-19 08:19:15
500101147,20,1,19,2024-12-19 08:47:15
500103061,20,1,19,2024-12-19 07:26:15
500106049,20,1,19,2024-12-19 08:46:15
500107161,20,0,19,2024-12-19 06:26:15
500107172,20,0,19,2024-12-19 08:46:15
500110072,20,1,19,2024-12-19 07:57:16
500110072,20,1,19,2024-12-19 08:03:15
500112110,20,0,19,2024-12-19 07:26:15
500101037,20,0,20,2024-12-19 08:57:14
500106041,20,0,20,2024-12-19 06:41:16
500107009,20,0,20,2024-12-19 08:27:15
500107120,20,0,20,2024-12-19 08:37:15
500109085,20,0,20,2024-12-19 08:11:16
500112086,20,0,20,2024-12-19 08:33:16
500103043,20,4,16,2024-12-19 23:21:14
500101031,20,7,13,2024-12-19 00:47:15
500107161,20,1,19,2024-12-19 00:19:15
500107142,20,7,13,2024-12-19 00:32:15
500111029,20,8,12,2024-12-19 00:30:16
500113028,20,15,1,2024-12-19 00:23:15
500106002,20,0,20,2024-12-19 23:48:15
500101036,20,1,19,2024-12-19 22:37:15
500105048,20,5,15,2024-12-19 23:19:15
500103071,20,7,12,2024-12-19 22:05:15
500107091,20,8,12,2024-12-19 23:21:15
500108122,20,10,10,2024-12-19 23:55:16
500110069,20,10,10,2024-12-19 23:07:15
500107003,20,11,9,2024-12-19 22:13:15
500109085,20,14,6,2024-12-19 23:44:15
500109084,20,17,3,2024-12-19 22:29:14
500103043,20,3,17,2024-12-19 23:53:15
500111029,20,10,10,2024-12-19 23:06:16
500101153,20,4,15,2024-12-19 01:10:16
500107057,20,8,11,2024-12-19 01:15:15
500111113,20,8,12,2024-12-19 00:16:15
500111095,20,9,11,2024-12-19 00:39:15
500113028,20,11,5,2024-12-19 01:17:15
500113013,20,12,4,2024-12-19 00:54:15
500109028,20,13,4,2024-12-19 00:31:14
500103019,20,13,6,2024-12-19 01:10:16
500107066,20,13,7,2024-12-19 00:09:14
500103043,20,4,16,2024-12-19 23:19:15
500106049,20,5,15,2024-12-19 22:36:15
500103061,20,9,11,2024-12-19 23:05:15
500109028,20,11,6,2024-12-19 22:38:15
500101010,20,13,7,2024-12-19 23:11:14
500110072,20,1,19,2024-12-19 22:38:15
500107079,20,3,17,2024-12-19 22:27:14
500106135,20,4,16,2024-12-19 22:39:15
500107006,20,8,12,2024-12-19 22:26:15
500112079,20,9,10,2024-12-19 22:28:15
500103045,20,11,9,2024-12-19 22:34:15
500113070,20,14,6,2024-12-19 21:44:15
500101031,20,7,13,2024-12-19 21:35:15
500103019,20,9,10,2024-12-19 21:37:15
500112079,20,9,10,2024-12-19 21:22:15
500106073,20,9,11,2024-12-19 20:51:16
500110079,20,17,3,2024-12-19 21:35:15
500106135,20,0,18,2024-12-19 01:41:15
500112086,20,3,17,2024-12-19 02:01:16
500106080,20,8,12,2024-12-19 04:12:14
500113028,20,10,4,2024-12-19 04:24:15
500113013,20,12,4,2024-12-19 03:45:15
500113056,20,18,2,2024-12-19 03:26:14
500110072,20,0,20,2024-12-19 22:09:15
500112101,20,9,11,2024-12-19 21:53:15
500107066,20,11,8,2024-12-19 21:52:15
500101119,20,16,4,2024-12-19 21:59:15
500107142,20,16,4,2024-12-19 22:04:15
500109084,20,16,4,2024-12-19 22:05:16
500110072,20,0,20,2024-12-19 21:57:15
500101214,20,1,19,2024-12-19 21:58:15
500107006,20,7,13,2024-12-19 21:59:15
500103038,20,8,12,2024-12-19 21:59:15
500112110,20,11,9,2024-12-19 21:58:15
500112001,20,13,3,2024-12-19 21:52:15
500109077,20,17,3,2024-12-19 21:58:15
500101010,20,15,4,2024-12-19 03:34:15
500112079,20,4,14,2024-12-19 03:23:15
500107038,20,7,13,2024-12-19 03:08:15
500110079,20,14,6,2024-12-19 03:20:15
500110079,20,16,4,2024-12-19 01:35:15
500107038,20,9,11,2024-12-19 02:47:15
500112062,20,9,11,2024-12-19 02:38:14
500101010,20,17,3,2024-12-19 02:02:15
500106135,20,1,19,2024-12-19 22:46:15
500107091,20,14,6,2024-12-19 22:41:15
500112086,20,4,16,2024-12-19 04:36:15
500109070,20,2,18,2024-12-19 23:03:14
500112079,20,8,11,2024-12-19 23:00:17
500110030,20,13,6,2024-12-19 22:16:15
500101153,20,12,7,2024-12-19 04:42:14
500106005,20,0,20,2024-12-19 22:26:15
500101037,20,1,19,2024-12-19 22:25:15
500107038,20,2,18,2024-12-19 22:25:16
500112053,20,6,14,2024-12-19 22:22:15
500105048,20,7,13,2024-12-19 22:59:15
500112063,20,19,0,2024-12-19 22:54:16
500112063,20,8,10,2024-12-19 01:56:14
500106135,20,3,17,2024-12-19 23:29:16
500103043,20,5,15,2024-12-19 23:30:16
500112110,20,6,13,2024-12-19 23:32:14
500106005,20,15,5,2024-12-19 23:30:16
500103051,20,2,17,2024-12-19 01:37:14
500101214,20,17,1,2024-12-19 09:09:15
500101214,20,17,1,2024-12-19 10:34:15
500101214,20,17,1,2024-12-19 10:56:15
500103043,20,19,1,2024-12-19 12:11:16
500107105,20,19,1,2024-12-19 09:21:15
500107161,20,18,1,2024-12-19 12:25:15
500108072,20,17,1,2024-12-19 10:06:15
500101214,20,15,3,2024-12-19 12:07:16
500101241,20,17,3,2024-12-19 10:05:16
500101241,20,17,3,2024-12-19 10:12:15
500107161,20,16,3,2024-12-19 09:09:15
500108093,20,17,3,2024-12-19 10:03:15
500103043,20,16,4,2024-12-19 12:45:15
500108072,20,14,4,2024-12-19 12:38:14
500112079,20,14,4,2024-12-19 09:27:14
500103043,20,15,5,2024-12-19 11:17:15
500108171,20,15,5,2024-12-19 11:58:16
500110030,20,13,5,2024-12-19 10:45:16
500111040,20,15,5,2024-12-19 09:29:15
500111081,20,15,5,2024-12-19 10:19:15
500112079,20,13,5,2024-12-19 10:39:16
500101119,20,13,6,2024-12-19 09:45:15
500106099,20,14,6,2024-12-19 12:13:15
500108014,20,14,6,2024-12-19 12:08:15
500109017,20,14,6,2024-12-19 10:40:16
500109028,20,11,6,2024-12-19 09:55:17
500112110,20,13,6,2024-12-19 11:18:16
500101241,20,13,7,2024-12-19 09:53:15
500106005,20,13,7,2024-12-19 09:09:15
500106099,20,13,7,2024-12-19 12:08:15
500107006,20,13,7,2024-12-19 11:42:16
500107066,20,12,7,2024-12-19 12:31:15
500107066,20,12,7,2024-12-19 10:05:16
500108014,20,13,7,2024-12-19 10:08:15
500108093,20,13,7,2024-12-19 09:46:16
500109028,20,10,7,2024-12-19 12:37:15
500113070,20,13,7,2024-12-19 09:54:15
500101214,20,10,8,2024-12-19 12:36:15
500104047,20,12,8,2024-12-19 08:49:15
500108090,20,12,8,2024-12-19 10:25:16
500110053,20,11,8,2024-12-19 09:06:15
500111040,20,12,8,2024-12-19 11:50:16
500101010,20,10,9,2024-12-19 12:19:16
500101241,20,11,9,2024-12-19 09:26:15
500107006,20,11,9,2024-12-19 11:35:17
500107057,20,10,9,2024-12-19 11:46:15
500107091,20,11,9,2024-12-19 10:51:16
500108066,20,11,9,2024-12-19 11:49:16
500108090,20,11,9,2024-12-19 10:06:15
500108122,20,11,9,2024-12-19 09:40:16
500110030,20,9,9,2024-12-19 11:18:15
500101028,20,8,10,2024-12-19 11:31:14
500101119,20,10,10,2024-12-19 13:01:15
500104105,20,10,10,2024-12-19 12:57:15
500107006,20,10,10,2024-12-19 11:17:15
500107105,20,10,10,2024-12-19 12:43:15
500108066,20,10,10,2024-12-19 12:26:15
500108122,20,10,10,2024-12-19 11:07:16
500108190,20,10,10,2024-12-19 09:49:14
500112107,20,10,10,2024-12-19 11:38:14
500112110,20,9,10,2024-12-19 09:55:17
500107136,20,9,11,2024-12-19 09:08:15
500112107,20,9,11,2024-12-19 09:09:15
500112107,20,9,11,2024-12-19 10:27:16
500112110,20,8,11,2024-12-19 11:26:15
500105092,20,8,12,2024-12-19 11:55:18
500107091,20,8,12,2024-12-19 09:32:14
500110020,20,8,12,2024-12-19 09:09:15
500112110,20,7,12,2024-12-19 09:34:15
500113056,20,7,12,2024-12-19 09:52:15
500101031,20,7,13,2024-12-19 09:27:15
500101036,20,7,13,2024-12-19 10:57:15
500106049,20,7,13,2024-12-19 09:09:15
500107120,20,7,13,2024-12-19 09:31:15
500108146,20,7,13,2024-12-19 13:05:15
500110015,20,6,13,2024-12-19 12:37:15
500110015,20,6,13,2024-12-19 10:28:15
500119066,20,7,13,2024-12-19 12:44:15
500101028,20,4,14,2024-12-19 09:47:14
500101036,20,6,14,2024-12-19 11:10:16
500103071,20,5,14,2024-12-19 11:43:14
500106049,20,6,14,2024-12-19 12:05:17
500108190,20,6,14,2024-12-19 12:15:16
500111049,20,6,14,2024-12-19 09:30:16
500111052,20,6,14,2024-12-19 10:00:18
500111096,20,5,14,2024-12-19 09:30:15
500112101,20,6,14,2024-12-19 12:18:15
500119066,20,6,14,2024-12-19 12:28:15
500101153,20,4,15,2024-12-19 10:07:16
500103071,20,4,15,2024-12-19 11:55:18
500107120,20,5,15,2024-12-19 10:07:15
500109085,20,5,15,2024-12-19 12:41:15
500110015,20,4,15,2024-12-19 09:09:15
500101094,20,4,16,2024-12-19 12:53:15
500103019,20,2,16,2024-12-19 09:06:15
500103045,20,4,16,2024-12-19 09:22:15
500108117,20,4,16,2024-12-19 12:46:15
500110069,20,4,16,2024-12-19 11:49:16
500112101,20,4,16,2024-12-19 12:05:17
500113053,20,4,16,2024-12-19 09:23:15
500101153,20,2,17,2024-12-19 09:47:14
500103045,20,3,17,2024-12-19 11:18:16
500106005,20,3,17,2024-12-19 12:27:15
500106080,20,3,17,2024-12-19 10:41:15
500106135,20,3,17,2024-12-19 11:31:14
500107120,20,3,17,2024-12-19 12:36:14
500108117,20,3,17,2024-12-19 10:27:15
500109070,20,3,17,2024-12-19 09:47:15
500110020,20,3,17,2024-12-19 10:35:16
500110079,20,3,17,2024-12-19 09:07:15
500111095,20,3,17,2024-12-19 11:51:16
500113053,20,3,17,2024-12-19 09:41:15
500101010,20,1,18,2024-12-19 11:35:17
500101037,20,2,18,2024-12-19 11:36:15
500101230,20,2,18,2024-12-19 12:07:16
500103019,20,0,18,2024-12-19 10:03:17
500103045,20,2,18,2024-12-19 12:07:16
500106080,20,2,18,2024-12-19 09:33:15
500107136,20,2,18,2024-12-19 11:25:15
500107172,20,1,18,2024-12-19 12:42:15
500110012,20,2,18,2024-12-19 11:44:15
500110012,20,2,18,2024-12-19 10:44:16
500110079,20,2,18,2024-12-19 12:27:14
500111095,20,2,18,2024-12-19 09:40:16
500112086,20,2,18,2024-12-19 12:45:16
500112097,20,2,18,2024-12-19 11:58:16
500112097,20,2,18,2024-12-19 10:14:15
500113053,20,2,18,2024-12-19 12:43:15
500101036,20,1,19,2024-12-19 12:28:15
500101037,20,1,19,2024-12-19 12:27:15
500101230,20,1,19,2024-12-19 09:35:17
500106001,20,1,19,2024-12-19 12:24:15
500106001,20,1,19,2024-12-19 10:36:14
500106002,20,0,19,2024-12-19 09:14:15
500106002,20,0,19,2024-12-19 09:44:15
500106135,20,0,19,2024-12-19 10:07:16
500107079,20,1,19,2024-12-19 10:17:16
500107172,20,0,19,2024-12-19 12:33:15
500110072,20,1,19,2024-12-19 12:12:15
500110072,20,1,19,2024-12-19 11:12:15
500112086,20,1,19,2024-12-19 09:26:15
500112086,20,1,19,2024-12-19 11:35:16
500101094,20,0,20,2024-12-19 10:27:16
500103045,20,0,20,2024-12-19 11:34:15
500107136,20,0,20,2024-12-19 09:39:16
500112101,20,7,13,2024-12-19 02:30:16
500109077,20,20,0,2024-12-19 20:30:20
500101010,20,19,1,2024-12-19 18:57:15
500108122,20,19,1,2024-12-19 19:32:15
500109077,20,19,1,2024-12-19 19:44:15
500109077,20,19,1,2024-12-19 21:08:15
500103043,20,18,2,2024-12-19 19:02:15
500105048,20,18,2,2024-12-19 18:13:16
500101010,20,17,3,2024-12-19 18:16:16
500101028,20,17,3,2024-12-19 17:45:16
500101028,20,17,3,2024-12-19 18:18:16
500106073,20,17,3,2024-12-19 17:32:15
500106080,20,17,3,2024-12-19 17:36:15
500107066,20,16,3,2024-12-19 19:38:15
500107066,20,16,3,2024-12-19 18:56:15
500109077,20,17,3,2024-12-19 17:38:16
500106135,20,16,4,2024-12-19 17:46:15
500107066,20,15,4,2024-12-19 18:15:17
500107142,20,16,4,2024-12-19 20:38:15
500108146,20,16,4,2024-12-19 17:57:15
500101230,20,15,5,2024-12-19 18:03:15
500105092,20,15,5,2024-12-19 20:08:15
500106135,20,15,5,2024-12-19 18:18:16
500109084,20,15,5,2024-12-19 17:20:17
500109085,20,15,5,2024-12-19 18:41:15
500110015,20,14,5,2024-12-19 17:43:16
500110020,20,15,5,2024-12-19 20:48:15
500101241,20,14,6,2024-12-19 20:34:15
500106041,20,13,6,2024-12-19 17:39:15
500106099,20,14,6,2024-12-19 19:36:15
500108127,20,14,6,2024-12-19 16:10:16
500109028,20,11,6,2024-12-19 19:58:15
500109077,20,14,6,2024-12-19 17:59:14
500112110,20,14,6,2024-12-19 19:16:15
500101094,20,13,7,2024-12-19 18:07:16
500101119,20,13,7,2024-12-19 20:01:15
500103051,20,12,7,2024-12-19 19:23:14
500106073,20,13,7,2024-12-19 18:40:17
500106099,20,13,7,2024-12-19 20:38:15
500107003,20,13,7,2024-12-19 15:24:15
500107003,20,13,7,2024-12-19 17:37:16
500107006,20,13,7,2024-12-19 18:18:16
500107136,20,13,7,2024-12-19 19:07:15
500107150,20,13,7,2024-12-19 19:50:16
500107161,20,12,7,2024-12-19 19:23:15
500109085,20,13,7,2024-12-19 17:56:16
500110015,20,12,7,2024-12-19 19:25:15
500110020,20,13,7,2024-12-19 20:58:15
500112001,20,9,7,2024-12-19 20:36:15
500112110,20,13,7,2024-12-19 20:48:15
500101119,20,12,8,2024-12-19 18:19:15
500101153,20,12,8,2024-12-19 20:24:15
500101153,20,12,8,2024-12-19 20:37:15
500101234,20,11,8,2024-12-19 19:07:15
500103051,20,11,8,2024-12-19 17:25:15
500105092,20,12,8,2024-12-19 17:49:15
500107006,20,12,8,2024-12-19 18:42:16
500108066,20,11,8,2024-12-19 17:31:15
500108090,20,12,8,2024-12-19 17:21:15
500108122,20,12,8,2024-12-19 18:27:15
500110053,20,12,8,2024-12-19 20:43:15
500112001,20,12,8,2024-12-19 17:57:15
500112001,20,12,8,2024-12-19 18:11:16
500101010,20,11,9,2024-12-19 18:29:16
500101037,20,11,9,2024-12-19 20:45:16
500112063,20,9,9,2024-12-19 19:48:15
500112086,20,11,9,2024-12-19 19:36:15
500113053,20,11,9,2024-12-19 19:03:15
500101119,20,10,10,2024-12-19 17:38:16
500101119,20,10,10,2024-12-19 17:54:14
500101153,20,10,10,2024-12-19 19:17:15
500103071,20,9,10,2024-12-19 18:13:16
500107006,20,10,10,2024-12-19 17:51:16
500107009,20,10,10,2024-12-19 19:36:15
500107009,20,10,10,2024-12-19 20:28:15
500107057,20,10,10,2024-12-19 20:12:15
500107057,20,10,10,2024-12-19 18:44:16
500108133,20,10,10,2024-12-19 17:44:15
500110020,20,10,10,2024-12-19 21:07:16
500110030,20,9,10,2024-12-19 19:30:17
500112079,20,8,10,2024-12-19 20:12:15
500112107,20,10,10,2024-12-19 20:47:15
500112107,20,10,10,2024-12-19 21:04:15
500104047,20,9,11,2024-12-19 19:49:15
500104047,20,9,11,2024-12-19 20:24:15
500107057,20,9,11,2024-12-19 19:18:15
500107057,20,9,11,2024-12-19 18:53:15
500108133,20,9,11,2024-12-19 17:18:15
500110053,20,9,11,2024-12-19 17:17:16
500110079,20,9,11,2024-12-19 17:35:16
500112001,20,9,11,2024-12-19 17:48:15
500113013,20,9,11,2024-12-19 18:07:16
500113013,20,8,11,2024-12-19 21:16:15
500103043,20,8,12,2024-12-19 17:37:16
500103071,20,7,12,2024-12-19 18:02:15
500104047,20,8,12,2024-12-19 18:37:15
500107006,20,8,12,2024-12-19 21:15:15
500107105,20,8,12,2024-12-19 17:14:16
500107172,20,7,12,2024-12-19 19:49:15
500108093,20,8,12,2024-12-19 17:34:15
500110069,20,8,12,2024-12-19 21:18:15
500113013,20,4,12,2024-12-19 18:58:16
500101153,20,7,13,2024-12-19 18:07:16
500103043,20,7,13,2024-12-19 17:59:15
500103061,20,7,13,2024-12-19 19:06:16
500104070,20,7,13,2024-12-19 19:29:15
500106049,20,7,13,2024-12-19 19:18:15
500107006,20,7,13,2024-12-19 19:32:15
500107172,20,6,13,2024-12-19 19:11:15
500112110,20,7,13,2024-12-19 21:09:15
500113053,20,7,13,2024-12-19 17:31:15
500101037,20,6,14,2024-12-19 19:48:15
500101094,20,6,14,2024-12-19 17:27:16
500101147,20,6,14,2024-12-19 17:30:16
500101147,20,6,14,2024-12-19 18:27:15
500101241,20,6,14,2024-12-19 19:04:15
500106080,20,6,14,2024-12-19 21:08:15
500107161,20,5,14,2024-12-19 21:18:15
500113028,20,5,14,2024-12-19 20:07:15
500101031,20,5,15,2024-12-19 20:06:14
500101214,20,5,15,2024-12-19 20:04:16
500101234,20,4,15,2024-12-19 17:46:15
500101234,20,4,15,2024-12-19 18:17:15
500106002,20,5,15,2024-12-19 19:02:16
500106002,20,5,15,2024-12-19 19:36:15
500106031,20,5,15,2024-12-19 20:55:16
500108171,20,5,15,2024-12-19 19:03:15
500110015,20,4,15,2024-12-19 17:29:16
500110072,20,5,15,2024-12-19 18:28:15
500111042,20,5,15,2024-12-19 18:40:17
500113013,20,1,15,2024-12-19 19:26:15
500101214,20,4,16,2024-12-19 19:07:15
500101241,20,4,16,2024-12-19 19:18:15
500107120,20,4,16,2024-12-19 20:05:16
500111096,20,4,16,2024-12-19 18:15:17
500103061,20,3,17,2024-12-19 19:48:14
500107038,20,3,17,2024-12-19 21:19:16
500107079,20,3,17,2024-12-19 19:58:15
500107105,20,3,17,2024-12-19 19:54:15
500108014,20,3,17,2024-12-19 19:17:15
500108093,20,3,17,2024-12-19 20:29:14
500108190,20,3,17,2024-12-19 19:35:16
500101234,20,1,18,2024-12-19 21:14:15
500106005,20,2,18,2024-12-19 20:13:15
500107038,20,2,18,2024-12-19 19:38:15
500107102,20,2,18,2024-12-19 17:56:16
500107102,20,2,18,2024-12-19 18:29:16
500109070,20,2,18,2024-12-19 19:30:17
500110012,20,2,18,2024-12-19 17:37:16
500113013,20,1,18,2024-12-19 19:58:15
500101036,20,1,19,2024-12-19 17:14:16
500103045,20,1,19,2024-12-19 19:40:15
500106002,20,1,19,2024-12-19 21:18:15
500106005,20,1,19,2024-12-19 21:02:16
500106005,20,1,19,2024-12-19 18:38:16
500106135,20,1,19,2024-12-19 20:13:15
500111042,20,1,19,2024-12-19 17:05:17
500111054,20,1,19,2024-12-19 19:03:16
500111055,20,1,19,2024-12-19 19:44:17
500111055,20,1,19,2024-12-19 20:21:15
500119066,20,1,19,2024-12-19 17:27:16
500119066,20,1,19,2024-12-19 17:58:16
500101037,20,0,20,2024-12-19 17:28:16
500101037,20,0,20,2024-12-19 17:53:16
500101214,20,0,20,2024-12-19 17:59:15
500103045,20,0,20,2024-12-19 18:57:15
500106002,20,0,20,2024-12-19 21:09:15
500106135,20,0,20,2024-12-19 20:05:17
500109070,20,0,20,2024-12-19 20:06:16
500111055,20,0,20,2024-12-19 17:13:16
500119066,20,0,20,2024-12-19 19:03:16
500107057,20,20,0,2024-12-19 14:57:16
500119066,20,20,0,2024-12-19 16:06:16
500107161,20,18,1,2024-12-19 16:25:18
500101028,20,18,2,2024-12-19 17:08:16
500108122,20,18,2,2024-12-19 16:32:16
500112079,20,16,2,2024-12-19 14:12:14
500103051,20,15,4,2024-12-19 14:10:17
500106031,20,16,4,2024-12-19 16:53:15
500106099,20,16,4,2024-12-19 14:47:15
500107066,20,15,4,2024-12-19 15:34:15
500108171,20,16,4,2024-12-19 13:19:15
500101214,20,15,5,2024-12-19 13:39:15
500103043,20,15,5,2024-12-19 13:48:15
500105048,20,15,5,2024-12-19 13:16:14
500105048,20,15,5,2024-12-19 15:03:15
500106099,20,15,5,2024-12-19 14:49:15
500106099,20,15,5,2024-12-19 14:20:16
500112110,20,14,5,2024-12-19 15:54:15
500101010,20,14,6,2024-12-19 17:17:16
500101028,20,12,6,2024-12-19 15:24:15
500101119,20,14,6,2024-12-19 13:41:15
500101214,20,14,6,2024-12-19 13:27:15
500105048,20,14,6,2024-12-19 13:23:15
500103043,20,13,7,2024-12-19 16:56:15
500103051,20,11,7,2024-12-19 13:37:15
500107006,20,13,7,2024-12-19 17:07:15
500107091,20,13,7,2024-12-19 16:11:15
500107091,20,13,7,2024-12-19 16:29:15
500107091,20,13,7,2024-12-19 16:54:16
500112063,20,11,7,2024-12-19 17:17:16
500119066,20,13,7,2024-12-19 16:36:15
500119066,20,13,7,2024-12-19 16:47:15
500101028,20,10,8,2024-12-19 14:58:15
500101028,20,10,8,2024-12-19 15:33:15
500105048,20,12,8,2024-12-19 15:52:15
500107038,20,12,8,2024-12-19 13:31:15
500107091,20,12,8,2024-12-19 16:48:15
500103051,20,10,9,2024-12-19 16:46:15
500106005,20,11,9,2024-12-19 16:13:15
500107102,20,11,9,2024-12-19 16:24:15
500107102,20,11,9,2024-12-19 16:45:17
500108090,20,11,9,2024-12-19 16:25:16
500108117,20,11,9,2024-12-19 16:03:15
500108122,20,11,9,2024-12-19 13:33:15
500112062,20,11,9,2024-12-19 15:51:15
500112062,20,11,9,2024-12-19 14:55:16
500113070,20,11,9,2024-12-19 16:52:14
500101010,20,10,10,2024-12-19 16:23:15
500101153,20,10,10,2024-12-19 17:08:16
500103051,20,9,10,2024-12-19 15:02:15
500105092,20,10,10,2024-12-19 14:19:14
500105092,20,10,10,2024-12-19 17:05:17
500109028,20,7,10,2024-12-19 16:07:14
500109085,20,10,10,2024-12-19 16:46:14
500112097,20,10,10,2024-12-19 17:06:16
500112097,20,10,10,2024-12-19 17:13:15
500113013,20,10,10,2024-12-19 14:23:15
500101010,20,9,11,2024-12-19 15:37:16
500106005,20,9,11,2024-12-19 16:35:15
500106005,20,9,11,2024-12-19 15:06:14
500107105,20,9,11,2024-12-19 16:57:16
500108122,20,9,11,2024-12-19 16:11:15
500109085,20,9,11,2024-12-19 16:14:15
500110020,20,9,11,2024-12-19 13:09:15
500110053,20,9,11,2024-12-19 14:27:14
500111081,20,9,11,2024-12-19 17:17:16
500112062,20,9,11,2024-12-19 17:18:16
500106005,20,8,12,2024-12-19 17:16:16
500109085,20,8,12,2024-12-19 15:35:16
500110015,20,7,12,2024-12-19 16:50:17
500110020,20,8,12,2024-12-19 13:42:15
500110069,20,8,12,2024-12-19 15:41:15
500110069,20,8,12,2024-12-19 17:15:17
500101010,20,7,13,2024-12-19 14:25:16
500101031,20,7,13,2024-12-19 16:58:15
500101094,20,7,13,2024-12-19 16:35:15
500106005,20,7,13,2024-12-19 14:48:15
500110030,20,5,13,2024-12-19 13:48:16
500110030,20,5,13,2024-12-19 13:52:15
500110030,20,6,13,2024-12-19 17:06:16
500112101,20,7,13,2024-12-19 15:28:14
500101010,20,6,14,2024-12-19 15:07:15
500101094,20,6,14,2024-12-19 15:07:15
500101153,20,6,14,2024-12-19 15:27:15
500101241,20,6,14,2024-12-19 13:46:16
500106049,20,6,14,2024-12-19 15:27:15
500110072,20,6,14,2024-12-19 17:18:16
500110072,20,6,14,2024-12-19 15:08:14
500112101,20,6,14,2024-12-19 15:45:16
500112101,20,6,14,2024-12-19 16:55:17
500113013,20,6,14,2024-12-19 16:16:15
500101031,20,5,15,2024-12-19 16:07:15
500101094,20,5,15,2024-12-19 16:03:15
500101230,20,5,15,2024-12-19 15:39:15
500101230,20,5,15,2024-12-19 13:13:15
500107136,20,5,15,2024-12-19 15:38:15
500109070,20,5,15,2024-12-19 14:11:16
500110072,20,5,15,2024-12-19 15:49:15
500110079,20,5,15,2024-12-19 16:45:17
500111029,20,5,15,2024-12-19 17:03:16
500112001,20,5,15,2024-12-19 16:38:15
500112101,20,5,15,2024-12-19 16:16:15
500112101,20,5,15,2024-12-19 14:48:15
500101094,20,4,16,2024-12-19 14:20:16
500101147,20,4,16,2024-12-19 16:55:17
500108052,20,4,16,2024-12-19 17:08:16
500112097,20,4,16,2024-12-19 14:51:15
500113028,20,3,16,2024-12-19 15:53:14
500101031,20,3,17,2024-12-19 13:56:14
500101031,20,3,17,2024-12-19 16:38:15
500101037,20,3,17,2024-12-19 14:18:15
500101214,20,3,17,2024-12-19 17:17:16
500106002,20,3,17,2024-12-19 16:42:15
500106135,20,3,17,2024-12-19 13:35:15
500107038,20,3,17,2024-12-19 16:48:15
500107136,20,3,17,2024-12-19 14:35:16
500106135,20,2,18,2024-12-19 16:47:15
500106135,20,2,18,2024-12-19 14:27:15
500109070,20,2,18,2024-12-19 16:37:15
500111042,20,2,18,2024-12-19 15:44:15
500111095,20,2,18,2024-12-19 16:13:15
500113056,20,2,18,2024-12-19 15:15:16
500119066,20,2,18,2024-12-19 17:17:16
500103038,20,1,19,2024-12-19 15:40:16
500103045,20,1,19,2024-12-19 15:07:15
500107009,20,1,19,2024-12-19 13:45:16
500110072,20,1,19,2024-12-19 16:58:15
500110072,20,1,19,2024-12-19 17:08:15
500103045,20,0,20,2024-12-19 15:25:16
500106002,20,0,20,2024-12-19 16:54:16
500110072,20,2,18,2024-12-19 21:45:15
500101153,20,10,10,2024-12-19 21:47:15
500109077,20,20,0,2024-12-19 07:17:14
500111040,20,20,0,2024-12-19 08:12:16
500113013,20,20,0,2024-12-19 08:17:15
500107172,20,15,1,2024-12-19 06:17:14
500105048,20,18,2,2024-12-19 07:35:16
500109077,20,18,2,2024-12-19 08:03:15
500106080,20,17,3,2024-12-19 05:26:15
500108066,20,15,3,2024-12-19 07:45:16
500112107,20,17,3,2024-12-19 06:06:14
500113013,20,13,3,2024-12-19 07:27:15
500113013,20,12,4,2024-12-19 06:28:15
500113053,20,15,4,2024-12-19 06:15:15
500103045,20,15,5,2024-12-19 06:44:14
500108171,20,15,5,2024-12-19 08:27:16
500112053,20,14,5,2024-12-19 08:34:15
500112063,20,13,5,2024-12-19 08:26:15
500101214,20,12,6,2024-12-19 07:56:15
500101230,20,13,6,2024-12-19 05:44:15
500101241,20,14,6,2024-12-19 08:00:17
500103043,20,14,6,2024-12-19 06:56:15
500104047,20,14,6,2024-12-19 08:19:15
500107057,20,13,6,2024-12-19 08:33:16
500109028,20,11,6,2024-12-19 08:31:16
500113028,20,8,6,2024-12-19 06:42:15
500106002,20,12,7,2024-12-19 07:35:16
500106031,20,13,7,2024-12-19 08:25:16
500108073,20,13,7,2024-12-19 08:35:16
500108117,20,13,7,2024-12-19 06:28:14
500110069,20,13,7,2024-12-19 07:29:15
500111040,20,13,7,2024-12-19 07:47:15
500112053,20,12,7,2024-12-19 08:53:15
500112110,20,12,7,2024-12-19 07:57:16
500101028,20,12,8,2024-12-19 08:16:15
500103019,20,9,8,2024-12-19 06:55:16
500103045,20,12,8,2024-12-19 07:13:15
500110030,20,10,8,2024-12-19 08:16:14
500111042,20,11,8,2024-12-19 05:33:15
500113056,20,11,8,2024-12-19 07:18:15
500101031,20,11,9,2024-12-19 08:16:14
500106080,20,11,9,2024-12-19 04:56:15
500107105,20,11,9,2024-12-19 06:28:14
500108117,20,11,9,2024-12-19 08:16:15
500109085,20,11,9,2024-12-19 05:56:14
500110079,20,11,9,2024-12-19 07:15:17
500111042,20,10,9,2024-12-19 06:37:15
500111042,20,10,9,2024-12-19 06:57:15
500112107,20,11,9,2024-12-19 08:52:16
500101031,20,10,10,2024-12-19 07:16:15
500103019,20,7,10,2024-12-19 07:03:15
500107057,20,9,10,2024-12-19 07:16:15
500107161,20,9,10,2024-12-19 08:47:15
500108190,20,10,10,2024-12-19 07:18:15
500109085,20,10,10,2024-12-19 08:52:16
500110030,20,8,10,2024-12-19 07:17:14
500111042,20,9,10,2024-12-19 07:37:15
500111052,20,10,10,2024-12-19 08:37:15
500112110,20,9,10,2024-12-19 08:46:14
500101031,20,9,11,2024-12-19 06:29:15
500101241,20,9,11,2024-12-19 07:45:16
500104105,20,9,11,2024-12-19 06:48:14
500106073,20,9,11,2024-12-19 07:56:15
500106135,20,7,11,2024-12-19 07:42:15
500107091,20,9,11,2024-12-19 07:58:15
500107136,20,9,11,2024-12-19 07:17:14
500107142,20,9,11,2024-12-19 06:49:15
500107172,20,5,11,2024-12-19 07:26:15
500108052,20,9,11,2024-12-19 07:51:15
500110072,20,9,11,2024-12-19 06:56:15
500111095,20,9,11,2024-12-19 07:58:15
500103051,20,7,12,2024-12-19 08:47:15
500107091,20,8,12,2024-12-19 07:34:15
500107150,20,7,12,2024-12-19 07:21:15
500108040,20,8,12,2024-12-19 07:48:14
500111113,20,8,12,2024-12-19 07:42:15
500112001,20,8,12,2024-12-19 07:46:15
500112079,20,6,12,2024-12-19 06:29:14
500106031,20,7,13,2024-12-19 07:16:15
500109070,20,7,13,2024-12-19 07:16:15
500111027,20,7,13,2024-12-19 08:35:16
500112107,20,7,13,2024-12-19 07:46:15
500101147,20,6,14,2024-12-19 07:21:15
500106049,20,6,14,2024-12-19 08:00:17
500108052,20,6,14,2024-12-19 08:33:16
500110020,20,6,14,2024-12-19 08:47:15
500111055,20,6,14,2024-12-19 06:27:15
500112062,20,6,14,2024-12-19 07:37:15
500112110,20,5,14,2024-12-19 08:37:16
500101241,20,5,15,2024-12-19 06:29:15
500108073,20,5,15,2024-12-19 07:26:15
500110015,20,4,15,2024-12-19 06:20:15
500110020,20,5,15,2024-12-19 06:05:16
500110072,20,5,15,2024-12-19 06:24:15
500111029,20,5,15,2024-12-19 07:47:15
500111054,20,5,15,2024-12-19 07:57:16
500111096,20,4,15,2024-12-19 08:10:17
500112062,20,5,15,2024-12-19 07:25:15
500112101,20,5,15,2024-12-19 08:27:16
500112101,20,5,15,2024-12-19 07:56:15
500101153,20,3,16,2024-12-19 07:12:15
500101241,20,4,16,2024-12-19 07:25:15
500106073,20,4,16,2024-12-19 07:18:15
500107009,20,4,16,2024-12-19 07:46:15
500107142,20,4,16,2024-12-19 07:27:15
500110072,20,4,16,2024-12-19 06:07:15
500101037,20,3,17,2024-12-19 07:11:15
500101214,20,1,17,2024-12-19 04:51:15
500101214,20,1,17,2024-12-19 06:53:14
500106049,20,3,17,2024-12-19 06:19:15
500106135,20,1,17,2024-12-19 08:16:15
500107120,20,3,17,2024-12-19 06:49:15
500108074,20,3,17,2024-12-19 05:53:15
500108122,20,3,17,2024-12-19 06:37:15
500110020,20,3,17,2024-12-19 06:26:14
500112086,20,3,17,2024-12-19 07:27:15
500112110,20,2,17,2024-12-19 08:26:15
500101031,20,2,18,2024-12-19 07:47:15
500106041,20,2,18,2024-12-19 07:46:15
500107142,20,2,18,2024-12-19 08:27:16
500108122,20,2,18,2024-12-19 07:37:15
500109085,20,2,18,2024-12-19 07:17:14
500111029,20,2,18,2024-12-19 07:21:15
500112101,20,2,18,2024-12-19 08:47:15
500101234,20,0,19,2024-12-19 08:40:19
500107142,20,1,19,2024-12-19 07:55:17
500112097,20,1,19,2024-12-19 08:24:15
500112110,20,0,19,2024-12-19 07:03:16
500106080,20,0,20,2024-12-19 08:46:16
500107142,20,0,20,2024-12-19 08:02:15
500101147,20,5,15,2024-12-19 23:29:14
500103019,20,8,11,2024-12-19 23:27:14
500101153,20,3,16,2024-12-19 00:14:14
500103038,20,11,7,2024-12-19 00:53:15
500103051,20,3,16,2024-12-19 00:34:14
500107102,20,8,12,2024-12-19 00:15:15
500111042,20,13,7,2024-12-19 00:19:15
500112063,20,10,8,2024-12-19 00:11:14
500112101,20,8,12,2024-12-19 00:36:15
500105048,20,6,14,2024-12-19 00:18:15
500106135,20,1,17,2024-12-19 00:07:16
500110072,20,12,8,2024-12-19 00:08:15
500108035,21,6,13,2024-12-19 21:39:15
500111032,21,9,12,2024-12-19 22:44:15
500113087,21,10,9,2024-12-19 23:16:15
500104019,21,12,7,2024-12-19 22:50:16
500112056,21,4,16,2024-12-19 01:06:15
500111050,21,8,13,2024-12-19 00:26:15
500106096,21,11,10,2024-12-19 00:54:15
500108193,21,14,7,2024-12-19 00:48:14
500106011,21,16,5,2024-12-19 00:04:16
500101228,21,1,20,2024-12-19 22:07:16
500112036,21,1,20,2024-12-19 23:19:15
500106064,21,12,4,2024-12-19 22:52:15
500106023,21,12,9,2024-12-19 23:19:15
500108076,21,2,19,2024-12-19 22:39:15
500112087,21,4,17,2024-12-19 22:35:16
500112056,21,1,20,2024-12-19 21:29:15
500106134,21,3,18,2024-12-19 21:37:15
500107122,21,3,18,2024-12-19 21:39:15
500111034,21,4,17,2024-12-19 19:55:16
500111032,21,8,13,2024-12-19 21:31:15
500106023,21,9,12,2024-12-19 21:33:16
500108107,21,11,9,2024-12-19 21:22:15
500107122,21,1,20,2024-12-19 03:06:14
500104048,21,6,14,2024-12-19 01:37:14
500107158,21,15,6,2024-12-19 01:51:14
500113029,21,13,8,2024-12-19 03:34:15
500101243,21,3,18,2024-12-19 22:01:15
500112115,21,9,10,2024-12-19 22:05:19
500104048,21,5,15,2024-12-19 01:23:15
500112036,21,10,11,2024-12-19 01:22:15
500107140,21,7,14,2024-12-19 21:59:15
500106023,21,10,11,2024-12-19 21:53:15
500113029,21,16,3,2024-12-19 21:55:17
500112115,21,19,0,2024-12-19 21:51:16
500104028,21,5,16,2024-12-19 03:43:14
500107132,21,2,19,2024-12-19 23:48:15
500106011,21,18,2,2024-12-19 23:54:15
500107140,21,4,17,2024-12-19 01:35:15
500108086,21,10,9,2024-12-19 02:27:14
500112036,21,7,14,2024-12-19 02:12:16
500104028,21,9,12,2024-12-19 22:49:14
500112059,21,14,7,2024-12-19 22:48:16
500112056,21,2,19,2024-12-19 04:36:15
500112036,21,0,21,2024-12-19 23:08:15
500103036,21,2,18,2024-12-19 22:19:15
500101243,21,4,17,2024-12-19 22:16:15
500107140,21,4,17,2024-12-19 04:41:15
500112036,21,4,17,2024-12-19 03:44:15
500104028,21,4,17,2024-12-19 22:26:15
500107140,21,5,16,2024-12-19 01:50:15
500107132,21,3,18,2024-12-19 23:21:14
500108004,21,4,17,2024-12-19 23:24:15
500104028,21,7,14,2024-12-19 23:31:15
500101228,21,21,0,2024-12-19 12:09:17
500101228,21,21,0,2024-12-19 12:42:15
500107140,21,21,0,2024-12-19 12:05:16
500103036,21,19,1,2024-12-19 09:22:15
500108076,21,19,1,2024-12-19 09:07:16
500101228,21,19,2,2024-12-19 10:33:15
500103036,21,18,2,2024-12-19 10:45:16
500107014,21,16,2,2024-12-19 10:48:15
500107140,21,19,2,2024-12-19 12:34:15
500107140,21,19,2,2024-12-19 10:38:15
500108076,21,17,3,2024-12-19 10:56:15
500108041,21,16,4,2024-12-19 12:40:17
500111032,21,17,4,2024-12-19 11:43:15
500107122,21,16,5,2024-12-19 09:07:15
500107158,21,15,6,2024-12-19 10:47:16
500112115,21,15,6,2024-12-19 12:11:16
500107132,21,12,7,2024-12-19 10:48:15
500107014,21,7,8,2024-12-19 11:28:15
500105087,21,12,9,2024-12-19 09:41:15
500107132,21,10,9,2024-12-19 10:24:15
500107158,21,12,9,2024-12-19 11:05:17
500103054,21,11,10,2024-12-19 10:56:15
500107014,21,5,10,2024-12-19 11:38:15
500107122,21,11,10,2024-12-19 10:16:15
500107158,21,11,10,2024-12-19 11:17:15
500111034,21,11,10,2024-12-19 09:35:16
500103054,21,10,11,2024-12-19 11:41:15
500108086,21,10,11,2024-12-19 09:47:15
500108086,21,10,11,2024-12-19 11:54:15
500112056,21,10,11,2024-12-19 10:17:16
500104048,21,6,12,2024-12-19 09:59:16
500107014,21,6,12,2024-12-19 10:07:16
500107122,21,9,12,2024-12-19 10:02:15
500107129,21,9,12,2024-12-19 09:35:16
500108162,21,8,12,2024-12-19 09:25:16
500104028,21,8,13,2024-12-19 11:48:15
500107097,21,7,14,2024-12-19 11:00:18
500107097,21,6,15,2024-12-19 12:19:16
500107122,21,6,15,2024-12-19 11:38:15
500108065,21,5,15,2024-12-19 11:46:15
500112056,21,6,15,2024-12-19 11:03:16
500104028,21,5,16,2024-12-19 09:03:14
500107097,21,5,16,2024-12-19 09:04:15
500107132,21,3,16,2024-12-19 09:35:16
500104048,21,1,17,2024-12-19 12:01:16
500106023,21,4,17,2024-12-19 11:27:15
500112059,21,3,17,2024-12-19 12:24:16
500101243,21,3,18,2024-12-19 11:25:15
500104022,21,3,18,2024-12-19 09:07:15
500101002,21,1,19,2024-12-19 09:07:15
500101002,21,1,19,2024-12-19 11:28:15
500101243,21,1,20,2024-12-19 10:07:16
500104019,21,0,20,2024-12-19 10:48:15
500106064,21,1,20,2024-12-19 10:30:15
500106096,21,1,20,2024-12-19 12:16:15
500107095,21,1,20,2024-12-19 09:41:16
500112036,21,1,20,2024-12-19 09:43:15
500112036,21,0,21,2024-12-19 11:20:18
500101002,21,21,0,2024-12-19 18:23:16
500112115,21,18,1,2024-12-19 18:47:16
500107014,21,18,3,2024-12-19 19:52:16
500107132,21,15,3,2024-12-19 20:13:15
500104019,21,16,5,2024-12-19 19:36:15
500107014,21,14,5,2024-12-19 17:45:16
500108035,21,15,6,2024-12-19 19:20:16
500101228,21,14,7,2024-12-19 19:37:16
500113029,21,11,8,2024-12-19 21:16:15
500103054,21,12,9,2024-12-19 20:48:15
500106011,21,12,9,2024-12-19 18:13:16
500107132,21,12,9,2024-12-19 21:06:15
500101228,21,11,10,2024-12-19 20:39:16
500108193,21,11,10,2024-12-19 19:09:15
500106096,21,10,11,2024-12-19 18:08:16
500107132,21,7,11,2024-12-19 19:58:15
500108098,21,10,11,2024-12-19 19:33:15
500107014,21,7,12,2024-12-19 19:07:15
500107132,21,6,12,2024-12-19 20:04:16
500108162,21,8,12,2024-12-19 17:44:15
500113087,21,7,12,2024-12-19 19:05:16
500103036,21,7,13,2024-12-19 21:19:16
500108035,21,8,13,2024-12-19 17:44:15
500108098,21,8,13,2024-12-19 19:58:15
500109029,21,8,13,2024-12-19 18:07:16
500103036,21,6,14,2024-12-19 20:48:15
500108041,21,6,14,2024-12-19 18:55:17
500108193,21,7,14,2024-12-19 17:22:16
500112059,21,7,14,2024-12-19 18:29:16
500113029,21,5,14,2024-12-19 19:51:15
500113087,21,5,14,2024-12-19 19:20:16
500103036,21,5,15,2024-12-19 19:45:16
500105087,21,6,15,2024-12-19 18:38:16
500112059,21,6,15,2024-12-19 17:25:16
500112059,21,6,15,2024-12-19 18:44:15
500103036,21,4,16,2024-12-19 19:37:16
500107014,21,5,16,2024-12-19 21:19:16
500107097,21,5,16,2024-12-19 19:55:16
500112056,21,5,16,2024-12-19 20:08:15
500101243,21,4,17,2024-12-19 20:29:15
500105087,21,4,17,2024-12-19 19:25:15
500107122,21,4,17,2024-12-19 21:18:15
500108098,21,4,17,2024-12-19 21:18:14
500101243,21,3,18,2024-12-19 20:48:15
500105087,21,3,18,2024-12-19 20:29:15
500106023,21,3,18,2024-12-19 20:33:15
500107129,21,3,18,2024-12-19 18:12:16
500111050,21,3,18,2024-12-19 19:42:15
500112036,21,3,18,2024-12-19 17:37:16
500101243,21,2,19,2024-12-19 17:33:16
500101243,21,2,19,2024-12-19 18:58:16
500106133,21,2,19,2024-12-19 18:56:15
500106133,21,2,19,2024-12-19 18:18:16
500106134,21,2,19,2024-12-19 18:27:15
500107122,21,2,19,2024-12-19 20:38:15
500108076,21,2,19,2024-12-19 18:28:16
500112087,21,2,19,2024-12-19 20:38:15
500112087,21,2,19,2024-12-19 19:38:15
500101243,21,1,20,2024-12-19 18:48:15
500106133,21,1,20,2024-12-19 18:45:16
500107097,21,1,20,2024-12-19 18:17:15
500112056,21,1,20,2024-12-19 18:35:16
500101243,21,0,21,2024-12-19 18:37:15
500107097,21,0,21,2024-12-19 20:49:16
500108076,21,0,21,2024-12-19 18:07:16
500112056,21,0,21,2024-12-19 19:07:15
500112087,21,0,21,2024-12-19 18:18:16
500101002,21,21,0,2024-12-19 17:00:19
500101228,21,20,1,2024-12-19 13:57:15
500101228,21,20,1,2024-12-19 16:58:15
500112115,21,20,1,2024-12-19 16:33:15
500103054,21,19,2,2024-12-19 15:31:15
500112115,21,19,2,2024-12-19 16:24:15
500101228,21,18,3,2024-12-19 15:33:15
500107014,21,13,4,2024-12-19 16:27:16
500107140,21,17,4,2024-12-19 14:58:15
500111032,21,15,6,2024-12-19 13:29:14
500112115,21,15,6,2024-12-19 15:07:15
500112115,21,15,6,2024-12-19 14:44:15
500107132,21,5,10,2024-12-19 14:54:15
500108086,21,9,12,2024-12-19 17:08:16
500112059,21,9,12,2024-12-19 16:56:15
500106064,21,8,13,2024-12-19 16:22:16
500109029,21,8,13,2024-12-19 13:10:16
500112056,21,8,13,2024-12-19 13:25:16
500105087,21,7,14,2024-12-19 16:47:15
500108076,21,6,14,2024-12-19 13:26:16
500112056,21,7,14,2024-12-19 13:34:16
500104019,21,6,15,2024-12-19 13:13:15
500108076,21,5,15,2024-12-19 15:33:15
500108193,21,6,15,2024-12-19 17:04:15
500112059,21,6,15,2024-12-19 16:45:17
500107097,21,5,16,2024-12-19 13:11:15
500108076,21,5,16,2024-12-19 17:16:16
500112036,21,5,16,2024-12-19 13:13:14
500112056,21,4,17,2024-12-19 15:28:14
500104022,21,3,18,2024-12-19 14:55:16
500104048,21,2,18,2024-12-19 14:00:17
500106096,21,3,18,2024-12-19 16:40:16
500106096,21,2,19,2024-12-19 16:52:15
500106026,21,1,20,2024-12-19 16:45:17
500106134,21,1,20,2024-12-19 16:59:15
500103036,21,19,1,2024-12-19 08:17:14
500111032,21,20,1,2024-12-19 08:16:15
500111050,21,19,2,2024-12-19 08:45:16
500104019,21,16,4,2024-12-19 06:47:15
500106011,21,17,4,2024-12-19 06:25:15
500108107,21,16,4,2024-12-19 05:16:14
500113029,21,17,4,2024-12-19 08:18:15
500113029,21,17,4,2024-12-19 08:57:15
500106026,21,16,5,2024-12-19 06:19:15
500107158,21,16,5,2024-12-19 05:26:15
500112087,21,16,5,2024-12-19 06:49:15
500107140,21,15,6,2024-12-19 08:37:15
500107158,21,15,6,2024-12-19 08:37:15
500107158,21,15,6,2024-12-19 07:21:15
500111034,21,15,6,2024-12-19 08:56:16
500113029,21,15,6,2024-12-19 08:06:16
500113087,21,12,6,2024-12-19 06:22:14
500107097,21,14,7,2024-12-19 07:54:14
500107158,21,14,7,2024-12-19 06:43:15
500106011,21,13,8,2024-12-19 08:15:16
500108086,21,11,8,2024-12-19 06:23:15
500111032,21,13,8,2024-12-19 07:29:15
500112115,21,13,8,2024-12-19 07:33:15
500103054,21,12,9,2024-12-19 08:27:16
500108107,21,11,9,2024-12-19 07:39:15
500107014,21,11,10,2024-12-19 07:56:15
500107132,21,9,10,2024-12-19 07:56:15
500108041,21,10,10,2024-12-19 05:42:15
500108065,21,10,10,2024-12-19 07:08:15
500107129,21,8,13,2024-12-19 08:06:16
500108076,21,7,13,2024-12-19 08:17:15
500112087,21,8,13,2024-12-19 08:53:15
500107132,21,7,14,2024-12-19 06:13:14
500107140,21,7,14,2024-12-19 06:22:14
500112056,21,7,14,2024-12-19 05:49:15
500106026,21,6,15,2024-12-19 08:23:15
500108076,21,5,15,2024-12-19 06:55:16
500112056,21,6,15,2024-12-19 05:47:15
500106134,21,4,17,2024-12-19 07:39:15
500107129,21,4,17,2024-12-19 07:49:16
500112115,21,4,17,2024-12-19 07:57:16
500104028,21,3,18,2024-12-19 08:24:15
500104028,21,3,18,2024-12-19 06:44:15
500105087,21,3,18,2024-12-19 06:43:15
500106134,21,3,18,2024-12-19 08:15:16
500106134,21,3,18,2024-12-19 08:24:15
500112056,21,3,18,2024-12-19 05:15:15
500101002,21,1,19,2024-12-19 08:03:15
500106023,21,2,19,2024-12-19 07:17:14
500106023,21,1,20,2024-12-19 08:03:14
500106134,21,0,21,2024-12-19 08:47:15
500104019,21,14,3,2024-12-19 00:04:16
500108162,21,8,12,2024-12-19 20:12:15
500108126,21,9,12,2024-12-19 19:03:14
500107014,21,0,21,2024-12-19 01:17:14
500107129,21,1,20,2024-12-19 00:51:14
500107097,21,2,19,2024-12-19 01:12:15
500103036,21,5,15,2024-12-19 00:42:15
500106133,21,17,4,2024-12-19 00:46:15
500112087,21,17,4,2024-12-19 00:50:16
500107014,21,3,18,2024-12-19 22:37:15
500101002,21,9,12,2024-12-19 23:06:15
500104028,21,10,11,2024-12-19 23:09:15
500101243,21,3,18,2024-12-19 22:30:16
500106134,21,3,18,2024-12-19 21:58:15
500103054,21,18,3,2024-12-19 22:05:16
500108194,21,8,13,2024-12-19 20:31:15
500106023,21,6,15,2024-12-19 01:51:14
500104019,21,20,1,2024-12-19 02:10:16
500112036,21,0,21,2024-12-19 04:18:15
500104048,21,5,14,2024-12-19 03:39:14
500101002,21,8,12,2024-12-19 04:08:14
500106096,21,17,4,2024-12-19 22:06:15
500113029,21,19,2,2024-12-19 01:19:15
500103036,21,3,17,2024-12-19 21:58:15
500104022,21,17,3,2024-12-19 23:54:16
500107014,21,8,13,2024-12-19 22:15:16
500112115,21,12,7,2024-12-19 22:17:15
500103054,21,14,6,2024-12-19 23:33:15
500101228,21,21,0,2024-12-19 12:07:16
500111050,21,21,0,2024-12-19 09:55:16
500103036,21,19,1,2024-12-19 10:17:16
500107132,21,13,1,2024-12-19 12:55:17
500107140,21,20,1,2024-12-19 11:22:15
500108076,21,19,1,2024-12-19 12:34:14
500103036,21,18,2,2024-12-19 09:54:15
500107140,21,19,2,2024-12-19 10:28:15
500108076,21,18,2,2024-12-19 09:27:15
500107140,21,18,3,2024-12-19 10:45:16
500111032,21,18,3,2024-12-19 09:22:15
500111050,21,17,4,2024-12-19 11:01:18
500107132,21,9,5,2024-12-19 11:50:16
500108076,21,15,5,2024-12-19 10:25:16
500111032,21,16,5,2024-12-19 09:07:15
500113029,21,16,5,2024-12-19 09:02:15
500107158,21,15,6,2024-12-19 09:12:16
500112115,21,15,6,2024-12-19 13:07:15
500103036,21,13,7,2024-12-19 12:25:16
500103054,21,14,7,2024-12-19 12:28:15
500103054,21,13,8,2024-12-19 10:18:15
500107132,21,11,8,2024-12-19 10:31:16
500111050,21,12,9,2024-12-19 12:23:16
500107122,21,11,10,2024-12-19 10:30:15
500108035,21,11,10,2024-12-19 12:19:16
500108086,21,11,10,2024-12-19 11:29:15
500113087,21,11,10,2024-12-19 10:56:15
500107014,21,7,11,2024-12-19 10:24:15
500107122,21,10,11,2024-12-19 10:27:16
500108098,21,10,11,2024-12-19 12:34:14
500111034,21,10,11,2024-12-19 12:41:15
500111050,21,10,11,2024-12-19 12:35:15
500108086,21,9,12,2024-12-19 10:55:17
500108162,21,8,12,2024-12-19 09:34:15
500112056,21,9,12,2024-12-19 09:27:15
500108098,21,8,13,2024-12-19 10:28:15
500108194,21,8,13,2024-12-19 10:03:15
500112056,21,8,13,2024-12-19 10:24:15
500101002,21,6,14,2024-12-19 12:17:16
500108162,21,6,14,2024-12-19 11:37:15
500112056,21,7,14,2024-12-19 12:32:16
500106011,21,6,15,2024-12-19 10:15:16
500112056,21,6,15,2024-12-19 12:55:16
500101243,21,5,16,2024-12-19 11:02:15
500106011,21,5,16,2024-12-19 10:07:16
500106064,21,5,16,2024-12-19 11:24:15
500106096,21,5,16,2024-12-19 09:26:15
500108107,21,4,16,2024-12-19 12:32:16
500108193,21,5,16,2024-12-19 09:23:15
500112087,21,5,16,2024-12-19 10:53:15
500113087,21,5,16,2024-12-19 11:53:16
500108193,21,4,17,2024-12-19 12:26:15
500112115,21,4,17,2024-12-19 11:48:15
500101243,21,3,18,2024-12-19 09:27:15
500101243,21,3,18,2024-12-19 09:47:15
500106026,21,3,18,2024-12-19 11:37:15
500108107,21,2,18,2024-12-19 10:38:15
500112036,21,3,18,2024-12-19 09:04:14
500112059,21,2,18,2024-12-19 11:37:15
500112059,21,2,18,2024-12-19 11:55:18
500101002,21,1,19,2024-12-19 10:07:16
500101243,21,2,19,2024-12-19 12:45:15
500106023,21,2,19,2024-12-19 10:30:16
500106026,21,2,19,2024-12-19 12:05:16
500112036,21,2,19,2024-12-19 12:47:15
500106011,21,1,20,2024-12-19 11:36:15
500106096,21,1,20,2024-12-19 11:17:15
500107097,21,1,20,2024-12-19 09:36:15
500112036,21,1,20,2024-12-19 10:49:15
500107095,21,0,21,2024-12-19 09:29:16
500112115,21,0,21,2024-12-19 09:27:15
500101228,21,21,0,2024-12-19 17:17:15
500103054,21,21,0,2024-12-19 16:08:17
500103054,21,21,0,2024-12-19 17:38:16
500101228,21,20,1,2024-12-19 17:59:15
500106011,21,19,2,2024-12-19 20:47:15
500108035,21,19,2,2024-12-19 19:47:15
500112115,21,15,4,2024-12-19 19:04:15
500101228,21,15,6,2024-12-19 18:18:15
500107014,21,15,6,2024-12-19 20:47:15
500108086,21,15,6,2024-12-19 19:17:15
500113087,21,15,6,2024-12-19 17:41:16
500113087,21,15,6,2024-12-19 17:57:15
500108035,21,14,7,2024-12-19 19:19:15
500113087,21,14,7,2024-12-19 18:11:16
500104019,21,13,8,2024-12-19 19:04:15
500104022,21,13,8,2024-12-19 17:38:16
500106064,21,13,8,2024-12-19 18:55:17
500107140,21,13,8,2024-12-19 17:28:15
500104028,21,12,9,2024-12-19 18:28:16
500108086,21,12,9,2024-12-19 19:49:15
500111032,21,12,9,2024-12-19 18:46:15
500106064,21,6,10,2024-12-19 20:49:14
500106096,21,11,10,2024-12-19 21:07:16
500108098,21,11,10,2024-12-19 18:38:16
500113029,21,9,10,2024-12-19 20:19:15
500103054,21,10,11,2024-12-19 20:37:16
500104028,21,10,11,2024-12-19 19:49:15
500106011,21,10,11,2024-12-19 18:36:16
500108086,21,10,11,2024-12-19 17:42:15
500111032,21,10,11,2024-12-19 19:17:15
500101228,21,9,12,2024-12-19 20:59:15
500101228,21,9,12,2024-12-19 21:08:15
500108041,21,8,12,2024-12-19 18:07:16
500104019,21,8,13,2024-12-19 17:37:16
500104019,21,8,13,2024-12-19 17:45:16
500106023,21,8,13,2024-12-19 20:57:16
500109029,21,8,13,2024-12-19 17:15:16
500105087,21,7,14,2024-12-19 18:27:15
500105087,21,7,14,2024-12-19 18:39:16
500106064,21,2,14,2024-12-19 20:28:15
500108086,21,5,14,2024-12-19 21:14:15
500103036,21,5,15,2024-12-19 17:37:16
500105087,21,6,15,2024-12-19 17:19:15
500107095,21,6,15,2024-12-19 18:17:16
500107140,21,6,15,2024-12-19 17:38:15
500108004,21,6,15,2024-12-19 20:55:17
500108194,21,6,15,2024-12-19 17:12:16
500111050,21,6,15,2024-12-19 20:28:15
500104028,21,5,16,2024-12-19 19:15:16
500103054,21,4,17,2024-12-19 20:03:15
500106011,21,4,17,2024-12-19 17:34:15
500107097,21,3,18,2024-12-19 20:17:15
500107129,21,3,18,2024-12-19 17:58:15
500111050,21,3,18,2024-12-19 18:03:15
500111050,21,3,18,2024-12-19 19:24:15
500112036,21,3,18,2024-12-19 18:08:16
500112087,21,3,18,2024-12-19 20:57:16
500101243,21,2,19,2024-12-19 20:13:15
500101243,21,2,19,2024-12-19 17:23:15
500103036,21,1,19,2024-12-19 17:49:15
500106026,21,2,19,2024-12-19 20:34:14
500108076,21,2,19,2024-12-19 18:57:15
500112087,21,2,19,2024-12-19 20:19:15
500103036,21,0,20,2024-12-19 18:08:16
500106023,21,1,20,2024-12-19 17:26:15
500106026,21,1,20,2024-12-19 18:51:16
500106133,21,1,20,2024-12-19 17:59:16
500108076,21,1,20,2024-12-19 17:48:16
500111034,21,1,20,2024-12-19 18:36:16
500112056,21,1,20,2024-12-19 20:35:16
500106023,21,0,21,2024-12-19 17:49:16
500108076,21,0,21,2024-12-19 20:42:16
500101002,21,21,0,2024-12-19 17:18:15
500101228,21,21,0,2024-12-19 17:07:15
500112115,21,21,0,2024-12-19 16:42:18
500107132,21,11,3,2024-12-19 13:23:15
500108041,21,16,4,2024-12-19 17:07:15
500112115,21,17,4,2024-12-19 16:00:17
500111032,21,16,5,2024-12-19 16:41:15
500113029,21,16,5,2024-12-19 16:22:16
500107140,21,15,6,2024-12-19 17:16:16
500107158,21,12,9,2024-12-19 14:23:15
500104028,21,11,10,2024-12-19 14:57:15
500111034,21,10,11,2024-12-19 16:57:16
500107132,21,6,12,2024-12-19 16:26:15
500107158,21,9,12,2024-12-19 16:10:16
500112056,21,9,12,2024-12-19 14:16:16
500104019,21,8,13,2024-12-19 16:52:15
500107122,21,8,13,2024-12-19 15:25:15
500107132,21,5,13,2024-12-19 16:16:15
500112056,21,8,13,2024-12-19 14:36:15
500106064,21,7,14,2024-12-19 16:55:17
500108098,21,7,14,2024-12-19 15:04:15
500111050,21,7,14,2024-12-19 16:52:15
500112036,21,7,14,2024-12-19 15:55:16
500108098,21,6,15,2024-12-19 13:11:15
500104019,21,5,16,2024-12-19 14:39:16
500107097,21,5,16,2024-12-19 16:14:15
500108098,21,5,16,2024-12-19 13:50:16
500112087,21,5,16,2024-12-19 15:50:15
500112087,21,5,16,2024-12-19 16:36:15
500112036,21,4,17,2024-12-19 16:55:17
500112056,21,4,17,2024-12-19 15:51:14
500113087,21,4,17,2024-12-19 15:44:15
500113087,21,4,17,2024-12-19 16:25:16
500101243,21,3,18,2024-12-19 13:41:15
500106023,21,3,18,2024-12-19 16:58:15
500112056,21,3,18,2024-12-19 16:24:15
500112059,21,2,18,2024-12-19 14:22:15
500101002,21,2,19,2024-12-19 13:18:15
500101243,21,2,19,2024-12-19 14:58:15
500106011,21,2,19,2024-12-19 17:08:16
500106011,21,2,19,2024-12-19 14:52:15
500106026,21,2,19,2024-12-19 14:18:15
500106096,21,2,19,2024-12-19 16:14:14
500107140,21,11,10,2024-12-19 21:48:16
500101228,21,20,0,2024-12-19 08:56:16
500103036,21,20,0,2024-12-19 08:03:15
500106133,21,21,0,2024-12-19 08:17:16
500106133,21,21,0,2024-12-19 07:54:16
500107122,21,21,0,2024-12-19 07:17:14
500111032,21,21,0,2024-12-19 08:23:15
500112059,21,13,1,2024-12-19 06:23:15
500112087,21,19,2,2024-12-19 05:31:14
500103054,21,18,3,2024-12-19 07:27:15
500107140,21,18,3,2024-12-19 08:57:15
500112087,21,18,3,2024-12-19 05:48:14
500106026,21,17,4,2024-12-19 05:21:14
500108098,21,17,4,2024-12-19 08:47:15
500113087,21,14,4,2024-12-19 06:47:15
500106011,21,16,5,2024-12-19 06:50:16
500108107,21,15,5,2024-12-19 07:15:17
500112059,21,9,5,2024-12-19 06:46:15
500106064,21,15,6,2024-12-19 07:09:15
500107140,21,15,6,2024-12-19 08:47:15
500107158,21,15,6,2024-12-19 08:42:15
500107158,21,15,6,2024-12-19 06:56:15
500108076,21,14,6,2024-12-19 08:47:15
500112115,21,15,6,2024-12-19 07:27:15
500103036,21,13,7,2024-12-19 07:27:15
500107097,21,14,7,2024-12-19 06:51:15
500106026,21,13,8,2024-12-19 07:29:15
500106064,21,13,8,2024-12-19 07:38:15
500107097,21,13,8,2024-12-19 07:43:15
500107132,21,11,8,2024-12-19 08:37:15
500108107,21,12,8,2024-12-19 07:48:15
500104022,21,12,9,2024-12-19 07:10:16
500106064,21,12,9,2024-12-19 07:55:17
500105087,21,11,10,2024-12-19 08:40:17
500104022,21,10,11,2024-12-19 07:33:15
500108004,21,10,11,2024-12-19 08:17:15
500101002,21,8,12,2024-12-19 06:37:15
500101002,21,8,12,2024-12-19 06:25:15
500106064,21,9,12,2024-12-19 08:23:15
500108035,21,9,12,2024-12-19 08:12:15
500108193,21,9,12,2024-12-19 07:56:15
500112115,21,9,12,2024-12-19 07:47:15
500104019,21,7,13,2024-12-19 07:25:15
500107097,21,8,13,2024-12-19 06:13:14
500107158,21,7,14,2024-12-19 08:17:15
500108065,21,6,14,2024-12-19 08:05:16
500101228,21,5,15,2024-12-19 06:15:16
500101243,21,6,15,2024-12-19 06:27:15
500106023,21,6,15,2024-12-19 08:47:15
500107132,21,6,15,2024-12-19 07:37:15
500113087,21,3,15,2024-12-19 07:52:15
500101243,21,5,16,2024-12-19 06:29:15
500108194,21,5,16,2024-12-19 08:16:15
500101243,21,3,18,2024-12-19 07:58:15
500112056,21,3,18,2024-12-19 07:45:16
500104028,21,1,20,2024-12-19 07:27:15
500105087,21,1,20,2024-12-19 07:11:15
500112115,21,1,20,2024-12-19 08:10:17
500101228,21,1,20,2024-12-19 00:06:15
500106064,21,20,1,2024-12-19 00:07:15
500107014,21,2,19,2024-12-19 00:06:15
500107132,21,1,20,2024-12-19 00:41:15
500108076,21,7,14,2024-12-19 00:03:15
500104022,21,9,11,2024-12-19 23:49:15
500106096,21,8,13,2024-12-19 00:05:15
500112115,21,15,5,2024-12-19 00:34:14
500107014,21,4,17,2024-12-19 23:54:15
500107140,21,9,12,2024-12-19 23:25:16
500107140,21,0,21,2024-12-19 00:18:15
500112115,21,14,6,2024-12-19 01:05:16
500113087,21,15,3,2024-12-19 00:22:15
500103054,21,16,5,2024-12-19 01:08:16
500101243,21,5,16,2024-12-19 22:49:14
500106026,21,6,15,2024-12-19 23:18:15
500106096,21,13,8,2024-12-19 22:54:16
500106011,21,18,2,2024-12-19 23:05:15
500106023,21,11,10,2024-12-19 22:17:15
500104022,21,6,15,2024-12-19 20:58:15
500106133,21,6,15,2024-12-19 20:05:16
500109029,21,11,10,2024-12-19 21:25:16
500103054,21,14,7,2024-12-19 21:39:15
500101243,21,4,17,2024-12-19 01:59:15
500101002,21,8,13,2024-12-19 02:29:14
500105087,21,13,8,2024-12-19 02:52:14
500106011,21,17,4,2024-12-19 03:01:16
500108098,21,3,18,2024-12-19 21:41:15
500112056,21,3,18,2024-12-19 22:09:15
500104028,21,7,14,2024-12-19 22:09:15
500103054,21,15,6,2024-12-19 00:13:15
500106026,21,15,6,2024-12-19 01:35:15
500104019,21,19,2,2024-12-19 01:40:15
500107097,21,5,16,2024-12-19 22:40:15
500112056,21,3,18,2024-12-19 23:03:15
500106026,21,5,16,2024-12-19 23:01:15
500112056,21,3,18,2024-12-19 22:25:15
500103054,21,16,5,2024-12-19 22:56:15
500106096,21,15,6,2024-12-19 23:31:15
500106011,21,17,3,2024-12-19 23:26:15
500101002,21,6,15,2024-12-19 01:34:15
500101228,21,21,0,2024-12-19 13:08:16
500101228,21,21,0,2024-12-19 10:18:15
500107140,21,21,0,2024-12-19 11:43:15
500107140,21,20,1,2024-12-19 12:28:15
500107140,21,20,1,2024-12-19 12:18:16
500103036,21,17,3,2024-12-19 10:38:15
500103054,21,17,3,2024-12-19 12:47:15
500107140,21,18,3,2024-12-19 09:35:16
500111032,21,18,3,2024-12-19 10:26:14
500111034,21,18,3,2024-12-19 09:04:15
500107158,21,16,5,2024-12-19 09:08:15
500107158,21,15,6,2024-12-19 09:07:15
500111050,21,15,6,2024-12-19 11:27:15
500108086,21,14,7,2024-12-19 08:48:15
500107122,21,13,8,2024-12-19 13:05:16
500103054,21,10,11,2024-12-19 11:05:17
500105087,21,10,11,2024-12-19 12:17:16
500107014,21,7,11,2024-12-19 09:43:15
500103054,21,9,12,2024-12-19 11:33:16
500103054,21,9,12,2024-12-19 11:17:15
500108086,21,9,12,2024-12-19 12:06:16
500111034,21,9,12,2024-12-19 12:51:14
500112056,21,9,12,2024-12-19 10:06:14
500112115,21,9,12,2024-12-19 09:06:15
500101002,21,6,14,2024-12-19 12:38:15
500101002,21,5,15,2024-12-19 12:52:15
500106096,21,6,15,2024-12-19 09:04:15
500108194,21,6,15,2024-12-19 10:33:15
500112056,21,6,15,2024-12-19 12:19:16
500113087,21,6,15,2024-12-19 12:36:15
500101002,21,4,16,2024-12-19 12:46:15
500106011,21,5,16,2024-12-19 10:20:16
500112059,21,4,16,2024-12-19 11:48:15
500112087,21,5,16,2024-12-19 09:06:15
500101243,21,4,17,2024-12-19 12:57:15
500106011,21,4,17,2024-12-19 11:18:16
500106023,21,4,17,2024-12-19 11:58:16
500106026,21,4,17,2024-12-19 10:17:16
500106133,21,4,17,2024-12-19 11:09:15
500107097,21,4,17,2024-12-19 12:24:16
500108193,21,4,17,2024-12-19 11:35:17
500101243,21,3,18,2024-12-19 10:26:14
500101243,21,2,19,2024-12-19 13:03:15
500104019,21,1,19,2024-12-19 09:47:14
500106011,21,2,19,2024-12-19 12:28:15
500106096,21,2,19,2024-12-19 10:05:16
500106096,21,2,19,2024-12-19 11:05:17
500107097,21,2,19,2024-12-19 11:36:15
500107097,21,2,19,2024-12-19 10:17:16
500108004,21,2,19,2024-12-19 12:22:16
500106023,21,1,20,2024-12-19 12:07:15
500108107,21,0,20,2024-12-19 09:35:17
500112036,21,1,20,2024-12-19 09:57:15
500112115,21,1,20,2024-12-19 10:22:16
500101243,21,0,21,2024-12-19 09:37:16
500107095,21,0,21,2024-12-19 09:27:15
500101002,21,20,1,2024-12-19 18:17:16
500104022,21,20,1,2024-12-19 18:03:15
500101002,21,18,3,2024-12-19 18:57:15
500104022,21,18,3,2024-12-19 17:47:16
500106096,21,17,4,2024-12-19 20:05:16
500108041,21,15,5,2024-12-19 17:23:15
500107132,21,15,6,2024-12-19 20:34:15
500113087,21,15,6,2024-12-19 18:25:17
500104028,21,14,7,2024-12-19 18:04:15
500107132,21,11,7,2024-12-19 18:48:15
500113087,21,14,7,2024-12-19 17:38:16
500101002,21,13,8,2024-12-19 20:48:15
500108035,21,13,8,2024-12-19 19:02:16
500101228,21,12,9,2024-12-19 18:46:15
500104028,21,12,9,2024-12-19 20:33:15
500107132,21,9,9,2024-12-19 19:36:15
500108098,21,12,9,2024-12-19 19:00:18
500108107,21,11,9,2024-12-19 21:01:15
500113029,21,10,9,2024-12-19 21:07:16
500106011,21,11,10,2024-12-19 19:20:16
500107122,21,11,10,2024-12-19 17:27:16
500107122,21,11,10,2024-12-19 17:47:16
500101002,21,10,11,2024-12-19 19:33:15
500101228,21,10,11,2024-12-19 20:07:15
500107158,21,10,11,2024-12-19 19:56:16
500113029,21,8,11,2024-12-19 18:37:15
500113087,21,8,11,2024-12-19 19:57:15
500101228,21,9,12,2024-12-19 20:19:14
500104019,21,9,12,2024-12-19 18:37:15
500104022,21,9,12,2024-12-19 17:27:16
500107014,21,7,12,2024-12-19 18:31:15
500108098,21,9,12,2024-12-19 18:05:16
500108098,21,9,12,2024-12-19 18:18:16
500108098,21,9,12,2024-12-19 18:23:16
500111032,21,9,12,2024-12-19 19:27:15
500108193,21,8,13,2024-12-19 17:53:15
500106023,21,7,14,2024-12-19 21:17:15
500107140,21,7,14,2024-12-19 18:29:16
500108162,21,6,14,2024-12-19 18:16:16
500112059,21,7,14,2024-12-19 19:03:15
500113029,21,5,14,2024-12-19 19:18:15
500104028,21,6,15,2024-12-19 19:03:15
500108098,21,6,15,2024-12-19 20:01:15
500112059,21,6,15,2024-12-19 18:56:15
500107097,21,5,16,2024-12-19 19:47:15
500111032,21,5,16,2024-12-19 20:03:15
500112036,21,5,16,2024-12-19 18:36:15
500107129,21,4,17,2024-12-19 20:35:16
500108076,21,4,17,2024-12-19 17:20:17
500105087,21,3,18,2024-12-19 19:33:15
500112056,21,3,18,2024-12-19 18:03:15
500105087,21,2,19,2024-12-19 20:46:16
500106023,21,2,19,2024-12-19 19:06:16
500106026,21,2,19,2024-12-19 21:03:15
500107122,21,2,19,2024-12-19 19:59:16
500108004,21,2,19,2024-12-19 17:26:15
500112036,21,2,19,2024-12-19 20:44:15
500112056,21,2,19,2024-12-19 19:37:15
500106023,21,1,20,2024-12-19 18:01:18
500107140,21,1,20,2024-12-19 21:09:15
500111050,21,1,20,2024-12-19 20:02:14
500112036,21,1,20,2024-12-19 19:02:15
500112087,21,1,20,2024-12-19 17:26:15
500107097,21,0,21,2024-12-19 18:28:16
500107122,21,0,21,2024-12-19 20:49:15
500108076,21,0,21,2024-12-19 20:29:16
500112087,21,0,21,2024-12-19 17:35:16
500103054,21,19,2,2024-12-19 13:18:14
500107014,21,14,3,2024-12-19 17:08:16
500107140,21,18,3,2024-12-19 16:02:15
500112115,21,16,5,2024-12-19 15:56:15
500112115,21,16,5,2024-12-19 15:21:15
500113029,21,16,5,2024-12-19 16:51:16
500107140,21,15,6,2024-12-19 16:51:16
500103036,21,12,8,2024-12-19 15:19:15
500107014,21,9,8,2024-12-19 13:58:16
500107014,21,9,8,2024-12-19 15:07:15
500107122,21,13,8,2024-12-19 13:36:16
500107132,21,7,8,2024-12-19 13:58:16
500107122,21,12,9,2024-12-19 15:51:15
500107132,21,5,10,2024-12-19 14:30:16
500103036,21,8,12,2024-12-19 17:08:16
500101002,21,8,13,2024-12-19 15:38:15
500107122,21,8,13,2024-12-19 14:39:15
500107158,21,8,13,2024-12-19 16:28:15
500111034,21,8,13,2024-12-19 17:06:15
500106064,21,7,14,2024-12-19 14:09:15
500107122,21,7,14,2024-12-19 16:47:15
500107129,21,7,14,2024-12-19 17:10:17
500108107,21,6,14,2024-12-19 14:38:15
500112059,21,6,14,2024-12-19 15:43:15
500104019,21,6,15,2024-12-19 15:26:15
500107122,21,6,15,2024-12-19 15:07:15
500108193,21,5,16,2024-12-19 16:09:15
500112036,21,5,16,2024-12-19 15:09:15
500112056,21,5,16,2024-12-19 14:56:15
500101243,21,4,17,2024-12-19 13:37:15
500106096,21,4,17,2024-12-19 15:46:15
500107097,21,4,17,2024-12-19 16:27:16
500107097,21,4,17,2024-12-19 14:56:15
500108107,21,3,17,2024-12-19 17:18:16
500101243,21,3,18,2024-12-19 16:30:16
500101002,21,2,19,2024-12-19 14:34:14
500106011,21,2,19,2024-12-19 16:39:15
500112036,21,2,19,2024-12-19 17:05:17
500106026,21,1,20,2024-12-19 16:38:15
500106026,21,0,21,2024-12-19 15:07:15
500106011,21,21,0,2024-12-19 21:48:17
500112059,21,14,0,2024-12-19 06:07:15
500103036,21,19,1,2024-12-19 08:35:16
500103054,21,20,1,2024-12-19 06:27:15
500107140,21,20,1,2024-12-19 08:17:15
500104019,21,18,2,2024-12-19 05:59:14
500107132,21,19,2,2024-12-19 06:55:16
500107132,21,19,2,2024-12-19 07:14:15
500106133,21,18,3,2024-12-19 06:47:15
500113087,21,15,3,2024-12-19 05:48:14
500104019,21,15,5,2024-12-19 06:26:15
500108041,21,15,5,2024-12-19 08:37:15
500111050,21,16,5,2024-12-19 07:42:15
500107014,21,15,6,2024-12-19 08:27:16
500108098,21,15,6,2024-12-19 08:11:16
500111050,21,15,6,2024-12-19 07:22:15
500113087,21,12,6,2024-12-19 07:12:15
500103054,21,13,8,2024-12-19 07:46:15
500107097,21,13,8,2024-12-19 07:26:14
500111034,21,12,9,2024-12-19 08:26:14
500103054,21,11,10,2024-12-19 08:46:15
500107097,21,11,10,2024-12-19 06:35:15
500108004,21,11,10,2024-12-19 08:29:15
500108035,21,11,10,2024-12-19 07:34:15
500112115,21,11,10,2024-12-19 04:44:14
500101228,21,9,11,2024-12-19 06:55:15
500101228,21,9,11,2024-12-19 07:34:15
500107014,21,10,11,2024-12-19 07:37:15
500108041,21,9,11,2024-12-19 08:23:15
500108076,21,9,11,2024-12-19 08:25:15
500108194,21,10,11,2024-12-19 07:14:15
500112059,21,3,11,2024-12-19 07:15:16
500104022,21,9,12,2024-12-19 07:47:15
500111032,21,9,12,2024-12-19 06:01:14
500113087,21,6,12,2024-12-19 07:35:16
500108162,21,7,13,2024-12-19 07:53:16
500109029,21,8,13,2024-12-19 08:56:16
500111032,21,8,13,2024-12-19 07:15:17
500108041,21,6,14,2024-12-19 08:11:16
500108193,21,7,14,2024-12-19 08:11:16
500109029,21,7,14,2024-12-19 07:54:15
500106023,21,6,15,2024-12-19 08:55:16
500106096,21,6,15,2024-12-19 08:32:15
500106134,21,6,15,2024-12-19 06:48:15
500106134,21,6,15,2024-12-19 07:13:15
500107132,21,6,15,2024-12-19 05:41:15
500107097,21,5,16,2024-12-19 05:48:14
500108076,21,4,16,2024-12-19 07:57:16
500112036,21,5,16,2024-12-19 07:17:14
500104022,21,4,17,2024-12-19 08:23:15
500106023,21,4,17,2024-12-19 07:46:15
500106023,21,3,18,2024-12-19 07:26:15
500108076,21,2,18,2024-12-19 07:14:14
500108076,21,2,18,2024-12-19 08:03:15
500108107,21,2,18,2024-12-19 08:43:14
500101002,21,1,19,2024-12-19 08:42:15
500107129,21,2,19,2024-12-19 06:44:15
500112056,21,2,19,2024-12-19 07:57:16
500104028,21,1,20,2024-12-19 08:16:15
500101243,21,0,21,2024-12-19 08:27:16
500104028,21,8,13,2024-12-19 23:29:14
500107097,21,7,14,2024-12-19 00:07:16
500108004,21,13,8,2024-12-19 00:05:15
500112115,21,18,2,2024-12-19 00:43:15
500101002,21,4,17,2024-12-19 23:43:14
500107129,21,2,19,2024-12-19 22:00:16
500111050,21,7,14,2024-12-19 22:59:15
500103036,21,2,18,2024-12-19 22:30:16
500106023,21,13,8,2024-12-19 23:40:15
500108107,21,17,3,2024-12-19 23:37:14
500101002,21,5,16,2024-12-19 00:49:15
500107140,21,8,13,2024-12-19 22:34:15
500106064,21,11,5,2024-12-19 21:39:15
500112115,21,17,2,2024-12-19 22:31:16
500113087,21,10,9,2024-12-19 21:33:15
500111050,21,10,11,2024-12-19 21:01:15
500101002,21,14,7,2024-12-19 21:34:15
500112036,21,5,16,2024-12-19 03:04:14
500106134,21,7,14,2024-12-19 03:06:14
500104028,21,6,15,2024-12-19 04:25:15
500112087,21,18,3,2024-12-19 04:02:15
500104019,21,19,1,2024-12-19 03:37:14
500103036,21,2,18,2024-12-19 22:08:15
500104022,21,7,14,2024-12-19 21:51:15
500105087,21,11,10,2024-12-19 01:24:14
500106011,21,18,3,2024-12-19 01:23:15
500101228,21,0,21,2024-12-19 21:46:16
500112056,21,1,20,2024-12-19 21:59:15
500111050,21,13,8,2024-12-19 21:59:15
500107097,21,5,16,2024-12-19 00:28:14
500112036,21,8,13,2024-12-19 01:46:14
500112036,21,6,15,2024-12-19 02:25:15
500105087,21,4,17,2024-12-19 04:36:15
500112036,21,2,19,2024-12-19 22:16:15
500104028,21,6,15,2024-12-19 22:10:17
500107140,21,10,11,2024-12-19 22:19:15
500101002,21,7,13,2024-12-19 04:42:14
500108041,21,9,11,2024-12-19 04:40:15
500113087,21,16,2,2024-12-19 04:39:15
500101002,21,9,12,2024-12-19 03:59:14
500103036,21,1,19,2024-12-19 22:20:15
500107132,21,5,16,2024-12-19 22:25:15
500112115,21,11,8,2024-12-19 22:52:15
500104028,21,12,9,2024-12-19 22:57:14
500111034,21,1,20,2024-12-19 23:33:15
500106023,21,14,7,2024-12-19 23:25:16
500107140,21,21,0,2024-12-19 11:58:15
500111050,21,21,0,2024-12-19 10:17:16
500107140,21,19,2,2024-12-19 11:08:15
500101228,21,17,3,2024-12-19 10:00:18
500107158,21,17,4,2024-12-19 09:56:16
500111032,21,17,4,2024-12-19 10:12:15
500107158,21,16,5,2024-12-19 10:03:15
500112115,21,16,5,2024-12-19 12:38:14
500113029,21,16,5,2024-12-19 12:25:16
500108098,21,15,6,2024-12-19 09:32:15
500113029,21,15,6,2024-12-19 10:06:15
500103036,21,13,7,2024-12-19 11:20:17
500108098,21,14,7,2024-12-19 09:41:15
500112115,21,14,7,2024-12-19 12:28:15
500112115,21,14,7,2024-12-19 12:02:16
500113029,21,14,7,2024-12-19 09:22:15
500103054,21,13,8,2024-12-19 10:35:16
500107132,21,11,8,2024-12-19 09:07:15
500108035,21,12,9,2024-12-19 10:06:15
500113087,21,12,9,2024-12-19 10:35:16
500107122,21,10,11,2024-12-19 10:56:14
500108086,21,10,11,2024-12-19 10:41:15
500108086,21,10,11,2024-12-19 11:01:17
500108194,21,10,11,2024-12-19 09:37:16
500103054,21,9,12,2024-12-19 11:25:15
500108194,21,9,12,2024-12-19 09:52:15
500109029,21,9,12,2024-12-19 12:54:15
500112056,21,9,12,2024-12-19 10:57:15
500104028,21,8,13,2024-12-19 11:16:15
500104028,21,8,13,2024-12-19 10:33:15
500106011,21,8,13,2024-12-19 09:08:15
500107132,21,6,13,2024-12-19 09:54:15
500104048,21,4,14,2024-12-19 11:57:16
500107122,21,6,15,2024-12-19 12:18:15
500107132,21,4,15,2024-12-19 09:09:15
500107132,21,4,15,2024-12-19 09:39:15
500108098,21,6,15,2024-12-19 10:51:16
500113087,21,6,15,2024-12-19 12:18:15
500101243,21,5,16,2024-12-19 11:36:15
500101243,21,5,16,2024-12-19 10:33:15
500108098,21,5,16,2024-12-19 12:05:17
500108193,21,5,16,2024-12-19 12:57:15
500108194,21,5,16,2024-12-19 10:56:15
500112059,21,4,16,2024-12-19 09:06:15
500101243,21,4,17,2024-12-19 11:16:14
500106023,21,4,17,2024-12-19 12:14:16
500106023,21,4,17,2024-12-19 10:54:15
500106023,21,4,17,2024-12-19 11:05:17
500107122,21,4,17,2024-12-19 11:53:16
500112087,21,4,17,2024-12-19 10:19:15
500101002,21,2,18,2024-12-19 11:17:15
500107097,21,3,18,2024-12-19 11:47:16
500108107,21,2,18,2024-12-19 09:21:15
500112087,21,3,18,2024-12-19 10:05:16
500101243,21,2,19,2024-12-19 12:35:16
500106023,21,2,19,2024-12-19 11:38:15
500106134,21,2,19,2024-12-19 12:24:16
500107097,21,2,19,2024-12-19 09:57:15
500108004,21,2,19,2024-12-19 10:01:16
500108107,21,1,19,2024-12-19 10:07:16
500112036,21,2,19,2024-12-19 09:31:15
500112059,21,1,19,2024-12-19 09:17:15
500104019,21,0,20,2024-12-19 10:50:18
500106064,21,1,20,2024-12-19 09:54:15
500107097,21,1,20,2024-12-19 12:39:15
500108004,21,1,20,2024-12-19 12:02:15
500101243,21,0,21,2024-12-19 09:08:16
500112115,21,0,21,2024-12-19 09:28:16
500101002,21,21,0,2024-12-19 17:53:16
500103054,21,21,0,2024-12-19 19:33:15
500112115,21,19,0,2024-12-19 19:28:15
500112115,21,17,1,2024-12-19 20:06:15
500112115,21,14,4,2024-12-19 19:58:14
500104028,21,16,5,2024-12-19 17:21:15
500107014,21,16,5,2024-12-19 20:12:14
500101228,21,15,6,2024-12-19 18:29:16
500101228,21,15,6,2024-12-19 18:38:15
500107132,21,12,6,2024-12-19 17:20:16
500104028,21,14,7,2024-12-19 17:45:16
500106064,21,14,7,2024-12-19 19:18:15
500108086,21,14,7,2024-12-19 19:00:18
500112115,21,11,7,2024-12-19 19:38:15
500106011,21,13,8,2024-12-19 18:06:15
500104028,21,12,9,2024-12-19 20:28:15
500108098,21,12,9,2024-12-19 19:14:16
500112115,21,10,9,2024-12-19 21:08:15
500103036,21,10,10,2024-12-19 18:44:16
500104019,21,9,10,2024-12-19 19:45:16
500108098,21,11,10,2024-12-19 19:26:14
500108126,21,11,10,2024-12-19 13:48:16
500103036,21,9,11,2024-12-19 19:15:16
500106011,21,10,11,2024-12-19 18:58:16
500106064,21,10,11,2024-12-19 17:26:14
500106096,21,10,11,2024-12-19 18:20:17
500108193,21,10,11,2024-12-19 18:51:16
500112059,21,10,11,2024-12-19 20:08:15
500104019,21,9,12,2024-12-19 17:19:15
500108065,21,8,12,2024-12-19 17:27:16
500108162,21,8,12,2024-12-19 15:35:16
500109029,21,9,12,2024-12-19 18:55:17
500112115,21,7,12,2024-12-19 17:37:16
500107014,21,6,13,2024-12-19 18:40:17
500107122,21,8,13,2024-12-19 18:08:16
500108004,21,8,13,2024-12-19 19:19:15
500109029,21,8,13,2024-12-19 18:17:15
500111050,21,8,13,2024-12-19 20:48:15
500112059,21,8,13,2024-12-19 19:38:14
500106133,21,7,14,2024-12-19 19:56:16
500108193,21,7,14,2024-12-19 18:12:15
500108041,21,5,15,2024-12-19 18:18:16
500108098,21,6,15,2024-12-19 20:28:15
500108098,21,6,15,2024-12-19 17:10:17
500108107,21,5,15,2024-12-19 17:56:15
500111032,21,6,15,2024-12-19 20:32:15
500107129,21,5,16,2024-12-19 20:28:15
500108004,21,5,16,2024-12-19 18:22:15
500108107,21,4,16,2024-12-19 18:46:15
500111034,21,5,16,2024-12-19 17:12:15
500104028,21,4,17,2024-12-19 19:29:14
500107129,21,4,17,2024-12-19 20:13:15
500108098,21,4,17,2024-12-19 21:03:15
500108107,21,3,17,2024-12-19 18:29:16
500112036,21,4,17,2024-12-19 20:11:16
500101243,21,3,18,2024-12-19 18:14:15
500105087,21,3,18,2024-12-19 20:35:15
500106023,21,3,18,2024-12-19 20:06:15
500106134,21,3,18,2024-12-19 17:45:16
500107122,21,3,18,2024-12-19 18:48:15
500112056,21,3,18,2024-12-19 20:13:15
500112056,21,3,18,2024-12-19 19:18:16
500101243,21,2,19,2024-12-19 19:29:15
500107122,21,2,19,2024-12-19 18:18:16
500107129,21,2,19,2024-12-19 18:06:15
500108076,21,2,19,2024-12-19 18:37:15
500112056,21,2,19,2024-12-19 20:26:16
500112056,21,2,19,2024-12-19 19:48:15
500112056,21,2,19,2024-12-19 20:58:14
500101243,21,1,20,2024-12-19 17:56:16
500107122,21,1,20,2024-12-19 20:12:15
500107122,21,1,20,2024-12-19 19:38:15
500108076,21,1,20,2024-12-19 19:16:15
500112036,21,1,20,2024-12-19 19:28:15
500112036,21,1,20,2024-12-19 20:51:16
500101243,21,0,21,2024-12-19 19:39:16
500107122,21,0,21,2024-12-19 19:27:16
500103054,21,20,1,2024-12-19 13:21:16
500103054,21,20,1,2024-12-19 15:26:15
500101228,21,19,2,2024-12-19 16:31:15
500103054,21,18,3,2024-12-19 14:45:15
500104028,21,18,3,2024-12-19 16:41:15
500107140,21,18,3,2024-12-19 17:08:16
500107132,21,10,4,2024-12-19 13:31:15
500113029,21,17,4,2024-12-19 14:41:15
500107014,21,12,5,2024-12-19 15:21:15
500107140,21,16,5,2024-12-19 16:24:15
500107014,21,11,6,2024-12-19 15:16:15
500107140,21,15,6,2024-12-19 14:43:15
500108041,21,14,6,2024-12-19 17:18:16
500112115,21,15,6,2024-12-19 15:44:14
500107132,21,11,7,2024-12-19 17:18:16
500107014,21,8,9,2024-12-19 17:18:16
500101002,21,11,10,2024-12-19 16:25:16
500103036,21,10,10,2024-12-19 14:03:16
500101002,21,10,11,2024-12-19 16:10:16
500103036,21,9,11,2024-12-19 13:36:16
500107132,21,6,12,2024-12-19 16:38:14
500112056,21,9,12,2024-12-19 14:07:15
500112059,21,8,13,2024-12-19 17:16:16
500108076,21,6,14,2024-12-19 15:42:15
500108076,21,7,14,2024-12-19 16:21:15
500105087,21,6,15,2024-12-19 16:35:15
500106133,21,6,15,2024-12-19 16:18:16
500107097,21,5,16,2024-12-19 16:56:15
500107097,21,5,16,2024-12-19 15:27:15
500108098,21,5,16,2024-12-19 16:58:15
500113087,21,5,16,2024-12-19 13:22:15
500106023,21,4,17,2024-12-19 15:42:15
500106133,21,4,17,2024-12-19 15:24:15
500111050,21,4,17,2024-12-19 17:08:16
500101002,21,3,18,2024-12-19 13:49:15
500101002,21,3,18,2024-12-19 14:51:15
500101243,21,3,18,2024-12-19 14:07:16
500106096,21,3,18,2024-12-19 16:08:16
500106096,21,3,18,2024-12-19 13:56:15
500108004,21,3,18,2024-12-19 15:51:15
500101243,21,2,19,2024-12-19 15:19:15
500106023,21,2,19,2024-12-19 16:16:15
500112059,21,1,19,2024-12-19 14:41:15
500106026,21,1,20,2024-12-19 17:17:16
500112056,21,0,21,2024-12-19 17:07:15
500106134,21,2,19,2024-12-19 21:48:16
500112036,21,2,19,2024-12-19 21:49:15
500103036,21,20,0,2024-12-19 08:46:16
500107122,21,21,0,2024-12-19 06:36:14
500111050,21,21,0,2024-12-19 08:13:15
500107122,21,20,1,2024-12-19 06:55:16
500107132,21,18,1,2024-12-19 08:56:16
500107122,21,18,3,2024-12-19 07:57:16
500111050,21,17,4,2024-12-19 08:02:15
500112087,21,17,4,2024-12-19 06:47:15
500113087,21,13,5,2024-12-19 06:05:15
500106011,21,15,6,2024-12-19 07:57:16
500108076,21,14,6,2024-12-19 08:34:15
500106096,21,13,8,2024-12-19 07:56:15
500103036,21,11,9,2024-12-19 07:47:15
500106011,21,12,9,2024-12-19 08:21:16
500106011,21,12,9,2024-12-19 05:33:15
500106064,21,12,9,2024-12-19 07:30:16
500107014,21,12,9,2024-12-19 08:16:15
500108004,21,12,9,2024-12-19 06:29:15
500108098,21,12,9,2024-12-19 08:02:15
500111034,21,11,10,2024-12-19 07:52:15
500112056,21,11,10,2024-12-19 08:57:14
500108193,21,10,11,2024-12-19 07:31:16
500106096,21,9,12,2024-12-19 04:49:15
500106096,21,8,13,2024-12-19 05:42:15
500108086,21,8,13,2024-12-19 07:06:15
500108098,21,8,13,2024-12-19 07:11:15
500111034,21,8,13,2024-12-19 07:37:15
500112087,21,8,13,2024-12-19 08:40:16
500104048,21,5,14,2024-12-19 06:54:16
500106023,21,7,14,2024-12-19 08:26:14
500107097,21,7,14,2024-12-19 06:04:14
500108041,21,6,14,2024-12-19 07:59:15
500104022,21,6,15,2024-12-19 06:56:14
500107129,21,6,15,2024-12-19 08:01:15
500107140,21,6,15,2024-12-19 06:40:16
500108004,21,6,15,2024-12-19 08:55:16
500109029,21,6,15,2024-12-19 08:05:16
500111034,21,6,15,2024-12-19 06:54:16
500104028,21,4,17,2024-12-19 05:52:15
500108035,21,4,17,2024-12-19 08:37:15
500112036,21,4,17,2024-12-19 06:56:15
500101002,21,2,18,2024-12-19 08:15:16
500104028,21,3,18,2024-12-19 08:35:16
500112036,21,3,18,2024-12-19 08:03:15
500112056,21,3,18,2024-12-19 06:31:15
500104028,21,2,19,2024-12-19 07:09:15
500105087,21,2,19,2024-12-19 07:33:15
500107097,21,2,19,2024-12-19 08:57:15
500112036,21,2,19,2024-12-19 08:27:16
500112056,21,2,19,2024-12-19 04:59:14
500112115,21,2,19,2024-12-19 08:03:15
500107097,21,1,20,2024-12-19 08:37:15
500101243,21,0,21,2024-12-19 08:09:17
500107129,21,2,19,2024-12-19 00:29:15
500112036,21,8,13,2024-12-19 00:47:15
500108004,21,3,18,2024-12-19 23:48:14
500109029,21,12,9,2024-12-19 21:43:15
500113029,21,15,4,2024-12-19 22:07:15
500108194,21,6,15,2024-12-19 23:54:15
500112115,21,4,15,2024-12-19 23:31:15
500104028,21,4,17,2024-12-19 01:16:15
500106023,21,7,14,2024-12-19 00:43:15
500113029,21,18,3,2024-12-19 00:15:16
500108004,21,5,16,2024-12-19 22:03:15
500103054,21,15,5,2024-12-19 23:01:15
500112036,21,1,20,2024-12-19 22:28:15
500106133,21,7,14,2024-12-19 22:06:15
500108194,21,7,14,2024-12-19 22:13:15
500101002,21,11,10,2024-12-19 22:37:15
500106011,21,18,3,2024-12-19 22:36:15
500107097,21,1,20,2024-12-19 21:15:17
500112036,21,1,20,2024-12-19 21:27:15
500108076,21,2,19,2024-12-19 21:09:15
500103036,21,4,16,2024-12-19 21:34:15
500113029,21,13,6,2024-12-19 21:37:15
500111050,21,9,12,2024-12-19 02:34:15
500112115,21,10,10,2024-12-19 03:07:15
500106026,21,16,5,2024-12-19 02:05:16
500107014,21,5,16,2024-12-19 04:27:14
500107122,21,1,20,2024-12-19 22:06:14
500111034,21,3,18,2024-12-19 21:47:15
500108086,21,5,14,2024-12-19 21:40:15
500107132,21,13,8,2024-12-19 21:57:15
500107140,21,2,19,2024-12-19 03:31:14
500107014,21,1,20,2024-12-19 00:46:15
500103054,21,17,4,2024-12-19 01:35:15
500106096,21,9,12,2024-12-19 02:14:15
500106133,21,6,15,2024-12-19 22:44:14
500107140,21,7,14,2024-12-19 22:41:15
500106096,21,11,10,2024-12-19 22:47:15
500113087,21,11,8,2024-12-19 22:10:17
500107014,21,4,17,2024-12-19 04:42:14
500107122,21,2,19,2024-12-19 22:25:16
500101002,21,8,13,2024-12-19 22:56:15
500106011,21,20,1,2024-12-19 22:58:15
500108194,21,7,14,2024-12-19 23:26:15
500108107,21,16,4,2024-12-19 23:23:14
500101228,21,20,0,2024-12-19 09:04:16
500101228,21,20,0,2024-12-19 09:33:15
500106133,21,21,0,2024-12-19 08:18:15
500111050,21,21,0,2024-12-19 10:28:16
500103036,21,19,1,2024-12-19 09:00:20
500103054,21,18,3,2024-12-19 12:35:16
500108076,21,17,3,2024-12-19 12:18:15
500107014,21,10,5,2024-12-19 12:25:15
500107014,21,10,5,2024-12-19 11:56:16
500108076,21,15,5,2024-12-19 09:43:15
500111032,21,16,5,2024-12-19 12:19:16
500113087,21,16,5,2024-12-19 08:50:16
500103036,21,14,6,2024-12-19 11:36:15
500113087,21,15,6,2024-12-19 09:45:15
500107014,21,10,7,2024-12-19 11:07:16
500107122,21,14,7,2024-12-19 09:42:14
500108076,21,13,7,2024-12-19 09:37:15
500111050,21,14,7,2024-12-19 11:39:15
500113087,21,14,7,2024-12-19 09:59:16
500108126,21,12,9,2024-12-19 12:08:15
500111034,21,12,9,2024-12-19 09:59:16
500106023,21,11,10,2024-12-19 09:32:15
500108098,21,10,11,2024-12-19 12:26:15
500104028,21,9,12,2024-12-19 13:05:16
500106023,21,9,12,2024-12-19 09:14:15
500107158,21,9,12,2024-12-19 12:27:15
500109029,21,9,12,2024-12-19 09:27:15
500107014,21,5,13,2024-12-19 09:35:16
500107122,21,8,13,2024-12-19 11:11:15
500107132,21,6,13,2024-12-19 09:25:16
500101002,21,6,14,2024-12-19 12:28:15
500106023,21,7,14,2024-12-19 09:57:15
500106026,21,7,14,2024-12-19 09:07:15
500107129,21,7,14,2024-12-19 12:03:15
500108086,21,7,14,2024-12-19 12:16:15
500101243,21,6,15,2024-12-19 10:54:15
500104048,21,3,15,2024-12-19 07:11:15
500107097,21,6,15,2024-12-19 10:34:15
500112056,21,6,15,2024-12-19 12:06:16
500112056,21,5,16,2024-12-19 11:36:15
500112056,21,5,16,2024-12-19 11:17:15
500101243,21,4,17,2024-12-19 10:18:15
500106011,21,4,17,2024-12-19 10:29:15
500108098,21,4,17,2024-12-19 11:38:15
500104019,21,3,18,2024-12-19 11:59:16
500104019,21,3,18,2024-12-19 11:24:15
500106026,21,3,18,2024-12-19 09:40:16
500106134,21,3,18,2024-12-19 09:17:16
500108193,21,3,18,2024-12-19 11:54:15
500112059,21,2,18,2024-12-19 12:58:15
500101002,21,1,19,2024-12-19 09:25:17
500101243,21,2,19,2024-12-19 12:19:16
500104019,21,1,19,2024-12-19 09:27:15
500104019,21,1,19,2024-12-19 11:16:16
500108004,21,2,19,2024-12-19 11:14:15
500112036,21,2,19,2024-12-19 12:27:15
500112059,21,1,19,2024-12-19 09:57:15
500101002,21,0,20,2024-12-19 10:10:18
500104019,21,0,20,2024-12-19 10:18:15
500107097,21,1,20,2024-12-19 11:27:15
500101243,21,0,21,2024-12-19 09:07:16
500106026,21,0,21,2024-12-19 12:42:15
500106064,21,0,21,2024-12-19 10:02:15
500112036,21,0,21,2024-12-19 10:25:15
500112115,21,0,21,2024-12-19 11:03:15
500101002,21,21,0,2024-12-19 17:28:16
500101002,21,21,0,2024-12-19 18:08:16
500101002,21,20,1,2024-12-19 17:38:16
500106096,21,20,1,2024-12-19 20:43:14
500112059,21,20,1,2024-12-19 21:15:16
500106096,21,19,2,2024-12-19 20:29:15
500101002,21,18,3,2024-12-19 21:09:16
500101228,21,18,3,2024-12-19 18:05:15
500112115,21,16,3,2024-12-19 21:20:16
500103054,21,16,5,2024-12-19 19:08:15
500103054,21,16,5,2024-12-19 18:37:15
500107014,21,16,5,2024-12-19 20:35:16
500101228,21,15,6,2024-12-19 19:11:15
500101228,21,15,6,2024-12-19 19:49:15
500106096,21,15,6,2024-12-19 19:36:15
500112115,21,12,6,2024-12-19 19:46:15
500104028,21,14,7,2024-12-19 21:17:14
500106011,21,14,7,2024-12-19 20:02:15
500106096,21,14,7,2024-12-19 19:29:15
500107014,21,14,7,2024-12-19 20:29:15
500108107,21,13,7,2024-12-19 20:22:14
500107122,21,13,8,2024-12-19 17:34:15
500107132,21,10,8,2024-12-19 18:04:16
500108086,21,12,9,2024-12-19 18:17:15
500108086,21,12,9,2024-12-19 18:44:16
500106064,21,6,10,2024-12-19 21:03:14
500106096,21,11,10,2024-12-19 18:53:15
500108041,21,10,10,2024-12-19 17:49:15
500113029,21,9,10,2024-12-19 17:43:15
500106064,21,5,11,2024-12-19 20:56:15
500108098,21,10,11,2024-12-19 18:46:15
500112115,21,8,11,2024-12-19 17:49:15
500112115,21,8,11,2024-12-19 20:48:15
500101002,21,9,12,2024-12-19 19:59:16
500104019,21,9,12,2024-12-19 17:56:16
500108035,21,9,12,2024-12-19 17:34:15
500108086,21,9,12,2024-12-19 17:38:16
500108098,21,9,12,2024-12-19 19:43:15
500111050,21,9,12,2024-12-19 20:58:14
500113029,21,7,12,2024-12-19 17:12:15
500113029,21,7,12,2024-12-19 18:40:16
500104019,21,8,13,2024-12-19 18:04:16
500105087,21,8,13,2024-12-19 17:57:15
500107122,21,8,13,2024-12-19 17:55:17
500107158,21,8,13,2024-12-19 18:06:15
500108107,21,7,13,2024-12-19 19:59:16
500108193,21,8,13,2024-12-19 18:35:16
500109029,21,8,13,2024-12-19 19:49:15
500105087,21,7,14,2024-12-19 18:06:15
500106023,21,7,14,2024-12-19 21:09:16
500108107,21,6,14,2024-12-19 17:40:17
500112036,21,7,14,2024-12-19 18:48:15
500108004,21,6,15,2024-12-19 18:44:15
500108107,21,5,15,2024-12-19 17:30:16
500104022,21,5,16,2024-12-19 18:40:20
500104022,21,5,16,2024-12-19 18:38:16
500106096,21,5,16,2024-12-19 17:36:15
500107097,21,5,16,2024-12-19 17:55:17
500108194,21,5,16,2024-12-19 17:37:16
500112056,21,5,16,2024-12-19 17:53:15
500107097,21,4,17,2024-12-19 20:08:15
500107097,21,4,17,2024-12-19 18:59:14
500108194,21,4,17,2024-12-19 18:18:15
500112036,21,4,17,2024-12-19 20:26:16
500112036,21,4,17,2024-12-19 18:58:16
500107140,21,3,18,2024-12-19 19:18:15
500108076,21,3,18,2024-12-19 17:38:16
500108076,21,3,18,2024-12-19 18:44:16
500104048,21,1,19,2024-12-19 14:19:15
500111050,21,2,19,2024-12-19 20:12:14
500111050,21,2,19,2024-12-19 18:59:14
500106011,21,1,20,2024-12-19 17:28:15
500106023,21,1,20,2024-12-19 18:44:15
500106133,21,1,20,2024-12-19 17:38:16
500108076,21,1,20,2024-12-19 19:29:16
500111050,21,1,20,2024-12-19 18:14:15
500112087,21,1,20,2024-12-19 20:12:15
500106133,21,0,21,2024-12-19 17:46:16
500107140,21,0,21,2024-12-19 20:47:16
500103054,21,17,3,2024-12-19 13:41:15
500111032,21,18,3,2024-12-19 17:01:16
500107014,21,13,4,2024-12-19 15:42:15
500107140,21,17,4,2024-12-19 15:14:15
500111032,21,17,4,2024-12-19 16:54:16
500111032,21,16,5,2024-12-19 17:16:16
500112115,21,16,5,2024-12-19 14:53:15
500107140,21,14,7,2024-12-19 13:27:15
500107122,21,13,8,2024-12-19 14:07:16
500111050,21,13,8,2024-12-19 14:50:16
500107014,21,8,9,2024-12-19 13:28:15
500107014,21,8,9,2024-12-19 13:48:16
500111050,21,11,10,2024-12-19 16:06:15
500107122,21,10,11,2024-12-19 14:26:15
500107158,21,10,11,2024-12-19 15:31:15
500108035,21,10,11,2024-12-19 16:18:16
500105087,21,9,12,2024-12-19 17:16:16
500106064,21,9,12,2024-12-19 17:04:15
500107129,21,9,12,2024-12-19 13:39:16
500108086,21,8,13,2024-12-19 15:23:15
500112056,21,8,13,2024-12-19 13:46:16
500104019,21,7,14,2024-12-19 15:50:15
500106023,21,7,14,2024-12-19 14:07:16
500105087,21,6,15,2024-12-19 16:54:16
500107097,21,6,15,2024-12-19 13:35:15
500107097,21,6,15,2024-12-19 14:33:16
500108107,21,5,15,2024-12-19 16:59:15
500108107,21,5,15,2024-12-19 13:59:15
500106023,21,5,16,2024-12-19 15:08:14
500112059,21,5,16,2024-12-19 16:23:15
500112059,21,5,16,2024-12-19 16:36:15
500106133,21,4,17,2024-12-19 15:08:16
500108004,21,4,17,2024-12-19 16:11:15
500108194,21,4,17,2024-12-19 16:49:15
500107122,21,3,18,2024-12-19 16:58:15
500108194,21,3,18,2024-12-19 13:55:16
500112056,21,3,18,2024-12-19 17:17:16
500112087,21,3,18,2024-12-19 16:58:15
500106023,21,2,19,2024-12-19 17:18:15
500106026,21,2,19,2024-12-19 14:20:20
500107095,21,1,20,2024-12-19 14:10:16
500107132,21,21,0,2024-12-19 07:26:14
500101228,21,19,1,2024-12-19 08:37:15
500101228,21,19,1,2024-12-19 08:47:15
500103054,21,20,1,2024-12-19 05:39:15
500108041,21,19,1,2024-12-19 08:45:16
500107122,21,19,2,2024-12-19 08:27:16
500107122,21,18,3,2024-12-19 08:47:15
500112087,21,17,4,2024-12-19 06:35:15
500113087,21,17,4,2024-12-19 08:27:16
500103036,21,15,5,2024-12-19 07:55:17
500107132,21,16,5,2024-12-19 06:47:15
500111050,21,16,5,2024-12-19 07:35:16
500113087,21,16,5,2024-12-19 08:33:16
500106011,21,15,6,2024-12-19 06:10:16
500107097,21,15,6,2024-12-19 07:32:15
500108098,21,15,6,2024-12-19 08:27:16
500112059,21,8,6,2024-12-19 06:53:15
500106011,21,14,7,2024-12-19 07:22:15
500103036,21,12,8,2024-12-19 07:32:15
500108098,21,13,8,2024-12-19 08:56:16
500113029,21,13,8,2024-12-19 07:13:15
500104022,21,12,9,2024-12-19 07:27:15
500106096,21,12,9,2024-12-19 07:59:15
500107014,21,12,9,2024-12-19 08:36:15
500108041,21,11,9,2024-12-19 07:11:15
500108193,21,12,9,2024-12-19 06:39:15
500107014,21,11,10,2024-12-19 07:14:15
500107122,21,11,10,2024-12-19 06:16:15
500108004,21,10,11,2024-12-19 07:46:15
500108107,21,9,11,2024-12-19 08:19:15
500111032,21,10,11,2024-12-19 06:36:14
500107140,21,9,12,2024-12-19 06:56:15
500108098,21,9,12,2024-12-19 07:26:15
500112059,21,2,12,2024-12-19 07:21:15
500112115,21,9,12,2024-12-19 05:33:15
500101002,21,7,13,2024-12-19 07:26:15
500111034,21,8,13,2024-12-19 07:44:15
500112087,21,8,13,2024-12-19 08:20:17
500112115,21,8,13,2024-12-19 06:50:16
500104022,21,7,14,2024-12-19 06:45:16
500107014,21,7,14,2024-12-19 06:07:15
500108086,21,7,14,2024-12-19 07:26:15
500108193,21,7,14,2024-12-19 08:47:15
500109029,21,7,14,2024-12-19 08:45:16
500104048,21,4,15,2024-12-19 05:09:15
500107132,21,4,15,2024-12-19 07:47:15
500107132,21,6,15,2024-12-19 06:07:15
500108035,21,6,15,2024-12-19 08:26:15
500108107,21,5,15,2024-12-19 08:35:16
500104022,21,5,16,2024-12-19 08:13:15
500107014,21,5,16,2024-12-19 05:43:14
500112056,21,5,16,2024-12-19 08:27:16
500101243,21,4,17,2024-12-19 07:56:15
500104028,21,4,17,2024-12-19 06:36:14
500106096,21,4,17,2024-12-19 06:22:14
500108041,21,3,17,2024-12-19 07:46:15
500101002,21,2,18,2024-12-19 08:27:16
500101002,21,2,18,2024-12-19 08:34:15
500112056,21,3,18,2024-12-19 06:51:15
500112056,21,3,18,2024-12-19 07:25:15
500104028,21,2,19,2024-12-19 07:56:15
500101243,21,0,21,2024-12-19 08:29:16
500112036,21,0,21,2024-12-19 08:10:19
500101002,21,8,13,2024-12-19 23:20:16
500112115,21,9,10,2024-12-19 23:29:14
500106134,21,5,16,2024-12-19 00:43:15
500112059,21,10,4,2024-12-19 00:13:15
500111050,21,7,14,2024-12-19 00:18:14
500112059,21,14,2,2024-12-19 00:07:16
500108076,21,3,18,2024-12-19 22:50:16
500105087,21,4,17,2024-12-19 23:42:15
500104048,21,12,8,2024-12-19 20:07:15
500108086,21,6,13,2024-12-19 22:21:14
500107132,21,5,16,2024-12-19 00:56:14
500106134,21,6,15,2024-12-19 01:01:14
500107122,21,0,21,2024-12-19 23:16:15
500107140,21,8,13,2024-12-19 23:12:15
500112115,21,9,10,2024-12-19 23:19:15
500106026,21,4,17,2024-12-19 22:04:15
500111050,21,16,5,2024-12-19 22:22:15
500112059,21,21,0,2024-12-19 22:12:16
500107140,21,4,17,2024-12-19 21:39:15
500108004,21,7,14,2024-12-19 21:12:14
500108065,21,9,11,2024-12-19 19:14:16
500104019,21,10,9,2024-12-19 21:33:16
500107132,21,14,7,2024-12-19 21:38:16
500101228,21,5,16,2024-12-19 02:57:14
500106096,21,10,11,2024-12-19 03:01:16
500113029,21,12,9,2024-12-19 01:28:14
500108193,21,13,8,2024-12-19 01:51:14
500103054,21,18,3,2024-12-19 03:47:14
500112087,21,4,17,2024-12-19 21:48:16
500107014,21,8,13,2024-12-19 22:07:15
500101002,21,9,12,2024-12-19 22:06:15
500107097,21,3,18,2024-12-19 01:21:15
500107014,21,7,14,2024-12-19 21:42:15
500112059,21,19,2,2024-12-19 21:57:15
500112115,21,12,9,2024-12-19 03:16:15
500104028,21,6,15,2024-12-19 23:52:14
500101228,21,4,17,2024-12-19 01:53:15
500111050,21,14,7,2024-12-19 22:49:15
500112087,21,3,17,2024-12-19 22:53:15
500104048,21,4,15,2024-12-19 04:38:14
500108076,21,7,13,2024-12-19 04:42:14
500112115,21,15,4,2024-12-19 22:26:15
500112056,21,4,17,2024-12-19 22:53:15
500111050,21,21,0,2024-12-19 09:06:17
500107140,21,20,1,2024-12-19 09:07:15
500107140,21,20,1,2024-12-19 10:16:15
500101228,21,19,2,2024-12-19 11:06:15
500107140,21,18,3,2024-12-19 09:09:15
500108041,21,17,3,2024-12-19 09:17:16
500108076,21,17,3,2024-12-19 11:31:14
500108076,21,17,3,2024-12-19 09:53:15
500113029,21,17,4,2024-12-19 12:18:15
500108041,21,15,5,2024-12-19 12:33:15
500113029,21,16,5,2024-12-19 10:53:16
500103054,21,15,6,2024-12-19 09:46:16
500108041,21,14,6,2024-12-19 11:47:16
500103054,21,14,7,2024-12-19 09:53:15
500107158,21,14,7,2024-12-19 10:28:15
500105087,21,13,8,2024-12-19 10:17:15
500107158,21,13,8,2024-12-19 10:51:16
500103036,21,11,9,2024-12-19 12:49:15
500107122,21,12,9,2024-12-19 12:37:15
500108098,21,12,9,2024-12-19 09:48:15
500104028,21,11,10,2024-12-19 12:38:15
500105087,21,11,10,2024-12-19 09:07:15
500107122,21,10,10,2024-12-19 09:57:15
500109029,21,10,11,2024-12-19 10:19:16
500105087,21,9,12,2024-12-19 12:51:15
500107014,21,5,12,2024-12-19 12:45:16
500107122,21,9,12,2024-12-19 12:07:16
500107129,21,9,12,2024-12-19 10:19:16
500108098,21,9,12,2024-12-19 10:14:15
500112056,21,9,12,2024-12-19 10:37:16
500104048,21,5,13,2024-12-19 09:48:15
500107097,21,8,13,2024-12-19 10:47:16
500104048,21,4,14,2024-12-19 09:26:15
500108098,21,7,14,2024-12-19 12:57:15
500113087,21,7,14,2024-12-19 11:36:15
500106011,21,6,15,2024-12-19 09:21:15
500106064,21,6,15,2024-12-19 11:36:15
500101002,21,4,16,2024-12-19 12:59:16
500106023,21,5,16,2024-12-19 12:27:15
500106023,21,5,16,2024-12-19 13:05:15
500108065,21,4,16,2024-12-19 11:02:15
500112056,21,5,16,2024-12-19 11:45:15
500112087,21,5,16,2024-12-19 09:18:15
500104019,21,4,17,2024-12-19 13:06:14
500106026,21,4,17,2024-12-19 10:05:16
500107097,21,4,17,2024-12-19 10:25:16
500112059,21,3,17,2024-12-19 12:06:16
500113087,21,4,17,2024-12-19 13:07:15
500106011,21,3,18,2024-12-19 10:59:15
500106023,21,3,18,2024-12-19 10:25:15
500107095,21,3,18,2024-12-19 08:24:15
500107097,21,3,18,2024-12-19 12:07:16
500104028,21,2,19,2024-12-19 09:45:15
500106096,21,2,19,2024-12-19 09:36:15
500112036,21,2,19,2024-12-19 12:31:15
500112087,21,2,19,2024-12-19 12:38:15
500104019,21,0,20,2024-12-19 08:23:15
500106096,21,1,20,2024-12-19 09:47:15
500106133,21,1,20,2024-12-19 12:26:15
500106134,21,1,20,2024-12-19 08:55:16
500108004,21,1,20,2024-12-19 11:03:15
500108035,21,1,20,2024-12-19 08:53:15
500108004,21,0,21,2024-12-19 11:47:16
500112036,21,0,21,2024-12-19 04:16:14
500112115,21,18,1,2024-12-19 19:14:16
500101002,21,19,2,2024-12-19 18:47:16
500103054,21,17,4,2024-12-19 18:47:15
500104019,21,17,4,2024-12-19 19:27:15
500107014,21,17,4,2024-12-19 19:35:16
500101002,21,16,5,2024-12-19 20:53:15
500103054,21,16,5,2024-12-19 19:48:16
500107014,21,13,6,2024-12-19 17:38:16
500107132,21,12,6,2024-12-19 17:43:16
500106064,21,14,7,2024-12-19 18:40:17
500111032,21,14,7,2024-12-19 18:28:16
500112059,21,14,7,2024-12-19 20:39:16
500112059,21,14,7,2024-12-19 20:45:16
500103054,21,13,8,2024-12-19 20:56:15
500106064,21,8,8,2024-12-19 21:15:15
500101002,21,12,9,2024-12-19 20:35:16
500106064,21,12,9,2024-12-19 17:36:15
500108107,21,11,9,2024-12-19 20:13:15
500112115,21,10,9,2024-12-19 18:13:16
500113029,21,10,9,2024-12-19 18:15:17
500104019,21,11,10,2024-12-19 18:53:15
500108107,21,10,10,2024-12-19 21:13:16
500112115,21,9,10,2024-12-19 18:07:16
500113087,21,9,10,2024-12-19 21:12:15
500104019,21,10,11,2024-12-19 18:16:16
500104019,21,10,11,2024-12-19 18:46:15
500106011,21,10,11,2024-12-19 18:29:16
500113087,21,10,11,2024-12-19 17:25:16
500101002,21,9,12,2024-12-19 20:13:15
500109029,21,9,12,2024-12-19 20:36:15
500112059,21,9,12,2024-12-19 17:58:16
500103036,21,7,13,2024-12-19 17:19:15
500106064,21,3,13,2024-12-19 20:33:15
500106096,21,8,13,2024-12-19 17:44:15
500108162,21,7,13,2024-12-19 19:38:15
500112036,21,8,13,2024-12-19 18:18:16
500103036,21,6,14,2024-12-19 18:38:16
500108086,21,5,14,2024-12-19 20:13:15
500108098,21,7,14,2024-12-19 17:55:17
500113087,21,5,14,2024-12-19 19:38:15
500112036,21,6,15,2024-12-19 19:48:15
500103054,21,5,16,2024-12-19 19:59:15
500107122,21,4,17,2024-12-19 20:58:15
500107140,21,4,17,2024-12-19 19:29:15
500107140,21,4,17,2024-12-19 18:15:17
500106134,21,3,18,2024-12-19 19:14:16
500111050,21,3,18,2024-12-19 18:28:16
500112036,21,3,18,2024-12-19 17:28:15
500101243,21,2,19,2024-12-19 18:26:16
500106026,21,2,19,2024-12-19 19:27:15
500106134,21,2,19,2024-12-19 18:49:16
500107129,21,2,19,2024-12-19 18:31:15
500101243,21,1,20,2024-12-19 20:08:14
500101243,21,1,20,2024-12-19 21:16:15
500106023,21,1,20,2024-12-19 18:56:15
500106026,21,1,20,2024-12-19 21:20:19
500107140,21,1,20,2024-12-19 21:20:16
500106133,21,0,21,2024-12-19 19:26:16
500107095,21,0,21,2024-12-19 17:11:17
500108076,21,0,21,2024-12-19 19:33:15
500101228,21,20,1,2024-12-19 13:11:16
500107014,21,16,1,2024-12-19 16:58:15
500112115,21,20,1,2024-12-19 17:07:15
500101228,21,18,3,2024-12-19 16:25:16
500103054,21,18,3,2024-12-19 14:02:14
500107014,21,13,4,2024-12-19 15:34:14
500104028,21,15,6,2024-12-19 16:57:16
500104028,21,15,6,2024-12-19 17:14:16
500104028,21,14,7,2024-12-19 17:03:16
500107122,21,11,10,2024-12-19 16:25:16
500104028,21,10,11,2024-12-19 14:27:15
500107132,21,7,11,2024-12-19 15:10:18
500103036,21,8,12,2024-12-19 16:43:15
500108086,21,9,12,2024-12-19 16:38:15
500113087,21,9,12,2024-12-19 17:18:16
500104022,21,8,13,2024-12-19 17:07:15
500107122,21,7,14,2024-12-19 17:15:17
500112036,21,6,15,2024-12-19 13:57:15
500101243,21,5,16,2024-12-19 17:07:15
500104019,21,5,16,2024-12-19 13:23:15
500106023,21,5,16,2024-12-19 13:15:15
500106133,21,5,16,2024-12-19 15:10:15
500107097,21,5,16,2024-12-19 16:35:15
500101243,21,4,17,2024-12-19 16:58:15
500104019,21,4,17,2024-12-19 14:03:16
500104022,21,4,17,2024-12-19 15:20:16
500107097,21,4,17,2024-12-19 16:42:15
500112087,21,4,17,2024-12-19 15:08:15
500104048,21,1,19,2024-12-19 13:53:14
500106023,21,2,19,2024-12-19 16:43:15
500106134,21,2,19,2024-12-19 13:12:15
500112056,21,2,19,2024-12-19 16:38:15
500106011,21,1,20,2024-12-19 15:03:15
500112059,21,0,20,2024-12-19 15:08:16
500107122,21,20,1,2024-12-19 07:26:15
500108076,21,19,1,2024-12-19 08:57:14
500108086,21,20,1,2024-12-19 07:39:16
500103054,21,19,2,2024-12-19 07:17:14
500104019,21,18,2,2024-12-19 06:34:15
500107140,21,17,4,2024-12-19 08:26:14
500108086,21,17,4,2024-12-19 08:18:15
500112059,21,10,4,2024-12-19 05:43:14
500113087,21,17,4,2024-12-19 08:40:17
500103054,21,16,5,2024-12-19 08:02:15
500107014,21,16,5,2024-12-19 08:02:15
500111032,21,16,5,2024-12-19 07:57:16
500106011,21,15,6,2024-12-19 07:36:15
500108086,21,15,6,2024-12-19 08:36:15
500103054,21,14,7,2024-12-19 08:35:16
500107158,21,14,7,2024-12-19 08:49:15
500104019,21,12,8,2024-12-19 07:17:14
500107140,21,13,8,2024-12-19 07:16:15
500108004,21,13,8,2024-12-19 07:12:15
500111032,21,12,9,2024-12-19 07:26:15
500108035,21,9,10,2024-12-19 06:33:14
500108194,21,11,10,2024-12-19 06:43:15
500111050,21,11,10,2024-12-19 06:21:15
500113029,21,11,10,2024-12-19 06:49:14
500108035,21,10,11,2024-12-19 08:01:15
500111050,21,10,11,2024-12-19 06:10:16
500112087,21,10,11,2024-12-19 08:05:17
500108076,21,8,12,2024-12-19 05:36:15
500101228,21,7,13,2024-12-19 07:15:17
500104048,21,6,13,2024-12-19 06:46:15
500107014,21,8,13,2024-12-19 06:55:16
500108162,21,7,13,2024-12-19 08:24:15
500113087,21,5,13,2024-12-19 07:45:16
500104022,21,7,14,2024-12-19 07:51:15
500111034,21,7,14,2024-12-19 06:57:15
500103036,21,5,15,2024-12-19 06:07:15
500104028,21,6,15,2024-12-19 08:46:14
500108194,21,6,15,2024-12-19 08:00:17
500112056,21,6,15,2024-12-19 08:17:15
500104028,21,5,16,2024-12-19 08:49:15
500106026,21,5,16,2024-12-19 08:31:16
500106096,21,5,16,2024-12-19 06:06:14
500107095,21,5,16,2024-12-19 07:56:15
500108076,21,4,16,2024-12-19 07:37:15
500112059,21,4,16,2024-12-19 08:56:16
500104028,21,3,18,2024-12-19 06:16:15
500112036,21,3,18,2024-12-19 07:47:15
500101002,21,1,19,2024-12-19 08:57:14
500106064,21,2,19,2024-12-19 08:50:16
500106096,21,2,19,2024-12-19 07:15:17
500107129,21,2,19,2024-12-19 07:20:16
500101243,21,1,20,2024-12-19 08:47:15
500108194,21,1,20,2024-12-19 08:36:15
500112036,21,1,20,2024-12-19 08:30:16
500112036,21,1,20,2024-12-19 08:45:16
500107097,21,0,21,2024-12-19 08:46:15
500101002,21,4,17,2024-12-19 00:17:15
500113087,21,14,4,2024-12-19 00:08:15
500106023,21,6,15,2024-12-19 00:23:14
500112087,21,16,5,2024-12-19 00:37:15
500111034,21,1,20,2024-12-19 23:44:15
500108041,21,4,16,2024-12-19 21:08:15
500108065,21,8,12,2024-12-19 21:51:15
500101243,21,3,18,2024-12-19 01:00:17
500106064,21,21,0,2024-12-19 00:49:15
500107132,21,2,19,2024-12-19 22:57:15
500105087,21,3,18,2024-12-19 22:37:15
500107097,21,4,17,2024-12-19 22:34:15
500104019,21,10,9,2024-12-19 22:35:15
500108193,21,10,11,2024-12-19 21:39:15
500105087,21,5,16,2024-12-19 20:55:17
500107158,21,11,10,2024-12-19 21:29:15
500112056,21,2,18,2024-12-19 02:20:16
500107095,21,6,15,2024-12-19 02:25:15
500106064,21,16,5,2024-12-19 03:35:16
500112036,21,1,20,2024-12-19 21:52:14
500107140,21,7,14,2024-12-19 22:04:15
500106011,21,20,1,2024-12-19 22:00:20
500101243,21,2,19,2024-12-19 21:48:17
500107122,21,3,18,2024-12-19 21:57:15
500104028,21,8,13,2024-12-19 21:58:15
500103054,21,17,4,2024-12-19 21:49:15
500103054,21,19,2,2024-12-19 03:34:15
500103054,21,19,2,2024-12-19 03:16:15
500101228,21,2,19,2024-12-19 23:30:16
500112056,21,2,18,2024-12-19 01:39:15
500112115,21,11,9,2024-12-19 01:34:15
500107132,21,6,15,2024-12-19 22:16:14
500101002,21,12,9,2024-12-19 22:18:14
500112056,21,3,18,2024-12-19 04:38:14
500108076,21,2,19,2024-12-19 22:24:15
500112036,21,1,20,2024-12-19 23:21:15
500101228,21,21,0,2024-12-19 11:26:15
500107140,21,21,0,2024-12-19 11:17:17
500103036,21,19,1,2024-12-19 09:43:15
500111050,21,20,1,2024-12-19 09:23:15
500101228,21,18,2,2024-12-19 09:56:16
500107140,21,19,2,2024-12-19 09:57:15
500103036,21,17,3,2024-12-19 10:57:15
500113029,21,18,3,2024-12-19 11:51:16
500107132,21,15,4,2024-12-19 11:11:15
500107014,21,12,5,2024-12-19 11:16:15
500113029,21,15,6,2024-12-19 10:44:16
500103054,21,14,7,2024-12-19 09:20:16
500107014,21,8,7,2024-12-19 11:48:15
500107014,21,11,7,2024-12-19 10:57:15
500111050,21,13,8,2024-12-19 12:01:16
500103054,21,12,9,2024-12-19 10:00:17
500111034,21,11,10,2024-12-19 11:48:15
500103054,21,10,11,2024-12-19 12:08:15
500107132,21,8,11,2024-12-19 11:38:15
500108035,21,10,11,2024-12-19 10:24:15
500104028,21,9,12,2024-12-19 11:08:15
500106011,21,9,12,2024-12-19 09:03:14
500107122,21,9,12,2024-12-19 12:27:15
500107129,21,9,12,2024-12-19 11:04:15
500109029,21,9,12,2024-12-19 11:06:15
500108162,21,7,13,2024-12-19 12:38:15
500109029,21,8,13,2024-12-19 11:30:17
500106064,21,7,14,2024-12-19 12:19:16
500108098,21,6,15,2024-12-19 12:14:15
500108098,21,6,15,2024-12-19 10:45:15
500108107,21,5,15,2024-12-19 12:07:16
500108193,21,6,15,2024-12-19 08:53:15
500108194,21,6,15,2024-12-19 11:03:15
500106026,21,5,16,2024-12-19 09:09:15
500107014,21,5,16,2024-12-19 09:27:14
500108004,21,5,16,2024-12-19 09:05:15
500108098,21,5,16,2024-12-19 11:58:15
500106023,21,4,17,2024-12-19 10:43:16
500104028,21,3,18,2024-12-19 09:35:16
500106023,21,3,18,2024-12-19 10:16:15
500104019,21,1,19,2024-12-19 09:49:15
500108107,21,1,19,2024-12-19 08:51:15
500106096,21,1,20,2024-12-19 12:08:15
500108107,21,0,20,2024-12-19 10:54:15
500112036,21,1,20,2024-12-19 12:08:15
500112036,21,1,20,2024-12-19 10:07:15
500101243,21,0,21,2024-12-19 09:57:15
500108004,21,0,21,2024-12-19 11:49:15
500103054,21,21,0,2024-12-19 17:54:15
500103054,21,20,1,2024-12-19 18:04:16
500103054,21,18,3,2024-12-19 18:16:16
500112059,21,18,3,2024-12-19 21:05:16
500104019,21,17,4,2024-12-19 19:16:15
500106011,21,17,4,2024-12-19 20:28:15
500113087,21,17,4,2024-12-19 18:33:16
500112059,21,16,5,2024-12-19 20:58:15
500106064,21,15,6,2024-12-19 19:49:15
500106064,21,15,6,2024-12-19 19:36:15
500107014,21,15,6,2024-12-19 19:19:15
500106064,21,14,7,2024-12-19 19:03:15
500107014,21,14,7,2024-12-19 19:24:15
500107132,21,11,7,2024-12-19 17:34:15
500107132,21,11,7,2024-12-19 19:14:16
500107132,21,11,7,2024-12-19 18:21:16
500107132,21,10,8,2024-12-19 19:40:15
500112059,21,13,8,2024-12-19 20:27:15
500104028,21,12,9,2024-12-19 20:50:16
500106096,21,12,9,2024-12-19 21:13:15
500107132,21,9,9,2024-12-19 19:07:15
500107132,21,9,9,2024-12-19 19:23:15
500104019,21,9,10,2024-12-19 20:08:15
500104028,21,11,10,2024-12-19 18:37:15
500104028,21,11,10,2024-12-19 18:43:14
500106011,21,11,10,2024-12-19 17:58:16
500106096,21,11,10,2024-12-19 18:31:15
500107132,21,11,10,2024-12-19 20:56:15
500108098,21,11,10,2024-12-19 18:53:15
500112059,21,11,10,2024-12-19 19:47:15
500112059,21,10,11,2024-12-19 18:15:17
500113087,21,8,11,2024-12-19 21:20:16
500101228,21,9,12,2024-12-19 20:43:14
500106011,21,9,12,2024-12-19 19:05:16
500106096,21,9,12,2024-12-19 20:58:15
500112059,21,9,12,2024-12-19 17:37:16
500107140,21,8,13,2024-12-19 18:36:16
500107158,21,8,13,2024-12-19 18:27:15
500107158,21,8,13,2024-12-19 19:14:16
500112059,21,8,13,2024-12-19 19:08:15
500101228,21,7,14,2024-12-19 21:15:16
500103036,21,6,14,2024-12-19 19:27:15
500105087,21,7,14,2024-12-19 17:31:15
500108004,21,7,14,2024-12-19 20:17:15
500112115,21,7,14,2024-12-19 17:28:14
500113029,21,5,14,2024-12-19 18:59:15
500103036,21,5,15,2024-12-19 20:27:15
500112036,21,6,15,2024-12-19 18:28:16
500112056,21,6,15,2024-12-19 17:42:15
500113087,21,4,15,2024-12-19 18:47:16
500101243,21,5,16,2024-12-19 20:32:15
500107014,21,5,16,2024-12-19 21:20:19
500107122,21,5,16,2024-12-19 18:37:15
500107129,21,5,16,2024-12-19 17:28:15
500112036,21,5,16,2024-12-19 19:59:16
500103036,21,3,17,2024-12-19 20:09:15
500108107,21,3,17,2024-12-19 18:18:16
500112056,21,4,17,2024-12-19 17:37:16
500112056,21,4,17,2024-12-19 21:09:16
500101243,21,3,18,2024-12-19 19:18:15
500103036,21,2,18,2024-12-19 17:48:15
500107122,21,3,18,2024-12-19 19:48:15
500108086,21,3,18,2024-12-19 19:58:15
500111034,21,3,18,2024-12-19 19:28:15
500106133,21,2,19,2024-12-19 17:24:16
500107122,21,2,19,2024-12-19 20:03:15
500107140,21,2,19,2024-12-19 19:46:15
500112036,21,2,19,2024-12-19 17:58:16
500112056,21,2,19,2024-12-19 18:27:15
500106023,21,1,20,2024-12-19 19:09:15
500106026,21,1,20,2024-12-19 19:51:15
500106133,21,1,20,2024-12-19 19:16:15
500106134,21,1,20,2024-12-19 18:08:16
500106134,21,1,20,2024-12-19 18:35:16
500108076,21,1,20,2024-12-19 19:58:15
500111034,21,1,20,2024-12-19 18:12:16
500111050,21,1,20,2024-12-19 17:38:16
500112087,21,0,21,2024-12-19 19:58:15
500107140,21,17,4,2024-12-19 15:42:15
500107140,21,17,4,2024-12-19 15:02:15
500113029,21,15,6,2024-12-19 16:32:15
500107140,21,14,7,2024-12-19 16:48:16
500111050,21,14,7,2024-12-19 14:48:15
500111050,21,13,8,2024-12-19 13:09:15
500111050,21,13,8,2024-12-19 14:19:14
500101002,21,12,9,2024-12-19 16:38:15
500112059,21,12,9,2024-12-19 17:04:15
500103036,21,10,10,2024-12-19 15:34:15
500107122,21,11,10,2024-12-19 16:38:15
500108035,21,11,10,2024-12-19 14:47:15
500113029,21,11,10,2024-12-19 17:08:16
500113087,21,10,11,2024-12-19 17:03:16
500108086,21,9,12,2024-12-19 15:13:16
500108076,21,7,13,2024-12-19 13:38:16
500111050,21,8,13,2024-12-19 16:14:15
500108076,21,6,14,2024-12-19 14:02:15
500106133,21,6,15,2024-12-19 16:49:15
500107097,21,6,15,2024-12-19 17:05:17
500108098,21,6,15,2024-12-19 14:10:17
500113087,21,6,15,2024-12-19 16:38:15
500101002,21,5,16,2024-12-19 13:32:15
500106096,21,5,16,2024-12-19 15:33:15
500112056,21,5,16,2024-12-19 16:18:15
500112059,21,4,16,2024-12-19 16:17:15
500112036,21,4,17,2024-12-19 15:05:16
500112059,21,3,17,2024-12-19 14:14:15
500113087,21,4,17,2024-12-19 13:51:15
500106011,21,3,18,2024-12-19 13:48:15
500106133,21,3,18,2024-12-19 17:18:16
500112059,21,2,18,2024-12-19 15:12:16
500106096,21,2,19,2024-12-19 13:09:15
500101002,21,1,20,2024-12-19 14:02:14
500106026,21,1,20,2024-12-19 16:11:15
500107122,21,1,20,2024-12-19 17:02:15
500112087,21,0,21,2024-12-19 17:01:17
500104028,21,11,10,2024-12-19 21:48:16
500101002,21,12,9,2024-12-19 21:46:15
500112059,21,20,1,2024-12-19 21:49:15
500103054,21,21,0,2024-12-19 06:34:15
500107122,21,21,0,2024-12-19 07:37:15
500112059,21,14,0,2024-12-19 06:16:15
500108086,21,20,1,2024-12-19 07:55:17
500103036,21,18,2,2024-12-19 08:26:15
500103054,21,19,2,2024-12-19 04:53:14
500107122,21,19,2,2024-12-19 08:36:15
500107140,21,19,2,2024-12-19 07:47:15
500112059,21,17,2,2024-12-19 07:46:15
500108086,21,18,3,2024-12-19 08:15:16
500112059,21,11,3,2024-12-19 06:37:15
500111032,21,17,4,2024-12-19 07:58:15
500104022,21,16,5,2024-12-19 06:14:14
500108098,21,16,5,2024-12-19 08:37:15
500103054,21,15,6,2024-12-19 07:36:15
500107132,21,13,6,2024-12-19 08:02:15
500111032,21,15,6,2024-12-19 07:44:15
500113029,21,15,6,2024-12-19 07:55:17
500106011,21,14,7,2024-12-19 05:24:14
500106026,21,14,7,2024-12-19 07:25:15
500106064,21,14,7,2024-12-19 06:55:16
500112059,21,12,7,2024-12-19 08:00:17
500101228,21,11,9,2024-12-19 08:00:17
500103054,21,11,10,2024-12-19 08:16:15
500105087,21,10,11,2024-12-19 08:49:15
500106011,21,10,11,2024-12-19 08:54:15
500107158,21,10,11,2024-12-19 07:46:15
500108107,21,9,11,2024-12-19 08:16:15
500111032,21,10,11,2024-12-19 06:55:16
500112087,21,10,11,2024-12-19 07:33:15
500112087,21,10,11,2024-12-19 07:41:15
500112115,21,10,11,2024-12-19 05:10:15
500106096,21,9,12,2024-12-19 08:17:15
500108041,21,8,12,2024-12-19 07:27:15
500108194,21,9,12,2024-12-19 07:31:16
500111050,21,9,12,2024-12-19 06:47:15
500107122,21,8,13,2024-12-19 06:06:14
500108065,21,7,13,2024-12-19 08:03:15
500108194,21,8,13,2024-12-19 07:56:15
500104048,21,5,14,2024-12-19 05:40:15
500106096,21,7,14,2024-12-19 08:24:15
500107014,21,7,14,2024-12-19 08:47:15
500107014,21,7,14,2024-12-19 06:46:15
500107132,21,7,14,2024-12-19 05:50:15
500107158,21,7,14,2024-12-19 07:55:17
500101243,21,6,15,2024-12-19 07:10:16
500106026,21,6,15,2024-12-19 08:10:17
500107014,21,6,15,2024-12-19 06:33:15
500107140,21,6,15,2024-12-19 06:05:16
500109029,21,6,15,2024-12-19 07:03:14
500106134,21,5,16,2024-12-19 07:37:15
500107140,21,5,16,2024-12-19 05:30:15
500109029,21,5,16,2024-12-19 06:47:15
500105087,21,4,17,2024-12-19 08:00:16
500112036,21,4,17,2024-12-19 07:26:15
500104019,21,2,18,2024-12-19 08:01:15
500112036,21,3,18,2024-12-19 05:58:15
500112056,21,3,18,2024-12-19 08:44:16
500112036,21,2,19,2024-12-19 06:45:16
500112056,21,2,19,2024-12-19 07:36:15
500104028,21,1,20,2024-12-19 08:01:15
500101002,21,5,16,2024-12-19 00:19:15
500107140,21,0,21,2024-12-19 00:16:15
500108107,21,15,5,2024-12-19 00:07:15
500106064,21,21,0,2024-12-19 00:47:15
500107122,21,0,21,2024-12-19 23:29:16
500108098,21,2,19,2024-12-19 22:10:17
500106133,21,5,16,2024-12-19 22:55:16
500107158,21,14,7,2024-12-19 22:38:15
500101228,21,0,21,2024-12-19 01:05:16
500108076,21,8,13,2024-12-19 00:46:15
500108194,21,14,7,2024-12-19 01:01:14
500107122,21,0,21,2024-12-19 22:38:15
500112056,21,5,16,2024-12-19 22:32:15
500113087,21,9,10,2024-12-19 22:38:15
500101243,21,1,20,2024-12-19 21:37:16
500106026,21,3,18,2024-12-19 21:32:15
500108086,21,4,15,2024-12-19 21:35:15
500104028,21,12,9,2024-12-19 21:30:16
500106096,21,14,7,2024-12-19 21:32:15
500112059,21,21,0,2024-12-19 21:32:14
500107140,21,3,18,2024-12-19 02:58:15
500107097,21,4,17,2024-12-19 03:03:15
500108194,21,15,6,2024-12-19 01:28:14
500103054,21,18,3,2024-12-19 02:01:16
500107122,21,2,19,2024-12-19 04:06:15
500105087,21,6,15,2024-12-19 04:07:15
500109029,21,6,15,2024-12-19 04:10:15
500106011,21,15,6,2024-12-19 04:23:14
500107132,21,7,14,2024-12-19 22:08:15
500113087,21,10,9,2024-12-19 21:44:15
500106011,21,20,1,2024-12-19 21:59:15
500104019,21,11,8,2024-12-19 22:48:15
500107122,21,3,18,2024-12-19 04:34:15
500107140,21,9,12,2024-12-19 23:07:14
500112059,21,13,8,2024-12-19 22:57:16
500107097,21,2,19,2024-12-19 22:19:15
500106011,21,19,2,2024-12-19 22:19:15
500108107,21,13,7,2024-12-19 22:25:16
500106011,21,19,2,2024-12-19 22:22:15
500101228,21,20,0,2024-12-19 09:27:15
500106133,21,21,0,2024-12-19 09:27:15
500107140,21,21,0,2024-12-19 12:47:16
500101228,21,20,1,2024-12-19 10:43:16
500111050,21,20,1,2024-12-19 10:07:16
500103036,21,18,2,2024-12-19 09:35:16
500108041,21,18,2,2024-12-19 09:02:15
500101228,21,17,3,2024-12-19 09:44:15
500103036,21,17,3,2024-12-19 10:07:15
500106133,21,18,3,2024-12-19 09:56:16
500103036,21,16,4,2024-12-19 12:05:17
500107014,21,11,4,2024-12-19 12:08:15
500107140,21,17,4,2024-12-19 09:25:16
500113029,21,17,4,2024-12-19 11:03:15
500113087,21,17,4,2024-12-19 09:30:16
500113029,21,16,5,2024-12-19 10:28:15
500107014,21,15,6,2024-12-19 09:07:15
500113029,21,15,6,2024-12-19 09:08:15
500103054,21,14,7,2024-12-19 10:46:15
500107129,21,14,7,2024-12-19 11:18:16
500111050,21,14,7,2024-12-19 11:16:15
500111050,21,13,8,2024-12-19 11:37:15
500107014,21,6,9,2024-12-19 12:38:15
500113087,21,12,9,2024-12-19 10:11:15
500108035,21,11,10,2024-12-19 11:03:16
500108162,21,10,10,2024-12-19 09:01:14
500109029,21,11,10,2024-12-19 10:57:15
500113087,21,11,10,2024-12-19 10:27:16
500107014,21,10,11,2024-12-19 09:09:15
500107129,21,10,11,2024-12-19 08:55:16
500107158,21,10,11,2024-12-19 12:31:15
500107158,21,10,11,2024-12-19 11:27:15
500112056,21,10,11,2024-12-19 10:46:14
500106023,21,9,12,2024-12-19 09:46:16
500107129,21,9,12,2024-12-19 12:35:16
500106011,21,8,13,2024-12-19 09:57:15
500107129,21,8,13,2024-12-19 11:38:15
500107129,21,8,13,2024-12-19 10:04:16
500109029,21,8,13,2024-12-19 12:38:14
500109029,21,8,13,2024-12-19 09:07:15
500112056,21,8,13,2024-12-19 12:48:15
500107014,21,4,14,2024-12-19 10:18:15
500108098,21,7,14,2024-12-19 10:34:15
500108194,21,7,14,2024-12-19 10:17:16
500109029,21,7,14,2024-12-19 11:45:15
500112056,21,7,14,2024-12-19 11:57:16
500101243,21,6,15,2024-12-19 11:48:15
500101243,21,6,15,2024-12-19 11:58:16
500106023,21,6,15,2024-12-19 12:35:16
500106064,21,6,15,2024-12-19 12:36:15
500107097,21,6,15,2024-12-19 11:09:15
500108065,21,5,15,2024-12-19 08:32:15
500108193,21,6,15,2024-12-19 10:00:18
500113087,21,6,15,2024-12-19 11:41:14
500108193,21,5,16,2024-12-19 11:28:16
500106026,21,4,17,2024-12-19 09:34:15
500107097,21,4,17,2024-12-19 12:56:15
500108065,21,3,17,2024-12-19 10:58:16
500108107,21,3,17,2024-12-19 11:54:15
500112087,21,4,17,2024-12-19 09:37:15
500106011,21,3,18,2024-12-19 12:45:16
500108004,21,3,18,2024-12-19 10:44:16
500108098,21,3,18,2024-12-19 11:44:15
500112056,21,3,18,2024-12-19 11:25:15
500112115,21,3,18,2024-12-19 10:17:16
500101002,21,1,19,2024-12-19 11:38:15
500104028,21,2,19,2024-12-19 09:26:15
500106011,21,2,19,2024-12-19 12:55:16
500106096,21,2,19,2024-12-19 10:12:15
500106133,21,2,19,2024-12-19 12:06:16
500107095,21,2,19,2024-12-19 11:42:16
500107095,21,2,19,2024-12-19 09:08:14
500107097,21,2,19,2024-12-19 12:38:15
500108004,21,2,19,2024-12-19 10:55:17
500101002,21,0,20,2024-12-19 09:57:15
500106026,21,1,20,2024-12-19 12:27:15
500106064,21,1,20,2024-12-19 09:27:15
500106064,21,1,20,2024-12-19 11:18:16
500108004,21,1,20,2024-12-19 11:20:16
500112036,21,1,20,2024-12-19 10:47:16
500106133,21,0,21,2024-12-19 12:36:15
500108035,21,0,21,2024-12-19 09:17:16
500108194,21,0,21,2024-12-19 09:03:15
500104022,21,21,0,2024-12-19 18:14:16
500101228,21,20,1,2024-12-19 17:35:16
500104022,21,20,1,2024-12-19 18:29:16
500103054,21,19,2,2024-12-19 18:56:15
500112115,21,17,2,2024-12-19 18:38:16
500112115,21,17,2,2024-12-19 18:49:16
500107014,21,16,3,2024-12-19 17:28:16
500107014,21,17,4,2024-12-19 20:02:14
500112115,21,15,4,2024-12-19 18:28:16
500104028,21,16,5,2024-12-19 19:55:16
500104028,21,15,6,2024-12-19 17:56:15
500106011,21,15,6,2024-12-19 20:13:15
500101002,21,14,7,2024-12-19 21:16:15
500113087,21,14,7,2024-12-19 18:08:16
500106064,21,13,8,2024-12-19 18:26:16
500106096,21,13,8,2024-12-19 19:03:15
500108107,21,12,8,2024-12-19 20:50:16
500111032,21,13,8,2024-12-19 17:31:15
500104019,21,10,9,2024-12-19 20:23:15
500106064,21,12,9,2024-12-19 17:46:15
500107014,21,10,9,2024-12-19 18:07:15
500108035,21,10,9,2024-12-19 20:27:15
500108035,21,12,9,2024-12-19 18:56:15
500111032,21,11,10,2024-12-19 18:53:15
500112059,21,11,10,2024-12-19 19:55:16
500101002,21,10,11,2024-12-19 20:08:15
500106011,21,10,11,2024-12-19 19:18:15
500108086,21,10,11,2024-12-19 17:27:16
500108107,21,9,11,2024-12-19 20:09:15
500113087,21,8,11,2024-12-19 20:33:15
500101002,21,8,13,2024-12-19 19:25:15
500108162,21,7,13,2024-12-19 17:36:14
500113029,21,6,13,2024-12-19 18:53:15
500107095,21,7,14,2024-12-19 18:23:16
500107158,21,7,14,2024-12-19 17:50:16
500108107,21,6,14,2024-12-19 18:07:16
500112059,21,7,14,2024-12-19 19:28:15
500106023,21,6,15,2024-12-19 20:47:15
500108086,21,4,15,2024-12-19 20:03:15
500108107,21,5,15,2024-12-19 19:41:16
500111032,21,6,15,2024-12-19 19:33:14
500113029,21,4,15,2024-12-19 19:36:15
500107122,21,5,16,2024-12-19 18:29:16
500112056,21,5,16,2024-12-19 17:25:16
500105087,21,4,17,2024-12-19 19:01:15
500106096,21,4,17,2024-12-19 17:25:16
500111034,21,4,17,2024-12-19 19:41:16
500101243,21,3,18,2024-12-19 19:59:16
500111034,21,3,18,2024-12-19 17:34:15
500112056,21,3,18,2024-12-19 21:11:14
500106026,21,2,19,2024-12-19 18:31:15
500108076,21,2,19,2024-12-19 20:04:16
500111050,21,2,19,2024-12-19 17:25:16
500103036,21,0,20,2024-12-19 18:18:16
500106023,21,1,20,2024-12-19 17:38:15
500107097,21,1,20,2024-12-19 18:36:16
500107122,21,1,20,2024-12-19 20:28:15
500107122,21,1,20,2024-12-19 19:07:15
500107122,21,1,20,2024-12-19 18:55:17
500107140,21,1,20,2024-12-19 20:29:15
500107140,21,1,20,2024-12-19 18:07:16
500108076,21,1,20,2024-12-19 20:39:16
500108076,21,1,20,2024-12-19 19:02:16
500111050,21,1,20,2024-12-19 18:41:15
500106023,21,0,21,2024-12-19 17:47:16
500106026,21,0,21,2024-12-19 17:37:16
500106026,21,0,21,2024-12-19 21:18:15
500107140,21,0,21,2024-12-19 20:04:16
500108076,21,0,21,2024-12-19 17:55:17
500112056,21,0,21,2024-12-19 18:57:15
500112087,21,0,21,2024-12-19 20:00:20
500101002,21,21,0,2024-12-19 16:48:16
500101002,21,21,0,2024-12-19 16:58:15
500103054,21,19,1,2024-12-19 13:37:15
500112115,21,19,2,2024-12-19 16:57:16
500112115,21,19,2,2024-12-19 17:18:16
500107014,21,14,3,2024-12-19 16:18:16
500104028,21,17,4,2024-12-19 16:17:15
500107140,21,17,4,2024-12-19 16:18:16
500113029,21,15,6,2024-12-19 16:18:16
500112115,21,14,7,2024-12-19 14:01:15
500107132,21,6,8,2024-12-19 13:48:16
500103036,21,11,9,2024-12-19 13:57:15
500107132,21,6,9,2024-12-19 15:07:15
500107132,21,6,9,2024-12-19 14:13:15
500107132,21,6,9,2024-12-19 14:40:16
500111050,21,12,9,2024-12-19 15:46:16
500111050,21,12,9,2024-12-19 14:00:17
500107122,21,11,10,2024-12-19 15:44:15
500107122,21,11,10,2024-12-19 16:06:15
500107122,21,11,10,2024-12-19 14:11:16
500107132,21,8,10,2024-12-19 17:06:16
500111034,21,11,10,2024-12-19 16:23:15
500111034,21,10,11,2024-12-19 13:11:15
500101002,21,9,12,2024-12-19 15:59:15
500105087,21,9,12,2024-12-19 15:02:15
500107122,21,9,12,2024-12-19 14:36:16
500113087,21,9,12,2024-12-19 16:47:15
500105087,21,8,13,2024-12-19 16:12:14
500105087,21,8,13,2024-12-19 14:45:15
500107122,21,7,14,2024-12-19 15:10:15
500107132,21,4,14,2024-12-19 16:54:16
500109029,21,7,14,2024-12-19 13:39:16
500108076,21,5,15,2024-12-19 15:49:15
500108098,21,6,15,2024-12-19 16:38:15
500108098,21,6,15,2024-12-19 14:49:15
500104022,21,5,16,2024-12-19 16:03:15
500106133,21,5,16,2024-12-19 15:37:15
500107097,21,5,16,2024-12-19 14:00:17
500112059,21,4,16,2024-12-19 15:20:15
500113087,21,5,16,2024-12-19 16:07:15
500113087,21,5,16,2024-12-19 15:10:15
500106023,21,4,17,2024-12-19 16:32:15
500108193,21,4,17,2024-12-19 14:29:15
500108193,21,4,17,2024-12-19 13:59:15
500112036,21,4,17,2024-12-19 14:38:15
500101243,21,3,18,2024-12-19 15:17:16
500108004,21,3,18,2024-12-19 16:44:15
500112087,21,3,18,2024-12-19 13:16:15
500101002,21,2,19,2024-12-19 13:43:15
500101243,21,1,20,2024-12-19 14:15:16
500106134,21,1,20,2024-12-19 13:25:16
500112056,21,1,20,2024-12-19 16:47:15
500106133,21,20,1,2024-12-19 07:24:15
500108086,21,20,1,2024-12-19 07:37:15
500107140,21,19,2,2024-12-19 07:53:16
500111032,21,19,2,2024-12-19 08:55:15
500111050,21,19,2,2024-12-19 08:56:16
500107014,21,17,4,2024-12-19 08:57:15
500107158,21,16,5,2024-12-19 07:30:16
500108107,21,15,5,2024-12-19 05:52:15
500113029,21,16,5,2024-12-19 08:39:15
500113087,21,13,5,2024-12-19 06:53:15
500106026,21,15,6,2024-12-19 07:12:15
500106064,21,15,6,2024-12-19 05:59:14
500103054,21,14,7,2024-12-19 07:57:16
500106011,21,14,7,2024-12-19 07:59:15
500108107,21,13,7,2024-12-19 07:35:16
500108194,21,14,7,2024-12-19 06:06:14
500112059,21,7,7,2024-12-19 05:50:15
500108041,21,12,8,2024-12-19 06:42:14
500108065,21,12,8,2024-12-19 06:54:16
500113029,21,13,8,2024-12-19 07:33:15
500107014,21,12,9,2024-12-19 07:19:16
500108041,21,11,9,2024-12-19 05:50:15
500108086,21,10,9,2024-12-19 06:35:15
500113087,21,9,9,2024-12-19 07:22:15
500107129,21,11,10,2024-12-19 08:25:16
500108086,21,8,11,2024-12-19 06:47:15
500101228,21,8,12,2024-12-19 06:38:15
500107097,21,9,12,2024-12-19 08:03:15
500107097,21,9,12,2024-12-19 06:26:15
500108065,21,8,12,2024-12-19 07:49:16
500112087,21,9,12,2024-12-19 07:23:15
500112115,21,9,12,2024-12-19 06:16:15
500108004,21,8,13,2024-12-19 08:41:15
500108035,21,6,13,2024-12-19 07:15:17
500108076,21,7,13,2024-12-19 05:42:15
500108098,21,8,13,2024-12-19 06:27:15
500101228,21,6,14,2024-12-19 06:27:15
500104048,21,4,15,2024-12-19 06:13:14
500106026,21,6,15,2024-12-19 08:43:15
500106096,21,6,15,2024-12-19 08:42:15
500109029,21,5,16,2024-12-19 05:39:15
500111034,21,5,16,2024-12-19 06:44:15
500101002,21,3,17,2024-12-19 07:47:15
500104019,21,3,17,2024-12-19 07:37:15
500106096,21,4,17,2024-12-19 08:57:15
500104022,21,3,18,2024-12-19 08:34:15
500105087,21,3,18,2024-12-19 05:04:15
500107129,21,3,18,2024-12-19 07:37:15
500108076,21,2,18,2024-12-19 07:47:15
500104019,21,1,19,2024-12-19 07:57:16
500105087,21,2,19,2024-12-19 07:57:16
500112036,21,2,19,2024-12-19 05:36:15
500106096,21,1,20,2024-12-19 07:35:15
500106134,21,1,20,2024-12-19 08:35:16
500112056,21,1,20,2024-12-19 08:03:15
500104028,21,0,21,2024-12-19 07:31:16
500112036,21,0,21,2024-12-19 07:57:16
500112115,21,0,21,2024-12-19 08:30:20
500106133,21,16,5,2024-12-19 00:37:15
500112056,21,1,19,2024-12-19 00:33:16
500106134,21,4,17,2024-12-19 22:43:15
500106064,21,6,10,2024-12-19 23:53:15
500112087,21,5,15,2024-12-19 23:52:14
500112059,21,14,7,2024-12-19 23:16:15
500106096,21,17,4,2024-12-19 23:54:15
500108035,21,10,9,2024-12-19 00:52:15
500108004,21,11,10,2024-12-19 00:35:16
500104022,21,7,13,2024-12-19 22:31:16
500108107,21,15,5,2024-12-19 22:38:15
500107132,21,4,17,2024-12-19 22:39:15
500111032,21,11,10,2024-12-19 22:13:15
500112087,21,5,16,2024-12-19 21:08:15
500106011,21,17,4,2024-12-19 21:35:16
500112115,21,18,1,2024-12-19 21:24:14
500108065,21,12,8,2024-12-19 01:24:14
500107140,21,3,18,2024-12-19 03:44:15
500101228,21,4,16,2024-12-19 03:35:15
500106023,21,5,16,2024-12-19 03:38:15
500106023,21,11,10,2024-12-19 22:09:15
500108107,21,12,8,2024-12-19 21:56:15
500111050,21,15,6,2024-12-19 22:08:14
500112056,21,3,17,2024-12-19 01:19:15
500105087,21,4,17,2024-12-19 21:41:14
500101002,21,10,11,2024-12-19 21:55:16
500106011,21,16,5,2024-12-19 03:16:15
500101002,21,3,18,2024-12-19 23:55:16
500103054,21,15,5,2024-12-19 23:34:14
500101002,21,7,14,2024-12-19 01:42:14
500107140,21,4,17,2024-12-19 02:09:15
500112056,21,4,17,2024-12-19 22:44:14
500106023,21,11,10,2024-12-19 22:48:15
500112115,21,10,9,2024-12-19 23:01:15
500106096,21,19,2,2024-12-19 22:19:15
500107140,21,9,12,2024-12-19 22:20:15
500104019,21,11,8,2024-12-19 22:25:15
500107140,21,6,15,2024-12-19 22:58:15
500108193,21,9,12,2024-12-19 22:52:15
500107132,21,14,0,2024-12-19 12:19:15
500108076,21,18,2,2024-12-19 12:06:16
500108076,21,18,2,2024-12-19 11:15:16
500103054,21,18,3,2024-12-19 12:49:15
500107140,21,18,3,2024-12-19 09:46:16
500101228,21,17,4,2024-12-19 11:17:15
500107132,21,10,4,2024-12-19 12:07:16
500103036,21,15,5,2024-12-19 11:46:15
500103036,21,14,6,2024-12-19 11:01:17
500103054,21,15,6,2024-12-19 09:31:15
500112115,21,15,6,2024-12-19 11:53:15
500107014,21,10,8,2024-12-19 10:33:15
500103054,21,12,9,2024-12-19 12:19:16
500107122,21,12,9,2024-12-19 09:27:15
500112056,21,12,9,2024-12-19 09:04:15
500103036,21,10,10,2024-12-19 12:44:15
500107132,21,9,10,2024-12-19 10:02:15
500107132,21,9,10,2024-12-19 10:18:15
500107129,21,10,11,2024-12-19 12:41:15
500108035,21,10,11,2024-12-19 12:02:16
500112056,21,10,11,2024-12-19 09:57:15
500104028,21,9,12,2024-12-19 12:03:15
500107129,21,8,13,2024-12-19 09:17:16
500108086,21,8,13,2024-12-19 12:29:16
500112056,21,8,13,2024-12-19 12:27:15
500112056,21,8,13,2024-12-19 09:37:15
500108098,21,7,14,2024-12-19 10:07:16
500101243,21,6,15,2024-12-19 10:39:16
500106133,21,6,15,2024-12-19 10:18:15
500104019,21,5,16,2024-12-19 12:57:15
500106023,21,5,16,2024-12-19 11:46:15
500108065,21,4,16,2024-12-19 09:14:15
500113087,21,5,16,2024-12-19 12:46:15
500101002,21,3,17,2024-12-19 11:48:15
500101243,21,4,17,2024-12-19 12:05:17
500104019,21,4,17,2024-12-19 12:13:16
500106026,21,4,17,2024-12-19 09:51:14
500107097,21,4,17,2024-12-19 11:57:16
500108098,21,4,17,2024-12-19 11:27:15
500108194,21,4,17,2024-12-19 11:45:15
500106023,21,3,18,2024-12-19 10:07:16
500106096,21,3,18,2024-12-19 10:56:15
500106134,21,3,18,2024-12-19 12:48:15
500108107,21,2,18,2024-12-19 09:56:16
500106011,21,2,19,2024-12-19 12:36:15
500106064,21,2,19,2024-12-19 09:04:15
500101002,21,0,20,2024-12-19 09:43:16
500101002,21,0,20,2024-12-19 10:45:16
500104019,21,0,20,2024-12-19 09:37:16
500106134,21,1,20,2024-12-19 09:41:15
500107097,21,1,20,2024-12-19 09:58:14
500112036,21,1,20,2024-12-19 09:27:15
500112059,21,0,20,2024-12-19 09:37:16
500112059,21,0,20,2024-12-19 09:38:17
500106011,21,0,21,2024-12-19 11:58:15
500106064,21,0,21,2024-12-19 10:44:16
500107097,21,0,21,2024-12-19 09:27:14
500112036,21,0,21,2024-12-19 11:18:15
500103054,21,21,0,2024-12-19 17:47:15
500104022,21,21,0,2024-12-19 17:59:16
500112115,21,18,0,2024-12-19 20:26:16
500106011,21,20,1,2024-12-19 20:53:15
500106011,21,20,1,2024-12-19 21:06:15
500103054,21,19,2,2024-12-19 18:29:16
500103054,21,18,3,2024-12-19 19:27:15
500103054,21,17,4,2024-12-19 19:00:18
500107014,21,15,4,2024-12-19 17:56:16
500112115,21,15,4,2024-12-19 21:18:15
500104028,21,15,6,2024-12-19 20:05:16
500107132,21,12,6,2024-12-19 17:56:16
500101228,21,14,7,2024-12-19 19:00:18
500107132,21,11,7,2024-12-19 18:17:15
500108041,21,13,7,2024-12-19 17:36:15
500104019,21,11,8,2024-12-19 20:34:15
500104028,21,13,8,2024-12-19 18:17:15
500106011,21,12,9,2024-12-19 19:56:16
500107014,21,10,9,2024-12-19 18:18:16
500108041,21,11,9,2024-12-19 17:46:15
500111032,21,12,9,2024-12-19 18:38:16
500101002,21,11,10,2024-12-19 20:27:14
500107158,21,11,10,2024-12-19 20:19:14
500108035,21,11,10,2024-12-19 18:43:15
500101002,21,10,11,2024-12-19 19:19:15
500107158,21,10,11,2024-12-19 21:15:16
500108126,21,10,11,2024-12-19 18:46:15
500109029,21,10,11,2024-12-19 21:04:15
500113087,21,8,11,2024-12-19 20:05:15
500113087,21,7,12,2024-12-19 20:12:15
500101002,21,8,13,2024-12-19 19:48:15
500107014,21,6,13,2024-12-19 18:29:16
500107097,21,8,13,2024-12-19 17:39:15
500113087,21,6,13,2024-12-19 19:13:15
500111050,21,7,14,2024-12-19 20:37:15
500106011,21,6,15,2024-12-19 17:47:16
500107014,21,4,15,2024-12-19 18:57:15
500108086,21,4,15,2024-12-19 20:55:16
500112059,21,6,15,2024-12-19 18:34:15
500104022,21,5,16,2024-12-19 20:41:15
500108098,21,5,16,2024-12-19 20:31:15
500108194,21,5,16,2024-12-19 19:06:15
500104022,21,4,17,2024-12-19 19:17:15
500106133,21,4,17,2024-12-19 19:49:15
500108041,21,3,17,2024-12-19 18:22:16
500108107,21,3,17,2024-12-19 17:23:15
500106026,21,3,18,2024-12-19 20:45:16
500106026,21,3,18,2024-12-19 18:13:17
500107097,21,3,18,2024-12-19 18:47:16
500107140,21,3,18,2024-12-19 18:47:16
500101243,21,2,19,2024-12-19 17:44:15
500106023,21,2,19,2024-12-19 19:58:15
500106134,21,2,19,2024-12-19 17:28:15
500107140,21,2,19,2024-12-19 19:06:16
500111050,21,2,19,2024-12-19 19:51:15
500111050,21,2,19,2024-12-19 18:38:16
500112056,21,2,19,2024-12-19 19:58:15
500112056,21,2,19,2024-12-19 20:42:15
500112056,21,2,19,2024-12-19 18:48:15
500107122,21,1,20,2024-12-19 19:19:15
500107140,21,1,20,2024-12-19 17:59:15
500101243,21,0,21,2024-12-19 19:37:16
500106023,21,0,21,2024-12-19 18:18:16
500107140,21,0,21,2024-12-19 17:47:16
500101228,21,20,1,2024-12-19 13:59:16
500103054,21,19,2,2024-12-19 15:13:16
500103054,21,19,2,2024-12-19 14:11:16
500107014,21,15,2,2024-12-19 15:56:15
500107014,21,15,2,2024-12-19 16:46:15
500113029,21,16,5,2024-12-19 14:49:15
500107014,21,11,6,2024-12-19 14:35:15
500107014,21,10,7,2024-12-19 14:14:15
500107140,21,14,7,2024-12-19 14:33:15
500107140,21,13,8,2024-12-19 14:02:14
500111050,21,13,8,2024-12-19 15:54:14
500107122,21,12,9,2024-12-19 13:26:15
500107014,21,7,10,2024-12-19 13:38:16
500107158,21,11,10,2024-12-19 13:22:15
500107158,21,11,10,2024-12-19 15:02:15
500103036,21,9,11,2024-12-19 16:51:15
500108035,21,10,11,2024-12-19 13:28:16
500112056,21,10,11,2024-12-19 13:18:14
500104019,21,9,12,2024-12-19 16:47:15
500104019,21,8,13,2024-12-19 16:07:15
500108107,21,6,14,2024-12-19 16:37:15
500104022,21,6,15,2024-12-19 16:41:15
500108098,21,6,15,2024-12-19 15:50:16
500112036,21,5,16,2024-12-19 17:17:16
500112056,21,5,16,2024-12-19 15:34:14
500107097,21,4,17,2024-12-19 14:14:15
500108076,21,4,17,2024-12-19 17:08:16
500112036,21,4,17,2024-12-19 16:46:14
500112056,21,4,17,2024-12-19 14:59:14
500101243,21,3,18,2024-12-19 13:25:15
500108193,21,3,18,2024-12-19 14:10:16
500112036,21,3,18,2024-12-19 14:55:16
500112059,21,2,18,2024-12-19 14:51:15
500101002,21,2,19,2024-12-19 15:15:16
500106011,21,2,19,2024-12-19 15:41:15
500106011,21,2,19,2024-12-19 13:23:15
500106134,21,2,19,2024-12-19 15:17:15
500106011,21,1,20,2024-12-19 17:16:16
500106026,21,1,20,2024-12-19 14:58:15
500106026,21,0,21,2024-12-19 17:01:17
500112056,21,0,21,2024-12-19 16:58:16
500112056,21,2,19,2024-12-19 21:41:15
500107122,21,4,17,2024-12-19 21:48:16
500111050,21,9,12,2024-12-19 21:43:15
500106096,21,13,8,2024-12-19 21:40:16
500112115,21,19,0,2024-12-19 21:49:15
500107122,21,21,0,2024-12-19 07:47:15
500111032,21,20,1,2024-12-19 08:47:15
500106133,21,19,2,2024-12-19 07:03:15
500112059,21,17,2,2024-12-19 07:36:15
500113087,21,19,2,2024-12-19 08:10:17
500107122,21,18,3,2024-12-19 08:17:15
500112059,21,11,3,2024-12-19 05:15:15
500106011,21,16,5,2024-12-19 07:14:15
500111050,21,16,5,2024-12-19 07:56:15
500113087,21,13,5,2024-12-19 06:29:15
500107122,21,15,6,2024-12-19 06:26:15
500108107,21,14,6,2024-12-19 06:09:15
500106011,21,14,7,2024-12-19 06:07:15
500107132,21,12,7,2024-12-19 08:16:15
500113029,21,14,7,2024-12-19 07:47:15
500106011,21,13,8,2024-12-19 08:37:15
500108194,21,13,8,2024-12-19 06:37:15
500106026,21,12,9,2024-12-19 07:38:15
500107132,21,10,9,2024-12-19 08:26:15
500113029,21,12,9,2024-12-19 05:55:15
500101002,21,10,10,2024-12-19 07:15:17
500101228,21,10,10,2024-12-19 07:46:15
500106064,21,11,10,2024-12-19 08:15:16
500108004,21,11,10,2024-12-19 08:19:15
500108086,21,9,10,2024-12-19 06:53:15
500108098,21,11,10,2024-12-19 07:53:16
500108193,21,11,10,2024-12-19 07:12:15
500112059,21,10,10,2024-12-19 08:33:16
500101228,21,9,11,2024-12-19 06:33:15
500101228,21,9,11,2024-12-19 07:22:15
500106026,21,10,11,2024-12-19 07:54:15
500108035,21,8,11,2024-12-19 06:45:16
500108162,21,9,11,2024-12-19 08:50:16
500112087,21,10,11,2024-12-19 07:16:15
500108194,21,9,12,2024-12-19 07:47:15
500112087,21,9,12,2024-12-19 08:37:15
500107158,21,8,13,2024-12-19 08:26:15
500111050,21,8,13,2024-12-19 06:56:15
500112059,21,6,13,2024-12-19 08:15:16
500103036,21,6,14,2024-12-19 06:31:15
500104048,21,5,14,2024-12-19 04:55:16
500105087,21,7,14,2024-12-19 08:13:15
500106134,21,7,14,2024-12-19 04:45:15
500107097,21,7,14,2024-12-19 08:27:16
500108076,21,6,14,2024-12-19 05:51:14
500108162,21,6,14,2024-12-19 07:44:15
500101243,21,6,15,2024-12-19 07:27:15
500108041,21,5,15,2024-12-19 07:52:15
500108162,21,5,15,2024-12-19 07:33:15
500109029,21,6,15,2024-12-19 08:32:15
500112056,21,6,15,2024-12-19 05:59:14
500101243,21,5,16,2024-12-19 05:30:15
500108076,21,4,16,2024-12-19 06:41:15
500101243,21,4,17,2024-12-19 06:46:14
500105087,21,4,17,2024-12-19 06:20:15
500112056,21,4,17,2024-12-19 08:37:15
500101243,21,3,18,2024-12-19 07:47:15
500104019,21,1,19,2024-12-19 08:17:16
500106023,21,2,19,2024-12-19 06:20:15
500106096,21,2,19,2024-12-19 06:53:14
500108035,21,2,19,2024-12-19 08:42:15
500108076,21,1,19,2024-12-19 07:27:15
500112036,21,1,20,2024-12-19 08:57:16
500112056,21,1,20,2024-12-19 06:41:15
500101243,21,0,21,2024-12-19 08:57:15
500101002,21,4,17,2024-12-19 00:40:16
500104019,21,15,2,2024-12-19 00:53:15
500106096,21,9,12,2024-12-19 00:11:14
500107140,21,3,18,2024-12-19 00:03:15
500107095,21,6,15,2024-12-19 20:18:15
500108193,21,8,13,2024-12-19 23:02:14
500112056,21,5,16,2024-12-19 23:15:14
500106026,21,7,14,2024-12-19 23:20:16
500112036,21,2,19,2024-12-19 23:34:14
500101243,21,6,15,2024-12-19 23:55:16
500112059,21,11,3,2024-12-19 00:46:15
500112036,21,14,7,2024-12-19 00:57:15
500108107,21,17,3,2024-12-19 00:36:15
500104019,21,18,3,2024-12-19 00:58:16
500111034,21,2,19,2024-12-19 22:29:14
500112087,21,4,16,2024-12-19 23:19:15
500107097,21,4,17,2024-12-19 23:11:14
500108194,21,6,15,2024-12-19 23:09:15
500104028,21,1,20,2024-12-19 22:37:15
500106096,21,20,1,2024-12-19 22:32:15
500107129,21,3,18,2024-12-19 20:53:15
500101228,21,4,17,2024-12-19 21:36:15
500108098,21,4,17,2024-12-19 21:39:15
500107014,21,6,15,2024-12-19 21:36:15
500112059,21,10,4,2024-12-19 02:47:15
500108086,21,12,7,2024-12-19 02:28:15
500104022,21,17,4,2024-12-19 01:29:15
500106134,21,6,15,2024-12-19 03:37:14
500112115,21,12,9,2024-12-19 04:12:14
500105087,21,2,19,2024-12-19 22:08:15
500111032,21,9,12,2024-12-19 22:01:15
500112059,21,20,1,2024-12-19 22:03:15
500106096,21,15,6,2024-12-19 21:59:15
500112115,21,13,8,2024-12-19 03:41:15
500107122,21,0,21,2024-12-19 22:48:16
500107132,21,3,18,2024-12-19 22:41:15
500112115,21,15,4,2024-12-19 22:49:15
500112056,21,2,19,2024-12-19 22:17:15
500107014,21,7,14,2024-12-19 22:21:15
500101002,21,12,9,2024-12-19 22:24:15
500101002,21,7,14,2024-12-19 23:31:15
500111050,21,21,0,2024-12-19 09:33:15
500101228,21,20,1,2024-12-19 12:31:15
500101228,21,20,1,2024-12-19 11:32:15
500107140,21,20,1,2024-12-19 11:38:15
500101228,21,19,2,2024-12-19 11:51:16
500107014,21,12,3,2024-12-19 12:17:16
500108076,21,16,4,2024-12-19 10:38:15
500112115,21,17,4,2024-12-19 12:56:15
500113029,21,17,4,2024-12-19 12:57:14
500107132,21,14,5,2024-12-19 10:55:17
500108041,21,15,5,2024-12-19 10:49:16
500111034,21,16,5,2024-12-19 09:27:15
500113029,21,16,5,2024-12-19 09:41:15
500103036,21,14,6,2024-12-19 12:19:16
500108098,21,15,6,2024-12-19 09:06:15
500107132,21,7,7,2024-12-19 11:45:15
500108098,21,14,7,2024-12-19 09:25:16
500103054,21,13,8,2024-12-19 08:59:15
500103036,21,11,9,2024-12-19 12:35:16
500107122,21,12,9,2024-12-19 09:36:15
500108086,21,12,9,2024-12-19 09:25:16
500111050,21,12,9,2024-12-19 12:44:14
500103036,21,10,10,2024-12-19 13:01:15
500103054,21,11,10,2024-12-19 11:58:16
500105087,21,11,10,2024-12-19 11:56:15
500107122,21,11,10,2024-12-19 10:47:16
500104028,21,10,11,2024-12-19 12:27:15
500109029,21,10,11,2024-12-19 09:28:15
500106023,21,9,12,2024-12-19 09:05:15
500107014,21,6,12,2024-12-19 09:57:15
500107122,21,9,12,2024-12-19 11:05:16
500107122,21,9,12,2024-12-19 11:23:15
500108086,21,9,12,2024-12-19 09:55:17
500109029,21,9,12,2024-12-19 10:17:16
500104028,21,8,13,2024-12-19 12:09:16
500104048,21,5,13,2024-12-19 10:18:15
500112056,21,8,13,2024-12-19 13:06:14
500112056,21,8,13,2024-12-19 09:46:16
500112115,21,8,13,2024-12-19 09:08:15
500113087,21,8,13,2024-12-19 11:14:15
500104028,21,7,14,2024-12-19 10:17:15
500108065,21,6,14,2024-12-19 12:11:16
500101002,21,5,15,2024-12-19 11:52:15
500106133,21,5,16,2024-12-19 10:04:16
500108098,21,5,16,2024-12-19 11:17:15
500108194,21,5,16,2024-12-19 11:13:15
500108098,21,4,17,2024-12-19 11:05:17
500112087,21,4,17,2024-12-19 12:13:16
500101002,21,2,18,2024-12-19 10:51:15
500101243,21,3,18,2024-12-19 12:27:14
500106011,21,3,18,2024-12-19 13:00:17
500106133,21,3,18,2024-12-19 10:23:15
500107097,21,3,18,2024-12-19 09:47:14
500108004,21,3,18,2024-12-19 09:20:16
500112059,21,2,18,2024-12-19 12:18:15
500104019,21,2,19,2024-12-19 11:35:16
500104019,21,2,19,2024-12-19 11:44:15
500104022,21,2,19,2024-12-19 09:50:16
500106026,21,2,19,2024-12-19 11:45:15
500106096,21,2,19,2024-12-19 10:27:15
500106134,21,2,19,2024-12-19 09:30:16
500104019,21,0,20,2024-12-19 10:00:18
500106064,21,1,20,2024-12-19 10:27:17
500112036,21,0,21,2024-12-19 12:18:16
500101002,21,21,0,2024-12-19 17:44:16
500108035,21,20,1,2024-12-19 19:57:15
500108035,21,19,2,2024-12-19 20:12:15
500107014,21,18,3,2024-12-19 19:42:15
500107132,21,16,5,2024-12-19 20:29:15
500106096,21,15,6,2024-12-19 19:56:16
500107014,21,15,6,2024-12-19 21:09:16
500108086,21,15,6,2024-12-19 18:54:14
500104048,21,13,7,2024-12-19 19:53:14
500106096,21,14,7,2024-12-19 19:46:15
500107014,21,14,7,2024-12-19 20:59:15
500111032,21,14,7,2024-12-19 17:25:16
500101228,21,13,8,2024-12-19 19:59:15
500101228,21,13,8,2024-12-19 18:52:15
500107132,21,13,8,2024-12-19 20:48:15
500107132,21,10,8,2024-12-19 18:55:17
500112059,21,13,8,2024-12-19 18:03:14
500103054,21,12,9,2024-12-19 21:03:15
500106096,21,12,9,2024-12-19 17:56:16
500107132,21,9,9,2024-12-19 18:37:15
500111032,21,12,9,2024-12-19 17:59:15
500112115,21,9,9,2024-12-19 20:39:16
500113029,21,10,9,2024-12-19 17:38:15
500104028,21,11,10,2024-12-19 20:45:16
500107158,21,11,10,2024-12-19 20:12:15
500101002,21,10,11,2024-12-19 19:06:16
500103036,21,8,12,2024-12-19 18:52:14
500104028,21,9,12,2024-12-19 18:56:15
500106096,21,9,12,2024-12-19 18:14:15
500108035,21,9,12,2024-12-19 17:16:16
500108035,21,7,12,2024-12-19 20:52:15
500113087,21,7,12,2024-12-19 19:45:16
500113087,21,7,12,2024-12-19 20:41:15
500107158,21,8,13,2024-12-19 17:16:16
500107158,21,8,13,2024-12-19 18:17:15
500113029,21,6,13,2024-12-19 20:08:15
500107097,21,7,14,2024-12-19 17:28:15
500107097,21,7,14,2024-12-19 17:38:16
500107122,21,7,14,2024-12-19 21:09:15
500108194,21,7,14,2024-12-19 19:40:15
500113087,21,5,14,2024-12-19 18:58:16
500103054,21,6,15,2024-12-19 20:12:15
500108194,21,6,15,2024-12-19 19:20:17
500107140,21,5,16,2024-12-19 19:34:15
500101243,21,4,17,2024-12-19 18:59:15
500107097,21,4,17,2024-12-19 19:16:15
500108076,21,4,17,2024-12-19 18:18:16
500107140,21,3,18,2024-12-19 19:59:16
500107140,21,3,18,2024-12-19 18:58:16
500108194,21,3,18,2024-12-19 18:06:15
500112036,21,3,18,2024-12-19 20:09:15
500112036,21,3,18,2024-12-19 20:36:15
500112056,21,3,18,2024-12-19 19:29:15
500112056,21,3,18,2024-12-19 18:17:15
500103036,21,1,19,2024-12-19 18:29:15
500106134,21,2,19,2024-12-19 19:21:15
500107097,21,2,19,2024-12-19 18:08:15
500107140,21,2,19,2024-12-19 20:39:16
500107140,21,2,19,2024-12-19 21:19:15
500111050,21,2,19,2024-12-19 17:46:15
500112036,21,2,19,2024-12-19 19:37:16
500106026,21,1,20,2024-12-19 17:19:15
500107129,21,1,20,2024-12-19 18:53:15
500112087,21,1,20,2024-12-19 19:06:16
500106023,21,0,21,2024-12-19 18:26:16
500107129,21,0,21,2024-12-19 19:19:16
500107140,21,0,21,2024-12-19 20:58:15
500112087,21,0,21,2024-12-19 18:20:19
500101228,21,19,2,2024-12-19 14:49:15
500101228,21,19,2,2024-12-19 15:07:15
500101228,21,18,3,2024-12-19 15:47:14
500101228,21,18,3,2024-12-19 16:44:15
500108041,21,17,3,2024-12-19 13:10:16
500113029,21,18,3,2024-12-19 14:38:15
500107132,21,10,4,2024-12-19 13:10:16
500107140,21,14,7,2024-12-19 13:18:14
500107140,21,13,8,2024-12-19 16:38:15
500107014,21,7,10,2024-12-19 13:15:15
500101002,21,10,11,2024-12-19 15:57:15
500106023,21,10,11,2024-12-19 13:34:16
500106023,21,9,12,2024-12-19 13:27:15
500106023,21,9,12,2024-12-19 13:40:16
500107122,21,9,12,2024-12-19 15:31:15
500107132,21,6,12,2024-12-19 15:19:16
500107129,21,8,13,2024-12-19 16:18:16
500108065,21,7,13,2024-12-19 15:43:15
500112036,21,8,13,2024-12-19 16:31:15
500106133,21,7,14,2024-12-19 16:44:15
500108098,21,7,14,2024-12-19 14:39:16
500111050,21,7,14,2024-12-19 16:24:15
500107097,21,6,15,2024-12-19 17:17:16
500111050,21,6,15,2024-12-19 16:45:16
500101243,21,5,16,2024-12-19 17:18:16
500101002,21,4,17,2024-12-19 13:28:15
500101243,21,4,17,2024-12-19 15:07:15
500106096,21,4,17,2024-12-19 15:06:15
500107097,21,4,17,2024-12-19 15:34:14
500106011,21,3,18,2024-12-19 15:56:15
500111050,21,3,18,2024-12-19 17:16:16
500113087,21,3,18,2024-12-19 16:16:15
500101243,21,2,19,2024-12-19 13:57:15
500101002,21,1,20,2024-12-19 15:08:15
500113029,21,14,5,2024-12-19 21:43:14
500107132,21,19,0,2024-12-19 08:47:15
500107122,21,18,3,2024-12-19 08:56:15
500101228,21,16,4,2024-12-19 08:25:16
500112059,21,14,5,2024-12-19 07:57:16
500107140,21,15,6,2024-12-19 07:37:15
500101228,21,13,7,2024-12-19 08:16:15
500107097,21,14,7,2024-12-19 07:16:15
500108065,21,13,7,2024-12-19 06:22:14
500106064,21,13,8,2024-12-19 07:26:15
500107140,21,13,8,2024-12-19 07:27:15
500108004,21,13,8,2024-12-19 06:51:15
500101228,21,11,9,2024-12-19 07:55:17
500103054,21,12,9,2024-12-19 08:52:16
500104022,21,12,9,2024-12-19 06:35:15
500108098,21,12,9,2024-12-19 07:46:15
500106011,21,11,10,2024-12-19 08:47:15
500108098,21,11,10,2024-12-19 07:33:15
500111032,21,11,10,2024-12-19 06:39:15
500113029,21,11,10,2024-12-19 06:34:15
500101002,21,9,11,2024-12-19 06:46:15
500105087,21,10,11,2024-12-19 08:26:15
500108065,21,9,11,2024-12-19 07:34:15
500111050,21,10,11,2024-12-19 07:17:14
500103036,21,8,12,2024-12-19 07:13:15
500112059,21,8,12,2024-12-19 08:47:15
500106023,21,8,13,2024-12-19 08:36:15
500107132,21,8,13,2024-12-19 06:34:15
500103036,21,6,14,2024-12-19 06:15:16
500106026,21,7,14,2024-12-19 08:01:15
500103036,21,5,15,2024-12-19 06:25:15
500107097,21,6,15,2024-12-19 08:17:15
500108076,21,5,15,2024-12-19 06:12:14
500112036,21,6,15,2024-12-19 06:10:16
500112115,21,6,15,2024-12-19 07:13:15
500107132,21,5,16,2024-12-19 05:28:14
500112059,21,3,16,2024-12-19 08:27:15
500113087,21,2,16,2024-12-19 08:01:15
500104022,21,4,17,2024-12-19 08:45:16
500106023,21,4,17,2024-12-19 08:16:15
500106064,21,4,17,2024-12-19 08:36:15
500107014,21,4,17,2024-12-19 07:47:15
500107140,21,4,17,2024-12-19 05:46:15
500108194,21,4,17,2024-12-19 08:19:15
500101243,21,3,18,2024-12-19 07:37:15
500106064,21,3,18,2024-12-19 08:41:15
500112036,21,3,18,2024-12-19 07:37:15
500101002,21,1,19,2024-12-19 07:56:15
500104019,21,1,19,2024-12-19 07:45:16
500106023,21,2,19,2024-12-19 07:34:15
500107122,21,2,19,2024-12-19 05:26:15
500112056,21,2,19,2024-12-19 07:08:15
500104028,21,1,20,2024-12-19 07:47:15
500105087,21,1,20,2024-12-19 07:43:15
500106023,21,1,20,2024-12-19 07:53:16
500108041,21,0,20,2024-12-19 07:36:15
500101243,21,7,14,2024-12-19 00:40:16
500103036,21,6,14,2024-12-19 00:21:15
500106096,21,10,11,2024-12-19 00:47:15
500108035,21,11,8,2024-12-19 00:43:15
500111050,21,6,15,2024-12-19 00:15:16
500112036,21,0,21,2024-12-19 00:24:16
500109012,22,2,20,2024-12-19 22:34:15
500105045,22,3,19,2024-12-19 22:50:15
500109043,22,14,8,2024-12-19 23:35:16
500108024,22,7,15,2024-12-19 22:51:15
500111062,22,11,11,2024-12-19 22:34:15
500105017,22,8,14,2024-12-19 01:13:15
500112058,22,8,14,2024-12-19 00:55:16
500108092,22,11,11,2024-12-19 00:18:14
500107082,22,12,10,2024-12-19 00:50:16
500110077,22,15,7,2024-12-19 01:04:14
500105027,22,17,5,2024-12-19 00:48:14
500107165,22,2,20,2024-12-19 23:05:15
500107082,22,14,8,2024-12-19 22:56:15
500101135,22,0,22,2024-12-19 22:37:17
500107165,22,0,22,2024-12-19 21:23:16
500105045,22,2,20,2024-12-19 20:19:15
500106111,22,11,11,2024-12-19 21:29:15
500105027,22,13,9,2024-12-19 21:36:15
500112095,22,18,4,2024-12-19 21:39:15
500112095,22,15,7,2024-12-19 02:49:15
500105027,22,17,5,2024-12-19 02:56:15
500109072,22,18,4,2024-12-19 01:23:15
500101205,22,2,19,2024-12-19 03:35:15
500112058,22,3,19,2024-12-19 22:05:16
500106111,22,9,13,2024-12-19 21:47:15
500112100,22,18,4,2024-12-19 22:06:14
500106105,22,3,19,2024-12-19 21:58:15
500107082,22,8,14,2024-12-19 21:55:17
500110051,22,2,19,2024-12-19 00:53:15
500119076,22,1,21,2024-12-19 01:38:16
500107168,22,3,19,2024-12-19 01:46:14
500110047,22,4,18,2024-12-19 01:43:15
500112109,22,13,5,2024-12-19 23:05:15
500107168,22,0,22,2024-12-19 22:19:15
500106111,22,8,14,2024-12-19 22:17:15
500109043,22,15,7,2024-12-19 22:14:14
500109043,22,17,5,2024-12-19 22:26:15
500112109,22,14,4,2024-12-19 22:58:15
500110051,22,20,1,2024-12-19 10:33:15
500107165,22,20,2,2024-12-19 09:57:15
500105017,22,19,3,2024-12-19 09:44:15
500119076,22,14,3,2024-12-19 11:57:16
500106061,22,17,4,2024-12-19 10:56:14
500105002,22,16,5,2024-12-19 09:43:15
500110051,22,16,5,2024-12-19 12:17:16
500106111,22,16,6,2024-12-19 10:27:16
500112095,22,16,6,2024-12-19 09:35:16
500112111,22,15,6,2024-12-19 10:16:15
500107133,22,12,7,2024-12-19 12:59:16
500107133,22,12,7,2024-12-19 10:52:15
500107151,22,14,7,2024-12-19 11:08:15
500107165,22,15,7,2024-12-19 12:21:15
500119076,22,10,7,2024-12-19 12:46:15
500119076,22,10,7,2024-12-19 12:57:14
500113027,22,13,8,2024-12-19 10:58:16
500107133,22,10,9,2024-12-19 10:20:16
500112095,22,13,9,2024-12-19 08:57:15
500112111,22,12,9,2024-12-19 11:47:16
500107168,22,12,10,2024-12-19 10:28:15
500111062,22,11,10,2024-12-19 09:57:15
500113027,22,7,10,2024-12-19 08:46:15
500108121,22,10,11,2024-12-19 11:45:15
500111062,22,11,11,2024-12-19 11:43:15
500107168,22,10,12,2024-12-19 09:48:15
500104065,22,8,14,2024-12-19 09:28:15
500109043,22,8,14,2024-12-19 09:20:16
500109043,22,7,15,2024-12-19 09:33:15
500110047,22,7,15,2024-12-19 10:55:17
500112109,22,7,15,2024-12-19 09:42:15
500113027,22,2,15,2024-12-19 09:57:15
500110047,22,6,16,2024-12-19 12:07:16
500112109,22,6,16,2024-12-19 11:07:16
500113004,22,6,16,2024-12-19 12:18:15
500107151,22,4,17,2024-12-19 11:42:16
500107168,22,5,17,2024-12-19 12:19:15
500107082,22,4,18,2024-12-19 11:48:15
500109043,22,4,18,2024-12-19 09:52:15
500107071,22,2,19,2024-12-19 12:29:16
500108024,22,3,19,2024-12-19 11:17:15
500108181,22,3,19,2024-12-19 12:52:15
500110077,22,3,19,2024-12-19 10:16:15
500112100,22,3,19,2024-12-19 11:11:15
500109043,22,2,20,2024-12-19 10:48:15
500107082,22,1,21,2024-12-19 09:32:15
500110077,22,1,21,2024-12-19 12:57:15
500110077,22,1,21,2024-12-19 10:04:16
500108181,22,0,22,2024-12-19 10:57:15
500110077,22,0,22,2024-12-19 09:46:16
500107133,22,18,2,2024-12-19 17:57:15
500109043,22,20,2,2024-12-19 18:24:16
500113063,22,19,2,2024-12-19 19:07:15
500112095,22,19,3,2024-12-19 19:07:15
500106111,22,17,5,2024-12-19 19:22:16
500113027,22,16,5,2024-12-19 17:26:15
500106111,22,15,7,2024-12-19 19:38:15
500108121,22,15,7,2024-12-19 18:53:15
500109047,22,14,7,2024-12-19 18:37:15
500109072,22,15,7,2024-12-19 18:22:16
500110077,22,15,7,2024-12-19 18:46:15
500111028,22,15,7,2024-12-19 20:59:15
500113063,22,14,7,2024-12-19 18:48:15
500110056,22,14,8,2024-12-19 18:05:16
500112111,22,12,9,2024-12-19 18:47:15
500105017,22,12,10,2024-12-19 20:23:15
500108178,22,12,10,2024-12-19 17:56:15
500110056,22,12,10,2024-12-19 21:13:16
500110077,22,11,10,2024-12-19 21:16:15
500113063,22,11,10,2024-12-19 18:14:14
500105017,22,11,11,2024-12-19 19:42:15
500108092,22,11,11,2024-12-19 18:15:17
500110056,22,11,11,2024-12-19 20:27:15
500107151,22,10,12,2024-12-19 20:36:15
500111062,22,10,12,2024-12-19 20:53:15
500111062,22,10,12,2024-12-19 18:17:15
500112100,22,10,12,2024-12-19 17:54:15
500112109,22,6,12,2024-12-19 21:15:16
500113004,22,10,12,2024-12-19 20:33:15
500107082,22,9,13,2024-12-19 19:05:16
500108181,22,9,13,2024-12-19 20:37:15
500110056,22,9,13,2024-12-19 18:56:15
500113004,22,9,13,2024-12-19 19:43:15
500107071,22,7,14,2024-12-19 20:59:15
500112109,22,4,14,2024-12-19 19:56:15
500112109,22,8,14,2024-12-19 17:59:15
500105027,22,7,15,2024-12-19 19:26:15
500110047,22,7,15,2024-12-19 17:47:16
500101135,22,6,16,2024-12-19 20:21:15
500101205,22,6,16,2024-12-19 18:48:15
500106105,22,6,16,2024-12-19 18:28:16
500107071,22,5,16,2024-12-19 20:37:16
500112058,22,6,16,2024-12-19 18:47:16
500101205,22,5,17,2024-12-19 19:04:15
500101205,22,5,17,2024-12-19 19:35:16
500106061,22,4,17,2024-12-19 20:36:15
500107168,22,5,17,2024-12-19 18:58:15
500107168,22,5,17,2024-12-19 18:43:15
500108178,22,5,17,2024-12-19 19:37:16
500113004,22,5,17,2024-12-19 18:24:16
500106061,22,3,18,2024-12-19 18:16:16
500106105,22,4,18,2024-12-19 20:12:14
500109012,22,4,18,2024-12-19 19:00:18
500110047,22,4,18,2024-12-19 19:06:16
500112111,22,3,18,2024-12-19 20:33:15
500113004,22,4,18,2024-12-19 18:44:16
500113027,22,3,18,2024-12-19 18:04:16
500119076,22,4,18,2024-12-19 19:49:15
500101135,22,3,19,2024-12-19 21:07:16
500106105,22,3,19,2024-12-19 20:58:14
500107168,22,3,19,2024-12-19 21:03:15
500108024,22,3,19,2024-12-19 18:51:16
500110051,22,2,19,2024-12-19 18:32:16
500110077,22,3,19,2024-12-19 17:28:15
500110077,22,3,19,2024-12-19 17:45:16
500119076,22,3,19,2024-12-19 19:50:15
500101135,22,2,20,2024-12-19 19:34:16
500101135,22,2,20,2024-12-19 19:47:15
500105045,22,2,20,2024-12-19 17:18:16
500107071,22,1,20,2024-12-19 18:08:16
500105002,22,1,21,2024-12-19 20:39:16
500107165,22,1,21,2024-12-19 20:53:15
500110051,22,0,21,2024-12-19 20:05:17
500119076,22,1,21,2024-12-19 20:47:15
500105002,22,0,22,2024-12-19 19:13:15
500105002,22,0,22,2024-12-19 18:16:15
500108024,22,0,22,2024-12-19 18:07:16
500119076,22,0,22,2024-12-19 17:27:16
500101205,22,21,0,2024-12-19 13:57:15
500110051,22,21,0,2024-12-19 13:15:15
500112058,22,22,0,2024-12-19 13:56:15
500101205,22,19,2,2024-12-19 14:01:17
500106111,22,20,2,2024-12-19 15:58:15
500119076,22,15,2,2024-12-19 13:34:16
500107151,22,19,3,2024-12-19 15:46:16
500101205,22,16,6,2024-12-19 14:49:15
500110051,22,15,6,2024-12-19 16:11:15
500113027,22,15,6,2024-12-19 17:17:16
500107133,22,13,7,2024-12-19 16:34:16
500107133,22,12,7,2024-12-19 14:44:15
500111062,22,15,7,2024-12-19 16:27:16
500108092,22,14,8,2024-12-19 14:36:15
500113027,22,13,8,2024-12-19 16:55:17
500108092,22,13,9,2024-12-19 15:16:15
500108181,22,9,13,2024-12-19 16:51:16
500110056,22,9,13,2024-12-19 13:09:15
500108092,22,8,14,2024-12-19 17:05:17
500112058,22,8,14,2024-12-19 17:08:16
500113063,22,7,14,2024-12-19 16:00:17
500104065,22,7,15,2024-12-19 15:27:15
500106105,22,7,15,2024-12-19 14:28:15
500119076,22,2,15,2024-12-19 15:20:15
500108181,22,6,16,2024-12-19 15:41:15
500109012,22,6,16,2024-12-19 16:44:15
500109043,22,6,16,2024-12-19 16:26:15
500107071,22,4,17,2024-12-19 16:44:15
500107082,22,5,17,2024-12-19 13:19:15
500107082,22,5,17,2024-12-19 16:53:15
500110077,22,5,17,2024-12-19 17:08:16
500110077,22,5,17,2024-12-19 14:46:15
500107071,22,3,18,2024-12-19 16:36:15
500106105,22,3,19,2024-12-19 15:55:16
500106105,22,3,19,2024-12-19 14:48:15
500112100,22,3,19,2024-12-19 16:38:15
500112109,22,3,19,2024-12-19 15:32:14
500113027,22,19,2,2024-12-19 21:42:15
500101135,22,22,0,2024-12-19 08:37:16
500101205,22,21,0,2024-12-19 08:34:16
500112058,22,21,1,2024-12-19 07:16:15
500112100,22,21,1,2024-12-19 07:56:16
500107165,22,20,2,2024-12-19 08:47:15
500107168,22,20,2,2024-12-19 08:46:15
500108181,22,20,2,2024-12-19 07:58:15
500109047,22,19,2,2024-12-19 07:53:15
500113027,22,14,3,2024-12-19 08:09:15
500105017,22,18,4,2024-12-19 06:55:15
500106105,22,18,4,2024-12-19 07:57:16
500108092,22,18,4,2024-12-19 07:57:16
500112109,22,17,4,2024-12-19 05:55:16
500113027,22,11,4,2024-12-19 07:16:15
500119076,22,18,4,2024-12-19 08:25:16
500105027,22,17,5,2024-12-19 05:01:14
500109043,22,17,5,2024-12-19 05:12:14
500110051,22,16,5,2024-12-19 07:26:14
500109047,22,15,6,2024-12-19 07:36:15
500110047,22,16,6,2024-12-19 06:49:15
500112100,22,13,6,2024-12-19 07:15:17
500113004,22,16,6,2024-12-19 08:16:15
500113063,22,14,6,2024-12-19 06:47:15
500105027,22,15,7,2024-12-19 06:56:15
500111062,22,14,7,2024-12-19 08:43:15
500112095,22,15,7,2024-12-19 06:47:15
500105017,22,14,8,2024-12-19 08:45:16
500109072,22,14,8,2024-12-19 06:51:15
500113004,22,14,8,2024-12-19 08:47:15
500105017,22,13,9,2024-12-19 05:47:15
500105027,22,13,9,2024-12-19 07:14:15
500107165,22,13,9,2024-12-19 07:56:15
500110056,22,13,9,2024-12-19 06:02:14
500112095,22,13,9,2024-12-19 07:12:15
500112111,22,12,9,2024-12-19 06:15:16
500108024,22,12,10,2024-12-19 07:34:15
500108024,22,11,11,2024-12-19 06:38:15
500112100,22,8,11,2024-12-19 07:46:15
500110047,22,10,12,2024-12-19 07:42:15
500111028,22,10,12,2024-12-19 06:39:14
500112058,22,10,12,2024-12-19 08:17:15
500112109,22,10,12,2024-12-19 08:55:16
500113004,22,10,12,2024-12-19 06:53:15
500107133,22,6,13,2024-12-19 07:35:16
500108024,22,9,13,2024-12-19 07:17:14
500101205,22,7,14,2024-12-19 06:05:16
500106111,22,8,14,2024-12-19 06:08:14
500107071,22,7,14,2024-12-19 06:00:16
500107082,22,8,14,2024-12-19 06:56:15
500110056,22,8,14,2024-12-19 08:57:15
500112095,22,8,14,2024-12-19 07:33:15
500105017,22,7,15,2024-12-19 08:12:15
500105027,22,7,15,2024-12-19 07:46:15
500106105,22,7,15,2024-12-19 06:10:16
500113063,22,6,15,2024-12-19 08:37:15
500107165,22,6,16,2024-12-19 07:17:14
500107071,22,4,17,2024-12-19 06:53:15
500107168,22,5,17,2024-12-19 05:15:15
500107071,22,3,18,2024-12-19 07:57:16
500108024,22,4,18,2024-12-19 08:47:15
500109047,22,2,19,2024-12-19 06:41:15
500110056,22,3,19,2024-12-19 08:46:15
500105027,22,1,21,2024-12-19 08:37:15
500107071,22,0,21,2024-12-19 08:27:15
500109043,22,0,22,2024-12-19 08:16:15
500105017,22,9,13,2024-12-19 00:24:15
500110047,22,5,17,2024-12-19 00:42:15
500112058,22,1,21,2024-12-19 00:46:15
500112109,22,16,4,2024-12-19 00:17:15
500112058,22,3,19,2024-12-19 23:46:15
500110077,22,14,8,2024-12-19 00:54:15
500111028,22,14,8,2024-12-19 00:42:15
500106111,22,5,17,2024-12-19 23:35:15
500104065,22,6,16,2024-12-19 19:09:15
500104066,22,10,11,2024-12-19 20:17:15
500108181,22,16,6,2024-12-19 23:56:14
500107168,22,0,22,2024-12-19 00:36:15
500101135,22,2,20,2024-12-19 00:32:15
500107071,22,7,14,2024-12-19 00:11:14
500107165,22,8,14,2024-12-19 00:52:15
500112111,22,13,8,2024-12-19 01:03:15
500112095,22,14,8,2024-12-19 00:38:14
500113063,22,15,5,2024-12-19 00:06:15
500101135,22,16,6,2024-12-19 23:17:14
500113063,22,19,2,2024-12-19 22:58:15
500112058,22,1,21,2024-12-19 22:38:15
500107082,22,12,10,2024-12-19 22:37:15
500105017,22,13,9,2024-12-19 22:04:15
500109072,22,13,9,2024-12-19 20:28:15
500112095,22,18,4,2024-12-19 22:29:14
500107082,22,6,16,2024-12-19 21:20:16
500109043,22,9,13,2024-12-19 21:30:16
500112058,22,9,13,2024-12-19 02:04:15
500113063,22,16,4,2024-12-19 01:50:15
500106105,22,1,21,2024-12-19 22:09:15
500108024,22,6,16,2024-12-19 22:05:16
500107082,22,9,13,2024-12-19 22:00:16
500107071,22,10,11,2024-12-19 21:55:17
500110056,22,11,11,2024-12-19 22:09:15
500112109,22,18,3,2024-12-19 03:24:15
500105002,22,1,21,2024-12-19 23:59:15
500110077,22,9,12,2024-12-19 22:42:15
500113063,22,16,4,2024-12-19 04:30:15
500112058,22,1,21,2024-12-19 22:55:16
500105002,22,4,18,2024-12-19 22:56:14
500110047,22,4,18,2024-12-19 23:08:15
500110077,22,9,12,2024-12-19 22:26:15
500111062,22,10,12,2024-12-19 22:24:15
500110051,22,2,19,2024-12-19 23:24:15
500109043,22,18,4,2024-12-19 23:33:15
500101205,22,21,0,2024-12-19 12:48:16
500107165,22,22,0,2024-12-19 09:26:15
500110051,22,20,1,2024-12-19 10:48:15
500112058,22,21,1,2024-12-19 09:25:17
500107151,22,19,2,2024-12-19 09:40:16
500109047,22,19,2,2024-12-19 09:31:15
500112058,22,20,2,2024-12-19 11:24:15
500105017,22,18,4,2024-12-19 09:25:16
500107151,22,17,4,2024-12-19 10:28:15
500107133,22,14,5,2024-12-19 10:46:15
500107165,22,17,5,2024-12-19 12:36:15
500101135,22,16,6,2024-12-19 09:46:16
500105002,22,15,6,2024-12-19 10:58:16
500107133,22,13,6,2024-12-19 09:29:15
500107165,22,16,6,2024-12-19 12:17:16
500112095,22,15,7,2024-12-19 09:41:15
500112111,22,14,7,2024-12-19 09:29:15
500108092,22,14,8,2024-12-19 11:38:15
500112095,22,14,8,2024-12-19 10:40:16
500105017,22,13,9,2024-12-19 10:16:15
500110056,22,13,9,2024-12-19 10:04:15
500110056,22,13,9,2024-12-19 10:38:15
500112095,22,13,9,2024-12-19 12:18:15
500107133,22,9,10,2024-12-19 10:14:15
500112095,22,12,10,2024-12-19 12:55:15
500106105,22,11,11,2024-12-19 09:35:16
500111028,22,11,11,2024-12-19 09:26:15
500111062,22,10,11,2024-12-19 09:02:15
500111028,22,10,12,2024-12-19 09:07:15
500111028,22,10,12,2024-12-19 09:36:15
500113004,22,10,12,2024-12-19 09:31:15
500105017,22,9,13,2024-12-19 11:49:16
500109043,22,9,13,2024-12-19 09:03:14
500101135,22,8,14,2024-12-19 11:55:18
500106105,22,7,15,2024-12-19 12:58:15
500107071,22,6,15,2024-12-19 09:57:15
500112109,22,7,15,2024-12-19 10:16:15
500110047,22,6,16,2024-12-19 11:17:15
500110056,22,6,16,2024-12-19 12:45:15
500111028,22,6,16,2024-12-19 12:55:16
500112109,22,6,16,2024-12-19 09:36:15
500113063,22,5,16,2024-12-19 10:55:17
500110056,22,5,17,2024-12-19 11:47:16
500113063,22,4,17,2024-12-19 09:19:15
500109012,22,4,18,2024-12-19 10:05:15
500110077,22,4,18,2024-12-19 10:40:16
500112109,22,4,18,2024-12-19 12:27:15
500113004,22,4,18,2024-12-19 11:13:15
500107071,22,2,19,2024-12-19 12:18:15
500108024,22,3,19,2024-12-19 10:50:18
500108181,22,3,19,2024-12-19 10:26:14
500109043,22,3,19,2024-12-19 10:23:15
500110077,22,3,19,2024-12-19 10:32:15
500113063,22,2,19,2024-12-19 12:08:15
500105045,22,2,20,2024-12-19 08:17:15
500108024,22,2,20,2024-12-19 11:38:15
500110047,22,2,20,2024-12-19 10:05:16
500110077,22,1,21,2024-12-19 12:59:15
500110077,22,1,21,2024-12-19 09:53:17
500113063,22,0,21,2024-12-19 12:37:15
500108181,22,0,22,2024-12-19 08:52:15
500112058,22,22,0,2024-12-19 17:59:15
500113063,22,20,1,2024-12-19 21:06:15
500107133,22,18,2,2024-12-19 18:09:16
500107133,22,17,3,2024-12-19 17:48:15
500110077,22,19,3,2024-12-19 19:38:15
500112095,22,19,3,2024-12-19 21:09:16
500109047,22,17,4,2024-12-19 19:34:15
500112095,22,18,4,2024-12-19 21:10:16
500108181,22,17,5,2024-12-19 17:54:15
500112095,22,17,5,2024-12-19 17:45:16
500113063,22,16,5,2024-12-19 18:51:16
500112095,22,16,6,2024-12-19 17:22:16
500107133,22,13,7,2024-12-19 19:43:15
500110056,22,15,7,2024-12-19 17:28:15
500109072,22,14,8,2024-12-19 19:11:15
500111028,22,14,8,2024-12-19 21:02:15
500113063,22,13,8,2024-12-19 18:29:16
500111028,22,13,9,2024-12-19 19:38:15
500111062,22,13,9,2024-12-19 17:55:17
500112058,22,13,9,2024-12-19 20:09:15
500113027,22,12,9,2024-12-19 19:35:16
500105017,22,12,10,2024-12-19 21:06:15
500104066,22,10,11,2024-12-19 18:46:15
500105027,22,11,11,2024-12-19 20:53:15
500108092,22,11,11,2024-12-19 17:55:17
500110077,22,11,11,2024-12-19 20:38:15
500105017,22,10,12,2024-12-19 19:17:15
500105027,22,10,12,2024-12-19 20:45:16
500111028,22,10,12,2024-12-19 19:07:15
500112109,22,5,13,2024-12-19 20:38:15
500113004,22,9,13,2024-12-19 20:54:15
500105017,22,8,14,2024-12-19 17:38:16
500112109,22,8,14,2024-12-19 18:08:15
500110047,22,7,15,2024-12-19 20:06:14
500110047,22,7,15,2024-12-19 20:29:15
500110047,22,7,15,2024-12-19 20:58:15
500106061,22,5,16,2024-12-19 17:31:15
500108181,22,6,16,2024-12-19 18:52:15
500112111,22,5,16,2024-12-19 20:59:15
500106061,22,4,17,2024-12-19 20:01:15
500107151,22,5,17,2024-12-19 19:15:16
500107151,22,5,17,2024-12-19 18:54:15
500110047,22,5,17,2024-12-19 19:59:16
500110047,22,5,17,2024-12-19 20:39:15
500112058,22,5,17,2024-12-19 18:57:15
500101135,22,4,18,2024-12-19 19:58:15
500106061,22,3,18,2024-12-19 17:59:15
500106061,22,3,18,2024-12-19 21:07:16
500106105,22,4,18,2024-12-19 18:18:16
500110047,22,4,18,2024-12-19 21:09:16
500111028,22,4,18,2024-12-19 18:42:16
500101135,22,2,20,2024-12-19 20:48:15
500105027,22,2,20,2024-12-19 17:54:15
500108024,22,2,20,2024-12-19 17:31:15
500110047,22,2,20,2024-12-19 19:16:15
500110047,22,2,20,2024-12-19 18:35:16
500110051,22,1,20,2024-12-19 20:58:14
500113004,22,2,20,2024-12-19 18:06:15
500110051,22,0,21,2024-12-19 20:42:16
500113004,22,1,21,2024-12-19 17:58:16
500119076,22,1,21,2024-12-19 20:09:15
500119076,22,1,21,2024-12-19 19:37:16
500101135,22,0,22,2024-12-19 18:17:15
500105002,22,0,22,2024-12-19 17:48:16
500113004,22,0,22,2024-12-19 17:34:15
500119076,22,0,22,2024-12-19 17:37:16
500119076,22,0,22,2024-12-19 19:17:16
500112058,22,22,0,2024-12-19 14:45:16
500107151,22,19,3,2024-12-19 13:33:15
500112058,22,19,3,2024-12-19 14:16:15
500107151,22,16,6,2024-12-19 16:18:16
500107165,22,16,6,2024-12-19 13:53:15
500107165,22,16,6,2024-12-19 14:56:14
500119076,22,11,6,2024-12-19 13:17:15
500110051,22,14,7,2024-12-19 15:40:16
500110056,22,15,7,2024-12-19 17:15:17
500113027,22,14,7,2024-12-19 16:13:15
500101135,22,14,8,2024-12-19 15:08:14
500112095,22,14,8,2024-12-19 16:38:15
500112095,22,13,9,2024-12-19 16:19:15
500119076,22,13,9,2024-12-19 16:27:15
500108178,22,12,10,2024-12-19 14:44:15
500112095,22,12,10,2024-12-19 16:00:17
500109043,22,10,12,2024-12-19 17:09:15
500111028,22,10,12,2024-12-19 15:58:15
500119076,22,5,12,2024-12-19 14:32:14
500105017,22,8,14,2024-12-19 15:55:16
500106061,22,7,14,2024-12-19 14:56:14
500119076,22,3,14,2024-12-19 15:08:14
500119076,22,3,14,2024-12-19 15:38:15
500113063,22,6,15,2024-12-19 16:48:16
500106105,22,6,16,2024-12-19 14:35:15
500109012,22,6,16,2024-12-19 14:00:17
500113063,22,5,16,2024-12-19 15:17:16
500119076,22,6,16,2024-12-19 16:35:15
500119076,22,6,16,2024-12-19 16:56:15
500106105,22,5,17,2024-12-19 13:39:15
500110047,22,5,17,2024-12-19 16:38:15
500105002,22,3,18,2024-12-19 13:56:14
500110077,22,4,18,2024-12-19 16:56:15
500112109,22,4,18,2024-12-19 15:47:14
500105045,22,3,19,2024-12-19 14:52:15
500112109,22,3,19,2024-12-19 16:13:15
500109043,22,2,20,2024-12-19 15:55:16
500119076,22,0,22,2024-12-19 17:18:15
500110047,22,9,13,2024-12-19 21:45:15
500110056,22,11,11,2024-12-19 21:49:15
500109047,22,21,0,2024-12-19 08:33:16
500112058,22,22,0,2024-12-19 08:47:15
500101135,22,21,1,2024-12-19 08:41:15
500108092,22,20,2,2024-12-19 07:36:15
500108181,22,20,2,2024-12-19 07:27:15
500112058,22,20,2,2024-12-19 07:47:15
500107168,22,19,3,2024-12-19 08:56:16
500111062,22,18,3,2024-12-19 07:50:16
500113027,22,12,3,2024-12-19 06:56:15
500106105,22,18,4,2024-12-19 08:35:16
500107151,22,18,4,2024-12-19 06:56:14
500108092,22,18,4,2024-12-19 08:44:16
500108092,22,17,5,2024-12-19 08:00:17
500110051,22,16,5,2024-12-19 07:45:15
500105017,22,16,6,2024-12-19 07:09:15
500106061,22,15,6,2024-12-19 07:40:15
500111062,22,15,6,2024-12-19 08:32:15
500112058,22,15,7,2024-12-19 08:27:16
500112095,22,15,7,2024-12-19 06:26:15
500105017,22,14,8,2024-12-19 06:05:16
500108181,22,11,11,2024-12-19 06:15:16
500113063,22,9,11,2024-12-19 07:21:15
500106111,22,10,12,2024-12-19 07:49:16
500108181,22,10,12,2024-12-19 07:16:15
500107168,22,9,13,2024-12-19 07:52:15
500109012,22,9,13,2024-12-19 07:35:16
500107151,22,8,14,2024-12-19 05:29:15
500109012,22,8,14,2024-12-19 08:04:15
500101205,22,6,15,2024-12-19 06:39:15
500105017,22,7,15,2024-12-19 08:26:15
500107082,22,7,15,2024-12-19 07:02:15
500108121,22,6,15,2024-12-19 08:37:15
500109012,22,7,15,2024-12-19 07:16:15
500101205,22,5,16,2024-12-19 07:36:15
500112095,22,5,17,2024-12-19 07:46:15
500110077,22,3,19,2024-12-19 08:23:15
500110056,22,2,20,2024-12-19 08:00:20
500110077,22,2,20,2024-12-19 08:17:15
500110077,22,1,21,2024-12-19 08:03:15
500110047,22,0,22,2024-12-19 08:22:15
500110077,22,13,9,2024-12-19 00:12:15
500111028,22,13,9,2024-12-19 00:24:14
500112058,22,1,21,2024-12-19 00:12:14
500106061,22,8,13,2024-12-19 23:47:15
500106105,22,1,21,2024-12-19 00:28:14
500109043,22,15,7,2024-12-19 00:42:15
500108092,22,9,13,2024-12-19 21:48:15
500109072,22,14,8,2024-12-19 23:10:15
500107151,22,8,14,2024-12-19 22:32:15
500112095,22,22,0,2024-12-19 23:19:15
500106105,22,2,20,2024-12-19 00:51:14
500112111,22,8,13,2024-12-19 23:09:15
500108181,22,14,8,2024-12-19 22:11:15
500105002,22,0,22,2024-12-19 22:32:15
500108121,22,14,8,2024-12-19 22:31:16
500110051,22,0,21,2024-12-19 21:21:16
500101135,22,1,21,2024-12-19 21:35:16
500119076,22,1,21,2024-12-19 21:32:15
500101205,22,2,20,2024-12-19 21:25:16
500107168,22,4,18,2024-12-19 21:31:15
500106061,22,7,14,2024-12-19 01:33:15
500105017,22,10,12,2024-12-19 03:50:15
500112109,22,9,9,2024-12-19 21:54:14
500110056,22,11,11,2024-12-19 21:58:14
500112095,22,19,3,2024-12-19 21:48:16
500112100,22,14,4,2024-12-19 01:03:15
500110047,22,6,16,2024-12-19 22:49:14
500105002,22,2,19,2024-12-19 04:33:15
500108178,22,4,18,2024-12-19 22:13:15
500107082,22,10,12,2024-12-19 22:18:15
500107082,22,11,11,2024-12-19 22:21:15
500105027,22,13,9,2024-12-19 22:22:17
500107133,22,7,13,2024-12-19 03:28:14
500112109,22,19,2,2024-12-19 01:50:15
500105002,22,4,18,2024-12-19 23:26:15
500101135,22,17,5,2024-12-19 23:24:15
500119076,22,1,21,2024-12-19 01:36:15
500101205,22,21,0,2024-12-19 12:14:16
500107165,22,22,0,2024-12-19 08:56:16
500108178,22,22,0,2024-12-19 08:58:15
500109047,22,21,0,2024-12-19 10:20:18
500110051,22,21,0,2024-12-19 12:27:15
500110051,22,21,0,2024-12-19 09:08:16
500110051,22,21,0,2024-12-19 10:18:15
500112058,22,22,0,2024-12-19 10:27:17
500101205,22,20,1,2024-12-19 11:27:15
500106061,22,20,1,2024-12-19 09:08:16
500109047,22,20,1,2024-12-19 11:23:14
500109047,22,20,1,2024-12-19 10:45:16
500119076,22,16,1,2024-12-19 11:10:17
500106061,22,19,2,2024-12-19 12:38:15
500109047,22,19,2,2024-12-19 09:23:15
500109047,22,19,2,2024-12-19 11:17:15
500105017,22,19,3,2024-12-19 09:30:16
500106061,22,17,4,2024-12-19 11:12:16
500110051,22,17,4,2024-12-19 11:15:16
500106061,22,16,5,2024-12-19 10:48:15
500106061,22,16,5,2024-12-19 11:04:15
500106111,22,17,5,2024-12-19 10:01:16
500107133,22,14,5,2024-12-19 09:22:15
500110051,22,16,5,2024-12-19 12:07:16
500112111,22,16,5,2024-12-19 08:53:15
500106111,22,16,6,2024-12-19 09:09:15
500107151,22,16,6,2024-12-19 12:26:15
500108092,22,16,6,2024-12-19 12:44:14
500112111,22,15,6,2024-12-19 10:06:15
500106111,22,15,7,2024-12-19 09:06:15
500108092,22,15,7,2024-12-19 12:17:16
500112095,22,15,7,2024-12-19 09:52:14
500107133,22,11,8,2024-12-19 09:51:14
500109072,22,13,9,2024-12-19 12:08:15
500110051,22,12,9,2024-12-19 11:47:16
500101135,22,12,10,2024-12-19 10:03:15
500112111,22,11,10,2024-12-19 11:27:15
500101135,22,11,11,2024-12-19 10:22:16
500105017,22,11,11,2024-12-19 10:33:15
500106105,22,11,11,2024-12-19 09:45:15
500107133,22,8,11,2024-12-19 12:00:18
500107168,22,11,11,2024-12-19 11:05:17
500112100,22,11,11,2024-12-19 09:08:15
500106105,22,10,12,2024-12-19 11:33:16
500111062,22,10,12,2024-12-19 12:12:15
500106061,22,8,13,2024-12-19 12:48:15
500106105,22,9,13,2024-12-19 10:34:15
500112109,22,9,13,2024-12-19 09:27:14
500101135,22,8,14,2024-12-19 11:32:15
500106105,22,8,14,2024-12-19 12:59:16
500106105,22,8,14,2024-12-19 11:07:16
500106105,22,8,14,2024-12-19 11:27:15
500109012,22,8,14,2024-12-19 09:05:16
500110056,22,8,14,2024-12-19 11:07:16
500101135,22,6,16,2024-12-19 11:18:16
500107082,22,6,16,2024-12-19 11:04:15
500107082,22,5,17,2024-12-19 11:11:15
500108181,22,5,17,2024-12-19 10:15:15
500110056,22,5,17,2024-12-19 12:56:15
500112100,22,5,17,2024-12-19 10:27:16
500113063,22,4,17,2024-12-19 09:09:15
500113063,22,4,17,2024-12-19 10:46:15
500108024,22,4,18,2024-12-19 11:00:18
500112109,22,4,18,2024-12-19 11:21:15
500109043,22,3,19,2024-12-19 10:07:16
500113004,22,3,19,2024-12-19 11:32:15
500113004,22,3,19,2024-12-19 11:46:15
500107071,22,1,20,2024-12-19 11:47:16
500109043,22,2,20,2024-12-19 11:03:16
500112109,22,2,20,2024-12-19 11:52:15
500107071,22,0,21,2024-12-19 09:40:19
500108024,22,1,21,2024-12-19 11:44:15
500109072,22,1,21,2024-12-19 09:27:15
500110077,22,0,22,2024-12-19 12:48:16
500110077,22,22,0,2024-12-19 20:09:15
500107133,22,19,1,2024-12-19 18:06:15
500107133,22,19,1,2024-12-19 18:23:16
500110077,22,21,1,2024-12-19 20:29:14
500112109,22,21,1,2024-12-19 19:15:16
500110077,22,20,2,2024-12-19 19:53:14
500109047,22,18,3,2024-12-19 19:39:15
500109047,22,18,3,2024-12-19 17:42:15
500109043,22,18,4,2024-12-19 18:16:15
500112095,22,18,4,2024-12-19 20:03:15
500112095,22,18,4,2024-12-19 18:33:16
500112095,22,17,5,2024-12-19 17:36:15
500112095,22,17,5,2024-12-19 18:48:15
500113063,22,14,7,2024-12-19 18:36:16
500108092,22,13,9,2024-12-19 20:43:15
500111028,22,13,9,2024-12-19 20:00:17
500112100,22,13,9,2024-12-19 20:56:15
500112111,22,11,10,2024-12-19 18:30:17
500113063,22,11,10,2024-12-19 18:08:16
500105017,22,11,11,2024-12-19 19:59:15
500108121,22,11,11,2024-12-19 21:07:16
500108181,22,11,11,2024-12-19 20:08:15
500111062,22,11,11,2024-12-19 18:29:16
500105017,22,10,12,2024-12-19 19:06:15
500108121,22,10,12,2024-12-19 20:07:16
500110056,22,10,12,2024-12-19 19:25:15
500113063,22,9,12,2024-12-19 17:28:15
500112109,22,5,13,2024-12-19 20:05:16
500101205,22,8,14,2024-12-19 17:25:16
500106061,22,7,14,2024-12-19 17:27:16
500106105,22,8,14,2024-12-19 20:39:16
500107082,22,8,14,2024-12-19 18:44:16
500107151,22,8,14,2024-12-19 19:04:15
500108024,22,8,14,2024-12-19 19:45:16
500108178,22,8,14,2024-12-19 18:41:15
500111028,22,8,14,2024-12-19 18:57:15
500112109,22,4,14,2024-12-19 20:29:15
500101205,22,7,15,2024-12-19 18:08:16
500106105,22,7,15,2024-12-19 21:20:16
500107082,22,7,15,2024-12-19 19:58:15
500107133,22,5,15,2024-12-19 20:26:16
500107151,22,7,15,2024-12-19 18:16:16
500110047,22,7,15,2024-12-19 17:59:15
500112111,22,6,15,2024-12-19 19:09:15
500106105,22,6,16,2024-12-19 17:38:16
500106105,22,6,16,2024-12-19 20:49:15
500106105,22,6,16,2024-12-19 18:43:15
500107082,22,6,16,2024-12-19 18:18:16
500108024,22,6,16,2024-12-19 20:29:15
500109012,22,6,16,2024-12-19 17:25:16
500109012,22,6,16,2024-12-19 18:06:15
500113004,22,6,16,2024-12-19 18:55:16
500110047,22,5,17,2024-12-19 18:29:16
500113004,22,5,17,2024-12-19 18:37:15
500101135,22,4,18,2024-12-19 20:59:15
500101205,22,4,18,2024-12-19 19:14:15
500105027,22,4,18,2024-12-19 17:14:16
500109043,22,4,18,2024-12-19 19:20:17
500110077,22,4,18,2024-12-19 17:29:15
500112100,22,4,18,2024-12-19 17:34:15
500105027,22,3,19,2024-12-19 17:37:16
500106105,22,3,19,2024-12-19 18:08:16
500109043,22,3,19,2024-12-19 20:22:15
500101135,22,2,20,2024-12-19 18:36:16
500105002,22,2,20,2024-12-19 20:57:16
500106105,22,2,20,2024-12-19 19:34:15
500109043,22,2,20,2024-12-19 18:57:15
500110047,22,2,20,2024-12-19 18:46:15
500101135,22,1,21,2024-12-19 17:32:15
500105002,22,1,21,2024-12-19 21:09:15
500105045,22,1,21,2024-12-19 18:35:16
500110051,22,0,21,2024-12-19 21:19:16
500101135,22,0,22,2024-12-19 19:17:16
500113004,22,0,22,2024-12-19 16:56:15
500119076,22,17,0,2024-12-19 13:52:15
500119076,22,16,1,2024-12-19 13:47:15
500107151,22,20,2,2024-12-19 14:08:15
500110051,22,18,3,2024-12-19 16:50:17
500107151,22,17,5,2024-12-19 14:57:15
500109047,22,16,5,2024-12-19 17:16:16
500111062,22,17,5,2024-12-19 15:30:17
500119076,22,12,5,2024-12-19 13:27:15
500107133,22,14,6,2024-12-19 16:25:15
500110051,22,15,6,2024-12-19 14:49:18
500111062,22,16,6,2024-12-19 16:07:15
500110056,22,15,7,2024-12-19 16:52:14
500111062,22,15,7,2024-12-19 17:04:15
500101135,22,14,8,2024-12-19 14:54:15
500108121,22,12,9,2024-12-19 13:56:14
500108121,22,13,9,2024-12-19 16:19:15
500110056,22,13,9,2024-12-19 16:26:15
500107165,22,12,10,2024-12-19 16:48:16
500101205,22,11,11,2024-12-19 17:18:16
500108181,22,9,13,2024-12-19 16:20:17
500109043,22,9,13,2024-12-19 16:43:15
500119076,22,3,14,2024-12-19 15:18:15
500106105,22,7,15,2024-12-19 13:26:16
500107082,22,6,16,2024-12-19 15:17:15
500109012,22,6,16,2024-12-19 17:06:16
500105027,22,5,17,2024-12-19 16:24:15
500108181,22,5,17,2024-12-19 14:10:17
500109043,22,5,17,2024-12-19 16:17:15
500110047,22,3,19,2024-12-19 13:20:17
500110077,22,3,19,2024-12-19 15:05:16
500112100,22,2,20,2024-12-19 17:17:16
500101135,22,1,21,2024-12-19 16:18:16
500110047,22,1,21,2024-12-19 15:23:15
500119076,22,0,22,2024-12-19 17:08:16
500106061,22,1,20,2024-12-19 21:49:15
500110051,22,1,20,2024-12-19 21:49:15
500112058,22,21,1,2024-12-19 06:56:16
500112058,22,21,1,2024-12-19 08:02:15
500108178,22,20,2,2024-12-19 08:17:15
500111062,22,19,2,2024-12-19 07:59:15
500113027,22,15,2,2024-12-19 08:03:15
500106105,22,19,3,2024-12-19 08:26:15
500113063,22,16,4,2024-12-19 06:30:17
500107151,22,16,5,2024-12-19 08:46:14
500107151,22,17,5,2024-12-19 07:17:14
500107168,22,17,5,2024-12-19 08:35:16
500108181,22,17,5,2024-12-19 07:31:15
500109072,22,17,5,2024-12-19 06:06:14
500111062,22,16,5,2024-12-19 07:36:15
500112109,22,16,5,2024-12-19 06:44:14
500105002,22,15,6,2024-12-19 08:45:16
500112111,22,15,6,2024-12-19 08:43:15
500113063,22,14,6,2024-12-19 06:12:15
500106061,22,14,7,2024-12-19 07:33:15
500106105,22,15,7,2024-12-19 08:47:15
500112058,22,15,7,2024-12-19 06:27:15
500113027,22,10,7,2024-12-19 08:37:15
500105017,22,14,8,2024-12-19 07:45:16
500106061,22,13,8,2024-12-19 07:24:15
500110077,22,14,8,2024-12-19 04:54:15
500112095,22,14,8,2024-12-19 05:35:15
500113004,22,14,8,2024-12-19 08:32:14
500113004,22,14,8,2024-12-19 05:57:15
500106105,22,13,9,2024-12-19 07:16:15
500110077,22,13,9,2024-12-19 05:06:15
500106061,22,11,10,2024-12-19 07:16:15
500110056,22,12,10,2024-12-19 06:37:15
500110056,22,12,10,2024-12-19 06:41:15
500112095,22,12,10,2024-12-19 07:24:15
500112111,22,11,10,2024-12-19 06:52:15
500107133,22,8,11,2024-12-19 06:39:15
500109043,22,11,11,2024-12-19 07:15:17
500108024,22,10,12,2024-12-19 07:50:16
500108181,22,10,12,2024-12-19 06:33:15
500112058,22,10,12,2024-12-19 04:50:15
500113063,22,9,12,2024-12-19 08:24:15
500113063,22,8,12,2024-12-19 07:37:15
500105002,22,7,14,2024-12-19 07:47:15
500105002,22,6,15,2024-12-19 07:37:15
500106111,22,7,15,2024-12-19 06:04:14
500108024,22,7,15,2024-12-19 08:32:15
500108181,22,7,15,2024-12-19 08:32:15
500109012,22,7,15,2024-12-19 08:27:16
500104065,22,6,16,2024-12-19 07:58:15
500104065,22,6,16,2024-12-19 08:24:15
500107082,22,6,16,2024-12-19 08:15:16
500109047,22,5,16,2024-12-19 06:56:15
500109072,22,6,16,2024-12-19 07:26:15
500107082,22,5,17,2024-12-19 07:36:15
500105027,22,4,18,2024-12-19 08:13:15
500107071,22,3,18,2024-12-19 07:29:15
500112111,22,3,18,2024-12-19 07:50:15
500113063,22,2,18,2024-12-19 08:17:15
500105027,22,3,19,2024-12-19 08:22:14
500107071,22,2,19,2024-12-19 08:01:15
500109072,22,2,20,2024-12-19 08:27:16
500110077,22,2,20,2024-12-19 08:57:14
500107071,22,0,21,2024-12-19 08:29:16
500110056,22,1,21,2024-12-19 07:43:15
500110077,22,1,21,2024-12-19 07:07:15
500110077,22,1,21,2024-12-19 07:57:16
500110056,22,0,22,2024-12-19 08:37:15
500112058,22,1,21,2024-12-19 00:06:15
500119076,22,2,20,2024-12-19 00:22:15
500107133,22,8,12,2024-12-19 00:28:17
500119076,22,4,18,2024-12-19 00:02:15
500105017,22,9,13,2024-12-19 23:06:15
500108121,22,13,8,2024-12-19 22:48:15
500112100,22,18,4,2024-12-19 23:33:15
500106061,22,6,15,2024-12-19 01:06:15
500108024,22,6,16,2024-12-19 22:35:15
500112111,22,8,13,2024-12-19 22:19:15
500112109,22,13,5,2024-12-19 22:39:15
500113063,22,21,0,2024-12-19 22:17:15
500108178,22,3,19,2024-12-19 21:35:16
500107071,22,8,13,2024-12-19 21:37:15
500108181,22,11,11,2024-12-19 21:35:16
500107133,22,5,15,2024-12-19 02:31:14
500107071,22,8,13,2024-12-19 01:21:15
500105002,22,3,19,2024-12-19 04:10:15
500111062,22,13,8,2024-12-19 03:48:15
500112109,22,18,3,2024-12-19 03:49:15
500110077,22,8,13,2024-12-19 21:58:15
500108121,22,13,9,2024-12-19 21:57:15
500112058,22,3,19,2024-12-19 21:58:15
500105017,22,12,10,2024-12-19 21:44:15
500112100,22,17,5,2024-12-19 21:55:17
500110047,22,4,17,2024-12-19 23:53:15
500110051,22,2,19,2024-12-19 01:43:15
500106105,22,1,21,2024-12-19 22:18:14
500107151,22,8,14,2024-12-19 22:18:15
500112100,22,14,8,2024-12-19 22:17:15
500108121,22,15,6,2024-12-19 04:42:14
500107165,22,3,19,2024-12-19 22:56:15
500112111,22,9,12,2024-12-19 22:59:15
500112058,22,22,0,2024-12-19 12:51:15
500112058,22,22,0,2024-12-19 09:40:19
500101205,22,20,1,2024-12-19 09:27:15
500107165,22,21,1,2024-12-19 10:18:15
500107165,22,21,1,2024-12-19 10:19:15
500110051,22,20,1,2024-12-19 09:54:15
500119076,22,16,1,2024-12-19 11:26:15
500106061,22,19,2,2024-12-19 11:34:15
500109047,22,19,2,2024-12-19 09:45:15
500112058,22,20,2,2024-12-19 10:57:15
500105017,22,19,3,2024-12-19 09:09:15
500106061,22,18,3,2024-12-19 11:58:16
500107151,22,18,3,2024-12-19 09:50:16
500107165,22,19,3,2024-12-19 11:56:15
500112058,22,19,3,2024-12-19 11:18:16
500105017,22,18,4,2024-12-19 09:03:14
500111062,22,18,4,2024-12-19 12:45:16
500107151,22,16,5,2024-12-19 10:49:16
500107165,22,17,5,2024-12-19 12:55:15
500108092,22,16,6,2024-12-19 10:09:15
500105002,22,14,7,2024-12-19 11:58:16
500107133,22,12,7,2024-12-19 08:47:15
500105002,22,13,8,2024-12-19 09:20:15
500110056,22,14,8,2024-12-19 10:12:15
500107133,22,10,9,2024-12-19 11:24:15
500108178,22,13,9,2024-12-19 12:00:19
500112095,22,13,9,2024-12-19 12:46:15
500109072,22,12,10,2024-12-19 12:24:15
500112095,22,12,10,2024-12-19 12:24:16
500105002,22,10,11,2024-12-19 12:26:15
500108121,22,10,11,2024-12-19 11:55:18
500111062,22,11,11,2024-12-19 09:37:15
500101135,22,10,12,2024-12-19 12:07:15
500105017,22,10,12,2024-12-19 11:45:15
500105017,22,8,14,2024-12-19 12:36:15
500106105,22,8,14,2024-12-19 12:07:16
500107168,22,8,14,2024-12-19 11:48:15
500110056,22,8,14,2024-12-19 13:07:15
500110056,22,8,14,2024-12-19 12:17:15
500111028,22,8,14,2024-12-19 09:53:15
500101135,22,7,15,2024-12-19 13:06:15
500104065,22,7,15,2024-12-19 09:16:15
500107168,22,7,15,2024-12-19 11:57:16
500110047,22,7,15,2024-12-19 11:58:16
500110047,22,7,15,2024-12-19 12:18:15
500110047,22,7,15,2024-12-19 10:46:15
500107168,22,6,16,2024-12-19 12:05:17
500113004,22,6,16,2024-12-19 13:07:15
500110047,22,5,17,2024-12-19 12:36:14
500111028,22,5,17,2024-12-19 12:41:15
500113004,22,5,17,2024-12-19 12:02:16
500113063,22,4,17,2024-12-19 09:55:17
500105027,22,4,18,2024-12-19 11:44:15
500107082,22,4,18,2024-12-19 10:41:15
500108181,22,4,18,2024-12-19 12:59:16
500113063,22,3,18,2024-12-19 11:46:15
500107071,22,2,19,2024-12-19 10:55:17
500110047,22,3,19,2024-12-19 10:36:14
500111028,22,3,19,2024-12-19 10:59:15
500107071,22,1,20,2024-12-19 09:08:15
500113063,22,1,20,2024-12-19 12:58:15
500107082,22,1,21,2024-12-19 09:13:15
500108181,22,1,21,2024-12-19 11:40:18
500110047,22,1,21,2024-12-19 09:05:16
500110047,22,1,21,2024-12-19 09:54:15
500110077,22,20,2,2024-12-19 19:47:15
500109047,22,17,4,2024-12-19 17:23:15
500109047,22,16,5,2024-12-19 17:57:15
500112095,22,17,5,2024-12-19 18:29:16
500106111,22,16,6,2024-12-19 18:28:16
500109047,22,14,7,2024-12-19 18:13:16
500111062,22,15,7,2024-12-19 18:44:15
500107133,22,12,8,2024-12-19 19:56:16
500108178,22,14,8,2024-12-19 17:20:17
500111062,22,14,8,2024-12-19 17:16:16
500106111,22,13,9,2024-12-19 19:45:16
500110056,22,13,9,2024-12-19 18:18:16
500111028,22,13,9,2024-12-19 20:27:14
500106111,22,12,10,2024-12-19 21:16:15
500107151,22,11,11,2024-12-19 20:25:15
500107151,22,11,11,2024-12-19 20:57:16
500110056,22,11,11,2024-12-19 18:28:16
500101205,22,10,12,2024-12-19 17:48:15
500110051,22,9,12,2024-12-19 17:44:15
500110051,22,9,12,2024-12-19 17:51:16
500105027,22,9,13,2024-12-19 19:56:16
500107165,22,9,13,2024-12-19 17:38:16
500110056,22,9,13,2024-12-19 20:07:15
500112100,22,9,13,2024-12-19 17:48:15
500107151,22,8,14,2024-12-19 19:46:14
500106105,22,7,15,2024-12-19 17:48:15
500113004,22,7,15,2024-12-19 19:38:15
500106061,22,5,16,2024-12-19 19:03:15
500110051,22,5,16,2024-12-19 18:18:16
500110051,22,4,17,2024-12-19 18:58:16
500101205,22,4,18,2024-12-19 18:36:15
500106105,22,4,18,2024-12-19 21:06:15
500112109,22,4,18,2024-12-19 17:37:16
500106061,22,2,19,2024-12-19 20:29:15
500106061,22,2,19,2024-12-19 21:12:15
500110047,22,3,19,2024-12-19 18:58:16
500112058,22,3,19,2024-12-19 21:09:15
500112100,22,2,20,2024-12-19 17:26:15
500101135,22,1,21,2024-12-19 18:48:15
500104065,22,1,21,2024-12-19 18:28:16
500105002,22,1,21,2024-12-19 17:34:15
500108178,22,1,21,2024-12-19 20:59:15
500106111,22,19,3,2024-12-19 14:53:15
500106111,22,19,3,2024-12-19 16:25:16
500109047,22,16,5,2024-12-19 16:17:15
500107133,22,14,6,2024-12-19 16:09:15
500110051,22,15,6,2024-12-19 15:15:15
500110056,22,16,6,2024-12-19 16:44:15
500112111,22,15,6,2024-12-19 16:32:15
500108092,22,15,7,2024-12-19 13:52:15
500111028,22,15,7,2024-12-19 16:36:15
500112111,22,14,7,2024-12-19 17:00:17
500112058,22,14,8,2024-12-19 15:47:15
500113027,22,13,8,2024-12-19 16:05:16
500108121,22,13,9,2024-12-19 16:59:15
500110056,22,13,9,2024-12-19 15:07:15
500111028,22,12,10,2024-12-19 16:21:15
500112058,22,12,10,2024-12-19 16:23:15
500108181,22,11,11,2024-12-19 17:17:16
500112058,22,10,12,2024-12-19 16:38:15
500112058,22,10,12,2024-12-19 17:17:15
500112095,22,10,12,2024-12-19 14:04:15
500107168,22,9,13,2024-12-19 16:40:16
500107168,22,8,14,2024-12-19 14:35:15
500109043,22,8,14,2024-12-19 16:34:16
500106105,22,7,15,2024-12-19 16:57:16
500108181,22,7,15,2024-12-19 13:47:15
500106105,22,6,16,2024-12-19 17:17:16
500113004,22,6,16,2024-12-19 15:01:16
500112109,22,5,17,2024-12-19 14:56:15
500119076,22,5,17,2024-12-19 16:47:15
500110047,22,4,18,2024-12-19 14:01:15
500110077,22,4,18,2024-12-19 15:53:14
500101135,22,2,20,2024-12-19 17:18:16
500105002,22,2,20,2024-12-19 16:57:16
500105002,22,2,20,2024-12-19 14:37:14
500110047,22,2,20,2024-12-19 14:44:15
500110047,22,2,20,2024-12-19 15:30:17
500111028,22,2,20,2024-12-19 17:04:16
500112100,22,2,20,2024-12-19 16:28:15
500112109,22,2,20,2024-12-19 16:40:16
500101135,22,1,21,2024-12-19 16:27:16
500101135,22,1,21,2024-12-19 16:48:16
500105002,22,1,21,2024-12-19 17:05:17
500113004,22,1,21,2024-12-19 16:38:15
500101135,22,0,22,2024-12-19 17:07:15
500110047,22,4,18,2024-12-19 02:51:15
500107133,22,1,19,2024-12-19 21:49:15
500112058,22,1,21,2024-12-19 21:43:15
500106105,22,3,19,2024-12-19 21:49:15
500111062,22,9,13,2024-12-19 21:45:15
500109047,22,21,0,2024-12-19 08:15:16
500110051,22,21,0,2024-12-19 08:46:16
500110051,22,21,0,2024-12-19 07:31:16
500119076,22,22,0,2024-12-19 08:35:17
500107151,22,19,2,2024-12-19 08:56:15
500113027,22,13,2,2024-12-19 06:30:16
500108092,22,19,3,2024-12-19 08:15:16
500109047,22,18,3,2024-12-19 07:46:15
500111062,22,18,3,2024-12-19 08:24:15
500113027,22,12,3,2024-12-19 06:24:15
500105002,22,17,4,2024-12-19 08:25:16
500108092,22,18,4,2024-12-19 08:57:14
500112095,22,18,4,2024-12-19 08:24:15
500104066,22,15,5,2024-12-19 05:31:14
500112111,22,16,5,2024-12-19 08:37:15
500109043,22,15,7,2024-12-19 06:44:14
500112100,22,12,7,2024-12-19 07:26:15
500113027,22,8,7,2024-12-19 07:50:16
500101135,22,14,8,2024-12-19 07:34:15
500105017,22,14,8,2024-12-19 08:51:15
500111028,22,13,9,2024-12-19 08:54:15
500111062,22,12,9,2024-12-19 06:31:15
500112100,22,13,9,2024-12-19 08:43:15
500113063,22,11,9,2024-12-19 07:08:15
500111028,22,12,10,2024-12-19 07:46:15
500113004,22,12,10,2024-12-19 08:54:15
500106061,22,10,11,2024-12-19 06:55:16
500107151,22,11,11,2024-12-19 06:20:15
500110047,22,11,11,2024-12-19 07:57:16
500106105,22,10,12,2024-12-19 06:35:15
500107082,22,10,12,2024-12-19 06:22:14
500109043,22,10,12,2024-12-19 08:54:15
500101205,22,8,13,2024-12-19 08:01:15
500106105,22,9,13,2024-12-19 07:46:15
500106111,22,9,13,2024-12-19 07:41:15
500107165,22,9,13,2024-12-19 07:47:15
500108024,22,9,13,2024-12-19 07:59:15
500105017,22,8,14,2024-12-19 08:36:15
500119076,22,7,15,2024-12-19 06:53:15
500101205,22,5,16,2024-12-19 07:42:15
500112095,22,6,16,2024-12-19 08:03:15
500112109,22,5,16,2024-12-19 08:17:15
500101205,22,4,17,2024-12-19 07:05:15
500104065,22,5,17,2024-12-19 06:29:14
500119076,22,5,17,2024-12-19 05:27:15
500110047,22,3,19,2024-12-19 08:56:16
500112109,22,2,19,2024-12-19 08:37:15
500107082,22,2,20,2024-12-19 08:51:15
500108181,22,2,20,2024-12-19 08:44:16
500110056,22,0,22,2024-12-19 08:27:15
500107082,22,12,10,2024-12-19 00:16:15
500107082,22,13,9,2024-12-19 00:22:15
500107168,22,1,21,2024-12-19 00:17:15
500110056,22,14,8,2024-12-19 00:11:14
500101135,22,16,6,2024-12-19 23:35:15
500110047,22,5,17,2024-12-19 01:03:15
500108181,22,11,11,2024-12-19 01:03:15
500113027,22,12,4,2024-12-19 00:39:15
500112100,22,15,3,2024-12-19 01:14:14
500109043,22,22,0,2024-12-19 23:08:14
500107168,22,0,22,2024-12-19 22:38:16
500110047,22,5,17,2024-12-19 22:18:15
500113027,22,21,0,2024-12-19 22:32:15
500112058,22,1,21,2024-12-19 21:33:15
500108024,22,5,17,2024-12-19 20:37:16
500108092,22,10,12,2024-12-19 21:26:16
500108121,22,12,10,2024-12-19 21:32:14
500105017,22,13,9,2024-12-19 21:29:15
500105002,22,2,20,2024-12-19 02:51:15
500106111,22,8,14,2024-12-19 01:21:15
500108181,22,11,11,2024-12-19 01:56:14
500107168,22,1,21,2024-12-19 22:08:15
500101205,22,3,19,2024-12-19 21:42:15
500111028,22,19,3,2024-12-19 22:08:14
500112058,22,7,15,2024-12-19 01:19:15
500105002,22,1,21,2024-12-19 21:59:15
500108024,22,7,15,2024-12-19 21:57:15
500109043,22,15,7,2024-12-19 21:56:15
500113027,22,19,2,2024-12-19 21:51:15
500105017,22,9,13,2024-12-19 03:23:15
500101205,22,3,19,2024-12-19 23:09:15
500105027,22,14,8,2024-12-19 22:54:14
500112095,22,21,1,2024-12-19 22:51:15
500112109,22,13,5,2024-12-19 22:19:15
500111028,22,20,2,2024-12-19 22:16:14
500106105,22,0,22,2024-12-19 22:24:15
500107168,22,1,21,2024-12-19 22:23:14
500108024,22,5,17,2024-12-19 22:24:15
500107168,22,3,19,2024-12-19 22:59:15
500106105,22,2,20,2024-12-19 23:26:15
500108181,22,15,7,2024-12-19 23:32:15
500106061,22,21,0,2024-12-19 12:06:14
500107165,22,22,0,2024-12-19 09:46:15
500110051,22,21,0,2024-12-19 10:20:18
500110051,22,20,1,2024-12-19 09:06:17
500112058,22,21,1,2024-12-19 09:36:15
500106061,22,16,5,2024-12-19 10:04:15
500106111,22,17,5,2024-12-19 11:52:15
500106061,22,15,6,2024-12-19 10:28:15
500106111,22,16,6,2024-12-19 10:44:15
500107133,22,13,6,2024-12-19 11:11:15
500107151,22,15,7,2024-12-19 12:18:15
500112095,22,15,7,2024-12-19 10:54:15
500105002,22,13,8,2024-12-19 10:38:15
500107133,22,11,8,2024-12-19 12:27:15
500110051,22,13,8,2024-12-19 11:32:14
500112095,22,14,8,2024-12-19 11:15:15
500112111,22,13,8,2024-12-19 10:39:16
500108092,22,13,9,2024-12-19 11:56:16
500106105,22,12,10,2024-12-19 09:57:15
500107133,22,9,10,2024-12-19 11:48:15
500119076,22,7,10,2024-12-19 10:27:15
500108178,22,11,11,2024-12-19 11:24:15
500108178,22,11,11,2024-12-19 10:25:16
500111062,22,10,11,2024-12-19 09:43:15
500113004,22,11,11,2024-12-19 09:21:15
500106105,22,10,12,2024-12-19 10:58:16
500105017,22,8,14,2024-12-19 12:27:15
500106105,22,8,14,2024-12-19 12:26:15
500110047,22,8,14,2024-12-19 11:01:17
500113027,22,3,14,2024-12-19 10:05:16
500110056,22,7,15,2024-12-19 11:15:15
500112109,22,7,15,2024-12-19 10:29:15
500113027,22,2,15,2024-12-19 10:27:16
500101135,22,6,16,2024-12-19 12:36:15
500111028,22,6,16,2024-12-19 10:00:18
500104065,22,5,17,2024-12-19 09:01:15
500107082,22,5,17,2024-12-19 11:28:16
500101135,22,4,18,2024-12-19 12:27:15
500112109,22,4,18,2024-12-19 12:02:16
500113004,22,4,18,2024-12-19 11:53:16
500113004,22,4,18,2024-12-19 11:26:14
500107082,22,3,19,2024-12-19 10:32:15
500108181,22,3,19,2024-12-19 12:15:16
500111028,22,3,19,2024-12-19 11:38:15
500112109,22,3,19,2024-12-19 11:45:15
500107082,22,2,20,2024-12-19 12:37:15
500108181,22,2,20,2024-12-19 10:47:16
500109043,22,2,20,2024-12-19 10:17:16
500112100,22,2,20,2024-12-19 11:46:15
500113063,22,1,20,2024-12-19 12:10:16
500107071,22,0,21,2024-12-19 08:59:15
500108121,22,0,21,2024-12-19 09:09:16
500110047,22,1,21,2024-12-19 10:28:15
500112100,22,1,21,2024-12-19 11:58:16
500113063,22,0,21,2024-12-19 12:39:14
500109043,22,0,22,2024-12-19 12:47:15
500112058,22,21,1,2024-12-19 17:48:15
500112109,22,21,1,2024-12-19 19:29:15
500107133,22,18,2,2024-12-19 17:33:16
500109047,22,18,3,2024-12-19 17:34:15
500112095,22,19,3,2024-12-19 19:20:17
500113063,22,18,3,2024-12-19 19:15:15
500112095,22,18,4,2024-12-19 20:35:16
500110077,22,17,5,2024-12-19 19:07:15
500112095,22,17,5,2024-12-19 20:59:15
500108092,22,15,7,2024-12-19 20:21:15
500106111,22,14,8,2024-12-19 18:34:15
500108181,22,14,8,2024-12-19 17:42:15
500112109,22,13,9,2024-12-19 18:55:17
500108181,22,12,10,2024-12-19 17:25:16
500111062,22,12,10,2024-12-19 20:49:15
500112100,22,12,10,2024-12-19 19:37:16
500109043,22,11,11,2024-12-19 17:23:15
500108092,22,10,12,2024-12-19 21:08:15
500108092,22,9,13,2024-12-19 17:46:15
500108181,22,9,13,2024-12-19 19:38:15
500110056,22,9,13,2024-12-19 19:37:16
500110056,22,9,13,2024-12-19 18:45:16
500107082,22,8,14,2024-12-19 19:30:17
500107151,22,8,14,2024-12-19 19:36:15
500109012,22,8,14,2024-12-19 17:36:15
500110047,22,8,14,2024-12-19 20:12:15
500110051,22,7,14,2024-12-19 17:26:15
500113027,22,7,14,2024-12-19 18:29:16
500107082,22,7,15,2024-12-19 21:10:16
500107151,22,7,15,2024-12-19 19:54:15
500113004,22,7,15,2024-12-19 21:05:16
500104065,22,6,16,2024-12-19 18:41:15
500106105,22,6,16,2024-12-19 18:56:15
500109043,22,6,16,2024-12-19 20:59:15
500110047,22,6,16,2024-12-19 17:23:15
500105027,22,5,17,2024-12-19 19:13:15
500112109,22,5,17,2024-12-19 17:48:15
500112111,22,4,17,2024-12-19 20:28:15
500105027,22,4,18,2024-12-19 19:01:15
500106061,22,3,18,2024-12-19 19:44:15
500106061,22,3,18,2024-12-19 18:57:15
500107071,22,3,18,2024-12-19 19:52:15
500107168,22,4,18,2024-12-19 17:21:15
500107168,22,4,18,2024-12-19 19:25:15
500110077,22,4,18,2024-12-19 18:15:17
500112058,22,4,18,2024-12-19 19:04:15
500112109,22,4,18,2024-12-19 17:22:16
500101205,22,3,19,2024-12-19 20:49:15
500105002,22,2,20,2024-12-19 19:49:15
500107071,22,1,20,2024-12-19 18:28:16
500101135,22,1,21,2024-12-19 18:07:16
500101205,22,1,21,2024-12-19 21:16:15
500105002,22,1,21,2024-12-19 19:07:15
500105002,22,1,21,2024-12-19 18:48:16
500111028,22,1,21,2024-12-19 17:33:16
500119076,22,1,21,2024-12-19 18:48:15
500119076,22,0,22,2024-12-19 19:04:15
500109047,22,19,2,2024-12-19 14:08:15
500119076,22,20,2,2024-12-19 15:52:15
500109047,22,18,3,2024-12-19 14:44:15
500107151,22,18,4,2024-12-19 13:25:15
500110051,22,17,4,2024-12-19 16:47:15
500101205,22,17,5,2024-12-19 15:38:15
500101205,22,17,5,2024-12-19 14:32:15
500107133,22,13,6,2024-12-19 15:14:15
500107133,22,14,6,2024-12-19 17:05:17
500110051,22,15,6,2024-12-19 14:47:15
500112111,22,15,6,2024-12-19 14:38:15
500113027,22,15,6,2024-12-19 16:46:15
500112095,22,15,7,2024-12-19 16:44:15
500112111,22,14,7,2024-12-19 16:06:15
500112111,22,14,7,2024-12-19 15:30:16
500101205,22,14,8,2024-12-19 16:44:15
500107133,22,11,8,2024-12-19 13:18:15
500107165,22,14,8,2024-12-19 16:13:15
500108092,22,14,8,2024-12-19 15:44:15
500109072,22,13,9,2024-12-19 16:16:15
500107165,22,10,12,2024-12-19 17:17:16
500101135,22,9,13,2024-12-19 13:12:15
500104065,22,9,13,2024-12-19 14:22:15
500107168,22,9,13,2024-12-19 15:48:15
500113063,22,8,13,2024-12-19 16:12:14
500113063,22,8,13,2024-12-19 17:14:16
500104065,22,8,14,2024-12-19 14:33:16
500106061,22,7,14,2024-12-19 15:47:15
500108181,22,8,14,2024-12-19 16:15:16
500106061,22,6,15,2024-12-19 16:57:15
500112109,22,5,17,2024-12-19 13:22:15
500106105,22,4,18,2024-12-19 16:01:16
500105002,22,3,19,2024-12-19 15:47:15
500105002,22,3,19,2024-12-19 16:05:16
500105002,22,3,19,2024-12-19 17:18:16
500105045,22,3,19,2024-12-19 13:20:16
500105002,22,2,20,2024-12-19 15:11:14
500106105,22,2,20,2024-12-19 15:16:15
500110077,22,1,21,2024-12-19 13:14:15
500112109,22,1,21,2024-12-19 16:57:16
500107168,22,1,21,2024-12-19 21:49:15
500101205,22,21,0,2024-12-19 08:56:16
500106061,22,21,0,2024-12-19 08:46:16
500106061,22,21,0,2024-12-19 08:56:16
500110051,22,21,0,2024-12-19 08:33:16
500101135,22,21,1,2024-12-19 08:26:14
500106105,22,21,1,2024-12-19 08:00:17
500108181,22,21,1,2024-12-19 07:56:15
500110051,22,20,1,2024-12-19 08:01:14
500112058,22,21,1,2024-12-19 07:36:15
500110051,22,19,2,2024-12-19 08:14:16
500112109,22,19,2,2024-12-19 07:25:15
500108178,22,19,3,2024-12-19 06:34:15
500108178,22,19,3,2024-12-19 07:59:15
500108178,22,18,4,2024-12-19 07:52:14
500111062,22,16,5,2024-12-19 07:47:15
500105017,22,16,6,2024-12-19 06:29:15
500105017,22,16,6,2024-12-19 07:23:15
500112109,22,15,6,2024-12-19 07:47:15
500113027,22,9,6,2024-12-19 07:33:15
500105017,22,15,7,2024-12-19 07:29:15
500107133,22,12,7,2024-12-19 08:37:15
500113004,22,15,7,2024-12-19 07:26:15
500108121,22,13,8,2024-12-19 06:41:15
500111028,22,13,9,2024-12-19 08:34:15
500111028,22,13,9,2024-12-19 06:27:15
500109043,22,12,10,2024-12-19 08:39:15
500107151,22,10,11,2024-12-19 07:56:15
500108121,22,10,11,2024-12-19 08:26:15
500109072,22,11,11,2024-12-19 07:04:15
500107168,22,10,12,2024-12-19 08:02:15
500106061,22,8,13,2024-12-19 05:56:14
500106105,22,9,13,2024-12-19 06:55:16
500119076,22,9,13,2024-12-19 07:54:15
500105027,22,8,14,2024-12-19 07:37:15
500107165,22,8,14,2024-12-19 07:28:15
500107165,22,8,14,2024-12-19 05:55:16
500108121,22,7,14,2024-12-19 07:25:15
500108024,22,7,15,2024-12-19 08:17:15
500109012,22,7,15,2024-12-19 06:32:15
500105002,22,5,16,2024-12-19 06:33:14
500109043,22,6,16,2024-12-19 07:23:15
500110051,22,5,16,2024-12-19 06:26:15
500113063,22,5,16,2024-12-19 08:54:15
500119076,22,5,17,2024-12-19 06:36:14
500107168,22,4,18,2024-12-19 06:42:15
500109047,22,3,18,2024-12-19 04:54:15
500112111,22,3,18,2024-12-19 07:16:14
500109043,22,1,21,2024-12-19 07:58:15
500110056,22,1,21,2024-12-19 07:17:14
500107151,22,8,14,2024-12-19 00:09:14
500110051,22,1,20,2024-12-19 00:06:15
500112058,22,0,22,2024-12-19 00:22:15
500105002,22,3,19,2024-12-19 23:49:15
500107151,22,5,17,2024-12-19 00:07:15
500109043,22,15,7,2024-12-19 00:37:15
500109047,22,1,20,2024-12-19 23:06:15
500108178,22,4,18,2024-12-19 23:35:15
500107133,22,5,15,2024-12-19 23:48:15
500113004,22,11,11,2024-12-19 21:35:16
500112109,22,15,3,2024-12-19 23:29:14
500107071,22,13,8,2024-12-19 23:22:15
500113063,22,20,1,2024-12-19 23:41:15
500110051,22,1,20,2024-12-19 01:12:15
500101205,22,4,18,2024-12-19 00:26:15
500105002,22,3,19,2024-12-19 23:16:15
500112109,22,14,4,2024-12-19 23:18:15
500110077,22,8,13,2024-12-19 22:29:14
500106061,22,0,21,2024-12-19 21:36:15
500112100,22,15,7,2024-12-19 21:22:15
500119076,22,0,22,2024-12-19 02:03:15
500110051,22,3,18,2024-12-19 02:37:15
500107168,22,3,19,2024-12-19 01:48:15
500110047,22,18,4,2024-12-19 03:07:15
500119076,22,5,17,2024-12-19 03:15:16
500113027,22,11,4,2024-12-19 04:05:15
500112111,22,8,13,2024-12-19 21:59:15
500111062,22,9,13,2024-12-19 22:09:15
500111028,22,18,4,2024-12-19 21:48:15
500112058,22,1,21,2024-12-19 23:58:14
500110056,22,13,9,2024-12-19 23:41:14
500106105,22,1,21,2024-12-19 01:37:14
500110056,22,12,10,2024-12-19 22:17:15
500109043,22,21,1,2024-12-19 22:55:16
500107082,22,15,7,2024-12-19 23:23:15
500101205,22,21,0,2024-12-19 11:37:15
500107165,22,22,0,2024-12-19 10:42:17
500110051,22,21,0,2024-12-19 12:29:15
500119076,22,22,0,2024-12-19 09:08:16
500119076,22,17,0,2024-12-19 11:32:15
500101205,22,20,1,2024-12-19 12:54:15
500101205,22,20,1,2024-12-19 11:18:15
500112058,22,21,1,2024-12-19 12:40:16
500112058,22,20,2,2024-12-19 12:30:16
500106061,22,18,3,2024-12-19 11:43:15
500109047,22,18,3,2024-12-19 12:28:15
500109047,22,18,3,2024-12-19 12:52:15
500109047,22,18,3,2024-12-19 11:43:14
500101135,22,18,4,2024-12-19 09:36:14
500106111,22,18,4,2024-12-19 13:03:15
500107151,22,17,4,2024-12-19 09:23:15
500106061,22,16,5,2024-12-19 09:31:15
500107151,22,17,5,2024-12-19 13:04:15
500107165,22,17,5,2024-12-19 12:07:16
500105002,22,15,6,2024-12-19 11:06:15
500112111,22,15,6,2024-12-19 09:09:15
500119076,22,11,6,2024-12-19 13:04:16
500105002,22,14,7,2024-12-19 10:45:16
500106111,22,15,7,2024-12-19 11:08:15
500108092,22,15,7,2024-12-19 11:04:15
500112095,22,15,7,2024-12-19 10:34:15
500119076,22,10,7,2024-12-19 12:08:15
500119076,22,10,7,2024-12-19 10:36:14
500107133,22,11,8,2024-12-19 12:37:15
500109072,22,14,8,2024-12-19 11:52:15
500112111,22,13,8,2024-12-19 09:25:16
500119076,22,9,8,2024-12-19 12:28:15
500105002,22,12,9,2024-12-19 08:57:15
500107151,22,12,9,2024-12-19 12:08:15
500107168,22,13,9,2024-12-19 10:39:16
500112100,22,12,10,2024-12-19 08:56:16
500101135,22,11,11,2024-12-19 11:44:15
500106105,22,11,11,2024-12-19 12:48:15
500106105,22,11,11,2024-12-19 11:48:15
500106105,22,9,13,2024-12-19 09:24:15
500107133,22,6,13,2024-12-19 11:55:18
500107151,22,8,13,2024-12-19 11:38:15
500112100,22,8,14,2024-12-19 09:26:15
500119076,22,3,14,2024-12-19 10:18:15
500104065,22,7,15,2024-12-19 11:59:16
500107168,22,7,15,2024-12-19 13:03:14
500110047,22,7,15,2024-12-19 11:46:15
500109012,22,6,16,2024-12-19 09:47:15
500110047,22,6,16,2024-12-19 11:36:15
500113063,22,5,16,2024-12-19 09:04:15
500105002,22,4,17,2024-12-19 12:41:15
500107071,22,2,19,2024-12-19 11:56:16
500109043,22,3,19,2024-12-19 11:11:15
500111028,22,3,19,2024-12-19 12:35:15
500112109,22,3,19,2024-12-19 12:50:15
500110047,22,2,20,2024-12-19 09:26:15
500108121,22,0,21,2024-12-19 09:07:15
500105027,22,0,22,2024-12-19 09:06:17
500109043,22,0,22,2024-12-19 12:49:15
500110077,22,0,22,2024-12-19 09:22:16
500110077,22,0,22,2024-12-19 12:05:16
500113063,22,21,0,2024-12-19 20:22:15
500112109,22,20,2,2024-12-19 19:07:15
500113063,22,19,2,2024-12-19 19:26:15
500112095,22,18,4,2024-12-19 17:58:16
500110077,22,17,5,2024-12-19 19:18:15
500113027,22,16,5,2024-12-19 20:46:16
500110077,22,15,7,2024-12-19 18:54:15
500111062,22,15,7,2024-12-19 17:38:16
500111062,22,14,8,2024-12-19 17:48:15
500112100,22,14,8,2024-12-19 21:11:15
500108092,22,13,9,2024-12-19 20:38:15
500108178,22,13,9,2024-12-19 17:34:15
500111062,22,13,9,2024-12-19 18:55:17
500112111,22,12,9,2024-12-19 17:28:15
500112111,22,12,9,2024-12-19 18:20:17
500108181,22,12,10,2024-12-19 21:17:15
500106111,22,11,11,2024-12-19 20:06:14
500112100,22,11,11,2024-12-19 18:16:16
500113004,22,11,11,2024-12-19 20:21:15
500110077,22,10,12,2024-12-19 18:35:16
500113004,22,10,12,2024-12-19 19:55:16
500105017,22,9,13,2024-12-19 18:07:16
500107133,22,7,13,2024-12-19 20:57:16
500108092,22,9,13,2024-12-19 18:05:16
500110056,22,9,13,2024-12-19 18:38:16
500106061,22,6,15,2024-12-19 19:30:17
500107082,22,7,15,2024-12-19 17:34:15
500107151,22,7,15,2024-12-19 18:27:15
500113027,22,6,15,2024-12-19 17:58:16
500106105,22,6,16,2024-12-19 21:19:16
500107082,22,6,16,2024-12-19 17:16:16
500108178,22,6,16,2024-12-19 19:10:17
500110047,22,6,16,2024-12-19 18:06:15
500106105,22,5,17,2024-12-19 19:21:15
500107071,22,4,17,2024-12-19 20:25:15
500108024,22,5,17,2024-12-19 19:14:16
500109012,22,5,17,2024-12-19 18:15:17
500112111,22,4,17,2024-12-19 19:24:15
500113004,22,5,17,2024-12-19 19:27:15
500101205,22,4,18,2024-12-19 20:07:15
500106105,22,4,18,2024-12-19 20:08:15
500107165,22,4,18,2024-12-19 20:00:17
500107168,22,3,19,2024-12-19 19:45:16
500107168,22,3,19,2024-12-19 20:42:15
500107168,22,3,19,2024-12-19 18:38:15
500111028,22,3,19,2024-12-19 18:28:16
500106061,22,1,20,2024-12-19 18:04:16
500107165,22,2,20,2024-12-19 19:10:17
500107168,22,2,20,2024-12-19 17:59:15
500110051,22,1,20,2024-12-19 20:39:16
500119076,22,2,20,2024-12-19 21:12:15
500108024,22,1,21,2024-12-19 17:46:15
500110051,22,0,21,2024-12-19 21:07:17
500101135,22,0,22,2024-12-19 18:19:16
500105002,22,0,22,2024-12-19 18:06:15
500105002,22,0,22,2024-12-19 19:25:16
500119076,22,0,22,2024-12-19 17:58:16
500107151,22,22,0,2024-12-19 13:47:15
500109047,22,19,2,2024-12-19 14:28:15
500101205,22,18,4,2024-12-19 14:25:16
500112058,22,18,4,2024-12-19 15:37:16
500112095,22,17,5,2024-12-19 17:17:16
500112111,22,15,6,2024-12-19 15:47:15
500112111,22,15,6,2024-12-19 16:12:15
500101205,22,15,7,2024-12-19 15:45:15
500107165,22,15,7,2024-12-19 16:19:15
500110056,22,15,7,2024-12-19 17:08:16
500113027,22,14,7,2024-12-19 15:50:16
500111062,22,14,8,2024-12-19 16:44:15
500113027,22,13,8,2024-12-19 16:21:15
500107165,22,13,9,2024-12-19 16:52:15
500110056,22,13,9,2024-12-19 15:52:15
500108121,22,12,10,2024-12-19 16:57:15
500108178,22,12,10,2024-12-19 17:04:15
500101135,22,11,11,2024-12-19 13:48:16
500110056,22,11,11,2024-12-19 14:21:15
500112095,22,11,11,2024-12-19 15:58:15
500107168,22,10,12,2024-12-19 16:06:15
500107168,22,10,12,2024-12-19 16:53:15
500108181,22,10,12,2024-12-19 17:04:14
500104065,22,8,14,2024-12-19 14:06:15
500108181,22,8,14,2024-12-19 16:40:16
500113063,22,6,15,2024-12-19 15:31:15
500106061,22,5,16,2024-12-19 16:26:15
500107151,22,6,16,2024-12-19 16:41:15
500105002,22,4,17,2024-12-19 13:14:15
500105027,22,5,17,2024-12-19 15:44:15
500106105,22,5,17,2024-12-19 14:04:15
500105045,22,3,19,2024-12-19 15:58:15
500106105,22,3,19,2024-12-19 16:27:16
500113004,22,3,19,2024-12-19 16:28:15
500105002,22,1,21,2024-12-19 21:49:15
500109043,22,13,9,2024-12-19 21:47:15
500112100,22,16,6,2024-12-19 21:40:16
500105002,22,21,0,2024-12-19 08:16:15
500109047,22,20,1,2024-12-19 08:22:15
500108092,22,20,2,2024-12-19 07:41:15
500110051,22,18,3,2024-12-19 08:21:16
500112058,22,19,3,2024-12-19 08:36:15
500112100,22,16,3,2024-12-19 05:51:14
500113004,22,19,3,2024-12-19 07:47:14
500105002,22,17,4,2024-12-19 08:35:16
500108178,22,18,4,2024-12-19 06:15:15
500105002,22,16,5,2024-12-19 07:57:16
500108092,22,17,5,2024-12-19 08:35:16
500111028,22,17,5,2024-12-19 07:55:17
500113063,22,15,5,2024-12-19 04:47:14
500119076,22,17,5,2024-12-19 08:47:15
500104066,22,14,6,2024-12-19 07:17:14
500112100,22,16,6,2024-12-19 08:25:16
500112058,22,15,7,2024-12-19 06:04:14
500112095,22,15,7,2024-12-19 08:46:15
500106061,22,13,8,2024-12-19 07:56:15
500107165,22,14,8,2024-12-19 08:37:15
500101135,22,13,9,2024-12-19 07:24:15
500106111,22,13,9,2024-12-19 08:40:17
500110047,22,12,10,2024-12-19 07:36:14
500111062,22,11,10,2024-12-19 07:25:15
500119076,22,12,10,2024-12-19 08:56:16
500105027,22,11,11,2024-12-19 07:24:15
500108024,22,11,11,2024-12-19 07:47:15
500108092,22,11,11,2024-12-19 06:37:14
500119076,22,11,11,2024-12-19 07:59:15
500105002,22,9,12,2024-12-19 07:16:15
500107151,22,9,12,2024-12-19 07:47:15
500108181,22,10,12,2024-12-19 06:00:16
500105002,22,8,13,2024-12-19 07:25:15
500111028,22,9,13,2024-12-19 07:17:14
500107151,22,7,14,2024-12-19 07:37:15
500108181,22,8,14,2024-12-19 08:25:16
500109047,22,7,14,2024-12-19 07:10:16
500111028,22,8,14,2024-12-19 06:56:15
500105002,22,6,15,2024-12-19 06:56:14
500106105,22,7,15,2024-12-19 06:27:15
500107168,22,7,15,2024-12-19 07:47:15
500108024,22,7,15,2024-12-19 07:27:15
500109012,22,6,16,2024-12-19 07:20:16
500119076,22,6,16,2024-12-19 06:40:16
500106105,22,5,17,2024-12-19 05:49:15
500112109,22,4,17,2024-12-19 08:27:16
500106105,22,4,18,2024-12-19 05:30:15
500119076,22,4,18,2024-12-19 05:30:15
500109072,22,3,19,2024-12-19 08:13:15
500112111,22,2,19,2024-12-19 08:16:15
500107071,22,1,20,2024-12-19 08:08:16
500109047,22,1,20,2024-12-19 06:12:14
500107071,22,0,21,2024-12-19 08:57:15
500119076,22,3,19,2024-12-19 00:14:14
500107165,22,1,21,2024-12-19 00:16:15
500109072,22,6,16,2024-12-19 00:13:15
500110077,22,10,11,2024-12-19 22:51:15
500109047,22,2,19,2024-12-19 00:58:14
500111028,22,15,7,2024-12-19 01:03:15
500109043,22,16,6,2024-12-19 00:48:14
500112109,22,18,3,2024-12-19 01:07:15
500113027,22,9,9,2024-12-19 22:57:16
500111028,22,18,4,2024-12-19 23:02:15
500101205,22,2,20,2024-12-19 22:22:15
500111028,22,22,0,2024-12-19 22:31:15
500109012,22,3,19,2024-12-19 21:29:14
500106105,22,5,17,2024-12-19 21:37:15
500112109,22,6,12,2024-12-19 21:36:15
500110077,22,10,11,2024-12-19 21:39:15
500107151,22,10,12,2024-12-19 21:25:16
500111028,22,17,5,2024-12-19 21:19:16
500113027,22,18,3,2024-12-19 21:31:15
500104065,22,5,17,2024-12-19 01:37:14
500106105,22,3,19,2024-12-19 03:14:14
500113063,22,15,5,2024-12-19 03:55:15
500110047,22,19,3,2024-12-19 03:29:14
500109043,22,16,6,2024-12-19 22:05:15
500119076,22,0,22,2024-12-19 01:23:15
500112058,22,8,14,2024-12-19 01:45:15
500105017,22,11,11,2024-12-19 22:47:15
500106111,22,6,16,2024-12-19 23:21:15
500101205,22,21,0,2024-12-19 09:47:15
500109047,22,21,0,2024-12-19 10:18:15
500110051,22,21,0,2024-12-19 09:47:14
500112058,22,22,0,2024-12-19 11:37:15
500109047,22,20,1,2024-12-19 10:55:17
500110051,22,20,1,2024-12-19 13:07:15
500119076,22,21,1,2024-12-19 09:47:15
500101135,22,20,2,2024-12-19 09:19:15
500107151,22,19,2,2024-12-19 10:05:15
500107168,22,19,3,2024-12-19 09:09:15
500112058,22,19,3,2024-12-19 10:17:16
500119076,22,14,3,2024-12-19 11:00:18
500112095,22,16,6,2024-12-19 10:12:15
500105002,22,13,8,2024-12-19 12:06:16
500107133,22,11,8,2024-12-19 10:07:16
500119076,22,9,8,2024-12-19 12:17:16
500105002,22,12,9,2024-12-19 11:28:16
500112095,22,13,9,2024-12-19 11:53:16
500112111,22,12,9,2024-12-19 11:36:15
500113027,22,12,9,2024-12-19 12:04:16
500106105,22,12,10,2024-12-19 11:56:16
500119076,22,7,10,2024-12-19 12:38:15
500105017,22,11,11,2024-12-19 12:17:16
500107133,22,8,11,2024-12-19 12:18:15
500110056,22,11,11,2024-12-19 09:45:15
500113027,22,6,11,2024-12-19 09:29:15
500105017,22,10,12,2024-12-19 12:06:16
500112109,22,10,12,2024-12-19 09:08:15
500110056,22,9,13,2024-12-19 09:27:15
500110056,22,9,13,2024-12-19 10:58:16
500107168,22,8,14,2024-12-19 11:17:15
500105002,22,6,15,2024-12-19 12:37:15
500106105,22,7,15,2024-12-19 12:33:15
500107151,22,6,15,2024-12-19 11:13:15
500110056,22,7,15,2024-12-19 12:20:16
500107168,22,6,16,2024-12-19 11:25:15
500109012,22,6,16,2024-12-19 12:43:15
500112100,22,6,16,2024-12-19 10:13:16
500110047,22,5,17,2024-12-19 11:26:14
500113063,22,4,17,2024-12-19 11:26:15
500107071,22,3,18,2024-12-19 12:24:16
500110047,22,4,18,2024-12-19 12:59:16
500110077,22,4,18,2024-12-19 11:11:15
500113063,22,3,18,2024-12-19 10:12:15
500107071,22,1,20,2024-12-19 09:32:15
500108024,22,2,20,2024-12-19 09:06:14
500110047,22,2,20,2024-12-19 12:48:15
500110047,22,2,20,2024-12-19 09:08:15
500110077,22,2,20,2024-12-19 11:38:15
500110077,22,2,20,2024-12-19 10:21:15
500111028,22,2,20,2024-12-19 11:49:15
500111028,22,2,20,2024-12-19 11:16:15
500108121,22,0,21,2024-12-19 10:27:17
500109043,22,1,21,2024-12-19 12:13:15
500110047,22,1,21,2024-12-19 10:18:15
500107082,22,0,22,2024-12-19 09:52:16
500113063,22,21,0,2024-12-19 20:08:15
500113063,22,20,1,2024-12-19 20:12:15
500107133,22,18,2,2024-12-19 19:03:15
500104066,22,17,4,2024-12-19 15:00:17
500106111,22,18,4,2024-12-19 17:16:16
500108181,22,18,4,2024-12-19 18:01:16
500112058,22,18,4,2024-12-19 17:38:16
500112058,22,18,4,2024-12-19 18:06:15
500112095,22,18,4,2024-12-19 19:08:15
500108181,22,17,5,2024-12-19 18:28:16
500106111,22,16,6,2024-12-19 18:58:16
500107133,22,14,6,2024-12-19 19:34:15
500112058,22,15,7,2024-12-19 17:26:15
500105017,22,13,9,2024-12-19 20:44:15
500108092,22,13,9,2024-12-19 18:43:15
500105017,22,12,10,2024-12-19 19:37:16
500107151,22,12,10,2024-12-19 20:42:15
500108092,22,12,10,2024-12-19 20:53:15
500112058,22,12,10,2024-12-19 20:39:16
500110056,22,11,11,2024-12-19 20:38:15
500112111,22,10,11,2024-12-19 17:38:16
500113027,22,10,11,2024-12-19 19:22:16
500108092,22,10,12,2024-12-19 17:24:15
500108181,22,10,12,2024-12-19 20:12:14
500108181,22,10,12,2024-12-19 18:48:15
500110056,22,10,12,2024-12-19 19:49:15
500112111,22,9,12,2024-12-19 17:44:15
500113027,22,9,12,2024-12-19 19:13:15
500112109,22,5,13,2024-12-19 20:47:15
500113027,22,8,13,2024-12-19 18:42:16
500101205,22,8,14,2024-12-19 17:58:16
500112058,22,8,14,2024-12-19 19:49:15
500101135,22,7,15,2024-12-19 20:13:15
500104065,22,7,15,2024-12-19 18:34:15
500106105,22,7,15,2024-12-19 17:58:16
500106105,22,7,15,2024-12-19 18:36:16
500107165,22,7,15,2024-12-19 18:21:15
500108178,22,7,15,2024-12-19 18:49:16
500109043,22,7,15,2024-12-19 20:10:16
500110047,22,7,15,2024-12-19 17:33:16
500112058,22,7,15,2024-12-19 18:36:16
500107165,22,6,16,2024-12-19 18:35:16
500112111,22,5,16,2024-12-19 19:01:15
500101135,22,5,17,2024-12-19 20:07:15
500101205,22,5,17,2024-12-19 20:10:17
500101205,22,5,17,2024-12-19 18:28:16
500107165,22,5,17,2024-12-19 18:44:16
500112111,22,4,17,2024-12-19 21:01:15
500101205,22,4,18,2024-12-19 19:46:15
500107151,22,4,18,2024-12-19 17:40:17
500110051,22,3,18,2024-12-19 18:27:15
500112058,22,4,18,2024-12-19 19:29:14
500101135,22,3,19,2024-12-19 21:15:16
500105045,22,3,19,2024-12-19 18:05:16
500107165,22,3,19,2024-12-19 20:39:16
500107168,22,3,19,2024-12-19 18:08:16
500107168,22,3,19,2024-12-19 18:10:19
500107151,22,2,20,2024-12-19 17:37:16
500107165,22,2,20,2024-12-19 19:49:15
500110051,22,1,20,2024-12-19 19:48:15
500111028,22,2,20,2024-12-19 18:14:15
500105002,22,1,21,2024-12-19 17:59:16
500105002,22,1,21,2024-12-19 20:41:18
500111028,22,1,21,2024-12-19 17:28:15
500106105,22,0,22,2024-12-19 19:44:17
500107151,22,0,22,2024-12-19 17:23:16
500112058,22,21,1,2024-12-19 14:25:16
500109047,22,19,2,2024-12-19 15:20:16
500110051,22,18,3,2024-12-19 17:05:17
500119076,22,19,3,2024-12-19 15:48:15
500119076,22,18,4,2024-12-19 16:06:15
500109047,22,16,5,2024-12-19 16:38:14
500107165,22,14,8,2024-12-19 16:30:16
500108178,22,14,8,2024-12-19 16:33:15
500112058,22,14,8,2024-12-19 16:02:15
500112058,22,14,8,2024-12-19 16:18:16
500112058,22,13,9,2024-12-19 15:56:15
500101135,22,12,10,2024-12-19 14:23:15
500110056,22,11,11,2024-12-19 16:15:15
500109043,22,10,12,2024-12-19 16:55:17
500106105,22,9,13,2024-12-19 13:11:15
500111028,22,9,13,2024-12-19 15:39:15
500111028,22,9,13,2024-12-19 16:58:15
500110047,22,8,14,2024-12-19 17:18:16
500111028,22,8,14,2024-12-19 14:50:15
500107168,22,7,15,2024-12-19 17:05:17
500108181,22,7,15,2024-12-19 15:51:14
500109012,22,7,15,2024-12-19 16:34:16
500113063,22,6,15,2024-12-19 16:26:15
500106061,22,5,16,2024-12-19 16:59:15
500107082,22,6,16,2024-12-19 16:00:16
500105045,22,4,18,2024-12-19 15:12:15
500107082,22,4,18,2024-12-19 13:15:15
500105002,22,3,19,2024-12-19 14:42:15
500106105,22,3,19,2024-12-19 15:25:15
500107071,22,1,20,2024-12-19 13:34:16
500101135,22,0,22,2024-12-19 16:57:16
500101135,22,22,0,2024-12-19 08:17:15
500106105,22,22,0,2024-12-19 08:15:16
500107151,22,21,0,2024-12-19 08:19:16
500112058,22,22,0,2024-12-19 08:56:16
500101135,22,20,2,2024-12-19 07:57:16
500108178,22,20,2,2024-12-19 08:19:16
500108178,22,18,4,2024-12-19 08:41:15
500105017,22,17,5,2024-12-19 06:45:16
500108178,22,17,5,2024-12-19 06:50:16
500106061,22,15,6,2024-12-19 08:03:15
500109072,22,16,6,2024-12-19 06:32:15
500107133,22,11,8,2024-12-19 08:02:15
500107168,22,14,8,2024-12-19 08:25:16
500111028,22,14,8,2024-12-19 08:27:16
500111028,22,14,8,2024-12-19 08:42:15
500107151,22,13,9,2024-12-19 06:47:15
500108092,22,13,9,2024-12-19 06:46:15
500109043,22,13,9,2024-12-19 08:36:17
500106111,22,12,10,2024-12-19 08:32:15
500107168,22,12,10,2024-12-19 08:16:15
500108121,22,11,10,2024-12-19 06:56:15
500110077,22,12,10,2024-12-19 06:07:15
500101205,22,10,11,2024-12-19 08:16:15
500110077,22,11,11,2024-12-19 06:26:15
500106111,22,9,13,2024-12-19 06:37:15
500107151,22,9,13,2024-12-19 05:55:16
500107165,22,9,13,2024-12-19 06:35:15
500110051,22,8,13,2024-12-19 06:56:15
500101205,22,7,14,2024-12-19 05:17:15
500107168,22,8,14,2024-12-19 07:23:15
500104065,22,7,15,2024-12-19 07:55:17
500105017,22,7,15,2024-12-19 07:57:16
500110051,22,6,15,2024-12-19 06:37:14
500106105,22,6,16,2024-12-19 05:47:15
500107082,22,6,16,2024-12-19 08:24:15
500107082,22,6,16,2024-12-19 07:52:15
500108024,22,6,16,2024-12-19 08:18:15
500108121,22,5,16,2024-12-19 07:34:15
500109012,22,5,17,2024-12-19 06:03:15
500104065,22,4,18,2024-12-19 05:28:14
500105045,22,4,18,2024-12-19 08:01:15
500107082,22,4,18,2024-12-19 07:44:15
500108121,22,3,18,2024-12-19 08:55:16
500105002,22,2,19,2024-12-19 04:55:16
500107071,22,2,19,2024-12-19 08:47:15
500110051,22,2,19,2024-12-19 06:02:15
500110056,22,1,21,2024-12-19 08:11:16
500110047,22,0,22,2024-12-19 08:17:16
500110056,22,0,22,2024-12-19 07:36:15
500110056,22,0,22,2024-12-19 07:57:16
500107165,22,0,22,2024-12-19 00:29:15
500109047,22,5,16,2024-12-19 00:57:15
500112100,22,12,6,2024-12-19 00:37:15
500113027,22,12,4,2024-12-19 00:37:15
500119076,22,0,22,2024-12-19 21:44:15
500106061,22,9,12,2024-12-19 23:52:14
500105027,22,16,6,2024-12-19 23:56:14
500101205,22,1,21,2024-12-19 23:10:15
500110051,22,3,18,2024-12-19 23:49:15
500106105,22,4,18,2024-12-19 23:39:14
500104065,22,3,19,2024-12-19 00:59:15
500107133,22,6,14,2024-12-19 01:03:15
500110056,22,12,10,2024-12-19 00:53:15
500111062,22,14,8,2024-12-19 00:27:15
500106061,22,0,21,2024-12-19 21:56:15
500110051,22,0,21,2024-12-19 21:53:15
500108178,22,5,17,2024-12-19 22:23:15
500105027,22,13,9,2024-12-19 22:39:15
500109047,22,16,5,2024-12-19 22:09:15
500109043,22,20,2,2024-12-19 22:35:15
500110047,22,3,19,2024-12-19 21:33:16
500110056,22,11,11,2024-12-19 21:36:15
500111062,22,11,11,2024-12-19 21:05:16
500106105,22,2,20,2024-12-19 02:14:15
500101205,22,3,19,2024-12-19 03:05:15
500107082,22,13,9,2024-12-19 03:05:15
500112100,22,17,2,2024-12-19 01:59:15
500109043,22,17,5,2024-12-19 03:03:15
500112109,22,18,3,2024-12-19 02:04:15
500107133,22,6,13,2024-12-19 03:43:14
500108178,22,3,19,2024-12-19 21:49:14
500111062,22,8,14,2024-12-19 21:55:17
500105002,22,4,18,2024-12-19 02:15:15
500101205,22,3,19,2024-12-19 22:49:15
500112095,22,20,2,2024-12-19 22:47:14
500105002,22,3,18,2024-12-19 04:42:14
500111028,22,16,6,2024-12-19 01:54:15
500110056,22,12,10,2024-12-19 23:25:16
500112058,22,22,0,2024-12-19 11:58:16
500112058,22,22,0,2024-12-19 12:04:15
500112058,22,21,1,2024-12-19 12:27:15
500101205,22,19,2,2024-12-19 12:59:16
500110051,22,19,2,2024-12-19 10:00:18
500106061,22,18,3,2024-12-19 09:51:14
500110051,22,18,3,2024-12-19 09:25:16
500112058,22,19,3,2024-12-19 09:57:15
500119076,22,14,3,2024-12-19 11:46:15
500104066,22,16,4,2024-12-19 07:30:16
500107165,22,18,4,2024-12-19 11:47:15
500107168,22,18,4,2024-12-19 09:03:14
500108092,22,18,4,2024-12-19 09:07:15
500109047,22,17,4,2024-12-19 12:44:14
500109047,22,17,4,2024-12-19 11:59:16
500110051,22,17,4,2024-12-19 11:01:16
500106061,22,16,5,2024-12-19 09:14:15
500112058,22,17,5,2024-12-19 11:03:16
500107133,22,13,6,2024-12-19 10:32:15
500107151,22,15,6,2024-12-19 10:38:15
500108092,22,16,6,2024-12-19 09:29:15
500112095,22,15,7,2024-12-19 09:22:15
500112095,22,15,7,2024-12-19 10:01:16
500105002,22,13,8,2024-12-19 10:11:15
500113027,22,13,8,2024-12-19 11:34:15
500110056,22,13,9,2024-12-19 10:48:15
500113027,22,12,9,2024-12-19 11:11:15
500106105,22,12,10,2024-12-19 10:18:15
500108121,22,11,10,2024-12-19 11:03:16
500110056,22,12,10,2024-12-19 09:56:16
500110056,22,12,10,2024-12-19 10:27:16
500112109,22,12,10,2024-12-19 09:05:16
500106105,22,11,11,2024-12-19 10:28:15
500107168,22,11,11,2024-12-19 09:46:16
500113004,22,11,11,2024-12-19 08:59:15
500106061,22,9,12,2024-12-19 12:58:15
500107168,22,10,12,2024-12-19 10:07:16
500113027,22,4,13,2024-12-19 09:47:15
500113004,22,8,14,2024-12-19 10:17:15
500105002,22,6,15,2024-12-19 13:08:15
500109012,22,7,15,2024-12-19 11:58:16
500109012,22,7,15,2024-12-19 09:18:15
500110056,22,7,15,2024-12-19 09:07:15
500112100,22,7,15,2024-12-19 09:43:15
500107151,22,5,16,2024-12-19 11:20:17
500107168,22,6,16,2024-12-19 12:25:16
500107168,22,6,16,2024-12-19 12:39:14
500109043,22,5,17,2024-12-19 09:41:15
500111028,22,5,17,2024-12-19 12:28:15
500107151,22,3,18,2024-12-19 11:52:15
500110056,22,4,18,2024-12-19 11:57:16
500111028,22,4,18,2024-12-19 12:04:15
500112100,22,4,18,2024-12-19 10:57:15
500112109,22,4,18,2024-12-19 12:59:16
500112109,22,4,18,2024-12-19 12:14:15
500107071,22,2,19,2024-12-19 11:30:17
500107071,22,1,20,2024-12-19 10:05:16
500107082,22,2,20,2024-12-19 10:28:15
500108121,22,1,20,2024-12-19 10:18:15
500107082,22,1,21,2024-12-19 09:47:15
500108181,22,1,21,2024-12-19 12:08:15
500110077,22,0,22,2024-12-19 12:38:15
500113063,22,20,1,2024-12-19 19:57:15
500107133,22,16,4,2024-12-19 19:27:15
500109043,22,17,5,2024-12-19 18:08:16
500108181,22,16,6,2024-12-19 18:37:15
500109043,22,16,6,2024-12-19 17:56:16
500112058,22,16,6,2024-12-19 19:57:15
500106111,22,15,7,2024-12-19 18:41:15
500113027,22,14,7,2024-12-19 20:23:15
500108092,22,14,8,2024-12-19 19:05:16
500108181,22,14,8,2024-12-19 17:32:15
500109072,22,14,8,2024-12-19 17:30:16
500111062,22,13,9,2024-12-19 20:25:15
500112058,22,13,9,2024-12-19 18:26:16
500105017,22,12,10,2024-12-19 18:45:16
500105027,22,12,10,2024-12-19 21:09:16
500106111,22,12,10,2024-12-19 20:59:15
500107133,22,10,10,2024-12-19 20:08:14
500109072,22,12,10,2024-12-19 16:31:15
500112100,22,12,10,2024-12-19 20:33:15
500112111,22,11,10,2024-12-19 17:54:15
500108181,22,11,11,2024-12-19 19:58:15
500108181,22,11,11,2024-12-19 20:44:15
500112109,22,11,11,2024-12-19 18:38:16
500110051,22,9,12,2024-12-19 17:36:15
500108092,22,9,13,2024-12-19 21:13:16
500110056,22,9,13,2024-12-19 19:16:15
500105027,22,8,14,2024-12-19 19:30:17
500109043,22,8,14,2024-12-19 21:17:15
500107151,22,7,15,2024-12-19 19:29:14
500112058,22,7,15,2024-12-19 21:18:15
500107082,22,6,16,2024-12-19 17:49:15
500107165,22,6,16,2024-12-19 17:57:15
500110056,22,6,16,2024-12-19 19:07:15
500106061,22,4,17,2024-12-19 18:44:16
500106105,22,5,17,2024-12-19 19:07:15
500112109,22,1,17,2024-12-19 19:48:15
500107071,22,3,18,2024-12-19 17:13:15
500108178,22,4,18,2024-12-19 19:56:16
500107071,22,2,19,2024-12-19 19:19:15
500108178,22,3,19,2024-12-19 20:10:17
500110047,22,3,19,2024-12-19 19:21:15
500112058,22,3,19,2024-12-19 20:57:16
500113004,22,3,19,2024-12-19 18:14:15
500101205,22,2,20,2024-12-19 21:07:16
500106105,22,2,20,2024-12-19 19:59:16
500107168,22,2,20,2024-12-19 19:54:15
500119076,22,2,20,2024-12-19 20:38:15
500101135,22,1,21,2024-12-19 17:28:15
500101135,22,1,21,2024-12-19 18:50:19
500105002,22,1,21,2024-12-19 19:37:16
500119076,22,1,21,2024-12-19 18:58:16
500101135,22,0,22,2024-12-19 17:51:16
500104065,22,0,22,2024-12-19 17:18:15
500105002,22,0,22,2024-12-19 21:19:16
500105002,22,0,22,2024-12-19 18:56:15
500119076,22,0,22,2024-12-19 18:29:16
500112058,22,21,1,2024-12-19 13:35:16
500107133,22,16,4,2024-12-19 17:12:16
500109047,22,16,5,2024-12-19 16:45:16
500107133,22,13,6,2024-12-19 14:02:15
500110051,22,15,6,2024-12-19 15:25:15
500109047,22,14,7,2024-12-19 17:02:15
500119076,22,15,7,2024-12-19 16:18:16
500108092,22,14,8,2024-12-19 16:39:15
500111062,22,14,8,2024-12-19 16:57:16
500101135,22,13,9,2024-12-19 15:37:15
500108178,22,13,9,2024-12-19 16:11:15
500108092,22,11,11,2024-12-19 17:14:16
500112095,22,11,11,2024-12-19 13:38:16
500101135,22,10,12,2024-12-19 13:24:15
500101135,22,10,12,2024-12-19 13:36:15
500105017,22,9,13,2024-12-19 16:26:15
500108092,22,9,13,2024-12-19 16:57:16
500106061,22,7,14,2024-12-19 16:37:15
500107168,22,8,14,2024-12-19 13:11:15
500108181,22,8,14,2024-12-19 16:33:15
500106061,22,6,15,2024-12-19 16:15:15
500107082,22,7,15,2024-12-19 15:20:15
500111028,22,7,15,2024-12-19 13:20:17
500111028,22,7,15,2024-12-19 14:40:15
500113004,22,7,15,2024-12-19 16:18:16
500113004,22,7,15,2024-12-19 14:14:14
500113004,22,7,15,2024-12-19 15:21:15
500105027,22,6,16,2024-12-19 16:16:15
500107082,22,6,16,2024-12-19 14:57:15
500112109,22,6,16,2024-12-19 14:14:15
500113063,22,5,16,2024-12-19 13:11:15
500105002,22,4,17,2024-12-19 13:24:15
500110077,22,5,17,2024-12-19 17:17:16
500107071,22,3,18,2024-12-19 14:56:15
500105002,22,2,19,2024-12-19 14:27:15
500110047,22,3,19,2024-12-19 15:06:15
500110077,22,3,19,2024-12-19 14:37:14
500112109,22,3,19,2024-12-19 17:00:17
500105002,22,2,20,2024-12-19 16:30:16
500106105,22,2,20,2024-12-19 16:37:15
500109043,22,2,20,2024-12-19 15:07:15
500110047,22,2,20,2024-12-19 15:13:16
500110077,22,2,20,2024-12-19 16:26:15
500109043,22,1,21,2024-12-19 15:16:15
500101135,22,0,22,2024-12-19 16:37:16
500110077,22,0,22,2024-12-19 13:24:15
500112109,22,8,10,2024-12-19 21:47:15
500112111,22,8,13,2024-12-19 21:42:15
500107071,22,9,12,2024-12-19 21:48:16
500107151,22,21,0,2024-12-19 08:17:15
500112100,22,22,0,2024-12-19 08:03:15
500106061,22,19,2,2024-12-19 08:21:16
500112095,22,20,2,2024-12-19 08:14:16
500111028,22,19,3,2024-12-19 07:25:15
500111062,22,18,3,2024-12-19 08:14:16
500112058,22,18,4,2024-12-19 07:56:15
500104066,22,15,5,2024-12-19 07:25:15
500111028,22,17,5,2024-12-19 08:16:15
500113004,22,17,5,2024-12-19 07:31:16
500113027,22,10,5,2024-12-19 05:00:16
500101205,22,15,6,2024-12-19 08:25:16
500107133,22,13,6,2024-12-19 08:14:16
500112109,22,15,6,2024-12-19 07:15:17
500109072,22,15,7,2024-12-19 06:45:16
500111028,22,15,7,2024-12-19 07:36:15
500113004,22,15,7,2024-12-19 08:26:15
500113004,22,15,7,2024-12-19 05:24:14
500106105,22,14,8,2024-12-19 07:21:15
500112058,22,14,8,2024-12-19 06:11:14
500112109,22,13,8,2024-12-19 07:56:15
500107165,22,13,9,2024-12-19 08:14:15
500110047,22,13,9,2024-12-19 07:16:15
500110056,22,13,9,2024-12-19 05:38:14
500112100,22,10,9,2024-12-19 07:30:16
500106105,22,11,11,2024-12-19 08:57:14
500106105,22,11,11,2024-12-19 06:46:15
500108121,22,10,11,2024-12-19 07:16:15
500111028,22,11,11,2024-12-19 06:35:15
500108181,22,10,12,2024-12-19 06:43:15
500101205,22,8,13,2024-12-19 06:27:15
500110051,22,7,14,2024-12-19 06:46:15
500110077,22,8,14,2024-12-19 06:47:15
500101135,22,7,15,2024-12-19 07:17:14
500107071,22,6,15,2024-12-19 06:32:15
500112109,22,7,15,2024-12-19 08:46:15
500101205,22,5,16,2024-12-19 07:52:15
500105027,22,6,16,2024-12-19 07:51:15
500106105,22,6,16,2024-12-19 06:01:14
500109012,22,6,16,2024-12-19 06:27:15
500101205,22,4,17,2024-12-19 07:25:15
500105027,22,5,17,2024-12-19 08:02:15
500109047,22,4,17,2024-12-19 05:28:14
500110047,22,5,17,2024-12-19 08:46:15
500105002,22,3,18,2024-12-19 06:04:14
500107168,22,4,18,2024-12-19 06:32:15
500109043,22,2,20,2024-12-19 07:33:15
500110047,22,2,20,2024-12-19 08:37:15
500110077,22,0,22,2024-12-19 07:37:15
500101205,22,1,21,2024-12-19 00:12:14
500105002,22,4,18,2024-12-19 00:24:14
500105002,22,3,19,2024-12-19 00:43:15
500106105,22,2,20,2024-12-19 00:02:15
500108181,22,9,13,2024-12-19 00:09:14
500107165,22,1,21,2024-12-19 00:18:15
500107168,22,3,19,2024-12-19 23:00:20
500111028,22,20,2,2024-12-19 23:46:15
500107151,22,7,15,2024-12-19 00:30:16
500110056,22,13,9,2024-12-19 22:55:16
500105027,22,15,7,2024-12-19 23:14:15
500112100,22,16,6,2024-12-19 22:22:15
500109047,22,15,6,2024-12-19 20:03:15
500104066,22,14,6,2024-12-19 03:39:14
500105027,22,16,6,2024-12-19 04:19:15
500105002,22,0,22,2024-12-19 22:00:16
500101135,22,1,21,2024-12-19 21:54:15
500110047,22,4,18,2024-12-19 21:59:15
500113027,22,20,1,2024-12-19 22:02:15
500107168,22,0,22,2024-12-19 21:54:14
500105002,22,2,20,2024-12-19 00:49:15
500105017,22,9,13,2024-12-19 01:03:15
500112100,22,16,3,2024-12-19 01:46:14
500105002,22,3,19,2024-12-19 02:24:14
500105027,22,16,6,2024-12-19 02:05:16
500110056,22,12,10,2024-12-19 22:25:16
500101135,22,22,0,2024-12-19 08:57:16
500101205,22,21,0,2024-12-19 09:09:15
500101205,22,21,0,2024-12-19 09:30:18
500112058,22,22,0,2024-12-19 10:07:16
500119076,22,22,0,2024-12-19 09:06:15
500119076,22,22,0,2024-12-19 09:26:15
500107165,22,21,1,2024-12-19 09:08:14
500110051,22,20,1,2024-12-19 09:35:16
500112058,22,21,1,2024-12-19 09:07:15
500112058,22,21,1,2024-12-19 12:15:16
500109047,22,19,2,2024-12-19 08:56:16
500107151,22,18,3,2024-12-19 09:28:15
500107151,22,18,4,2024-12-19 12:31:15
500119076,22,13,4,2024-12-19 10:44:16
500106111,22,17,5,2024-12-19 12:52:15
500107151,22,16,5,2024-12-19 09:06:15
500110051,22,16,5,2024-12-19 11:27:15
500106111,22,16,6,2024-12-19 12:25:16
500107165,22,16,6,2024-12-19 12:41:15
500108092,22,16,6,2024-12-19 09:22:15
500105002,22,14,7,2024-12-19 09:33:15
500107133,22,12,7,2024-12-19 12:43:15
500107165,22,15,7,2024-12-19 13:07:15
500109072,22,15,7,2024-12-19 09:31:15
500105002,22,13,8,2024-12-19 11:37:15
500112111,22,13,8,2024-12-19 12:34:14
500108178,22,13,9,2024-12-19 09:55:17
500112111,22,12,9,2024-12-19 11:57:16
500105017,22,12,10,2024-12-19 10:53:16
500106105,22,12,10,2024-12-19 10:07:16
500107168,22,12,10,2024-12-19 10:13:16
500106105,22,10,12,2024-12-19 12:19:16
500113004,22,10,12,2024-12-19 09:50:16
500101135,22,9,13,2024-12-19 10:34:14
500113004,22,9,13,2024-12-19 09:47:15
500101135,22,8,14,2024-12-19 12:19:15
500110056,22,8,14,2024-12-19 09:09:15
500112109,22,8,14,2024-12-19 10:19:16
500107168,22,7,15,2024-12-19 12:37:15
500107168,22,7,15,2024-12-19 12:51:14
500110056,22,7,15,2024-12-19 12:38:14
500112100,22,7,15,2024-12-19 09:28:15
500113004,22,7,15,2024-12-19 10:29:15
500109012,22,6,16,2024-12-19 11:35:17
500113063,22,5,16,2024-12-19 09:34:15
500107082,22,5,17,2024-12-19 10:53:16
500110047,22,4,18,2024-12-19 09:43:15
500110056,22,4,18,2024-12-19 11:37:15
500111028,22,4,18,2024-12-19 10:57:15
500108024,22,1,21,2024-12-19 10:48:15
500108181,22,1,21,2024-12-19 12:27:15
500110047,22,1,21,2024-12-19 09:37:15
500110077,22,1,21,2024-12-19 09:05:16
500110077,22,1,21,2024-12-19 09:32:15
500110077,22,1,21,2024-12-19 12:19:16
500109072,22,0,22,2024-12-19 08:37:16
500107133,22,17,3,2024-12-19 17:21:15
500113063,22,18,3,2024-12-19 19:46:14
500110056,22,18,4,2024-12-19 17:43:16
500108121,22,17,5,2024-12-19 19:14:16
500109047,22,16,5,2024-12-19 19:16:15
500110077,22,17,5,2024-12-19 19:29:15
500108181,22,16,6,2024-12-19 18:15:17
500110056,22,16,6,2024-12-19 17:56:16
500108121,22,14,8,2024-12-19 17:19:15
500111028,22,14,8,2024-12-19 19:42:15
500111062,22,14,8,2024-12-19 19:17:15
500110056,22,13,9,2024-12-19 20:47:15
500105017,22,12,10,2024-12-19 18:37:15
500108178,22,12,10,2024-12-19 17:42:15
500112111,22,11,10,2024-12-19 18:18:16
500110077,22,10,11,2024-12-19 20:48:15
500110077,22,10,11,2024-12-19 21:06:15
500111028,22,11,11,2024-12-19 19:13:15
500105017,22,10,12,2024-12-19 16:49:15
500110051,22,9,12,2024-12-19 18:07:16
500112109,22,6,12,2024-12-19 20:59:15
500105017,22,9,13,2024-12-19 18:16:16
500105027,22,9,13,2024-12-19 20:28:15
500107151,22,8,14,2024-12-19 17:56:16
500108181,22,8,14,2024-12-19 19:25:15
500109012,22,8,14,2024-12-19 17:51:16
500113004,22,8,14,2024-12-19 21:20:16
500105017,22,7,15,2024-12-19 17:58:15
500107082,22,7,15,2024-12-19 19:15:16
500110077,22,7,15,2024-12-19 17:57:15
500112111,22,6,15,2024-12-19 18:54:15
500106105,22,6,16,2024-12-19 17:25:16
500107082,22,6,16,2024-12-19 20:11:16
500107165,22,6,16,2024-12-19 18:17:15
500109043,22,6,16,2024-12-19 20:05:16
500110047,22,6,16,2024-12-19 18:16:16
500107151,22,5,17,2024-12-19 18:36:16
500108024,22,5,17,2024-12-19 19:55:16
500112058,22,5,17,2024-12-19 20:48:15
500101135,22,4,18,2024-12-19 20:38:15
500101205,22,4,18,2024-12-19 20:31:15
500105027,22,4,18,2024-12-19 18:14:15
500107165,22,4,18,2024-12-19 20:28:15
500107165,22,4,18,2024-12-19 18:57:15
500107168,22,4,18,2024-12-19 17:31:15
500108024,22,4,18,2024-12-19 20:05:16
500109043,22,4,18,2024-12-19 18:41:16
500112111,22,3,18,2024-12-19 19:32:15
500105002,22,3,19,2024-12-19 17:28:15
500105002,22,3,19,2024-12-19 18:36:16
500107168,22,3,19,2024-12-19 17:45:16
500107165,22,2,20,2024-12-19 20:40:16
500108178,22,2,20,2024-12-19 20:32:15
500112058,22,2,20,2024-12-19 19:37:16
500105002,22,1,21,2024-12-19 19:58:15
500105002,22,1,21,2024-12-19 20:12:15
500108024,22,1,21,2024-12-19 18:11:15
500111028,22,1,21,2024-12-19 17:53:15
500105002,22,0,22,2024-12-19 20:09:15
500119076,22,0,22,2024-12-19 17:47:16
500119076,22,0,22,2024-12-19 21:09:16
500119076,22,0,22,2024-12-19 18:31:16
500101205,22,20,1,2024-12-19 13:15:15
500107151,22,18,4,2024-12-19 15:17:16
500107165,22,16,6,2024-12-19 13:11:15
500112111,22,15,6,2024-12-19 16:55:17
500101205,22,15,7,2024-12-19 16:16:15
500107133,22,12,7,2024-12-19 13:25:16
500111028,22,14,8,2024-12-19 16:41:15
500108092,22,13,9,2024-12-19 16:08:16
500101135,22,12,10,2024-12-19 15:52:15
500107165,22,11,11,2024-12-19 17:07:15
500119076,22,6,11,2024-12-19 14:27:14
500105017,22,10,12,2024-12-19 16:32:15
500112058,22,10,12,2024-12-19 16:48:16
500101135,22,9,13,2024-12-19 16:07:15
500112095,22,9,13,2024-12-19 15:42:14
500113004,22,9,13,2024-12-19 15:48:15
500106061,22,6,15,2024-12-19 15:06:15
500112058,22,7,15,2024-12-19 16:58:15
500113063,22,6,15,2024-12-19 16:37:15
500113063,22,6,15,2024-12-19 14:48:14
500106105,22,6,16,2024-12-19 13:34:16
500107168,22,6,16,2024-12-19 17:17:16
500110047,22,6,16,2024-12-19 16:41:15
500111028,22,6,16,2024-12-19 14:07:15
500119076,22,1,16,2024-12-19 14:48:15
500106105,22,4,18,2024-12-19 16:18:15
500112109,22,4,18,2024-12-19 15:21:15
500105002,22,2,19,2024-12-19 13:59:15
500106105,22,3,19,2024-12-19 14:57:15
500107071,22,2,19,2024-12-19 13:48:16
500110047,22,3,19,2024-12-19 16:25:16
500110047,22,3,19,2024-12-19 14:30:16
500106105,22,2,20,2024-12-19 15:47:14
500110047,22,2,20,2024-12-19 16:11:15
500107151,22,1,21,2024-12-19 17:06:16
500112100,22,1,21,2024-12-19 15:09:15
500101135,22,2,20,2024-12-19 21:47:15
500108181,22,21,1,2024-12-19 07:47:15
500112058,22,21,1,2024-12-19 06:47:15
500108178,22,20,2,2024-12-19 08:36:15
500112100,22,17,2,2024-12-19 06:55:16
500112109,22,18,3,2024-12-19 06:50:16
500113004,22,19,3,2024-12-19 07:54:15
500110047,22,18,4,2024-12-19 06:22:14
500110051,22,17,4,2024-12-19 07:55:17
500112109,22,17,4,2024-12-19 07:35:16
500108092,22,17,5,2024-12-19 07:17:14
500108178,22,17,5,2024-12-19 07:43:15
500113063,22,15,5,2024-12-19 05:33:15
500108178,22,16,6,2024-12-19 07:05:15
500109043,22,16,6,2024-12-19 06:23:15
500111028,22,16,6,2024-12-19 06:16:15
500113004,22,16,6,2024-12-19 07:17:14
500106111,22,15,7,2024-12-19 08:57:15
500107133,22,12,7,2024-12-19 08:19:15
500113063,22,13,7,2024-12-19 06:52:14
500106105,22,14,8,2024-12-19 07:35:16
500107151,22,13,8,2024-12-19 07:58:15
500112095,22,14,8,2024-12-19 06:08:14
500119076,22,14,8,2024-12-19 08:13:15
500108181,22,13,9,2024-12-19 08:15:16
500110056,22,13,9,2024-12-19 06:26:15
500111062,22,12,9,2024-12-19 08:56:16
500112109,22,12,9,2024-12-19 07:58:15
500107082,22,12,10,2024-12-19 05:50:15
500109047,22,11,10,2024-12-19 07:22:15
500112058,22,12,10,2024-12-19 05:50:15
500106111,22,11,11,2024-12-19 08:05:17
500107133,22,8,11,2024-12-19 07:45:16
500108181,22,11,11,2024-12-19 06:49:15
500110056,22,11,11,2024-12-19 06:51:15
500112058,22,11,11,2024-12-19 05:42:15
500106061,22,9,12,2024-12-19 06:43:15
500107133,22,7,12,2024-12-19 07:23:15
500110047,22,10,12,2024-12-19 08:02:15
500107151,22,9,13,2024-12-19 07:27:15
500106111,22,8,14,2024-12-19 07:02:15
500101205,22,6,15,2024-12-19 05:41:14
500107082,22,7,15,2024-12-19 07:26:15
500107165,22,7,15,2024-12-19 06:52:14
500107165,22,7,15,2024-12-19 07:18:15
500107168,22,7,15,2024-12-19 07:16:14
500113063,22,5,15,2024-12-19 07:57:16
500105002,22,5,16,2024-12-19 06:12:15
500107071,22,5,16,2024-12-19 06:47:15
500109012,22,6,16,2024-12-19 08:46:14
500108121,22,4,17,2024-12-19 07:45:16
500113063,22,3,17,2024-12-19 08:02:15
500107082,22,4,18,2024-12-19 08:37:15
500112111,22,3,18,2024-12-19 07:37:15
500108121,22,1,20,2024-12-19 07:57:15
500109043,22,2,20,2024-12-19 07:55:17
500110077,22,2,20,2024-12-19 08:36:14
500110077,22,2,20,2024-12-19 08:46:15
500108092,22,9,13,2024-12-19 00:17:15
500113027,22,10,8,2024-12-19 23:24:14
500119076,22,1,21,2024-12-19 00:38:14
500105002,22,3,19,2024-12-19 01:15:15
500109072,22,5,17,2024-12-19 00:34:14
500107133,22,0,20,2024-12-19 21:52:16
500106105,22,0,22,2024-12-19 23:14:15
500112058,22,2,20,2024-12-19 23:14:15
500110047,22,5,17,2024-12-19 23:10:15
500106111,22,7,15,2024-12-19 22:20:15
500107071,22,12,9,2024-12-19 22:34:15
500112100,22,17,5,2024-12-19 22:54:15
500106105,22,2,20,2024-12-19 22:39:15
500110056,22,13,9,2024-12-19 22:30:16
500105002,22,0,22,2024-12-19 21:36:15
500107133,22,5,15,2024-12-19 21:32:14
500112111,22,7,14,2024-12-19 21:37:15
500113063,22,21,0,2024-12-19 21:18:15
500107165,22,9,13,2024-12-19 01:51:14
500111028,22,17,5,2024-12-19 01:59:15
500109043,22,16,6,2024-12-19 04:24:15
500112109,22,10,8,2024-12-19 22:00:16
500107151,22,11,11,2024-12-19 22:02:16
500108181,22,15,7,2024-12-19 22:06:15
500112095,22,20,2,2024-12-19 22:05:16
500107082,22,14,8,2024-12-19 23:34:14
500110047,22,3,19,2024-12-19 02:26:15
500106105,22,1,21,2024-12-19 22:42:15
500110056,22,14,8,2024-12-19 22:41:15
500105017,22,11,11,2024-12-19 04:28:15
500105002,22,1,21,2024-12-19 22:26:15
500107151,22,7,15,2024-12-19 22:22:15
500112095,22,17,5,2024-12-19 22:26:15
500101205,22,20,1,2024-12-19 09:00:20
500101205,22,20,1,2024-12-19 12:01:20
500106061,22,20,1,2024-12-19 09:06:15
500107165,22,21,1,2024-12-19 09:30:18
500107165,22,21,1,2024-12-19 11:07:16
500112058,22,21,1,2024-12-19 11:48:15
500119076,22,15,2,2024-12-19 10:57:15
500107165,22,19,3,2024-12-19 10:05:15
500110051,22,18,3,2024-12-19 10:57:15
500107151,22,18,4,2024-12-19 12:48:14
500107165,22,18,4,2024-12-19 11:38:15
500107168,22,17,5,2024-12-19 09:27:15
500108092,22,17,5,2024-12-19 09:51:14
500105002,22,15,6,2024-12-19 09:56:15
500107168,22,16,6,2024-12-19 09:35:16
500119076,22,16,6,2024-12-19 09:57:15
500101135,22,15,7,2024-12-19 09:49:14
500105002,22,14,7,2024-12-19 11:39:15
500106105,22,15,7,2024-12-19 09:05:16
500108178,22,15,7,2024-12-19 09:45:15
500110051,22,14,7,2024-12-19 11:54:15
500107133,22,11,8,2024-12-19 12:54:15
500105002,22,12,9,2024-12-19 12:16:15
500105002,22,12,9,2024-12-19 10:20:16
500108121,22,11,10,2024-12-19 12:12:15
500108178,22,12,10,2024-12-19 12:51:15
500108178,22,12,10,2024-12-19 11:50:16
500108178,22,12,10,2024-12-19 10:18:15
500108178,22,12,10,2024-12-19 10:31:16
500105017,22,11,11,2024-12-19 11:30:17
500119076,22,6,11,2024-12-19 10:05:17
500110056,22,10,12,2024-12-19 09:35:16
500111062,22,10,12,2024-12-19 11:59:16
500101135,22,7,15,2024-12-19 12:39:14
500101135,22,6,16,2024-12-19 11:05:17
500101135,22,6,16,2024-12-19 11:24:15
500104065,22,6,16,2024-12-19 09:08:15
500110056,22,6,16,2024-12-19 12:05:17
500112109,22,6,16,2024-12-19 10:40:16
500110047,22,5,17,2024-12-19 12:28:15
500111028,22,5,17,2024-12-19 10:13:16
500113063,22,4,17,2024-12-19 13:00:19
500107071,22,3,18,2024-12-19 11:16:15
500107082,22,3,19,2024-12-19 12:25:16
500107082,22,3,19,2024-12-19 12:42:14
500110047,22,3,19,2024-12-19 12:51:15
500109043,22,2,20,2024-12-19 11:22:16
500110077,22,2,20,2024-12-19 12:27:15
500110077,22,2,20,2024-12-19 11:45:15
500112100,22,2,20,2024-12-19 12:36:14
500113063,22,1,20,2024-12-19 11:56:15
500107071,22,0,21,2024-12-19 09:14:15
500108024,22,1,21,2024-12-19 09:11:15
500108181,22,1,21,2024-12-19 11:38:15
500107082,22,0,22,2024-12-19 09:07:16
500108024,22,0,22,2024-12-19 09:36:15
500108181,22,0,22,2024-12-19 11:54:14
500109043,22,0,22,2024-12-19 11:36:16
500107133,22,17,3,2024-12-19 19:17:15
500112058,22,19,3,2024-12-19 18:18:16
500106111,22,17,5,2024-12-19 18:08:16
500110056,22,17,5,2024-12-19 17:37:16
500109047,22,13,8,2024-12-19 18:21:16
500112058,22,14,8,2024-12-19 20:28:15
500111062,22,13,9,2024-12-19 18:30:17
500112111,22,12,9,2024-12-19 18:00:18
500110056,22,12,10,2024-12-19 21:09:16
500112100,22,12,10,2024-12-19 18:20:17
500112109,22,12,10,2024-12-19 19:38:15
500105017,22,11,11,2024-12-19 18:21:16
500110056,22,11,11,2024-12-19 20:58:15
500110056,22,11,11,2024-12-19 21:20:16
500112100,22,11,11,2024-12-19 19:27:15
500112109,22,7,11,2024-12-19 21:07:16
500110077,22,9,12,2024-12-19 20:56:15
500110077,22,10,12,2024-12-19 18:27:15
500106105,22,9,13,2024-12-19 20:28:15
500107082,22,9,13,2024-12-19 18:28:16
500107165,22,9,13,2024-12-19 17:22:16
500108178,22,9,13,2024-12-19 18:07:16
500113027,22,8,13,2024-12-19 19:06:16
500113063,22,8,13,2024-12-19 17:55:17
500109043,22,8,14,2024-12-19 18:38:16
500112109,22,8,14,2024-12-19 18:29:16
500101205,22,7,15,2024-12-19 17:36:15
500112109,22,7,15,2024-12-19 18:15:17
500106105,22,6,16,2024-12-19 19:12:15
500110047,22,6,16,2024-12-19 20:49:15
500101205,22,5,17,2024-12-19 19:22:16
500106061,22,4,17,2024-12-19 18:23:16
500106061,22,3,18,2024-12-19 18:38:16
500107151,22,4,18,2024-12-19 18:42:16
500107168,22,4,18,2024-12-19 20:57:15
500110047,22,4,18,2024-12-19 19:33:14
500110047,22,4,18,2024-12-19 19:48:15
500112058,22,4,18,2024-12-19 19:19:15
500101205,22,3,19,2024-12-19 20:52:15
500101205,22,3,19,2024-12-19 18:55:17
500105027,22,3,19,2024-12-19 18:08:16
500105027,22,3,19,2024-12-19 18:47:16
500107071,22,2,19,2024-12-19 19:37:16
500107165,22,3,19,2024-12-19 19:57:15
500107165,22,3,19,2024-12-19 19:05:15
500108178,22,3,19,2024-12-19 21:13:16
500109012,22,3,19,2024-12-19 19:17:15
500109043,22,3,19,2024-12-19 19:01:15
500108024,22,2,20,2024-12-19 18:21:16
500108178,22,2,20,2024-12-19 20:47:14
500108178,22,2,20,2024-12-19 21:07:16
500105002,22,1,21,2024-12-19 20:27:15
500119076,22,0,22,2024-12-19 18:00:21
500107151,22,18,4,2024-12-19 14:10:16
500109047,22,15,6,2024-12-19 16:55:17
500107133,22,13,7,2024-12-19 16:43:15
500107165,22,15,7,2024-12-19 15:43:15
500107165,22,15,7,2024-12-19 13:30:16
500110056,22,15,7,2024-12-19 16:33:15
500112111,22,14,7,2024-12-19 16:22:15
500113027,22,14,7,2024-12-19 16:34:15
500113027,22,13,8,2024-12-19 14:23:15
500101205,22,13,9,2024-12-19 17:08:16
500110051,22,12,9,2024-12-19 17:14:16
500111028,22,13,9,2024-12-19 16:04:15
500101135,22,12,10,2024-12-19 13:59:14
500110056,22,12,10,2024-12-19 15:23:15
500105017,22,11,11,2024-12-19 16:48:16
500110056,22,10,12,2024-12-19 13:29:14
500106061,22,8,13,2024-12-19 13:46:16
500109043,22,9,13,2024-12-19 17:07:15
500119076,22,4,13,2024-12-19 14:53:15
500119076,22,4,13,2024-12-19 14:17:15
500107151,22,8,14,2024-12-19 16:37:15
500113004,22,8,14,2024-12-19 15:34:15
500113063,22,7,14,2024-12-19 16:53:15
500105017,22,7,15,2024-12-19 16:09:15
500106061,22,5,16,2024-12-19 16:48:16
500106105,22,6,16,2024-12-19 16:48:16
500110047,22,6,16,2024-12-19 17:07:15
500112109,22,6,16,2024-12-19 15:06:14
500107082,22,5,17,2024-12-19 15:07:15
500107151,22,5,17,2024-12-19 16:55:17
500108181,22,5,17,2024-12-19 13:29:15
500109012,22,5,17,2024-12-19 13:52:15
500112109,22,5,17,2024-12-19 16:03:15
500105002,22,4,18,2024-12-19 15:25:15
500107082,22,4,18,2024-12-19 14:38:15
500110047,22,4,18,2024-12-19 16:51:15
500109043,22,3,19,2024-12-19 16:08:16
500110047,22,3,19,2024-12-19 15:43:15
500110077,22,3,19,2024-12-19 15:25:15
500105002,22,2,20,2024-12-19 15:58:15
500110077,22,2,20,2024-12-19 14:06:15
500110077,22,2,20,2024-12-19 14:26:15
500111028,22,2,20,2024-12-19 17:14:16
500105002,22,1,21,2024-12-19 16:48:16
500106105,22,1,21,2024-12-19 17:05:17
500110077,22,1,21,2024-12-19 16:48:16
500110077,22,1,21,2024-12-19 15:14:15
500110077,22,0,22,2024-12-19 16:36:16
500108178,22,22,0,2024-12-19 08:56:15
500112058,22,22,0,2024-12-19 07:27:15
500101135,22,21,1,2024-12-19 07:59:16
500112100,22,21,1,2024-12-19 08:08:15
500105002,22,19,2,2024-12-19 08:02:15
500101205,22,18,3,2024-12-19 08:46:15
500106061,22,18,3,2024-12-19 08:14:16
500112058,22,19,3,2024-12-19 06:35:14
500101135,22,18,4,2024-12-19 07:47:15
500112095,22,16,6,2024-12-19 08:37:15
500105017,22,15,7,2024-12-19 06:15:16
500111062,22,14,7,2024-12-19 05:02:15
500112095,22,15,7,2024-12-19 05:50:15
500112100,22,15,7,2024-12-19 08:30:16
500111062,22,13,8,2024-12-19 06:45:16
500110051,22,12,9,2024-12-19 07:14:15
500111062,22,12,9,2024-12-19 07:03:15
500107165,22,12,10,2024-12-19 08:03:15
500108024,22,12,10,2024-12-19 06:05:16
500110047,22,12,10,2024-12-19 07:21:15
500107133,22,8,11,2024-12-19 07:57:15
500112111,22,10,11,2024-12-19 08:27:16
500107133,22,7,12,2024-12-19 06:24:15
500107133,22,7,12,2024-12-19 07:05:15
500107151,22,10,12,2024-12-19 06:37:15
500101205,22,7,14,2024-12-19 06:36:14
500119076,22,8,14,2024-12-19 07:36:15
500110077,22,6,16,2024-12-19 06:53:15
500112111,22,5,16,2024-12-19 08:02:15
500105017,22,5,17,2024-12-19 08:01:15
500109072,22,5,17,2024-12-19 07:29:15
500112095,22,5,17,2024-12-19 07:52:15
500108121,22,3,18,2024-12-19 08:44:15
500109072,22,4,18,2024-12-19 07:38:15
500109047,22,2,19,2024-12-19 06:05:16
500109072,22,3,19,2024-12-19 07:59:15
500109043,22,1,21,2024-12-19 08:27:15
500110047,22,5,17,2024-12-19 00:07:15
500110047,22,4,18,2024-12-19 00:26:15
500112095,22,13,9,2024-12-19 00:17:15
500101135,22,1,21,2024-12-19 00:12:15
500108181,22,10,12,2024-12-19 00:51:14
500104032,23,15,8,2024-12-19 23:11:14
500106040,23,19,4,2024-12-19 23:15:14
500113006,23,5,18,2024-12-19 21:55:17
500105050,23,10,13,2024-12-19 23:50:15
500101211,23,9,14,2024-12-19 00:34:14
500107096,23,16,7,2024-12-19 00:14:14
500104062,23,10,13,2024-12-19 22:32:15
500106019,23,12,11,2024-12-19 23:13:15
500106115,23,13,9,2024-12-19 22:22:15
500112104,23,2,20,2024-12-19 22:39:15
500107096,23,3,20,2024-12-19 21:56:15
500104032,23,7,16,2024-12-19 21:54:15
500107166,23,11,12,2024-12-19 22:39:15
500106040,23,19,4,2024-12-19 21:47:15
500101151,23,22,1,2024-12-19 22:39:15
500112099,23,17,5,2024-12-19 02:59:15
500113051,23,4,19,2024-12-19 03:11:15
500111026,23,15,8,2024-12-19 03:21:15
500108128,23,2,21,2024-12-19 22:06:14
500101093,23,3,20,2024-12-19 21:54:15
500109099,23,3,20,2024-12-19 22:05:15
500103068,23,11,9,2024-12-19 21:58:15
500113073,23,18,5,2024-12-19 21:45:15
500106131,23,5,16,2024-12-19 21:55:17
500112104,23,18,4,2024-12-19 23:52:14
500112099,23,9,13,2024-12-19 00:57:15
500112083,23,19,4,2024-12-19 00:47:15
500101154,23,14,9,2024-12-19 01:42:14
500110034,23,14,6,2024-12-19 02:26:15
500112083,23,23,0,2024-12-19 02:46:14
500108020,23,8,15,2024-12-19 22:41:15
500112083,23,18,5,2024-12-19 04:37:14
500103068,23,12,8,2024-12-19 22:13:15
500110008,23,15,8,2024-12-19 22:16:14
500112003,23,23,0,2024-12-19 01:52:15
500113006,23,23,0,2024-12-19 08:45:16
500101248,23,20,2,2024-12-19 13:07:15
500108141,23,21,2,2024-12-19 11:08:15
500110008,23,20,3,2024-12-19 11:03:16
500101248,23,17,4,2024-12-19 09:04:15
500106040,23,18,5,2024-12-19 10:05:16
500108141,23,15,8,2024-12-19 09:09:15
500103068,23,14,9,2024-12-19 09:36:15
500108103,23,8,10,2024-12-19 10:29:15
500108111,23,12,11,2024-12-19 09:30:16
500112083,23,12,11,2024-12-19 09:37:15
500106019,23,11,12,2024-12-19 09:08:15
500107058,23,9,12,2024-12-19 10:03:15
500112028,23,10,12,2024-12-19 10:56:15
500108111,23,10,13,2024-12-19 09:57:15
500112028,23,9,13,2024-12-19 09:22:15
500112104,23,9,13,2024-12-19 11:42:16
500113073,23,8,13,2024-12-19 10:39:16
500101151,23,9,14,2024-12-19 09:08:15
500104016,23,9,14,2024-12-19 09:42:15
500108020,23,9,14,2024-12-19 12:18:15
500112028,23,8,14,2024-12-19 08:58:15
500112083,23,9,14,2024-12-19 11:08:15
500104016,23,8,15,2024-12-19 10:53:16
500104062,23,8,15,2024-12-19 12:12:15
500101151,23,7,16,2024-12-19 09:26:15
500101218,23,6,16,2024-12-19 09:26:15
500112104,23,6,16,2024-12-19 12:37:15
500107166,23,6,17,2024-12-19 11:51:16
500112099,23,4,17,2024-12-19 11:47:16
500101151,23,5,18,2024-12-19 10:36:14
500103068,23,5,18,2024-12-19 10:50:15
500113033,23,5,18,2024-12-19 09:18:15
500101093,23,4,19,2024-12-19 10:11:15
500101151,23,4,19,2024-12-19 10:45:15
500107166,23,4,19,2024-12-19 12:18:15
500108128,23,4,19,2024-12-19 11:39:15
500111026,23,4,19,2024-12-19 12:06:16
500112092,23,4,19,2024-12-19 12:55:16
500101152,23,3,20,2024-12-19 11:30:17
500107096,23,3,20,2024-12-19 11:06:15
500113051,23,3,20,2024-12-19 09:51:14
500101151,23,2,21,2024-12-19 09:59:16
500104032,23,2,21,2024-12-19 12:59:16
500112003,23,2,21,2024-12-19 10:06:15
500112083,23,2,21,2024-12-19 12:39:14
500101152,23,0,22,2024-12-19 09:40:19
500101211,23,1,22,2024-12-19 10:26:14
500106115,23,0,22,2024-12-19 09:57:15
500107096,23,1,22,2024-12-19 08:54:15
500108020,23,1,22,2024-12-19 09:27:14
500108020,23,1,22,2024-12-19 11:07:16
500112003,23,1,22,2024-12-19 12:22:15
500112083,23,1,22,2024-12-19 12:37:15
500113033,23,1,22,2024-12-19 11:38:15
500108020,23,0,23,2024-12-19 10:18:15
500108020,23,0,23,2024-12-19 11:27:16
500108128,23,0,23,2024-12-19 09:07:15
500111026,23,0,23,2024-12-19 09:46:16
500112003,23,0,23,2024-12-19 12:08:15
500113033,23,0,23,2024-12-19 12:23:16
500101151,23,23,0,2024-12-19 20:08:15
500101151,23,22,1,2024-12-19 21:06:15
500106040,23,22,1,2024-12-19 18:28:16
500101151,23,21,2,2024-12-19 19:56:15
500111026,23,19,4,2024-12-19 18:48:15
500101154,23,18,5,2024-12-19 21:08:15
500109004,23,18,5,2024-12-19 20:45:16
500101154,23,17,6,2024-12-19 21:16:15
500101211,23,17,6,2024-12-19 21:18:15
500106040,23,17,6,2024-12-19 17:22:15
500109004,23,15,8,2024-12-19 19:38:15
500111026,23,15,8,2024-12-19 19:38:15
500112099,23,14,8,2024-12-19 20:29:15
500101218,23,13,9,2024-12-19 19:57:15
500111026,23,14,9,2024-12-19 20:35:16
500113033,23,14,9,2024-12-19 19:40:15
500113051,23,14,9,2024-12-19 17:28:15
500107058,23,10,10,2024-12-19 18:05:16
500108111,23,13,10,2024-12-19 17:28:15
500108128,23,13,10,2024-12-19 21:02:15
500110034,23,13,10,2024-12-19 20:56:15
500107058,23,9,11,2024-12-19 17:56:16
500107058,23,9,11,2024-12-19 20:57:16
500108111,23,12,11,2024-12-19 17:45:15
500110008,23,12,11,2024-12-19 19:26:15
500110034,23,12,11,2024-12-19 20:49:15
500112083,23,12,11,2024-12-19 20:49:15
500112099,23,9,11,2024-12-19 21:16:15
500113033,23,12,11,2024-12-19 19:13:15
500101248,23,7,12,2024-12-19 19:38:16
500104037,23,11,12,2024-12-19 17:40:17
500104062,23,11,12,2024-12-19 17:57:15
500107058,23,8,12,2024-12-19 20:29:15
500108141,23,11,12,2024-12-19 17:38:16
500110008,23,11,12,2024-12-19 19:14:16
500110034,23,11,12,2024-12-19 20:14:15
500106115,23,9,13,2024-12-19 17:23:15
500110034,23,10,13,2024-12-19 20:12:15
500106131,23,7,14,2024-12-19 18:57:15
500107166,23,9,14,2024-12-19 19:52:16
500107166,23,9,14,2024-12-19 18:38:16
500108020,23,9,14,2024-12-19 18:34:15
500110034,23,9,14,2024-12-19 20:07:15
500112003,23,9,14,2024-12-19 17:38:16
500112003,23,9,14,2024-12-19 21:08:15
500101154,23,8,15,2024-12-19 17:23:15
500101248,23,7,15,2024-12-19 17:59:15
500104032,23,8,15,2024-12-19 19:49:15
500107166,23,8,15,2024-12-19 20:36:15
500113033,23,8,15,2024-12-19 18:56:15
500101218,23,6,16,2024-12-19 18:18:16
500104016,23,7,16,2024-12-19 18:32:16
500104032,23,7,16,2024-12-19 18:37:15
500104109,23,7,16,2024-12-19 17:37:16
500107166,23,7,16,2024-12-19 21:07:15
500108103,23,6,16,2024-12-19 18:26:16
500113033,23,7,16,2024-12-19 18:17:15
500113051,23,7,16,2024-12-19 19:26:15
500101211,23,6,17,2024-12-19 17:39:15
500106131,23,4,17,2024-12-19 20:58:15
500107166,23,6,17,2024-12-19 20:54:15
500110034,23,6,17,2024-12-19 19:06:15
500112003,23,6,17,2024-12-19 19:41:16
500112083,23,6,17,2024-12-19 18:29:16
500112092,23,6,17,2024-12-19 18:38:16
500112104,23,5,17,2024-12-19 18:48:15
500112083,23,5,18,2024-12-19 19:31:14
500112099,23,3,18,2024-12-19 19:07:15
500113033,23,5,18,2024-12-19 17:36:15
500113073,23,5,18,2024-12-19 18:21:16
500112092,23,4,19,2024-12-19 17:48:14
500112092,23,4,19,2024-12-19 19:00:18
500113006,23,4,19,2024-12-19 18:05:16
500109099,23,3,20,2024-12-19 20:29:14
500112028,23,3,20,2024-12-19 17:14:16
500112104,23,2,20,2024-12-19 19:29:15
500101151,23,2,21,2024-12-19 17:47:16
500112099,23,0,21,2024-12-19 17:56:15
500112099,23,0,21,2024-12-19 18:57:19
500113006,23,2,21,2024-12-19 17:11:16
500109099,23,1,22,2024-12-19 20:10:16
500109099,23,1,22,2024-12-19 20:48:15
500112092,23,1,22,2024-12-19 17:20:17
500112104,23,0,22,2024-12-19 20:47:16
500110008,23,23,0,2024-12-19 16:47:15
500106040,23,20,3,2024-12-19 17:17:16
500110008,23,20,3,2024-12-19 13:28:15
500106131,23,16,5,2024-12-19 15:41:15
500108103,23,13,9,2024-12-19 15:09:15
500101248,23,12,10,2024-12-19 15:21:15
500109004,23,13,10,2024-12-19 17:04:15
500108141,23,12,11,2024-12-19 15:47:14
500113073,23,12,11,2024-12-19 16:27:16
500108111,23,11,12,2024-12-19 13:58:16
500101152,23,10,13,2024-12-19 16:02:15
500101152,23,10,13,2024-12-19 17:08:16
500101154,23,10,13,2024-12-19 15:01:16
500104062,23,10,13,2024-12-19 13:18:14
500105050,23,10,13,2024-12-19 15:12:15
500105050,23,10,13,2024-12-19 14:47:15
500101154,23,9,14,2024-12-19 17:06:16
500108128,23,9,14,2024-12-19 14:58:15
500109099,23,9,14,2024-12-19 16:37:15
500113051,23,9,14,2024-12-19 15:21:15
500104016,23,8,15,2024-12-19 14:37:14
500106115,23,6,16,2024-12-19 16:59:15
500109099,23,7,16,2024-12-19 17:06:16
500101151,23,5,18,2024-12-19 15:58:15
500104032,23,5,18,2024-12-19 15:48:15
500106019,23,5,18,2024-12-19 16:08:16
500110034,23,5,18,2024-12-19 16:29:15
500101218,23,3,19,2024-12-19 15:08:15
500101218,23,3,19,2024-12-19 15:37:16
500108020,23,4,19,2024-12-19 17:14:16
500111026,23,4,19,2024-12-19 14:00:17
500101211,23,3,20,2024-12-19 16:40:15
500104032,23,3,20,2024-12-19 13:40:16
500112003,23,3,20,2024-12-19 13:16:15
500112099,23,1,20,2024-12-19 14:26:15
500112092,23,2,21,2024-12-19 16:42:15
500101211,23,1,22,2024-12-19 16:18:16
500101093,23,0,23,2024-12-19 16:48:16
500107096,23,2,21,2024-12-19 21:46:15
500106040,23,22,1,2024-12-19 08:03:15
500110008,23,22,1,2024-12-19 08:46:15
500103068,23,17,3,2024-12-19 07:24:15
500103068,23,17,3,2024-12-19 07:35:16
500110034,23,19,3,2024-12-19 08:01:15
500113073,23,13,3,2024-12-19 05:43:14
500105050,23,18,5,2024-12-19 08:08:16
500110034,23,14,5,2024-12-19 05:55:15
500112028,23,17,5,2024-12-19 08:17:15
500101211,23,17,6,2024-12-19 07:35:16
500105050,23,17,6,2024-12-19 08:02:15
500110034,23,16,6,2024-12-19 08:17:15
500101151,23,16,7,2024-12-19 08:17:15
500101218,23,15,7,2024-12-19 06:50:16
500108111,23,16,7,2024-12-19 07:56:15
500108141,23,16,7,2024-12-19 08:10:17
500112028,23,15,7,2024-12-19 06:51:15
500101218,23,14,8,2024-12-19 07:37:15
500108141,23,14,9,2024-12-19 07:07:15
500103068,23,11,10,2024-12-19 08:53:15
500104062,23,13,10,2024-12-19 08:26:14
500108141,23,13,10,2024-12-19 08:35:16
500112099,23,12,10,2024-12-19 07:27:15
500108020,23,12,11,2024-12-19 07:16:15
500113006,23,12,11,2024-12-19 06:54:16
500112028,23,10,12,2024-12-19 08:47:15
500101154,23,10,13,2024-12-19 04:50:15
500108103,23,7,13,2024-12-19 08:36:15
500111026,23,9,14,2024-12-19 07:37:15
500101152,23,7,15,2024-12-19 07:31:16
500104109,23,8,15,2024-12-19 07:52:15
500106040,23,7,16,2024-12-19 07:35:16
500104032,23,6,17,2024-12-19 08:14:16
500106115,23,5,17,2024-12-19 07:59:15
500108103,23,4,17,2024-12-19 06:54:16
500110034,23,5,17,2024-12-19 08:35:16
500112092,23,6,17,2024-12-19 07:44:15
500113033,23,6,17,2024-12-19 08:20:17
500113033,23,6,17,2024-12-19 08:41:15
500101151,23,5,18,2024-12-19 05:46:15
500101154,23,5,18,2024-12-19 07:36:15
500104109,23,5,18,2024-12-19 07:03:15
500108128,23,5,18,2024-12-19 06:22:14
500109099,23,5,18,2024-12-19 08:27:16
500101093,23,4,19,2024-12-19 08:57:15
500104032,23,4,19,2024-12-19 08:46:15
500104032,23,4,19,2024-12-19 07:13:15
500104062,23,4,19,2024-12-19 07:35:16
500106063,23,4,19,2024-12-19 08:29:15
500112083,23,4,19,2024-12-19 07:44:15
500101151,23,3,20,2024-12-19 07:34:15
500101154,23,3,20,2024-12-19 08:15:16
500107096,23,3,20,2024-12-19 08:37:15
500101218,23,1,21,2024-12-19 07:57:16
500113051,23,2,21,2024-12-19 08:41:15
500101154,23,1,22,2024-12-19 08:33:16
500108128,23,0,23,2024-12-19 08:47:15
500108128,23,0,23,2024-12-19 05:10:17
500103068,23,17,4,2024-12-19 00:03:15
500108128,23,1,22,2024-12-19 00:19:15
500109004,23,2,20,2024-12-19 00:01:15
500109099,23,1,22,2024-12-19 00:11:14
500112083,23,18,5,2024-12-19 00:32:15
500112099,23,9,13,2024-12-19 00:35:16
500113073,23,10,7,2024-12-19 00:17:15
500107058,23,12,8,2024-12-19 23:49:15
500106019,23,4,19,2024-12-19 00:04:16
500111026,23,10,13,2024-12-19 00:10:15
500113051,23,2,21,2024-12-19 23:57:15
500107058,23,11,9,2024-12-19 23:50:15
500106063,23,15,8,2024-12-19 21:20:16
500113073,23,16,7,2024-12-19 23:48:15
500112028,23,15,7,2024-12-19 00:56:14
500101218,23,16,6,2024-12-19 00:24:14
500101093,23,1,22,2024-12-19 22:52:16
500107096,23,3,20,2024-12-19 23:11:15
500104109,23,4,19,2024-12-19 22:20:15
500109004,23,15,8,2024-12-19 22:54:15
500112003,23,16,7,2024-12-19 23:10:15
500112104,23,18,4,2024-12-19 23:13:14
500101211,23,21,2,2024-12-19 23:13:14
500112099,23,15,5,2024-12-19 22:33:15
500107096,23,1,22,2024-12-19 20:57:16
500108128,23,3,20,2024-12-19 21:37:15
500106115,23,12,10,2024-12-19 21:28:15
500101154,23,10,13,2024-12-19 03:03:15
500101248,23,15,3,2024-12-19 02:18:14
500108128,23,2,21,2024-12-19 03:58:15
500101152,23,12,10,2024-12-19 04:24:15
500106115,23,13,9,2024-12-19 21:50:17
500112003,23,14,9,2024-12-19 22:05:16
500112099,23,13,7,2024-12-19 21:58:15
500112083,23,14,9,2024-12-19 21:57:15
500110008,23,15,8,2024-12-19 03:36:15
500112003,23,14,9,2024-12-19 23:42:15
500101151,23,22,1,2024-12-19 22:41:15
500110008,23,16,7,2024-12-19 23:08:15
500108020,23,1,22,2024-12-19 22:23:14
500101151,23,23,0,2024-12-19 22:21:16
500104037,23,6,17,2024-12-19 22:50:15
500112099,23,19,1,2024-12-19 23:32:15
500108103,23,15,2,2024-12-19 12:33:15
500108141,23,21,2,2024-12-19 12:28:15
500108141,23,20,3,2024-12-19 10:00:18
500106040,23,18,5,2024-12-19 12:30:16
500106040,23,18,5,2024-12-19 12:57:15
500106040,23,18,5,2024-12-19 10:41:15
500106040,23,17,6,2024-12-19 12:43:15
500106131,23,15,6,2024-12-19 12:14:16
500110008,23,17,6,2024-12-19 12:28:15
500110008,23,17,6,2024-12-19 09:36:15
500106131,23,13,8,2024-12-19 12:48:15
500107058,23,12,9,2024-12-19 12:15:16
500108103,23,9,9,2024-12-19 10:26:14
500112083,23,14,9,2024-12-19 09:06:14
500101248,23,11,10,2024-12-19 10:43:16
500106019,23,13,10,2024-12-19 09:37:15
500104109,23,11,12,2024-12-19 11:58:15
500106019,23,11,12,2024-12-19 09:54:15
500110034,23,11,12,2024-12-19 09:26:15
500113073,23,8,12,2024-12-19 10:11:15
500104109,23,10,13,2024-12-19 12:17:16
500104109,23,10,13,2024-12-19 12:42:15
500104109,23,10,13,2024-12-19 09:09:15
500105050,23,10,13,2024-12-19 12:39:15
500108020,23,10,13,2024-12-19 13:02:14
500112083,23,10,13,2024-12-19 09:21:15
500112104,23,10,13,2024-12-19 10:34:15
500113073,23,7,13,2024-12-19 09:46:16
500105050,23,9,14,2024-12-19 11:19:15
500106063,23,9,14,2024-12-19 09:02:15
500107058,23,7,14,2024-12-19 10:34:15
500107166,23,8,15,2024-12-19 11:14:15
500113051,23,8,15,2024-12-19 12:26:15
500107166,23,7,16,2024-12-19 11:37:15
500101152,23,5,17,2024-12-19 09:07:15
500101152,23,6,17,2024-12-19 12:17:16
500101248,23,5,17,2024-12-19 12:46:15
500106019,23,6,17,2024-12-19 12:38:15
500106019,23,6,17,2024-12-19 10:37:16
500106019,23,6,17,2024-12-19 11:21:15
500112099,23,4,17,2024-12-19 12:09:16
500113033,23,6,17,2024-12-19 09:05:15
500101152,23,5,18,2024-12-19 11:49:16
500103068,23,5,18,2024-12-19 11:42:16
500106019,23,5,18,2024-12-19 11:48:15
500112003,23,5,18,2024-12-19 10:27:16
500112099,23,3,18,2024-12-19 12:06:16
500103068,23,4,19,2024-12-19 11:37:15
500103068,23,4,19,2024-12-19 11:54:15
500110034,23,4,19,2024-12-19 10:57:15
500112003,23,4,19,2024-12-19 10:57:15
500112099,23,2,19,2024-12-19 12:24:16
500112099,23,2,19,2024-12-19 09:25:17
500101152,23,2,20,2024-12-19 09:31:15
500101152,23,2,20,2024-12-19 10:55:17
500104032,23,3,20,2024-12-19 11:47:16
500106115,23,2,20,2024-12-19 12:35:16
500107096,23,3,20,2024-12-19 11:21:15
500109099,23,3,20,2024-12-19 12:40:17
500113033,23,3,20,2024-12-19 10:37:16
500101093,23,2,21,2024-12-19 11:18:15
500101151,23,2,21,2024-12-19 12:38:15
500101152,23,2,21,2024-12-19 12:08:15
500101218,23,1,21,2024-12-19 09:36:15
500112003,23,2,21,2024-12-19 12:43:15
500112099,23,0,21,2024-12-19 10:02:15
500108128,23,1,22,2024-12-19 09:09:16
500108128,23,1,22,2024-12-19 11:07:16
500108128,23,0,23,2024-12-19 10:02:15
500109004,23,0,23,2024-12-19 10:35:16
500111026,23,0,23,2024-12-19 09:06:17
500108128,23,21,2,2024-12-19 19:18:15
500110008,23,21,2,2024-12-19 17:34:15
500111026,23,21,2,2024-12-19 17:43:16
500111026,23,21,2,2024-12-19 18:36:16
500101151,23,19,4,2024-12-19 19:27:15
500106040,23,19,4,2024-12-19 20:39:16
500109004,23,18,5,2024-12-19 18:44:16
500101154,23,17,6,2024-12-19 20:34:15
500109004,23,17,6,2024-12-19 19:18:15
500109004,23,17,6,2024-12-19 21:04:15
500109004,23,16,7,2024-12-19 19:27:15
500111026,23,16,7,2024-12-19 19:28:15
500101248,23,11,8,2024-12-19 20:10:17
500108111,23,15,8,2024-12-19 19:52:16
500109004,23,15,8,2024-12-19 19:48:15
500111026,23,15,8,2024-12-19 19:19:15
500101152,23,14,9,2024-12-19 19:18:15
500101211,23,14,9,2024-12-19 19:53:15
500101248,23,13,9,2024-12-19 18:57:15
500105050,23,14,9,2024-12-19 20:21:15
500105050,23,14,9,2024-12-19 18:48:15
500107058,23,11,9,2024-12-19 18:26:16
500108103,23,13,9,2024-12-19 17:57:15
500108128,23,14,9,2024-12-19 18:18:16
500112083,23,14,9,2024-12-19 20:53:15
500101211,23,13,10,2024-12-19 19:49:15
500101218,23,12,10,2024-12-19 20:12:15
500106115,23,12,10,2024-12-19 18:35:16
500107058,23,10,10,2024-12-19 18:16:16
500108103,23,12,10,2024-12-19 17:27:16
500101151,23,12,11,2024-12-19 18:48:15
500105050,23,12,11,2024-12-19 18:11:16
500106063,23,12,11,2024-12-19 17:19:15
500106115,23,11,11,2024-12-19 21:01:15
500106115,23,11,11,2024-12-19 18:17:15
500104062,23,11,12,2024-12-19 18:56:15
500111026,23,11,12,2024-12-19 20:57:15
500101154,23,10,13,2024-12-19 18:53:15
500101211,23,10,13,2024-12-19 18:55:17
500101218,23,9,13,2024-12-19 19:02:16
500107058,23,7,13,2024-12-19 17:17:16
500107166,23,10,13,2024-12-19 18:39:16
500111026,23,10,13,2024-12-19 21:20:16
500107166,23,9,14,2024-12-19 19:18:15
500112028,23,9,14,2024-12-19 20:15:16
500101211,23,8,15,2024-12-19 17:52:15
500101218,23,7,15,2024-12-19 17:48:15
500106131,23,6,15,2024-12-19 20:17:14
500106131,23,6,15,2024-12-19 20:43:15
500108103,23,8,15,2024-12-19 19:31:15
500101154,23,7,16,2024-12-19 17:34:15
500104062,23,7,16,2024-12-19 19:28:15
500108103,23,7,16,2024-12-19 19:26:15
500109099,23,7,16,2024-12-19 18:16:16
500112092,23,7,16,2024-12-19 18:04:16
500106131,23,4,17,2024-12-19 19:49:15
500110034,23,6,17,2024-12-19 18:41:15
500112003,23,6,17,2024-12-19 20:19:15
500112028,23,6,17,2024-12-19 18:36:16
500104062,23,5,18,2024-12-19 20:42:15
500112092,23,5,18,2024-12-19 18:51:16
500112104,23,4,18,2024-12-19 18:53:15
500101093,23,4,19,2024-12-19 19:41:16
500109099,23,4,19,2024-12-19 19:07:15
500110034,23,4,19,2024-12-19 18:08:16
500112083,23,4,19,2024-12-19 17:38:16
500112083,23,4,19,2024-12-19 19:05:16
500112104,23,3,19,2024-12-19 18:16:16
500108020,23,3,20,2024-12-19 19:04:15
500109099,23,3,20,2024-12-19 19:45:16
500112092,23,3,20,2024-12-19 17:38:16
500101093,23,2,21,2024-12-19 19:07:16
500104016,23,2,21,2024-12-19 17:30:16
500104109,23,2,21,2024-12-19 18:24:16
500108020,23,2,21,2024-12-19 20:55:17
500109099,23,2,21,2024-12-19 19:17:14
500112003,23,2,21,2024-12-19 19:16:15
500112003,23,2,21,2024-12-19 18:38:16
500112104,23,1,21,2024-12-19 21:16:15
500104109,23,1,22,2024-12-19 18:33:16
500112104,23,0,22,2024-12-19 17:48:16
500101093,23,0,23,2024-12-19 16:50:18
500101093,23,0,23,2024-12-19 18:11:15
500107166,23,0,23,2024-12-19 17:16:17
500110008,23,20,3,2024-12-19 15:41:15
500110008,23,20,3,2024-12-19 14:25:16
500101248,23,16,6,2024-12-19 14:48:14
500103068,23,17,6,2024-12-19 14:38:15
500111026,23,17,6,2024-12-19 17:14:16
500101248,23,15,7,2024-12-19 14:27:15
500103068,23,15,8,2024-12-19 13:16:15
500111026,23,15,8,2024-12-19 16:42:15
500101248,23,13,9,2024-12-19 16:39:15
500101248,23,13,9,2024-12-19 15:29:15
500103068,23,14,9,2024-12-19 17:06:16
500101152,23,13,10,2024-12-19 16:57:16
500109004,23,13,10,2024-12-19 16:15:16
500104109,23,12,11,2024-12-19 13:36:16
500106063,23,12,11,2024-12-19 16:15:16
500108141,23,12,11,2024-12-19 16:34:16
500101152,23,11,12,2024-12-19 15:06:15
500113051,23,11,12,2024-12-19 17:08:16
500101152,23,10,13,2024-12-19 17:13:15
500107058,23,9,13,2024-12-19 17:08:16
500101152,23,9,14,2024-12-19 13:19:15
500108128,23,9,14,2024-12-19 16:07:15
500101154,23,8,15,2024-12-19 17:09:15
500112104,23,6,16,2024-12-19 14:52:15
500101218,23,5,17,2024-12-19 14:16:16
500112104,23,5,17,2024-12-19 13:16:15
500107096,23,5,18,2024-12-19 14:45:15
500108020,23,5,18,2024-12-19 16:38:15
500112104,23,4,18,2024-12-19 13:37:14
500101093,23,4,19,2024-12-19 13:16:15
500101151,23,4,19,2024-12-19 15:21:15
500101218,23,3,19,2024-12-19 15:26:15
500107096,23,4,19,2024-12-19 15:13:16
500112003,23,4,19,2024-12-19 16:39:15
500101218,23,2,20,2024-12-19 15:45:15
500107166,23,3,20,2024-12-19 16:18:16
500111026,23,3,20,2024-12-19 16:38:16
500112003,23,3,20,2024-12-19 16:06:15
500112003,23,3,20,2024-12-19 15:37:16
500112083,23,3,20,2024-12-19 15:27:15
500101211,23,2,21,2024-12-19 14:48:14
500109099,23,2,21,2024-12-19 15:53:14
500112092,23,2,21,2024-12-19 17:16:16
500101151,23,1,22,2024-12-19 16:28:15
500101151,23,1,22,2024-12-19 13:37:15
500101151,23,1,22,2024-12-19 14:07:15
500112104,23,0,22,2024-12-19 16:47:15
500101211,23,0,23,2024-12-19 14:10:18
500112092,23,5,18,2024-12-19 21:42:15
500101152,23,10,13,2024-12-19 21:49:15
500110034,23,13,10,2024-12-19 21:48:16
500101154,23,18,5,2024-12-19 21:48:15
500101151,23,21,2,2024-12-19 21:45:15
500112003,23,21,1,2024-12-19 06:07:15
500101151,23,21,2,2024-12-19 08:27:16
500112003,23,19,3,2024-12-19 06:19:15
500101248,23,10,5,2024-12-19 06:42:15
500103068,23,16,5,2024-12-19 08:27:16
500112099,23,17,5,2024-12-19 06:09:14
500113073,23,15,5,2024-12-19 08:37:15
500108111,23,17,6,2024-12-19 05:55:16
500112028,23,16,6,2024-12-19 05:37:15
500113073,23,14,6,2024-12-19 07:43:15
500107166,23,16,7,2024-12-19 07:34:15
500111026,23,16,7,2024-12-19 06:42:15
500107058,23,11,8,2024-12-19 07:26:15
500107096,23,15,8,2024-12-19 06:47:15
500113033,23,15,8,2024-12-19 06:54:16
500101248,23,10,9,2024-12-19 08:25:16
500113006,23,14,9,2024-12-19 05:20:16
500101151,23,13,10,2024-12-19 08:47:15
500101152,23,12,10,2024-12-19 06:27:15
500101211,23,13,10,2024-12-19 07:20:16
500101218,23,12,10,2024-12-19 08:56:16
500107058,23,9,10,2024-12-19 07:35:16
500108103,23,11,10,2024-12-19 08:00:16
500108128,23,13,10,2024-12-19 07:26:15
500104016,23,12,11,2024-12-19 07:14:15
500104016,23,11,12,2024-12-19 07:37:15
500105050,23,11,12,2024-12-19 07:45:16
500104016,23,10,13,2024-12-19 08:01:15
500105050,23,10,13,2024-12-19 07:29:15
500106019,23,10,13,2024-12-19 08:56:16
500108020,23,10,13,2024-12-19 07:26:15
500108103,23,8,13,2024-12-19 07:46:15
500110008,23,10,13,2024-12-19 08:26:15
500111026,23,10,13,2024-12-19 07:26:15
500108020,23,9,14,2024-12-19 05:44:15
500106019,23,8,15,2024-12-19 08:17:15
500110008,23,8,15,2024-12-19 06:55:16
500101093,23,7,16,2024-12-19 08:26:15
500109099,23,7,16,2024-12-19 06:10:16
500112083,23,7,16,2024-12-19 07:57:16
500112092,23,7,16,2024-12-19 08:37:15
500113033,23,7,16,2024-12-19 07:55:17
500105050,23,6,17,2024-12-19 05:30:15
500106063,23,6,17,2024-12-19 08:56:16
500106131,23,4,17,2024-12-19 07:18:15
500108103,23,4,17,2024-12-19 07:02:15
500101154,23,5,18,2024-12-19 08:44:16
500106131,23,3,18,2024-12-19 08:15:15
500106131,23,3,18,2024-12-19 06:57:15
500101093,23,4,19,2024-12-19 08:45:16
500104037,23,4,19,2024-12-19 06:53:15
500104109,23,4,19,2024-12-19 06:55:16
500106063,23,4,19,2024-12-19 07:38:15
500106131,23,2,19,2024-12-19 07:59:15
500113051,23,4,19,2024-12-19 06:04:14
500101154,23,3,20,2024-12-19 08:22:15
500106063,23,3,20,2024-12-19 07:16:15
500106115,23,2,20,2024-12-19 08:26:15
500111026,23,3,20,2024-12-19 08:47:15
500112099,23,1,20,2024-12-19 08:37:15
500101093,23,2,21,2024-12-19 07:37:15
500109099,23,2,21,2024-12-19 08:40:17
500112099,23,0,21,2024-12-19 08:57:16
500112092,23,1,22,2024-12-19 07:16:16
500113051,23,1,22,2024-12-19 08:07:15
500113051,23,1,22,2024-12-19 08:23:15
500112092,23,0,23,2024-12-19 07:27:15
500110008,23,12,11,2024-12-19 23:29:14
500104109,23,1,22,2024-12-19 00:18:14
500101154,23,13,10,2024-12-19 00:45:15
500104016,23,0,23,2024-12-19 00:26:15
500113073,23,11,6,2024-12-19 00:01:14
500112092,23,7,16,2024-12-19 23:56:14
500113033,23,18,5,2024-12-19 22:45:16
500111026,23,19,4,2024-12-19 23:39:14
500108103,23,0,23,2024-12-19 21:43:15
500104016,23,1,22,2024-12-19 23:15:16
500101211,23,19,4,2024-12-19 23:53:15
500108141,23,9,14,2024-12-19 00:10:15
500112104,23,12,11,2024-12-19 01:05:16
500103068,23,19,2,2024-12-19 00:08:15
500110008,23,17,6,2024-12-19 23:19:15
500101093,23,0,23,2024-12-19 22:18:15
500109099,23,1,22,2024-12-19 22:24:15
500105050,23,12,11,2024-12-19 22:36:15
500101211,23,22,1,2024-12-19 22:37:15
500109099,23,1,22,2024-12-19 21:35:16
500104109,23,3,20,2024-12-19 21:30:16
500104016,23,6,17,2024-12-19 21:31:15
500101218,23,9,11,2024-12-19 21:34:15
500107166,23,9,14,2024-12-19 21:32:15
500112003,23,11,12,2024-12-19 21:34:15
500101211,23,17,6,2024-12-19 21:35:15
500109004,23,5,18,2024-12-19 03:07:15
500109099,23,8,15,2024-12-19 03:10:16
500101248,23,15,0,2024-12-19 04:27:14
500106019,23,10,13,2024-12-19 22:06:15
500108141,23,10,13,2024-12-19 21:53:15
500105050,23,14,9,2024-12-19 21:58:15
500108111,23,14,9,2024-12-19 21:54:15
500101151,23,23,0,2024-12-19 21:55:17
500101248,23,14,4,2024-12-19 02:13:15
500106019,23,13,10,2024-12-19 22:45:16
500101248,23,15,0,2024-12-19 04:31:21
500104032,23,11,12,2024-12-19 23:09:15
500105050,23,14,9,2024-12-19 22:16:15
500110008,23,17,6,2024-12-19 22:58:15
500108141,23,22,1,2024-12-19 12:04:15
500108103,23,14,3,2024-12-19 12:44:15
500108141,23,19,4,2024-12-19 09:51:14
500101248,23,16,5,2024-12-19 09:27:15
500106131,23,16,5,2024-12-19 10:32:15
500110008,23,18,5,2024-12-19 13:05:15
500104037,23,17,6,2024-12-19 12:09:15
500106131,23,15,6,2024-12-19 11:36:15
500110008,23,17,6,2024-12-19 12:57:15
500103068,23,16,7,2024-12-19 09:23:15
500104037,23,16,7,2024-12-19 08:56:16
500104037,23,16,7,2024-12-19 11:19:15
500104037,23,16,7,2024-12-19 11:17:15
500108103,23,11,7,2024-12-19 11:06:15
500108141,23,16,7,2024-12-19 09:22:15
500113073,23,13,7,2024-12-19 09:09:15
500108103,23,12,8,2024-12-19 09:00:18
500106040,23,14,9,2024-12-19 09:28:15
500106040,23,13,10,2024-12-19 09:22:15
500106063,23,12,11,2024-12-19 12:40:17
500107058,23,10,11,2024-12-19 10:09:16
500108111,23,12,11,2024-12-19 09:07:15
500112028,23,11,11,2024-12-19 09:42:15
500112028,23,11,11,2024-12-19 10:26:14
500104109,23,11,12,2024-12-19 12:38:15
500106019,23,11,12,2024-12-19 10:15:15
500106063,23,11,12,2024-12-19 12:32:16
500107058,23,9,12,2024-12-19 10:59:15
500113073,23,8,12,2024-12-19 09:37:15
500113073,23,8,12,2024-12-19 09:50:16
500101248,23,10,13,2024-12-19 11:58:16
500103068,23,10,13,2024-12-19 10:05:16
500104016,23,10,13,2024-12-19 10:12:15
500105050,23,10,13,2024-12-19 11:33:16
500104016,23,9,14,2024-12-19 11:06:15
500104016,23,9,14,2024-12-19 11:14:15
500106019,23,9,14,2024-12-19 10:07:16
500108111,23,9,14,2024-12-19 12:41:15
500108111,23,9,14,2024-12-19 11:34:15
500108128,23,9,14,2024-12-19 12:57:15
500113073,23,7,14,2024-12-19 10:38:15
500112099,23,6,15,2024-12-19 11:28:15
500101248,23,7,16,2024-12-19 12:16:15
500103068,23,7,16,2024-12-19 12:55:16
500103068,23,7,16,2024-12-19 10:24:15
500112104,23,6,16,2024-12-19 12:48:14
500104032,23,6,17,2024-12-19 09:16:15
500108128,23,6,17,2024-12-19 12:32:15
500108128,23,6,17,2024-12-19 12:19:16
500101093,23,5,18,2024-12-19 09:27:15
500101151,23,5,18,2024-12-19 11:08:15
500101154,23,5,18,2024-12-19 09:02:15
500108103,23,2,18,2024-12-19 09:37:15
500109004,23,5,18,2024-12-19 11:33:15
500112003,23,5,18,2024-12-19 10:42:14
500112092,23,5,18,2024-12-19 12:05:16
500113033,23,5,18,2024-12-19 09:45:15
500106115,23,3,19,2024-12-19 12:51:14
500113033,23,4,19,2024-12-19 09:31:15
500101151,23,3,20,2024-12-19 12:04:15
500101152,23,3,20,2024-12-19 11:08:15
500107096,23,3,20,2024-12-19 12:03:14
500107096,23,3,20,2024-12-19 10:30:16
500108020,23,3,20,2024-12-19 09:07:15
500108128,23,3,20,2024-12-19 11:30:17
500108128,23,3,20,2024-12-19 11:49:16
500109004,23,3,20,2024-12-19 10:07:16
500112099,23,1,20,2024-12-19 12:37:15
500112104,23,3,20,2024-12-19 10:00:18
500113006,23,3,20,2024-12-19 10:31:16
500101093,23,2,21,2024-12-19 09:36:15
500101151,23,2,21,2024-12-19 11:35:16
500101211,23,2,21,2024-12-19 09:42:15
500101218,23,1,21,2024-12-19 11:41:15
500108020,23,2,21,2024-12-19 09:09:15
500108128,23,2,21,2024-12-19 11:28:16
500109004,23,2,21,2024-12-19 09:35:16
500109099,23,2,21,2024-12-19 09:41:15
500109099,23,2,21,2024-12-19 10:25:16
500101151,23,1,22,2024-12-19 12:26:15
500109099,23,1,22,2024-12-19 11:56:16
500101093,23,0,23,2024-12-19 12:19:15
500101093,23,0,23,2024-12-19 11:49:15
500107166,23,0,23,2024-12-19 10:19:15
500112003,23,0,23,2024-12-19 09:37:16
500101248,23,14,4,2024-12-19 04:14:15
500106040,23,23,0,2024-12-19 18:18:16
500108128,23,23,0,2024-12-19 18:48:16
500113073,23,23,0,2024-12-19 18:01:18
500108128,23,21,2,2024-12-19 19:29:15
500109004,23,21,2,2024-12-19 18:37:15
500108128,23,19,4,2024-12-19 19:07:15
500112099,23,15,6,2024-12-19 18:44:15
500103068,23,15,8,2024-12-19 17:36:15
500105050,23,15,8,2024-12-19 20:49:15
500101152,23,14,9,2024-12-19 18:47:16
500101248,23,10,9,2024-12-19 20:06:15
500108128,23,14,9,2024-12-19 20:09:15
500112099,23,12,9,2024-12-19 19:51:15
500112099,23,12,9,2024-12-19 19:19:15
500101152,23,13,10,2024-12-19 18:33:16
500104062,23,13,10,2024-12-19 18:35:16
500105050,23,13,10,2024-12-19 17:37:16
500106019,23,13,10,2024-12-19 18:58:16
500106019,23,13,10,2024-12-19 19:35:16
500113073,23,13,10,2024-12-19 20:07:15
500101152,23,12,11,2024-12-19 19:52:15
500101152,23,12,11,2024-12-19 20:47:15
500101152,23,12,11,2024-12-19 18:27:15
500106019,23,12,11,2024-12-19 18:29:15
500108103,23,12,11,2024-12-19 18:59:16
500101154,23,11,12,2024-12-19 19:25:15
500101211,23,11,12,2024-12-19 19:18:15
500108103,23,11,12,2024-12-19 19:13:15
500108128,23,11,12,2024-12-19 17:33:16
500110008,23,11,12,2024-12-19 19:43:15
500103068,23,7,13,2024-12-19 20:20:19
500101248,23,5,14,2024-12-19 19:45:16
500107166,23,9,14,2024-12-19 18:49:16
500112099,23,6,14,2024-12-19 21:06:15
500113033,23,9,14,2024-12-19 18:59:15
500113073,23,9,14,2024-12-19 19:27:15
500112003,23,8,15,2024-12-19 17:42:15
500113033,23,8,15,2024-12-19 18:20:17
500104032,23,7,16,2024-12-19 19:53:15
500104032,23,7,16,2024-12-19 18:06:15
500108020,23,7,16,2024-12-19 18:58:16
500112092,23,7,16,2024-12-19 20:47:15
500104032,23,6,17,2024-12-19 17:29:16
500112092,23,6,17,2024-12-19 18:28:16
500104016,23,5,18,2024-12-19 18:54:15
500104016,23,4,19,2024-12-19 18:59:15
500112083,23,4,19,2024-12-19 19:09:15
500112083,23,4,19,2024-12-19 18:18:15
500113051,23,4,19,2024-12-19 20:04:16
500101093,23,3,20,2024-12-19 20:38:15
500107166,23,3,20,2024-12-19 17:56:15
500107166,23,3,20,2024-12-19 18:16:16
500112083,23,3,20,2024-12-19 18:57:15
500112092,23,3,20,2024-12-19 19:21:15
500107096,23,2,21,2024-12-19 17:49:16
500107166,23,1,22,2024-12-19 17:46:16
500109099,23,1,22,2024-12-19 19:27:15
500113006,23,1,22,2024-12-19 19:41:16
500101093,23,0,23,2024-12-19 17:38:16
500112028,23,22,0,2024-12-19 15:20:18
500110008,23,22,1,2024-12-19 16:58:15
500106131,23,18,3,2024-12-19 13:58:16
500110008,23,19,4,2024-12-19 14:06:15
500101248,23,17,5,2024-12-19 13:56:14
500104037,23,18,5,2024-12-19 16:24:15
500104037,23,18,5,2024-12-19 16:34:15
500104037,23,17,6,2024-12-19 14:12:15
500107058,23,16,6,2024-12-19 16:56:15
500113073,23,17,6,2024-12-19 17:17:16
500103068,23,16,7,2024-12-19 15:27:15
500112028,23,16,7,2024-12-19 16:17:14
500101248,23,14,8,2024-12-19 16:33:14
500107058,23,12,9,2024-12-19 13:29:14
500108103,23,13,9,2024-12-19 15:40:15
500108141,23,13,10,2024-12-19 15:17:16
500101152,23,12,11,2024-12-19 14:39:16
500101154,23,11,12,2024-12-19 16:08:16
500104062,23,11,12,2024-12-19 14:43:15
500106063,23,11,12,2024-12-19 17:17:16
500109004,23,11,12,2024-12-19 16:35:15
500108141,23,10,13,2024-12-19 17:08:16
500104062,23,9,14,2024-12-19 17:03:16
500109004,23,9,14,2024-12-19 13:12:15
500113051,23,9,14,2024-12-19 16:01:16
500101152,23,8,15,2024-12-19 13:39:16
500106019,23,8,15,2024-12-19 13:09:15
500106019,23,8,15,2024-12-19 15:04:15
500109004,23,8,15,2024-12-19 15:06:15
500109099,23,8,15,2024-12-19 16:48:16
500112099,23,6,15,2024-12-19 16:36:15
500104032,23,7,16,2024-12-19 17:11:16
500106019,23,7,16,2024-12-19 16:17:15
500110034,23,7,16,2024-12-19 15:20:15
500101151,23,5,18,2024-12-19 17:18:16
500101218,23,4,18,2024-12-19 14:01:17
500101218,23,3,19,2024-12-19 16:38:15
500112092,23,4,19,2024-12-19 15:03:15
500112104,23,3,19,2024-12-19 16:18:16
500101218,23,2,20,2024-12-19 15:10:15
500109099,23,3,20,2024-12-19 13:09:15
500112083,23,3,20,2024-12-19 15:42:15
500112092,23,3,20,2024-12-19 14:54:15
500112099,23,1,20,2024-12-19 17:18:15
500101093,23,2,21,2024-12-19 14:59:15
500112083,23,2,21,2024-12-19 16:00:16
500101211,23,0,23,2024-12-19 16:28:15
500101211,23,0,23,2024-12-19 14:08:15
500108020,23,0,23,2024-12-19 21:40:17
500108128,23,1,22,2024-12-19 21:40:15
500103068,23,18,2,2024-12-19 08:10:16
500103068,23,17,3,2024-12-19 07:17:14
500112003,23,19,3,2024-12-19 06:47:15
500113073,23,11,5,2024-12-19 06:51:15
500112003,23,16,6,2024-12-19 07:17:14
500101218,23,15,7,2024-12-19 08:47:15
500104032,23,16,7,2024-12-19 07:33:15
500112028,23,15,7,2024-12-19 06:02:15
500113033,23,16,7,2024-12-19 06:37:15
500103068,23,13,8,2024-12-19 08:37:15
500108141,23,15,8,2024-12-19 07:46:15
500110008,23,15,8,2024-12-19 08:57:15
500107096,23,14,9,2024-12-19 06:50:16
500108141,23,14,9,2024-12-19 08:26:15
500110008,23,14,9,2024-12-19 07:56:15
500108141,23,13,10,2024-12-19 07:23:15
500113006,23,13,10,2024-12-19 06:16:15
500106131,23,10,11,2024-12-19 08:44:16
500112099,23,10,11,2024-12-19 07:47:15
500101152,23,9,13,2024-12-19 07:13:15
500104037,23,10,13,2024-12-19 08:10:17
500106019,23,10,13,2024-12-19 08:45:16
500108020,23,10,13,2024-12-19 06:36:14
500110008,23,10,13,2024-12-19 07:35:16
500113073,23,3,13,2024-12-19 07:17:14
500107166,23,9,14,2024-12-19 08:23:15
500104016,23,8,15,2024-12-19 08:13:15
500104016,23,8,15,2024-12-19 08:37:15
500104016,23,8,15,2024-12-19 05:58:15
500110008,23,8,15,2024-12-19 07:17:14
500113033,23,8,15,2024-12-19 08:03:15
500101151,23,7,16,2024-12-19 07:57:16
500108103,23,5,16,2024-12-19 07:18:15
500112092,23,7,16,2024-12-19 05:02:15
500101151,23,6,17,2024-12-19 07:24:15
500101152,23,5,17,2024-12-19 07:46:15
500113051,23,6,17,2024-12-19 06:53:15
500106019,23,5,18,2024-12-19 06:05:16
500106131,23,3,18,2024-12-19 06:04:14
500112083,23,5,18,2024-12-19 08:17:15
500101093,23,3,20,2024-12-19 08:01:15
500101218,23,2,20,2024-12-19 08:36:15
500109099,23,3,20,2024-12-19 08:13:15
500106115,23,1,21,2024-12-19 08:56:16
500108128,23,2,21,2024-12-19 08:57:16
500109099,23,2,21,2024-12-19 07:54:15
500101152,23,0,22,2024-12-19 08:47:15
500106115,23,0,22,2024-12-19 08:40:19
500109004,23,1,22,2024-12-19 07:14:15
500112104,23,1,22,2024-12-19 08:55:16
500109004,23,0,23,2024-12-19 08:03:15
500113006,23,13,10,2024-12-19 00:04:16
500101211,23,20,3,2024-12-19 23:42:15
500109099,23,0,23,2024-12-19 00:35:16
500110008,23,15,8,2024-12-19 00:41:14
500106131,23,6,15,2024-12-19 23:52:14
500104062,23,12,11,2024-12-19 23:41:14
500107166,23,12,11,2024-12-19 22:59:14
500108111,23,15,8,2024-12-19 22:08:15
500101151,23,6,17,2024-12-19 23:58:14
500109004,23,16,7,2024-12-19 23:41:15
500110008,23,16,7,2024-12-19 01:04:14
500111026,23,6,17,2024-12-19 22:46:15
500112092,23,6,17,2024-12-19 23:17:14
500105050,23,11,12,2024-12-19 23:14:15
500104037,23,7,16,2024-12-19 19:47:15
500112028,23,13,10,2024-12-19 22:27:14
500110008,23,19,4,2024-12-19 22:39:15
500112083,23,12,11,2024-12-19 21:39:15
500109099,23,7,16,2024-12-19 02:45:16
500112083,23,23,0,2024-12-19 02:48:15
500105050,23,7,16,2024-12-19 04:07:15
500112099,23,14,6,2024-12-19 22:03:15
500110034,23,14,9,2024-12-19 21:52:15
500112104,23,2,20,2024-12-19 21:58:15
500101152,23,12,11,2024-12-19 21:53:15
500112003,23,14,9,2024-12-19 21:51:15
500113033,23,19,4,2024-12-19 21:47:15
500101154,23,11,12,2024-12-19 03:39:14
500112099,23,11,11,2024-12-19 01:40:15
500110034,23,18,5,2024-12-19 22:44:14
500104032,23,13,10,2024-12-19 04:35:15
500112099,23,16,4,2024-12-19 23:03:15
500101218,23,18,2,2024-12-19 22:53:15
500110034,23,21,2,2024-12-19 23:04:15
500104062,23,6,17,2024-12-19 22:22:15
500101218,23,14,6,2024-12-19 22:20:15
500106040,23,23,0,2024-12-19 11:58:15
500110008,23,23,0,2024-12-19 10:02:15
500106040,23,21,2,2024-12-19 12:08:15
500110008,23,21,2,2024-12-19 10:37:16
500108103,23,17,3,2024-12-19 09:26:15
500108103,23,14,3,2024-12-19 12:18:15
500106131,23,17,4,2024-12-19 09:59:16
500108141,23,19,4,2024-12-19 09:43:15
500113073,23,18,5,2024-12-19 11:57:16
500106131,23,15,6,2024-12-19 11:46:15
500110008,23,17,6,2024-12-19 11:37:15
500106131,23,14,7,2024-12-19 09:01:15
500113073,23,12,8,2024-12-19 09:14:15
500110034,23,14,9,2024-12-19 09:07:15
500101248,23,11,10,2024-12-19 09:57:15
500106019,23,13,10,2024-12-19 09:27:14
500108103,23,8,10,2024-12-19 10:09:16
500112028,23,12,10,2024-12-19 10:03:15
500101248,23,10,11,2024-12-19 10:18:15
500104016,23,11,12,2024-12-19 09:33:15
500108111,23,11,12,2024-12-19 09:08:14
500112083,23,11,12,2024-12-19 09:09:15
500101248,23,8,13,2024-12-19 10:55:17
500104062,23,10,13,2024-12-19 12:28:15
500110034,23,10,13,2024-12-19 09:42:15
500112104,23,9,13,2024-12-19 12:22:16
500112104,23,10,13,2024-12-19 10:23:15
500101154,23,9,14,2024-12-19 12:52:15
500104016,23,9,14,2024-12-19 09:01:15
500104062,23,9,14,2024-12-19 09:27:15
500108020,23,9,14,2024-12-19 12:26:15
500112099,23,7,14,2024-12-19 11:06:15
500101154,23,8,15,2024-12-19 12:39:15
500104062,23,8,15,2024-12-19 10:01:16
500112083,23,8,15,2024-12-19 10:26:14
500101093,23,7,16,2024-12-19 09:05:16
500104062,23,7,16,2024-12-19 11:18:16
500113006,23,7,16,2024-12-19 09:23:15
500101152,23,6,17,2024-12-19 12:24:16
500104032,23,6,17,2024-12-19 10:45:16
500108020,23,6,17,2024-12-19 11:58:15
500110034,23,6,17,2024-12-19 12:28:15
500112104,23,5,17,2024-12-19 12:52:15
500101154,23,5,18,2024-12-19 10:05:16
500107166,23,5,18,2024-12-19 11:47:15
500112083,23,5,18,2024-12-19 12:18:15
500112092,23,5,18,2024-12-19 12:16:15
500112092,23,5,18,2024-12-19 11:07:16
500113006,23,5,18,2024-12-19 12:51:14
500101093,23,4,19,2024-12-19 12:43:15
500101151,23,4,19,2024-12-19 13:06:14
500101154,23,4,19,2024-12-19 10:33:15
500104032,23,4,19,2024-12-19 11:15:15
500106019,23,4,19,2024-12-19 12:19:16
500108128,23,4,19,2024-12-19 09:33:15
500109099,23,4,19,2024-12-19 09:27:15
500110034,23,4,19,2024-12-19 11:58:16
500101093,23,3,20,2024-12-19 12:49:15
500112083,23,3,20,2024-12-19 12:58:15
500101093,23,2,21,2024-12-19 10:40:16
500101151,23,2,21,2024-12-19 11:23:14
500101211,23,2,21,2024-12-19 09:27:15
500101093,23,1,22,2024-12-19 11:31:15
500101211,23,1,22,2024-12-19 09:30:16
500106115,23,0,22,2024-12-19 09:07:15
500107166,23,1,22,2024-12-19 10:38:15
500109004,23,1,22,2024-12-19 08:53:15
500109099,23,1,22,2024-12-19 10:04:16
500109099,23,1,22,2024-12-19 11:17:15
500101093,23,0,23,2024-12-19 11:47:16
500101093,23,0,23,2024-12-19 12:07:16
500108128,23,0,23,2024-12-19 10:47:16
500101248,23,18,1,2024-12-19 20:59:15
500110008,23,21,2,2024-12-19 17:25:16
500113073,23,19,4,2024-12-19 17:47:16
500113033,23,18,5,2024-12-19 20:55:17
500101154,23,17,6,2024-12-19 20:25:15
500101154,23,17,6,2024-12-19 20:48:15
500106019,23,17,6,2024-12-19 20:39:16
500106063,23,17,6,2024-12-19 19:56:16
500109004,23,17,6,2024-12-19 17:51:16
500101154,23,16,7,2024-12-19 20:09:15
500103068,23,16,7,2024-12-19 17:27:16
500108111,23,16,7,2024-12-19 20:38:15
500108111,23,15,8,2024-12-19 20:19:15
500110008,23,15,8,2024-12-19 20:34:15
500112099,23,13,8,2024-12-19 20:11:16
500101211,23,14,9,2024-12-19 19:38:15
500101248,23,13,9,2024-12-19 19:06:16
500106019,23,14,9,2024-12-19 19:15:16
500106063,23,14,9,2024-12-19 18:02:15
500108111,23,14,9,2024-12-19 18:30:17
500110008,23,14,9,2024-12-19 18:08:16
500101152,23,13,10,2024-12-19 18:08:16
500101211,23,13,10,2024-12-19 20:38:15
500101211,23,13,10,2024-12-19 20:56:15
500101248,23,9,10,2024-12-19 19:55:16
500105050,23,13,10,2024-12-19 18:08:16
500106063,23,13,10,2024-12-19 17:40:17
500108111,23,13,10,2024-12-19 17:37:16
500110008,23,13,10,2024-12-19 19:31:15
500101152,23,12,11,2024-12-19 17:23:15
500101211,23,12,11,2024-12-19 18:38:16
500110008,23,12,11,2024-12-19 20:09:15
500104062,23,11,12,2024-12-19 17:37:16
500108103,23,11,12,2024-12-19 20:05:15
500101152,23,10,13,2024-12-19 21:06:15
500101218,23,9,13,2024-12-19 17:28:15
500107058,23,7,13,2024-12-19 20:13:15
500110008,23,10,13,2024-12-19 19:02:16
500112003,23,10,13,2024-12-19 17:28:15
500112028,23,10,13,2024-12-19 20:07:15
500101218,23,8,14,2024-12-19 18:27:15
500101218,23,8,14,2024-12-19 18:57:15
500104062,23,9,14,2024-12-19 17:47:16
500106115,23,8,14,2024-12-19 17:37:16
500108020,23,9,14,2024-12-19 18:48:15
500110034,23,9,14,2024-12-19 17:26:15
500101211,23,8,15,2024-12-19 18:24:16
500108141,23,8,15,2024-12-19 18:02:15
500112099,23,8,15,2024-12-19 20:59:15
500101218,23,6,16,2024-12-19 21:09:16
500104032,23,7,16,2024-12-19 17:56:16
500104062,23,7,16,2024-12-19 20:20:16
500112083,23,7,16,2024-12-19 19:58:15
500112099,23,5,16,2024-12-19 18:28:15
500113073,23,7,16,2024-12-19 19:15:16
500106131,23,4,17,2024-12-19 19:11:15
500108128,23,6,17,2024-12-19 21:19:16
500101218,23,4,18,2024-12-19 17:51:16
500104016,23,5,18,2024-12-19 19:53:15
500104032,23,5,18,2024-12-19 19:26:15
500104062,23,5,18,2024-12-19 19:36:15
500106019,23,5,18,2024-12-19 18:17:15
500112003,23,5,18,2024-12-19 20:01:15
500112003,23,5,18,2024-12-19 19:37:16
500112104,23,4,18,2024-12-19 20:11:16
500104016,23,4,19,2024-12-19 17:24:16
500112003,23,4,19,2024-12-19 19:58:15
500112104,23,3,19,2024-12-19 20:58:15
500104109,23,3,20,2024-12-19 19:12:15
500109099,23,3,20,2024-12-19 18:34:15
500112003,23,3,20,2024-12-19 18:40:17
500112083,23,3,20,2024-12-19 17:48:14
500112099,23,1,20,2024-12-19 17:28:16
500112104,23,2,20,2024-12-19 21:09:16
500104016,23,2,21,2024-12-19 20:23:15
500104109,23,2,21,2024-12-19 18:13:16
500107096,23,2,21,2024-12-19 19:19:15
500108020,23,2,21,2024-12-19 20:25:15
500113006,23,2,21,2024-12-19 19:59:16
500108020,23,0,23,2024-12-19 17:48:15
500108020,23,0,23,2024-12-19 20:48:15
500110008,23,21,2,2024-12-19 16:35:15
500110008,23,20,3,2024-12-19 15:56:15
500110008,23,20,3,2024-12-19 14:43:15
500110008,23,19,4,2024-12-19 16:13:15
500101248,23,17,5,2024-12-19 13:31:15
500101248,23,16,6,2024-12-19 14:31:15
500103068,23,17,6,2024-12-19 13:57:15
500106131,23,15,6,2024-12-19 17:05:17
500111026,23,17,6,2024-12-19 17:06:16
500101248,23,12,10,2024-12-19 16:26:15
500101152,23,11,12,2024-12-19 15:48:15
500101154,23,11,12,2024-12-19 15:33:15
500104062,23,11,12,2024-12-19 15:17:15
500106019,23,10,13,2024-12-19 17:07:15
500113073,23,10,13,2024-12-19 14:30:16
500101154,23,9,14,2024-12-19 16:57:16
500101218,23,8,14,2024-12-19 17:13:15
500108128,23,9,14,2024-12-19 14:30:16
500113073,23,9,14,2024-12-19 13:32:15
500106019,23,8,15,2024-12-19 13:56:15
500109004,23,8,15,2024-12-19 13:42:15
500112003,23,8,15,2024-12-19 17:18:16
500112099,23,6,15,2024-12-19 16:57:16
500101218,23,6,16,2024-12-19 16:55:17
500101218,23,6,16,2024-12-19 17:02:15
500104032,23,7,16,2024-12-19 17:05:17
500106019,23,7,16,2024-12-19 14:57:15
500109099,23,7,16,2024-12-19 16:28:15
500101218,23,4,18,2024-12-19 16:41:15
500108020,23,5,18,2024-12-19 16:48:16
500112083,23,5,18,2024-12-19 16:55:17
500112083,23,5,18,2024-12-19 17:05:17
500112099,23,3,18,2024-12-19 17:07:15
500111026,23,4,19,2024-12-19 13:47:15
500113006,23,4,19,2024-12-19 13:17:15
500101151,23,3,20,2024-12-19 17:08:16
500111026,23,3,20,2024-12-19 14:52:16
500112003,23,3,20,2024-12-19 16:16:15
500112083,23,3,20,2024-12-19 17:17:16
500112099,23,1,20,2024-12-19 13:36:15
500101151,23,2,21,2024-12-19 16:38:15
500101211,23,2,21,2024-12-19 16:38:15
500113033,23,2,21,2024-12-19 16:28:14
500101093,23,1,22,2024-12-19 16:06:15
500101093,23,1,22,2024-12-19 16:28:15
500113033,23,1,22,2024-12-19 15:55:16
500113033,23,0,23,2024-12-19 16:55:16
500112083,23,15,8,2024-12-19 21:49:15
500113073,23,14,2,2024-12-19 06:26:15
500113006,23,20,3,2024-12-19 08:34:15
500101248,23,11,4,2024-12-19 06:30:17
500101218,23,17,5,2024-12-19 06:22:14
500105050,23,18,5,2024-12-19 08:20:17
500101218,23,16,6,2024-12-19 06:44:15
500110008,23,17,6,2024-12-19 08:37:15
500108111,23,16,7,2024-12-19 05:22:15
500108111,23,16,7,2024-12-19 06:46:15
500108111,23,16,7,2024-12-19 07:47:15
500112104,23,16,7,2024-12-19 07:57:16
500108111,23,15,8,2024-12-19 08:17:15
500112083,23,15,8,2024-12-19 08:46:15
500112104,23,15,8,2024-12-19 07:37:15
500109099,23,14,9,2024-12-19 07:26:15
500113006,23,14,9,2024-12-19 07:17:14
500107058,23,9,10,2024-12-19 07:47:14
500112003,23,13,10,2024-12-19 07:57:16
500101211,23,12,11,2024-12-19 08:23:15
500101211,23,12,11,2024-12-19 08:02:15
500108128,23,12,11,2024-12-19 08:27:16
500110008,23,12,11,2024-12-19 06:37:14
500112003,23,12,11,2024-12-19 07:47:14
500112099,23,10,11,2024-12-19 07:37:15
500101152,23,9,13,2024-12-19 06:56:15
500101248,23,2,13,2024-12-19 07:37:15
500108020,23,10,13,2024-12-19 06:27:15
500104037,23,9,14,2024-12-19 08:03:15
500110008,23,9,14,2024-12-19 07:20:16
500112092,23,9,14,2024-12-19 08:39:15
500104109,23,8,15,2024-12-19 08:37:15
500101151,23,7,16,2024-12-19 05:23:15
500104109,23,7,16,2024-12-19 08:03:15
500106019,23,7,16,2024-12-19 06:54:16
500106131,23,5,16,2024-12-19 07:28:15
500108020,23,7,16,2024-12-19 08:47:15
500109099,23,7,16,2024-12-19 07:47:15
500112104,23,7,16,2024-12-19 08:17:15
500101151,23,6,17,2024-12-19 06:53:15
500104032,23,6,17,2024-12-19 06:56:15
500104032,23,6,17,2024-12-19 07:27:15
500108103,23,3,17,2024-12-19 08:22:15
500108128,23,6,17,2024-12-19 06:46:14
500110034,23,2,17,2024-12-19 07:47:15
500106040,23,5,18,2024-12-19 07:09:15
500112092,23,5,18,2024-12-19 07:59:15
500101152,23,3,19,2024-12-19 07:56:15
500104109,23,4,19,2024-12-19 06:34:15
500108128,23,4,19,2024-12-19 06:03:15
500101093,23,3,20,2024-12-19 07:57:16
500101211,23,3,20,2024-12-19 08:57:15
500104032,23,3,20,2024-12-19 08:25:16
500106019,23,3,20,2024-12-19 07:17:14
500108128,23,3,20,2024-12-19 06:56:15
500101152,23,1,21,2024-12-19 08:56:16
500101218,23,0,22,2024-12-19 08:11:16
500109099,23,0,23,2024-12-19 08:03:15
500112099,23,18,2,2024-12-19 23:24:15
500104016,23,2,21,2024-12-19 00:16:15
500110008,23,16,7,2024-12-19 00:08:15
500111026,23,6,17,2024-12-19 00:41:14
500112099,23,15,7,2024-12-19 03:13:15
500108128,23,2,21,2024-12-19 00:03:15
500108128,23,2,21,2024-12-19 00:15:15
500110034,23,19,4,2024-12-19 23:32:15
500108020,23,8,15,2024-12-19 00:37:15
500113006,23,12,11,2024-12-19 00:57:15
500107058,23,14,5,2024-12-19 01:05:16
500112003,23,22,1,2024-12-19 00:11:16
500101248,23,18,1,2024-12-19 22:53:15
500112099,23,19,1,2024-12-19 23:15:14
500112092,23,5,18,2024-12-19 22:38:15
500112083,23,18,5,2024-12-19 22:39:15
500108020,23,0,23,2024-12-19 21:38:15
500113051,23,0,23,2024-12-19 21:22:15
500101093,23,2,21,2024-12-19 21:37:15
500106019,23,11,12,2024-12-19 21:38:15
500110008,23,14,9,2024-12-19 21:35:16
500108111,23,15,8,2024-12-19 20:41:15
500106019,23,5,18,2024-12-19 01:25:15
500101151,23,8,15,2024-12-19 01:35:15
500110034,23,15,5,2024-12-19 02:48:14
500110008,23,16,7,2024-12-19 02:21:15
500106019,23,6,17,2024-12-19 04:08:14
500110034,23,14,5,2024-12-19 04:07:15
500107096,23,16,7,2024-12-19 03:29:14
500106131,23,4,17,2024-12-19 22:08:15
500112028,23,11,12,2024-12-19 22:06:15
500109004,23,15,8,2024-12-19 22:09:15
500101218,23,11,9,2024-12-19 21:56:15
500101248,23,19,0,2024-12-19 21:58:15
500112083,23,21,2,2024-12-19 23:57:15
500109004,23,6,17,2024-12-19 02:46:14
500112104,23,11,12,2024-12-19 02:15:15
500101218,23,18,4,2024-12-19 02:20:16
500112083,23,21,2,2024-12-19 02:21:15
500101218,23,17,5,2024-12-19 01:55:16
500104032,23,8,15,2024-12-19 22:45:15
500108128,23,1,22,2024-12-19 04:30:15
500107096,23,4,19,2024-12-19 22:54:14
500112092,23,5,18,2024-12-19 22:52:14
500101211,23,20,3,2024-12-19 23:07:15
500108128,23,1,22,2024-12-19 22:10:17
500112003,23,15,8,2024-12-19 22:19:15
500110034,23,16,7,2024-12-19 22:17:15
500112083,23,17,6,2024-12-19 22:17:15
500101211,23,20,3,2024-12-19 22:14:15
500101151,23,23,0,2024-12-19 22:19:15
500101154,23,10,13,2024-12-19 04:06:15
500112099,23,14,6,2024-12-19 22:25:16
500104062,23,11,12,2024-12-19 23:26:15
500108141,23,22,1,2024-12-19 11:29:15
500106040,23,21,2,2024-12-19 11:46:14
500106131,23,18,3,2024-12-19 10:10:15
500106131,23,17,4,2024-12-19 10:25:16
500110008,23,19,4,2024-12-19 09:42:15
500104037,23,16,7,2024-12-19 09:43:15
500108103,23,10,7,2024-12-19 11:36:16
500107058,23,13,8,2024-12-19 12:38:15
500110008,23,15,8,2024-12-19 11:55:18
500101248,23,12,9,2024-12-19 09:44:15
500104109,23,12,11,2024-12-19 11:12:16
500112104,23,12,11,2024-12-19 11:37:15
500108111,23,11,12,2024-12-19 09:45:15
500113073,23,8,12,2024-12-19 10:04:16
500107058,23,8,13,2024-12-19 11:56:15
500112104,23,9,13,2024-12-19 12:04:16
500104016,23,9,14,2024-12-19 10:47:16
500106019,23,9,14,2024-12-19 10:57:15
500108111,23,9,14,2024-12-19 09:58:15
500109004,23,9,14,2024-12-19 12:30:16
500101154,23,8,15,2024-12-19 09:50:16
500112003,23,8,15,2024-12-19 09:09:15
500112092,23,8,15,2024-12-19 09:34:15
500112099,23,6,15,2024-12-19 11:36:15
500104062,23,6,17,2024-12-19 10:50:16
500112083,23,6,17,2024-12-19 13:03:14
500101154,23,5,18,2024-12-19 12:14:15
500110034,23,5,18,2024-12-19 10:19:16
500101093,23,4,19,2024-12-19 12:59:16
500101093,23,4,19,2024-12-19 09:47:15
500106019,23,4,19,2024-12-19 11:58:15
500109004,23,4,19,2024-12-19 11:18:16
500109099,23,4,19,2024-12-19 09:57:15
500110034,23,4,19,2024-12-19 11:20:16
500113006,23,4,19,2024-12-19 12:39:14
500113051,23,4,19,2024-12-19 10:50:16
500101093,23,3,20,2024-12-19 10:31:15
500104032,23,3,20,2024-12-19 11:08:15
500109099,23,3,20,2024-12-19 12:18:15
500109099,23,3,20,2024-12-19 10:53:15
500111026,23,3,20,2024-12-19 10:26:14
500112104,23,3,20,2024-12-19 09:57:15
500107096,23,2,21,2024-12-19 09:54:15
500113051,23,2,21,2024-12-19 09:44:15
500101093,23,1,22,2024-12-19 12:38:14
500101152,23,0,22,2024-12-19 09:57:15
500101152,23,1,22,2024-12-19 11:18:16
500101211,23,1,22,2024-12-19 09:51:14
500101218,23,0,22,2024-12-19 10:11:15
500107166,23,1,22,2024-12-19 09:37:15
500109099,23,1,22,2024-12-19 09:35:16
500109099,23,1,22,2024-12-19 10:32:15
500111026,23,1,22,2024-12-19 09:30:18
500113033,23,1,22,2024-12-19 11:08:15
500112003,23,0,23,2024-12-19 12:18:15
500112104,23,0,23,2024-12-19 09:05:16
500113051,23,0,23,2024-12-19 09:09:16
500108128,23,23,0,2024-12-19 18:38:16
500101248,23,18,1,2024-12-19 20:34:15
500103068,23,22,1,2024-12-19 19:36:15
500111026,23,22,1,2024-12-19 18:15:17
500108128,23,20,3,2024-12-19 19:58:14
500112099,23,20,3,2024-12-19 20:48:15
500109004,23,19,4,2024-12-19 18:57:15
500106019,23,18,5,2024-12-19 20:05:16
500101151,23,17,6,2024-12-19 19:37:15
500109004,23,17,6,2024-12-19 20:33:15
500112099,23,15,6,2024-12-19 19:37:16
500113033,23,17,6,2024-12-19 19:58:15
500105050,23,16,7,2024-12-19 21:00:16
500109004,23,16,7,2024-12-19 19:04:15
500106019,23,15,8,2024-12-19 20:58:15
500107058,23,12,8,2024-12-19 19:05:16
500108111,23,15,8,2024-12-19 18:50:16
500111026,23,15,8,2024-12-19 20:22:15
500106019,23,14,9,2024-12-19 18:37:15
500106131,23,12,9,2024-12-19 17:37:16
500110008,23,14,9,2024-12-19 17:58:16
500101154,23,13,10,2024-12-19 19:49:15
500101218,23,12,10,2024-12-19 19:28:15
500104062,23,13,10,2024-12-19 18:20:17
500107058,23,10,10,2024-12-19 19:26:15
500108128,23,13,10,2024-12-19 20:37:16
500110008,23,13,10,2024-12-19 20:57:16
500101152,23,12,11,2024-12-19 21:14:15
500101152,23,12,11,2024-12-19 18:53:15
500108111,23,12,11,2024-12-19 18:00:18
500108141,23,12,11,2024-12-19 17:26:15
500112003,23,12,11,2024-12-19 21:20:16
500101154,23,11,12,2024-12-19 19:00:18
500104062,23,11,12,2024-12-19 18:04:16
500107058,23,8,12,2024-12-19 21:03:15
500113051,23,11,12,2024-12-19 18:00:18
500101248,23,9,13,2024-12-19 17:47:16
500110034,23,10,13,2024-12-19 17:36:15
500104016,23,9,14,2024-12-19 20:47:15
500106019,23,9,14,2024-12-19 17:28:15
500101154,23,8,15,2024-12-19 18:27:15
500106019,23,8,15,2024-12-19 17:37:16
500108141,23,8,15,2024-12-19 18:16:16
500109099,23,8,15,2024-12-19 17:48:15
500112028,23,8,15,2024-12-19 18:53:15
500113051,23,8,15,2024-12-19 19:09:14
500101154,23,7,16,2024-12-19 18:03:15
500101218,23,6,16,2024-12-19 18:34:15
500108103,23,7,16,2024-12-19 20:58:15
500108141,23,7,16,2024-12-19 17:59:15
500113073,23,7,16,2024-12-19 18:36:16
500106131,23,4,17,2024-12-19 18:22:16
500112083,23,6,17,2024-12-19 19:27:15
500112092,23,6,17,2024-12-19 17:55:17
500113033,23,6,17,2024-12-19 17:47:16
500101151,23,5,18,2024-12-19 17:58:16
500104032,23,5,18,2024-12-19 18:51:15
500104062,23,5,18,2024-12-19 19:45:16
500106131,23,3,18,2024-12-19 19:35:16
500106131,23,3,18,2024-12-19 21:01:15
500109099,23,5,18,2024-12-19 18:46:15
500112083,23,5,18,2024-12-19 18:03:15
500112092,23,5,18,2024-12-19 21:00:16
500112104,23,4,18,2024-12-19 19:52:16
500112104,23,4,18,2024-12-19 18:08:16
500112104,23,4,18,2024-12-19 18:38:16
500108020,23,4,19,2024-12-19 18:16:15
500112104,23,3,19,2024-12-19 20:08:15
500112083,23,3,20,2024-12-19 17:57:15
500107096,23,2,21,2024-12-19 17:48:15
500109099,23,2,21,2024-12-19 19:31:15
500112028,23,2,21,2024-12-19 17:41:16
500112104,23,1,21,2024-12-19 17:38:16
500101093,23,0,23,2024-12-19 17:43:16
500110008,23,21,2,2024-12-19 17:18:16
500106131,23,17,4,2024-12-19 14:13:15
500110008,23,19,4,2024-12-19 16:20:17
500110008,23,19,4,2024-12-19 13:12:15
500107058,23,15,7,2024-12-19 14:27:15
500103068,23,15,8,2024-12-19 13:48:15
500113073,23,15,8,2024-12-19 16:54:16
500103068,23,14,9,2024-12-19 13:38:16
500101152,23,13,10,2024-12-19 16:43:15
500101248,23,12,10,2024-12-19 17:08:16
500108103,23,12,10,2024-12-19 16:33:14
500113073,23,13,10,2024-12-19 16:37:15
500106040,23,12,11,2024-12-19 16:55:17
500108111,23,12,11,2024-12-19 15:35:16
500104109,23,11,12,2024-12-19 14:06:15
500105050,23,10,13,2024-12-19 17:16:16
500106019,23,9,14,2024-12-19 16:48:16
500113051,23,8,15,2024-12-19 16:28:15
500104016,23,7,16,2024-12-19 14:56:15
500110034,23,7,16,2024-12-19 15:03:15
500106019,23,6,17,2024-12-19 13:28:15
500109004,23,6,17,2024-12-19 15:30:17
500110034,23,6,17,2024-12-19 16:06:15
500101093,23,5,18,2024-12-19 13:24:15
500109099,23,4,19,2024-12-19 13:36:16
500112003,23,4,19,2024-12-19 15:44:15
500112099,23,2,19,2024-12-19 16:08:15
500101151,23,3,20,2024-12-19 15:18:15
500101151,23,3,20,2024-12-19 15:38:15
500108020,23,3,20,2024-12-19 17:03:16
500101151,23,2,21,2024-12-19 16:58:15
500104032,23,2,21,2024-12-19 13:30:16
500107096,23,2,21,2024-12-19 16:34:16
500107166,23,2,21,2024-12-19 16:40:16
500112083,23,2,21,2024-12-19 16:37:15
500113033,23,1,22,2024-12-19 17:04:16
500101151,23,0,23,2024-12-19 13:58:16
500101151,23,0,23,2024-12-19 14:17:18
500103068,23,9,11,2024-12-19 21:46:14
500112099,23,11,9,2024-12-19 21:48:16
500113073,23,15,1,2024-12-19 06:15:16
500101218,23,19,3,2024-12-19 06:00:17
500110034,23,13,6,2024-12-19 05:42:15
500112099,23,16,6,2024-12-19 06:00:16
500112099,23,15,7,2024-12-19 06:53:15
500112099,23,15,7,2024-12-19 07:17:14
500112104,23,16,7,2024-12-19 07:47:14
500101152,23,14,8,2024-12-19 05:52:14
500108141,23,14,9,2024-12-19 07:36:15
500101248,23,5,10,2024-12-19 07:14:15
500104032,23,13,10,2024-12-19 05:36:15
500104062,23,13,10,2024-12-19 08:02:15
500107166,23,13,10,2024-12-19 04:47:14
500112099,23,11,10,2024-12-19 07:57:16
500101211,23,12,11,2024-12-19 07:15:17
500108103,23,10,11,2024-12-19 07:57:16
500101248,23,3,12,2024-12-19 07:47:15
500108128,23,11,12,2024-12-19 07:17:14
500101154,23,10,13,2024-12-19 06:20:15
500108020,23,10,13,2024-12-19 06:39:15
500108020,23,10,13,2024-12-19 06:52:15
500112028,23,9,13,2024-12-19 08:53:15
500101211,23,9,14,2024-12-19 08:14:16
500108020,23,9,14,2024-12-19 07:57:16
500101154,23,8,15,2024-12-19 06:34:15
500106115,23,7,15,2024-12-19 07:49:16
500106131,23,6,15,2024-12-19 08:34:15
500107058,23,4,15,2024-12-19 08:37:15
500113073,23,1,15,2024-12-19 07:35:16
500101093,23,7,16,2024-12-19 08:36:15
500105050,23,7,16,2024-12-19 07:14:15
500109099,23,7,16,2024-12-19 06:56:15
500112083,23,7,16,2024-12-19 06:22:14
500112092,23,7,16,2024-12-19 08:15:16
500101151,23,6,17,2024-12-19 06:03:15
500104016,23,6,17,2024-12-19 06:44:15
500107058,23,2,17,2024-12-19 08:47:15
500112003,23,6,17,2024-12-19 08:57:15
500101151,23,5,18,2024-12-19 06:16:15
500106115,23,4,18,2024-12-19 08:07:15
500107096,23,5,18,2024-12-19 08:24:15
500113033,23,5,18,2024-12-19 08:35:16
500113051,23,5,18,2024-12-19 06:16:15
500101151,23,4,19,2024-12-19 06:46:15
500104109,23,4,19,2024-12-19 07:19:16
500108020,23,4,19,2024-12-19 08:37:15
500112104,23,4,19,2024-12-19 08:36:15
500101152,23,2,20,2024-12-19 08:02:15
500101154,23,3,20,2024-12-19 07:47:15
500112083,23,3,20,2024-12-19 06:49:15
500101152,23,1,21,2024-12-19 08:15:16
500101152,23,1,21,2024-12-19 08:23:15
500106115,23,1,21,2024-12-19 08:30:16
500109004,23,2,21,2024-12-19 06:56:15
500112083,23,2,21,2024-12-19 07:37:15
500101152,23,0,22,2024-12-19 08:36:15
500109004,23,0,23,2024-12-19 07:35:16
500111026,23,5,18,2024-12-19 23:29:14
500106019,23,5,18,2024-12-19 00:18:14
500109004,23,1,21,2024-12-19 00:33:15
500104109,23,5,18,2024-12-19 23:25:16
500104037,23,7,16,2024-12-19 23:01:15
500109004,23,5,17,2024-12-19 00:55:16
500112092,23,7,16,2024-12-19 00:09:14
500101154,23,15,8,2024-12-19 01:08:16
500103068,23,14,6,2024-12-19 22:35:16
500108141,23,14,9,2024-12-19 23:16:15
500108128,23,1,22,2024-12-19 22:38:15
500101218,23,17,3,2024-12-19 22:31:16
500113006,23,3,20,2024-12-19 21:10:15
500112099,23,9,11,2024-12-19 21:36:15
500108141,23,9,14,2024-12-19 21:17:15
500101154,23,18,5,2024-12-19 21:33:16
500113033,23,18,5,2024-12-19 21:37:15
500101151,23,23,0,2024-12-19 21:37:16
500112092,23,8,15,2024-12-19 02:34:15
500107096,23,17,6,2024-12-19 02:24:14
500110008,23,14,9,2024-12-19 04:27:14
500112003,23,22,0,2024-12-19 04:15:18
500112083,23,17,6,2024-12-19 22:08:15
500112099,23,9,13,2024-12-19 01:23:15
500108128,23,1,22,2024-12-19 03:15:15
500107058,23,13,6,2024-12-19 03:39:14
500101248,23,15,3,2024-12-19 01:31:15
500112083,23,21,2,2024-12-19 22:47:15
500104016,23,3,20,2024-12-19 22:18:15
500101152,23,11,12,2024-12-19 22:16:15
500101248,23,17,2,2024-12-19 22:19:15
500108020,23,7,16,2024-12-19 23:21:14
500110008,23,16,7,2024-12-19 02:07:15
500112099,23,10,12,2024-12-19 01:36:15
500106131,23,18,3,2024-12-19 09:55:17
500110008,23,20,3,2024-12-19 10:26:14
500104037,23,19,4,2024-12-19 10:21:15
500106040,23,19,4,2024-12-19 10:21:15
500108103,23,14,4,2024-12-19 12:57:15
500110008,23,19,4,2024-12-19 11:10:17
500104037,23,18,5,2024-12-19 10:01:16
500110008,23,18,5,2024-12-19 09:27:14
500106131,23,15,6,2024-12-19 12:30:16
500106131,23,15,6,2024-12-19 13:01:15
500113073,23,17,6,2024-12-19 11:32:14
500108141,23,16,7,2024-12-19 09:07:15
500110008,23,16,7,2024-12-19 12:47:15
500101248,23,11,10,2024-12-19 09:37:15
500106040,23,13,10,2024-12-19 09:06:15
500110008,23,13,10,2024-12-19 09:09:15
500104109,23,12,11,2024-12-19 10:05:16
500110008,23,12,11,2024-12-19 09:07:15
500112104,23,12,11,2024-12-19 11:01:17
500104109,23,11,12,2024-12-19 12:59:16
500101151,23,10,13,2024-12-19 08:59:15
500107058,23,8,13,2024-12-19 10:56:15
500112028,23,9,13,2024-12-19 12:14:16
500113073,23,7,13,2024-12-19 10:21:15
500101248,23,7,14,2024-12-19 11:25:15
500103068,23,9,14,2024-12-19 10:17:16
500112083,23,9,14,2024-12-19 10:07:16
500113051,23,9,14,2024-12-19 12:41:15
500101154,23,8,15,2024-12-19 09:30:15
500112092,23,8,15,2024-12-19 10:07:16
500112104,23,8,15,2024-12-19 10:18:15
500104032,23,7,16,2024-12-19 10:38:15
500104062,23,7,16,2024-12-19 10:16:15
500104062,23,7,16,2024-12-19 11:22:16
500106019,23,7,16,2024-12-19 12:49:15
500108103,23,2,16,2024-12-19 09:39:16
500113051,23,7,16,2024-12-19 11:37:15
500112083,23,6,17,2024-12-19 11:38:15
500104032,23,5,18,2024-12-19 08:50:15
500104032,23,5,18,2024-12-19 11:33:16
500104032,23,5,18,2024-12-19 09:51:14
500106019,23,5,18,2024-12-19 12:43:15
500110034,23,5,18,2024-12-19 12:56:15
500113006,23,5,18,2024-12-19 10:03:15
500113051,23,5,18,2024-12-19 10:38:15
500111026,23,4,19,2024-12-19 09:57:15
500112003,23,4,19,2024-12-19 11:17:15
500112083,23,4,19,2024-12-19 12:27:15
500113006,23,4,19,2024-12-19 10:19:16
500101151,23,3,20,2024-12-19 12:16:15
500101211,23,3,20,2024-12-19 09:03:14
500101211,23,3,20,2024-12-19 12:19:16
500104032,23,3,20,2024-12-19 12:05:17
500109099,23,3,20,2024-12-19 12:58:15
500109099,23,3,20,2024-12-19 10:09:15
500112003,23,3,20,2024-12-19 09:57:15
500113006,23,3,20,2024-12-19 12:14:16
500104032,23,2,21,2024-12-19 12:23:16
500112083,23,2,21,2024-12-19 12:07:16
500112099,23,0,21,2024-12-19 09:30:18
500101093,23,1,22,2024-12-19 11:07:16
500101218,23,0,22,2024-12-19 12:18:16
500108020,23,1,22,2024-12-19 10:57:15
500108128,23,1,22,2024-12-19 09:55:16
500109099,23,1,22,2024-12-19 11:30:16
500107166,23,0,23,2024-12-19 10:17:15
500107166,23,0,23,2024-12-19 10:41:16
500109004,23,0,23,2024-12-19 09:08:15
500113033,23,0,23,2024-12-19 12:54:15
500111026,23,23,0,2024-12-19 18:04:16
500113073,23,23,0,2024-12-19 17:59:15
500101151,23,22,1,2024-12-19 21:19:15
500101248,23,17,2,2024-12-19 20:26:15
500106040,23,20,3,2024-12-19 18:59:15
500101248,23,18,4,2024-12-19 19:15:15
500106019,23,18,5,2024-12-19 20:13:15
500109004,23,18,5,2024-12-19 17:46:14
500101151,23,17,6,2024-12-19 18:58:16
500101218,23,16,6,2024-12-19 20:47:14
500103068,23,17,6,2024-12-19 19:18:15
500109004,23,16,7,2024-12-19 20:28:15
500112099,23,16,7,2024-12-19 20:39:16
500113033,23,16,7,2024-12-19 20:05:16
500101152,23,15,8,2024-12-19 17:47:15
500106131,23,13,8,2024-12-19 17:18:16
500108103,23,14,8,2024-12-19 17:34:15
500101154,23,14,9,2024-12-19 19:57:15
500109004,23,14,9,2024-12-19 17:25:16
500101248,23,12,10,2024-12-19 17:33:16
500101248,23,12,10,2024-12-19 19:29:15
500101248,23,12,10,2024-12-19 18:47:16
500106019,23,13,10,2024-12-19 21:08:15
500108111,23,13,10,2024-12-19 18:23:16
500110008,23,13,10,2024-12-19 21:14:15
500110034,23,13,10,2024-12-19 17:59:15
500111026,23,12,11,2024-12-19 20:45:16
500113051,23,12,11,2024-12-19 18:49:16
500101211,23,11,12,2024-12-19 18:40:17
500103068,23,7,13,2024-12-19 21:12:15
500106115,23,9,13,2024-12-19 17:47:15
500107166,23,10,13,2024-12-19 19:21:15
500111026,23,10,13,2024-12-19 21:03:15
500113051,23,10,13,2024-12-19 18:47:16
500106115,23,8,14,2024-12-19 17:59:15
500113033,23,9,14,2024-12-19 18:37:15
500110008,23,8,15,2024-12-19 18:18:16
500106131,23,5,16,2024-12-19 19:02:15
500101218,23,5,17,2024-12-19 18:48:15
500104032,23,6,17,2024-12-19 20:49:15
500106131,23,4,17,2024-12-19 18:48:15
500110034,23,6,17,2024-12-19 18:15:17
500112083,23,6,17,2024-12-19 18:45:16
500113073,23,6,17,2024-12-19 18:53:15
500104109,23,5,18,2024-12-19 21:02:15
500112092,23,5,18,2024-12-19 20:30:17
500113033,23,5,18,2024-12-19 18:08:16
500101093,23,4,19,2024-12-19 19:25:15
500104109,23,4,19,2024-12-19 17:46:15
500112003,23,4,19,2024-12-19 18:08:16
500112099,23,2,19,2024-12-19 18:03:15
500107096,23,3,20,2024-12-19 18:03:15
500108103,23,2,20,2024-12-19 18:45:16
500101093,23,2,21,2024-12-19 20:58:15
500108020,23,2,21,2024-12-19 21:05:16
500112092,23,2,21,2024-12-19 19:18:15
500112104,23,1,21,2024-12-19 20:26:15
500101093,23,1,22,2024-12-19 17:59:14
500107096,23,1,22,2024-12-19 18:30:17
500108020,23,1,22,2024-12-19 20:39:16
500112003,23,1,22,2024-12-19 18:57:15
500112104,23,0,22,2024-12-19 17:27:16
500113051,23,0,23,2024-12-19 21:20:16
500110008,23,20,3,2024-12-19 13:58:16
500112028,23,19,3,2024-12-19 14:58:15
500101248,23,16,6,2024-12-19 14:13:15
500108103,23,13,6,2024-12-19 13:14:15
500104037,23,16,7,2024-12-19 15:02:15
500108103,23,12,7,2024-12-19 13:22:15
500101248,23,14,8,2024-12-19 16:55:17
500108103,23,13,9,2024-12-19 14:27:15
500101248,23,12,10,2024-12-19 15:41:15
500108020,23,12,11,2024-12-19 16:18:15
500106063,23,11,12,2024-12-19 14:39:16
500108020,23,11,12,2024-12-19 15:22:15
500106019,23,10,13,2024-12-19 16:58:15
500108020,23,10,13,2024-12-19 13:55:16
500101154,23,9,14,2024-12-19 16:35:15
500105050,23,9,14,2024-12-19 16:37:15
500108020,23,9,14,2024-12-19 13:39:15
500101154,23,8,15,2024-12-19 13:35:15
500106019,23,8,15,2024-12-19 14:06:15
500113051,23,8,15,2024-12-19 14:34:15
500108128,23,7,16,2024-12-19 16:25:16
500106019,23,6,17,2024-12-19 15:26:15
500112028,23,6,17,2024-12-19 16:38:15
500112083,23,6,17,2024-12-19 14:41:15
500104016,23,5,18,2024-12-19 16:21:15
500112104,23,4,18,2024-12-19 15:13:15
500112083,23,4,19,2024-12-19 15:34:15
500112099,23,2,19,2024-12-19 13:56:15
500101151,23,3,20,2024-12-19 13:13:15
500101151,23,3,20,2024-12-19 16:47:15
500109099,23,3,20,2024-12-19 15:40:16
500113006,23,3,20,2024-12-19 17:05:17
500101211,23,2,21,2024-12-19 15:30:17
500109099,23,2,21,2024-12-19 15:06:14
500109099,23,2,21,2024-12-19 14:45:15
500112104,23,1,21,2024-12-19 16:57:16
500108128,23,1,22,2024-12-19 17:08:16
500112003,23,1,22,2024-12-19 13:36:16
500112003,23,1,22,2024-12-19 14:17:15
500112003,23,0,23,2024-12-19 15:24:15
500101218,23,21,1,2024-12-19 07:16:15
500101218,23,21,1,2024-12-19 05:47:15
500112003,23,20,2,2024-12-19 06:11:14
500113073,23,14,2,2024-12-19 05:54:15
500101211,23,20,3,2024-12-19 07:47:15
500113006,23,19,4,2024-12-19 08:15:16
500110034,23,13,6,2024-12-19 06:28:14
500112003,23,17,6,2024-12-19 07:25:15
500113006,23,17,6,2024-12-19 07:59:15
500111026,23,16,7,2024-12-19 06:54:15
500112083,23,16,7,2024-12-19 08:57:15
500113006,23,16,7,2024-12-19 07:52:15
500113073,23,13,7,2024-12-19 08:46:15
500110008,23,15,8,2024-12-19 05:02:15
500103068,23,12,9,2024-12-19 08:43:14
500112099,23,13,9,2024-12-19 05:49:15
500104062,23,13,10,2024-12-19 07:53:16
500105050,23,13,10,2024-12-19 07:55:17
500112003,23,13,10,2024-12-19 08:17:15
500112003,23,13,10,2024-12-19 07:37:15
500112003,23,13,10,2024-12-19 08:03:15
500108020,23,12,11,2024-12-19 07:35:16
500112083,23,12,11,2024-12-19 08:36:15
500104016,23,11,12,2024-12-19 07:57:16
500107166,23,11,12,2024-12-19 08:11:16
500101248,23,6,13,2024-12-19 08:37:15
500106019,23,10,13,2024-12-19 08:27:16
500106115,23,9,13,2024-12-19 07:43:15
500112099,23,8,13,2024-12-19 08:02:15
500104016,23,9,14,2024-12-19 08:56:16
500104062,23,9,14,2024-12-19 07:46:15
500108020,23,9,14,2024-12-19 06:03:15
500110034,23,5,14,2024-12-19 07:16:15
500112104,23,9,14,2024-12-19 06:01:14
500101151,23,8,15,2024-12-19 05:01:14
500101211,23,8,15,2024-12-19 08:36:15
500104016,23,8,15,2024-12-19 08:25:16
500106019,23,8,15,2024-12-19 08:37:15
500101248,23,3,16,2024-12-19 08:45:16
500111026,23,7,16,2024-12-19 07:47:15
500112099,23,5,16,2024-12-19 08:27:15
500106019,23,6,17,2024-12-19 06:11:14
500106131,23,4,17,2024-12-19 07:47:15
500112003,23,6,17,2024-12-19 08:47:15
500112083,23,6,17,2024-12-19 06:33:15
500104037,23,5,18,2024-12-19 07:25:15
500104109,23,5,18,2024-12-19 07:28:15
500106019,23,5,18,2024-12-19 07:55:17
500106063,23,5,18,2024-12-19 08:02:15
500107058,23,1,18,2024-12-19 08:24:15
500109004,23,4,19,2024-12-19 06:20:15
500101093,23,3,20,2024-12-19 06:23:15
500101093,23,3,20,2024-12-19 07:23:15
500101154,23,3,20,2024-12-19 07:18:15
500101218,23,1,21,2024-12-19 07:59:16
500104062,23,2,21,2024-12-19 06:34:15
500106040,23,2,21,2024-12-19 06:01:14
500109004,23,2,21,2024-12-19 06:41:15
500109004,23,1,22,2024-12-19 08:27:16
500109004,23,1,22,2024-12-19 08:47:15
500109004,23,0,23,2024-12-19 08:15:16
500113051,23,0,23,2024-12-19 08:57:15
500107166,23,23,0,2024-12-19 00:07:15
500111026,23,7,16,2024-12-19 00:33:15
500112104,23,13,10,2024-12-19 00:39:15
500112099,23,8,10,2024-12-19 23:46:15
500101248,23,17,2,2024-12-19 23:41:15
500101218,23,19,1,2024-12-19 23:54:15
500104109,23,2,21,2024-12-19 00:54:15
500107166,23,13,10,2024-12-19 01:08:16
500104032,23,14,9,2024-12-19 00:40:16
500112083,23,20,3,2024-12-19 01:12:15
500101154,23,19,4,2024-12-19 22:54:14
500113073,23,19,4,2024-12-19 22:13:15
500108020,23,1,22,2024-12-19 22:39:15
500106019,23,12,11,2024-12-19 22:36:14
500101154,23,17,6,2024-12-19 21:52:15
500110034,23,17,6,2024-12-19 22:36:14
500106040,23,18,5,2024-12-19 21:29:15
500113073,23,15,2,2024-12-19 01:57:15
500101154,23,11,12,2024-12-19 04:23:14
500107058,23,14,5,2024-12-19 03:50:15
500112099,23,16,6,2024-12-19 04:14:15
500108020,23,1,22,2024-12-19 22:00:20
500112104,23,2,20,2024-12-19 22:08:15
500104062,23,7,16,2024-12-19 21:44:15
500101218,23,13,7,2024-12-19 22:02:16
500113033,23,18,5,2024-12-19 22:09:15
500101248,23,19,0,2024-12-19 22:06:15
500110008,23,14,9,2024-12-19 01:24:14
500108128,23,1,22,2024-12-19 21:59:15
500112099,23,14,8,2024-12-19 03:24:15
500108020,23,6,17,2024-12-19 23:54:15
500108128,23,6,17,2024-12-19 23:27:15
500112083,23,19,4,2024-12-19 01:43:15
500101154,23,12,11,2024-12-19 02:44:15
500110008,23,15,8,2024-12-19 02:11:15
500112099,23,15,5,2024-12-19 22:49:15
500110008,23,18,5,2024-12-19 22:48:15
500106040,23,20,3,2024-12-19 23:06:15
500108020,23,3,20,2024-12-19 22:16:14
500109099,23,3,20,2024-12-19 22:16:14
500112003,23,21,1,2024-12-19 03:49:14
500112028,23,12,11,2024-12-19 22:23:15
500112099,23,14,6,2024-12-19 22:58:15
500111026,23,8,15,2024-12-19 23:32:15
500108141,23,21,2,2024-12-19 11:48:15
500108141,23,21,2,2024-12-19 11:58:16
500110008,23,21,2,2024-12-19 09:57:15
500105050,23,20,3,2024-12-19 08:55:16
500113073,23,20,3,2024-12-19 12:29:16
500113073,23,14,6,2024-12-19 08:50:16
500110008,23,16,7,2024-12-19 11:46:14
500104109,23,13,10,2024-12-19 10:11:15
500104109,23,12,11,2024-12-19 11:29:15
500107058,23,10,11,2024-12-19 09:01:17
500105050,23,11,12,2024-12-19 13:08:15
500112104,23,11,12,2024-12-19 11:10:17
500101248,23,8,13,2024-12-19 11:12:16
500104062,23,9,14,2024-12-19 11:38:15
500112003,23,9,14,2024-12-19 09:06:15
500108103,23,3,15,2024-12-19 09:55:17
500109004,23,8,15,2024-12-19 12:13:16
500101248,23,6,16,2024-12-19 12:57:15
500108128,23,7,16,2024-12-19 12:45:15
500109004,23,7,16,2024-12-19 12:03:15
500113073,23,5,16,2024-12-19 10:59:15
500104032,23,6,17,2024-12-19 10:27:16
500109004,23,6,17,2024-12-19 11:58:16
500112092,23,6,17,2024-12-19 11:58:16
500101154,23,5,18,2024-12-19 12:27:15
500106019,23,5,18,2024-12-19 12:08:15
500108020,23,5,18,2024-12-19 12:08:15
500108128,23,5,18,2024-12-19 12:27:14
500101151,23,4,19,2024-12-19 10:17:16
500101152,23,3,19,2024-12-19 09:09:15
500104032,23,4,19,2024-12-19 09:41:15
500107166,23,4,19,2024-12-19 12:29:15
500111026,23,4,19,2024-12-19 12:19:16
500101154,23,3,20,2024-12-19 10:18:15
500112003,23,3,20,2024-12-19 12:58:15
500112099,23,1,20,2024-12-19 09:03:14
500113051,23,3,20,2024-12-19 10:21:15
500101152,23,1,21,2024-12-19 09:26:15
500101152,23,1,21,2024-12-19 10:07:16
500101152,23,1,21,2024-12-19 10:41:15
500101211,23,2,21,2024-12-19 12:34:14
500101218,23,1,21,2024-12-19 09:44:15
500106115,23,1,21,2024-12-19 11:37:15
500107096,23,2,21,2024-12-19 10:57:15
500109004,23,2,21,2024-12-19 09:27:15
500109099,23,2,21,2024-12-19 12:38:15
500111026,23,2,21,2024-12-19 10:02:14
500101211,23,1,22,2024-12-19 11:48:15
500107096,23,1,22,2024-12-19 11:18:16
500108020,23,1,22,2024-12-19 10:06:15
500108020,23,0,23,2024-12-19 11:12:15
500111026,23,0,23,2024-12-19 09:27:15
500101151,23,23,0,2024-12-19 20:27:15
500101151,23,23,0,2024-12-19 20:58:14
500109004,23,23,0,2024-12-19 18:29:16
500106040,23,22,1,2024-12-19 17:57:16
500106040,23,22,1,2024-12-19 18:30:20
500108128,23,22,1,2024-12-19 18:28:16
500101218,23,20,2,2024-12-19 20:58:15
500106040,23,21,2,2024-12-19 18:50:16
500101151,23,20,3,2024-12-19 19:49:15
500106019,23,16,7,2024-12-19 19:56:16
500101151,23,15,8,2024-12-19 19:07:15
500103068,23,15,8,2024-12-19 17:59:15
500103068,23,15,8,2024-12-19 18:07:16
500111026,23,15,8,2024-12-19 20:04:16
500101151,23,14,9,2024-12-19 18:18:16
500101152,23,14,9,2024-12-19 19:06:15
500101211,23,14,9,2024-12-19 21:06:15
500103068,23,14,9,2024-12-19 18:17:15
500108128,23,14,9,2024-12-19 18:07:16
500108128,23,14,9,2024-12-19 20:56:15
500110034,23,14,9,2024-12-19 21:07:16
500110034,23,14,9,2024-12-19 21:16:15
500113073,23,14,9,2024-12-19 21:05:16
500101151,23,13,10,2024-12-19 18:26:16
500107058,23,10,10,2024-12-19 18:38:16
500108103,23,13,10,2024-12-19 20:32:15
500108128,23,13,10,2024-12-19 17:59:15
500108128,23,13,10,2024-12-19 20:46:16
500113033,23,13,10,2024-12-19 19:22:16
500101152,23,12,11,2024-12-19 20:11:16
500101152,23,12,11,2024-12-19 20:29:15
500101218,23,11,11,2024-12-19 19:38:15
500104062,23,12,11,2024-12-19 18:15:17
500106115,23,11,11,2024-12-19 19:03:15
500101152,23,11,12,2024-12-19 20:54:15
500104062,23,11,12,2024-12-19 18:47:16
500106115,23,10,12,2024-12-19 18:08:16
500107058,23,8,12,2024-12-19 17:45:16
500110008,23,11,12,2024-12-19 20:13:15
500112099,23,9,12,2024-12-19 18:37:15
500101218,23,8,14,2024-12-19 17:38:16
500104037,23,9,14,2024-12-19 18:27:15
500109099,23,9,14,2024-12-19 17:59:15
500110034,23,9,14,2024-12-19 19:35:16
500112003,23,9,14,2024-12-19 17:53:15
500104037,23,8,15,2024-12-19 19:05:16
500104032,23,7,16,2024-12-19 20:27:15
500104032,23,7,16,2024-12-19 17:26:15
500106131,23,5,16,2024-12-19 18:18:16
500108020,23,7,16,2024-12-19 18:29:15
500113073,23,7,16,2024-12-19 18:40:17
500101154,23,6,17,2024-12-19 18:34:15
500106019,23,6,17,2024-12-19 18:05:16
500110008,23,6,17,2024-12-19 18:38:16
500112003,23,6,17,2024-12-19 20:54:15
500112092,23,6,17,2024-12-19 19:56:16
500101093,23,5,18,2024-12-19 20:29:15
500108141,23,5,18,2024-12-19 20:13:15
500108141,23,5,18,2024-12-19 18:58:16
500110034,23,5,18,2024-12-19 18:51:16
500112083,23,5,18,2024-12-19 19:46:15
500112092,23,5,18,2024-12-19 19:38:15
500104032,23,4,19,2024-12-19 19:05:16
500104109,23,4,19,2024-12-19 17:56:16
500112092,23,4,19,2024-12-19 20:19:14
500104109,23,3,20,2024-12-19 18:07:15
500112003,23,3,20,2024-12-19 18:17:15
500112083,23,3,20,2024-12-19 17:24:16
500113033,23,3,20,2024-12-19 17:11:16
500108020,23,2,21,2024-12-19 20:08:15
500109099,23,2,21,2024-12-19 20:02:15
500101093,23,1,22,2024-12-19 18:58:16
500108020,23,1,22,2024-12-19 17:59:16
500112104,23,0,22,2024-12-19 19:10:20
500104016,23,0,23,2024-12-19 18:13:17
500109099,23,0,23,2024-12-19 21:09:15
500104037,23,19,4,2024-12-19 16:11:15
500108141,23,19,4,2024-12-19 14:48:15
500113073,23,19,4,2024-12-19 13:17:15
500106131,23,16,5,2024-12-19 13:28:16
500106131,23,15,6,2024-12-19 16:53:15
500107058,23,16,6,2024-12-19 15:42:15
500103068,23,16,7,2024-12-19 17:17:15
500104037,23,16,7,2024-12-19 17:10:17
500101248,23,13,9,2024-12-19 16:12:15
500109004,23,14,9,2024-12-19 17:15:17
500101152,23,12,11,2024-12-19 14:54:15
500101152,23,12,11,2024-12-19 15:11:15
500101152,23,11,12,2024-12-19 16:25:16
500104062,23,11,12,2024-12-19 16:11:15
500104109,23,11,12,2024-12-19 16:47:15
500106063,23,11,12,2024-12-19 16:21:15
500113073,23,11,12,2024-12-19 15:07:15
500108020,23,10,13,2024-12-19 15:08:14
500109099,23,10,13,2024-12-19 17:14:16
500104109,23,9,14,2024-12-19 16:57:16
500105050,23,9,14,2024-12-19 16:58:15
500106019,23,9,14,2024-12-19 14:22:15
500106115,23,8,14,2024-12-19 17:14:16
500112028,23,8,14,2024-12-19 14:07:15
500113051,23,9,14,2024-12-19 15:38:15
500101154,23,8,15,2024-12-19 13:18:15
500108128,23,8,15,2024-12-19 15:31:15
500110034,23,8,15,2024-12-19 14:16:16
500112099,23,6,15,2024-12-19 16:48:16
500112083,23,7,16,2024-12-19 13:50:16
500104032,23,6,17,2024-12-19 16:57:16
500106019,23,6,17,2024-12-19 15:40:16
500106115,23,5,17,2024-12-19 16:58:15
500108128,23,6,17,2024-12-19 17:18:16
500112104,23,5,17,2024-12-19 14:41:15
500108128,23,5,18,2024-12-19 16:37:15
500101211,23,4,19,2024-12-19 14:50:19
500112099,23,2,19,2024-12-19 16:15:16
500101093,23,3,20,2024-12-19 15:40:15
500101151,23,3,20,2024-12-19 16:07:15
500107166,23,2,21,2024-12-19 14:41:15
500112003,23,1,22,2024-12-19 14:29:15
500101211,23,0,23,2024-12-19 15:47:15
500112003,23,0,23,2024-12-19 15:04:15
500101248,23,17,2,2024-12-19 21:47:15
500110034,23,21,1,2024-12-19 07:56:16
500101218,23,20,2,2024-12-19 07:27:15
500106040,23,21,2,2024-12-19 08:27:16
500103068,23,17,3,2024-12-19 07:47:15
500108128,23,20,3,2024-12-19 07:58:15
500105050,23,19,4,2024-12-19 08:36:15
500113006,23,19,4,2024-12-19 08:26:14
500113073,23,15,5,2024-12-19 08:25:15
500107058,23,13,6,2024-12-19 06:25:15
500108128,23,16,7,2024-12-19 07:47:15
500112028,23,15,7,2024-12-19 08:19:15
500101211,23,15,8,2024-12-19 07:57:15
500108111,23,15,8,2024-12-19 07:22:15
500110034,23,11,8,2024-12-19 06:46:15
500112028,23,14,8,2024-12-19 07:34:14
500112104,23,15,8,2024-12-19 08:01:15
500101152,23,13,9,2024-12-19 05:37:15
500104062,23,14,9,2024-12-19 08:12:15
500107166,23,14,9,2024-12-19 07:25:15
500110034,23,10,9,2024-12-19 06:54:15
500101152,23,12,10,2024-12-19 06:35:15
500106040,23,13,10,2024-12-19 07:44:15
500107166,23,13,10,2024-12-19 07:16:15
500108103,23,10,10,2024-12-19 08:49:15
500110008,23,13,10,2024-12-19 06:17:14
500107058,23,8,11,2024-12-19 07:51:15
500109099,23,12,11,2024-12-19 07:14:15
500101151,23,11,12,2024-12-19 08:57:14
500106115,23,10,12,2024-12-19 06:45:16
500107166,23,11,12,2024-12-19 08:03:15
500104032,23,10,13,2024-12-19 07:47:15
500106115,23,9,13,2024-12-19 07:30:16
500113073,23,2,14,2024-12-19 07:20:16
500101152,23,7,15,2024-12-19 07:27:15
500108103,23,6,15,2024-12-19 07:31:16
500104016,23,7,16,2024-12-19 08:41:15
500107096,23,7,16,2024-12-19 07:45:16
500110034,23,3,16,2024-12-19 07:27:15
500112104,23,7,16,2024-12-19 06:15:15
500101151,23,6,17,2024-12-19 08:02:15
500104032,23,6,17,2024-12-19 08:02:15
500112104,23,6,17,2024-12-19 06:19:15
500101151,23,5,18,2024-12-19 07:46:15
500108128,23,5,18,2024-12-19 06:37:15
500112083,23,5,18,2024-12-19 06:16:15
500112092,23,5,18,2024-12-19 06:14:15
500113033,23,5,18,2024-12-19 08:07:15
500104109,23,4,19,2024-12-19 06:46:15
500112083,23,4,19,2024-12-19 06:47:15
500101093,23,3,20,2024-12-19 07:38:15
500104037,23,3,20,2024-12-19 06:12:15
500108128,23,3,20,2024-12-19 08:35:16
500113051,23,3,20,2024-12-19 07:15:17
500101154,23,2,21,2024-12-19 07:13:15
500101154,23,2,21,2024-12-19 07:58:15
500111026,23,2,21,2024-12-19 08:02:15
500112099,23,0,21,2024-12-19 08:47:15
500112104,23,2,21,2024-12-19 08:46:15
500104062,23,1,22,2024-12-19 06:24:16
500108128,23,1,22,2024-12-19 05:38:14
500109004,23,1,22,2024-12-19 07:47:14
500109004,23,0,23,2024-12-19 08:35:17
500109004,23,0,23,2024-12-19 07:27:15
500112003,23,23,0,2024-12-19 00:07:15
500104032,23,13,10,2024-12-19 00:30:16
500112099,23,8,14,2024-12-19 00:44:15
500107096,23,10,13,2024-12-19 23:59:15
500106019,23,14,9,2024-12-19 23:49:15
500101093,23,2,21,2024-12-19 23:46:15
500101151,23,7,16,2024-12-19 00:53:15
500112099,23,8,14,2024-12-19 01:12:15
500104016,23,8,15,2024-12-19 00:59:15
500101152,23,13,10,2024-12-19 00:13:15
500113073,23,14,3,2024-12-19 00:33:15
500109099,23,0,23,2024-12-19 22:55:17
500110034,23,17,6,2024-12-19 23:18:15
500111026,23,7,16,2024-12-19 22:17:15
500101152,23,9,14,2024-12-19 22:38:15
500109004,23,15,8,2024-12-19 22:21:15
500101248,23,18,1,2024-12-19 22:27:15
500106131,23,4,17,2024-12-19 21:39:15
500108103,23,5,18,2024-12-19 21:07:15
500107058,23,8,12,2024-12-19 21:37:15
500110034,23,15,8,2024-12-19 21:29:15
500109004,23,17,6,2024-12-19 21:31:15
500107166,23,14,9,2024-12-19 01:19:15
500108111,23,15,8,2024-12-19 02:13:15
500112092,23,4,19,2024-12-19 21:51:15
500104016,23,5,18,2024-12-19 21:49:15
500111026,23,7,16,2024-12-19 22:04:15
500110008,23,14,9,2024-12-19 21:52:15
500106040,23,2,21,2024-12-19 01:23:15
500106019,23,11,12,2024-12-19 21:47:15
500101152,23,8,15,2024-12-19 23:40:15
500107166,23,15,8,2024-12-19 01:07:15
500101154,23,13,10,2024-12-19 02:19:15
500101154,23,14,9,2024-12-19 01:57:15
500112092,23,6,17,2024-12-19 22:43:15
500107166,23,10,13,2024-12-19 22:18:15
500109004,23,14,9,2024-12-19 22:12:15
500112083,23,8,15,2024-12-19 04:43:15
500112099,23,15,7,2024-12-19 03:51:15
500108128,23,2,21,2024-12-19 22:24:14
500105050,23,13,10,2024-12-19 22:21:15
500101248,23,17,2,2024-12-19 22:21:16
500108128,23,0,23,2024-12-19 22:51:16
500112083,23,21,2,2024-12-19 22:59:15
500101151,23,6,17,2024-12-19 23:28:15
500106019,23,13,10,2024-12-19 23:32:15
500101211,23,19,4,2024-12-19 23:30:16
500112003,23,22,1,2024-12-19 02:07:15
500110008,23,22,1,2024-12-19 10:41:15
500108141,23,21,2,2024-12-19 10:38:15
500106131,23,18,3,2024-12-19 09:22:15
500108141,23,20,3,2024-12-19 10:58:16
500108103,23,13,4,2024-12-19 12:25:16
500108103,23,15,4,2024-12-19 13:06:15
500106040,23,17,6,2024-12-19 09:46:16
500108141,23,17,6,2024-12-19 09:33:15
500110008,23,17,6,2024-12-19 12:38:15
500113073,23,17,6,2024-12-19 11:12:16
500106131,23,14,7,2024-12-19 12:51:15
500101248,23,13,8,2024-12-19 10:37:15
500110008,23,14,9,2024-12-19 12:05:17
500112083,23,14,9,2024-12-19 09:42:15
500101218,23,11,11,2024-12-19 09:07:15
500104062,23,11,12,2024-12-19 12:29:16
500106063,23,11,12,2024-12-19 10:13:16
500108020,23,11,12,2024-12-19 12:45:16
500112028,23,10,12,2024-12-19 10:34:15
500112104,23,11,12,2024-12-19 10:46:15
500105050,23,10,13,2024-12-19 09:22:16
500106063,23,10,13,2024-12-19 09:21:15
500112028,23,9,13,2024-12-19 12:48:15
500105050,23,9,14,2024-12-19 12:34:14
500112092,23,9,14,2024-12-19 09:04:15
500101152,23,7,16,2024-12-19 13:00:17
500104016,23,7,16,2024-12-19 12:13:16
500101151,23,6,17,2024-12-19 09:35:16
500110034,23,6,17,2024-12-19 12:59:16
500110034,23,6,17,2024-12-19 10:08:15
500112003,23,6,17,2024-12-19 10:32:15
500113051,23,6,17,2024-12-19 11:02:15
500101151,23,5,18,2024-12-19 10:58:16
500103068,23,5,18,2024-12-19 12:23:15
500104032,23,5,18,2024-12-19 09:32:14
500104032,23,5,18,2024-12-19 10:04:15
500104032,23,5,18,2024-12-19 10:17:16
500112003,23,5,18,2024-12-19 11:36:15
500107096,23,4,19,2024-12-19 12:38:15
500113006,23,4,19,2024-12-19 11:17:15
500101218,23,2,20,2024-12-19 11:53:16
500103068,23,3,20,2024-12-19 11:18:16
500104032,23,3,20,2024-12-19 12:30:16
500104032,23,3,20,2024-12-19 11:25:15
500107096,23,3,20,2024-12-19 11:42:16
500107166,23,3,20,2024-12-19 12:24:16
500109099,23,3,20,2024-12-19 08:56:16
500112003,23,3,20,2024-12-19 11:25:15
500101151,23,2,21,2024-12-19 09:57:15
500101218,23,1,21,2024-12-19 12:03:15
500107096,23,2,21,2024-12-19 09:41:15
500108020,23,2,21,2024-12-19 09:45:15
500109099,23,2,21,2024-12-19 13:02:14
500101211,23,1,22,2024-12-19 11:36:16
500112003,23,1,22,2024-12-19 11:53:16
500101211,23,0,23,2024-12-19 11:55:17
500108128,23,0,23,2024-12-19 09:43:16
500113033,23,0,23,2024-12-19 11:27:15
500113051,23,0,23,2024-12-19 09:07:15
500101218,23,19,3,2024-12-19 02:31:14
500109004,23,20,3,2024-12-19 18:18:16
500106019,23,18,5,2024-12-19 20:28:15
500113073,23,18,5,2024-12-19 17:20:17
500109004,23,17,6,2024-12-19 17:36:15
500106040,23,16,7,2024-12-19 17:34:15
500106063,23,16,7,2024-12-19 20:39:16
500112099,23,14,7,2024-12-19 19:29:15
500112099,23,14,7,2024-12-19 19:48:15
500104037,23,15,8,2024-12-19 17:28:15
500101218,23,13,9,2024-12-19 20:03:15
500108111,23,14,9,2024-12-19 19:23:15
500101211,23,13,10,2024-12-19 20:09:15
500101151,23,12,11,2024-12-19 18:33:16
500104037,23,12,11,2024-12-19 17:35:16
500107058,23,9,11,2024-12-19 19:47:15
500101211,23,11,12,2024-12-19 19:06:16
500101248,23,10,12,2024-12-19 18:29:16
500105050,23,11,12,2024-12-19 17:22:16
500106019,23,11,12,2024-12-19 18:48:15
500107058,23,8,12,2024-12-19 19:35:16
500111026,23,11,12,2024-12-19 21:18:15
500104037,23,10,13,2024-12-19 17:56:16
500104109,23,10,13,2024-12-19 17:09:15
500107058,23,7,13,2024-12-19 21:15:16
500109099,23,10,13,2024-12-19 18:06:15
500106019,23,9,14,2024-12-19 17:46:15
500108103,23,8,14,2024-12-19 18:18:16
500108141,23,9,14,2024-12-19 17:48:15
500110008,23,9,14,2024-12-19 18:58:16
500101154,23,8,15,2024-12-19 17:53:15
500107058,23,5,15,2024-12-19 17:32:15
500107166,23,8,15,2024-12-19 21:17:14
500101154,23,6,17,2024-12-19 18:18:16
500104062,23,6,17,2024-12-19 20:37:16
500101151,23,5,18,2024-12-19 17:37:16
500109099,23,5,18,2024-12-19 18:28:16
500112092,23,5,18,2024-12-19 19:44:15
500108020,23,4,19,2024-12-19 19:57:15
500108141,23,4,19,2024-12-19 18:47:16
500112099,23,2,19,2024-12-19 17:38:15
500112099,23,2,19,2024-12-19 18:18:16
500108020,23,3,20,2024-12-19 21:19:16
500109099,23,3,20,2024-12-19 20:35:16
500109099,23,3,20,2024-12-19 18:56:15
500112003,23,2,21,2024-12-19 19:04:15
500112104,23,1,21,2024-12-19 19:07:15
500112104,23,1,21,2024-12-19 19:31:15
500113006,23,2,21,2024-12-19 18:35:16
500101093,23,1,22,2024-12-19 18:07:16
500104016,23,1,22,2024-12-19 17:42:15
500107096,23,0,23,2024-12-19 17:14:16
500113051,23,0,23,2024-12-19 20:53:16
500104037,23,20,3,2024-12-19 15:22:15
500110008,23,20,3,2024-12-19 16:03:15
500101248,23,18,4,2024-12-19 13:26:15
500110008,23,19,4,2024-12-19 13:42:15
500103068,23,18,5,2024-12-19 16:47:15
500106040,23,18,5,2024-12-19 16:28:15
500104037,23,17,6,2024-12-19 16:40:16
500111026,23,16,7,2024-12-19 16:50:17
500108103,23,12,10,2024-12-19 15:30:17
500112028,23,13,10,2024-12-19 16:26:15
500104062,23,10,13,2024-12-19 16:34:16
500113051,23,10,13,2024-12-19 16:40:16
500106019,23,8,15,2024-12-19 16:27:16
500113051,23,8,15,2024-12-19 15:58:15
500108128,23,7,16,2024-12-19 15:16:15
500104032,23,6,17,2024-12-19 16:37:15
500109099,23,6,17,2024-12-19 16:57:16
500101093,23,5,18,2024-12-19 13:36:16
500106115,23,4,18,2024-12-19 16:37:15
500108128,23,5,18,2024-12-19 16:45:17
500108128,23,5,18,2024-12-19 16:58:15
500111026,23,5,18,2024-12-19 13:52:15
500112003,23,5,18,2024-12-19 16:56:15
500112099,23,3,18,2024-12-19 15:19:16
500112104,23,4,18,2024-12-19 15:27:15
500101151,23,4,19,2024-12-19 15:45:16
500101211,23,4,19,2024-12-19 17:08:16
500104016,23,4,19,2024-12-19 17:10:17
500109099,23,4,19,2024-12-19 16:17:15
500101093,23,3,20,2024-12-19 14:08:15
500101211,23,3,20,2024-12-19 15:08:15
500107166,23,3,20,2024-12-19 14:33:16
500112104,23,2,20,2024-12-19 17:08:16
500101093,23,2,21,2024-12-19 14:16:15
500101093,23,1,22,2024-12-19 15:14:15
500101151,23,1,22,2024-12-19 14:57:15
500107096,23,1,22,2024-12-19 16:54:16
500101093,23,0,23,2024-12-19 16:38:15
500101151,23,0,23,2024-12-19 16:16:15
500110008,23,13,10,2024-12-19 21:45:15
500101248,23,15,4,2024-12-19 07:55:16
500101151,23,18,5,2024-12-19 08:36:14
500101248,23,16,5,2024-12-19 08:54:18
500101248,23,14,5,2024-12-19 08:03:15
500112099,23,17,5,2024-12-19 06:37:15
500110034,23,16,6,2024-12-19 08:46:15
500108141,23,16,7,2024-12-19 08:53:15
500111026,23,16,7,2024-12-19 06:26:14
500112028,23,15,7,2024-12-19 07:15:17
500112028,23,15,7,2024-12-19 07:47:15
500112099,23,15,7,2024-12-19 05:36:15
500113033,23,16,7,2024-12-19 06:05:16
500101248,23,7,8,2024-12-19 06:56:15
500107166,23,14,9,2024-12-19 07:40:16
500108111,23,14,9,2024-12-19 08:55:16
500110008,23,14,9,2024-12-19 06:06:14
500111026,23,14,9,2024-12-19 06:13:14
500106131,23,11,10,2024-12-19 08:51:15
500108141,23,13,10,2024-12-19 08:47:15
500104016,23,12,11,2024-12-19 07:47:15
500104032,23,12,11,2024-12-19 05:21:14
500106115,23,11,11,2024-12-19 05:51:14
500111026,23,12,11,2024-12-19 07:12:15
500113006,23,12,11,2024-12-19 06:23:14
500104032,23,11,12,2024-12-19 06:20:15
500104062,23,11,12,2024-12-19 08:31:16
500107096,23,11,12,2024-12-19 07:27:15
500113033,23,11,12,2024-12-19 07:34:15
500101211,23,10,13,2024-12-19 06:37:15
500101211,23,10,13,2024-12-19 06:17:14
500106040,23,10,13,2024-12-19 08:33:16
500108141,23,10,13,2024-12-19 05:46:14
500110008,23,10,13,2024-12-19 08:16:15
500113033,23,10,13,2024-12-19 07:46:15
500108141,23,9,14,2024-12-19 05:16:14
500104016,23,8,15,2024-12-19 06:27:15
500106019,23,8,15,2024-12-19 06:26:15
500101211,23,7,16,2024-12-19 08:45:16
500101218,23,6,16,2024-12-19 07:47:14
500107096,23,7,16,2024-12-19 08:15:16
500107096,23,7,16,2024-12-19 08:02:15
500106019,23,6,17,2024-12-19 08:03:15
500106131,23,4,17,2024-12-19 06:37:15
500107096,23,6,17,2024-12-19 07:50:16
500110034,23,2,17,2024-12-19 07:28:15
500105050,23,5,18,2024-12-19 06:40:16
500106019,23,5,18,2024-12-19 07:26:15
500106019,23,5,18,2024-12-19 05:49:15
500106131,23,3,18,2024-12-19 07:54:15
500112083,23,5,18,2024-12-19 08:03:15
500111026,23,4,19,2024-12-19 08:16:15
500112092,23,4,19,2024-12-19 06:24:15
500106019,23,3,20,2024-12-19 07:37:15
500112092,23,3,20,2024-12-19 06:41:15
500113051,23,3,20,2024-12-19 07:54:15
500113051,23,3,20,2024-12-19 05:46:14
500104032,23,2,21,2024-12-19 08:35:16
500112003,23,1,22,2024-12-19 08:37:15
500112083,23,1,22,2024-12-19 07:15:17
500101154,23,16,7,2024-12-19 00:17:15
500101218,23,15,7,2024-12-19 00:17:15
500104016,23,9,14,2024-12-19 00:46:15
500112099,23,10,12,2024-12-19 00:06:15
500101151,23,9,14,2024-12-19 00:01:14
500101218,23,16,6,2024-12-19 00:03:15
500112104,23,1,22,2024-12-19 00:16:15
500112028,23,12,10,2024-12-19 22:53:15
500108103,23,2,19,2024-12-19 00:19:15
500108128,23,2,21,2024-12-19 00:53:15
500106019,23,6,17,2024-12-19 00:29:15
500109099,23,6,17,2024-12-19 00:48:15
500110034,23,13,7,2024-12-19 00:01:14
500108128,23,5,18,2024-12-19 23:09:16
500101218,23,19,1,2024-12-19 23:13:14
500101151,23,23,0,2024-12-19 23:03:15
500104016,23,0,23,2024-12-19 22:36:16
500108141,23,13,10,2024-12-19 22:38:14
500112003,23,15,8,2024-12-19 22:38:15
500113033,23,19,4,2024-12-19 22:18:15
500112104,23,0,22,2024-12-19 21:32:14
500104062,23,6,17,2024-12-19 21:16:15
500104032,23,7,16,2024-12-19 21:27:15
500112028,23,10,13,2024-12-19 21:04:15
500101152,23,12,11,2024-12-19 21:30:16
500105050,23,16,7,2024-12-19 21:31:15
500101248,23,17,2,2024-12-19 21:32:14
500113073,23,17,6,2024-12-19 21:35:16
500106040,23,2,21,2024-12-19 01:25:16
500104109,23,3,20,2024-12-19 01:43:15
500101211,23,9,14,2024-12-19 02:07:15
500101218,23,20,2,2024-12-19 02:36:14
500113006,23,13,10,2024-12-19 03:46:15
500113073,23,14,2,2024-12-19 04:24:15
500107058,23,10,10,2024-12-19 22:07:15
500101152,23,10,13,2024-12-19 22:09:15
500107166,23,11,12,2024-12-19 22:03:15
500101211,23,19,4,2024-12-19 21:54:15
500101151,23,22,1,2024-12-19 22:09:15
500109099,23,2,21,2024-12-19 21:42:15
500111026,23,8,15,2024-12-19 21:57:15
500107166,23,10,13,2024-12-19 21:53:15
500112003,23,22,1,2024-12-19 03:41:15
500110008,23,10,13,2024-12-19 23:30:16
500112003,23,22,1,2024-12-19 02:09:16
500108128,23,0,23,2024-12-19 22:49:15
500101248,23,19,0,2024-12-19 22:49:14
500112099,23,15,5,2024-12-19 22:18:15
500106019,23,11,12,2024-12-19 22:24:15
500110008,23,16,7,2024-12-19 22:25:15
500101151,23,21,2,2024-12-19 22:54:14
500108141,23,22,1,2024-12-19 12:47:15
500110008,23,21,2,2024-12-19 10:56:15
500106040,23,19,4,2024-12-19 12:12:15
500108103,23,12,5,2024-12-19 11:54:15
500104037,23,16,7,2024-12-19 13:04:15
500106131,23,14,7,2024-12-19 12:23:16
500104037,23,15,8,2024-12-19 09:30:16
500103068,23,14,9,2024-12-19 09:47:15
500104037,23,14,9,2024-12-19 09:27:15
500107058,23,11,10,2024-12-19 09:41:15
500110008,23,13,10,2024-12-19 12:18:15
500112083,23,13,10,2024-12-19 09:56:16
500101248,23,10,11,2024-12-19 10:07:16
500104062,23,12,11,2024-12-19 09:04:15
500106063,23,12,11,2024-12-19 11:41:15
500108103,23,7,11,2024-12-19 10:07:16
500110034,23,12,11,2024-12-19 09:31:15
500107058,23,9,12,2024-12-19 10:19:16
500103068,23,10,13,2024-12-19 09:57:15
500106019,23,10,13,2024-12-19 09:01:15
500107166,23,10,13,2024-12-19 08:57:15
500109004,23,10,13,2024-12-19 12:48:14
500101154,23,9,14,2024-12-19 09:20:16
500101248,23,9,14,2024-12-19 12:00:19
500104016,23,9,14,2024-12-19 09:25:16
500104016,23,9,14,2024-12-19 10:21:15
500104109,23,9,14,2024-12-19 09:07:15
500106019,23,9,14,2024-12-19 10:28:15
500106063,23,9,14,2024-12-19 09:41:15
500112028,23,8,14,2024-12-19 12:33:15
500112083,23,9,14,2024-12-19 10:37:16
500112104,23,8,14,2024-12-19 12:10:16
500104016,23,8,15,2024-12-19 12:07:16
500110034,23,7,16,2024-12-19 12:48:15
500110034,23,7,16,2024-12-19 10:05:16
500112092,23,7,16,2024-12-19 11:41:15
500112092,23,7,16,2024-12-19 10:14:15
500112104,23,6,16,2024-12-19 13:03:15
500106019,23,6,17,2024-12-19 12:25:15
500112092,23,6,17,2024-12-19 10:26:14
500112099,23,4,17,2024-12-19 11:58:16
500113006,23,6,17,2024-12-19 09:37:15
500101154,23,5,18,2024-12-19 12:06:16
500110034,23,5,18,2024-12-19 12:04:16
500111026,23,4,19,2024-12-19 12:58:15
500101151,23,3,20,2024-12-19 11:12:16
500101211,23,3,20,2024-12-19 12:28:15
500109004,23,3,20,2024-12-19 10:57:15
500112003,23,3,20,2024-12-19 11:06:15
500112104,23,3,20,2024-12-19 09:47:15
500113033,23,3,20,2024-12-19 11:48:15
500113033,23,3,20,2024-12-19 10:15:16
500101093,23,2,21,2024-12-19 10:20:16
500101151,23,2,21,2024-12-19 09:42:15
500108020,23,2,21,2024-12-19 09:35:17
500109004,23,2,21,2024-12-19 10:09:16
500112003,23,2,21,2024-12-19 09:47:15
500112003,23,2,21,2024-12-19 11:47:15
500113051,23,2,21,2024-12-19 10:18:15
500101152,23,1,22,2024-12-19 11:27:15
500106115,23,0,22,2024-12-19 09:09:16
500108128,23,1,22,2024-12-19 10:52:16
500109099,23,1,22,2024-12-19 11:26:15
500113033,23,1,22,2024-12-19 12:47:16
500113033,23,1,22,2024-12-19 11:59:16
500101211,23,0,23,2024-12-19 10:58:15
500108128,23,0,23,2024-12-19 10:36:15
500108128,23,0,23,2024-12-19 11:11:15
500112104,23,0,23,2024-12-19 09:24:15
500111026,23,23,0,2024-12-19 18:26:16
500101151,23,22,1,2024-12-19 20:38:16
500111026,23,22,1,2024-12-19 17:58:15
500101248,23,17,2,2024-12-19 21:19:16
500106040,23,20,3,2024-12-19 20:17:15
500108128,23,20,3,2024-12-19 19:33:14
500111026,23,18,5,2024-12-19 19:07:15
500109004,23,16,7,2024-12-19 19:55:16
500111026,23,16,7,2024-12-19 18:55:17
500101154,23,15,8,2024-12-19 20:12:15
500101218,23,14,8,2024-12-19 20:35:15
500110008,23,15,8,2024-12-19 20:42:15
500101218,23,13,9,2024-12-19 20:26:15
500103068,23,14,9,2024-12-19 18:28:16
500106019,23,14,9,2024-12-19 19:28:15
500112099,23,12,9,2024-12-19 20:04:16
500113051,23,14,9,2024-12-19 17:35:16
500101211,23,13,10,2024-12-19 20:19:15
500103068,23,13,10,2024-12-19 18:57:15
500106063,23,13,10,2024-12-19 17:54:15
500106131,23,11,10,2024-12-19 17:53:15
500108111,23,13,10,2024-12-19 17:53:15
500108128,23,13,10,2024-12-19 20:26:16
500101211,23,12,11,2024-12-19 19:24:15
500101248,23,11,11,2024-12-19 18:38:16
500108103,23,11,11,2024-12-19 18:58:16
500110008,23,12,11,2024-12-19 21:08:15
500113051,23,12,11,2024-12-19 18:25:17
500106131,23,9,12,2024-12-19 18:01:16
500108103,23,11,12,2024-12-19 20:48:15
500108128,23,11,12,2024-12-19 17:46:15
500112003,23,11,12,2024-12-19 21:16:15
500112028,23,11,12,2024-12-19 19:54:15
500113073,23,11,12,2024-12-19 19:57:15
500110008,23,10,13,2024-12-19 19:58:15
500101211,23,9,14,2024-12-19 18:02:15
500101211,23,9,14,2024-12-19 18:15:17
500108128,23,9,14,2024-12-19 17:28:15
500110034,23,9,14,2024-12-19 19:19:15
500112028,23,9,14,2024-12-19 19:15:16
500101154,23,8,15,2024-12-19 18:43:15
500104016,23,8,15,2024-12-19 21:00:16
500107166,23,8,15,2024-12-19 20:48:15
500109099,23,8,15,2024-12-19 17:28:15
500109099,23,8,15,2024-12-19 17:38:16
500112083,23,8,15,2024-12-19 20:36:14
500101211,23,7,16,2024-12-19 17:28:15
500101248,23,6,16,2024-12-19 18:08:16
500104032,23,7,16,2024-12-19 21:03:15
500108141,23,7,16,2024-12-19 20:39:16
500112083,23,7,16,2024-12-19 20:26:16
500112092,23,6,17,2024-12-19 20:59:15
500101093,23,5,18,2024-12-19 19:50:16
500108141,23,5,18,2024-12-19 19:49:15
500112092,23,5,18,2024-12-19 20:12:15
500113033,23,5,18,2024-12-19 17:56:16
500104032,23,4,19,2024-12-19 18:47:16
500108020,23,4,19,2024-12-19 19:37:15
500110034,23,4,19,2024-12-19 18:35:16
500112003,23,4,19,2024-12-19 19:27:15
500101093,23,3,20,2024-12-19 19:15:16
500107096,23,3,20,2024-12-19 20:38:15
500112104,23,2,20,2024-12-19 17:57:16
500113006,23,3,20,2024-12-19 17:34:15
500101151,23,2,21,2024-12-19 17:28:15
500112028,23,2,21,2024-12-19 17:31:15
500101093,23,1,22,2024-12-19 21:19:16
500113051,23,1,22,2024-12-19 21:19:16
500112028,23,22,0,2024-12-19 15:18:15
500112028,23,20,2,2024-12-19 16:08:15
500110008,23,20,3,2024-12-19 17:02:15
500101248,23,18,4,2024-12-19 13:41:15
500103068,23,18,5,2024-12-19 14:26:15
500101248,23,15,7,2024-12-19 15:02:15
500106040,23,16,7,2024-12-19 16:33:15
500106040,23,15,8,2024-12-19 16:43:15
500108103,23,14,8,2024-12-19 13:57:15
500113073,23,14,9,2024-12-19 16:40:16
500104109,23,13,10,2024-12-19 13:16:15
500101152,23,12,11,2024-12-19 16:33:15
500108020,23,12,11,2024-12-19 16:25:16
500108103,23,11,11,2024-12-19 17:16:16
500108141,23,12,11,2024-12-19 14:52:16
500101152,23,11,12,2024-12-19 14:20:16
500104062,23,11,12,2024-12-19 17:18:15
500108020,23,11,12,2024-12-19 14:57:15
500108141,23,11,12,2024-12-19 17:14:16
500104109,23,10,13,2024-12-19 16:20:17
500107058,23,9,13,2024-12-19 14:05:15
500108020,23,10,13,2024-12-19 14:19:15
500110034,23,10,13,2024-12-19 17:18:16
500108020,23,9,14,2024-12-19 14:02:14
500110034,23,9,14,2024-12-19 17:02:15
500108128,23,8,15,2024-12-19 14:28:15
500109004,23,8,15,2024-12-19 15:45:15
500104032,23,7,16,2024-12-19 16:47:15
500109004,23,7,16,2024-12-19 15:17:16
500110034,23,7,16,2024-12-19 13:10:16
500110034,23,6,17,2024-12-19 13:20:17
500112003,23,6,17,2024-12-19 17:07:15
500106019,23,5,18,2024-12-19 15:57:15
500107096,23,5,18,2024-12-19 14:15:16
500112083,23,5,18,2024-12-19 14:50:15
500112099,23,3,18,2024-12-19 15:58:14
500112099,23,2,19,2024-12-19 16:22:16
500112099,23,2,19,2024-12-19 15:00:17
500104032,23,3,20,2024-12-19 14:18:15
500108020,23,3,20,2024-12-19 16:55:17
500112092,23,3,20,2024-12-19 15:30:17
500113033,23,3,20,2024-12-19 13:56:15
500101093,23,2,21,2024-12-19 15:22:15
500101218,23,1,21,2024-12-19 16:08:17
500112104,23,1,21,2024-12-19 16:22:16
500112104,23,1,21,2024-12-19 17:18:16
500101093,23,1,22,2024-12-19 14:58:15
500101151,23,1,22,2024-12-19 14:59:16
500101211,23,1,22,2024-12-19 13:09:15
500101218,23,0,22,2024-12-19 15:58:16
500109099,23,1,22,2024-12-19 14:53:15
500112092,23,1,22,2024-12-19 16:35:15
500101211,23,0,23,2024-12-19 15:49:15
500101211,23,0,23,2024-12-19 13:24:15
500112003,23,0,23,2024-12-19 14:50:19
500112003,23,21,2,2024-12-19 02:48:14
500111026,23,9,14,2024-12-19 21:47:15
500101218,23,10,10,2024-12-19 21:42:15
500112003,23,13,10,2024-12-19 21:49:14
500106040,23,22,1,2024-12-19 08:17:16
500101248,23,12,3,2024-12-19 06:11:15
500113073,23,16,4,2024-12-19 07:52:15
500103068,23,15,5,2024-12-19 08:03:15
500108128,23,17,6,2024-12-19 07:37:15
500110034,23,13,6,2024-12-19 04:55:16
500101152,23,15,7,2024-12-19 06:12:14
500110034,23,12,7,2024-12-19 05:13:15
500112099,23,15,7,2024-12-19 06:47:15
500106040,23,15,8,2024-12-19 07:50:16
500109099,23,15,8,2024-12-19 07:36:15
500110034,23,15,8,2024-12-19 08:57:15
500113006,23,15,8,2024-12-19 07:24:15
500110008,23,14,9,2024-12-19 08:03:15
500107096,23,13,10,2024-12-19 06:57:15
500104037,23,12,11,2024-12-19 08:30:16
500110008,23,12,11,2024-12-19 07:46:15
500101211,23,11,12,2024-12-19 06:56:15
500104037,23,11,12,2024-12-19 08:20:17
500108141,23,11,12,2024-12-19 06:30:17
500113033,23,11,12,2024-12-19 07:25:15
500101248,23,1,14,2024-12-19 07:26:15
500104016,23,9,14,2024-12-19 05:35:15
500105050,23,9,14,2024-12-19 07:18:15
500106131,23,7,14,2024-12-19 08:27:16
500108020,23,9,14,2024-12-19 08:02:15
500112099,23,7,14,2024-12-19 08:17:15
500112104,23,9,14,2024-12-19 06:44:15
500112104,23,9,14,2024-12-19 07:15:17
500112104,23,9,14,2024-12-19 05:41:14
500101211,23,8,15,2024-12-19 05:56:14
500112092,23,8,15,2024-12-19 08:55:16
500112104,23,8,15,2024-12-19 06:49:15
500101151,23,7,16,2024-12-19 07:14:14
500104016,23,7,16,2024-12-19 06:49:15
500104109,23,7,16,2024-12-19 08:54:15
500107058,23,3,16,2024-12-19 08:14:16
500108020,23,7,16,2024-12-19 08:56:16
500112003,23,7,16,2024-12-19 08:27:16
500104109,23,6,17,2024-12-19 07:46:15
500106063,23,6,17,2024-12-19 07:54:15
500112083,23,6,17,2024-12-19 04:45:15
500112104,23,5,18,2024-12-19 08:25:16
500113033,23,5,18,2024-12-19 08:54:15
500101154,23,4,19,2024-12-19 08:55:16
500108020,23,4,19,2024-12-19 08:27:16
500108103,23,1,19,2024-12-19 08:17:16
500101154,23,3,20,2024-12-19 07:53:16
500112092,23,3,20,2024-12-19 06:51:15
500113051,23,3,20,2024-12-19 07:46:15
500104062,23,2,21,2024-12-19 07:27:15
500111026,23,2,21,2024-12-19 08:27:16
500107096,23,1,22,2024-12-19 08:43:15
500111026,23,1,22,2024-12-19 08:54:15
500111026,23,1,22,2024-12-19 07:55:17
500112083,23,1,22,2024-12-19 07:27:15
500101151,23,8,15,2024-12-19 00:10:15
500112099,23,11,11,2024-12-19 00:15:16
500112104,23,17,5,2024-12-19 23:41:15
500101154,23,15,8,2024-12-19 00:26:15
500109099,23,6,17,2024-12-19 00:47:15
500109099,23,8,15,2024-12-19 23:44:15
500101154,23,17,6,2024-12-19 23:54:15
500101093,23,4,19,2024-12-19 00:14:15
500111026,23,5,18,2024-12-19 00:56:14
500108111,23,13,10,2024-12-19 00:16:15
500113051,23,1,22,2024-12-19 21:58:16
500106131,23,5,16,2024-12-19 22:15:15
500108020,23,6,17,2024-12-19 22:59:15
500101152,23,10,13,2024-12-19 22:48:15
500107058,23,11,9,2024-12-19 22:18:15
500112083,23,20,3,2024-12-19 23:03:15
500112092,23,6,17,2024-12-19 21:35:16
500103068,23,8,12,2024-12-19 21:24:15
500111026,23,10,13,2024-12-19 21:35:16
500113051,23,5,18,2024-12-19 03:03:15
500112104,23,10,13,2024-12-19 02:37:15
500112003,23,22,1,2024-12-19 03:06:14
500101151,23,7,16,2024-12-19 03:25:15
500112104,23,8,15,2024-12-19 03:10:16
500106115,23,10,12,2024-12-19 03:42:14
500108020,23,1,22,2024-12-19 21:58:15
500101154,23,14,9,2024-12-19 00:50:16
500108141,23,10,13,2024-12-19 04:33:15
500112104,23,7,15,2024-12-19 23:09:15
500112104,23,4,18,2024-12-19 22:25:16
500112083,23,17,6,2024-12-19 22:23:15
500110034,23,19,4,2024-12-19 22:56:15
500101211,23,8,15,2024-12-19 01:57:15
500112003,23,15,8,2024-12-19 23:22:15
500106131,23,17,4,2024-12-19 09:36:15
500108103,23,13,5,2024-12-19 11:28:16
500113073,23,18,5,2024-12-19 11:21:15
500104037,23,17,6,2024-12-19 09:48:15
500108103,23,9,9,2024-12-19 10:40:15
500106019,23,12,11,2024-12-19 09:43:15
500107058,23,10,11,2024-12-19 12:04:16
500101218,23,10,12,2024-12-19 09:09:15
500101248,23,10,12,2024-12-19 11:44:15
500104109,23,11,12,2024-12-19 11:21:15
500112028,23,10,12,2024-12-19 09:36:14
500103068,23,8,13,2024-12-19 09:07:15
500104016,23,10,13,2024-12-19 09:50:15
500106063,23,10,13,2024-12-19 09:51:14
500108020,23,10,13,2024-12-19 12:34:14
500108111,23,10,13,2024-12-19 11:43:15
500108128,23,10,13,2024-12-19 13:06:15
500112099,23,8,13,2024-12-19 10:57:15
500107166,23,9,14,2024-12-19 11:08:15
500101152,23,8,15,2024-12-19 12:34:14
500113073,23,6,15,2024-12-19 10:53:15
500101154,23,7,16,2024-12-19 12:38:15
500104016,23,7,16,2024-12-19 11:35:17
500106019,23,7,16,2024-12-19 11:34:15
500106019,23,7,16,2024-12-19 11:07:16
500112092,23,7,16,2024-12-19 09:21:15
500101154,23,6,17,2024-12-19 09:09:15
500101154,23,6,17,2024-12-19 09:45:15
500112083,23,6,17,2024-12-19 10:18:15
500107096,23,5,18,2024-12-19 12:41:15
500110034,23,5,18,2024-12-19 11:15:15
500112003,23,5,18,2024-12-19 10:12:15
500112083,23,5,18,2024-12-19 11:18:16
500104032,23,4,19,2024-12-19 11:54:15
500112099,23,2,19,2024-12-19 13:05:15
500112099,23,2,19,2024-12-19 09:45:15
500101152,23,2,20,2024-12-19 10:08:15
500101154,23,3,20,2024-12-19 11:36:15
500101248,23,3,20,2024-12-19 12:27:15
500107166,23,3,20,2024-12-19 09:25:16
500101152,23,1,21,2024-12-19 10:28:15
500107096,23,2,21,2024-12-19 11:33:16
500108020,23,2,21,2024-12-19 11:36:16
500109099,23,2,21,2024-12-19 11:01:16
500112104,23,2,21,2024-12-19 09:37:15
500108128,23,1,22,2024-12-19 09:26:15
500109099,23,1,22,2024-12-19 11:47:15
500112104,23,1,22,2024-12-19 09:08:15
500113051,23,1,22,2024-12-19 09:21:17
500101211,23,0,23,2024-12-19 10:47:16
500112003,23,0,23,2024-12-19 12:31:15
500112003,23,0,23,2024-12-19 09:26:15
500103068,23,23,0,2024-12-19 20:04:16
500101151,23,22,1,2024-12-19 21:20:19
500101151,23,21,2,2024-12-19 20:49:15
500106040,23,21,2,2024-12-19 19:48:15
500111026,23,20,3,2024-12-19 17:27:16
500111026,23,20,3,2024-12-19 17:37:15
500103068,23,18,5,2024-12-19 19:24:15
500108128,23,18,5,2024-12-19 19:45:16
500109004,23,17,6,2024-12-19 18:08:16
500110008,23,17,6,2024-12-19 17:48:15
500101151,23,16,7,2024-12-19 19:17:14
500106019,23,16,7,2024-12-19 20:48:15
500106063,23,16,7,2024-12-19 19:15:16
500111026,23,16,7,2024-12-19 19:48:14
500113073,23,16,7,2024-12-19 21:16:15
500105050,23,15,8,2024-12-19 21:12:14
500106019,23,15,8,2024-12-19 19:48:15
500106063,23,15,8,2024-12-19 18:17:15
500101152,23,14,9,2024-12-19 17:56:16
500108128,23,14,9,2024-12-19 20:13:15
500101154,23,13,10,2024-12-19 19:18:15
500103068,23,13,10,2024-12-19 20:13:15
500105050,23,13,10,2024-12-19 19:01:15
500106040,23,13,10,2024-12-19 17:45:16
500110008,23,13,10,2024-12-19 20:26:16
500112083,23,13,10,2024-12-19 21:01:15
500101211,23,12,11,2024-12-19 20:44:15
500101218,23,11,11,2024-12-19 19:18:15
500101248,23,11,11,2024-12-19 17:16:16
500104062,23,12,11,2024-12-19 19:10:17
500106115,23,11,11,2024-12-19 19:47:15
500107058,23,9,11,2024-12-19 18:57:15
500108103,23,12,11,2024-12-19 20:16:16
500108103,23,11,11,2024-12-19 18:06:15
500101152,23,11,12,2024-12-19 20:38:15
500101152,23,11,12,2024-12-19 17:37:15
500106115,23,10,12,2024-12-19 19:51:15
500110034,23,11,12,2024-12-19 17:48:14
500113051,23,11,12,2024-12-19 18:30:17
500101218,23,7,13,2024-12-19 21:18:15
500101248,23,9,13,2024-12-19 18:13:16
500101151,23,9,14,2024-12-19 18:06:15
500104032,23,9,14,2024-12-19 18:17:15
500104062,23,9,14,2024-12-19 17:24:16
500106131,23,7,14,2024-12-19 20:34:15
500113051,23,9,14,2024-12-19 19:04:15
500106019,23,8,15,2024-12-19 17:57:15
500107166,23,8,15,2024-12-19 19:07:15
500108141,23,8,15,2024-12-19 20:53:15
500110008,23,8,15,2024-12-19 18:28:16
500110008,23,8,15,2024-12-19 18:48:15
500110034,23,8,15,2024-12-19 19:40:15
500101152,23,7,16,2024-12-19 18:15:16
500107166,23,7,16,2024-12-19 18:27:15
500108141,23,7,16,2024-12-19 18:29:16
500110034,23,7,16,2024-12-19 19:50:16
500112083,23,7,16,2024-12-19 20:08:15
500104032,23,6,17,2024-12-19 18:26:16
500108141,23,6,17,2024-12-19 19:59:16
500113073,23,6,17,2024-12-19 18:17:15
500101093,23,5,18,2024-12-19 19:32:15
500104062,23,5,18,2024-12-19 19:58:15
500112028,23,5,18,2024-12-19 18:29:16
500112099,23,3,18,2024-12-19 17:47:16
500112104,23,3,19,2024-12-19 19:49:15
500113051,23,4,19,2024-12-19 19:59:16
500108141,23,3,20,2024-12-19 18:38:16
500113006,23,3,20,2024-12-19 18:23:16
500107096,23,2,21,2024-12-19 18:14:15
500107166,23,2,21,2024-12-19 18:07:16
500108020,23,2,21,2024-12-19 17:25:16
500112104,23,0,22,2024-12-19 18:28:16
500113051,23,1,22,2024-12-19 20:43:15
500108141,23,23,0,2024-12-19 14:04:15
500110008,23,21,2,2024-12-19 15:34:14
500110008,23,21,2,2024-12-19 14:33:15
500103068,23,17,6,2024-12-19 15:35:16
500108103,23,13,6,2024-12-19 13:45:16
500101248,23,14,8,2024-12-19 15:14:15
500108103,23,14,8,2024-12-19 14:42:15
500113051,23,14,9,2024-12-19 17:14:16
500109004,23,13,10,2024-12-19 16:56:15
500104062,23,12,11,2024-12-19 15:19:16
500106063,23,12,11,2024-12-19 17:00:17
500109004,23,12,11,2024-12-19 16:26:15
500101154,23,10,13,2024-12-19 16:11:15
500108128,23,10,13,2024-12-19 14:46:15
500108141,23,10,13,2024-12-19 16:54:16
500113051,23,10,13,2024-12-19 13:11:15
500101152,23,9,14,2024-12-19 14:17:15
500101154,23,9,14,2024-12-19 14:54:15
500105050,23,9,14,2024-12-19 14:52:16
500108128,23,9,14,2024-12-19 13:42:15
500108128,23,8,15,2024-12-19 14:09:16
500113051,23,8,15,2024-12-19 16:14:15
500101154,23,7,16,2024-12-19 13:27:15
500108128,23,7,16,2024-12-19 16:17:15
500109004,23,7,16,2024-12-19 15:56:15
500110034,23,7,16,2024-12-19 13:30:16
500101211,23,6,17,2024-12-19 17:16:16
500104016,23,6,17,2024-12-19 15:10:15
500106019,23,6,17,2024-12-19 13:46:16
500110034,23,6,17,2024-12-19 15:12:15
500101211,23,4,19,2024-12-19 16:50:17
500107096,23,4,19,2024-12-19 13:23:15
500107096,23,4,19,2024-12-19 14:37:14
500112028,23,4,19,2024-12-19 17:02:15
500112083,23,4,19,2024-12-19 15:06:15
500112092,23,4,19,2024-12-19 15:47:15
500101093,23,3,20,2024-12-19 15:37:16
500106115,23,2,20,2024-12-19 15:00:17
500112083,23,3,20,2024-12-19 16:26:15
500112083,23,3,20,2024-12-19 16:41:15
500112092,23,3,20,2024-12-19 16:06:15
500101211,23,2,21,2024-12-19 16:01:17
500111026,23,2,21,2024-12-19 15:12:15
500112092,23,2,21,2024-12-19 16:27:15
500113033,23,2,21,2024-12-19 13:48:15
500101218,23,0,22,2024-12-19 16:18:16
500104032,23,1,22,2024-12-19 13:10:16
500111026,23,1,22,2024-12-19 15:28:14
500112003,23,1,22,2024-12-19 14:27:16
500113033,23,1,22,2024-12-19 16:36:15
500112003,23,0,23,2024-12-19 14:48:14
500108128,23,21,2,2024-12-19 07:56:15
500112003,23,20,2,2024-12-19 06:55:16
500108128,23,19,4,2024-12-19 08:17:15
500112028,23,18,4,2024-12-19 07:55:17
500113073,23,12,4,2024-12-19 05:37:15
500111026,23,17,6,2024-12-19 06:34:15
500112028,23,16,6,2024-12-19 07:25:15
500108111,23,16,7,2024-12-19 06:26:15
500101248,23,11,8,2024-12-19 08:17:15
500112099,23,14,8,2024-12-19 05:42:15
500108111,23,14,9,2024-12-19 08:33:16
500112028,23,13,9,2024-12-19 08:36:15
500104016,23,13,10,2024-12-19 07:20:15
500110034,23,12,10,2024-12-19 08:25:16
500113006,23,13,10,2024-12-19 06:30:17
500104032,23,12,11,2024-12-19 06:16:15
500108020,23,12,11,2024-12-19 07:44:14
500108103,23,9,11,2024-12-19 08:44:16
500112104,23,12,11,2024-12-19 07:24:15
500106040,23,11,12,2024-12-19 08:38:15
500107058,23,7,12,2024-12-19 08:57:15
500107166,23,11,12,2024-12-19 07:57:16
500104016,23,9,14,2024-12-19 06:10:16
500101154,23,8,15,2024-12-19 06:56:15
500101211,23,8,15,2024-12-19 06:26:15
500104032,23,8,15,2024-12-19 06:42:15
500104032,23,8,15,2024-12-19 07:57:16
500109099,23,8,15,2024-12-19 06:47:15
500112092,23,8,15,2024-12-19 08:25:16
500108020,23,7,16,2024-12-19 08:17:15
500113051,23,7,16,2024-12-19 07:37:15
500104037,23,6,17,2024-12-19 07:56:15
500112083,23,6,17,2024-12-19 08:25:16
500106019,23,5,18,2024-12-19 07:43:15
500113051,23,5,18,2024-12-19 07:27:15
500109099,23,4,19,2024-12-19 08:37:15
500111026,23,3,20,2024-12-19 08:36:15
500101093,23,2,21,2024-12-19 06:56:15
500104062,23,2,21,2024-12-19 07:16:15
500113051,23,2,21,2024-12-19 08:03:15
500109004,23,1,22,2024-12-19 07:52:15
500101211,23,20,3,2024-12-19 23:20:15
500101154,23,18,5,2024-12-19 23:44:15
500112104,23,16,7,2024-12-19 00:32:15
500101035,24,0,24,2024-12-19 22:38:16
500110086,24,12,11,2024-12-19 23:54:15
500112089,24,16,5,2024-12-19 00:43:15
500110004,24,16,8,2024-12-19 00:54:15
500101102,24,23,1,2024-12-19 00:29:15
500107078,24,10,14,2024-12-19 22:59:14
500110086,24,13,10,2024-12-19 23:14:15
500104058,24,8,16,2024-12-19 22:12:15
500107048,24,14,6,2024-12-19 22:32:14
500113079,24,15,6,2024-12-19 22:26:15
500109001,24,15,8,2024-12-19 22:28:15
500106039,24,2,22,2024-12-19 21:36:15
500101212,24,4,20,2024-12-19 21:39:15
500111031,24,12,12,2024-12-19 21:34:15
500110086,24,14,9,2024-12-19 21:22:15
500101185,24,15,9,2024-12-19 21:38:14
500101216,24,24,0,2024-12-19 21:38:15
500104005,24,4,20,2024-12-19 02:12:16
500112004,24,18,6,2024-12-19 02:04:15
500101216,24,5,18,2024-12-19 03:35:15
500111074,24,12,11,2024-12-19 03:48:15
500104064,24,12,12,2024-12-19 03:46:15
500109001,24,16,8,2024-12-19 03:46:15
500119089,24,8,16,2024-12-19 22:04:15
500101102,24,13,11,2024-12-19 22:09:15
500108189,24,1,23,2024-12-19 21:44:15
500107089,24,3,20,2024-12-19 21:54:14
500101173,24,3,21,2024-12-19 21:43:14
500107048,24,9,10,2024-12-19 23:31:15
500107078,24,13,11,2024-12-19 23:56:14
500101019,24,4,20,2024-12-19 01:25:15
500112014,24,1,23,2024-12-19 22:49:15
500107048,24,13,6,2024-12-19 22:49:14
500101212,24,0,24,2024-12-19 22:18:15
500107078,24,8,16,2024-12-19 22:13:15
500101185,24,14,10,2024-12-19 22:17:15
500107078,24,12,11,2024-12-19 04:40:15
500112089,24,15,6,2024-12-19 04:43:15
500107089,24,1,22,2024-12-19 04:07:15
500106098,24,2,20,2024-12-19 22:21:14
500104064,24,6,18,2024-12-19 22:21:14
500101216,24,22,2,2024-12-19 22:26:15
500107078,24,15,9,2024-12-19 01:49:14
500112089,24,5,16,2024-12-19 23:25:16
500107089,24,22,1,2024-12-19 09:09:15
500112089,24,20,1,2024-12-19 09:06:15
500119089,24,23,1,2024-12-19 10:40:16
500107042,24,22,2,2024-12-19 12:25:16
500106039,24,21,3,2024-12-19 11:32:15
500106039,24,21,3,2024-12-19 11:17:15
500104005,24,20,4,2024-12-19 09:01:15
500106039,24,19,5,2024-12-19 11:58:16
500113025,24,19,5,2024-12-19 09:37:15
500108189,24,18,6,2024-12-19 10:21:15
500113049,24,17,6,2024-12-19 12:58:15
500101173,24,5,7,2024-12-19 10:07:16
500101173,24,6,7,2024-12-19 10:38:15
500106039,24,17,7,2024-12-19 09:42:15
500109093,24,17,7,2024-12-19 11:15:15
500113025,24,17,7,2024-12-19 10:47:16
500106098,24,14,8,2024-12-19 09:06:15
500101035,24,15,9,2024-12-19 12:36:15
500109093,24,15,9,2024-12-19 08:55:16
500109001,24,14,10,2024-12-19 11:48:15
500109049,24,14,10,2024-12-19 09:37:15
500109049,24,14,10,2024-12-19 09:57:15
500112014,24,14,10,2024-12-19 09:56:16
500107042,24,13,11,2024-12-19 09:54:15
500109001,24,12,12,2024-12-19 11:55:18
500113049,24,9,14,2024-12-19 10:12:15
500107089,24,8,15,2024-12-19 13:08:15
500110089,24,7,15,2024-12-19 09:14:15
500113078,24,9,15,2024-12-19 13:03:14
500109049,24,8,16,2024-12-19 12:09:16
500112014,24,8,16,2024-12-19 11:57:16
500112014,24,8,16,2024-12-19 10:18:15
500113078,24,8,16,2024-12-19 12:17:16
500113079,24,7,16,2024-12-19 12:28:15
500107048,24,7,17,2024-12-19 11:13:15
500109001,24,7,17,2024-12-19 09:06:15
500110038,24,7,17,2024-12-19 09:42:15
500110038,24,7,17,2024-12-19 10:55:17
500111051,24,7,17,2024-12-19 13:08:15
500112014,24,7,17,2024-12-19 09:37:15
500113078,24,7,17,2024-12-19 12:23:16
500101019,24,6,18,2024-12-19 09:06:14
500101019,24,6,18,2024-12-19 09:56:16
500101185,24,5,19,2024-12-19 12:52:15
500103013,24,5,19,2024-12-19 12:37:15
500110004,24,4,19,2024-12-19 11:46:15
500111051,24,5,19,2024-12-19 12:44:15
500101141,24,4,20,2024-12-19 09:44:15
500107078,24,3,20,2024-12-19 12:29:15
500111031,24,4,20,2024-12-19 09:09:15
500107078,24,2,21,2024-12-19 10:27:16
500107078,24,2,21,2024-12-19 11:26:15
500107048,24,1,22,2024-12-19 09:46:16
500101141,24,1,23,2024-12-19 11:47:16
500101216,24,0,23,2024-12-19 10:17:15
500107048,24,0,23,2024-12-19 09:04:16
500107048,24,1,23,2024-12-19 11:05:17
500111068,24,1,23,2024-12-19 09:03:14
500101185,24,0,24,2024-12-19 08:53:15
500112014,24,0,24,2024-12-19 09:09:15
500101141,24,23,1,2024-12-19 19:07:15
500109001,24,23,1,2024-12-19 17:56:16
500111068,24,23,1,2024-12-19 21:06:14
500101141,24,21,3,2024-12-19 18:58:16
500111051,24,21,3,2024-12-19 21:13:16
500101141,24,20,4,2024-12-19 21:07:16
500112014,24,18,6,2024-12-19 17:48:15
500113079,24,14,7,2024-12-19 21:20:16
500111031,24,16,8,2024-12-19 18:29:16
500105049,24,15,9,2024-12-19 19:18:15
500110086,24,15,9,2024-12-19 20:18:15
500110004,24,14,10,2024-12-19 18:01:16
500110004,24,14,10,2024-12-19 18:16:16
500101212,24,13,11,2024-12-19 20:38:15
500105049,24,13,11,2024-12-19 18:36:16
500107048,24,13,11,2024-12-19 18:29:16
500101173,24,11,13,2024-12-19 18:18:16
500110004,24,11,13,2024-12-19 17:45:16
500101019,24,10,14,2024-12-19 19:57:15
500101102,24,9,15,2024-12-19 20:47:15
500103013,24,8,16,2024-12-19 21:20:16
500106098,24,5,17,2024-12-19 18:18:16
500101102,24,6,18,2024-12-19 20:29:15
500109093,24,6,18,2024-12-19 19:17:15
500112004,24,6,18,2024-12-19 17:56:16
500101216,24,5,19,2024-12-19 17:38:16
500101102,24,4,20,2024-12-19 17:48:15
500107089,24,3,20,2024-12-19 18:33:16
500110038,24,4,20,2024-12-19 20:32:14
500110038,24,4,20,2024-12-19 18:57:15
500112089,24,1,20,2024-12-19 20:11:15
500112089,24,1,20,2024-12-19 18:47:16
500113025,24,4,20,2024-12-19 18:31:15
500101019,24,3,21,2024-12-19 19:07:15
500101019,24,3,21,2024-12-19 19:38:14
500104064,24,3,21,2024-12-19 17:51:16
500106039,24,3,21,2024-12-19 19:37:16
500106098,24,1,21,2024-12-19 18:29:16
500101102,24,2,22,2024-12-19 19:57:15
500106039,24,2,22,2024-12-19 20:59:15
500101173,24,1,23,2024-12-19 20:29:15
500106039,24,1,23,2024-12-19 19:11:15
500107078,24,1,23,2024-12-19 18:08:16
500119089,24,1,23,2024-12-19 17:26:15
500119089,24,0,24,2024-12-19 21:00:16
500106039,24,21,3,2024-12-19 14:26:15
500106039,24,20,4,2024-12-19 14:46:15
500101212,24,19,5,2024-12-19 13:37:15
500109001,24,19,5,2024-12-19 16:07:15
500101173,24,12,6,2024-12-19 15:37:15
500101212,24,18,6,2024-12-19 14:38:15
500109001,24,18,6,2024-12-19 16:33:15
500109001,24,18,6,2024-12-19 17:17:16
500110038,24,18,6,2024-12-19 16:46:15
500101173,24,11,7,2024-12-19 15:16:15
500101173,24,10,8,2024-12-19 16:12:15
500110086,24,16,8,2024-12-19 15:49:14
500113025,24,16,8,2024-12-19 13:19:15
500101212,24,15,9,2024-12-19 17:17:16
500112014,24,13,11,2024-12-19 15:02:15
500113049,24,12,11,2024-12-19 14:45:15
500106098,24,10,12,2024-12-19 15:38:15
500107089,24,11,12,2024-12-19 17:12:16
500110004,24,12,12,2024-12-19 16:42:15
500101019,24,11,13,2024-12-19 16:36:15
500101141,24,11,13,2024-12-19 16:04:15
500107089,24,10,13,2024-12-19 15:40:16
500108051,24,9,13,2024-12-19 15:14:15
500110004,24,11,13,2024-12-19 15:09:15
500101019,24,9,15,2024-12-19 13:16:14
500109049,24,9,15,2024-12-19 14:05:16
500113079,24,8,15,2024-12-19 16:30:16
500101173,24,8,16,2024-12-19 16:58:15
500111051,24,8,16,2024-12-19 17:00:17
500101141,24,7,17,2024-12-19 14:33:15
500113079,24,6,17,2024-12-19 16:25:16
500103013,24,6,18,2024-12-19 17:02:15
500109049,24,6,18,2024-12-19 16:24:15
500101185,24,5,19,2024-12-19 13:27:15
500107078,24,5,19,2024-12-19 16:57:16
500111051,24,5,19,2024-12-19 13:10:16
500111068,24,4,20,2024-12-19 13:31:15
500101102,24,3,21,2024-12-19 13:51:15
500101216,24,3,21,2024-12-19 15:07:15
500112004,24,1,23,2024-12-19 15:27:15
500110004,24,7,15,2024-12-19 21:41:15
500106039,24,24,0,2024-12-19 07:45:16
500106098,24,21,1,2024-12-19 08:37:15
500109093,24,23,1,2024-12-19 06:44:15
500106098,24,20,2,2024-12-19 08:46:15
500110089,24,20,2,2024-12-19 08:17:16
500113025,24,22,2,2024-12-19 07:31:16
500109093,24,21,3,2024-12-19 08:14:16
500101185,24,17,7,2024-12-19 04:54:15
500101173,24,16,8,2024-12-19 08:57:15
500105049,24,15,8,2024-12-19 06:19:15
500108118,24,13,8,2024-12-19 07:23:15
500111068,24,16,8,2024-12-19 06:23:15
500110089,24,13,9,2024-12-19 08:57:14
500101141,24,14,10,2024-12-19 06:41:15
500106098,24,12,10,2024-12-19 08:03:15
500101102,24,12,11,2024-12-19 07:16:15
500107042,24,13,11,2024-12-19 06:42:14
500108118,24,10,11,2024-12-19 07:44:14
500111074,24,11,11,2024-12-19 06:47:15
500101141,24,12,12,2024-12-19 07:17:14
500110004,24,11,12,2024-12-19 07:46:15
500111074,24,10,12,2024-12-19 08:54:15
500112004,24,12,12,2024-12-19 08:12:15
500101035,24,11,13,2024-12-19 07:57:15
500101185,24,11,13,2024-12-19 07:46:15
500104064,24,11,13,2024-12-19 04:48:15
500104064,24,11,13,2024-12-19 07:19:15
500109001,24,11,13,2024-12-19 06:35:15
500109001,24,11,13,2024-12-19 06:55:16
500109001,24,10,14,2024-12-19 08:25:15
500113010,24,10,14,2024-12-19 08:25:16
500113078,24,10,14,2024-12-19 05:06:15
500101173,24,9,15,2024-12-19 08:02:15
500106098,24,6,16,2024-12-19 07:17:14
500107089,24,6,17,2024-12-19 07:36:15
500109001,24,7,17,2024-12-19 07:17:14
500101212,24,6,18,2024-12-19 06:03:15
500108189,24,6,18,2024-12-19 06:51:15
500113078,24,5,19,2024-12-19 07:16:14
500101019,24,4,20,2024-12-19 08:16:15
500101216,24,3,20,2024-12-19 07:55:17
500101216,24,3,20,2024-12-19 08:02:15
500106039,24,4,20,2024-12-19 06:56:15
500110038,24,4,20,2024-12-19 08:25:15
500101216,24,2,21,2024-12-19 06:45:16
500119089,24,3,21,2024-12-19 08:13:15
500101102,24,2,22,2024-12-19 08:47:15
500103013,24,0,22,2024-12-19 06:56:16
500111068,24,2,22,2024-12-19 08:32:15
500112014,24,2,22,2024-12-19 07:55:17
500119089,24,2,22,2024-12-19 08:03:15
500101216,24,0,23,2024-12-19 08:37:16
500107078,24,0,23,2024-12-19 08:17:15
500111068,24,1,23,2024-12-19 08:48:15
500107078,24,13,11,2024-12-19 00:43:15
500113025,24,23,1,2024-12-19 00:14:15
500101185,24,18,6,2024-12-19 00:03:15
500110086,24,18,6,2024-12-19 00:42:15
500113025,24,24,0,2024-12-19 00:36:15
500101173,24,1,18,2024-12-19 01:11:15
500108118,24,6,16,2024-12-19 01:13:15
500110089,24,17,5,2024-12-19 00:28:14
500103013,24,18,4,2024-12-19 00:33:15
500101212,24,3,21,2024-12-19 22:58:15
500110004,24,10,12,2024-12-19 23:05:15
500101141,24,11,13,2024-12-19 23:17:14
500101212,24,0,24,2024-12-19 22:20:17
500112089,24,4,17,2024-12-19 22:01:15
500113049,24,11,12,2024-12-19 22:34:15
500104058,24,8,16,2024-12-19 20:05:16
500107042,24,10,14,2024-12-19 21:17:15
500101141,24,3,21,2024-12-19 02:12:16
500113010,24,6,18,2024-12-19 01:46:15
500109001,24,17,7,2024-12-19 01:24:14
500106098,24,3,19,2024-12-19 03:33:15
500113049,24,14,9,2024-12-19 04:03:14
500101141,24,19,5,2024-12-19 03:46:15
500101019,24,6,18,2024-12-19 22:05:16
500106039,24,1,23,2024-12-19 21:50:17
500107078,24,4,20,2024-12-19 21:49:14
500101019,24,3,21,2024-12-19 01:54:15
500110089,24,18,4,2024-12-19 02:01:16
500112004,24,7,17,2024-12-19 22:41:15
500113025,24,15,9,2024-12-19 22:46:15
500113079,24,16,5,2024-12-19 22:43:15
500106039,24,2,22,2024-12-19 23:07:14
500107048,24,14,5,2024-12-19 22:56:14
500101185,24,19,5,2024-12-19 23:05:15
500107048,24,12,8,2024-12-19 22:17:15
500103013,24,4,19,2024-12-19 03:51:15
500101141,24,11,13,2024-12-19 22:24:15
500101035,24,24,0,2024-12-19 09:41:16
500112089,24,20,1,2024-12-19 09:22:16
500119089,24,22,2,2024-12-19 10:03:15
500106039,24,21,3,2024-12-19 10:17:16
500119089,24,21,3,2024-12-19 12:36:15
500106039,24,19,5,2024-12-19 09:06:15
500107089,24,18,5,2024-12-19 10:34:15
500101019,24,18,6,2024-12-19 11:46:15
500104005,24,18,6,2024-12-19 09:41:15
500113025,24,18,6,2024-12-19 09:48:15
500106039,24,17,7,2024-12-19 12:07:15
500108189,24,17,7,2024-12-19 10:05:16
500101019,24,16,8,2024-12-19 12:06:16
500108051,24,14,8,2024-12-19 09:31:15
500108189,24,16,8,2024-12-19 09:55:16
500109001,24,16,8,2024-12-19 10:46:14
500109001,24,15,9,2024-12-19 11:31:14
500112014,24,15,9,2024-12-19 09:47:14
500113025,24,15,9,2024-12-19 10:05:16
500101019,24,14,10,2024-12-19 10:32:15
500106098,24,12,10,2024-12-19 11:47:16
500110031,24,14,10,2024-12-19 08:46:15
500106098,24,11,11,2024-12-19 10:55:17
500107042,24,13,11,2024-12-19 10:13:16
500108118,24,10,11,2024-12-19 09:33:15
500101212,24,12,12,2024-12-19 09:09:15
500106098,24,10,12,2024-12-19 13:01:15
500107042,24,12,12,2024-12-19 09:43:15
500108118,24,9,12,2024-12-19 11:52:15
500101212,24,11,13,2024-12-19 11:02:15
500107089,24,10,13,2024-12-19 12:43:15
500110038,24,11,13,2024-12-19 12:35:15
500110089,24,9,13,2024-12-19 10:17:16
500101212,24,10,14,2024-12-19 10:51:16
500101212,24,10,14,2024-12-19 11:13:15
500110004,24,9,14,2024-12-19 10:28:15
500107089,24,8,15,2024-12-19 11:46:14
500110038,24,9,15,2024-12-19 10:05:16
500110038,24,9,15,2024-12-19 11:06:15
500110089,24,7,15,2024-12-19 11:37:15
500110004,24,7,16,2024-12-19 11:14:15
500110031,24,8,16,2024-12-19 11:12:16
500110038,24,8,16,2024-12-19 11:50:16
500110089,24,6,16,2024-12-19 09:34:15
500104064,24,7,17,2024-12-19 10:56:14
500105049,24,6,17,2024-12-19 09:51:14
500110038,24,7,17,2024-12-19 09:00:18
500110038,24,7,17,2024-12-19 11:41:15
500113078,24,7,17,2024-12-19 11:55:18
500103013,24,6,18,2024-12-19 12:14:16
500103013,24,3,18,2024-12-19 09:06:15
500101185,24,5,19,2024-12-19 12:27:15
500109001,24,5,19,2024-12-19 09:33:15
500111051,24,4,19,2024-12-19 10:55:17
500101102,24,4,20,2024-12-19 09:08:15
500107042,24,4,20,2024-12-19 11:02:15
500107078,24,3,20,2024-12-19 11:51:16
500113079,24,3,20,2024-12-19 10:55:17
500101141,24,3,21,2024-12-19 12:26:15
500111051,24,3,21,2024-12-19 09:24:14
500112004,24,3,21,2024-12-19 12:03:15
500101216,24,1,22,2024-12-19 10:27:17
500101216,24,1,22,2024-12-19 11:17:15
500107048,24,2,22,2024-12-19 12:21:15
500107048,24,1,22,2024-12-19 10:18:15
500107048,24,1,22,2024-12-19 10:31:16
500109001,24,2,22,2024-12-19 10:34:15
500111068,24,2,22,2024-12-19 10:58:16
500107048,24,0,23,2024-12-19 09:50:18
500112004,24,1,23,2024-12-19 12:18:15
500101102,24,0,24,2024-12-19 11:45:16
500111051,24,24,0,2024-12-19 19:05:16
500101019,24,23,1,2024-12-19 17:58:15
500110038,24,23,1,2024-12-19 17:26:15
500111051,24,22,2,2024-12-19 20:47:15
500101019,24,21,3,2024-12-19 17:35:16
500101141,24,21,3,2024-12-19 18:07:15
500107048,24,20,4,2024-12-19 19:37:16
500111068,24,20,4,2024-12-19 18:36:16
500105049,24,18,6,2024-12-19 20:56:15
500107048,24,18,6,2024-12-19 18:56:15
500112014,24,18,6,2024-12-19 18:05:16
500101019,24,17,7,2024-12-19 18:07:16
500101212,24,17,7,2024-12-19 19:07:15
500101212,24,15,9,2024-12-19 18:29:16
500110004,24,15,9,2024-12-19 20:02:14
500111074,24,15,9,2024-12-19 17:55:17
500113079,24,12,9,2024-12-19 20:47:15
500101185,24,14,10,2024-12-19 19:36:15
500110004,24,14,10,2024-12-19 19:53:15
500110004,24,14,10,2024-12-19 19:45:16
500110086,24,13,10,2024-12-19 20:44:15
500111031,24,14,10,2024-12-19 17:19:15
500113049,24,13,10,2024-12-19 21:18:15
500101185,24,13,11,2024-12-19 19:49:15
500106098,24,11,11,2024-12-19 19:49:15
500107048,24,13,11,2024-12-19 18:03:15
500108051,24,12,11,2024-12-19 19:33:15
500108189,24,13,11,2024-12-19 19:02:16
500109049,24,13,11,2024-12-19 17:22:16
500110004,24,13,11,2024-12-19 18:53:15
500111031,24,13,11,2024-12-19 20:26:15
500109093,24,12,12,2024-12-19 20:37:16
500112089,24,9,12,2024-12-19 17:41:16
500113079,24,11,12,2024-12-19 18:16:15
500101019,24,11,13,2024-12-19 20:58:15
500106098,24,9,13,2024-12-19 18:03:15
500113010,24,11,13,2024-12-19 19:42:15
500101212,24,10,14,2024-12-19 20:58:15
500109001,24,9,14,2024-12-19 19:29:15
500113025,24,10,14,2024-12-19 20:23:15
500101035,24,9,15,2024-12-19 19:32:15
500101035,24,9,15,2024-12-19 18:24:16
500106039,24,9,15,2024-12-19 18:04:16
500101019,24,8,16,2024-12-19 18:37:15
500101216,24,8,16,2024-12-19 18:16:16
500110038,24,8,16,2024-12-19 19:25:15
500110038,24,7,17,2024-12-19 20:08:15
500112014,24,7,17,2024-12-19 19:48:15
500112089,24,4,17,2024-12-19 18:00:18
500113025,24,7,17,2024-12-19 19:02:15
500113025,24,7,17,2024-12-19 18:43:15
500103013,24,6,18,2024-12-19 20:29:16
500108118,24,3,18,2024-12-19 16:58:15
500108118,24,3,18,2024-12-19 17:54:15
500108189,24,6,18,2024-12-19 20:16:16
500112014,24,6,18,2024-12-19 19:53:14
500112014,24,6,18,2024-12-19 20:10:17
500101102,24,5,19,2024-12-19 19:17:15
500101216,24,5,19,2024-12-19 17:28:15
500107078,24,5,19,2024-12-19 18:17:15
500108189,24,5,19,2024-12-19 20:44:14
500101035,24,4,20,2024-12-19 17:54:14
500104005,24,2,20,2024-12-19 18:02:15
500110031,24,4,20,2024-12-19 20:21:15
500110031,24,4,20,2024-12-19 18:20:17
500110038,24,4,20,2024-12-19 20:54:14
500110038,24,4,20,2024-12-19 18:45:16
500110089,24,4,20,2024-12-19 17:55:17
500112004,24,4,20,2024-12-19 18:56:15
500112004,24,4,20,2024-12-19 20:51:16
500112014,24,4,20,2024-12-19 19:18:15
500101102,24,3,21,2024-12-19 19:46:15
500104005,24,1,21,2024-12-19 18:18:15
500106039,24,3,21,2024-12-19 20:09:15
500107078,24,3,21,2024-12-19 20:24:15
500107078,24,3,21,2024-12-19 17:28:15
500107078,24,3,21,2024-12-19 19:38:15
500107089,24,2,21,2024-12-19 21:20:16
500110031,24,3,21,2024-12-19 17:51:16
500110089,24,3,21,2024-12-19 17:28:15
500107089,24,1,22,2024-12-19 17:47:16
500101173,24,1,23,2024-12-19 20:56:15
500101173,24,1,23,2024-12-19 21:17:15
500106039,24,1,23,2024-12-19 20:43:15
500107078,24,1,23,2024-12-19 21:19:16
500119089,24,1,23,2024-12-19 20:13:15
500119089,24,1,23,2024-12-19 20:22:15
500119089,24,24,0,2024-12-19 13:49:14
500119089,24,22,2,2024-12-19 14:27:15
500112089,24,15,6,2024-12-19 15:54:15
500113025,24,18,6,2024-12-19 17:07:15
500109001,24,17,7,2024-12-19 14:23:15
500112089,24,14,7,2024-12-19 16:18:15
500101035,24,16,8,2024-12-19 13:38:16
500101173,24,7,8,2024-12-19 13:16:14
500101173,24,10,8,2024-12-19 14:47:15
500110086,24,16,8,2024-12-19 17:12:16
500113049,24,15,8,2024-12-19 16:25:16
500110086,24,15,9,2024-12-19 15:46:16
500111031,24,15,9,2024-12-19 17:07:15
500112014,24,14,10,2024-12-19 15:28:14
500106039,24,13,11,2024-12-19 16:37:15
500113049,24,12,11,2024-12-19 14:57:15
500101019,24,12,12,2024-12-19 14:10:17
500106098,24,10,12,2024-12-19 13:34:15
500106098,24,10,12,2024-12-19 15:14:15
500101141,24,11,13,2024-12-19 15:55:16
500108118,24,8,13,2024-12-19 13:35:15
500110004,24,11,13,2024-12-19 16:15:16
500110031,24,11,13,2024-12-19 16:14:15
500112014,24,11,13,2024-12-19 14:16:16
500110004,24,10,14,2024-12-19 14:47:15
500101185,24,9,15,2024-12-19 16:07:15
500110004,24,8,15,2024-12-19 14:08:15
500112014,24,9,15,2024-12-19 13:12:15
500107078,24,8,16,2024-12-19 16:41:15
500101102,24,7,17,2024-12-19 16:49:15
500103013,24,6,18,2024-12-19 16:45:17
500104005,24,4,18,2024-12-19 17:15:17
500107078,24,5,18,2024-12-19 13:26:15
500111051,24,6,18,2024-12-19 14:10:16
500111068,24,6,18,2024-12-19 17:18:16
500103013,24,5,19,2024-12-19 14:59:15
500101102,24,4,20,2024-12-19 15:06:15
500101185,24,4,20,2024-12-19 13:35:15
500113079,24,3,20,2024-12-19 15:36:15
500101216,24,3,21,2024-12-19 15:59:15
500107048,24,3,21,2024-12-19 13:25:16
500110031,24,3,21,2024-12-19 17:15:17
500110089,24,2,22,2024-12-19 17:06:16
500112004,24,2,22,2024-12-19 16:39:15
500101035,24,1,23,2024-12-19 17:14:16
500107089,24,1,22,2024-12-19 21:46:15
500112089,24,21,0,2024-12-19 08:25:16
500110086,24,23,1,2024-12-19 06:47:15
500106039,24,22,2,2024-12-19 08:37:15
500109049,24,22,2,2024-12-19 05:45:15
500113025,24,22,2,2024-12-19 05:57:15
500108189,24,21,3,2024-12-19 08:37:15
500110089,24,19,3,2024-12-19 06:10:16
500110038,24,19,5,2024-12-19 06:04:14
500111031,24,19,5,2024-12-19 07:16:15
500104005,24,18,6,2024-12-19 07:52:15
500105049,24,16,7,2024-12-19 05:40:15
500108189,24,17,7,2024-12-19 08:11:16
500112004,24,17,7,2024-12-19 05:49:15
500112089,24,14,7,2024-12-19 07:21:15
500110031,24,16,8,2024-12-19 08:33:16
500113025,24,16,8,2024-12-19 08:53:15
500101212,24,15,9,2024-12-19 08:57:15
500108189,24,15,9,2024-12-19 08:51:15
500111068,24,14,10,2024-12-19 05:27:15
500111074,24,12,10,2024-12-19 06:18:15
500101212,24,13,11,2024-12-19 07:24:15
500108118,24,10,11,2024-12-19 08:19:15
500108189,24,13,11,2024-12-19 08:47:15
500107089,24,11,12,2024-12-19 07:43:15
500108051,24,10,12,2024-12-19 08:15:16
500108118,24,9,12,2024-12-19 08:34:15
500110086,24,12,12,2024-12-19 08:17:15
500113049,24,11,12,2024-12-19 06:27:15
500101102,24,10,13,2024-12-19 07:37:15
500101212,24,11,13,2024-12-19 06:54:15
500108118,24,8,13,2024-12-19 06:44:14
500109093,24,10,14,2024-12-19 07:47:15
500110038,24,10,14,2024-12-19 08:02:15
500111031,24,9,15,2024-12-19 08:26:15
500113010,24,9,15,2024-12-19 07:10:16
500101185,24,8,16,2024-12-19 07:57:16
500108051,24,6,16,2024-12-19 08:56:16
500110038,24,8,16,2024-12-19 08:37:15
500101102,24,6,17,2024-12-19 08:36:15
500105049,24,6,17,2024-12-19 08:26:14
500107048,24,6,17,2024-12-19 07:44:15
500107048,24,6,17,2024-12-19 07:56:15
500110031,24,7,17,2024-12-19 06:24:15
500113049,24,6,17,2024-12-19 08:02:15
500101019,24,6,18,2024-12-19 08:35:16
500101019,24,6,18,2024-12-19 07:34:15
500101216,24,5,18,2024-12-19 07:20:16
500107078,24,5,18,2024-12-19 07:27:15
500104058,24,5,19,2024-12-19 07:26:15
500107042,24,5,19,2024-12-19 08:37:15
500101185,24,2,22,2024-12-19 08:47:15
500103013,24,0,22,2024-12-19 07:45:16
500106039,24,2,22,2024-12-19 05:59:14
500101216,24,0,23,2024-12-19 08:14:16
500106039,24,1,23,2024-12-19 05:44:15
500107048,24,0,23,2024-12-19 08:55:16
500107078,24,13,11,2024-12-19 00:17:15
500108189,24,6,18,2024-12-19 00:09:15
500112089,24,18,3,2024-12-19 00:05:15
500113049,24,9,14,2024-12-19 23:49:15
500110038,24,19,5,2024-12-19 00:22:15
500107042,24,4,20,2024-12-19 23:02:14
500104058,24,9,15,2024-12-19 23:09:15
500111074,24,15,9,2024-12-19 22:07:15
500106039,24,3,21,2024-12-19 23:15:14
500113078,24,10,14,2024-12-19 20:51:16
500101019,24,4,20,2024-12-19 00:48:14
500104005,24,4,20,2024-12-19 01:01:14
500108189,24,5,19,2024-12-19 00:44:15
500109049,24,20,4,2024-12-19 00:42:15
500112014,24,1,23,2024-12-19 23:18:15
500111051,24,21,3,2024-12-19 22:05:16
500101019,24,8,16,2024-12-19 21:36:15
500106039,24,2,22,2024-12-19 01:30:16
500107078,24,14,10,2024-12-19 03:07:15
500105049,24,18,6,2024-12-19 01:32:14
500101102,24,22,1,2024-12-19 04:27:14
500106098,24,0,22,2024-12-19 22:03:15
500108118,24,3,18,2024-12-19 21:52:15
500101141,24,9,15,2024-12-19 21:58:15
500110086,24,12,11,2024-12-19 22:00:16
500111068,24,19,5,2024-12-19 21:56:15
500104064,24,3,21,2024-12-19 21:50:17
500109001,24,13,10,2024-12-19 21:58:15
500101102,24,14,10,2024-12-19 21:59:15
500119089,24,0,24,2024-12-19 23:49:15
500101141,24,5,19,2024-12-19 01:39:15
500107089,24,9,14,2024-12-19 22:44:14
500108118,24,5,16,2024-12-19 04:35:15
500113025,24,18,6,2024-12-19 04:36:15
500112014,24,0,24,2024-12-19 22:53:15
500113049,24,11,12,2024-12-19 22:15:16
500101019,24,6,18,2024-12-19 03:54:15
500110004,24,8,14,2024-12-19 22:23:14
500106039,24,1,23,2024-12-19 22:50:18
500113049,24,9,14,2024-12-19 23:25:16
500101035,24,23,1,2024-12-19 11:19:15
500112089,24,20,1,2024-12-19 11:50:19
500119089,24,23,1,2024-12-19 12:53:16
500101035,24,22,2,2024-12-19 11:17:15
500106039,24,22,2,2024-12-19 11:08:15
500107089,24,21,2,2024-12-19 09:07:15
500119089,24,22,2,2024-12-19 11:37:15
500101035,24,20,4,2024-12-19 11:56:16
500101212,24,20,4,2024-12-19 13:03:15
500106039,24,20,4,2024-12-19 09:21:15
500106098,24,18,4,2024-12-19 09:34:14
500104005,24,19,5,2024-12-19 09:54:15
500110086,24,19,5,2024-12-19 09:00:18
500101173,24,8,7,2024-12-19 13:04:16
500106098,24,15,7,2024-12-19 09:42:15
500109049,24,15,9,2024-12-19 09:23:15
500119089,24,15,9,2024-12-19 09:06:15
500101019,24,14,10,2024-12-19 12:11:16
500101212,24,14,10,2024-12-19 12:08:15
500106098,24,12,10,2024-12-19 11:58:16
500111074,24,12,10,2024-12-19 09:21:15
500113025,24,14,10,2024-12-19 10:34:15
500113049,24,13,10,2024-12-19 12:33:15
500106098,24,11,11,2024-12-19 12:35:16
500107042,24,13,11,2024-12-19 11:37:15
500108118,24,10,11,2024-12-19 09:00:18
500109093,24,13,11,2024-12-19 12:49:15
500107089,24,11,12,2024-12-19 12:19:16
500106098,24,9,13,2024-12-19 10:38:15
500110004,24,10,13,2024-12-19 09:25:16
500110004,24,10,13,2024-12-19 10:04:16
500110031,24,11,13,2024-12-19 12:49:15
500101019,24,10,14,2024-12-19 12:34:14
500101212,24,10,14,2024-12-19 11:43:15
500101212,24,10,14,2024-12-19 09:53:15
500107089,24,9,14,2024-12-19 12:03:14
500108051,24,8,14,2024-12-19 09:03:14
500110089,24,8,14,2024-12-19 12:17:16
500103013,24,9,15,2024-12-19 13:06:15
500110031,24,9,15,2024-12-19 11:08:15
500110089,24,7,15,2024-12-19 11:23:14
500112014,24,9,15,2024-12-19 12:07:16
500113049,24,8,15,2024-12-19 10:23:15
500113079,24,8,15,2024-12-19 12:44:14
500113079,24,8,15,2024-12-19 12:10:16
500104064,24,8,16,2024-12-19 09:18:15
500113049,24,7,16,2024-12-19 10:54:15
500113049,24,7,16,2024-12-19 11:24:15
500113078,24,8,16,2024-12-19 10:00:18
500113079,24,7,16,2024-12-19 13:04:16
500103013,24,4,17,2024-12-19 09:08:15
500103013,24,4,17,2024-12-19 09:25:16
500103013,24,7,17,2024-12-19 10:07:16
500113079,24,6,17,2024-12-19 09:27:15
500101173,24,6,18,2024-12-19 09:37:15
500103013,24,6,18,2024-12-19 11:57:16
500112004,24,6,18,2024-12-19 09:20:16
500101141,24,5,19,2024-12-19 12:32:16
500101185,24,5,19,2024-12-19 12:06:15
500101212,24,5,19,2024-12-19 09:37:15
500107048,24,5,19,2024-12-19 12:04:16
500107078,24,4,19,2024-12-19 11:45:15
500112004,24,5,19,2024-12-19 09:28:15
500101216,24,2,21,2024-12-19 12:30:16
500107048,24,3,21,2024-12-19 12:18:15
500111068,24,3,21,2024-12-19 12:23:16
500101173,24,2,22,2024-12-19 09:07:15
500101185,24,2,22,2024-12-19 11:49:16
500101141,24,1,23,2024-12-19 11:38:15
500107078,24,0,23,2024-12-19 10:05:17
500101185,24,0,24,2024-12-19 10:42:17
500111051,24,24,0,2024-12-19 18:03:15
500111068,24,24,0,2024-12-19 19:29:16
500101141,24,21,3,2024-12-19 20:59:15
500110089,24,20,4,2024-12-19 21:09:16
500113049,24,19,4,2024-12-19 18:29:16
500109001,24,19,5,2024-12-19 17:19:15
500112014,24,19,5,2024-12-19 17:59:15
500103013,24,17,7,2024-12-19 20:03:15
500109093,24,17,7,2024-12-19 18:13:15
500113079,24,16,7,2024-12-19 19:17:14
500105049,24,16,8,2024-12-19 19:37:16
500101173,24,14,9,2024-12-19 19:36:15
500101185,24,15,9,2024-12-19 17:56:16
500101185,24,15,9,2024-12-19 18:18:16
500108189,24,15,9,2024-12-19 18:42:16
500111068,24,15,9,2024-12-19 17:47:16
500108051,24,13,10,2024-12-19 19:42:14
500108051,24,13,10,2024-12-19 18:11:16
500110089,24,14,10,2024-12-19 20:04:16
500110089,24,14,10,2024-12-19 19:27:15
500111074,24,14,10,2024-12-19 17:35:16
500101212,24,13,11,2024-12-19 20:04:16
500103013,24,13,11,2024-12-19 19:22:16
500106039,24,13,11,2024-12-19 17:48:15
500111031,24,13,11,2024-12-19 19:38:15
500111074,24,13,11,2024-12-19 19:00:18
500113049,24,12,11,2024-12-19 20:45:16
500113049,24,11,12,2024-12-19 20:27:15
500101035,24,11,13,2024-12-19 20:32:15
500106098,24,9,13,2024-12-19 17:26:15
500113049,24,10,13,2024-12-19 20:12:15
500110089,24,10,14,2024-12-19 18:41:15
500113078,24,10,14,2024-12-19 17:23:15
500113078,24,10,14,2024-12-19 17:49:15
500101035,24,9,15,2024-12-19 20:12:15
500101035,24,9,15,2024-12-19 19:29:15
500108189,24,9,15,2024-12-19 17:29:16
500109049,24,9,15,2024-12-19 20:11:16
500109093,24,9,15,2024-12-19 20:05:16
500112014,24,9,15,2024-12-19 20:48:15
500113025,24,9,15,2024-12-19 19:58:14
500105049,24,8,16,2024-12-19 17:28:15
500101019,24,7,17,2024-12-19 19:47:15
500101216,24,7,17,2024-12-19 17:48:15
500101216,24,7,17,2024-12-19 18:57:15
500103013,24,7,17,2024-12-19 21:06:15
500101019,24,6,18,2024-12-19 18:55:17
500101173,24,5,18,2024-12-19 19:59:15
500103013,24,6,18,2024-12-19 20:39:16
500110038,24,6,18,2024-12-19 21:18:14
500110089,24,6,18,2024-12-19 18:07:16
500101216,24,5,19,2024-12-19 18:22:16
500106098,24,3,19,2024-12-19 21:15:16
500112089,24,2,19,2024-12-19 21:09:16
500101216,24,4,20,2024-12-19 18:38:16
500107089,24,3,20,2024-12-19 19:05:16
500110031,24,4,20,2024-12-19 17:28:15
500110089,24,4,20,2024-12-19 18:18:16
500112004,24,4,20,2024-12-19 20:15:16
500112089,24,1,20,2024-12-19 19:36:18
500101102,24,3,21,2024-12-19 17:36:15
500101173,24,3,21,2024-12-19 20:05:16
500107078,24,3,21,2024-12-19 20:48:15
500107078,24,3,21,2024-12-19 18:26:16
500107089,24,2,21,2024-12-19 19:37:15
500113025,24,3,21,2024-12-19 18:26:16
500107078,24,2,22,2024-12-19 19:56:16
500107089,24,1,22,2024-12-19 21:18:14
500101173,24,1,23,2024-12-19 20:43:14
500107089,24,0,23,2024-12-19 18:07:16
500107089,24,0,23,2024-12-19 19:18:16
500101141,24,24,0,2024-12-19 17:07:15
500119089,24,23,1,2024-12-19 14:37:14
500101173,24,13,2,2024-12-19 14:10:17
500107042,24,22,2,2024-12-19 14:24:15
500119089,24,22,2,2024-12-19 13:16:14
500110038,24,21,3,2024-12-19 17:04:15
500108189,24,19,5,2024-12-19 15:16:15
500101173,24,12,6,2024-12-19 15:20:15
500101212,24,18,6,2024-12-19 15:26:15
500106039,24,18,6,2024-12-19 15:02:15
500109001,24,18,6,2024-12-19 15:48:15
500109001,24,18,6,2024-12-19 16:15:16
500112014,24,18,6,2024-12-19 16:27:16
500113010,24,18,6,2024-12-19 17:06:16
500101035,24,17,7,2024-12-19 13:39:16
500101035,24,17,7,2024-12-19 15:35:16
500101212,24,17,7,2024-12-19 15:52:15
500101212,24,17,7,2024-12-19 16:56:15
500119089,24,17,7,2024-12-19 15:54:15
500109001,24,16,8,2024-12-19 13:44:15
500101035,24,15,9,2024-12-19 15:25:15
500110038,24,15,9,2024-12-19 15:29:15
500112014,24,15,9,2024-12-19 15:54:15
500106098,24,12,10,2024-12-19 15:05:16
500101019,24,13,11,2024-12-19 16:48:16
500109093,24,13,11,2024-12-19 15:04:15
500107089,24,11,12,2024-12-19 16:54:16
500108118,24,9,12,2024-12-19 16:07:15
500109093,24,12,12,2024-12-19 16:54:16
500119089,24,12,12,2024-12-19 17:18:16
500101035,24,11,13,2024-12-19 16:45:17
500110031,24,11,13,2024-12-19 14:16:16
500111031,24,11,13,2024-12-19 16:43:14
500112089,24,8,13,2024-12-19 16:48:16
500107089,24,9,14,2024-12-19 13:52:15
500101185,24,9,15,2024-12-19 16:43:15
500105049,24,9,15,2024-12-19 16:57:16
500107048,24,9,15,2024-12-19 16:13:15
500107048,24,8,16,2024-12-19 17:08:16
500101185,24,7,17,2024-12-19 15:15:16
500109049,24,7,17,2024-12-19 13:54:15
500109049,24,7,17,2024-12-19 15:13:16
500101102,24,6,18,2024-12-19 16:12:15
500101102,24,6,18,2024-12-19 15:27:15
500101141,24,6,18,2024-12-19 14:24:14
500111068,24,6,18,2024-12-19 17:05:17
500101216,24,5,19,2024-12-19 17:17:16
500113079,24,4,19,2024-12-19 15:39:15
500101102,24,2,22,2024-12-19 13:39:16
500101216,24,2,22,2024-12-19 16:17:15
500101216,24,2,22,2024-12-19 15:14:15
500110089,24,2,22,2024-12-19 16:10:16
500112089,24,4,17,2024-12-19 21:44:15
500101185,24,16,8,2024-12-19 21:49:14
500101035,24,24,0,2024-12-19 08:56:16
500101102,24,23,0,2024-12-19 05:48:15
500107089,24,23,0,2024-12-19 08:52:15
500112089,24,21,0,2024-12-19 08:55:16
500101035,24,22,2,2024-12-19 08:16:14
500106039,24,22,2,2024-12-19 08:50:16
500110089,24,20,2,2024-12-19 05:37:15
500113025,24,22,2,2024-12-19 08:17:15
500113025,24,22,2,2024-12-19 05:49:15
500101102,24,19,4,2024-12-19 06:24:15
500106039,24,20,4,2024-12-19 07:37:15
500101141,24,19,5,2024-12-19 06:27:15
500107048,24,18,5,2024-12-19 06:02:14
500110086,24,19,5,2024-12-19 08:55:15
500113025,24,18,6,2024-12-19 06:39:15
500109049,24,17,7,2024-12-19 07:26:14
500113025,24,17,7,2024-12-19 07:16:15
500113079,24,11,7,2024-12-19 06:10:16
500101173,24,15,9,2024-12-19 07:57:16
500104005,24,15,9,2024-12-19 07:46:15
500106039,24,15,9,2024-12-19 07:27:15
500109001,24,15,9,2024-12-19 05:37:15
500110031,24,15,9,2024-12-19 08:27:16
500101212,24,14,10,2024-12-19 07:16:14
500108051,24,12,10,2024-12-19 07:01:14
500108189,24,14,10,2024-12-19 07:13:15
500111068,24,14,10,2024-12-19 06:43:15
500113079,24,8,10,2024-12-19 07:47:15
500101185,24,13,11,2024-12-19 07:27:15
500111031,24,13,11,2024-12-19 08:01:15
500101185,24,12,12,2024-12-19 08:03:15
500107078,24,11,12,2024-12-19 05:48:14
500107078,24,11,12,2024-12-19 06:21:15
500113049,24,11,12,2024-12-19 04:55:16
500101102,24,10,13,2024-12-19 08:12:15
500104005,24,11,13,2024-12-19 07:15:17
500104064,24,11,13,2024-12-19 05:46:14
500107078,24,10,13,2024-12-19 06:37:15
500109001,24,11,13,2024-12-19 08:02:15
500110004,24,10,13,2024-12-19 07:14:15
500111074,24,9,13,2024-12-19 08:03:15
500113049,24,10,13,2024-12-19 07:20:16
500104064,24,10,14,2024-12-19 07:15:17
500105049,24,9,14,2024-12-19 08:01:15
500110031,24,10,14,2024-12-19 08:16:15
500110086,24,10,14,2024-12-19 07:53:16
500113010,24,10,14,2024-12-19 07:33:15
500109001,24,9,15,2024-12-19 08:45:16
500109001,24,9,15,2024-12-19 06:47:15
500110086,24,9,15,2024-12-19 07:46:15
500111074,24,7,15,2024-12-19 07:20:16
500113078,24,9,15,2024-12-19 05:38:14
500101173,24,3,16,2024-12-19 06:37:15
500106098,24,6,16,2024-12-19 06:13:14
500113010,24,8,16,2024-12-19 05:00:16
500103013,24,5,17,2024-12-19 08:27:16
500104005,24,7,17,2024-12-19 06:53:14
500104058,24,7,17,2024-12-19 07:17:14
500107048,24,6,17,2024-12-19 07:23:15
500113079,24,1,17,2024-12-19 07:16:15
500103013,24,4,18,2024-12-19 05:27:15
500113078,24,6,18,2024-12-19 07:36:15
500101019,24,4,20,2024-12-19 07:47:15
500103013,24,2,20,2024-12-19 06:42:14
500103013,24,2,20,2024-12-19 06:08:14
500111051,24,4,20,2024-12-19 07:55:17
500101141,24,2,22,2024-12-19 08:02:15
500101173,24,2,22,2024-12-19 08:37:15
500107048,24,0,23,2024-12-19 08:36:15
500111068,24,1,23,2024-12-19 08:16:14
500112014,24,1,23,2024-12-19 08:25:16
500119089,24,0,24,2024-12-19 07:57:16
500109049,24,19,5,2024-12-19 00:35:16
500101212,24,5,19,2024-12-19 23:34:14
500101141,24,10,14,2024-12-19 23:36:15
500107078,24,11,13,2024-12-19 23:41:15
500110086,24,16,8,2024-12-19 00:17:15
500104064,24,9,15,2024-12-19 22:31:16
500101216,24,12,12,2024-12-19 23:55:16
500101035,24,0,24,2024-12-19 00:07:15
500111074,24,12,12,2024-12-19 01:07:15
500108051,24,14,9,2024-12-19 00:15:16
500101185,24,18,6,2024-12-19 01:13:15
500113025,24,18,6,2024-12-19 01:05:16
500111031,24,22,2,2024-12-19 01:08:16
500101102,24,11,13,2024-12-19 22:26:15
500104005,24,14,10,2024-12-19 23:10:16
500106098,24,16,6,2024-12-19 23:04:15
500107089,24,1,22,2024-12-19 22:36:14
500105049,24,20,4,2024-12-19 22:09:15
500108189,24,2,22,2024-12-19 21:31:15
500108051,24,14,9,2024-12-19 21:14:15
500109001,24,15,8,2024-12-19 21:29:15
500101019,24,4,20,2024-12-19 02:53:15
500111074,24,13,11,2024-12-19 01:32:14
500113078,24,13,11,2024-12-19 03:01:16
500112089,24,17,4,2024-12-19 02:45:16
500112014,24,15,9,2024-12-19 04:24:15
500101173,24,1,23,2024-12-19 22:08:15
500106039,24,1,23,2024-12-19 22:09:15
500107042,24,8,16,2024-12-19 22:00:16
500110004,24,6,16,2024-12-19 21:56:15
500107042,24,9,15,2024-12-19 21:40:15
500109093,24,15,9,2024-12-19 21:52:14
500113049,24,4,19,2024-12-19 01:39:15
500101019,24,16,8,2024-12-19 04:29:15
500107089,24,1,22,2024-12-19 22:13:15
500119089,24,6,18,2024-12-19 22:22:15
500107078,24,9,15,2024-12-19 22:26:15
500107048,24,13,7,2024-12-19 22:23:15
500101185,24,21,3,2024-12-19 23:20:15
500106039,24,24,0,2024-12-19 10:44:16
500101035,24,23,1,2024-12-19 09:32:15
500101173,24,12,1,2024-12-19 12:28:15
500110086,24,23,1,2024-12-19 10:36:14
500101173,24,10,3,2024-12-19 11:36:15
500101173,24,10,3,2024-12-19 11:28:16
500112089,24,18,3,2024-12-19 10:07:16
500119089,24,21,3,2024-12-19 09:56:16
500119089,24,20,4,2024-12-19 09:45:15
500101035,24,18,6,2024-12-19 12:55:15
500111074,24,16,6,2024-12-19 12:17:16
500106039,24,17,7,2024-12-19 12:33:15
500113049,24,14,9,2024-12-19 12:40:16
500104005,24,13,10,2024-12-19 11:38:15
500106098,24,12,10,2024-12-19 10:47:16
500101019,24,13,11,2024-12-19 10:23:15
500101212,24,13,11,2024-12-19 11:53:16
500110031,24,13,11,2024-12-19 09:23:15
500101019,24,12,12,2024-12-19 10:16:15
500109049,24,12,12,2024-12-19 11:07:16
500110089,24,10,12,2024-12-19 09:09:15
500112014,24,12,12,2024-12-19 09:58:15
500106098,24,9,13,2024-12-19 12:08:15
500106098,24,9,13,2024-12-19 10:07:15
500109049,24,11,13,2024-12-19 11:41:15
500101019,24,10,14,2024-12-19 10:07:16
500110031,24,9,15,2024-12-19 11:41:15
500110089,24,7,15,2024-12-19 10:30:16
500107089,24,7,16,2024-12-19 11:35:16
500113078,24,8,16,2024-12-19 11:15:15
500103013,24,7,17,2024-12-19 12:41:15
500107048,24,7,17,2024-12-19 11:27:15
500110004,24,6,17,2024-12-19 12:02:16
500110004,24,6,17,2024-12-19 10:44:16
500111031,24,7,17,2024-12-19 12:16:15
500111051,24,7,17,2024-12-19 12:54:15
500111051,24,7,17,2024-12-19 10:17:16
500113049,24,6,17,2024-12-19 09:25:16
500113078,24,7,17,2024-12-19 09:28:15
500113078,24,7,17,2024-12-19 10:39:16
500105049,24,5,18,2024-12-19 09:37:15
500109001,24,6,18,2024-12-19 09:14:15
500107048,24,5,19,2024-12-19 11:52:15
500111051,24,5,19,2024-12-19 09:35:16
500101173,24,4,20,2024-12-19 09:46:16
500101216,24,3,20,2024-12-19 12:44:15
500107078,24,3,20,2024-12-19 11:35:17
500113079,24,3,20,2024-12-19 11:18:16
500101216,24,2,21,2024-12-19 09:40:16
500104058,24,3,21,2024-12-19 11:42:16
500107078,24,2,21,2024-12-19 11:18:16
500113079,24,2,21,2024-12-19 09:59:16
500101141,24,2,22,2024-12-19 11:09:15
500107078,24,0,23,2024-12-19 09:36:15
500107078,24,0,23,2024-12-19 12:17:15
500107078,24,0,23,2024-12-19 11:07:16
500112014,24,1,23,2024-12-19 09:06:15
500107078,24,12,12,2024-12-19 04:11:15
500111051,24,23,1,2024-12-19 19:48:16
500113049,24,19,4,2024-12-19 18:06:15
500101141,24,19,5,2024-12-19 20:29:14
500101216,24,19,5,2024-12-19 20:37:16
500111068,24,19,5,2024-12-19 18:18:16
500101019,24,18,6,2024-12-19 17:27:16
500101185,24,18,6,2024-12-19 18:46:15
500110089,24,18,6,2024-12-19 19:49:15
500110089,24,18,6,2024-12-19 20:55:17
500113049,24,17,6,2024-12-19 21:09:15
500113049,24,17,6,2024-12-19 18:38:16
500101019,24,17,7,2024-12-19 18:17:15
500101185,24,17,7,2024-12-19 17:22:16
500101212,24,17,7,2024-12-19 20:26:16
500110086,24,17,7,2024-12-19 17:31:15
500111031,24,17,7,2024-12-19 18:35:16
500113049,24,16,7,2024-12-19 19:19:15
500101173,24,15,8,2024-12-19 19:07:15
500106098,24,14,8,2024-12-19 18:57:15
500101185,24,15,9,2024-12-19 18:58:16
500103013,24,15,9,2024-12-19 19:58:15
500106098,24,13,9,2024-12-19 18:48:16
500107048,24,15,9,2024-12-19 18:37:15
500109001,24,14,9,2024-12-19 21:02:15
500111031,24,15,9,2024-12-19 18:14:14
500113079,24,14,9,2024-12-19 18:35:16
500101212,24,14,10,2024-12-19 18:07:16
500103013,24,14,10,2024-12-19 19:49:15
500107042,24,14,10,2024-12-19 19:36:15
500109001,24,13,10,2024-12-19 21:10:16
500111031,24,14,10,2024-12-19 20:05:16
500101185,24,13,11,2024-12-19 20:29:15
500110004,24,13,11,2024-12-19 17:21:15
500110086,24,13,11,2024-12-19 19:27:15
500111074,24,13,11,2024-12-19 17:48:14
500111074,24,13,11,2024-12-19 18:48:15
500101212,24,11,13,2024-12-19 19:29:15
500105049,24,11,13,2024-12-19 17:59:15
500106039,24,11,13,2024-12-19 17:56:16
500109049,24,11,13,2024-12-19 19:06:16
500109049,24,11,13,2024-12-19 18:16:16
500111068,24,11,13,2024-12-19 17:34:15
500101019,24,10,14,2024-12-19 21:12:15
500101035,24,10,14,2024-12-19 20:43:15
500109049,24,10,14,2024-12-19 19:48:15
500109049,24,10,14,2024-12-19 19:17:15
500101212,24,9,15,2024-12-19 19:48:14
500110089,24,9,15,2024-12-19 18:38:16
500101212,24,8,16,2024-12-19 21:18:15
500112014,24,8,16,2024-12-19 20:51:16
500113025,24,8,16,2024-12-19 19:14:15
500104058,24,7,17,2024-12-19 19:03:15
500108189,24,7,17,2024-12-19 17:46:15
500110038,24,7,17,2024-12-19 19:18:15
500112014,24,7,17,2024-12-19 20:08:15
500101216,24,6,18,2024-12-19 18:06:15
500107078,24,6,18,2024-12-19 18:48:15
500107089,24,5,18,2024-12-19 17:28:15
500112089,24,3,18,2024-12-19 20:46:16
500101035,24,5,19,2024-12-19 18:48:15
500107078,24,5,19,2024-12-19 18:51:16
500110038,24,5,19,2024-12-19 19:07:15
500101102,24,4,20,2024-12-19 18:55:17
500107089,24,3,20,2024-12-19 18:46:15
500101102,24,3,21,2024-12-19 18:34:15
500107089,24,2,21,2024-12-19 17:38:16
500112089,24,0,21,2024-12-19 19:52:16
500106039,24,2,22,2024-12-19 18:38:16
500112014,24,2,22,2024-12-19 19:27:15
500106039,24,1,23,2024-12-19 20:13:15
500107042,24,1,23,2024-12-19 19:23:16
500107042,24,1,23,2024-12-19 18:35:17
500119089,24,1,23,2024-12-19 19:26:14
500101035,24,0,24,2024-12-19 17:28:16
500107042,24,0,24,2024-12-19 18:59:16
500107042,24,0,24,2024-12-19 18:18:16
500107078,24,0,24,2024-12-19 21:09:15
500110089,24,0,24,2024-12-19 17:48:15
500101141,24,21,3,2024-12-19 16:55:17
500101212,24,19,5,2024-12-19 14:07:15
500108189,24,18,6,2024-12-19 14:13:15
500113049,24,17,6,2024-12-19 13:31:15
500101035,24,17,7,2024-12-19 16:26:15
500101035,24,17,7,2024-12-19 14:36:16
500112089,24,14,7,2024-12-19 13:28:15
500110038,24,16,8,2024-12-19 16:21:15
500113025,24,16,8,2024-12-19 14:15:16
500101019,24,15,9,2024-12-19 17:06:16
500101035,24,15,9,2024-12-19 13:25:16
500101212,24,15,9,2024-12-19 17:05:17
500111074,24,15,9,2024-12-19 15:04:15
500113025,24,15,9,2024-12-19 17:18:16
500113049,24,14,9,2024-12-19 17:08:16
500113049,24,14,9,2024-12-19 15:36:15
500101173,24,14,10,2024-12-19 17:08:16
500106039,24,14,10,2024-12-19 17:07:15
500119089,24,14,10,2024-12-19 15:46:16
500110004,24,13,11,2024-12-19 16:49:15
500112089,24,10,11,2024-12-19 16:50:17
500101019,24,12,12,2024-12-19 15:11:15
500106098,24,10,12,2024-12-19 14:23:15
500107042,24,12,12,2024-12-19 17:04:15
500110031,24,12,12,2024-12-19 14:07:15
500113049,24,11,12,2024-12-19 15:05:16
500101141,24,11,13,2024-12-19 15:36:15
500106098,24,7,15,2024-12-19 16:23:15
500110004,24,8,15,2024-12-19 13:39:15
500101141,24,8,16,2024-12-19 14:58:15
500101185,24,8,16,2024-12-19 15:35:16
500108118,24,5,16,2024-12-19 16:20:17
500101185,24,7,17,2024-12-19 15:42:15
500111068,24,7,17,2024-12-19 15:07:15
500101141,24,6,18,2024-12-19 13:36:16
500107078,24,5,18,2024-12-19 15:58:15
500107078,24,5,18,2024-12-19 13:38:16
500107089,24,5,18,2024-12-19 15:06:14
500107048,24,5,19,2024-12-19 13:50:16
500107048,24,5,19,2024-12-19 15:07:15
500107078,24,4,19,2024-12-19 14:50:16
500113079,24,4,19,2024-12-19 14:44:15
500101185,24,4,20,2024-12-19 14:03:16
500101216,24,3,21,2024-12-19 15:28:14
500110089,24,3,21,2024-12-19 16:38:15
500110089,24,3,21,2024-12-19 16:51:16
500101102,24,2,22,2024-12-19 14:02:14
500101102,24,1,23,2024-12-19 13:16:16
500101216,24,0,23,2024-12-19 13:41:16
500107078,24,1,23,2024-12-19 17:05:17
500112004,24,1,23,2024-12-19 16:12:16
500112004,24,0,24,2024-12-19 15:47:15
500101212,24,1,23,2024-12-19 21:44:15
500106039,24,2,22,2024-12-19 21:49:15
500113049,24,11,12,2024-12-19 21:40:16
500101141,24,12,12,2024-12-19 21:48:16
500119089,24,12,12,2024-12-19 21:46:15
500110086,24,13,10,2024-12-19 21:45:15
500106039,24,22,2,2024-12-19 07:57:16
500110089,24,20,2,2024-12-19 07:45:16
500109093,24,20,4,2024-12-19 08:35:16
500109093,24,18,6,2024-12-19 07:17:14
500110086,24,18,6,2024-12-19 04:53:14
500105049,24,16,7,2024-12-19 06:49:14
500111031,24,17,7,2024-12-19 07:26:15
500101102,24,15,8,2024-12-19 06:49:15
500101185,24,16,8,2024-12-19 06:47:15
500109093,24,16,8,2024-12-19 08:47:15
500110038,24,16,8,2024-12-19 06:42:15
500113079,24,15,8,2024-12-19 08:03:15
500110038,24,15,9,2024-12-19 07:25:15
500112014,24,14,10,2024-12-19 06:53:15
500110086,24,13,11,2024-12-19 08:43:15
500111068,24,13,11,2024-12-19 06:55:16
500112004,24,13,11,2024-12-19 07:26:15
500113049,24,12,11,2024-12-19 06:17:14
500104064,24,12,12,2024-12-19 06:35:15
500110004,24,11,12,2024-12-19 07:24:15
500113049,24,11,12,2024-12-19 07:34:15
500107078,24,10,13,2024-12-19 05:50:15
500113049,24,10,13,2024-12-19 07:17:14
500111074,24,8,14,2024-12-19 07:55:17
500101019,24,9,15,2024-12-19 07:17:14
500107078,24,7,16,2024-12-19 08:36:15
500110031,24,8,16,2024-12-19 08:01:14
500110031,24,8,16,2024-12-19 05:50:15
500111074,24,6,16,2024-12-19 08:08:16
500101019,24,7,17,2024-12-19 08:57:15
500101141,24,7,17,2024-12-19 07:27:14
500113049,24,6,17,2024-12-19 08:25:16
500101216,24,5,18,2024-12-19 08:56:16
500101019,24,5,19,2024-12-19 08:47:15
500101035,24,5,19,2024-12-19 06:25:15
500101035,24,5,19,2024-12-19 07:25:15
500101173,24,5,19,2024-12-19 07:34:14
500101216,24,4,19,2024-12-19 07:17:14
500110031,24,5,19,2024-12-19 05:24:14
500110038,24,5,19,2024-12-19 08:44:16
500110038,24,4,20,2024-12-19 08:17:15
500101019,24,3,21,2024-12-19 07:54:15
500101102,24,3,21,2024-12-19 08:56:16
500103013,24,1,21,2024-12-19 06:34:15
500101141,24,1,23,2024-12-19 08:47:15
500111068,24,1,23,2024-12-19 07:58:15
500113025,24,19,5,2024-12-19 00:46:15
500107078,24,12,12,2024-12-19 00:07:15
500108051,24,14,9,2024-12-19 00:02:15
500108189,24,2,22,2024-12-19 00:07:15
500113025,24,24,0,2024-12-19 00:07:15
500113025,24,16,8,2024-12-19 00:49:15
500104005,24,4,20,2024-12-19 23:44:15
500108189,24,0,24,2024-12-19 22:10:19
500106098,24,15,7,2024-12-19 23:47:14
500105049,24,17,7,2024-12-19 00:03:15
500110038,24,21,3,2024-12-19 00:56:14
500109093,24,22,2,2024-12-19 00:37:15
500112014,24,0,24,2024-12-19 22:33:15
500108118,24,3,18,2024-12-19 20:46:16
500110031,24,7,17,2024-12-19 21:12:15
500101141,24,14,10,2024-12-19 21:39:15
500113079,24,16,5,2024-12-19 21:32:15
500111051,24,20,4,2024-12-19 21:39:15
500104064,24,11,13,2024-12-19 01:30:16
500107089,24,1,22,2024-12-19 04:09:17
500101212,24,1,23,2024-12-19 04:08:16
500112089,24,16,5,2024-12-19 03:09:15
500101185,24,18,6,2024-12-19 03:53:15
500108189,24,0,24,2024-12-19 22:08:15
500112014,24,1,23,2024-12-19 22:07:16
500107089,24,2,21,2024-12-19 22:03:14
500107078,24,6,18,2024-12-19 22:06:15
500113079,24,14,7,2024-12-19 22:09:15
500101019,24,3,21,2024-12-19 01:21:15
500119089,24,13,11,2024-12-19 01:19:15
500110089,24,20,4,2024-12-19 21:56:15
500113049,24,13,10,2024-12-19 03:41:15
500107078,24,13,11,2024-12-19 03:31:14
500113078,24,12,12,2024-12-19 03:25:15
500107078,24,14,10,2024-12-19 03:20:15
500113049,24,16,7,2024-12-19 03:19:15
500113049,24,8,15,2024-12-19 23:50:15
500107078,24,14,10,2024-12-19 02:11:15
500106098,24,0,22,2024-12-19 22:43:15
500106039,24,1,23,2024-12-19 22:48:15
500110038,24,23,1,2024-12-19 04:31:15
500103013,24,8,15,2024-12-19 23:03:14
500101019,24,7,17,2024-12-19 22:18:15
500110038,24,11,13,2024-12-19 22:16:15
500113049,24,9,14,2024-12-19 22:55:16
500101019,24,10,14,2024-12-19 22:57:15
500101141,24,11,13,2024-12-19 22:57:15
500113025,24,17,7,2024-12-19 01:53:15
500111051,24,20,4,2024-12-19 23:32:14
500112089,24,21,0,2024-12-19 11:37:15
500101035,24,22,2,2024-12-19 09:06:15
500101035,24,22,2,2024-12-19 09:08:16
500112089,24,19,2,2024-12-19 11:25:15
500107089,24,20,3,2024-12-19 09:55:16
500112089,24,18,3,2024-12-19 11:08:15
500119089,24,21,3,2024-12-19 10:26:14
500101173,24,9,4,2024-12-19 11:06:15
500106039,24,20,4,2024-12-19 11:46:15
500107089,24,19,4,2024-12-19 10:26:14
500108189,24,20,4,2024-12-19 09:19:15
500113049,24,18,5,2024-12-19 13:04:15
500101035,24,18,6,2024-12-19 12:46:15
500101173,24,7,6,2024-12-19 11:14:15
500101019,24,16,8,2024-12-19 11:37:15
500109093,24,16,8,2024-12-19 12:00:18
500113025,24,16,8,2024-12-19 11:33:16
500119089,24,16,8,2024-12-19 09:08:15
500108051,24,13,9,2024-12-19 09:44:15
500113025,24,15,9,2024-12-19 12:39:15
500108051,24,12,10,2024-12-19 09:24:15
500106098,24,11,11,2024-12-19 11:18:15
500110031,24,12,12,2024-12-19 13:01:15
500110089,24,9,13,2024-12-19 12:24:16
500111031,24,10,14,2024-12-19 09:57:15
500113049,24,9,14,2024-12-19 11:58:16
500101212,24,9,15,2024-12-19 10:17:16
500103013,24,9,15,2024-12-19 11:08:15
500104005,24,7,15,2024-12-19 13:00:16
500104064,24,9,15,2024-12-19 08:27:16
500107042,24,9,15,2024-12-19 11:26:14
500107089,24,8,15,2024-12-19 11:56:16
500104005,24,6,16,2024-12-19 12:57:14
500110004,24,7,16,2024-12-19 11:07:16
500104064,24,7,17,2024-12-19 09:45:15
500105049,24,6,17,2024-12-19 09:09:15
500109049,24,7,17,2024-12-19 12:20:15
500110038,24,7,17,2024-12-19 09:54:15
500113049,24,6,17,2024-12-19 10:38:15
500113079,24,6,17,2024-12-19 11:46:14
500101185,24,6,18,2024-12-19 12:19:16
500104064,24,6,18,2024-12-19 10:16:15
500113049,24,5,18,2024-12-19 09:03:14
500109049,24,5,19,2024-12-19 13:07:15
500110004,24,4,19,2024-12-19 11:36:15
500111051,24,5,19,2024-12-19 09:54:15
500101216,24,3,20,2024-12-19 09:35:16
500104058,24,4,20,2024-12-19 11:57:16
500104058,24,4,20,2024-12-19 07:59:15
500113079,24,3,20,2024-12-19 10:15:16
500101102,24,3,21,2024-12-19 09:34:15
500101141,24,3,21,2024-12-19 11:50:16
500101185,24,3,21,2024-12-19 11:06:15
500104058,24,3,21,2024-12-19 09:35:16
500107078,24,2,21,2024-12-19 10:44:16
500111031,24,3,21,2024-12-19 09:06:15
500111068,24,3,21,2024-12-19 12:33:15
500111068,24,3,21,2024-12-19 10:13:16
500101141,24,2,22,2024-12-19 09:08:15
500101141,24,2,22,2024-12-19 10:06:14
500101141,24,2,22,2024-12-19 10:21:15
500107078,24,1,22,2024-12-19 09:04:16
500111068,24,2,22,2024-12-19 12:04:16
500112004,24,2,22,2024-12-19 12:27:14
500101141,24,1,23,2024-12-19 10:11:15
500107078,24,0,23,2024-12-19 12:07:16
500101185,24,0,24,2024-12-19 09:23:15
500101141,24,24,0,2024-12-19 19:38:16
500111068,24,24,0,2024-12-19 19:00:20
500101141,24,23,1,2024-12-19 17:57:15
500101141,24,23,1,2024-12-19 19:21:16
500101141,24,21,3,2024-12-19 20:09:15
500110038,24,20,4,2024-12-19 17:46:15
500101173,24,19,5,2024-12-19 18:38:15
500110038,24,19,5,2024-12-19 18:04:16
500113049,24,18,5,2024-12-19 17:59:15
500113049,24,18,5,2024-12-19 19:04:15
500101212,24,18,6,2024-12-19 18:35:16
500113049,24,17,6,2024-12-19 17:25:16
500105049,24,17,7,2024-12-19 20:15:16
500108189,24,17,7,2024-12-19 18:37:15
500110086,24,16,7,2024-12-19 21:18:15
500101173,24,15,8,2024-12-19 18:57:15
500111074,24,16,8,2024-12-19 17:28:15
500112089,24,13,8,2024-12-19 17:22:16
500113079,24,13,8,2024-12-19 21:15:16
500107048,24,14,10,2024-12-19 18:43:15
500111074,24,14,10,2024-12-19 20:05:16
500113049,24,13,10,2024-12-19 19:38:15
500113079,24,11,10,2024-12-19 20:20:16
500101173,24,13,11,2024-12-19 18:47:15
500106039,24,13,11,2024-12-19 17:23:15
500106098,24,11,11,2024-12-19 19:31:15
500107042,24,13,11,2024-12-19 19:43:15
500108051,24,12,11,2024-12-19 18:29:16
500110004,24,13,11,2024-12-19 17:35:16
500112014,24,13,11,2024-12-19 18:48:15
500113079,24,12,11,2024-12-19 17:22:15
500105049,24,12,12,2024-12-19 18:11:16
500106098,24,10,12,2024-12-19 19:54:15
500109049,24,12,12,2024-12-19 19:34:15
500113025,24,12,12,2024-12-19 21:12:15
500113049,24,11,12,2024-12-19 20:39:16
500101019,24,10,14,2024-12-19 20:09:15
500101212,24,10,14,2024-12-19 19:59:15
500106098,24,8,14,2024-12-19 20:12:15
500113049,24,9,14,2024-12-19 20:08:15
500104005,24,9,15,2024-12-19 20:47:15
500104005,24,9,15,2024-12-19 21:18:15
500104005,24,8,16,2024-12-19 20:24:15
500111068,24,8,16,2024-12-19 17:24:16
500107042,24,7,17,2024-12-19 17:25:16
500110038,24,7,17,2024-12-19 21:05:16
500112014,24,7,17,2024-12-19 20:32:14
500112014,24,6,18,2024-12-19 20:29:14
500104064,24,5,19,2024-12-19 18:47:16
500108189,24,5,19,2024-12-19 17:54:15
500112089,24,2,19,2024-12-19 20:38:15
500104005,24,2,20,2024-12-19 17:27:16
500101102,24,3,21,2024-12-19 20:06:15
500101102,24,3,21,2024-12-19 18:48:15
500106039,24,3,21,2024-12-19 21:03:15
500106039,24,3,21,2024-12-19 18:48:16
500107078,24,3,21,2024-12-19 19:49:15
500107089,24,2,21,2024-12-19 20:11:16
500107089,24,2,21,2024-12-19 20:41:15
500106098,24,0,22,2024-12-19 18:36:16
500107078,24,2,22,2024-12-19 20:52:15
500107078,24,1,23,2024-12-19 19:26:15
500119089,24,1,23,2024-12-19 20:39:16
500119089,24,1,23,2024-12-19 18:46:15
500110089,24,0,24,2024-12-19 17:36:16
500119089,24,23,1,2024-12-19 13:28:15
500110038,24,21,3,2024-12-19 16:58:15
500119089,24,21,3,2024-12-19 14:58:15
500101035,24,20,4,2024-12-19 15:06:15
500101035,24,19,5,2024-12-19 14:28:15
500110086,24,19,5,2024-12-19 13:14:15
500119089,24,19,5,2024-12-19 17:08:16
500101141,24,18,6,2024-12-19 16:36:15
500101212,24,18,6,2024-12-19 16:48:16
500101173,24,11,7,2024-12-19 14:57:15
500112089,24,14,7,2024-12-19 15:42:15
500113049,24,16,7,2024-12-19 13:25:15
500113049,24,15,8,2024-12-19 16:52:15
500119089,24,16,8,2024-12-19 15:34:14
500107042,24,15,9,2024-12-19 16:57:15
500112014,24,15,9,2024-12-19 16:44:15
500113025,24,15,9,2024-12-19 13:57:15
500119089,24,15,9,2024-12-19 16:38:15
500101019,24,14,10,2024-12-19 15:56:15
500101019,24,14,10,2024-12-19 14:25:16
500101035,24,14,10,2024-12-19 16:38:15
500106039,24,14,10,2024-12-19 16:46:15
500107089,24,13,10,2024-12-19 16:17:15
500101019,24,13,11,2024-12-19 14:56:15
500106039,24,13,11,2024-12-19 16:55:17
500101019,24,12,12,2024-12-19 16:24:15
500108189,24,12,12,2024-12-19 16:54:16
500110004,24,12,12,2024-12-19 16:21:14
500112014,24,12,12,2024-12-19 14:39:16
500112089,24,9,12,2024-12-19 17:12:16
500101019,24,11,13,2024-12-19 16:16:15
500101019,24,11,13,2024-12-19 13:31:15
500108051,24,9,13,2024-12-19 15:52:15
500106098,24,8,14,2024-12-19 17:03:16
500107042,24,10,14,2024-12-19 17:16:16
500111031,24,10,14,2024-12-19 15:00:17
500106098,24,7,15,2024-12-19 17:16:16
500107048,24,9,15,2024-12-19 17:17:16
500107089,24,8,15,2024-12-19 13:43:15
500108118,24,6,15,2024-12-19 16:14:15
500103013,24,8,16,2024-12-19 17:18:16
500104005,24,6,16,2024-12-19 16:59:15
500101185,24,7,17,2024-12-19 15:26:15
500111068,24,7,17,2024-12-19 16:14:15
500107048,24,6,18,2024-12-19 16:32:15
500101216,24,3,21,2024-12-19 16:42:15
500110089,24,1,21,2024-12-19 13:45:16
500112004,24,3,21,2024-12-19 17:14:16
500101216,24,0,24,2024-12-19 14:23:16
500107078,24,0,24,2024-12-19 17:18:16
500101035,24,0,24,2024-12-19 21:41:15
500104005,24,9,15,2024-12-19 21:49:15
500101102,24,12,12,2024-12-19 21:47:15
500110089,24,18,6,2024-12-19 21:46:15
500106039,24,23,1,2024-12-19 08:47:15
500101102,24,21,2,2024-12-19 05:57:15
500110038,24,22,2,2024-12-19 05:02:15
500110089,24,20,2,2024-12-19 07:35:16
500113025,24,21,3,2024-12-19 06:17:14
500106098,24,18,4,2024-12-19 08:15:15
500109049,24,20,4,2024-12-19 07:16:15
500108189,24,19,5,2024-12-19 08:24:15
500113025,24,19,5,2024-12-19 06:32:15
500107089,24,17,6,2024-12-19 08:16:15
500112089,24,15,6,2024-12-19 06:47:15
500107048,24,16,7,2024-12-19 06:32:15
500101102,24,15,8,2024-12-19 07:27:15
500101212,24,16,8,2024-12-19 08:35:16
500110004,24,15,8,2024-12-19 08:34:15
500110089,24,14,8,2024-12-19 08:47:15
500111031,24,16,8,2024-12-19 07:29:15
500112014,24,16,8,2024-12-19 06:43:15
500108189,24,15,9,2024-12-19 07:21:15
500109049,24,15,9,2024-12-19 08:28:15
500110004,24,14,9,2024-12-19 06:25:15
500111068,24,15,9,2024-12-19 06:37:15
500108118,24,11,10,2024-12-19 08:16:15
500110004,24,13,10,2024-12-19 06:29:14
500110004,24,13,10,2024-12-19 06:42:15
500112014,24,14,10,2024-12-19 07:27:15
500107089,24,12,11,2024-12-19 07:56:15
500110004,24,12,11,2024-12-19 08:16:15
500113079,24,12,11,2024-12-19 08:35:16
500107042,24,12,12,2024-12-19 05:36:15
500110004,24,11,12,2024-12-19 08:03:15
500110038,24,12,12,2024-12-19 07:57:16
500110086,24,12,12,2024-12-19 08:03:15
500112004,24,12,12,2024-12-19 07:28:15
500112004,24,12,12,2024-12-19 07:44:15
500111074,24,9,13,2024-12-19 06:52:15
500113049,24,10,13,2024-12-19 07:39:15
500104005,24,10,14,2024-12-19 07:37:15
500110031,24,10,14,2024-12-19 07:24:15
500103013,24,7,15,2024-12-19 08:16:14
500110031,24,9,15,2024-12-19 07:49:16
500101212,24,8,16,2024-12-19 06:33:15
500113078,24,8,16,2024-12-19 06:53:14
500101019,24,7,17,2024-12-19 07:26:15
500101185,24,7,17,2024-12-19 08:17:15
500104005,24,7,17,2024-12-19 06:36:14
500106098,24,5,17,2024-12-19 07:46:15
500113078,24,7,17,2024-12-19 07:56:15
500101141,24,6,18,2024-12-19 07:47:15
500106098,24,4,18,2024-12-19 05:47:15
500107048,24,5,18,2024-12-19 08:01:15
500107089,24,5,18,2024-12-19 06:47:15
500101141,24,5,19,2024-12-19 07:37:15
500107042,24,5,19,2024-12-19 08:27:16
500103013,24,2,20,2024-12-19 07:57:15
500101216,24,2,21,2024-12-19 06:04:14
500107048,24,2,21,2024-12-19 08:25:16
500107078,24,2,21,2024-12-19 08:56:15
500111051,24,3,21,2024-12-19 08:35:16
500101035,24,2,22,2024-12-19 07:16:15
500101141,24,1,23,2024-12-19 08:37:15
500101019,24,7,17,2024-12-19 00:47:15
500101212,24,0,24,2024-12-19 00:24:16
500101212,24,1,23,2024-12-19 00:41:15
500109049,24,18,6,2024-12-19 00:04:16
500110004,24,16,8,2024-12-19 00:01:14
500110038,24,18,6,2024-12-19 00:12:15
500111051,24,11,13,2024-12-19 00:20:15
500111074,24,11,13,2024-12-19 00:32:15
500119089,24,15,9,2024-12-19 00:09:14
500101019,24,9,15,2024-12-19 00:03:15
500108118,24,4,17,2024-12-19 22:18:14
500110031,24,6,18,2024-12-19 22:11:15
500113010,24,12,12,2024-12-19 21:13:16
500101185,24,19,5,2024-12-19 23:48:14
500103013,24,9,15,2024-12-19 22:04:15
500101141,24,12,12,2024-12-19 22:36:14
500110038,24,12,12,2024-12-19 22:39:15
500101035,24,0,24,2024-12-19 21:39:15
500112089,24,3,18,2024-12-19 21:31:15
500110038,24,6,18,2024-12-19 21:33:16
500104005,24,8,16,2024-12-19 21:29:15
500110089,24,18,6,2024-12-19 21:31:15
500109093,24,24,0,2024-12-19 01:43:15
500103013,24,3,19,2024-12-19 04:25:15
500101035,24,5,19,2024-12-19 03:27:15
500107048,24,22,1,2024-12-19 03:43:14
500101185,24,15,9,2024-12-19 22:06:15
500101212,24,1,23,2024-12-19 21:59:15
500112014,24,1,23,2024-12-19 21:57:15
500101019,24,6,18,2024-12-19 21:58:15
500104005,24,11,13,2024-12-19 21:50:17
500113078,24,12,12,2024-12-19 03:43:14
500113049,24,3,20,2024-12-19 02:14:15
500119089,24,12,12,2024-12-19 02:16:15
500101019,24,8,16,2024-12-19 22:46:15
500113049,24,9,14,2024-12-19 22:43:15
500104005,24,12,12,2024-12-19 22:41:15
500111031,24,14,10,2024-12-19 22:46:15
500107078,24,11,12,2024-12-19 04:32:14
500105049,24,18,6,2024-12-19 23:09:15
500110086,24,11,12,2024-12-19 22:11:15
500101212,24,1,23,2024-12-19 04:06:15
500109001,24,14,9,2024-12-19 22:23:14
500110086,24,11,12,2024-12-19 22:56:14
500107078,24,10,14,2024-12-19 23:32:14
500101216,24,11,13,2024-12-19 23:33:15
500101141,24,6,18,2024-12-19 01:28:15
500107089,24,23,0,2024-12-19 09:37:15
500119089,24,24,0,2024-12-19 12:48:16
500101173,24,12,1,2024-12-19 12:35:16
500119089,24,23,1,2024-12-19 10:36:14
500101173,24,11,2,2024-12-19 11:56:16
500107042,24,22,2,2024-12-19 12:59:15
500107089,24,20,3,2024-12-19 09:47:14
500110086,24,21,3,2024-12-19 09:43:15
500110086,24,21,3,2024-12-19 11:40:17
500119089,24,21,3,2024-12-19 12:18:15
500106098,24,18,4,2024-12-19 09:27:15
500119089,24,20,4,2024-12-19 12:27:15
500101035,24,19,5,2024-12-19 12:14:16
500101173,24,10,5,2024-12-19 12:55:16
500101212,24,19,5,2024-12-19 12:56:15
500109093,24,19,5,2024-12-19 09:21:14
500113025,24,18,6,2024-12-19 10:56:14
500119089,24,18,6,2024-12-19 09:37:15
500101212,24,17,7,2024-12-19 12:19:16
500107089,24,16,7,2024-12-19 10:55:17
500119089,24,17,7,2024-12-19 11:51:16
500109001,24,16,8,2024-12-19 11:06:15
500113025,24,16,8,2024-12-19 12:21:15
500101173,24,2,10,2024-12-19 10:17:16
500101212,24,14,10,2024-12-19 12:28:15
500101212,24,14,10,2024-12-19 09:03:14
500106098,24,12,10,2024-12-19 12:24:16
500106098,24,12,10,2024-12-19 09:56:16
500107089,24,13,10,2024-12-19 11:03:16
500109001,24,14,10,2024-12-19 12:03:14
500109001,24,14,10,2024-12-19 11:27:15
500109093,24,14,10,2024-12-19 12:14:16
500112089,24,11,10,2024-12-19 12:43:15
500113010,24,12,12,2024-12-19 11:23:15
500106098,24,9,13,2024-12-19 11:26:14
500112014,24,10,14,2024-12-19 12:53:15
500113010,24,10,14,2024-12-19 10:34:15
500103013,24,9,15,2024-12-19 11:13:15
500104064,24,9,15,2024-12-19 11:30:17
500110089,24,7,15,2024-12-19 12:07:16
500112004,24,9,15,2024-12-19 08:47:15
500103013,24,8,16,2024-12-19 10:16:15
500110004,24,7,16,2024-12-19 10:36:14
500110038,24,8,16,2024-12-19 11:09:15
500111031,24,8,16,2024-12-19 12:23:15
500112014,24,8,16,2024-12-19 10:46:14
500101019,24,7,17,2024-12-19 09:26:15
500101216,24,6,17,2024-12-19 09:06:15
500103013,24,6,18,2024-12-19 11:37:15
500103013,24,5,18,2024-12-19 09:57:15
500113078,24,6,18,2024-12-19 09:44:15
500105049,24,4,19,2024-12-19 11:13:15
500107042,24,5,19,2024-12-19 10:55:17
500101102,24,4,20,2024-12-19 09:46:16
500101173,24,4,20,2024-12-19 09:09:16
500113079,24,3,20,2024-12-19 09:30:15
500101216,24,1,22,2024-12-19 10:05:16
500111068,24,2,22,2024-12-19 09:08:15
500111068,24,2,22,2024-12-19 09:27:15
500101185,24,1,23,2024-12-19 09:54:15
500107048,24,0,23,2024-12-19 10:27:16
500107048,24,0,23,2024-12-19 10:55:16
500101102,24,0,24,2024-12-19 12:09:17
500101185,24,0,24,2024-12-19 11:28:15
500101141,24,24,0,2024-12-19 17:38:16
500101216,24,24,0,2024-12-19 21:07:17
500111068,24,23,1,2024-12-19 18:41:15
500101141,24,22,2,2024-12-19 18:27:18
500101141,24,22,2,2024-12-19 18:37:15
500101141,24,21,3,2024-12-19 20:34:15
500111051,24,19,5,2024-12-19 17:47:16
500109001,24,18,6,2024-12-19 18:38:16
500109093,24,18,6,2024-12-19 19:05:16
500110086,24,18,6,2024-12-19 17:28:14
500111068,24,18,6,2024-12-19 18:06:15
500110089,24,17,7,2024-12-19 20:29:14
500101185,24,16,8,2024-12-19 19:05:16
500101185,24,16,8,2024-12-19 18:38:16
500101216,24,16,8,2024-12-19 19:56:16
500110086,24,15,8,2024-12-19 21:20:16
500113079,24,15,8,2024-12-19 18:52:15
500101173,24,15,9,2024-12-19 17:59:15
500101216,24,15,9,2024-12-19 19:40:15
500111051,24,15,9,2024-12-19 17:21:15
500112089,24,12,9,2024-12-19 17:37:16
500101019,24,14,10,2024-12-19 18:29:16
500101185,24,14,10,2024-12-19 18:08:16
500101185,24,14,10,2024-12-19 20:59:15
500111074,24,14,10,2024-12-19 18:11:16
500101173,24,13,11,2024-12-19 18:08:16
500108051,24,12,11,2024-12-19 17:51:16
500101035,24,12,12,2024-12-19 20:29:15
500101185,24,12,12,2024-12-19 20:05:15
500101185,24,12,12,2024-12-19 20:42:15
500101212,24,12,12,2024-12-19 18:18:15
500107042,24,12,12,2024-12-19 19:52:16
500107048,24,12,12,2024-12-19 17:48:15
500106098,24,9,13,2024-12-19 17:58:16
500109001,24,10,13,2024-12-19 18:54:16
500111031,24,11,13,2024-12-19 21:14:15
500113078,24,11,13,2024-12-19 17:48:15
500101019,24,10,14,2024-12-19 20:26:16
500109001,24,9,14,2024-12-19 19:05:16
500101019,24,9,15,2024-12-19 20:38:15
500101035,24,9,15,2024-12-19 18:57:15
500103013,24,9,15,2024-12-19 18:54:14
500105049,24,9,15,2024-12-19 17:30:16
500107048,24,5,15,2024-12-19 20:59:15
500113025,24,9,15,2024-12-19 19:45:16
500101173,24,7,16,2024-12-19 19:28:15
500107048,24,4,16,2024-12-19 21:04:15
500101019,24,6,18,2024-12-19 18:47:15
500104064,24,6,18,2024-12-19 20:12:15
500106098,24,4,18,2024-12-19 21:08:15
500107089,24,5,18,2024-12-19 18:56:15
500110031,24,6,18,2024-12-19 20:39:16
500112089,24,3,18,2024-12-19 19:06:16
500112089,24,3,18,2024-12-19 21:14:15
500107048,24,1,19,2024-12-19 20:35:16
500107089,24,4,19,2024-12-19 20:06:15
500112014,24,5,19,2024-12-19 19:31:15
500112089,24,2,19,2024-12-19 19:15:16
500112089,24,2,19,2024-12-19 18:27:15
500104064,24,4,20,2024-12-19 17:37:16
500106039,24,4,20,2024-12-19 21:17:15
500107078,24,4,20,2024-12-19 17:56:15
500108189,24,4,20,2024-12-19 18:16:16
500112014,24,4,20,2024-12-19 19:07:15
500112089,24,1,20,2024-12-19 19:49:15
500104005,24,1,21,2024-12-19 17:32:15
500104005,24,1,21,2024-12-19 18:29:16
500107048,24,3,21,2024-12-19 19:58:14
500107089,24,2,21,2024-12-19 17:55:17
500101102,24,2,22,2024-12-19 18:08:16
500106039,24,2,22,2024-12-19 20:35:16
500107078,24,2,22,2024-12-19 17:48:15
500107089,24,1,22,2024-12-19 19:46:15
500107089,24,1,22,2024-12-19 20:55:17
500107078,24,1,23,2024-12-19 19:06:16
500107089,24,0,23,2024-12-19 18:18:16
500119089,24,1,23,2024-12-19 18:57:15
500119089,24,1,23,2024-12-19 20:59:15
500107042,24,0,24,2024-12-19 18:57:15
500119089,24,0,24,2024-12-19 17:34:15
500101173,24,12,3,2024-12-19 13:38:15
500101212,24,20,4,2024-12-19 13:44:15
500101212,24,19,5,2024-12-19 14:48:15
500101019,24,18,6,2024-12-19 17:17:16
500101212,24,18,6,2024-12-19 15:36:15
500113049,24,17,6,2024-12-19 13:18:15
500101173,24,11,7,2024-12-19 16:22:15
500111074,24,15,7,2024-12-19 13:42:15
500111074,24,17,7,2024-12-19 16:44:15
500113025,24,17,7,2024-12-19 15:41:15
500113049,24,15,8,2024-12-19 15:55:16
500113049,24,15,8,2024-12-19 14:03:16
500101173,24,9,9,2024-12-19 15:58:14
500101019,24,14,10,2024-12-19 15:33:15
500101173,24,8,10,2024-12-19 16:48:16
500110038,24,14,10,2024-12-19 14:59:14
500101019,24,13,11,2024-12-19 16:52:15
500107089,24,12,11,2024-12-19 15:51:14
500113010,24,13,11,2024-12-19 16:09:15
500113079,24,12,11,2024-12-19 16:57:16
500106039,24,12,12,2024-12-19 17:18:15
500107089,24,11,12,2024-12-19 16:44:15
500110004,24,12,12,2024-12-19 15:29:15
500106098,24,8,14,2024-12-19 16:47:15
500111031,24,10,14,2024-12-19 16:37:15
500107078,24,7,16,2024-12-19 15:20:16
500110004,24,7,16,2024-12-19 13:49:15
500101102,24,7,17,2024-12-19 15:45:16
500107048,24,7,17,2024-12-19 16:20:17
500107078,24,7,17,2024-12-19 16:36:15
500105049,24,6,18,2024-12-19 16:16:15
500107048,24,6,18,2024-12-19 16:52:15
500111068,24,6,18,2024-12-19 16:22:16
500113079,24,5,18,2024-12-19 14:26:15
500103013,24,5,19,2024-12-19 16:35:15
500111068,24,5,19,2024-12-19 16:41:14
500111068,24,5,19,2024-12-19 14:53:14
500113079,24,4,19,2024-12-19 15:17:16
500110089,24,4,20,2024-12-19 16:39:15
500101141,24,3,21,2024-12-19 13:18:15
500104058,24,3,21,2024-12-19 15:48:15
500111051,24,3,21,2024-12-19 16:27:16
500110089,24,2,22,2024-12-19 14:50:15
500107048,24,7,13,2024-12-19 21:48:16
500110038,24,8,16,2024-12-19 21:48:15
500106039,24,24,0,2024-12-19 08:27:15
500106039,24,23,1,2024-12-19 08:16:15
500107089,24,22,1,2024-12-19 08:47:15
500107048,24,21,2,2024-12-19 05:23:15
500110086,24,22,2,2024-12-19 05:58:15
500112089,24,19,2,2024-12-19 08:47:15
500101035,24,21,3,2024-12-19 08:23:15
500101102,24,20,3,2024-12-19 06:10:16
500109049,24,21,3,2024-12-19 05:36:15
500112014,24,21,3,2024-12-19 04:52:15
500113025,24,21,3,2024-12-19 05:40:15
500110089,24,18,4,2024-12-19 07:53:16
500110089,24,18,4,2024-12-19 06:24:15
500113079,24,18,5,2024-12-19 07:52:15
500110089,24,16,6,2024-12-19 07:26:15
500109049,24,17,7,2024-12-19 07:45:15
500110089,24,15,7,2024-12-19 07:10:16
500107048,24,15,8,2024-12-19 06:39:15
500108118,24,12,9,2024-12-19 07:16:15
500111068,24,15,9,2024-12-19 05:51:14
500110004,24,13,10,2024-12-19 08:25:16
500110086,24,14,10,2024-12-19 08:32:15
500110089,24,12,10,2024-12-19 08:37:15
500113079,24,8,10,2024-12-19 06:25:15
500109001,24,13,11,2024-12-19 06:13:14
500110004,24,12,11,2024-12-19 08:55:16
500111051,24,13,11,2024-12-19 07:17:14
500113079,24,12,11,2024-12-19 08:17:15
500101212,24,11,13,2024-12-19 06:45:16
500107078,24,10,13,2024-12-19 06:14:14
500108051,24,9,13,2024-12-19 08:20:17
500119089,24,11,13,2024-12-19 07:25:15
500107078,24,9,14,2024-12-19 05:57:15
500108118,24,7,14,2024-12-19 06:49:15
500109001,24,10,14,2024-12-19 08:15:16
500110031,24,10,14,2024-12-19 07:41:15
500103013,24,7,15,2024-12-19 08:33:16
500107078,24,8,15,2024-12-19 06:52:14
500107078,24,8,15,2024-12-19 07:17:14
500113049,24,8,15,2024-12-19 07:49:16
500101035,24,8,16,2024-12-19 07:42:15
500101173,24,8,16,2024-12-19 07:16:14
500105049,24,7,16,2024-12-19 08:13:15
500113049,24,7,16,2024-12-19 08:14:16
500113049,24,7,16,2024-12-19 08:47:15
500101102,24,6,17,2024-12-19 08:27:16
500107042,24,7,17,2024-12-19 08:46:15
500110031,24,7,17,2024-12-19 05:44:15
500111051,24,7,17,2024-12-19 07:27:15
500113078,24,6,18,2024-12-19 08:12:15
500101035,24,4,20,2024-12-19 06:41:15
500101141,24,4,20,2024-12-19 08:56:16
500111051,24,3,21,2024-12-19 08:21:15
500111051,24,2,22,2024-12-19 08:57:15
500111068,24,2,22,2024-12-19 08:46:15
500101141,24,1,23,2024-12-19 08:15:16
500101185,24,1,23,2024-12-19 08:37:16
500101185,24,17,7,2024-12-19 00:11:14
500107078,24,11,13,2024-12-19 00:23:14
500109093,24,23,1,2024-12-19 00:08:15
500107078,24,13,11,2024-12-19 03:09:15
500113049,24,17,6,2024-12-19 03:15:15
500109001,24,15,8,2024-12-19 23:07:14
500103013,24,7,16,2024-12-19 23:50:15
500110004,24,11,11,2024-12-19 23:39:14
500112004,24,9,15,2024-12-19 22:59:14
500101102,24,11,13,2024-12-19 23:22:15
500111031,24,14,10,2024-12-19 23:07:15
500111051,24,19,5,2024-12-19 23:42:15
500113010,24,0,24,2024-12-19 00:13:16
500101141,24,2,22,2024-12-19 01:09:14
500106098,24,4,18,2024-12-19 00:07:15
500101185,24,20,4,2024-12-19 23:16:15
500101019,24,7,17,2024-12-19 22:33:15
500109049,24,7,17,2024-12-19 21:20:16
500107078,24,11,13,2024-12-19 22:28:15
500110089,24,22,2,2024-12-19 22:38:14
500107089,24,3,20,2024-12-19 21:32:15
500112014,24,3,21,2024-12-19 21:38:15
500112004,24,5,19,2024-12-19 21:08:15
500110004,24,6,16,2024-12-19 20:36:15
500101102,24,11,13,2024-12-19 21:30:16
500113025,24,12,12,2024-12-19 21:31:15
500111074,24,15,9,2024-12-19 21:39:15
500101212,24,0,24,2024-12-19 02:37:15
500119089,24,11,13,2024-12-19 02:33:15
500113079,24,12,6,2024-12-19 03:51:15
500108051,24,14,8,2024-12-19 03:44:15
500101035,24,1,23,2024-12-19 22:09:15
500104058,24,9,15,2024-12-19 21:59:15
500107048,24,10,10,2024-12-19 21:59:15
500110089,24,21,3,2024-12-19 22:05:15
500101019,24,7,17,2024-12-19 03:38:15
500101102,24,23,0,2024-12-19 03:34:15
500112014,24,2,22,2024-12-19 23:40:15
500112089,24,6,15,2024-12-19 23:59:15
500113049,24,0,23,2024-12-19 00:58:16
500111031,24,21,3,2024-12-19 00:35:16
500113025,24,18,6,2024-12-19 02:15:15
500101141,24,13,11,2024-12-19 22:40:15
500113049,24,10,13,2024-12-19 23:00:17
500101019,24,11,13,2024-12-19 23:08:15
500101141,24,11,13,2024-12-19 23:04:15
500104005,24,13,11,2024-12-19 23:00:17
500101019,24,10,13,2024-12-19 23:25:16
500101141,24,5,19,2024-12-19 02:06:15
500101173,24,13,0,2024-12-19 12:18:15
500107042,24,24,0,2024-12-19 11:46:14
500107089,24,23,0,2024-12-19 10:15:16
500101035,24,23,1,2024-12-19 09:26:15
500101035,24,23,1,2024-12-19 10:07:15
500112089,24,20,1,2024-12-19 11:48:15
500112089,24,20,1,2024-12-19 10:18:15
500106039,24,22,2,2024-12-19 11:27:15
500106039,24,21,3,2024-12-19 10:25:16
500110086,24,21,3,2024-12-19 09:16:15
500104005,24,20,4,2024-12-19 10:01:16
500110086,24,20,4,2024-12-19 11:54:15
500106039,24,18,6,2024-12-19 09:51:14
500110086,24,18,6,2024-12-19 12:46:15
500101019,24,17,7,2024-12-19 11:51:16
500101019,24,17,7,2024-12-19 11:20:17
500113025,24,17,7,2024-12-19 11:27:15
500101019,24,16,8,2024-12-19 10:54:15
500106039,24,16,8,2024-12-19 12:43:15
500110086,24,16,8,2024-12-19 12:38:14
500111074,24,14,8,2024-12-19 10:18:15
500111074,24,13,9,2024-12-19 09:31:15
500112089,24,12,9,2024-12-19 13:07:15
500101212,24,14,10,2024-12-19 12:34:14
500109049,24,14,10,2024-12-19 10:50:16
500101019,24,13,11,2024-12-19 12:23:16
500106098,24,10,12,2024-12-19 11:35:17
500107089,24,11,12,2024-12-19 12:56:15
500107089,24,11,12,2024-12-19 11:26:15
500108118,24,9,12,2024-12-19 11:29:15
500101212,24,11,13,2024-12-19 11:35:17
500108051,24,9,13,2024-12-19 11:16:15
500110031,24,11,13,2024-12-19 09:50:16
500110089,24,9,13,2024-12-19 10:02:15
500113049,24,10,13,2024-12-19 11:39:15
500101019,24,10,14,2024-12-19 12:58:15
500106098,24,8,14,2024-12-19 10:10:16
500113049,24,9,14,2024-12-19 12:16:15
500104005,24,7,15,2024-12-19 12:12:15
500110031,24,9,15,2024-12-19 12:21:15
500110089,24,7,15,2024-12-19 10:42:15
500111031,24,9,15,2024-12-19 10:07:16
500104064,24,8,16,2024-12-19 11:43:15
500104064,24,8,16,2024-12-19 11:14:15
500110004,24,7,16,2024-12-19 10:50:16
500110031,24,8,16,2024-12-19 11:54:15
500110038,24,8,16,2024-12-19 09:31:15
500113079,24,7,16,2024-12-19 11:57:16
500101212,24,7,17,2024-12-19 10:25:15
500103013,24,4,17,2024-12-19 09:36:15
500110004,24,6,17,2024-12-19 12:31:15
500113078,24,7,17,2024-12-19 11:05:17
500107048,24,6,18,2024-12-19 11:44:15
500111051,24,6,18,2024-12-19 10:24:15
500111051,24,5,18,2024-12-19 11:00:18
500111051,24,5,19,2024-12-19 11:37:15
500101102,24,4,20,2024-12-19 10:24:14
500107078,24,3,20,2024-12-19 09:27:15
500101102,24,3,21,2024-12-19 10:18:15
500101102,24,3,21,2024-12-19 11:25:15
500101185,24,3,21,2024-12-19 11:36:15
500101102,24,2,22,2024-12-19 10:07:16
500101185,24,2,22,2024-12-19 09:37:15
500101216,24,1,22,2024-12-19 11:38:14
500104058,24,2,22,2024-12-19 13:06:15
500101141,24,1,23,2024-12-19 11:06:15
500101185,24,1,23,2024-12-19 11:43:15
500101216,24,0,23,2024-12-19 11:58:16
500107048,24,0,24,2024-12-19 12:36:15
500111068,24,24,0,2024-12-19 18:58:16
500101141,24,23,1,2024-12-19 18:18:16
500101141,24,23,1,2024-12-19 18:48:16
500101173,24,23,1,2024-12-19 18:28:16
500111068,24,23,1,2024-12-19 20:09:15
500111051,24,22,2,2024-12-19 17:58:16
500101216,24,21,3,2024-12-19 20:53:15
500109001,24,20,4,2024-12-19 17:32:15
500113079,24,19,4,2024-12-19 20:01:15
500101185,24,17,7,2024-12-19 17:36:14
500110086,24,17,7,2024-12-19 18:33:16
500101141,24,16,8,2024-12-19 21:19:16
500101212,24,16,8,2024-12-19 17:45:16
500110086,24,16,8,2024-12-19 18:45:16
500110089,24,16,8,2024-12-19 19:36:15
500112014,24,16,8,2024-12-19 17:25:16
500113049,24,15,8,2024-12-19 18:40:17
500109093,24,15,9,2024-12-19 17:29:16
500110086,24,14,9,2024-12-19 20:54:15
500110089,24,15,9,2024-12-19 19:59:16
500101185,24,14,10,2024-12-19 19:24:15
500105049,24,14,10,2024-12-19 18:48:15
500108051,24,13,10,2024-12-19 18:55:17
500109001,24,13,10,2024-12-19 19:55:16
500111031,24,14,10,2024-12-19 17:52:15
500111031,24,14,10,2024-12-19 18:44:16
500111074,24,14,10,2024-12-19 18:49:16
500113049,24,13,10,2024-12-19 19:49:15
500105049,24,13,11,2024-12-19 18:03:15
500109001,24,12,11,2024-12-19 19:49:15
500113049,24,12,11,2024-12-19 19:59:16
500108051,24,11,12,2024-12-19 17:03:16
500111031,24,12,12,2024-12-19 20:52:15
500101035,24,11,13,2024-12-19 19:56:16
500101173,24,11,13,2024-12-19 17:26:15
500106098,24,9,13,2024-12-19 17:36:15
500107048,24,11,13,2024-12-19 18:16:16
500108189,24,11,13,2024-12-19 17:12:16
500109093,24,11,13,2024-12-19 20:19:15
500113025,24,11,13,2024-12-19 21:05:15
500113078,24,11,13,2024-12-19 19:02:16
500101019,24,10,14,2024-12-19 20:49:15
500109049,24,10,14,2024-12-19 20:27:15
500104005,24,7,15,2024-12-19 19:59:15
500108189,24,9,15,2024-12-19 19:38:15
500113078,24,9,15,2024-12-19 18:08:16
500101035,24,8,16,2024-12-19 21:17:15
500109001,24,8,16,2024-12-19 18:46:15
500101035,24,7,17,2024-12-19 18:18:16
500113025,24,7,17,2024-12-19 17:27:16
500107048,24,2,18,2024-12-19 20:08:14
500110031,24,6,18,2024-12-19 18:55:17
500110038,24,6,18,2024-12-19 18:18:16
500101102,24,5,19,2024-12-19 19:06:15
500107078,24,5,19,2024-12-19 18:38:16
500107089,24,4,19,2024-12-19 19:29:15
500110089,24,5,19,2024-12-19 18:27:15
500112089,24,2,19,2024-12-19 20:24:15
500101102,24,4,20,2024-12-19 17:28:15
500112089,24,1,20,2024-12-19 18:37:15
500101102,24,3,21,2024-12-19 19:25:15
500108189,24,3,21,2024-12-19 18:23:16
500106039,24,2,22,2024-12-19 19:29:15
500107089,24,1,22,2024-12-19 20:22:15
500119089,24,2,22,2024-12-19 19:16:15
500101035,24,1,23,2024-12-19 17:34:15
500113025,24,0,24,2024-12-19 18:16:15
500119089,24,0,24,2024-12-19 19:48:16
500101141,24,24,0,2024-12-19 17:18:15
500107042,24,21,3,2024-12-19 15:26:14
500110038,24,21,3,2024-12-19 17:15:17
500101212,24,20,4,2024-12-19 13:26:16
500101173,24,10,5,2024-12-19 13:25:16
500101212,24,19,5,2024-12-19 15:16:15
500106039,24,19,5,2024-12-19 13:44:15
500101035,24,18,6,2024-12-19 13:15:15
500101035,24,18,6,2024-12-19 14:08:15
500106039,24,17,7,2024-12-19 15:46:15
500110086,24,17,7,2024-12-19 14:55:16
500111074,24,17,7,2024-12-19 15:16:15
500113049,24,16,7,2024-12-19 13:41:15
500119089,24,17,7,2024-12-19 16:27:16
500101173,24,10,8,2024-12-19 16:38:15
500101173,24,10,8,2024-12-19 15:03:15
500101185,24,16,8,2024-12-19 17:18:16
500112089,24,12,9,2024-12-19 16:24:15
500108189,24,14,10,2024-12-19 16:42:15
500112014,24,14,10,2024-12-19 17:15:17
500112014,24,13,11,2024-12-19 16:55:17
500101185,24,12,12,2024-12-19 16:58:14
500111031,24,11,13,2024-12-19 16:26:15
500107089,24,9,14,2024-12-19 13:31:15
500101035,24,9,15,2024-12-19 16:55:16
500107089,24,8,15,2024-12-19 14:17:15
500101185,24,8,16,2024-12-19 14:51:15
500110004,24,7,16,2024-12-19 13:32:15
500101141,24,7,17,2024-12-19 15:00:17
500101185,24,7,17,2024-12-19 16:28:15
500101141,24,6,18,2024-12-19 14:41:15
500103013,24,6,18,2024-12-19 15:50:16
500107078,24,5,18,2024-12-19 14:47:15
500110089,24,3,19,2024-12-19 13:16:14
500101102,24,3,21,2024-12-19 14:31:15
500101102,24,3,21,2024-12-19 15:11:15
500101216,24,2,21,2024-12-19 13:14:15
500111051,24,3,21,2024-12-19 16:01:15
500101102,24,1,23,2024-12-19 13:32:15
500101216,24,1,23,2024-12-19 16:25:15
500110089,24,1,23,2024-12-19 17:10:17
500112014,24,0,24,2024-12-19 21:49:15
500101019,24,6,18,2024-12-19 21:46:15
500101035,24,24,0,2024-12-19 08:43:15
500112089,24,21,0,2024-12-19 07:46:15
500110089,24,21,1,2024-12-19 05:12:14
500112089,24,18,2,2024-12-19 08:17:15
500112089,24,19,2,2024-12-19 07:54:15
500113025,24,22,2,2024-12-19 07:27:15
500110086,24,21,3,2024-12-19 06:12:15
500111031,24,21,3,2024-12-19 05:02:15
500112089,24,18,3,2024-12-19 07:37:15
500110086,24,19,5,2024-12-19 05:20:16
500110089,24,17,5,2024-12-19 08:24:14
500113025,24,19,5,2024-12-19 05:20:16
500112014,24,16,8,2024-12-19 07:16:15
500101141,24,15,9,2024-12-19 06:37:14
500110038,24,15,9,2024-12-19 07:17:14
500101212,24,14,10,2024-12-19 08:17:15
500107078,24,13,10,2024-12-19 04:55:16
500113079,24,13,10,2024-12-19 08:20:16
500113079,24,7,11,2024-12-19 06:30:17
500110038,24,12,12,2024-12-19 07:46:15
500106098,24,9,13,2024-12-19 07:57:16
500110086,24,11,13,2024-12-19 07:26:15
500112014,24,11,13,2024-12-19 07:33:15
500113079,24,10,13,2024-12-19 08:50:16
500109001,24,10,14,2024-12-19 08:35:16
500104064,24,9,15,2024-12-19 07:35:16
500111068,24,9,15,2024-12-19 07:44:15
500113010,24,9,15,2024-12-19 06:41:15
500101173,24,3,16,2024-12-19 05:57:14
500103013,24,5,17,2024-12-19 08:02:15
500101216,24,5,18,2024-12-19 06:56:15
500109001,24,6,18,2024-12-19 08:57:14
500113078,24,6,18,2024-12-19 08:20:17
500107078,24,4,19,2024-12-19 08:45:16
500107089,24,4,19,2024-12-19 07:15:17
500111031,24,5,19,2024-12-19 08:56:16
500111051,24,5,19,2024-12-19 08:00:17
500113049,24,4,19,2024-12-19 08:53:15
500113078,24,5,19,2024-12-19 08:40:17
500101173,24,4,20,2024-12-19 08:25:16
500109001,24,4,20,2024-12-19 07:26:15
500101216,24,2,21,2024-12-19 07:47:15
500103013,24,1,21,2024-12-19 05:59:14
500107089,24,2,21,2024-12-19 05:40:15
500111051,24,2,22,2024-12-19 08:45:16
500112014,24,1,23,2024-12-19 08:47:15
500112014,24,0,24,2024-12-19 08:37:15
500112014,24,0,24,2024-12-19 08:03:15
500113049,24,0,23,2024-12-19 00:10:16
500119089,24,16,8,2024-12-19 00:05:15
500101102,24,24,0,2024-12-19 00:11:16
500113049,24,0,23,2024-12-19 00:56:14
500105049,24,10,14,2024-12-19 23:13:15
500107089,24,6,17,2024-12-19 23:42:15
500109093,24,18,6,2024-12-19 23:24:14
500109049,24,6,18,2024-12-19 22:52:15
500110038,24,14,10,2024-12-19 23:26:15
500111051,24,10,14,2024-12-19 01:01:14
500107078,24,14,10,2024-12-19 01:00:17
500109001,24,16,8,2024-12-19 00:02:15
500119089,24,1,23,2024-12-19 22:52:14
500110038,24,13,11,2024-12-19 23:10:16
500111068,24,14,10,2024-12-19 23:16:15
500113079,24,17,4,2024-12-19 22:59:15
500106039,24,0,24,2024-12-19 22:39:15
500106098,24,1,21,2024-12-19 22:30:16
500119089,24,2,22,2024-12-19 22:39:15
500107042,24,6,18,2024-12-19 22:39:15
500104005,24,11,13,2024-12-19 22:19:15
500110086,24,12,11,2024-12-19 22:23:15
500113025,24,14,10,2024-12-19 22:31:16
500101173,24,4,20,2024-12-19 21:33:16
500104064,24,4,20,2024-12-19 21:32:14
500103013,24,7,17,2024-12-19 21:35:15
500105049,24,19,5,2024-12-19 21:21:15
500103013,24,12,10,2024-12-19 03:07:15
500110089,24,19,3,2024-12-19 02:32:15
500101185,24,19,5,2024-12-19 02:27:14
500113078,24,11,13,2024-12-19 03:53:15
500105049,24,17,6,2024-12-19 03:40:15
500110038,24,22,2,2024-12-19 03:31:14
500110004,24,7,15,2024-12-19 22:09:15
500110038,24,10,14,2024-12-19 22:07:15
500101035,24,0,24,2024-12-19 21:55:17
500110038,24,9,15,2024-12-19 21:54:15
500113049,24,10,13,2024-12-19 21:57:15
500101141,24,5,19,2024-12-19 03:43:14
500104005,24,5,19,2024-12-19 01:47:15
500112004,24,17,7,2024-12-19 01:46:14
500101212,24,2,22,2024-12-19 22:44:15
500101185,24,20,4,2024-12-19 22:49:14
500110086,24,12,11,2024-12-19 23:03:14
500110089,24,20,4,2024-12-19 23:09:15
500119089,24,6,18,2024-12-19 22:15:16
500107042,24,8,16,2024-12-19 22:18:15
500101035,24,1,23,2024-12-19 22:20:15
500107089,24,2,21,2024-12-19 22:21:15
500101185,24,16,8,2024-12-19 22:20:15
500107089,24,8,15,2024-12-19 22:50:16
500101141,24,6,18,2024-12-19 01:56:14
500101212,24,4,20,2024-12-19 23:28:15
500119089,24,24,0,2024-12-19 13:08:16
500101035,24,23,1,2024-12-19 11:36:15
500101173,24,12,1,2024-12-19 12:08:15
500107042,24,23,1,2024-12-19 12:19:16
500110086,24,23,1,2024-12-19 11:29:14
500101035,24,22,2,2024-12-19 11:48:15
500101173,24,11,2,2024-12-19 11:45:15
500106039,24,22,2,2024-12-19 10:31:16
500110086,24,22,2,2024-12-19 09:31:15
500112089,24,18,3,2024-12-19 09:44:15
500119089,24,21,3,2024-12-19 11:46:14
500119089,24,21,3,2024-12-19 10:18:15
500101173,24,9,4,2024-12-19 10:43:16
500108189,24,20,4,2024-12-19 09:34:15
500112089,24,17,4,2024-12-19 12:07:16
500104005,24,19,5,2024-12-19 09:13:15
500104005,24,19,5,2024-12-19 11:00:18
500108189,24,19,5,2024-12-19 11:33:16
500110086,24,19,5,2024-12-19 12:01:16
500113025,24,19,5,2024-12-19 11:17:15
500101035,24,16,8,2024-12-19 12:28:15
500106039,24,16,8,2024-12-19 12:19:15
500107042,24,16,8,2024-12-19 10:26:14
500119089,24,16,8,2024-12-19 12:08:15
500109001,24,15,9,2024-12-19 12:13:16
500107042,24,14,10,2024-12-19 10:48:15
500109049,24,13,11,2024-12-19 08:59:15
500109049,24,13,11,2024-12-19 09:43:15
500110089,24,11,11,2024-12-19 09:06:15
500112089,24,10,11,2024-12-19 12:28:15
500110031,24,12,12,2024-12-19 09:36:15
500111074,24,10,12,2024-12-19 09:04:15
500113049,24,11,12,2024-12-19 12:28:15
500107042,24,11,13,2024-12-19 08:56:16
500110004,24,10,13,2024-12-19 09:37:15
500110031,24,11,13,2024-12-19 10:56:15
500113010,24,11,13,2024-12-19 10:50:16
500107042,24,10,14,2024-12-19 09:26:15
500110004,24,9,14,2024-12-19 09:55:16
500110031,24,10,14,2024-12-19 10:01:16
500110038,24,10,14,2024-12-19 12:28:15
500103013,24,9,15,2024-12-19 10:33:15
500104064,24,9,15,2024-12-19 12:44:15
500103013,24,8,16,2024-12-19 12:52:15
500110038,24,8,16,2024-12-19 11:34:15
500101019,24,7,17,2024-12-19 09:08:15
500110038,24,7,17,2024-12-19 10:28:15
500112014,24,7,17,2024-12-19 12:16:15
500111051,24,5,18,2024-12-19 10:37:16
500113079,24,5,18,2024-12-19 11:32:14
500101019,24,5,19,2024-12-19 09:36:15
500107042,24,5,19,2024-12-19 11:09:15
500101185,24,4,20,2024-12-19 12:37:15
500101216,24,3,20,2024-12-19 10:50:15
500104058,24,4,20,2024-12-19 10:25:16
500107078,24,3,20,2024-12-19 12:46:15
500107078,24,3,20,2024-12-19 13:06:15
500109001,24,4,20,2024-12-19 10:13:16
500101102,24,3,21,2024-12-19 11:14:15
500101216,24,2,21,2024-12-19 12:05:17
500107078,24,2,21,2024-12-19 10:31:16
500107078,24,1,22,2024-12-19 09:47:15
500113079,24,1,22,2024-12-19 09:57:15
500101141,24,1,23,2024-12-19 09:06:15
500101141,24,1,23,2024-12-19 09:26:15
500101185,24,1,23,2024-12-19 10:33:15
500101216,24,0,23,2024-12-19 11:26:15
500107048,24,0,23,2024-12-19 09:32:15
500111068,24,1,23,2024-12-19 11:10:17
500101102,24,0,24,2024-12-19 12:07:16
500109001,24,23,1,2024-12-19 18:27:18
500101141,24,22,2,2024-12-19 17:27:15
500107048,24,22,2,2024-12-19 19:07:15
500109001,24,22,2,2024-12-19 17:47:16
500111051,24,22,2,2024-12-19 18:33:17
500111068,24,22,2,2024-12-19 20:52:15
500101019,24,21,3,2024-12-19 17:47:15
500107048,24,21,3,2024-12-19 19:29:15
500112014,24,19,5,2024-12-19 17:38:16
500113049,24,18,5,2024-12-19 17:42:15
500109093,24,18,6,2024-12-19 18:47:16
500111068,24,18,6,2024-12-19 18:27:15
500109093,24,17,7,2024-12-19 17:46:15
500109093,24,17,7,2024-12-19 18:25:16
500110089,24,17,7,2024-12-19 20:43:15
500112014,24,17,7,2024-12-19 18:27:15
500101216,24,16,8,2024-12-19 20:20:16
500105049,24,15,9,2024-12-19 19:06:16
500101216,24,14,10,2024-12-19 19:18:15
500106098,24,12,10,2024-12-19 19:27:15
500109093,24,14,10,2024-12-19 17:07:15
500110086,24,14,10,2024-12-19 19:15:16
500110089,24,14,10,2024-12-19 19:17:14
500101216,24,13,11,2024-12-19 19:38:15
500110004,24,13,11,2024-12-19 17:59:15
500110089,24,13,11,2024-12-19 18:57:15
500101019,24,12,12,2024-12-19 21:05:16
500101212,24,12,12,2024-12-19 19:36:15
500101212,24,12,12,2024-12-19 20:47:15
500101035,24,11,13,2024-12-19 21:02:15
500101102,24,11,13,2024-12-19 21:16:15
500106098,24,9,13,2024-12-19 20:35:16
500107042,24,11,13,2024-12-19 20:22:15
500111031,24,11,13,2024-12-19 17:42:15
500101035,24,10,14,2024-12-19 19:47:15
500107048,24,5,15,2024-12-19 21:14:15
500110038,24,9,15,2024-12-19 19:58:15
500113025,24,9,15,2024-12-19 20:32:15
500109093,24,8,16,2024-12-19 19:47:15
500110038,24,8,16,2024-12-19 19:49:15
500101035,24,7,17,2024-12-19 19:13:15
500103013,24,7,17,2024-12-19 21:19:16
500107048,24,3,17,2024-12-19 20:47:15
500108189,24,7,17,2024-12-19 20:08:15
500113025,24,7,17,2024-12-19 19:27:15
500101019,24,6,18,2024-12-19 19:16:15
500101216,24,6,18,2024-12-19 18:46:15
500104058,24,6,18,2024-12-19 17:42:15
500106039,24,6,18,2024-12-19 18:26:16
500101102,24,5,19,2024-12-19 17:50:16
500110038,24,5,19,2024-12-19 20:45:16
500112004,24,5,19,2024-12-19 19:26:15
500104005,24,2,20,2024-12-19 18:56:15
500104058,24,4,20,2024-12-19 16:31:15
500104064,24,4,20,2024-12-19 18:26:16
500112004,24,4,20,2024-12-19 18:42:16
500107078,24,3,21,2024-12-19 20:38:15
500107089,24,2,21,2024-12-19 18:28:16
500110031,24,3,21,2024-12-19 19:42:15
500112014,24,3,21,2024-12-19 21:19:16
500112089,24,0,21,2024-12-19 19:29:15
500110038,24,2,22,2024-12-19 18:32:16
500113025,24,2,22,2024-12-19 17:37:16
500101173,24,1,23,2024-12-19 21:09:16
500113025,24,1,23,2024-12-19 18:08:16
500119089,24,24,0,2024-12-19 13:47:15
500119089,24,23,1,2024-12-19 14:18:15
500101173,24,11,4,2024-12-19 14:06:15
500107042,24,18,6,2024-12-19 16:18:16
500108189,24,18,6,2024-12-19 16:35:15
500110038,24,18,6,2024-12-19 16:36:15
500110086,24,18,6,2024-12-19 14:46:15
500112089,24,15,6,2024-12-19 14:44:15
500101212,24,17,7,2024-12-19 16:38:15
500113049,24,16,7,2024-12-19 15:41:15
500113049,24,16,7,2024-12-19 17:16:16
500101173,24,10,8,2024-12-19 16:01:16
500111051,24,16,8,2024-12-19 17:16:16
500112089,24,13,8,2024-12-19 13:47:15
500101173,24,15,9,2024-12-19 17:18:16
500111031,24,15,9,2024-12-19 17:18:16
500111074,24,15,9,2024-12-19 17:14:16
500109049,24,14,10,2024-12-19 17:11:15
500109093,24,14,10,2024-12-19 16:36:15
500111074,24,14,10,2024-12-19 17:07:15
500113079,24,13,10,2024-12-19 17:15:17
500101019,24,13,11,2024-12-19 15:04:15
500101141,24,13,11,2024-12-19 16:18:15
500106039,24,13,11,2024-12-19 16:26:15
500106098,24,11,11,2024-12-19 13:28:16
500106098,24,11,11,2024-12-19 14:55:16
500106098,24,10,12,2024-12-19 13:56:14
500106098,24,9,13,2024-12-19 14:06:15
500108051,24,9,13,2024-12-19 15:03:15
500111031,24,11,13,2024-12-19 15:45:16
500108051,24,8,14,2024-12-19 15:32:15
500112014,24,10,14,2024-12-19 13:29:15
500111031,24,9,15,2024-12-19 13:37:14
500101102,24,8,16,2024-12-19 15:58:14
500107048,24,8,16,2024-12-19 15:35:16
500101141,24,7,17,2024-12-19 14:11:15
500110031,24,7,17,2024-12-19 17:08:16
500101141,24,6,18,2024-12-19 13:47:15
500101185,24,6,18,2024-12-19 14:32:15
500103013,24,6,18,2024-12-19 14:55:16
500105049,24,5,18,2024-12-19 15:24:15
500111051,24,6,18,2024-12-19 16:38:15
500113079,24,5,18,2024-12-19 16:05:16
500101102,24,5,19,2024-12-19 15:32:14
500107089,24,4,19,2024-12-19 14:58:15
500101141,24,4,20,2024-12-19 13:25:16
500107048,24,4,20,2024-12-19 13:31:15
500113079,24,3,20,2024-12-19 15:08:15
500110089,24,3,21,2024-12-19 14:34:14
500101035,24,2,22,2024-12-19 17:04:15
500101216,24,1,23,2024-12-19 14:07:16
500108118,24,4,17,2024-12-19 21:44:15
500103013,24,5,19,2024-12-19 21:48:16
500107089,24,23,0,2024-12-19 08:36:17
500112089,24,20,0,2024-12-19 08:37:15
500101035,24,23,1,2024-12-19 08:37:15
500110089,24,21,1,2024-12-19 08:03:15
500110038,24,21,3,2024-12-19 05:21:14
500101141,24,20,4,2024-12-19 06:05:16
500111031,24,20,4,2024-12-19 06:18:14
500112089,24,16,5,2024-12-19 07:16:15
500113025,24,19,5,2024-12-19 08:25:16
500101141,24,18,6,2024-12-19 05:01:14
500113025,24,18,6,2024-12-19 08:47:15
500110038,24,17,7,2024-12-19 06:36:14
500113079,24,11,7,2024-12-19 05:06:15
500108189,24,16,8,2024-12-19 08:03:15
500109049,24,16,8,2024-12-19 07:29:14
500109093,24,16,8,2024-12-19 07:21:15
500110004,24,15,8,2024-12-19 06:15:16
500112004,24,16,8,2024-12-19 06:42:14
500112089,24,13,8,2024-12-19 05:14:15
500101212,24,15,9,2024-12-19 08:27:16
500105049,24,14,9,2024-12-19 07:13:15
500107078,24,14,9,2024-12-19 05:38:14
500108051,24,13,9,2024-12-19 05:35:15
500109049,24,15,9,2024-12-19 07:54:14
500101019,24,14,10,2024-12-19 05:48:14
500101035,24,14,10,2024-12-19 08:03:15
500101212,24,14,10,2024-12-19 08:02:15
500110038,24,14,10,2024-12-19 07:30:16
500108051,24,11,11,2024-12-19 07:24:15
500112004,24,13,11,2024-12-19 08:01:15
500101019,24,12,12,2024-12-19 06:26:14
500107042,24,12,12,2024-12-19 07:35:16
500107042,24,12,12,2024-12-19 05:59:14
500111068,24,12,12,2024-12-19 07:15:17
500119089,24,12,12,2024-12-19 06:31:15
500105049,24,10,13,2024-12-19 07:57:16
500112004,24,11,13,2024-12-19 08:20:17
500113049,24,10,13,2024-12-19 06:56:15
500101185,24,10,14,2024-12-19 07:37:15
500107042,24,10,14,2024-12-19 07:43:15
500108051,24,8,14,2024-12-19 08:30:16
500107048,24,8,15,2024-12-19 07:16:15
500110031,24,9,15,2024-12-19 07:34:15
500111068,24,9,15,2024-12-19 07:37:15
500103013,24,6,16,2024-12-19 08:47:15
500103013,24,5,16,2024-12-19 08:55:16
500112014,24,7,17,2024-12-19 07:45:16
500101173,24,6,18,2024-12-19 06:47:15
500104005,24,6,18,2024-12-19 06:22:14
500106098,24,4,18,2024-12-19 07:27:15
500101019,24,5,19,2024-12-19 08:00:17
500111051,24,5,19,2024-12-19 07:44:15
500113049,24,4,19,2024-12-19 08:35:15
500119089,24,5,19,2024-12-19 08:22:15
500101035,24,4,20,2024-12-19 05:07:15
500109001,24,4,20,2024-12-19 07:46:15
500110031,24,4,20,2024-12-19 04:49:15
500111051,24,4,20,2024-12-19 08:17:15
500113078,24,4,20,2024-12-19 08:36:15
500107078,24,2,21,2024-12-19 07:56:16
500109001,24,3,21,2024-12-19 07:30:16
500107078,24,1,22,2024-12-19 07:37:15
500101185,24,1,23,2024-12-19 08:26:15
500107048,24,0,23,2024-12-19 08:38:15
500101019,24,10,14,2024-12-19 00:14:14
500111051,24,13,11,2024-12-19 00:04:16
500107078,24,15,9,2024-12-19 00:49:15
500110038,24,17,7,2024-12-19 00:03:15
500110089,24,8,16,2024-12-19 23:14:15
500108051,24,15,8,2024-12-19 21:49:15
500101173,24,0,24,2024-12-19 22:30:18
500106039,24,1,23,2024-12-19 01:16:15
500119089,24,14,10,2024-12-19 00:21:14
500112089,24,6,15,2024-12-19 22:54:15
500103013,24,9,14,2024-12-19 23:15:15
500101216,24,10,14,2024-12-19 22:42:14
500101019,24,12,12,2024-12-19 23:16:15
500109093,24,17,7,2024-12-19 22:14:15
500110004,24,9,13,2024-12-19 22:33:15
500101185,24,18,6,2024-12-19 22:35:16
500111068,24,18,6,2024-12-19 22:15:15
500107078,24,3,21,2024-12-19 21:39:15
500107048,24,6,14,2024-12-19 21:24:14
500109093,24,13,11,2024-12-19 21:11:15
500119089,24,13,11,2024-12-19 21:19:16
500111068,24,22,2,2024-12-19 21:30:16
500113049,24,4,19,2024-12-19 03:07:15
500113025,24,19,5,2024-12-19 02:44:15
500113010,24,7,17,2024-12-19 03:27:15
500101019,24,11,13,2024-12-19 04:27:14
500110004,24,15,8,2024-12-19 03:46:15
500110089,24,20,2,2024-12-19 04:13:15
500101212,24,1,23,2024-12-19 22:09:15
500104064,24,5,19,2024-12-19 22:02:15
500104005,24,10,14,2024-12-19 22:00:16
500113025,24,13,11,2024-12-19 22:08:15
500101216,24,24,0,2024-12-19 21:40:17
500119089,24,7,17,2024-12-19 21:58:15
500110086,24,13,10,2024-12-19 21:54:15
500111031,24,15,9,2024-12-19 21:52:15
500111051,24,20,4,2024-12-19 21:50:17
500103013,24,3,20,2024-12-19 03:10:16
500101141,24,4,20,2024-12-19 03:18:14
500101173,24,2,17,2024-12-19 00:59:15
500106098,24,3,19,2024-12-19 01:44:14
500107078,24,9,15,2024-12-19 22:46:15
500111074,24,11,11,2024-12-19 04:35:15
500106039,24,0,24,2024-12-19 22:13:15
500112014,24,0,24,2024-12-19 22:14:15
500101141,24,10,14,2024-12-19 22:18:14
500109001,24,13,10,2024-12-19 22:15:16
500113025,24,13,11,2024-12-19 22:16:15
500113049,24,10,13,2024-12-19 22:24:14
500111031,24,15,9,2024-12-19 22:50:15
500110089,24,24,0,2024-12-19 22:58:15
500113049,24,14,9,2024-12-19 03:30:16
500103013,24,8,15,2024-12-19 23:29:14
500101173,24,12,0,2024-12-19 09:57:15
500107089,24,22,1,2024-12-19 09:25:16
500110086,24,23,1,2024-12-19 11:27:15
500107089,24,21,2,2024-12-19 10:02:15
500101035,24,20,4,2024-12-19 12:05:17
500104005,24,18,6,2024-12-19 09:35:16
500106039,24,18,6,2024-12-19 09:35:16
500101212,24,17,7,2024-12-19 12:46:15
500109093,24,17,7,2024-12-19 11:24:15
500101173,24,5,8,2024-12-19 10:24:15
500106098,24,12,10,2024-12-19 12:46:15
500109049,24,13,11,2024-12-19 10:06:14
500106098,24,10,12,2024-12-19 10:27:16
500108051,24,10,12,2024-12-19 09:58:15
500110038,24,12,12,2024-12-19 12:51:15
500104005,24,9,13,2024-12-19 11:41:15
500107042,24,11,13,2024-12-19 09:36:15
500110004,24,10,13,2024-12-19 09:06:15
500101212,24,10,14,2024-12-19 10:03:15
500110089,24,8,14,2024-12-19 09:46:16
500112014,24,10,14,2024-12-19 12:28:15
500112014,24,10,14,2024-12-19 12:38:15
500113049,24,9,14,2024-12-19 11:36:15
500101019,24,9,15,2024-12-19 12:47:15
500109049,24,9,15,2024-12-19 12:06:16
500110038,24,9,15,2024-12-19 09:09:15
500112014,24,9,15,2024-12-19 12:41:15
500112014,24,9,15,2024-12-19 10:23:15
500113049,24,8,15,2024-12-19 12:02:16
500113078,24,9,15,2024-12-19 12:53:15
500113079,24,8,15,2024-12-19 09:07:15
500101212,24,8,16,2024-12-19 09:46:16
500103013,24,8,16,2024-12-19 11:22:16
500104064,24,8,16,2024-12-19 09:53:15
500113078,24,8,16,2024-12-19 09:55:17
500103013,24,7,17,2024-12-19 10:54:15
500110004,24,6,17,2024-12-19 11:26:15
500110089,24,5,17,2024-12-19 13:02:14
500101019,24,6,18,2024-12-19 09:47:15
500101212,24,6,18,2024-12-19 09:27:15
500101216,24,5,18,2024-12-19 09:08:15
500105049,24,5,18,2024-12-19 08:28:15
500105049,24,5,18,2024-12-19 11:08:15
500110004,24,5,18,2024-12-19 12:20:15
500111051,24,6,18,2024-12-19 11:44:15
500101141,24,5,19,2024-12-19 09:55:16
500101216,24,3,20,2024-12-19 12:17:16
500112004,24,4,20,2024-12-19 11:00:18
500107048,24,3,21,2024-12-19 12:45:15
500111031,24,3,21,2024-12-19 09:22:14
500113079,24,2,21,2024-12-19 10:36:14
500101102,24,2,22,2024-12-19 09:25:17
500101141,24,2,22,2024-12-19 12:56:15
500101141,24,2,22,2024-12-19 11:21:15
500101216,24,1,22,2024-12-19 11:47:15
500111068,24,2,22,2024-12-19 09:35:16
500101102,24,1,23,2024-12-19 09:50:16
500107078,24,0,23,2024-12-19 09:52:16
500111051,24,1,23,2024-12-19 09:01:15
500111068,24,1,23,2024-12-19 09:46:16
500101102,24,0,24,2024-12-19 12:38:14
500101185,24,0,24,2024-12-19 10:01:16
500111068,24,24,0,2024-12-19 19:30:18
500101141,24,23,1,2024-12-19 19:19:15
500101141,24,23,1,2024-12-19 20:49:15
500107048,24,23,1,2024-12-19 19:14:16
500111051,24,23,1,2024-12-19 21:03:15
500111051,24,23,1,2024-12-19 18:18:16
500111051,24,23,1,2024-12-19 18:20:19
500111051,24,23,1,2024-12-19 18:46:15
500101141,24,22,2,2024-12-19 20:11:16
500111051,24,22,2,2024-12-19 18:51:15
500101216,24,20,4,2024-12-19 20:48:15
500110089,24,20,4,2024-12-19 21:18:14
500113079,24,18,5,2024-12-19 19:53:14
500111051,24,17,7,2024-12-19 17:38:16
500112014,24,17,7,2024-12-19 18:15:17
500109093,24,16,8,2024-12-19 17:53:15
500110089,24,16,8,2024-12-19 20:12:15
500111068,24,16,8,2024-12-19 17:56:16
500113079,24,15,8,2024-12-19 20:13:15
500101185,24,15,9,2024-12-19 17:46:15
500101185,24,14,10,2024-12-19 20:12:15
500101212,24,14,10,2024-12-19 17:28:15
500105049,24,14,10,2024-12-19 18:20:17
500110086,24,14,10,2024-12-19 20:11:15
500111031,24,14,10,2024-12-19 19:00:18
500106098,24,11,11,2024-12-19 17:39:15
500110004,24,13,11,2024-12-19 19:25:15
500111031,24,13,11,2024-12-19 18:55:17
500113079,24,12,11,2024-12-19 17:57:15
500109001,24,11,12,2024-12-19 19:33:15
500109049,24,12,12,2024-12-19 17:45:16
500113010,24,12,12,2024-12-19 19:10:17
500113079,24,11,12,2024-12-19 17:33:16
500101102,24,11,13,2024-12-19 20:53:15
500101173,24,11,13,2024-12-19 17:38:16
500101216,24,11,13,2024-12-19 19:07:15
500103013,24,11,13,2024-12-19 19:19:14
500103013,24,11,13,2024-12-19 18:39:16
500106098,24,9,13,2024-12-19 20:22:15
500109049,24,11,13,2024-12-19 19:23:15
500113078,24,11,13,2024-12-19 20:44:15
500101035,24,10,14,2024-12-19 20:03:15
500101173,24,10,14,2024-12-19 17:48:14
500101212,24,10,14,2024-12-19 19:19:15
500103013,24,10,14,2024-12-19 18:10:17
500106098,24,8,14,2024-12-19 20:46:16
500107048,24,10,14,2024-12-19 17:23:15
500108189,24,10,14,2024-12-19 19:18:15
500110004,24,10,14,2024-12-19 20:29:15
500101173,24,8,15,2024-12-19 19:19:15
500106098,24,6,16,2024-12-19 20:55:16
500109049,24,8,16,2024-12-19 21:17:15
500112089,24,5,16,2024-12-19 18:18:16
500101102,24,7,17,2024-12-19 20:38:15
500109093,24,7,17,2024-12-19 19:29:15
500101019,24,6,18,2024-12-19 19:26:15
500107048,24,2,18,2024-12-19 20:29:15
500110038,24,6,18,2024-12-19 20:11:16
500113025,24,6,18,2024-12-19 18:58:16
500104058,24,5,19,2024-12-19 17:29:16
500104064,24,5,19,2024-12-19 13:35:15
500112089,24,2,19,2024-12-19 18:52:15
500107042,24,4,20,2024-12-19 17:37:16
500110031,24,4,20,2024-12-19 19:37:16
500112004,24,4,20,2024-12-19 17:19:15
500112089,24,1,20,2024-12-19 20:09:15
500101102,24,3,21,2024-12-19 19:38:14
500107078,24,3,21,2024-12-19 20:06:15
500107078,24,3,21,2024-12-19 17:38:16
500110038,24,3,21,2024-12-19 18:28:16
500101173,24,2,22,2024-12-19 20:31:15
500106039,24,2,22,2024-12-19 19:07:15
500107078,24,2,22,2024-12-19 19:17:15
500112014,24,1,23,2024-12-19 21:08:15
500113025,24,1,23,2024-12-19 17:39:15
500113025,24,0,24,2024-12-19 17:59:15
500119089,24,0,24,2024-12-19 20:49:16
500101035,24,21,3,2024-12-19 16:06:15
500107042,24,21,3,2024-12-19 14:05:15
500119089,24,21,3,2024-12-19 15:08:14
500101035,24,20,4,2024-12-19 16:14:15
500101035,24,19,5,2024-12-19 15:55:16
500101141,24,19,5,2024-12-19 16:41:15
500119089,24,19,5,2024-12-19 15:18:15
500101035,24,18,6,2024-12-19 15:45:15
500101035,24,18,6,2024-12-19 13:54:15
500101035,24,18,6,2024-12-19 15:15:16
500106039,24,18,6,2024-12-19 13:20:17
500113025,24,18,6,2024-12-19 14:52:16
500106039,24,17,7,2024-12-19 13:17:15
500112014,24,17,7,2024-12-19 16:38:15
500113025,24,17,7,2024-12-19 14:28:15
500113049,24,16,7,2024-12-19 16:18:16
500101141,24,16,8,2024-12-19 16:27:16
500107042,24,16,8,2024-12-19 16:37:15
500110086,24,16,8,2024-12-19 15:04:15
500113049,24,15,8,2024-12-19 15:15:16
500113049,24,15,8,2024-12-19 14:25:16
500110038,24,15,9,2024-12-19 14:50:15
500113049,24,14,9,2024-12-19 16:46:15
500101019,24,13,11,2024-12-19 15:26:15
500101185,24,13,11,2024-12-19 17:07:15
500109049,24,13,11,2024-12-19 17:03:16
500110004,24,13,11,2024-12-19 16:29:15
500110038,24,13,11,2024-12-19 13:49:15
500107089,24,11,12,2024-12-19 17:07:15
500119089,24,12,12,2024-12-19 16:48:16
500106098,24,9,13,2024-12-19 16:18:16
500112089,24,8,13,2024-12-19 16:38:14
500101141,24,10,14,2024-12-19 15:42:15
500101141,24,10,14,2024-12-19 15:14:15
500106098,24,8,14,2024-12-19 16:36:15
500107089,24,9,14,2024-12-19 15:28:14
500110031,24,10,14,2024-12-19 14:37:14
500103013,24,8,16,2024-12-19 13:15:15
500107078,24,7,16,2024-12-19 14:13:15
500109049,24,8,16,2024-12-19 15:00:17
500110031,24,8,16,2024-12-19 16:58:15
500111068,24,8,16,2024-12-19 15:34:15
500107078,24,7,17,2024-12-19 16:20:17
500107078,24,6,17,2024-12-19 15:05:16
500109049,24,7,17,2024-12-19 15:24:15
500111051,24,7,17,2024-12-19 16:48:15
500111068,24,7,17,2024-12-19 15:51:15
500101185,24,6,18,2024-12-19 13:18:15
500103013,24,6,18,2024-12-19 15:13:16
500105049,24,5,18,2024-12-19 14:17:15
500107048,24,6,18,2024-12-19 14:15:16
500109049,24,6,18,2024-12-19 13:24:14
500101102,24,5,19,2024-12-19 17:06:16
500103013,24,5,19,2024-12-19 15:40:15
500107078,24,4,19,2024-12-19 13:09:15
500111051,24,5,19,2024-12-19 15:38:15
500101216,24,4,20,2024-12-19 16:38:15
500101185,24,3,21,2024-12-19 13:41:15
500101216,24,3,21,2024-12-19 14:54:15
500101216,24,1,22,2024-12-19 13:27:15
500112004,24,0,24,2024-12-19 15:49:15
500111031,24,14,10,2024-12-19 21:49:14
500111051,24,19,5,2024-12-19 21:40:15
500111068,24,21,3,2024-12-19 21:49:15
500110086,24,24,0,2024-12-19 06:51:15
500112089,24,21,0,2024-12-19 08:03:15
500113025,24,24,0,2024-12-19 07:46:15
500106039,24,23,1,2024-12-19 07:58:15
500110086,24,22,2,2024-12-19 06:20:15
500101173,24,20,4,2024-12-19 08:47:15
500101141,24,18,6,2024-12-19 06:56:15
500109049,24,18,6,2024-12-19 06:50:16
500101102,24,16,7,2024-12-19 06:38:15
500101185,24,17,7,2024-12-19 07:13:15
500112014,24,17,7,2024-12-19 06:25:15
500101212,24,16,8,2024-12-19 08:47:15
500110038,24,15,9,2024-12-19 06:53:15
500107089,24,13,10,2024-12-19 08:03:15
500110004,24,13,10,2024-12-19 08:46:15
500112004,24,14,10,2024-12-19 07:13:15
500104064,24,12,12,2024-12-19 05:18:15
500106039,24,12,12,2024-12-19 07:16:15
500109001,24,12,12,2024-12-19 07:51:15
500109001,24,12,12,2024-12-19 06:24:15
500111074,24,10,12,2024-12-19 07:37:15
500101019,24,11,13,2024-12-19 06:45:16
500111068,24,11,13,2024-12-19 07:26:15
500113049,24,10,13,2024-12-19 06:35:14
500101102,24,9,14,2024-12-19 07:46:15
500101173,24,10,14,2024-12-19 07:47:15
500101212,24,10,14,2024-12-19 07:56:15
500111031,24,10,14,2024-12-19 08:16:15
500113010,24,10,14,2024-12-19 08:09:15
500113010,24,10,14,2024-12-19 06:48:15
500108051,24,7,15,2024-12-19 08:45:15
500108118,24,6,15,2024-12-19 06:17:14
500110031,24,9,15,2024-12-19 07:17:14
500110038,24,9,15,2024-12-19 08:57:14
500113010,24,9,15,2024-12-19 07:22:15
500110031,24,8,16,2024-12-19 06:37:14
500113078,24,8,16,2024-12-19 08:02:15
500101035,24,6,18,2024-12-19 07:34:15
500111031,24,6,18,2024-12-19 08:40:17
500101173,24,5,19,2024-12-19 06:51:15
500101216,24,4,19,2024-12-19 05:50:15
500103013,24,3,19,2024-12-19 05:30:15
500104005,24,5,19,2024-12-19 06:12:15
500111051,24,4,20,2024-12-19 07:37:15
500113078,24,4,20,2024-12-19 07:26:15
500106039,24,3,21,2024-12-19 06:25:15
500107089,24,2,21,2024-12-19 05:56:14
500101173,24,2,22,2024-12-19 07:26:15
500101216,24,1,22,2024-12-19 08:26:15
500107078,24,9,15,2024-12-19 23:26:15
500101185,24,18,6,2024-12-19 00:18:14
500101212,24,2,22,2024-12-19 00:05:15
500113049,24,0,23,2024-12-19 00:46:15
500113079,24,16,5,2024-12-19 23:36:15
500101212,24,0,24,2024-12-19 00:50:16
500113049,24,5,18,2024-12-19 01:15:16
500104064,24,10,14,2024-12-19 01:16:15
500110086,24,17,7,2024-12-19 01:00:17
500107089,24,7,16,2024-12-19 23:09:15
500107048,24,8,11,2024-12-19 23:19:15
500113049,24,11,12,2024-12-19 23:15:15
500113025,24,14,10,2024-12-19 22:58:15
500112004,24,6,18,2024-12-19 21:50:17
500101216,24,9,15,2024-12-19 22:34:14
500111031,24,15,9,2024-12-19 22:18:15
500106098,24,1,21,2024-12-19 21:23:15
500113049,24,10,13,2024-12-19 21:31:15
500106098,24,2,20,2024-12-19 02:32:15
500108051,24,15,8,2024-12-19 02:55:15
500101102,24,24,0,2024-12-19 03:04:15
500110031,24,2,22,2024-12-19 04:03:16
500107078,24,13,11,2024-12-19 04:26:15
500113049,24,10,13,2024-12-19 22:07:15
500109001,24,12,11,2024-12-19 22:07:15
500111031,24,14,10,2024-12-19 22:00:16
500109093,24,16,8,2024-12-19 22:05:16
500106098,24,1,21,2024-12-19 21:46:15
500112089,24,3,18,2024-12-19 21:50:17
500103013,24,8,16,2024-12-19 21:59:15
500113079,24,15,6,2024-12-19 21:45:15
500101185,24,15,9,2024-12-19 21:59:15
500101212,24,6,18,2024-12-19 23:57:15
500101019,24,9,14,2024-12-19 23:48:15
500101141,24,9,15,2024-12-19 23:58:14
500106039,24,2,22,2024-12-19 00:34:14
500101185,24,19,5,2024-12-19 00:28:15
500103013,24,19,3,2024-12-19 01:35:15
500107078,24,15,9,2024-12-19 02:22:15
500111068,24,16,8,2024-12-19 22:55:16
500106098,24,1,21,2024-12-19 22:15:16
500101035,24,2,22,2024-12-19 22:14:15
500101102,24,12,12,2024-12-19 22:15:16
500110031,24,3,21,2024-12-19 04:42:14
500101035,24,24,0,2024-12-19 10:38:15
500110086,24,24,0,2024-12-19 10:55:16
500110086,24,24,0,2024-12-19 11:17:15
500106039,24,22,2,2024-12-19 10:06:15
500119089,24,22,2,2024-12-19 11:15:16
500101173,24,10,3,2024-12-19 12:47:15
500107042,24,21,3,2024-12-19 12:39:15
500110086,24,20,4,2024-12-19 12:15:16
500112089,24,17,4,2024-12-19 09:37:15
500113025,24,18,6,2024-12-19 09:02:15
500119089,24,18,6,2024-12-19 09:27:15
500110086,24,17,7,2024-12-19 12:24:16
500112089,24,14,7,2024-12-19 12:18:15
500101035,24,16,8,2024-12-19 13:01:15
500101173,24,16,8,2024-12-19 09:27:15
500108189,24,16,8,2024-12-19 09:06:14
500101019,24,15,9,2024-12-19 10:48:15
500113025,24,15,9,2024-12-19 12:14:16
500107089,24,13,10,2024-12-19 11:16:15
500108051,24,11,11,2024-12-19 09:55:17
500108118,24,10,11,2024-12-19 11:46:14
500112089,24,10,11,2024-12-19 12:35:15
500107089,24,11,12,2024-12-19 12:24:16
500101212,24,11,13,2024-12-19 10:39:16
500106098,24,9,13,2024-12-19 12:19:16
500110089,24,9,13,2024-12-19 12:36:15
500110089,24,9,13,2024-12-19 10:27:16
500113010,24,11,13,2024-12-19 08:44:16
500101212,24,10,14,2024-12-19 10:34:14
500101212,24,10,14,2024-12-19 11:25:15
500108051,24,8,14,2024-12-19 12:27:15
500110038,24,10,14,2024-12-19 09:24:15
500110089,24,8,14,2024-12-19 11:14:15
500113049,24,9,14,2024-12-19 09:47:15
500103013,24,9,15,2024-12-19 10:25:16
500107089,24,8,15,2024-12-19 12:35:15
500110031,24,9,15,2024-12-19 12:06:16
500110038,24,9,15,2024-12-19 12:12:15
500112014,24,9,15,2024-12-19 11:44:15
500113049,24,8,15,2024-12-19 10:02:15
500111031,24,8,16,2024-12-19 10:20:16
500112014,24,8,16,2024-12-19 11:26:15
500113078,24,8,16,2024-12-19 12:38:15
500113078,24,8,16,2024-12-19 10:55:17
500110038,24,6,18,2024-12-19 10:35:16
500110089,24,4,18,2024-12-19 12:48:15
500111051,24,6,18,2024-12-19 09:58:15
500113078,24,6,18,2024-12-19 08:51:15
500103013,24,5,19,2024-12-19 11:48:15
500103013,24,5,19,2024-12-19 12:03:15
500107078,24,4,19,2024-12-19 12:52:15
500101141,24,4,20,2024-12-19 12:39:15
500101216,24,3,20,2024-12-19 09:24:15
500105049,24,3,20,2024-12-19 12:12:15
500111031,24,4,20,2024-12-19 09:37:15
500101102,24,3,21,2024-12-19 09:05:16
500101216,24,2,21,2024-12-19 10:37:16
500107078,24,2,21,2024-12-19 12:28:15
500107078,24,2,21,2024-12-19 10:54:15
500101141,24,2,22,2024-12-19 09:37:15
500101185,24,2,22,2024-12-19 10:54:15
500101216,24,1,22,2024-12-19 09:50:16
500107048,24,1,22,2024-12-19 09:26:15
500109001,24,2,22,2024-12-19 10:25:16
500101102,24,1,23,2024-12-19 11:34:15
500101141,24,1,23,2024-12-19 12:01:16
500101141,24,1,23,2024-12-19 12:19:16
500101141,24,1,23,2024-12-19 10:57:15
500101185,24,1,23,2024-12-19 11:17:15
500112014,24,0,24,2024-12-19 09:26:15
500101212,24,1,23,2024-12-19 02:30:17
500109001,24,24,0,2024-12-19 18:13:17
500101141,24,23,1,2024-12-19 17:42:17
500109001,24,23,1,2024-12-19 18:08:16
500111051,24,23,1,2024-12-19 20:24:16
500110038,24,22,2,2024-12-19 17:35:16
500113049,24,21,2,2024-12-19 18:13:16
500110038,24,19,5,2024-12-19 17:59:15
500110086,24,19,5,2024-12-19 18:26:16
500101212,24,18,6,2024-12-19 18:58:15
500103013,24,18,6,2024-12-19 20:12:15
500107048,24,18,6,2024-12-19 19:49:15
500113049,24,17,6,2024-12-19 18:58:16
500113079,24,17,6,2024-12-19 19:25:15
500112014,24,17,7,2024-12-19 18:38:16
500113010,24,17,7,2024-12-19 17:13:14
500113049,24,15,8,2024-12-19 20:53:15
500101185,24,15,9,2024-12-19 19:15:15
500101212,24,15,9,2024-12-19 18:48:15
500106098,24,13,9,2024-12-19 19:13:15
500110004,24,14,10,2024-12-19 18:46:15
500101185,24,13,11,2024-12-19 20:36:15
500101212,24,13,11,2024-12-19 17:57:15
500110089,24,13,11,2024-12-19 19:06:16
500111031,24,13,11,2024-12-19 21:07:15
500111074,24,13,11,2024-12-19 20:28:15
500107048,24,12,12,2024-12-19 17:32:15
500106098,24,9,13,2024-12-19 20:05:16
500101173,24,9,14,2024-12-19 19:47:15
500103013,24,10,14,2024-12-19 17:59:14
500111031,24,10,14,2024-12-19 17:38:16
500113078,24,10,14,2024-12-19 19:50:16
500113078,24,10,14,2024-12-19 18:40:17
500103013,24,9,15,2024-12-19 17:36:15
500113078,24,9,15,2024-12-19 19:49:15
500104005,24,8,16,2024-12-19 20:52:14
500106039,24,8,16,2024-12-19 18:18:16
500109001,24,7,16,2024-12-19 19:16:15
500112014,24,8,16,2024-12-19 18:58:16
500112089,24,5,16,2024-12-19 17:51:16
500103013,24,7,17,2024-12-19 17:25:16
500101035,24,6,18,2024-12-19 18:07:16
500101035,24,6,18,2024-12-19 19:07:15
500101216,24,6,18,2024-12-19 17:59:14
500108118,24,2,19,2024-12-19 18:02:14
500110031,24,5,19,2024-12-19 18:35:16
500110038,24,5,19,2024-12-19 20:29:14
500112004,24,5,19,2024-12-19 17:39:15
500112004,24,5,19,2024-12-19 18:04:16
500110031,24,4,20,2024-12-19 17:36:15
500104005,24,1,21,2024-12-19 19:01:15
500104064,24,3,21,2024-12-19 20:24:15
500107089,24,2,21,2024-12-19 19:50:16
500110031,24,3,21,2024-12-19 20:09:15
500107042,24,2,22,2024-12-19 17:47:16
500107042,24,2,22,2024-12-19 17:50:15
500101035,24,1,23,2024-12-19 17:48:16
500106039,24,1,23,2024-12-19 18:53:15
500106039,24,21,3,2024-12-19 13:38:15
500101173,24,13,5,2024-12-19 14:28:16
500101212,24,18,6,2024-12-19 14:28:15
500109001,24,18,6,2024-12-19 14:57:15
500101173,24,11,7,2024-12-19 15:48:15
500109001,24,17,7,2024-12-19 15:38:15
500112089,24,14,7,2024-12-19 14:35:15
500113025,24,17,7,2024-12-19 16:36:15
500113049,24,16,7,2024-12-19 16:01:16
500109001,24,16,8,2024-12-19 16:58:15
500106039,24,15,9,2024-12-19 16:18:16
500109001,24,15,9,2024-12-19 16:45:17
500113079,24,14,9,2024-12-19 17:03:15
500110038,24,14,10,2024-12-19 14:04:14
500107089,24,12,11,2024-12-19 16:37:15
500109093,24,13,11,2024-12-19 16:47:15
500113079,24,11,12,2024-12-19 16:43:15
500106098,24,9,13,2024-12-19 13:43:14
500108051,24,10,13,2024-12-19 16:14:15
500110004,24,11,13,2024-12-19 17:08:16
500101019,24,10,14,2024-12-19 13:25:16
500101185,24,9,15,2024-12-19 16:36:15
500105049,24,9,15,2024-12-19 17:07:15
500107089,24,7,16,2024-12-19 14:22:15
500105049,24,7,17,2024-12-19 16:36:15
500107048,24,7,17,2024-12-19 15:15:16
500109049,24,7,17,2024-12-19 16:54:16
500113079,24,6,17,2024-12-19 13:09:15
500101102,24,6,18,2024-12-19 16:20:17
500101102,24,4,20,2024-12-19 17:13:15
500101216,24,4,20,2024-12-19 17:08:16
500110089,24,3,21,2024-12-19 15:49:15
500101216,24,2,22,2024-12-19 15:35:16
500101216,24,1,23,2024-12-19 14:46:16
500109093,24,14,10,2024-12-19 21:44:15
500109049,24,24,0,2024-12-19 06:24:16
500106098,24,20,2,2024-12-19 08:26:15
500107048,24,20,3,2024-12-19 05:46:14
500107089,24,19,4,2024-12-19 08:27:16
500113025,24,20,4,2024-12-19 05:32:15
500110089,24,17,5,2024-12-19 06:33:15
500113025,24,19,5,2024-12-19 06:56:15
500107048,24,17,6,2024-12-19 06:22:14
500109049,24,18,6,2024-12-19 06:35:16
500110038,24,18,6,2024-12-19 06:14:15
500112089,24,14,7,2024-12-19 06:26:15
500106098,24,14,8,2024-12-19 08:57:16
500109049,24,16,8,2024-12-19 08:02:15
500113079,24,10,8,2024-12-19 05:48:14
500108118,24,12,9,2024-12-19 07:28:15
500111031,24,15,9,2024-12-19 07:47:15
500108051,24,12,10,2024-12-19 08:03:14
500108118,24,11,10,2024-12-19 08:02:15
500109001,24,14,10,2024-12-19 05:50:15
500109049,24,14,10,2024-12-19 08:51:15
500109093,24,14,10,2024-12-19 07:37:15
500107048,24,12,11,2024-12-19 06:55:16
500111051,24,13,11,2024-12-19 06:07:15
500110086,24,12,12,2024-12-19 08:23:15
500111031,24,12,12,2024-12-19 07:52:15
500113079,24,11,12,2024-12-19 08:43:15
500101102,24,10,13,2024-12-19 07:49:16
500107042,24,11,13,2024-12-19 06:36:14
500111051,24,11,13,2024-12-19 05:31:14
500111074,24,9,13,2024-12-19 07:46:15
500101212,24,10,14,2024-12-19 07:47:15
500104005,24,10,14,2024-12-19 07:23:15
500107042,24,10,14,2024-12-19 07:53:16
500110004,24,9,14,2024-12-19 07:36:15
500119089,24,10,14,2024-12-19 08:46:15
500119089,24,10,14,2024-12-19 08:57:14
500106098,24,7,15,2024-12-19 06:40:16
500113010,24,9,15,2024-12-19 07:53:16
500104064,24,8,16,2024-12-19 08:03:15
500110086,24,8,16,2024-12-19 07:37:15
500111031,24,8,16,2024-12-19 08:29:15
500101173,24,2,17,2024-12-19 05:00:16
500106098,24,5,17,2024-12-19 07:32:15
500107042,24,7,17,2024-12-19 08:16:14
500119089,24,7,17,2024-12-19 08:34:15
500101212,24,5,19,2024-12-19 05:09:15
500107078,24,4,19,2024-12-19 08:27:16
500107089,24,4,19,2024-12-19 06:37:14
500101141,24,4,20,2024-12-19 07:57:16
500101216,24,3,20,2024-12-19 08:47:15
500103013,24,2,20,2024-12-19 07:23:15
500107078,24,3,20,2024-12-19 08:02:15
500107078,24,2,21,2024-12-19 07:45:16
500101141,24,2,22,2024-12-19 08:26:15
500101173,24,2,22,2024-12-19 08:17:15
500101216,24,1,22,2024-12-19 06:29:15
500107048,24,1,22,2024-12-19 08:15:16
500111068,24,2,22,2024-12-19 07:55:17
500101212,24,1,23,2024-12-19 05:00:16
500112014,24,1,23,2024-12-19 08:14:16
500112014,24,0,24,2024-12-19 08:56:16
500101019,24,8,16,2024-12-19 00:28:14
500113049,24,1,22,2024-12-19 00:07:15
500111037,25,5,20,2024-12-19 23:18:15
500108055,25,8,16,2024-12-19 22:47:15
500108067,25,8,17,2024-12-19 23:00:16
500108060,25,15,10,2024-12-19 21:31:15
500111001,25,16,9,2024-12-19 23:40:15
500101098,25,7,18,2024-12-19 22:53:15
500109088,25,13,12,2024-12-19 23:21:15
500112012,25,16,1,2024-12-19 23:51:15
500108156,25,2,22,2024-12-19 00:30:16
500101140,25,2,23,2024-12-19 00:49:15
500104083,25,4,21,2024-12-19 00:52:15
500106010,25,22,3,2024-12-19 00:15:16
500101040,25,1,23,2024-12-19 22:13:15
500107126,25,4,20,2024-12-19 23:12:15
500112078,25,7,10,2024-12-19 22:53:15
500109071,25,7,18,2024-12-19 23:02:14
500101231,25,12,13,2024-12-19 22:50:16
500109005,25,14,11,2024-12-19 22:33:15
500109088,25,14,11,2024-12-19 22:57:14
500108158,25,12,13,2024-12-19 21:48:16
500113005,25,13,11,2024-12-19 22:31:16
500112105,25,6,19,2024-12-19 21:39:15
500112012,25,10,8,2024-12-19 21:37:15
500104095,25,10,15,2024-12-19 21:37:15
500105030,25,22,3,2024-12-19 21:36:15
500108159,25,4,21,2024-12-19 02:36:14
500108097,25,12,12,2024-12-19 02:06:15
500113005,25,16,8,2024-12-19 02:49:15
500113005,25,4,20,2024-12-19 04:09:15
500106119,25,12,10,2024-12-19 21:54:15
500111017,25,17,8,2024-12-19 21:56:15
500107040,25,22,3,2024-12-19 22:09:15
500112105,25,12,13,2024-12-19 01:21:15
500101194,25,3,9,2024-12-19 21:54:15
500112105,25,3,22,2024-12-19 21:58:14
500101231,25,5,20,2024-12-19 21:55:17
500107170,25,15,5,2024-12-19 21:46:15
500101221,25,11,14,2024-12-19 23:22:15
500106119,25,12,10,2024-12-19 23:38:15
500101162,25,19,6,2024-12-19 23:23:14
500101194,25,1,11,2024-12-19 01:01:20
500113005,25,17,7,2024-12-19 00:01:15
500112012,25,16,4,2024-12-19 01:38:15
500108089,25,11,14,2024-12-19 22:42:15
500101146,25,19,4,2024-12-19 22:48:15
500111072,25,18,7,2024-12-19 04:41:15
500113005,25,6,18,2024-12-19 04:07:15
500101247,25,1,24,2024-12-19 23:24:14
500111001,25,15,10,2024-12-19 23:25:16
500101194,25,12,0,2024-12-19 09:32:15
500101194,25,12,0,2024-12-19 11:40:16
500101221,25,25,0,2024-12-19 11:35:16
500101237,25,24,0,2024-12-19 09:56:16
500111043,25,24,0,2024-12-19 09:00:20
500101194,25,11,1,2024-12-19 10:02:14
500101221,25,24,1,2024-12-19 09:09:15
500101237,25,23,1,2024-12-19 09:08:15
500101221,25,23,2,2024-12-19 12:08:15
500103026,25,23,2,2024-12-19 09:37:15
500104069,25,22,2,2024-12-19 11:12:16
500111043,25,22,2,2024-12-19 12:45:16
500103026,25,22,3,2024-12-19 11:12:16
500104069,25,21,3,2024-12-19 10:19:15
500101146,25,20,4,2024-12-19 12:38:15
500101162,25,20,5,2024-12-19 12:37:15
500101194,25,7,5,2024-12-19 12:46:15
500110064,25,20,5,2024-12-19 09:37:15
500105080,25,19,6,2024-12-19 08:50:16
500109088,25,19,6,2024-12-19 09:23:15
500109088,25,19,6,2024-12-19 12:08:15
500112105,25,19,6,2024-12-19 12:58:15
500104045,25,17,7,2024-12-19 09:32:14
500109008,25,18,7,2024-12-19 12:07:16
500105030,25,17,8,2024-12-19 09:48:15
500108156,25,16,8,2024-12-19 12:32:16
500109071,25,17,8,2024-12-19 12:48:14
500104029,25,14,9,2024-12-19 12:28:15
500106101,25,15,9,2024-12-19 11:19:15
500106119,25,16,9,2024-12-19 09:41:15
500109002,25,16,9,2024-12-19 11:06:15
500109008,25,16,9,2024-12-19 10:02:15
500110064,25,16,9,2024-12-19 10:36:14
500110064,25,16,9,2024-12-19 11:27:15
500109008,25,15,10,2024-12-19 10:22:15
500109071,25,15,10,2024-12-19 12:07:16
500111071,25,14,10,2024-12-19 12:08:15
500112105,25,15,10,2024-12-19 09:07:15
500107170,25,14,11,2024-12-19 09:27:15
500108089,25,14,11,2024-12-19 09:47:14
500111071,25,13,11,2024-12-19 09:29:15
500111071,25,13,11,2024-12-19 11:43:15
500108055,25,13,12,2024-12-19 12:27:15
500110064,25,13,12,2024-12-19 12:28:15
500101092,25,12,13,2024-12-19 12:28:15
500104020,25,12,13,2024-12-19 11:23:14
500104050,25,12,13,2024-12-19 12:02:16
500104132,25,12,13,2024-12-19 10:26:14
500106119,25,9,13,2024-12-19 09:08:15
500107126,25,11,13,2024-12-19 10:44:16
500108147,25,12,13,2024-12-19 13:00:16
500101092,25,11,14,2024-12-19 13:03:15
500104020,25,11,14,2024-12-19 12:17:16
500104132,25,11,14,2024-12-19 10:17:16
500108089,25,11,14,2024-12-19 12:21:15
500111037,25,11,14,2024-12-19 09:27:15
500110064,25,10,15,2024-12-19 12:38:15
500111037,25,10,15,2024-12-19 09:09:15
500101231,25,9,16,2024-12-19 11:30:17
500103012,25,9,16,2024-12-19 10:35:15
500107159,25,9,16,2024-12-19 10:37:16
500108088,25,9,16,2024-12-19 10:56:15
500104040,25,8,17,2024-12-19 12:51:15
500107170,25,8,17,2024-12-19 12:28:15
500111037,25,8,17,2024-12-19 09:47:15
500111037,25,8,17,2024-12-19 11:46:15
500101023,25,7,18,2024-12-19 12:47:15
500101023,25,7,18,2024-12-19 09:26:15
500101092,25,7,18,2024-12-19 09:07:15
500107126,25,6,18,2024-12-19 13:02:14
500108055,25,7,18,2024-12-19 10:22:16
500108131,25,7,18,2024-12-19 12:41:15
500109041,25,5,18,2024-12-19 11:22:16
500111061,25,7,18,2024-12-19 09:49:14
500112012,25,5,18,2024-12-19 13:03:14
500109087,25,6,19,2024-12-19 09:37:15
500112117,25,6,19,2024-12-19 12:49:15
500108039,25,4,20,2024-12-19 11:18:16
500108115,25,4,20,2024-12-19 09:32:15
500111048,25,5,20,2024-12-19 11:28:16
500112060,25,4,20,2024-12-19 12:17:16
500101247,25,4,21,2024-12-19 12:08:15
500108147,25,4,21,2024-12-19 12:23:16
500108147,25,4,21,2024-12-19 09:00:18
500112012,25,2,21,2024-12-19 09:56:16
500112057,25,3,21,2024-12-19 12:23:16
500108039,25,2,22,2024-12-19 12:07:16
500108039,25,2,22,2024-12-19 12:16:15
500112012,25,1,22,2024-12-19 10:33:15
500113007,25,3,22,2024-12-19 10:06:15
500112012,25,0,23,2024-12-19 09:03:15
500112060,25,1,23,2024-12-19 10:34:15
500105024,25,1,24,2024-12-19 09:57:15
500106075,25,1,24,2024-12-19 12:05:16
500111017,25,1,24,2024-12-19 12:05:16
500101040,25,0,25,2024-12-19 09:07:15
500105011,25,0,25,2024-12-19 09:22:16
500105024,25,0,25,2024-12-19 12:08:15
500108011,25,0,25,2024-12-19 10:21:16
500109005,25,0,25,2024-12-19 12:37:15
500111017,25,0,25,2024-12-19 09:09:15
500101221,25,25,0,2024-12-19 18:08:16
500112060,25,23,1,2024-12-19 20:37:16
500111037,25,23,2,2024-12-19 18:18:16
500101162,25,22,3,2024-12-19 21:07:16
500108106,25,22,3,2024-12-19 20:08:15
500101146,25,20,4,2024-12-19 18:08:16
500101221,25,21,4,2024-12-19 20:12:15
500105030,25,21,4,2024-12-19 20:51:16
500108106,25,21,4,2024-12-19 21:18:15
500109088,25,21,4,2024-12-19 18:42:16
500108106,25,20,5,2024-12-19 19:46:15
500111037,25,20,5,2024-12-19 18:07:16
500108159,25,19,6,2024-12-19 17:48:15
500112060,25,18,6,2024-12-19 19:27:15
500107170,25,18,7,2024-12-19 17:15:17
500108159,25,18,7,2024-12-19 18:05:16
500103026,25,17,8,2024-12-19 17:45:16
500112078,25,13,8,2024-12-19 20:48:15
500101194,25,3,9,2024-12-19 20:11:16
500101194,25,3,9,2024-12-19 19:25:15
500104132,25,16,9,2024-12-19 18:25:17
500105030,25,16,9,2024-12-19 19:37:16
500105108,25,16,9,2024-12-19 18:46:15
500106119,25,16,9,2024-12-19 19:18:15
500108158,25,16,9,2024-12-19 17:47:16
500109005,25,16,9,2024-12-19 20:24:15
500109008,25,16,9,2024-12-19 18:07:15
500112027,25,16,9,2024-12-19 18:08:16
500101023,25,15,10,2024-12-19 20:49:15
500104045,25,14,10,2024-12-19 19:53:16
500105011,25,15,10,2024-12-19 18:47:16
500105030,25,15,10,2024-12-19 19:39:15
500105108,25,15,10,2024-12-19 19:02:15
500108158,25,15,10,2024-12-19 18:05:16
500112078,25,14,10,2024-12-19 17:33:16
500113005,25,14,10,2024-12-19 19:53:15
500107159,25,14,11,2024-12-19 18:07:16
500108067,25,14,11,2024-12-19 17:17:16
500108067,25,14,11,2024-12-19 19:07:15
500108097,25,13,11,2024-12-19 17:02:15
500109005,25,14,11,2024-12-19 20:07:15
500112012,25,7,11,2024-12-19 21:08:15
500101023,25,13,12,2024-12-19 20:06:15
500107159,25,13,12,2024-12-19 17:48:15
500108158,25,13,12,2024-12-19 19:41:16
500111071,25,13,12,2024-12-19 18:30:17
500104029,25,11,13,2024-12-19 17:27:16
500105024,25,12,13,2024-12-19 19:03:15
500106119,25,9,13,2024-12-19 21:05:15
500109071,25,12,13,2024-12-19 17:33:16
500109095,25,12,13,2024-12-19 20:45:16
500111072,25,12,13,2024-12-19 19:58:14
500112012,25,5,13,2024-12-19 20:34:15
500101162,25,11,14,2024-12-19 18:22:15
500101231,25,11,14,2024-12-19 17:38:16
500104040,25,11,14,2024-12-19 20:39:16
500106119,25,8,14,2024-12-19 21:14:15
500107159,25,11,14,2024-12-19 18:28:15
500109095,25,11,14,2024-12-19 18:18:15
500101140,25,9,15,2024-12-19 21:11:15
500101231,25,10,15,2024-12-19 17:59:15
500106010,25,9,15,2024-12-19 20:48:15
500106010,25,9,15,2024-12-19 21:08:15
500108159,25,10,15,2024-12-19 18:59:14
500109041,25,8,15,2024-12-19 17:30:16
500112027,25,10,15,2024-12-19 18:44:16
500101023,25,9,16,2024-12-19 19:26:15
500101023,25,9,16,2024-12-19 19:38:14
500101040,25,8,16,2024-12-19 19:27:15
500104132,25,9,16,2024-12-19 18:07:16
500106095,25,8,16,2024-12-19 21:18:15
500106119,25,9,16,2024-12-19 18:01:16
500107126,25,8,16,2024-12-19 17:59:15
500109005,25,9,16,2024-12-19 18:28:16
500111017,25,9,16,2024-12-19 18:33:16
500111048,25,9,16,2024-12-19 20:08:15
500111071,25,9,16,2024-12-19 19:53:15
500101040,25,7,17,2024-12-19 19:11:15
500101146,25,6,17,2024-12-19 19:17:15
500101247,25,8,17,2024-12-19 19:58:14
500104083,25,8,17,2024-12-19 20:15:16
500104083,25,8,17,2024-12-19 17:38:16
500104132,25,8,17,2024-12-19 17:45:16
500106101,25,7,17,2024-12-19 17:21:15
500107159,25,8,17,2024-12-19 20:08:15
500107159,25,8,17,2024-12-19 19:48:15
500107159,25,8,17,2024-12-19 21:00:16
500112012,25,6,17,2024-12-19 18:27:15
500112057,25,4,17,2024-12-19 19:58:15
500112057,25,4,17,2024-12-19 20:06:15
500112117,25,8,17,2024-12-19 18:48:15
500101040,25,6,18,2024-12-19 18:58:16
500101040,25,6,18,2024-12-19 19:49:15
500101146,25,5,18,2024-12-19 20:52:14
500101231,25,7,18,2024-12-19 20:56:15
500106075,25,7,18,2024-12-19 21:07:16
500111001,25,7,18,2024-12-19 18:30:17
500111072,25,7,18,2024-12-19 19:17:15
500113005,25,6,18,2024-12-19 17:37:16
500106075,25,6,19,2024-12-19 19:28:15
500106095,25,5,19,2024-12-19 18:06:15
500106095,25,5,19,2024-12-19 20:59:15
500106119,25,6,19,2024-12-19 17:30:16
500108096,25,6,19,2024-12-19 18:31:15
500108131,25,6,19,2024-12-19 18:40:17
500111017,25,6,19,2024-12-19 18:13:16
500111072,25,6,19,2024-12-19 17:52:15
500111072,25,6,19,2024-12-19 18:52:15
500106075,25,5,20,2024-12-19 18:28:15
500107040,25,5,20,2024-12-19 17:33:16
500112117,25,5,20,2024-12-19 20:50:16
500106095,25,3,21,2024-12-19 19:28:15
500107126,25,3,21,2024-12-19 21:20:16
500108039,25,4,21,2024-12-19 19:22:16
500112012,25,2,21,2024-12-19 17:45:16
500101098,25,3,22,2024-12-19 19:44:15
500101237,25,3,22,2024-12-19 20:47:15
500108089,25,3,22,2024-12-19 21:10:16
500108115,25,3,22,2024-12-19 19:33:15
500101092,25,2,23,2024-12-19 19:06:16
500101092,25,2,23,2024-12-19 19:29:15
500101098,25,2,23,2024-12-19 19:25:15
500101237,25,2,23,2024-12-19 21:06:14
500103026,25,2,23,2024-12-19 19:25:15
500103026,25,2,23,2024-12-19 19:48:16
500101237,25,1,24,2024-12-19 17:48:15
500103026,25,1,24,2024-12-19 19:59:16
500103026,25,1,24,2024-12-19 19:34:15
500101098,25,0,25,2024-12-19 17:47:15
500103026,25,24,1,2024-12-19 15:15:16
500109088,25,24,1,2024-12-19 15:50:16
500101040,25,22,2,2024-12-19 16:56:15
500109088,25,23,2,2024-12-19 16:16:15
500101040,25,21,3,2024-12-19 16:48:16
500101040,25,21,3,2024-12-19 15:36:15
500106010,25,21,3,2024-12-19 14:07:15
500110064,25,22,3,2024-12-19 13:59:14
500108156,25,20,4,2024-12-19 17:14:16
500106095,25,18,6,2024-12-19 15:53:14
500101237,25,18,7,2024-12-19 13:58:16
500104020,25,18,7,2024-12-19 15:06:14
500106095,25,17,7,2024-12-19 16:34:16
500106095,25,17,7,2024-12-19 16:44:15
500109008,25,18,7,2024-12-19 13:27:15
500112105,25,18,7,2024-12-19 13:23:15
500104020,25,17,8,2024-12-19 17:08:16
500108067,25,17,8,2024-12-19 16:08:16
500101040,25,15,9,2024-12-19 15:16:15
500101237,25,16,9,2024-12-19 14:24:15
500108097,25,14,10,2024-12-19 16:43:15
500108158,25,15,10,2024-12-19 15:26:15
500108159,25,15,10,2024-12-19 15:32:14
500105011,25,14,11,2024-12-19 16:36:15
500107159,25,14,11,2024-12-19 15:05:16
500107170,25,13,12,2024-12-19 16:10:16
500108055,25,13,12,2024-12-19 15:37:15
500108159,25,13,12,2024-12-19 13:49:15
500107170,25,12,13,2024-12-19 16:33:15
500108169,25,12,13,2024-12-19 17:13:15
500108137,25,11,14,2024-12-19 16:49:15
500101146,25,9,15,2024-12-19 15:04:15
500101231,25,10,15,2024-12-19 16:07:15
500106101,25,9,15,2024-12-19 15:44:15
500107040,25,10,15,2024-12-19 15:20:16
500108089,25,10,15,2024-12-19 13:20:17
500109056,25,10,15,2024-12-19 16:58:14
500109095,25,10,15,2024-12-19 16:38:15
500112105,25,10,15,2024-12-19 17:07:15
500107040,25,9,16,2024-12-19 15:13:16
500107126,25,8,16,2024-12-19 13:38:16
500108131,25,8,17,2024-12-19 13:10:16
500107040,25,7,18,2024-12-19 16:50:17
500108131,25,7,18,2024-12-19 14:08:15
500111001,25,7,18,2024-12-19 14:24:14
500112012,25,5,18,2024-12-19 15:02:15
500104045,25,5,19,2024-12-19 17:14:16
500104132,25,6,19,2024-12-19 14:41:15
500108039,25,5,19,2024-12-19 14:25:16
500111037,25,6,19,2024-12-19 16:35:15
500111072,25,6,19,2024-12-19 15:06:15
500112012,25,4,19,2024-12-19 13:45:16
500101023,25,5,20,2024-12-19 16:36:15
500104083,25,5,20,2024-12-19 13:50:17
500106075,25,5,20,2024-12-19 13:46:16
500103012,25,4,21,2024-12-19 16:16:15
500104132,25,4,21,2024-12-19 17:14:16
500106075,25,4,21,2024-12-19 13:55:16
500106075,25,4,21,2024-12-19 14:51:15
500111037,25,4,21,2024-12-19 16:40:16
500111072,25,4,21,2024-12-19 17:12:16
500105024,25,3,22,2024-12-19 14:22:16
500101023,25,2,23,2024-12-19 15:33:15
500105024,25,2,23,2024-12-19 15:46:16
500112027,25,2,23,2024-12-19 16:49:15
500101098,25,1,24,2024-12-19 15:48:15
500108011,25,1,24,2024-12-19 16:14:15
500111048,25,1,24,2024-12-19 16:46:15
500105024,25,0,25,2024-12-19 16:37:16
500111017,25,0,25,2024-12-19 16:55:16
500111048,25,0,25,2024-12-19 16:34:15
500106101,25,7,17,2024-12-19 21:40:16
500108096,25,9,16,2024-12-19 21:46:15
500106119,25,13,9,2024-12-19 21:46:15
500101140,25,24,1,2024-12-19 08:57:15
500101194,25,11,1,2024-12-19 08:15:16
500101194,25,11,1,2024-12-19 08:43:15
500111043,25,23,1,2024-12-19 08:30:20
500107170,25,20,2,2024-12-19 07:42:16
500109088,25,23,2,2024-12-19 08:57:15
500108060,25,22,3,2024-12-19 06:31:15
500106010,25,19,4,2024-12-19 06:32:15
500106010,25,19,4,2024-12-19 06:03:15
500112012,25,18,4,2024-12-19 05:28:14
500101231,25,20,5,2024-12-19 06:19:15
500106119,25,17,5,2024-12-19 08:46:15
500107170,25,17,5,2024-12-19 08:24:15
500112012,25,17,5,2024-12-19 05:45:15
500101194,25,6,6,2024-12-19 06:45:16
500105011,25,18,7,2024-12-19 06:50:16
500112012,25,15,7,2024-12-19 06:25:15
500105030,25,17,8,2024-12-19 08:33:16
500111061,25,16,9,2024-12-19 07:28:15
500101146,25,12,10,2024-12-19 05:48:14
500101221,25,15,10,2024-12-19 07:56:15
500104045,25,14,10,2024-12-19 07:28:15
500106010,25,12,10,2024-12-19 08:02:15
500107040,25,12,10,2024-12-19 06:34:15
500108088,25,15,10,2024-12-19 06:56:14
500111048,25,15,10,2024-12-19 06:10:16
500112105,25,15,10,2024-12-19 08:57:15
500104050,25,14,11,2024-12-19 08:00:17
500104132,25,13,11,2024-12-19 08:47:15
500101221,25,13,12,2024-12-19 08:27:16
500108088,25,12,13,2024-12-19 08:27:16
500108096,25,11,13,2024-12-19 08:45:16
500113005,25,11,13,2024-12-19 08:17:15
500112105,25,11,14,2024-12-19 07:37:15
500103026,25,10,15,2024-12-19 07:43:15
500104045,25,9,15,2024-12-19 06:52:15
500106075,25,10,15,2024-12-19 06:27:15
500107126,25,9,15,2024-12-19 08:17:15
500108096,25,9,15,2024-12-19 06:17:14
500109095,25,10,15,2024-12-19 07:25:15
500111048,25,10,15,2024-12-19 06:41:15
500112027,25,10,15,2024-12-19 08:42:15
500113007,25,10,15,2024-12-19 07:27:15
500108158,25,8,16,2024-12-19 07:45:16
500109002,25,9,16,2024-12-19 08:31:16
500109056,25,9,16,2024-12-19 08:21:16
500113005,25,8,16,2024-12-19 07:44:15
500101098,25,8,17,2024-12-19 07:36:15
500101237,25,7,17,2024-12-19 07:16:15
500104020,25,7,17,2024-12-19 08:36:15
500106075,25,8,17,2024-12-19 06:43:15
500106101,25,7,17,2024-12-19 06:44:15
500108131,25,8,17,2024-12-19 08:32:15
500108131,25,8,17,2024-12-19 06:53:15
500112027,25,8,17,2024-12-19 07:15:17
500103012,25,6,18,2024-12-19 08:37:15
500106101,25,6,18,2024-12-19 07:15:17
500109002,25,7,18,2024-12-19 06:57:15
500105030,25,6,19,2024-12-19 06:25:15
500107159,25,6,19,2024-12-19 05:57:14
500113005,25,5,19,2024-12-19 06:20:15
500101146,25,2,20,2024-12-19 08:55:16
500101245,25,5,20,2024-12-19 06:10:16
500104040,25,5,20,2024-12-19 08:11:16
500105108,25,5,20,2024-12-19 06:42:15
500108067,25,4,20,2024-12-19 07:59:15
500111037,25,5,20,2024-12-19 06:29:15
500112078,25,3,20,2024-12-19 08:17:15
500103012,25,3,21,2024-12-19 08:17:14
500104040,25,4,21,2024-12-19 07:19:16
500108067,25,3,21,2024-12-19 08:08:16
500103026,25,3,22,2024-12-19 06:14:14
500107040,25,0,22,2024-12-19 08:36:17
500108156,25,2,22,2024-12-19 07:22:15
500109008,25,3,22,2024-12-19 07:44:15
500112012,25,1,22,2024-12-19 08:57:16
500107159,25,2,23,2024-12-19 07:41:15
500108104,25,2,23,2024-12-19 07:27:15
500111017,25,1,23,2024-12-19 08:52:15
500110064,25,1,24,2024-12-19 05:29:15
500112027,25,1,24,2024-12-19 06:34:15
500111048,25,0,25,2024-12-19 07:53:16
500104020,25,0,25,2024-12-19 00:15:16
500108089,25,10,15,2024-12-19 00:02:15
500108156,25,3,21,2024-12-19 00:03:15
500112105,25,10,15,2024-12-19 00:28:14
500105030,25,3,22,2024-12-19 00:42:15
500108106,25,8,17,2024-12-19 00:27:15
500108131,25,3,22,2024-12-19 23:08:15
500108169,25,5,20,2024-12-19 21:04:15
500108156,25,8,16,2024-12-19 21:39:15
500109095,25,11,14,2024-12-19 21:31:15
500107159,25,12,13,2024-12-19 23:10:16
500108089,25,12,13,2024-12-19 23:06:15
500103012,25,16,9,2024-12-19 23:39:14
500104095,25,14,11,2024-12-19 22:45:15
500113007,25,9,16,2024-12-19 01:10:16
500109095,25,14,11,2024-12-19 00:45:15
500109056,25,16,9,2024-12-19 00:40:16
500111017,25,19,6,2024-12-19 01:02:15
500107170,25,8,12,2024-12-19 23:13:15
500108147,25,12,13,2024-12-19 21:12:15
500101162,25,25,0,2024-12-19 23:02:15
500107126,25,1,23,2024-12-19 22:15:16
500105024,25,4,21,2024-12-19 22:25:16
500108096,25,6,19,2024-12-19 22:34:15
500108055,25,9,16,2024-12-19 22:11:15
500111061,25,10,15,2024-12-19 21:48:16
500106119,25,11,11,2024-12-19 22:29:14
500108088,25,15,10,2024-12-19 21:43:15
500101194,25,2,10,2024-12-19 21:04:15
500103026,25,4,21,2024-12-19 21:35:16
500112117,25,4,21,2024-12-19 21:25:15
500109002,25,6,19,2024-12-19 20:54:15
500107159,25,9,16,2024-12-19 21:31:15
500111061,25,12,13,2024-12-19 20:24:15
500109005,25,15,10,2024-12-19 21:37:15
500101098,25,11,14,2024-12-19 03:03:15
500111048,25,18,7,2024-12-19 01:24:14
500106010,25,23,2,2024-12-19 02:03:15
500109088,25,18,7,2024-12-19 03:24:15
500105011,25,21,4,2024-12-19 04:18:15
500105080,25,24,1,2024-12-19 03:44:15
500101092,25,2,23,2024-12-19 22:06:15
500108011,25,9,16,2024-12-19 22:09:15
500108106,25,10,15,2024-12-19 21:57:15
500106010,25,15,9,2024-12-19 22:02:16
500109005,25,17,8,2024-12-19 22:06:15
500105011,25,19,6,2024-12-19 22:01:15
500112060,25,23,2,2024-12-19 22:05:16
500101162,25,21,4,2024-12-19 01:18:15
500106075,25,11,14,2024-12-19 21:51:15
500106095,25,12,12,2024-12-19 21:58:14
500103012,25,13,12,2024-12-19 21:44:15
500111072,25,16,9,2024-12-19 21:56:15
500111048,25,17,8,2024-12-19 21:53:15
500105080,25,23,2,2024-12-19 03:43:14
500101237,25,3,21,2024-12-19 03:13:15
500101221,25,1,24,2024-12-19 02:16:17
500112105,25,13,12,2024-12-19 01:50:15
500113005,25,17,7,2024-12-19 02:31:14
500112060,25,15,7,2024-12-19 01:52:15
500108060,25,19,6,2024-12-19 01:59:15
500106101,25,9,15,2024-12-19 22:47:14
500109008,25,10,15,2024-12-19 22:40:15
500101140,25,2,23,2024-12-19 04:29:15
500104040,25,5,20,2024-12-19 04:37:14
500112012,25,19,3,2024-12-19 04:35:15
500108067,25,8,17,2024-12-19 22:15:15
500104132,25,15,6,2024-12-19 22:14:15
500104020,25,22,3,2024-12-19 22:15:16
500106010,25,19,5,2024-12-19 22:23:14
500104029,25,4,19,2024-12-19 01:26:15
500101237,25,24,0,2024-12-19 08:52:15
500101237,25,23,1,2024-12-19 11:48:15
500103026,25,23,2,2024-12-19 11:05:17
500101194,25,8,4,2024-12-19 12:58:15
500103026,25,21,4,2024-12-19 09:58:15
500106010,25,19,5,2024-12-19 12:28:15
500110064,25,20,5,2024-12-19 09:45:15
500101221,25,19,6,2024-12-19 10:38:15
500108106,25,19,6,2024-12-19 12:42:14
500108158,25,18,6,2024-12-19 09:57:15
500110064,25,19,6,2024-12-19 09:26:15
500101237,25,17,7,2024-12-19 12:08:15
500105030,25,18,7,2024-12-19 10:13:16
500106095,25,17,7,2024-12-19 11:01:17
500110064,25,18,7,2024-12-19 12:57:14
500101146,25,16,8,2024-12-19 12:28:15
500103012,25,17,8,2024-12-19 09:07:15
500106101,25,16,8,2024-12-19 10:35:16
500106101,25,16,8,2024-12-19 11:18:16
500106101,25,15,9,2024-12-19 09:21:15
500106101,25,15,9,2024-12-19 10:04:16
500109088,25,16,9,2024-12-19 11:22:16
500112105,25,16,9,2024-12-19 09:09:15
500104020,25,15,10,2024-12-19 13:01:15
500106101,25,14,10,2024-12-19 12:07:16
500106119,25,12,10,2024-12-19 09:37:15
500106010,25,12,11,2024-12-19 10:41:15
500108159,25,14,11,2024-12-19 12:34:14
500110064,25,14,11,2024-12-19 10:03:15
500103012,25,13,12,2024-12-19 09:28:15
500104050,25,13,12,2024-12-19 09:09:15
500109071,25,13,12,2024-12-19 10:46:15
500104020,25,11,14,2024-12-19 11:40:17
500104095,25,11,14,2024-12-19 09:24:15
500107040,25,8,14,2024-12-19 10:46:14
500108137,25,10,14,2024-12-19 10:22:16
500110064,25,11,14,2024-12-19 12:19:16
500101231,25,10,15,2024-12-19 11:01:17
500108096,25,9,15,2024-12-19 11:21:15
500111037,25,10,15,2024-12-19 12:38:15
500107159,25,9,16,2024-12-19 11:36:15
500110064,25,9,16,2024-12-19 12:06:16
500112078,25,7,16,2024-12-19 12:02:16
500112078,25,7,16,2024-12-19 11:34:15
500104132,25,8,17,2024-12-19 11:56:16
500107040,25,8,17,2024-12-19 12:51:15
500107040,25,8,17,2024-12-19 12:02:16
500108088,25,8,17,2024-12-19 11:10:17
500108131,25,8,17,2024-12-19 12:53:14
500109087,25,8,17,2024-12-19 12:38:15
500111001,25,8,17,2024-12-19 12:05:17
500111001,25,8,17,2024-12-19 12:42:14
500111037,25,8,17,2024-12-19 11:30:17
500101245,25,7,18,2024-12-19 11:36:15
500108067,25,6,18,2024-12-19 09:03:14
500108131,25,7,18,2024-12-19 13:02:15
500112057,25,6,18,2024-12-19 12:08:15
500112078,25,5,18,2024-12-19 13:00:16
500112117,25,7,18,2024-12-19 11:57:16
500112117,25,7,18,2024-12-19 09:53:15
500103012,25,6,19,2024-12-19 12:37:15
500106075,25,6,19,2024-12-19 10:38:15
500108147,25,6,19,2024-12-19 09:13:14
500111001,25,6,19,2024-12-19 09:46:16
500112012,25,4,19,2024-12-19 11:58:16
500112060,25,5,19,2024-12-19 11:54:15
500104040,25,5,20,2024-12-19 11:28:16
500101023,25,4,21,2024-12-19 09:09:15
500106075,25,4,21,2024-12-19 09:47:15
500106075,25,4,21,2024-12-19 11:48:15
500106119,25,4,21,2024-12-19 11:43:15
500112078,25,2,21,2024-12-19 09:09:15
500101023,25,3,22,2024-12-19 10:18:15
500101040,25,3,22,2024-12-19 09:56:16
500101162,25,3,22,2024-12-19 09:33:15
500108011,25,3,22,2024-12-19 09:09:15
500101023,25,2,23,2024-12-19 11:28:16
500104083,25,2,23,2024-12-19 10:18:15
500104083,25,2,23,2024-12-19 11:12:16
500105108,25,2,23,2024-12-19 08:43:15
500106119,25,2,23,2024-12-19 12:24:16
500108011,25,2,23,2024-12-19 09:49:15
500108011,25,2,23,2024-12-19 11:07:16
500112012,25,0,23,2024-12-19 11:15:17
500101098,25,1,24,2024-12-19 12:23:16
500101247,25,1,24,2024-12-19 09:09:15
500104083,25,1,24,2024-12-19 09:27:15
500105024,25,1,24,2024-12-19 10:36:14
500108011,25,1,24,2024-12-19 09:29:16
500108011,25,1,24,2024-12-19 10:01:16
500111017,25,1,24,2024-12-19 10:09:15
500101040,25,0,25,2024-12-19 09:36:14
500105024,25,0,25,2024-12-19 10:05:17
500105024,25,0,25,2024-12-19 10:42:17
500112060,25,25,0,2024-12-19 21:16:17
500101194,25,11,1,2024-12-19 18:07:16
500101221,25,24,1,2024-12-19 18:48:15
500111043,25,24,1,2024-12-19 19:16:15
500101162,25,23,2,2024-12-19 20:57:16
500109088,25,22,3,2024-12-19 19:04:15
500111043,25,22,3,2024-12-19 18:36:16
500108060,25,21,4,2024-12-19 20:09:15
500105030,25,20,5,2024-12-19 21:12:15
500106075,25,20,5,2024-12-19 17:47:16
500108060,25,20,5,2024-12-19 19:09:15
500109071,25,20,5,2024-12-19 18:07:16
500109088,25,20,5,2024-12-19 17:46:15
500101146,25,18,6,2024-12-19 18:21:16
500101194,25,6,6,2024-12-19 19:33:15
500101221,25,19,6,2024-12-19 21:20:16
500104132,25,19,6,2024-12-19 19:04:15
500107170,25,19,6,2024-12-19 18:06:15
500109071,25,19,6,2024-12-19 18:27:15
500109088,25,19,6,2024-12-19 18:37:15
500103026,25,18,7,2024-12-19 17:34:15
500109026,25,16,7,2024-12-19 20:47:15
500111037,25,18,7,2024-12-19 18:35:16
500105011,25,17,8,2024-12-19 21:15:16
500105108,25,17,8,2024-12-19 17:25:16
500106119,25,17,8,2024-12-19 19:42:15
500106010,25,15,9,2024-12-19 19:16:15
500108011,25,16,9,2024-12-19 18:26:16
500109056,25,16,9,2024-12-19 19:58:15
500111061,25,16,9,2024-12-19 17:58:16
500112078,25,15,9,2024-12-19 17:53:15
500106119,25,15,10,2024-12-19 18:53:15
500111071,25,15,10,2024-12-19 17:07:15
500112057,25,11,10,2024-12-19 20:55:17
500104132,25,10,11,2024-12-19 20:38:15
500107170,25,9,11,2024-12-19 20:48:15
500109071,25,14,11,2024-12-19 19:10:17
500112105,25,14,11,2024-12-19 19:04:15
500107170,25,13,12,2024-12-19 20:08:15
500108067,25,13,12,2024-12-19 17:36:15
500109056,25,13,12,2024-12-19 17:45:16
500109071,25,13,12,2024-12-19 19:33:15
500111072,25,13,12,2024-12-19 20:31:15
500112105,25,13,12,2024-12-19 19:38:15
500101023,25,12,13,2024-12-19 20:35:16
500104095,25,12,13,2024-12-19 17:41:16
500105024,25,12,13,2024-12-19 19:29:14
500106119,25,12,13,2024-12-19 18:22:16
500111037,25,12,13,2024-12-19 20:06:15
500112012,25,5,13,2024-12-19 20:59:15
500104029,25,10,14,2024-12-19 17:54:15
500105024,25,11,14,2024-12-19 19:34:15
500107040,25,11,14,2024-12-19 17:57:15
500109002,25,11,14,2024-12-19 17:03:16
500109041,25,9,14,2024-12-19 17:07:15
500111001,25,11,14,2024-12-19 20:53:15
500112105,25,11,14,2024-12-19 17:59:15
500101162,25,10,15,2024-12-19 17:22:16
500104029,25,9,15,2024-12-19 18:43:15
500104050,25,10,15,2024-12-19 18:17:15
500106095,25,9,15,2024-12-19 21:20:16
500108131,25,10,15,2024-12-19 17:51:16
500109071,25,10,15,2024-12-19 17:45:16
500112105,25,10,15,2024-12-19 21:00:16
500105024,25,9,16,2024-12-19 21:09:15
500106075,25,9,16,2024-12-19 19:19:15
500106075,25,9,16,2024-12-19 21:15:16
500107040,25,9,16,2024-12-19 18:14:15
500108055,25,9,16,2024-12-19 20:52:14
500108096,25,9,16,2024-12-19 17:16:16
500109071,25,9,16,2024-12-19 20:34:15
500107159,25,8,17,2024-12-19 19:27:15
500108055,25,8,17,2024-12-19 20:14:15
500112012,25,6,17,2024-12-19 18:08:15
500112060,25,7,17,2024-12-19 17:38:16
500112117,25,8,17,2024-12-19 18:18:15
500105011,25,7,18,2024-12-19 19:30:18
500107126,25,6,18,2024-12-19 18:38:16
500112060,25,6,18,2024-12-19 17:27:16
500104095,25,6,19,2024-12-19 19:26:15
500104132,25,6,19,2024-12-19 17:22:16
500107126,25,5,19,2024-12-19 18:58:16
500108104,25,6,19,2024-12-19 17:53:15
500112012,25,4,19,2024-12-19 18:17:15
500101140,25,4,20,2024-12-19 18:43:15
500105024,25,5,20,2024-12-19 17:59:15
500108039,25,5,20,2024-12-19 17:37:15
500108089,25,5,20,2024-12-19 20:40:16
500112057,25,5,20,2024-12-19 17:28:15
500101237,25,4,21,2024-12-19 19:18:15
500105024,25,4,21,2024-12-19 17:25:16
500105024,25,4,21,2024-12-19 18:25:17
500107126,25,3,21,2024-12-19 19:18:15
500109008,25,4,21,2024-12-19 19:23:15
500110064,25,4,21,2024-12-19 20:39:16
500112057,25,3,21,2024-12-19 18:24:16
500101023,25,3,22,2024-12-19 17:43:16
500104045,25,2,22,2024-12-19 17:59:15
500106101,25,2,22,2024-12-19 19:51:15
500108039,25,3,22,2024-12-19 18:56:15
500108115,25,3,22,2024-12-19 19:13:15
500101092,25,2,23,2024-12-19 18:42:16
500108131,25,2,23,2024-12-19 20:30:17
500101098,25,1,24,2024-12-19 18:30:20
500110064,25,1,24,2024-12-19 20:22:15
500111017,25,1,24,2024-12-19 17:08:16
500101247,25,0,25,2024-12-19 17:47:16
500108039,25,0,25,2024-12-19 20:13:15
500101221,25,24,1,2024-12-19 17:18:16
500111037,25,24,1,2024-12-19 17:07:15
500112105,25,24,1,2024-12-19 15:35:16
500101140,25,22,2,2024-12-19 16:18:16
500101221,25,23,2,2024-12-19 14:31:15
500103026,25,23,2,2024-12-19 15:56:15
500106010,25,22,2,2024-12-19 13:39:15
500112105,25,23,2,2024-12-19 15:07:15
500109071,25,22,3,2024-12-19 14:59:15
500101162,25,21,4,2024-12-19 16:17:15
500101162,25,21,4,2024-12-19 14:27:14
500109071,25,21,4,2024-12-19 16:34:16
500109071,25,20,5,2024-12-19 14:08:15
500109088,25,20,5,2024-12-19 14:08:15
500110064,25,20,5,2024-12-19 14:42:15
500101237,25,18,6,2024-12-19 13:11:15
500108156,25,18,6,2024-12-19 16:01:16
500108159,25,19,6,2024-12-19 17:03:16
500110064,25,19,6,2024-12-19 16:57:16
500112105,25,19,6,2024-12-19 14:58:15
500101146,25,17,7,2024-12-19 17:05:17
500105108,25,18,7,2024-12-19 17:05:17
500110064,25,18,7,2024-12-19 16:38:15
500112105,25,18,7,2024-12-19 16:45:17
500108106,25,17,8,2024-12-19 16:46:15
500108158,25,17,8,2024-12-19 14:46:15
500105011,25,16,9,2024-12-19 17:17:16
500108060,25,16,9,2024-12-19 13:33:15
500108106,25,16,9,2024-12-19 15:09:15
500108156,25,15,9,2024-12-19 13:46:16
500101040,25,14,10,2024-12-19 15:06:15
500105011,25,15,10,2024-12-19 16:45:17
500111071,25,15,10,2024-12-19 16:24:15
500111071,25,14,10,2024-12-19 13:12:15
500101194,25,1,11,2024-12-19 16:47:15
500104029,25,13,11,2024-12-19 13:40:16
500104029,25,12,12,2024-12-19 17:18:16
500104050,25,12,13,2024-12-19 15:08:15
500107126,25,11,13,2024-12-19 14:25:16
500108089,25,11,14,2024-12-19 15:55:16
500112078,25,10,14,2024-12-19 16:24:15
500101231,25,10,15,2024-12-19 16:23:15
500107126,25,9,15,2024-12-19 15:00:17
500112117,25,10,15,2024-12-19 15:00:17
500113005,25,9,15,2024-12-19 16:06:15
500106075,25,9,16,2024-12-19 15:47:15
500106075,25,9,16,2024-12-19 13:13:15
500108096,25,9,16,2024-12-19 16:09:14
500109087,25,9,16,2024-12-19 14:13:15
500113005,25,8,16,2024-12-19 15:46:16
500104040,25,8,17,2024-12-19 14:33:16
500104132,25,8,17,2024-12-19 15:48:15
500107126,25,7,17,2024-12-19 16:35:15
500111037,25,8,17,2024-12-19 16:16:15
500109087,25,7,18,2024-12-19 16:28:14
500112012,25,5,18,2024-12-19 13:54:15
500112117,25,7,18,2024-12-19 13:10:16
500104083,25,6,19,2024-12-19 15:45:15
500109041,25,4,19,2024-12-19 15:22:15
500111001,25,6,19,2024-12-19 15:20:15
500112012,25,4,19,2024-12-19 16:26:15
500109002,25,5,20,2024-12-19 15:34:15
500107126,25,3,21,2024-12-19 16:49:15
500109002,25,4,21,2024-12-19 15:18:15
500112057,25,4,21,2024-12-19 17:18:16
500101023,25,3,22,2024-12-19 13:25:16
500106075,25,3,22,2024-12-19 14:45:15
500105108,25,2,23,2024-12-19 13:28:16
500111017,25,2,23,2024-12-19 14:52:16
500101023,25,1,24,2024-12-19 14:18:15
500101247,25,0,25,2024-12-19 15:54:15
500101098,25,6,19,2024-12-19 21:40:15
500104132,25,10,11,2024-12-19 21:46:15
500112057,25,15,6,2024-12-19 21:42:15
500105030,25,21,4,2024-12-19 21:43:15
500101194,25,12,0,2024-12-19 07:26:15
500104045,25,24,0,2024-12-19 08:22:15
500107170,25,21,1,2024-12-19 08:08:15
500105080,25,23,2,2024-12-19 04:55:16
500108060,25,23,2,2024-12-19 06:41:15
500108060,25,23,2,2024-12-19 06:23:15
500110064,25,23,2,2024-12-19 08:57:15
500109008,25,22,3,2024-12-19 05:44:15
500109071,25,22,3,2024-12-19 08:21:16
500101231,25,21,4,2024-12-19 06:49:15
500105080,25,21,4,2024-12-19 07:57:16
500110064,25,21,4,2024-12-19 08:47:15
500112027,25,20,5,2024-12-19 07:57:16
500112057,25,12,5,2024-12-19 05:21:14
500103012,25,19,6,2024-12-19 08:44:15
500108106,25,18,7,2024-12-19 08:14:16
500112057,25,11,7,2024-12-19 06:43:15
500108088,25,17,8,2024-12-19 06:46:15
500111048,25,17,8,2024-12-19 05:18:15
500101023,25,16,9,2024-12-19 07:16:14
500106010,25,13,9,2024-12-19 07:57:16
500107170,25,13,9,2024-12-19 06:31:15
500108089,25,16,9,2024-12-19 07:17:14
500111072,25,16,9,2024-12-19 06:13:14
500112060,25,15,9,2024-12-19 07:27:15
500101221,25,15,10,2024-12-19 08:35:16
500101221,25,15,10,2024-12-19 05:05:16
500101231,25,15,10,2024-12-19 08:16:15
500109005,25,15,10,2024-12-19 08:47:15
500109041,25,13,10,2024-12-19 08:28:15
500111061,25,15,10,2024-12-19 08:24:15
500112060,25,12,10,2024-12-19 06:12:15
500101221,25,14,11,2024-12-19 05:21:14
500101221,25,14,11,2024-12-19 07:44:15
500101237,25,13,11,2024-12-19 07:57:16
500105030,25,14,11,2024-12-19 08:00:17
500107170,25,11,11,2024-12-19 08:45:16
500108158,25,13,11,2024-12-19 08:14:16
500109026,25,14,11,2024-12-19 08:56:16
500110064,25,14,11,2024-12-19 08:17:15
500112057,25,7,11,2024-12-19 07:15:17
500106010,25,11,12,2024-12-19 07:16:15
500109026,25,13,12,2024-12-19 05:39:15
500108088,25,12,13,2024-12-19 07:31:16
500109005,25,12,13,2024-12-19 08:56:16
500112012,25,9,13,2024-12-19 06:47:15
500105011,25,11,14,2024-12-19 07:57:16
500105024,25,11,14,2024-12-19 07:45:16
500109056,25,11,14,2024-12-19 07:57:16
500111017,25,10,14,2024-12-19 08:27:16
500112012,25,9,14,2024-12-19 07:37:15
500103012,25,9,15,2024-12-19 07:48:15
500105024,25,10,15,2024-12-19 06:37:15
500106010,25,8,15,2024-12-19 07:23:15
500108096,25,9,15,2024-12-19 08:29:15
500108169,25,10,15,2024-12-19 08:15:16
500109056,25,10,15,2024-12-19 08:11:15
500109095,25,10,15,2024-12-19 07:09:15
500112078,25,8,15,2024-12-19 08:03:15
500112105,25,10,15,2024-12-19 08:35:16
500101162,25,9,16,2024-12-19 08:47:15
500104020,25,8,16,2024-12-19 08:27:16
500104095,25,9,16,2024-12-19 07:59:15
500104132,25,4,16,2024-12-19 07:16:15
500106075,25,9,16,2024-12-19 06:32:15
500106095,25,8,16,2024-12-19 08:25:16
500112012,25,6,16,2024-12-19 07:27:15
500113005,25,8,16,2024-12-19 07:26:15
500101023,25,8,17,2024-12-19 08:37:15
500108137,25,7,17,2024-12-19 07:45:16
500108156,25,7,17,2024-12-19 08:36:15
500101092,25,7,18,2024-12-19 08:34:15
500101237,25,6,18,2024-12-19 06:23:15
500104095,25,7,18,2024-12-19 08:24:15
500105024,25,7,18,2024-12-19 05:36:15
500106095,25,6,18,2024-12-19 07:37:15
500101146,25,3,19,2024-12-19 08:03:15
500104020,25,5,19,2024-12-19 08:57:14
500108039,25,5,19,2024-12-19 08:57:15
500109002,25,6,19,2024-12-19 07:22:15
500109005,25,6,19,2024-12-19 06:46:15
500113005,25,5,19,2024-12-19 07:17:14
500101092,25,5,20,2024-12-19 08:41:15
500104040,25,5,20,2024-12-19 08:29:15
500104040,25,5,20,2024-12-19 07:37:15
500104040,25,5,20,2024-12-19 07:54:15
500104095,25,5,20,2024-12-19 08:36:15
500108159,25,5,20,2024-12-19 05:12:14
500111037,25,5,20,2024-12-19 08:56:16
500101146,25,1,21,2024-12-19 08:09:15
500101237,25,3,21,2024-12-19 05:14:15
500104040,25,4,21,2024-12-19 08:01:15
500108067,25,3,21,2024-12-19 07:51:14
500108192,25,4,21,2024-12-19 05:59:14
500109087,25,4,21,2024-12-19 06:55:16
500111037,25,4,21,2024-12-19 06:05:15
500105108,25,3,22,2024-12-19 07:25:15
500106010,25,0,22,2024-12-19 08:44:17
500106075,25,3,22,2024-12-19 08:37:15
500112012,25,1,22,2024-12-19 08:37:15
500112027,25,3,22,2024-12-19 06:43:15
500101140,25,2,23,2024-12-19 06:21:15
500111048,25,2,23,2024-12-19 08:17:15
500112078,25,0,23,2024-12-19 08:23:15
500107159,25,1,24,2024-12-19 08:32:15
500108156,25,0,24,2024-12-19 06:16:15
500101098,25,0,25,2024-12-19 08:47:15
500106075,25,0,25,2024-12-19 08:47:15
500101162,25,21,4,2024-12-19 00:10:15
500109008,25,22,3,2024-12-19 00:10:15
500112057,25,13,5,2024-12-19 00:41:14
500105011,25,22,2,2024-12-19 00:07:15
500108060,25,16,9,2024-12-19 00:57:15
500112117,25,2,23,2024-12-19 23:38:15
500108104,25,4,21,2024-12-19 19:13:15
500110092,25,9,16,2024-12-19 21:35:15
500105108,25,11,14,2024-12-19 21:36:15
500109041,25,20,3,2024-12-19 21:35:16
500106010,25,14,10,2024-12-19 23:38:15
500106075,25,16,9,2024-12-19 23:45:16
500101237,25,1,23,2024-12-19 00:15:15
500111037,25,3,22,2024-12-19 00:43:15
500105030,25,5,20,2024-12-19 01:03:15
500111071,25,7,18,2024-12-19 00:01:15
500109005,25,9,16,2024-12-19 01:00:17
500108060,25,18,7,2024-12-19 00:58:14
500107040,25,21,1,2024-12-19 00:28:17
500101237,25,1,24,2024-12-19 22:28:15
500112117,25,3,22,2024-12-19 23:09:15
500111037,25,6,19,2024-12-19 22:08:15
500106101,25,8,16,2024-12-19 21:51:15
500104029,25,10,14,2024-12-19 21:53:15
500109088,25,15,10,2024-12-19 21:33:16
500112057,25,20,1,2024-12-19 22:22:15
500101098,25,5,20,2024-12-19 20:02:15
500108106,25,5,20,2024-12-19 21:27:15
500101140,25,8,16,2024-12-19 21:37:15
500104050,25,8,17,2024-12-19 18:29:16
500101146,25,10,13,2024-12-19 21:38:15
500106010,25,13,11,2024-12-19 21:20:16
500112057,25,14,7,2024-12-19 21:38:15
500109026,25,16,7,2024-12-19 21:22:15
500108159,25,19,6,2024-12-19 21:34:14
500104020,25,21,4,2024-12-19 21:37:15
500106101,25,6,18,2024-12-19 01:44:14
500108055,25,10,15,2024-12-19 02:15:15
500108137,25,10,15,2024-12-19 02:00:17
500109095,25,11,14,2024-12-19 02:45:16
500101023,25,14,11,2024-12-19 01:38:15
500112012,25,19,1,2024-12-19 02:39:15
500107159,25,0,25,2024-12-19 03:11:15
500108137,25,9,15,2024-12-19 03:45:15
500101221,25,16,9,2024-12-19 04:14:15
500112012,25,18,4,2024-12-19 03:45:15
500101040,25,2,22,2024-12-19 22:05:16
500105024,25,5,20,2024-12-19 21:47:15
500112012,25,17,1,2024-12-19 22:08:16
500111048,25,18,7,2024-12-19 22:01:15
500112057,25,19,2,2024-12-19 22:07:15
500112078,25,21,0,2024-12-19 21:40:17
500110064,25,0,25,2024-12-19 21:48:17
500101247,25,1,24,2024-12-19 21:40:15
500108089,25,9,16,2024-12-19 21:57:15
500106010,25,15,9,2024-12-19 21:56:15
500101221,25,16,9,2024-12-19 21:57:15
500112057,25,17,4,2024-12-19 21:55:17
500108159,25,18,7,2024-12-19 21:40:16
500106095,25,16,8,2024-12-19 03:21:15
500106010,25,21,3,2024-12-19 03:42:14
500107126,25,7,17,2024-12-19 23:59:15
500106075,25,14,11,2024-12-19 22:48:15
500105011,25,17,8,2024-12-19 22:47:14
500106010,25,21,2,2024-12-19 04:36:15
500104020,25,19,6,2024-12-19 23:06:15
500108060,25,21,4,2024-12-19 04:43:15
500104020,25,22,3,2024-12-19 22:25:15
500112012,25,15,2,2024-12-19 22:53:15
500104132,25,16,5,2024-12-19 23:21:14
500101221,25,25,0,2024-12-19 12:26:16
500101221,25,25,0,2024-12-19 12:43:15
500101221,25,25,0,2024-12-19 11:05:17
500101237,25,24,0,2024-12-19 10:17:15
500101221,25,24,1,2024-12-19 10:57:15
500103026,25,24,1,2024-12-19 12:37:15
500112105,25,23,2,2024-12-19 10:28:15
500112105,25,23,2,2024-12-19 11:17:15
500105030,25,21,4,2024-12-19 12:45:16
500112105,25,21,4,2024-12-19 12:27:14
500101162,25,20,5,2024-12-19 12:55:16
500110064,25,20,5,2024-12-19 09:06:14
500112105,25,20,5,2024-12-19 09:33:15
500105030,25,19,6,2024-12-19 12:25:15
500106095,25,18,6,2024-12-19 09:56:16
500106095,25,18,6,2024-12-19 11:18:15
500109008,25,19,6,2024-12-19 12:22:16
500110064,25,19,6,2024-12-19 10:48:15
500106010,25,15,7,2024-12-19 09:47:14
500107170,25,18,7,2024-12-19 09:07:15
500109002,25,18,7,2024-12-19 10:48:15
500109026,25,18,7,2024-12-19 12:07:16
500101237,25,16,8,2024-12-19 12:18:15
500101237,25,16,8,2024-12-19 12:35:16
500106095,25,16,8,2024-12-19 11:23:15
500107170,25,17,8,2024-12-19 09:08:15
500109088,25,17,8,2024-12-19 11:30:17
500101162,25,16,9,2024-12-19 12:06:16
500109008,25,16,9,2024-12-19 11:32:14
500109088,25,16,9,2024-12-19 10:42:15
500110064,25,16,9,2024-12-19 11:18:16
500104029,25,13,10,2024-12-19 11:58:15
500106010,25,13,10,2024-12-19 10:27:16
500108159,25,14,11,2024-12-19 10:32:15
500109005,25,14,11,2024-12-19 09:02:15
500109071,25,14,11,2024-12-19 11:43:15
500101040,25,12,12,2024-12-19 11:47:16
500108060,25,13,12,2024-12-19 09:26:15
500109002,25,13,12,2024-12-19 11:46:15
500103012,25,12,13,2024-12-19 09:47:15
500106010,25,11,13,2024-12-19 11:36:15
500108096,25,11,13,2024-12-19 09:06:15
500104020,25,10,14,2024-12-19 10:48:15
500107126,25,10,14,2024-12-19 11:37:15
500109095,25,11,14,2024-12-19 09:45:15
500110064,25,11,14,2024-12-19 11:38:15
500101023,25,10,15,2024-12-19 12:34:14
500107159,25,10,15,2024-12-19 11:47:16
500109095,25,10,15,2024-12-19 09:57:15
500112027,25,10,15,2024-12-19 11:31:15
500101231,25,9,16,2024-12-19 12:18:15
500107040,25,6,16,2024-12-19 09:09:15
500107159,25,9,16,2024-12-19 10:21:15
500107170,25,9,16,2024-12-19 11:39:15
500111037,25,9,16,2024-12-19 11:07:16
500111061,25,9,16,2024-12-19 08:59:15
500112057,25,8,16,2024-12-19 11:30:16
500103012,25,8,17,2024-12-19 10:55:17
500104040,25,8,17,2024-12-19 09:32:15
500104132,25,8,17,2024-12-19 12:27:14
500106075,25,8,17,2024-12-19 11:08:15
500106119,25,8,17,2024-12-19 10:18:15
500107170,25,8,17,2024-12-19 11:57:16
500108039,25,7,17,2024-12-19 09:29:15
500108088,25,8,17,2024-12-19 11:28:16
500108104,25,8,17,2024-12-19 09:07:15
500109095,25,8,17,2024-12-19 12:03:15
500109095,25,8,17,2024-12-19 11:42:15
500111001,25,8,17,2024-12-19 09:01:15
500112117,25,8,17,2024-12-19 09:42:15
500101245,25,7,18,2024-12-19 10:38:15
500107126,25,6,18,2024-12-19 11:15:16
500107170,25,7,18,2024-12-19 12:38:15
500111001,25,7,18,2024-12-19 09:23:15
500111048,25,7,18,2024-12-19 09:19:15
500112117,25,7,18,2024-12-19 09:23:15
500112117,25,7,18,2024-12-19 11:12:15
500104040,25,6,19,2024-12-19 08:56:15
500104040,25,6,19,2024-12-19 10:30:15
500106075,25,6,19,2024-12-19 11:38:15
500107126,25,5,19,2024-12-19 12:45:16
500111048,25,6,19,2024-12-19 09:35:16
500113005,25,5,19,2024-12-19 09:21:15
500104020,25,4,20,2024-12-19 09:35:16
500108147,25,5,20,2024-12-19 11:21:15
500112012,25,3,20,2024-12-19 12:06:16
500113007,25,5,20,2024-12-19 09:04:15
500107159,25,4,21,2024-12-19 09:00:17
500112057,25,3,21,2024-12-19 12:56:15
500112060,25,3,21,2024-12-19 12:22:16
500112060,25,3,21,2024-12-19 11:21:15
500112117,25,4,21,2024-12-19 09:08:15
500113005,25,3,21,2024-12-19 13:04:15
500113005,25,3,21,2024-12-19 12:13:16
500101247,25,3,22,2024-12-19 12:58:15
500101023,25,2,23,2024-12-19 09:07:15
500101098,25,2,23,2024-12-19 09:12:16
500101040,25,1,24,2024-12-19 09:25:17
500101247,25,1,24,2024-12-19 10:13:16
500112060,25,0,24,2024-12-19 09:37:15
500101231,25,0,25,2024-12-19 09:33:15
500105024,25,0,25,2024-12-19 09:30:18
500113007,25,0,25,2024-12-19 10:53:16
500106010,25,24,0,2024-12-19 17:58:16
500112012,25,23,0,2024-12-19 19:07:16
500108156,25,23,1,2024-12-19 17:24:16
500101162,25,23,2,2024-12-19 21:16:15
500106010,25,22,2,2024-12-19 20:10:16
500101221,25,22,3,2024-12-19 19:47:15
500108156,25,21,3,2024-12-19 17:34:15
500112060,25,21,3,2024-12-19 20:13:15
500104020,25,21,4,2024-12-19 18:47:16
500108106,25,21,4,2024-12-19 19:54:15
500109071,25,21,4,2024-12-19 18:12:16
500104020,25,20,5,2024-12-19 18:08:15
500104020,25,20,5,2024-12-19 18:38:16
500108060,25,20,5,2024-12-19 20:50:16
500108106,25,20,5,2024-12-19 19:09:15
500101146,25,18,6,2024-12-19 17:13:15
500104020,25,19,6,2024-12-19 20:28:15
500104020,25,19,6,2024-12-19 20:59:15
500105030,25,19,6,2024-12-19 17:53:15
500105030,25,19,6,2024-12-19 18:36:16
500107170,25,19,6,2024-12-19 17:39:15
500108159,25,19,6,2024-12-19 17:57:15
500112078,25,18,6,2024-12-19 18:07:16
500112078,25,15,6,2024-12-19 20:59:15
500101194,25,5,7,2024-12-19 19:52:16
500106119,25,18,7,2024-12-19 19:54:15
500107040,25,18,7,2024-12-19 19:18:15
500109088,25,18,7,2024-12-19 17:38:16
500112060,25,17,7,2024-12-19 19:47:15
500104020,25,17,8,2024-12-19 17:47:16
500107040,25,17,8,2024-12-19 21:16:15
500111061,25,17,8,2024-12-19 17:37:16
500112012,25,15,8,2024-12-19 18:48:15
500105030,25,16,9,2024-12-19 17:28:15
500111037,25,16,9,2024-12-19 17:55:17
500101162,25,15,10,2024-12-19 19:19:15
500101194,25,2,10,2024-12-19 20:41:15
500104045,25,14,10,2024-12-19 20:09:15
500105011,25,15,10,2024-12-19 17:19:15
500106075,25,15,10,2024-12-19 18:08:16
500108011,25,15,10,2024-12-19 19:21:15
500108011,25,15,10,2024-12-19 19:49:15
500108055,25,15,10,2024-12-19 18:10:17
500108156,25,14,10,2024-12-19 18:38:16
500109056,25,15,10,2024-12-19 19:37:16
500111061,25,15,10,2024-12-19 17:28:15
500112078,25,14,10,2024-12-19 17:20:16
500101023,25,14,11,2024-12-19 18:56:15
500101040,25,13,11,2024-12-19 17:38:15
500105011,25,14,11,2024-12-19 19:18:15
500109005,25,14,11,2024-12-19 19:30:17
500109005,25,14,11,2024-12-19 21:13:16
500112057,25,10,11,2024-12-19 20:32:14
500101023,25,13,12,2024-12-19 18:38:15
500108137,25,13,12,2024-12-19 18:56:15
500112105,25,13,12,2024-12-19 19:58:14
500112105,25,13,12,2024-12-19 17:44:15
500103012,25,12,13,2024-12-19 20:59:15
500104050,25,12,13,2024-12-19 17:25:16
500105011,25,12,13,2024-12-19 20:22:14
500109041,25,10,13,2024-12-19 19:04:15
500110064,25,12,13,2024-12-19 18:48:15
500112078,25,8,13,2024-12-19 20:25:15
500112078,25,8,13,2024-12-19 18:50:16
500101140,25,10,14,2024-12-19 21:08:15
500101146,25,9,14,2024-12-19 20:34:14
500101162,25,11,14,2024-12-19 17:30:16
500101231,25,11,14,2024-12-19 17:25:16
500104040,25,11,14,2024-12-19 20:42:15
500104040,25,11,14,2024-12-19 18:14:14
500104050,25,11,14,2024-12-19 17:45:16
500111048,25,11,14,2024-12-19 20:24:15
500112057,25,11,14,2024-12-19 17:46:15
500112060,25,10,14,2024-12-19 17:59:15
500112078,25,10,14,2024-12-19 18:29:16
500106119,25,7,15,2024-12-19 20:55:16
500108147,25,10,15,2024-12-19 18:26:16
500101023,25,9,16,2024-12-19 21:17:15
500101231,25,9,16,2024-12-19 18:13:16
500101245,25,9,16,2024-12-19 20:33:15
500103012,25,9,16,2024-12-19 19:21:15
500104040,25,9,16,2024-12-19 17:18:16
500106119,25,6,16,2024-12-19 20:45:16
500109002,25,9,16,2024-12-19 17:38:16
500109002,25,9,16,2024-12-19 18:39:16
500110092,25,9,16,2024-12-19 19:22:16
500112105,25,9,16,2024-12-19 20:22:15
500112105,25,9,16,2024-12-19 20:58:15
500101247,25,8,17,2024-12-19 20:09:15
500103012,25,8,17,2024-12-19 19:11:15
500104069,25,7,17,2024-12-19 16:42:15
500108169,25,8,17,2024-12-19 17:56:16
500109087,25,8,17,2024-12-19 17:26:15
500111001,25,8,17,2024-12-19 17:53:15
500111071,25,8,17,2024-12-19 19:43:15
500112105,25,8,17,2024-12-19 20:35:16
500101146,25,5,18,2024-12-19 21:06:15
500101231,25,7,18,2024-12-19 20:44:15
500104083,25,7,18,2024-12-19 19:16:15
500104132,25,7,18,2024-12-19 17:29:16
500107126,25,6,18,2024-12-19 18:05:16
500108089,25,7,18,2024-12-19 20:00:17
500108096,25,7,18,2024-12-19 17:58:16
500110092,25,7,18,2024-12-19 18:36:15
500101140,25,5,19,2024-12-19 17:40:17
500105024,25,6,19,2024-12-19 18:08:16
500106095,25,5,19,2024-12-19 21:06:15
500107040,25,6,19,2024-12-19 17:19:15
500108156,25,5,19,2024-12-19 20:27:15
500108169,25,6,19,2024-12-19 18:52:14
500103012,25,5,20,2024-12-19 17:28:15
500107126,25,4,20,2024-12-19 19:34:15
500112117,25,5,20,2024-12-19 19:59:15
500112117,25,5,20,2024-12-19 20:36:14
500103026,25,4,21,2024-12-19 21:07:15
500106075,25,4,21,2024-12-19 20:26:16
500106095,25,3,21,2024-12-19 18:36:16
500110064,25,4,21,2024-12-19 20:07:15
500111048,25,4,21,2024-12-19 19:34:15
500104045,25,2,22,2024-12-19 19:49:15
500107126,25,2,22,2024-12-19 21:09:16
500109005,25,3,22,2024-12-19 17:56:16
500103026,25,2,23,2024-12-19 18:58:16
500101237,25,1,24,2024-12-19 18:54:16
500108039,25,1,24,2024-12-19 17:59:15
500112057,25,1,24,2024-12-19 17:58:16
500101092,25,0,25,2024-12-19 19:51:16
500101237,25,0,25,2024-12-19 18:05:17
500101237,25,0,25,2024-12-19 18:19:16
500101247,25,0,25,2024-12-19 18:11:15
500113007,25,0,25,2024-12-19 19:58:15
500101040,25,24,0,2024-12-19 15:48:15
500101221,25,24,1,2024-12-19 16:37:15
500103026,25,24,1,2024-12-19 13:37:14
500109088,25,23,2,2024-12-19 15:26:14
500110064,25,23,2,2024-12-19 13:28:16
500112105,25,23,2,2024-12-19 15:23:15
500112027,25,22,3,2024-12-19 15:19:16
500112105,25,22,3,2024-12-19 16:15:16
500103026,25,21,4,2024-12-19 16:53:14
500110064,25,20,5,2024-12-19 13:11:15
500101040,25,18,6,2024-12-19 15:25:15
500101146,25,18,6,2024-12-19 16:48:16
500106095,25,18,6,2024-12-19 15:08:15
500108156,25,18,6,2024-12-19 15:37:16
500101146,25,17,7,2024-12-19 16:55:17
500108106,25,18,7,2024-12-19 14:17:15
500104020,25,17,8,2024-12-19 15:13:16
500105030,25,17,8,2024-12-19 17:15:17
500106095,25,16,8,2024-12-19 13:23:15
500109026,25,17,8,2024-12-19 15:24:15
500111061,25,17,8,2024-12-19 17:18:16
500106095,25,15,9,2024-12-19 17:03:16
500111071,25,16,9,2024-12-19 14:46:15
500105011,25,15,10,2024-12-19 15:26:15
500108060,25,15,10,2024-12-19 14:31:15
500108158,25,15,10,2024-12-19 16:29:15
500101040,25,12,12,2024-12-19 14:55:16
500105011,25,13,12,2024-12-19 16:15:16
500106101,25,12,12,2024-12-19 13:21:15
500108169,25,13,12,2024-12-19 17:07:15
500101092,25,12,13,2024-12-19 14:41:15
500106075,25,12,13,2024-12-19 16:23:15
500106101,25,11,13,2024-12-19 13:34:15
500108089,25,12,13,2024-12-19 16:33:15
500101040,25,10,14,2024-12-19 13:28:16
500101231,25,11,14,2024-12-19 16:54:16
500101237,25,11,14,2024-12-19 16:23:15
500104040,25,9,16,2024-12-19 15:27:15
500106101,25,8,16,2024-12-19 15:05:16
500107170,25,9,16,2024-12-19 14:21:15
500108131,25,9,16,2024-12-19 15:52:15
500109095,25,9,16,2024-12-19 15:57:15
500104040,25,8,17,2024-12-19 16:56:15
500107040,25,8,17,2024-12-19 13:43:15
500108131,25,8,17,2024-12-19 16:06:15
500108131,25,8,17,2024-12-19 14:09:15
500112012,25,6,17,2024-12-19 15:44:15
500106075,25,7,18,2024-12-19 13:20:17
500112012,25,5,18,2024-12-19 16:46:15
500104132,25,6,19,2024-12-19 14:28:15
500101023,25,5,20,2024-12-19 16:28:15
500104132,25,5,20,2024-12-19 16:35:15
500111001,25,4,21,2024-12-19 17:09:15
500112012,25,2,21,2024-12-19 17:18:16
500112060,25,3,21,2024-12-19 16:37:15
500108011,25,3,22,2024-12-19 16:47:15
500109005,25,3,22,2024-12-19 17:04:15
500105024,25,2,23,2024-12-19 15:35:16
500109005,25,2,23,2024-12-19 13:48:16
500101098,25,1,24,2024-12-19 15:50:18
500104083,25,1,24,2024-12-19 13:48:16
500101221,25,17,8,2024-12-19 21:45:15
500107040,25,18,7,2024-12-19 21:45:15
500103026,25,25,0,2024-12-19 08:47:15
500101237,25,23,1,2024-12-19 08:27:16
500108060,25,24,1,2024-12-19 07:46:15
500101140,25,23,2,2024-12-19 07:56:15
500107170,25,20,2,2024-12-19 08:56:16
500108011,25,23,2,2024-12-19 08:17:15
500108060,25,23,2,2024-12-19 08:00:17
500111043,25,22,2,2024-12-19 07:25:15
500112057,25,19,2,2024-12-19 08:03:15
500103026,25,22,3,2024-12-19 08:57:15
500105080,25,22,3,2024-12-19 07:13:15
500112057,25,20,3,2024-12-19 08:27:16
500109071,25,21,4,2024-12-19 07:46:15
500112057,25,19,5,2024-12-19 08:46:15
500107040,25,16,6,2024-12-19 06:27:15
500101231,25,18,7,2024-12-19 07:17:14
500108088,25,18,7,2024-12-19 06:30:17
500101194,25,4,8,2024-12-19 06:19:15
500112060,25,13,8,2024-12-19 07:17:14
500101023,25,16,9,2024-12-19 07:34:14
500101023,25,16,9,2024-12-19 07:55:17
500107170,25,13,9,2024-12-19 07:27:15
500108156,25,15,9,2024-12-19 08:56:15
500109071,25,16,9,2024-12-19 07:24:15
500112078,25,14,9,2024-12-19 07:45:15
500108088,25,15,10,2024-12-19 07:12:15
500101146,25,11,11,2024-12-19 06:37:15
500110064,25,14,11,2024-12-19 08:00:17
500111061,25,14,11,2024-12-19 08:01:15
500104029,25,11,12,2024-12-19 08:27:16
500104050,25,13,12,2024-12-19 08:32:15
500106119,25,7,12,2024-12-19 07:47:15
500107170,25,10,12,2024-12-19 07:15:17
500109026,25,13,12,2024-12-19 08:41:15
500104050,25,12,13,2024-12-19 07:11:15
500104095,25,12,13,2024-12-19 07:26:15
500108089,25,12,13,2024-12-19 06:33:15
500109026,25,12,13,2024-12-19 06:42:15
500109056,25,12,13,2024-12-19 07:41:15
500109071,25,12,13,2024-12-19 07:12:15
500109095,25,12,13,2024-12-19 08:35:16
500109095,25,12,13,2024-12-19 07:51:15
500112105,25,12,13,2024-12-19 06:06:14
500106075,25,11,14,2024-12-19 06:13:14
500107126,25,10,14,2024-12-19 08:02:15
500109095,25,11,14,2024-12-19 08:41:15
500111037,25,11,14,2024-12-19 06:56:15
500112105,25,11,14,2024-12-19 05:32:15
500101098,25,10,15,2024-12-19 07:04:15
500104029,25,8,15,2024-12-19 07:54:15
500112005,25,10,15,2024-12-19 07:39:15
500108137,25,8,16,2024-12-19 07:31:16
500109002,25,9,16,2024-12-19 08:14:16
500111037,25,9,16,2024-12-19 07:26:15
500101092,25,8,17,2024-12-19 06:15:15
500104029,25,6,17,2024-12-19 07:28:15
500104040,25,8,17,2024-12-19 08:43:14
500106075,25,8,17,2024-12-19 07:37:15
500113007,25,8,17,2024-12-19 07:43:15
500101247,25,7,18,2024-12-19 07:20:15
500104029,25,5,18,2024-12-19 07:21:15
500107126,25,6,18,2024-12-19 08:37:15
500108055,25,7,18,2024-12-19 08:43:15
500108131,25,7,18,2024-12-19 06:31:15
500108158,25,6,18,2024-12-19 06:43:15
500108159,25,7,18,2024-12-19 06:31:15
500109056,25,7,18,2024-12-19 08:35:15
500113005,25,6,18,2024-12-19 06:45:16
500101098,25,6,19,2024-12-19 08:00:17
500101245,25,6,19,2024-12-19 07:17:14
500108156,25,5,19,2024-12-19 08:14:15
500101092,25,5,20,2024-12-19 08:15:16
500101146,25,2,20,2024-12-19 08:26:15
500101245,25,5,20,2024-12-19 06:46:15
500105024,25,5,20,2024-12-19 08:14:15
500105030,25,5,20,2024-12-19 06:06:14
500108131,25,5,20,2024-12-19 04:45:15
500108131,25,5,20,2024-12-19 05:42:15
500109005,25,5,20,2024-12-19 06:59:15
500101140,25,4,21,2024-12-19 06:53:15
500104083,25,4,21,2024-12-19 07:43:15
500107159,25,4,21,2024-12-19 08:50:16
500108067,25,3,21,2024-12-19 06:54:16
500108156,25,3,21,2024-12-19 07:49:16
500109002,25,4,21,2024-12-19 07:45:16
500112027,25,4,21,2024-12-19 06:55:16
500101023,25,3,22,2024-12-19 08:57:15
500104020,25,2,22,2024-12-19 07:45:15
500108156,25,2,22,2024-12-19 07:37:15
500111037,25,3,22,2024-12-19 05:18:15
500112012,25,1,22,2024-12-19 07:47:15
500101040,25,2,23,2024-12-19 08:43:15
500101247,25,2,23,2024-12-19 08:32:15
500111037,25,2,23,2024-12-19 08:15:16
500112012,25,0,23,2024-12-19 08:27:15
500112012,25,0,23,2024-12-19 08:03:15
500101040,25,1,24,2024-12-19 07:55:17
500108011,25,1,24,2024-12-19 07:14:15
500111048,25,1,24,2024-12-19 07:42:14
500108060,25,2,23,2024-12-19 00:11:14
500113007,25,9,16,2024-12-19 00:00:16
500108192,25,5,20,2024-12-19 22:08:14
500112027,25,6,19,2024-12-19 22:27:15
500108159,25,16,9,2024-12-19 22:05:15
500108106,25,18,7,2024-12-19 23:16:15
500103026,25,0,25,2024-12-19 22:01:17
500101092,25,4,21,2024-12-19 23:51:15
500105030,25,21,4,2024-12-19 23:50:15
500101247,25,0,25,2024-12-19 00:16:15
500104040,25,4,21,2024-12-19 01:01:14
500112105,25,11,14,2024-12-19 01:13:15
500108089,25,13,12,2024-12-19 00:21:14
500112012,25,14,6,2024-12-19 01:00:17
500101023,25,8,17,2024-12-19 23:07:14
500111048,25,14,11,2024-12-19 23:14:15
500109026,25,16,7,2024-12-19 22:32:15
500110064,25,1,24,2024-12-19 22:16:15
500104040,25,4,21,2024-12-19 22:39:15
500112117,25,4,21,2024-12-19 22:33:15
500101231,25,8,17,2024-12-19 22:22:15
500109071,25,8,17,2024-12-19 21:00:16
500105080,25,11,14,2024-12-19 21:34:15
500106095,25,14,10,2024-12-19 22:28:15
500112012,25,15,3,2024-12-19 22:32:15
500101146,25,21,2,2024-12-19 22:37:15
500108192,25,4,21,2024-12-19 21:34:14
500109008,25,5,20,2024-12-19 19:49:15
500111071,25,14,11,2024-12-19 21:24:15
500105011,25,18,7,2024-12-19 21:36:15
500101162,25,25,0,2024-12-19 21:33:15
500104083,25,3,22,2024-12-19 01:40:15
500105030,25,6,19,2024-12-19 01:18:15
500104020,25,11,14,2024-12-19 01:36:15
500108060,25,18,7,2024-12-19 02:27:14
500112117,25,3,22,2024-12-19 03:24:15
500111001,25,10,13,2024-12-19 03:16:15
500112060,25,17,5,2024-12-19 03:37:14
500112078,25,18,6,2024-12-19 04:13:16
500113007,25,1,24,2024-12-19 22:07:15
500106095,25,13,11,2024-12-19 22:06:14
500106075,25,13,12,2024-12-19 22:09:15
500107170,25,17,3,2024-12-19 22:08:15
500109056,25,19,6,2024-12-19 22:01:15
500104020,25,23,2,2024-12-19 22:09:15
500109095,25,12,13,2024-12-19 01:21:15
500101023,25,9,16,2024-12-19 21:59:15
500101023,25,5,20,2024-12-19 23:56:14
500112105,25,9,16,2024-12-19 01:03:15
500101221,25,0,25,2024-12-19 01:35:16
500109056,25,19,6,2024-12-19 23:09:15
500111072,25,17,8,2024-12-19 22:10:17
500101146,25,18,5,2024-12-19 22:13:15
500112060,25,22,3,2024-12-19 22:11:15
500110064,25,2,23,2024-12-19 04:42:15
500113005,25,12,12,2024-12-19 22:23:15
500112012,25,16,2,2024-12-19 22:24:15
500107126,25,2,22,2024-12-19 22:53:15
500112012,25,15,2,2024-12-19 23:25:16
500101221,25,25,0,2024-12-19 09:36:15
500103026,25,24,1,2024-12-19 12:24:16
500101140,25,22,2,2024-12-19 12:21:15
500101140,25,22,2,2024-12-19 12:47:15
500101140,25,23,2,2024-12-19 11:08:15
500103026,25,23,2,2024-12-19 12:55:16
500108159,25,23,2,2024-12-19 09:37:15
500101194,25,9,3,2024-12-19 10:21:15
500103026,25,22,3,2024-12-19 12:03:15
500106010,25,18,4,2024-12-19 09:07:15
500111043,25,20,4,2024-12-19 10:22:15
500104045,25,19,5,2024-12-19 11:00:18
500111043,25,19,5,2024-12-19 12:04:15
500104045,25,18,6,2024-12-19 10:45:16
500108089,25,19,6,2024-12-19 09:21:15
500108158,25,18,6,2024-12-19 12:48:14
500109088,25,19,6,2024-12-19 09:59:15
500110064,25,19,6,2024-12-19 09:08:15
500101162,25,18,7,2024-12-19 12:22:16
500108158,25,17,7,2024-12-19 11:46:15
500101162,25,16,9,2024-12-19 11:57:16
500108060,25,16,9,2024-12-19 12:02:16
500108156,25,15,9,2024-12-19 09:07:15
500111071,25,15,9,2024-12-19 11:57:16
500104029,25,13,10,2024-12-19 12:14:15
500105030,25,15,10,2024-12-19 09:15:15
500106095,25,14,10,2024-12-19 12:37:15
500108156,25,14,10,2024-12-19 09:45:15
500108169,25,15,10,2024-12-19 09:21:14
500109002,25,15,10,2024-12-19 11:16:14
500109008,25,15,10,2024-12-19 11:50:16
500106095,25,13,11,2024-12-19 12:22:16
500108097,25,13,11,2024-12-19 07:43:15
500109005,25,14,11,2024-12-19 09:55:17
500109071,25,14,11,2024-12-19 11:24:15
500111061,25,14,11,2024-12-19 12:51:14
500104020,25,13,12,2024-12-19 11:12:16
500108089,25,13,12,2024-12-19 10:34:15
500108159,25,13,12,2024-12-19 10:02:15
500109041,25,11,12,2024-12-19 08:52:16
500112027,25,13,12,2024-12-19 09:35:16
500101040,25,11,13,2024-12-19 12:04:16
500104095,25,12,13,2024-12-19 09:33:15
500104132,25,12,13,2024-12-19 09:46:16
500108159,25,12,13,2024-12-19 09:53:15
500109071,25,12,13,2024-12-19 09:47:15
500109095,25,12,13,2024-12-19 10:45:16
500101092,25,11,14,2024-12-19 09:33:15
500104050,25,11,14,2024-12-19 12:23:16
500106075,25,11,14,2024-12-19 12:48:15
500107159,25,11,14,2024-12-19 11:53:16
500108137,25,10,14,2024-12-19 11:00:18
500107170,25,9,16,2024-12-19 10:17:16
500109041,25,7,16,2024-12-19 10:36:14
500112027,25,9,16,2024-12-19 08:48:15
500109087,25,8,17,2024-12-19 10:21:15
500112005,25,8,17,2024-12-19 09:35:16
500112027,25,8,17,2024-12-19 12:08:15
500104040,25,7,18,2024-12-19 09:08:14
500111061,25,7,18,2024-12-19 10:05:16
500103012,25,6,19,2024-12-19 11:33:16
500108039,25,5,19,2024-12-19 10:07:16
500108088,25,6,19,2024-12-19 11:50:16
500109005,25,6,19,2024-12-19 11:06:15
500111061,25,6,19,2024-12-19 10:53:16
500112012,25,4,19,2024-12-19 12:18:15
500107040,25,2,20,2024-12-19 09:35:16
500107159,25,5,20,2024-12-19 09:31:15
500106075,25,4,21,2024-12-19 12:26:15
500106119,25,3,21,2024-12-19 11:38:14
500107126,25,3,21,2024-12-19 12:36:15
500108039,25,3,21,2024-12-19 10:55:17
500108115,25,3,21,2024-12-19 08:39:15
500109005,25,4,21,2024-12-19 10:45:15
500112012,25,2,21,2024-12-19 09:45:15
500105108,25,3,22,2024-12-19 12:41:15
500106075,25,3,22,2024-12-19 09:36:14
500106075,25,3,22,2024-12-19 11:55:18
500107126,25,2,22,2024-12-19 09:27:14
500108039,25,2,22,2024-12-19 12:35:16
500108039,25,2,22,2024-12-19 13:01:15
500109056,25,3,22,2024-12-19 09:11:15
500112012,25,1,22,2024-12-19 10:52:15
500113005,25,2,22,2024-12-19 09:42:14
500113005,25,2,22,2024-12-19 10:39:16
500101247,25,2,23,2024-12-19 09:05:16
500112012,25,0,23,2024-12-19 10:06:15
500101247,25,1,24,2024-12-19 11:19:15
500105011,25,1,24,2024-12-19 10:58:15
500106119,25,1,24,2024-12-19 12:01:20
500110092,25,1,24,2024-12-19 10:54:15
500113007,25,1,24,2024-12-19 12:22:15
500113007,25,1,24,2024-12-19 10:34:15
500101023,25,0,25,2024-12-19 11:55:17
500104083,25,0,25,2024-12-19 11:44:15
500105024,25,0,25,2024-12-19 11:20:18
500105011,25,25,0,2024-12-19 18:38:16
500112060,25,24,0,2024-12-19 20:42:16
500101221,25,23,2,2024-12-19 19:07:16
500105011,25,23,2,2024-12-19 18:23:15
500108159,25,22,3,2024-12-19 19:19:15
500111037,25,21,4,2024-12-19 17:47:16
500112078,25,17,4,2024-12-19 21:18:15
500101221,25,20,5,2024-12-19 20:09:15
500104020,25,20,5,2024-12-19 21:15:16
500109026,25,18,5,2024-12-19 19:35:16
500112060,25,19,5,2024-12-19 19:55:16
500101194,25,6,6,2024-12-19 18:46:15
500104020,25,19,6,2024-12-19 19:07:15
500109088,25,19,6,2024-12-19 17:55:17
500112060,25,18,6,2024-12-19 18:46:15
500101162,25,18,7,2024-12-19 19:48:15
500104020,25,18,7,2024-12-19 20:31:15
500104020,25,18,7,2024-12-19 17:17:16
500105011,25,18,7,2024-12-19 17:38:16
500108011,25,18,7,2024-12-19 20:13:15
500108011,25,18,7,2024-12-19 21:20:16
500101040,25,16,8,2024-12-19 17:27:16
500109041,25,15,8,2024-12-19 20:25:15
500111037,25,17,8,2024-12-19 19:07:15
500105030,25,16,9,2024-12-19 19:12:15
500106075,25,16,9,2024-12-19 17:27:16
500109071,25,16,9,2024-12-19 17:10:16
500101146,25,14,10,2024-12-19 19:07:15
500101162,25,15,10,2024-12-19 19:29:15
500105011,25,15,10,2024-12-19 21:01:15
500105030,25,15,10,2024-12-19 20:07:15
500106010,25,14,10,2024-12-19 19:33:15
500105080,25,14,11,2024-12-19 18:35:16
500108115,25,14,11,2024-12-19 20:01:15
500108156,25,13,11,2024-12-19 18:40:17
500109056,25,14,11,2024-12-19 19:04:15
500111071,25,14,11,2024-12-19 17:55:17
500112012,25,7,11,2024-12-19 20:28:15
500101023,25,13,12,2024-12-19 20:26:16
500105108,25,13,12,2024-12-19 21:09:16
500108158,25,13,12,2024-12-19 19:15:15
500101023,25,12,13,2024-12-19 18:47:15
500101162,25,12,13,2024-12-19 18:31:15
500105080,25,12,13,2024-12-19 21:13:15
500108106,25,12,13,2024-12-19 18:14:15
500108147,25,12,13,2024-12-19 18:00:18
500108147,25,12,13,2024-12-19 19:37:15
500109071,25,12,13,2024-12-19 19:57:15
500110064,25,12,13,2024-12-19 18:56:15
500111071,25,12,13,2024-12-19 20:32:15
500105024,25,11,14,2024-12-19 19:57:15
500105024,25,11,14,2024-12-19 20:53:15
500108147,25,11,14,2024-12-19 18:37:15
500108159,25,11,14,2024-12-19 18:34:15
500113005,25,10,14,2024-12-19 21:03:14
500101146,25,8,15,2024-12-19 19:47:15
500104040,25,10,15,2024-12-19 19:16:15
500104040,25,10,15,2024-12-19 18:50:16
500105024,25,10,15,2024-12-19 20:26:15
500108106,25,10,15,2024-12-19 18:08:16
500109095,25,10,15,2024-12-19 17:14:16
500112105,25,10,15,2024-12-19 19:27:15
500101140,25,8,16,2024-12-19 20:40:16
500101146,25,7,16,2024-12-19 19:34:15
500104040,25,9,16,2024-12-19 18:24:16
500106075,25,9,16,2024-12-19 18:48:15
500106095,25,8,16,2024-12-19 17:47:16
500107159,25,9,16,2024-12-19 19:51:15
500107159,25,9,16,2024-12-19 20:38:15
500111071,25,9,16,2024-12-19 19:24:15
500112057,25,8,16,2024-12-19 18:57:15
500112117,25,9,16,2024-12-19 17:43:16
500108088,25,8,17,2024-12-19 18:00:18
500108089,25,8,17,2024-12-19 17:26:15
500108131,25,8,17,2024-12-19 17:45:16
500109002,25,8,17,2024-12-19 17:40:17
500101231,25,7,18,2024-12-19 20:29:15
500103012,25,7,18,2024-12-19 18:46:15
500103026,25,7,18,2024-12-19 18:33:16
500106075,25,7,18,2024-12-19 20:48:15
500106075,25,7,18,2024-12-19 20:55:17
500108156,25,6,18,2024-12-19 20:05:16
500109002,25,7,18,2024-12-19 20:38:15
500110064,25,7,18,2024-12-19 18:36:16
500111001,25,7,18,2024-12-19 19:06:15
500112117,25,7,18,2024-12-19 18:59:15
500101040,25,5,19,2024-12-19 20:53:15
500106101,25,5,19,2024-12-19 17:57:15
500111001,25,6,19,2024-12-19 18:16:16
500101140,25,4,20,2024-12-19 17:35:16
500101140,25,4,20,2024-12-19 18:18:16
500108104,25,5,20,2024-12-19 18:24:16
500101098,25,4,21,2024-12-19 18:57:15
500103026,25,4,21,2024-12-19 20:09:15
500106095,25,3,21,2024-12-19 20:13:15
500110064,25,4,21,2024-12-19 20:11:16
500112012,25,2,21,2024-12-19 17:38:16
500112027,25,4,21,2024-12-19 17:38:16
500101237,25,3,22,2024-12-19 20:19:15
500101237,25,3,22,2024-12-19 19:05:16
500101247,25,3,22,2024-12-19 18:30:17
500104045,25,2,22,2024-12-19 19:16:15
500108115,25,3,22,2024-12-19 18:38:16
500111048,25,3,22,2024-12-19 17:38:16
500101092,25,2,23,2024-12-19 20:48:15
500101247,25,2,23,2024-12-19 18:05:16
500108089,25,2,23,2024-12-19 17:59:15
500101092,25,1,24,2024-12-19 19:11:15
500101098,25,1,24,2024-12-19 18:28:16
500101247,25,1,24,2024-12-19 18:52:15
500108089,25,1,24,2024-12-19 21:07:16
500109005,25,1,24,2024-12-19 18:08:16
500110064,25,1,24,2024-12-19 20:48:15
500111048,25,1,24,2024-12-19 17:48:15
500101092,25,0,25,2024-12-19 19:49:15
500101237,25,0,25,2024-12-19 18:18:16
500106010,25,24,0,2024-12-19 16:22:16
500101221,25,24,1,2024-12-19 14:43:14
500110064,25,24,1,2024-12-19 15:36:15
500101140,25,22,2,2024-12-19 14:24:15
500101221,25,23,2,2024-12-19 14:53:14
500111043,25,21,3,2024-12-19 13:58:16
500110064,25,21,4,2024-12-19 14:29:15
500112105,25,21,4,2024-12-19 13:38:16
500103026,25,20,5,2024-12-19 16:36:15
500101237,25,19,6,2024-12-19 13:42:15
500105108,25,19,6,2024-12-19 17:10:17
500108106,25,19,6,2024-12-19 16:35:15
500109071,25,19,6,2024-12-19 13:14:15
500109088,25,19,6,2024-12-19 13:09:15
500112105,25,19,6,2024-12-19 16:38:15
500108106,25,18,7,2024-12-19 15:34:15
500109026,25,18,7,2024-12-19 13:24:14
500105030,25,17,8,2024-12-19 16:42:15
500111071,25,17,8,2024-12-19 14:36:16
500101237,25,16,9,2024-12-19 14:57:15
500105030,25,16,9,2024-12-19 16:21:14
500107159,25,16,9,2024-12-19 13:50:16
500108055,25,16,9,2024-12-19 14:57:15
500108067,25,16,9,2024-12-19 16:26:15
500108106,25,16,9,2024-12-19 17:09:15
500109008,25,16,9,2024-12-19 14:36:15
500104069,25,14,10,2024-12-19 14:41:15
500106075,25,15,10,2024-12-19 17:17:16
500101146,25,13,11,2024-12-19 16:14:14
500104020,25,14,11,2024-12-19 16:21:14
500106075,25,14,11,2024-12-19 17:07:15
500107159,25,14,11,2024-12-19 16:24:15
500108158,25,14,11,2024-12-19 16:23:15
500109002,25,14,11,2024-12-19 13:18:15
500101194,25,0,12,2024-12-19 16:24:17
500104020,25,13,12,2024-12-19 16:16:15
500107159,25,13,12,2024-12-19 17:02:15
500101237,25,12,13,2024-12-19 16:18:16
500101146,25,10,14,2024-12-19 15:39:15
500101231,25,11,14,2024-12-19 15:47:15
500101092,25,10,15,2024-12-19 16:31:15
500101231,25,10,15,2024-12-19 16:45:17
500101231,25,10,15,2024-12-19 14:41:15
500108089,25,10,15,2024-12-19 16:25:16
500109056,25,10,15,2024-12-19 15:26:15
500101092,25,9,16,2024-12-19 16:55:17
500101231,25,9,16,2024-12-19 16:18:16
500107040,25,9,16,2024-12-19 13:55:16
500108067,25,8,16,2024-12-19 13:20:16
500108096,25,8,16,2024-12-19 15:22:15
500112117,25,9,16,2024-12-19 15:45:16
500112117,25,9,16,2024-12-19 14:21:15
500104132,25,8,17,2024-12-19 13:49:14
500108131,25,8,17,2024-12-19 13:54:15
500112012,25,6,17,2024-12-19 16:57:16
500112012,25,6,17,2024-12-19 15:12:15
500109041,25,5,18,2024-12-19 14:25:16
500111072,25,7,18,2024-12-19 14:18:15
500112078,25,5,18,2024-12-19 14:55:16
500113005,25,6,18,2024-12-19 15:05:16
500101140,25,5,19,2024-12-19 16:47:15
500105011,25,5,20,2024-12-19 13:58:16
500108039,25,4,20,2024-12-19 15:26:15
500108039,25,5,20,2024-12-19 16:13:15
500109002,25,5,20,2024-12-19 15:47:15
500109002,25,5,20,2024-12-19 15:01:16
500112060,25,4,20,2024-12-19 17:10:17
500108039,25,4,21,2024-12-19 17:10:17
500109005,25,4,21,2024-12-19 17:16:16
500112012,25,2,21,2024-12-19 16:37:15
500112060,25,3,21,2024-12-19 13:38:16
500113005,25,3,21,2024-12-19 16:44:15
500106119,25,3,22,2024-12-19 16:24:15
500106119,25,3,22,2024-12-19 16:41:14
500101247,25,2,23,2024-12-19 14:12:15
500101247,25,2,23,2024-12-19 13:40:16
500108011,25,2,23,2024-12-19 15:13:16
500112057,25,2,23,2024-12-19 17:06:16
500113007,25,2,23,2024-12-19 15:16:15
500113007,25,2,23,2024-12-19 17:18:16
500106119,25,1,24,2024-12-19 15:33:15
500101023,25,0,25,2024-12-19 13:53:15
500106075,25,10,15,2024-12-19 21:48:16
500112012,25,15,3,2024-12-19 21:46:15
500101194,25,12,0,2024-12-19 07:36:15
500112027,25,25,0,2024-12-19 08:14:16
500101140,25,24,1,2024-12-19 08:14:16
500101237,25,23,1,2024-12-19 08:46:15
500101194,25,10,2,2024-12-19 06:52:15
500104045,25,22,2,2024-12-19 08:02:15
500107040,25,20,2,2024-12-19 06:07:15
500109088,25,22,3,2024-12-19 07:47:15
500112027,25,22,3,2024-12-19 08:03:15
500112057,25,21,3,2024-12-19 08:37:15
500112057,25,15,3,2024-12-19 06:18:15
500109088,25,20,5,2024-12-19 06:15:16
500108088,25,19,6,2024-12-19 05:45:15
500108106,25,19,6,2024-12-19 08:45:15
500109088,25,19,6,2024-12-19 05:45:15
500101162,25,18,7,2024-12-19 07:34:15
500106119,25,12,7,2024-12-19 06:33:15
500112057,25,10,7,2024-12-19 05:30:15
500101237,25,16,8,2024-12-19 08:17:14
500107170,25,14,8,2024-12-19 05:08:14
500107170,25,14,8,2024-12-19 06:56:15
500109041,25,15,8,2024-12-19 07:06:15
500106095,25,15,9,2024-12-19 08:47:15
500108159,25,16,9,2024-12-19 08:45:16
500109008,25,16,9,2024-12-19 06:52:15
500109041,25,14,9,2024-12-19 07:27:15
500111037,25,16,9,2024-12-19 08:37:15
500112078,25,13,9,2024-12-19 07:15:17
500101221,25,15,10,2024-12-19 08:01:15
500101221,25,15,10,2024-12-19 06:15:15
500106101,25,14,10,2024-12-19 08:31:16
500108089,25,15,10,2024-12-19 07:28:15
500109026,25,15,10,2024-12-19 07:50:16
500109041,25,13,10,2024-12-19 08:11:16
500109056,25,15,10,2024-12-19 06:35:14
500111071,25,14,10,2024-12-19 08:14:16
500112078,25,13,10,2024-12-19 07:52:15
500108158,25,13,11,2024-12-19 08:27:16
500101023,25,13,12,2024-12-19 05:59:14
500101146,25,10,12,2024-12-19 06:39:15
500101221,25,13,12,2024-12-19 07:23:15
500101221,25,13,12,2024-12-19 07:30:15
500106101,25,12,12,2024-12-19 08:27:16
500111001,25,13,12,2024-12-19 08:16:15
500111017,25,12,12,2024-12-19 07:55:17
500112027,25,13,12,2024-12-19 07:27:15
500107126,25,11,13,2024-12-19 07:56:15
500108011,25,12,13,2024-12-19 08:36:15
500108156,25,11,13,2024-12-19 08:47:15
500108158,25,11,13,2024-12-19 07:56:15
500108169,25,12,13,2024-12-19 08:41:15
500111071,25,11,13,2024-12-19 07:43:15
500113005,25,11,13,2024-12-19 08:36:15
500103026,25,11,14,2024-12-19 07:24:15
500107126,25,10,14,2024-12-19 06:46:15
500109095,25,11,14,2024-12-19 07:42:15
500111001,25,11,14,2024-12-19 08:25:16
500111001,25,9,14,2024-12-19 04:55:16
500104095,25,10,15,2024-12-19 07:39:15
500106075,25,10,15,2024-12-19 07:17:14
500111048,25,10,15,2024-12-19 06:55:16
500112105,25,10,15,2024-12-19 08:03:15
500113005,25,9,15,2024-12-19 08:49:15
500104020,25,8,16,2024-12-19 06:27:15
500104045,25,8,16,2024-12-19 06:33:15
500105011,25,9,16,2024-12-19 08:03:15
500108055,25,9,16,2024-12-19 07:53:16
500108106,25,9,16,2024-12-19 06:14:15
500111017,25,8,16,2024-12-19 08:37:15
500101023,25,8,17,2024-12-19 08:25:16
500106095,25,7,17,2024-12-19 06:56:15
500106101,25,7,17,2024-12-19 05:28:14
500108131,25,8,17,2024-12-19 08:02:15
500108158,25,7,17,2024-12-19 06:22:14
500112060,25,7,17,2024-12-19 08:03:15
500105024,25,7,18,2024-12-19 06:04:14
500105030,25,7,18,2024-12-19 06:34:15
500106101,25,6,18,2024-12-19 06:08:14
500108115,25,6,18,2024-12-19 07:16:15
500108137,25,6,18,2024-12-19 07:53:16
500109087,25,7,18,2024-12-19 05:29:15
500112078,25,5,18,2024-12-19 08:55:16
500113005,25,6,18,2024-12-19 06:29:15
500101237,25,5,19,2024-12-19 06:07:15
500101245,25,6,19,2024-12-19 07:43:15
500104040,25,6,19,2024-12-19 08:26:15
500111071,25,5,19,2024-12-19 06:37:15
500101146,25,2,20,2024-12-19 08:37:15
500107040,25,2,20,2024-12-19 07:30:16
500107040,25,2,20,2024-12-19 07:45:16
500108067,25,4,20,2024-12-19 08:19:15
500108158,25,4,20,2024-12-19 05:19:14
500109002,25,5,20,2024-12-19 05:57:15
500111071,25,4,20,2024-12-19 07:25:15
500103026,25,4,21,2024-12-19 05:28:14
500104040,25,4,21,2024-12-19 06:06:14
500107126,25,3,21,2024-12-19 08:55:16
500108039,25,3,21,2024-12-19 07:09:15
500108104,25,4,21,2024-12-19 07:48:15
500110064,25,4,21,2024-12-19 06:56:15
500101247,25,3,22,2024-12-19 08:56:16
500104095,25,3,22,2024-12-19 08:56:16
500105011,25,3,22,2024-12-19 08:24:15
500107159,25,3,22,2024-12-19 07:56:15
500108039,25,2,22,2024-12-19 07:50:15
500108067,25,2,22,2024-12-19 07:46:15
500108169,25,3,22,2024-12-19 07:05:15
500109005,25,3,22,2024-12-19 07:24:15
500109087,25,3,22,2024-12-19 07:55:17
500105011,25,2,23,2024-12-19 08:41:15
500108156,25,1,23,2024-12-19 06:47:15
500110092,25,2,23,2024-12-19 07:45:16
500110092,25,1,24,2024-12-19 08:28:15
500106075,25,0,25,2024-12-19 08:56:16
500111048,25,17,8,2024-12-19 00:03:15
500104020,25,10,15,2024-12-19 00:45:15
500109056,25,17,8,2024-12-19 00:20:15
500112012,25,11,5,2024-12-19 00:35:16
500101247,25,0,25,2024-12-19 23:59:15
500104040,25,2,23,2024-12-19 23:21:15
500108137,25,14,11,2024-12-19 22:21:14
500111071,25,15,10,2024-12-19 22:06:14
500104132,25,17,4,2024-12-19 23:52:14
500105011,25,18,7,2024-12-19 23:01:15
500104045,25,12,12,2024-12-19 23:43:14
500109056,25,20,5,2024-12-19 23:12:15
500111043,25,17,8,2024-12-19 20:58:14
500108039,25,3,22,2024-12-19 00:48:14
500103026,25,5,20,2024-12-19 00:42:15
500109071,25,5,20,2024-12-19 00:16:15
500108096,25,9,16,2024-12-19 00:37:15
500108106,25,9,16,2024-12-19 00:45:15
500104095,25,17,8,2024-12-19 01:03:15
500109088,25,18,7,2024-12-19 00:16:15
500112105,25,2,23,2024-12-19 22:30:16
500108131,25,4,21,2024-12-19 21:48:16
500101023,25,7,18,2024-12-19 22:30:15
500108067,25,7,18,2024-12-19 22:33:15
500104083,25,9,16,2024-12-19 20:32:15
500108089,25,10,15,2024-12-19 22:08:14
500111048,25,12,13,2024-12-19 22:36:16
500104095,25,13,12,2024-12-19 22:34:14
500106010,25,21,3,2024-12-19 22:33:15
500101092,25,2,23,2024-12-19 21:32:15
500101247,25,2,23,2024-12-19 21:36:15
500106101,25,8,16,2024-12-19 21:39:15
500107170,25,13,7,2024-12-19 21:31:15
500101221,25,17,8,2024-12-19 21:38:15
500109056,25,17,8,2024-12-19 21:36:15
500107040,25,19,6,2024-12-19 21:31:15
500112078,25,21,0,2024-12-19 21:38:16
500101221,25,0,25,2024-12-19 02:53:14
500101194,25,2,10,2024-12-19 01:45:15
500106075,25,14,11,2024-12-19 01:29:15
500112060,25,16,6,2024-12-19 02:31:14
500101231,25,23,2,2024-12-19 01:38:15
500108067,25,4,20,2024-12-19 03:44:15
500104020,25,9,15,2024-12-19 03:37:14
500101231,25,22,3,2024-12-19 03:31:14
500107126,25,2,22,2024-12-19 22:09:15
500101023,25,6,19,2024-12-19 22:01:15
500111001,25,15,10,2024-12-19 21:49:15
500111072,25,16,9,2024-12-19 22:08:15
500109002,25,6,19,2024-12-19 21:53:15
500101146,25,18,5,2024-12-19 21:58:15
500112012,25,18,2,2024-12-19 03:41:15
500101231,25,22,3,2024-12-19 03:17:15
500112117,25,3,22,2024-12-19 01:05:16
500112057,25,12,6,2024-12-19 00:53:15
500111061,25,15,10,2024-12-19 00:23:14
500112012,25,17,3,2024-12-19 01:58:14
500101231,25,11,14,2024-12-19 22:45:15
500109088,25,14,11,2024-12-19 22:42:15
500112060,25,22,3,2024-12-19 22:42:14
500107040,25,24,1,2024-12-19 22:44:15
500104050,25,8,17,2024-12-19 04:32:14
500105024,25,8,17,2024-12-19 04:33:15
500107126,25,3,21,2024-12-19 23:06:15
500112105,25,2,23,2024-12-19 22:19:15
500101023,25,7,18,2024-12-19 22:10:17
500109005,25,17,8,2024-12-19 22:16:14
500101092,25,2,23,2024-12-19 22:56:14
500106119,25,12,10,2024-12-19 22:52:15
500101140,25,23,1,2024-12-19 11:47:15
500101221,25,24,1,2024-12-19 12:19:15
500101237,25,23,1,2024-12-19 09:28:15
500101237,25,23,1,2024-12-19 10:37:15
500103026,25,23,2,2024-12-19 10:17:15
500101221,25,22,3,2024-12-19 11:27:15
500104029,25,20,3,2024-12-19 09:48:15
500111043,25,21,3,2024-12-19 12:36:15
500101140,25,20,4,2024-12-19 11:30:17
500103026,25,21,4,2024-12-19 11:46:15
500101194,25,7,5,2024-12-19 12:07:15
500101237,25,19,5,2024-12-19 13:05:16
500103026,25,20,5,2024-12-19 09:24:15
500104029,25,18,5,2024-12-19 09:28:15
500106095,25,19,5,2024-12-19 10:04:15
500101237,25,18,6,2024-12-19 12:50:15
500109088,25,19,6,2024-12-19 12:13:16
500112105,25,19,6,2024-12-19 09:21:14
500101162,25,18,7,2024-12-19 10:02:15
500106010,25,17,7,2024-12-19 12:19:16
500106095,25,17,7,2024-12-19 10:28:15
500108060,25,18,7,2024-12-19 11:24:15
500108106,25,18,7,2024-12-19 09:23:15
500108106,25,18,7,2024-12-19 11:38:15
500104029,25,15,8,2024-12-19 11:34:15
500104045,25,16,8,2024-12-19 08:55:15
500106010,25,14,8,2024-12-19 09:56:16
500106101,25,16,8,2024-12-19 09:35:16
500108060,25,17,8,2024-12-19 12:20:16
500108060,25,17,8,2024-12-19 11:53:16
500109002,25,17,8,2024-12-19 10:38:15
500109026,25,17,8,2024-12-19 12:36:15
500101146,25,15,9,2024-12-19 11:43:15
500101146,25,15,9,2024-12-19 12:08:15
500106010,25,14,9,2024-12-19 10:18:15
500106101,25,15,9,2024-12-19 12:10:16
500106101,25,15,9,2024-12-19 10:53:16
500104029,25,13,10,2024-12-19 12:08:15
500108089,25,15,10,2024-12-19 09:52:15
500108159,25,15,10,2024-12-19 11:52:15
500101092,25,14,11,2024-12-19 12:14:16
500104132,25,13,11,2024-12-19 08:56:16
500108089,25,14,11,2024-12-19 10:10:16
500108169,25,14,11,2024-12-19 08:58:15
500109002,25,14,11,2024-12-19 12:08:15
500109002,25,14,11,2024-12-19 09:59:16
500109071,25,14,11,2024-12-19 10:01:16
500109071,25,14,11,2024-12-19 11:14:15
500103012,25,13,12,2024-12-19 09:49:15
500104045,25,12,12,2024-12-19 12:54:15
500104132,25,13,12,2024-12-19 09:27:15
500101040,25,11,13,2024-12-19 11:18:16
500104095,25,12,13,2024-12-19 11:49:16
500108055,25,12,13,2024-12-19 10:53:16
500109071,25,12,13,2024-12-19 09:36:15
500104020,25,11,14,2024-12-19 11:30:16
500106010,25,10,14,2024-12-19 11:39:15
500107040,25,8,14,2024-12-19 09:03:14
500101040,25,10,15,2024-12-19 10:24:14
500107170,25,10,15,2024-12-19 11:36:15
500108088,25,10,15,2024-12-19 09:30:16
500109041,25,8,15,2024-12-19 09:46:16
500109095,25,10,15,2024-12-19 09:33:15
500103012,25,9,16,2024-12-19 10:44:15
500104020,25,8,16,2024-12-19 10:04:16
500107040,25,9,16,2024-12-19 12:30:16
500107040,25,6,16,2024-12-19 11:14:15
500107170,25,9,16,2024-12-19 10:28:15
500108088,25,9,16,2024-12-19 08:42:14
500108089,25,9,16,2024-12-19 12:42:15
500108104,25,9,16,2024-12-19 11:38:14
500111037,25,9,16,2024-12-19 12:54:15
500112005,25,9,16,2024-12-19 07:58:15
500112027,25,9,16,2024-12-19 11:47:15
500101023,25,8,17,2024-12-19 12:25:16
500101162,25,8,17,2024-12-19 08:49:15
500107126,25,7,17,2024-12-19 12:53:15
500107126,25,7,17,2024-12-19 10:56:15
500108055,25,8,17,2024-12-19 09:43:15
500108131,25,8,17,2024-12-19 12:30:16
500108131,25,8,17,2024-12-19 09:36:15
500108131,25,8,17,2024-12-19 10:25:16
500111001,25,8,17,2024-12-19 12:30:16
500111072,25,8,17,2024-12-19 08:44:16
500112057,25,7,17,2024-12-19 11:41:15
500108039,25,6,18,2024-12-19 09:53:15
500108088,25,7,18,2024-12-19 12:03:15
500112060,25,6,18,2024-12-19 12:08:15
500101245,25,6,19,2024-12-19 08:26:15
500109087,25,6,19,2024-12-19 09:26:15
500112012,25,4,19,2024-12-19 12:27:15
500103012,25,5,20,2024-12-19 12:23:16
500104040,25,4,21,2024-12-19 11:40:17
500108039,25,3,21,2024-12-19 11:34:15
500111048,25,4,21,2024-12-19 11:39:15
500113005,25,3,21,2024-12-19 10:06:15
500111048,25,3,22,2024-12-19 12:03:15
500112117,25,3,22,2024-12-19 09:00:18
500101098,25,2,23,2024-12-19 12:34:14
500104083,25,2,23,2024-12-19 09:33:15
500108137,25,1,23,2024-12-19 09:05:16
500109056,25,2,23,2024-12-19 10:37:15
500111017,25,2,23,2024-12-19 09:26:15
500112012,25,0,23,2024-12-19 09:23:15
500101023,25,1,24,2024-12-19 12:08:15
500104083,25,1,24,2024-12-19 08:54:15
500106119,25,1,24,2024-12-19 12:34:14
500111017,25,1,24,2024-12-19 09:07:15
500113005,25,0,24,2024-12-19 11:15:17
500106119,25,0,25,2024-12-19 11:57:16
500101221,25,25,0,2024-12-19 19:18:16
500106010,25,24,0,2024-12-19 20:29:14
500101221,25,24,1,2024-12-19 19:29:16
500106010,25,23,1,2024-12-19 18:18:16
500108159,25,24,1,2024-12-19 19:26:15
500101194,25,10,2,2024-12-19 18:29:16
500101221,25,23,2,2024-12-19 17:47:16
500101221,25,22,3,2024-12-19 18:29:16
500108159,25,22,3,2024-12-19 19:45:16
500108159,25,22,3,2024-12-19 20:08:15
500110064,25,21,4,2024-12-19 17:25:16
500109041,25,18,5,2024-12-19 20:46:16
500111043,25,20,5,2024-12-19 18:04:16
500112060,25,19,5,2024-12-19 19:16:15
500108106,25,19,6,2024-12-19 19:36:15
500108156,25,18,6,2024-12-19 18:01:16
500101221,25,18,7,2024-12-19 21:14:15
500108060,25,18,7,2024-12-19 17:29:15
500108060,25,18,7,2024-12-19 18:58:16
500108106,25,18,7,2024-12-19 18:46:15
500108106,25,18,7,2024-12-19 21:01:15
500109026,25,16,7,2024-12-19 18:45:16
500111037,25,18,7,2024-12-19 18:48:15
500112060,25,17,7,2024-12-19 19:31:15
500107040,25,17,8,2024-12-19 20:55:17
500108055,25,17,8,2024-12-19 17:31:15
500108060,25,17,8,2024-12-19 17:14:16
500108156,25,16,8,2024-12-19 18:14:14
500101221,25,16,9,2024-12-19 21:06:14
500105108,25,16,9,2024-12-19 17:36:15
500107170,25,11,9,2024-12-19 21:04:15
500108011,25,16,9,2024-12-19 19:56:16
500108055,25,16,9,2024-12-19 17:39:15
500108106,25,16,9,2024-12-19 17:28:15
500109008,25,16,9,2024-12-19 16:50:17
500111037,25,16,9,2024-12-19 19:35:16
500112012,25,9,9,2024-12-19 21:20:16
500101194,25,2,10,2024-12-19 20:24:15
500103026,25,15,10,2024-12-19 17:59:15
500105030,25,15,10,2024-12-19 19:27:15
500109071,25,15,10,2024-12-19 18:45:16
500101162,25,14,11,2024-12-19 18:59:15
500104095,25,14,11,2024-12-19 18:41:15
500108067,25,14,11,2024-12-19 17:56:16
500111061,25,14,11,2024-12-19 18:54:15
500111071,25,14,11,2024-12-19 17:36:15
500112027,25,14,11,2024-12-19 17:48:15
500112078,25,10,11,2024-12-19 19:51:15
500101040,25,12,12,2024-12-19 17:52:15
500101146,25,11,12,2024-12-19 20:16:16
500101194,25,0,12,2024-12-19 17:11:17
500105024,25,13,12,2024-12-19 19:19:15
500109005,25,13,12,2024-12-19 20:58:15
500109041,25,11,12,2024-12-19 19:54:15
500108158,25,12,13,2024-12-19 19:32:15
500112078,25,8,13,2024-12-19 20:05:16
500103012,25,11,14,2024-12-19 19:44:15
500104132,25,11,14,2024-12-19 18:15:17
500105080,25,11,14,2024-12-19 20:46:16
500107040,25,11,14,2024-12-19 18:35:16
500108011,25,11,14,2024-12-19 19:06:16
500109087,25,11,14,2024-12-19 20:24:15
500101146,25,8,15,2024-12-19 19:57:15
500104040,25,10,15,2024-12-19 17:40:17
500108088,25,10,15,2024-12-19 18:34:15
500110064,25,10,15,2024-12-19 17:50:16
500111017,25,10,15,2024-12-19 19:07:15
500111072,25,10,15,2024-12-19 19:42:15
500104040,25,9,16,2024-12-19 19:04:15
500105011,25,9,16,2024-12-19 19:58:15
500106010,25,8,16,2024-12-19 20:59:15
500108156,25,8,16,2024-12-19 19:44:14
500111017,25,9,16,2024-12-19 19:30:17
500106095,25,7,17,2024-12-19 17:55:16
500107126,25,7,17,2024-12-19 17:42:15
500108011,25,8,17,2024-12-19 17:33:16
500108089,25,8,17,2024-12-19 20:23:15
500109002,25,8,17,2024-12-19 19:43:15
500101245,25,7,18,2024-12-19 16:06:15
500103026,25,7,18,2024-12-19 18:29:16
500107040,25,7,18,2024-12-19 17:47:16
500108088,25,7,18,2024-12-19 17:24:16
500108131,25,7,18,2024-12-19 17:36:15
500109087,25,7,18,2024-12-19 17:32:15
500112117,25,7,18,2024-12-19 18:01:16
500103026,25,6,19,2024-12-19 20:49:14
500108011,25,6,19,2024-12-19 17:23:15
500108131,25,6,19,2024-12-19 19:32:15
500111072,25,6,19,2024-12-19 18:18:16
500112117,25,6,19,2024-12-19 20:46:16
500101140,25,4,20,2024-12-19 17:57:15
500101237,25,5,20,2024-12-19 20:39:15
500108089,25,5,20,2024-12-19 17:48:15
500110092,25,5,20,2024-12-19 18:22:16
500106095,25,3,21,2024-12-19 18:26:16
500107126,25,3,21,2024-12-19 19:23:15
500107126,25,3,21,2024-12-19 18:18:16
500109005,25,4,21,2024-12-19 18:13:16
500104095,25,3,22,2024-12-19 18:59:16
500108131,25,3,22,2024-12-19 19:54:15
500109005,25,3,22,2024-12-19 17:24:15
500101023,25,2,23,2024-12-19 17:36:15
500101092,25,2,23,2024-12-19 17:33:16
500101092,25,2,23,2024-12-19 18:26:16
500107126,25,1,23,2024-12-19 18:29:16
500108039,25,2,23,2024-12-19 19:44:15
500109008,25,2,23,2024-12-19 19:05:16
500101092,25,1,24,2024-12-19 18:30:17
500101092,25,1,24,2024-12-19 18:56:15
500101247,25,1,24,2024-12-19 18:25:17
500108039,25,1,24,2024-12-19 20:59:17
500110064,25,1,24,2024-12-19 18:15:16
500111048,25,1,24,2024-12-19 18:57:15
500103026,25,25,0,2024-12-19 14:09:16
500101162,25,24,1,2024-12-19 17:08:16
500103026,25,24,1,2024-12-19 14:49:18
500103026,25,23,2,2024-12-19 15:22:15
500106010,25,22,2,2024-12-19 17:14:16
500106010,25,22,2,2024-12-19 15:07:15
500103026,25,21,4,2024-12-19 16:43:15
500109071,25,21,4,2024-12-19 14:09:15
500111043,25,21,4,2024-12-19 14:38:15
500101162,25,20,5,2024-12-19 15:01:16
500101221,25,20,5,2024-12-19 13:10:16
500109071,25,20,5,2024-12-19 13:21:15
500110064,25,20,5,2024-12-19 14:24:14
500101146,25,18,6,2024-12-19 16:38:15
500101162,25,19,6,2024-12-19 15:43:15
500101237,25,19,6,2024-12-19 13:34:15
500112105,25,19,6,2024-12-19 14:23:15
500106095,25,17,7,2024-12-19 15:13:16
500108156,25,17,7,2024-12-19 15:11:14
500108169,25,16,9,2024-12-19 16:34:16
500101237,25,15,10,2024-12-19 15:02:15
500107159,25,15,10,2024-12-19 14:57:15
500107170,25,15,10,2024-12-19 16:47:15
500108055,25,15,10,2024-12-19 15:08:14
500108055,25,14,11,2024-12-19 13:19:15
500112078,25,13,11,2024-12-19 17:07:15
500101092,25,13,12,2024-12-19 15:49:15
500104020,25,13,12,2024-12-19 15:43:15
500106075,25,13,12,2024-12-19 16:54:16
500107126,25,12,12,2024-12-19 14:42:15
500112078,25,11,13,2024-12-19 16:41:15
500104050,25,11,14,2024-12-19 16:53:15
500106075,25,11,14,2024-12-19 16:01:16
500107126,25,10,14,2024-12-19 15:10:15
500107170,25,11,14,2024-12-19 14:51:15
500107040,25,10,15,2024-12-19 14:03:15
500107126,25,9,15,2024-12-19 14:15:16
500111037,25,10,15,2024-12-19 14:16:16
500112117,25,10,15,2024-12-19 16:34:16
500101140,25,8,16,2024-12-19 16:38:15
500108096,25,8,16,2024-12-19 13:50:16
500111037,25,9,16,2024-12-19 14:21:15
500101140,25,7,17,2024-12-19 16:55:17
500107040,25,8,17,2024-12-19 14:42:15
500108096,25,7,17,2024-12-19 14:01:15
500112012,25,6,17,2024-12-19 13:38:16
500104132,25,7,18,2024-12-19 14:02:15
500108011,25,7,18,2024-12-19 17:15:17
500108131,25,7,18,2024-12-19 16:25:15
500108131,25,7,18,2024-12-19 16:42:15
500101092,25,5,20,2024-12-19 17:13:15
500109002,25,5,20,2024-12-19 15:22:15
500113005,25,4,20,2024-12-19 16:18:16
500108011,25,3,22,2024-12-19 14:31:15
500112027,25,3,22,2024-12-19 16:39:15
500101098,25,2,23,2024-12-19 16:01:15
500106119,25,2,23,2024-12-19 16:04:14
500106119,25,2,23,2024-12-19 13:38:16
500106119,25,2,23,2024-12-19 16:37:15
500101023,25,1,24,2024-12-19 17:17:16
500101023,25,1,24,2024-12-19 15:21:16
500101023,25,0,25,2024-12-19 14:39:15
500101140,25,5,19,2024-12-19 21:48:16
500106095,25,11,13,2024-12-19 21:44:15
500109088,25,25,0,2024-12-19 08:16:15
500101140,25,24,1,2024-12-19 08:24:15
500101194,25,11,1,2024-12-19 08:56:16
500104045,25,23,1,2024-12-19 08:17:15
500109088,25,24,1,2024-12-19 07:56:15
500109088,25,23,2,2024-12-19 08:22:15
500112057,25,15,2,2024-12-19 06:07:15
500101231,25,22,3,2024-12-19 05:58:15
500106010,25,19,3,2024-12-19 07:47:15
500109088,25,22,3,2024-12-19 07:12:15
500104069,25,20,4,2024-12-19 07:18:15
500105011,25,20,5,2024-12-19 06:41:15
500108106,25,20,5,2024-12-19 08:54:15
500107170,25,16,6,2024-12-19 08:29:15
500112078,25,16,6,2024-12-19 05:12:14
500104132,25,13,7,2024-12-19 08:35:16
500104132,25,13,7,2024-12-19 06:37:15
500107126,25,17,7,2024-12-19 07:36:15
500109008,25,18,7,2024-12-19 06:46:15
500112012,25,15,7,2024-12-19 06:05:16
500101146,25,14,8,2024-12-19 04:56:15
500111017,25,16,8,2024-12-19 07:25:15
500101146,25,13,9,2024-12-19 06:05:16
500108089,25,16,9,2024-12-19 08:21:16
500111017,25,15,9,2024-12-19 07:05:15
500101231,25,15,10,2024-12-19 07:46:15
500104029,25,13,10,2024-12-19 08:45:16
500107170,25,12,10,2024-12-19 07:35:15
500101023,25,14,11,2024-12-19 06:43:15
500108106,25,14,11,2024-12-19 07:46:15
500112060,25,13,11,2024-12-19 07:29:15
500103026,25,13,12,2024-12-19 07:16:15
500111001,25,13,12,2024-12-19 07:54:15
500104045,25,11,13,2024-12-19 07:15:17
500104132,25,7,13,2024-12-19 06:55:16
500108088,25,12,13,2024-12-19 07:56:15
500111048,25,12,13,2024-12-19 08:37:15
500112057,25,5,13,2024-12-19 07:27:14
500112060,25,11,13,2024-12-19 07:47:15
500106095,25,10,14,2024-12-19 08:37:15
500108106,25,11,14,2024-12-19 06:48:15
500109095,25,11,14,2024-12-19 08:13:15
500111072,25,11,14,2024-12-19 08:37:15
500112005,25,11,14,2024-12-19 07:13:15
500101231,25,10,15,2024-12-19 08:25:16
500101231,25,10,15,2024-12-19 07:58:15
500108115,25,9,15,2024-12-19 06:36:14
500108159,25,10,15,2024-12-19 07:13:15
500111037,25,10,15,2024-12-19 06:47:15
500101098,25,9,16,2024-12-19 07:22:15
500103026,25,9,16,2024-12-19 08:03:15
500104020,25,8,16,2024-12-19 05:41:15
500105024,25,9,16,2024-12-19 08:00:17
500106095,25,8,16,2024-12-19 05:31:14
500108055,25,9,16,2024-12-19 08:30:16
500108115,25,8,16,2024-12-19 06:56:15
500111001,25,9,16,2024-12-19 08:37:15
500106101,25,7,17,2024-12-19 07:27:15
500107040,25,5,17,2024-12-19 07:17:14
500108106,25,8,17,2024-12-19 05:49:15
500108131,25,8,17,2024-12-19 08:55:16
500108159,25,8,17,2024-12-19 06:45:16
500101092,25,7,18,2024-12-19 07:41:15
500105011,25,7,18,2024-12-19 07:37:15
500106119,25,1,18,2024-12-19 08:03:15
500108055,25,7,18,2024-12-19 07:20:16
500109002,25,7,18,2024-12-19 06:24:15
500111048,25,7,18,2024-12-19 07:15:17
500104020,25,5,19,2024-12-19 07:17:14
500107159,25,6,19,2024-12-19 07:07:15
500108131,25,6,19,2024-12-19 06:16:15
500108137,25,5,19,2024-12-19 08:13:15
500109008,25,6,19,2024-12-19 07:35:16
500111071,25,5,19,2024-12-19 06:47:15
500108067,25,4,20,2024-12-19 08:35:16
500108137,25,4,20,2024-12-19 08:36:15
500108169,25,5,20,2024-12-19 07:40:15
500109005,25,5,20,2024-12-19 07:54:15
500109087,25,5,20,2024-12-19 08:38:15
500110064,25,5,20,2024-12-19 07:16:14
500111071,25,4,20,2024-12-19 06:54:16
500111071,25,4,20,2024-12-19 06:05:16
500112117,25,5,20,2024-12-19 07:02:15
500101092,25,4,21,2024-12-19 08:25:16
500101146,25,1,21,2024-12-19 08:46:15
500108039,25,3,21,2024-12-19 08:35:16
500108039,25,3,21,2024-12-19 07:27:15
500109087,25,4,21,2024-12-19 08:15:16
500112117,25,4,21,2024-12-19 06:42:15
500101040,25,3,22,2024-12-19 06:22:14
500101247,25,3,22,2024-12-19 08:17:15
500101247,25,3,22,2024-12-19 08:24:15
500103012,25,2,22,2024-12-19 08:23:15
500112012,25,1,22,2024-12-19 08:39:16
500101040,25,2,23,2024-12-19 08:02:15
500108147,25,2,23,2024-12-19 07:19:16
500112117,25,2,23,2024-12-19 08:54:15
500106075,25,1,24,2024-12-19 08:24:15
500108067,25,0,24,2024-12-19 07:17:14
500101146,25,20,4,2024-12-19 00:05:15
500101146,25,17,7,2024-12-19 00:13:15
500101221,25,2,23,2024-12-19 00:15:15
500104040,25,5,20,2024-12-19 00:37:15
500101023,25,6,19,2024-12-19 23:36:15
500103026,25,0,25,2024-12-19 00:17:15
500112057,25,14,6,2024-12-19 23:18:15
500112105,25,19,6,2024-12-19 23:52:14
500101221,25,2,23,2024-12-19 01:07:15
500105024,25,8,17,2024-12-19 00:31:14
500112005,25,12,13,2024-12-19 00:12:14
500104132,25,15,6,2024-12-19 00:08:15
500107170,25,15,7,2024-12-19 00:14:14
500101162,25,20,5,2024-12-19 00:38:14
500101247,25,2,23,2024-12-19 22:09:15
500104040,25,3,22,2024-12-19 23:16:15
500104045,25,13,11,2024-12-19 21:33:16
500104020,25,18,7,2024-12-19 23:19:15
500101146,25,20,3,2024-12-19 23:08:15
500107170,25,18,2,2024-12-19 22:35:15
500112060,25,21,4,2024-12-19 22:31:16
500107040,25,23,2,2024-12-19 22:14:14
500101237,25,1,24,2024-12-19 21:32:14
500108131,25,5,20,2024-12-19 21:13:16
500106119,25,11,11,2024-12-19 21:37:15
500113005,25,11,13,2024-12-19 21:35:16
500108067,25,11,14,2024-12-19 20:59:15
500111048,25,15,10,2024-12-19 20:38:15
500112027,25,2,23,2024-12-19 01:36:15
500108156,25,3,21,2024-12-19 02:14:15
500112105,25,12,13,2024-12-19 02:56:15
500101162,25,17,8,2024-12-19 02:58:15
500108096,25,8,16,2024-12-19 03:44:15
500113007,25,10,15,2024-12-19 03:13:15
500108115,25,11,13,2024-12-19 04:24:15
500112105,25,12,13,2024-12-19 03:57:15
500101146,25,16,7,2024-12-19 04:22:15
500107040,25,22,0,2024-12-19 04:07:17
500101237,25,1,24,2024-12-19 22:04:15
500104040,25,6,19,2024-12-19 21:43:15
500108096,25,7,18,2024-12-19 22:02:16
500104132,25,13,8,2024-12-19 22:03:15
500101237,25,0,25,2024-12-19 21:57:15
500101092,25,1,24,2024-12-19 21:59:15
500101040,25,2,22,2024-12-19 21:52:15
500108067,25,10,15,2024-12-19 21:42:15
500112060,25,21,4,2024-12-19 23:07:15
500106075,25,13,12,2024-12-19 22:14:15
500112012,25,17,1,2024-12-19 22:19:15
500112105,25,1,24,2024-12-19 22:20:15
500101221,25,10,15,2024-12-19 22:55:16
500101194,25,12,0,2024-12-19 10:59:15
500101221,25,25,0,2024-12-19 11:42:16
500103026,25,25,0,2024-12-19 12:19:16
500112105,25,25,0,2024-12-19 11:46:14
500101140,25,23,1,2024-12-19 11:57:15
500101221,25,24,1,2024-12-19 11:13:15
500106010,25,21,1,2024-12-19 09:09:15
500106095,25,23,1,2024-12-19 09:25:17
500111043,25,23,1,2024-12-19 09:32:15
500101194,25,10,2,2024-12-19 09:07:15
500104069,25,22,2,2024-12-19 07:59:15
500106010,25,22,2,2024-12-19 12:50:15
500103026,25,22,3,2024-12-19 11:53:16
500111043,25,21,3,2024-12-19 09:58:14
500101221,25,21,4,2024-12-19 13:08:15
500106095,25,20,4,2024-12-19 09:05:16
500101221,25,20,5,2024-12-19 10:18:15
500109088,25,20,5,2024-12-19 12:38:14
500112105,25,20,5,2024-12-19 12:35:16
500101162,25,19,6,2024-12-19 10:36:14
500104045,25,17,7,2024-12-19 10:05:16
500108106,25,18,7,2024-12-19 09:36:14
500108106,25,18,7,2024-12-19 10:17:16
500108156,25,17,7,2024-12-19 11:52:15
500109026,25,18,7,2024-12-19 10:18:15
500109026,25,18,7,2024-12-19 11:16:15
500110064,25,18,7,2024-12-19 10:52:15
500105080,25,17,8,2024-12-19 09:35:16
500108159,25,17,8,2024-12-19 09:05:16
500104045,25,15,9,2024-12-19 11:28:16
500106010,25,14,9,2024-12-19 10:06:14
500108156,25,15,9,2024-12-19 11:18:16
500108159,25,16,9,2024-12-19 11:38:15
500109071,25,16,9,2024-12-19 12:27:15
500101092,25,15,10,2024-12-19 11:17:15
500104020,25,15,10,2024-12-19 12:48:15
500111071,25,14,10,2024-12-19 09:41:15
500103012,25,14,11,2024-12-19 09:26:15
500108159,25,14,11,2024-12-19 12:15:16
500111071,25,13,11,2024-12-19 12:48:15
500101146,25,12,12,2024-12-19 10:56:15
500106010,25,11,12,2024-12-19 11:01:16
500106010,25,10,13,2024-12-19 11:14:15
500107159,25,12,13,2024-12-19 12:23:16
500108159,25,12,13,2024-12-19 10:20:16
500109008,25,12,13,2024-12-19 09:09:15
500110064,25,12,13,2024-12-19 11:43:15
500111037,25,12,13,2024-12-19 09:29:15
500101245,25,11,14,2024-12-19 09:49:15
500104132,25,11,14,2024-12-19 10:55:17
500106095,25,10,14,2024-12-19 12:05:17
500108055,25,11,14,2024-12-19 12:10:16
500108055,25,11,14,2024-12-19 11:07:16
500109041,25,9,14,2024-12-19 10:08:15
500112057,25,10,14,2024-12-19 10:47:16
500101231,25,10,15,2024-12-19 12:24:16
500107040,25,7,15,2024-12-19 11:25:15
500107170,25,10,15,2024-12-19 10:37:16
500108060,25,10,15,2024-12-19 09:45:15
500109041,25,8,15,2024-12-19 09:25:16
500109095,25,10,15,2024-12-19 08:55:16
500110064,25,10,15,2024-12-19 11:58:16
500113005,25,9,15,2024-12-19 09:06:15
500112078,25,7,16,2024-12-19 09:46:16
500106119,25,8,17,2024-12-19 10:27:16
500108131,25,8,17,2024-12-19 09:56:16
500111061,25,8,17,2024-12-19 09:16:15
500112027,25,8,17,2024-12-19 09:21:15
500112117,25,8,17,2024-12-19 10:05:16
500101245,25,7,18,2024-12-19 09:33:15
500104040,25,7,18,2024-12-19 09:46:15
500106075,25,7,18,2024-12-19 11:27:15
500106119,25,6,19,2024-12-19 10:38:15
500112012,25,4,19,2024-12-19 12:45:16
500101162,25,5,20,2024-12-19 09:26:15
500106119,25,5,20,2024-12-19 10:40:16
500107040,25,2,20,2024-12-19 09:44:15
500107126,25,4,20,2024-12-19 09:36:15
500112012,25,3,20,2024-12-19 11:33:16
500113005,25,4,20,2024-12-19 12:23:15
500106075,25,4,21,2024-12-19 10:06:15
500108115,25,3,21,2024-12-19 09:50:16
500109056,25,4,21,2024-12-19 09:04:15
500112060,25,3,21,2024-12-19 12:36:15
500101023,25,3,22,2024-12-19 09:50:16
500105108,25,3,22,2024-12-19 11:36:15
500113005,25,2,22,2024-12-19 11:58:16
500101023,25,2,23,2024-12-19 09:43:15
500101247,25,2,23,2024-12-19 12:19:16
500101247,25,2,23,2024-12-19 10:28:15
500113007,25,2,23,2024-12-19 10:10:16
500104083,25,1,24,2024-12-19 12:24:16
500104083,25,1,24,2024-12-19 11:32:15
500105011,25,1,24,2024-12-19 12:05:16
500105024,25,1,24,2024-12-19 09:07:16
500101023,25,0,25,2024-12-19 11:35:16
500101231,25,0,25,2024-12-19 09:08:15
500101247,25,0,25,2024-12-19 09:27:15
500104083,25,0,25,2024-12-19 12:58:15
500101221,25,25,0,2024-12-19 17:59:16
500101221,25,25,0,2024-12-19 18:18:16
500101146,25,23,1,2024-12-19 18:56:15
500101221,25,22,3,2024-12-19 19:53:15
500101221,25,21,4,2024-12-19 17:38:16
500109041,25,19,4,2024-12-19 21:18:14
500108011,25,20,5,2024-12-19 20:47:15
500108055,25,20,5,2024-12-19 18:29:16
500108060,25,20,5,2024-12-19 18:04:16
500101194,25,6,6,2024-12-19 18:34:15
500105030,25,19,6,2024-12-19 18:29:16
500109026,25,17,6,2024-12-19 19:40:15
500109026,25,17,6,2024-12-19 19:03:14
500111043,25,19,6,2024-12-19 16:59:15
500101194,25,5,7,2024-12-19 18:54:15
500104020,25,18,7,2024-12-19 19:54:15
500104020,25,18,7,2024-12-19 17:54:15
500109026,25,16,7,2024-12-19 18:28:16
500109088,25,18,7,2024-12-19 17:05:17
500111043,25,18,7,2024-12-19 20:17:15
500101194,25,4,8,2024-12-19 20:55:17
500105108,25,17,8,2024-12-19 17:53:15
500101162,25,16,9,2024-12-19 19:36:15
500104020,25,16,9,2024-12-19 17:37:16
500108055,25,16,9,2024-12-19 17:55:17
500108106,25,16,9,2024-12-19 20:57:15
500109008,25,15,10,2024-12-19 17:51:16
500112027,25,15,10,2024-12-19 18:26:16
500112105,25,15,10,2024-12-19 18:35:16
500101040,25,13,11,2024-12-19 17:45:16
500105108,25,14,11,2024-12-19 19:11:15
500107040,25,14,11,2024-12-19 20:08:15
500107159,25,14,11,2024-12-19 17:56:16
500108106,25,14,11,2024-12-19 20:37:16
500108106,25,14,11,2024-12-19 18:28:15
500112012,25,7,11,2024-12-19 20:49:15
500112060,25,13,11,2024-12-19 18:29:16
500101162,25,13,12,2024-12-19 18:49:16
500104132,25,9,12,2024-12-19 20:23:15
500105080,25,13,12,2024-12-19 18:16:16
500106010,25,12,12,2024-12-19 21:18:15
500107040,25,13,12,2024-12-19 19:40:15
500108067,25,13,12,2024-12-19 18:38:16
500108147,25,13,12,2024-12-19 17:44:15
500109041,25,11,12,2024-12-19 18:08:16
500112027,25,13,12,2024-12-19 18:13:16
500112078,25,9,12,2024-12-19 19:38:15
500112105,25,13,12,2024-12-19 17:37:16
500113005,25,12,12,2024-12-19 19:15:16
500104132,25,8,13,2024-12-19 19:30:18
500105108,25,12,13,2024-12-19 21:19:16
500108158,25,12,13,2024-12-19 18:42:16
500110064,25,12,13,2024-12-19 17:47:16
500112105,25,12,13,2024-12-19 20:08:14
500113005,25,11,13,2024-12-19 20:25:15
500101146,25,9,14,2024-12-19 20:08:15
500104029,25,10,14,2024-12-19 18:31:15
500106010,25,10,14,2024-12-19 18:38:16
500111071,25,11,14,2024-12-19 20:29:15
500112012,25,4,14,2024-12-19 19:37:16
500112078,25,7,14,2024-12-19 18:33:16
500101023,25,10,15,2024-12-19 19:49:15
500101162,25,10,15,2024-12-19 18:10:16
500101231,25,10,15,2024-12-19 17:43:16
500107040,25,10,15,2024-12-19 18:08:15
500107159,25,10,15,2024-12-19 20:49:15
500111001,25,10,15,2024-12-19 20:29:15
500111017,25,10,15,2024-12-19 19:45:16
500112012,25,3,15,2024-12-19 19:47:15
500112105,25,10,15,2024-12-19 21:17:15
500104083,25,9,16,2024-12-19 17:50:15
500107170,25,4,16,2024-12-19 20:28:15
500108055,25,9,16,2024-12-19 19:47:15
500111001,25,9,16,2024-12-19 19:14:16
500101040,25,7,17,2024-12-19 19:58:15
500101140,25,7,17,2024-12-19 20:22:15
500101231,25,8,17,2024-12-19 18:34:15
500101245,25,8,17,2024-12-19 19:09:15
500101245,25,8,17,2024-12-19 18:20:17
500101245,25,8,17,2024-12-19 18:32:16
500103026,25,8,17,2024-12-19 18:44:16
500104040,25,8,17,2024-12-19 21:07:16
500104040,25,8,17,2024-12-19 18:44:16
500107159,25,8,17,2024-12-19 18:54:15
500108096,25,8,17,2024-12-19 18:54:15
500108131,25,8,17,2024-12-19 18:26:16
500109005,25,8,17,2024-12-19 18:37:15
500109087,25,8,17,2024-12-19 18:25:17
500101040,25,6,18,2024-12-19 21:07:16
500101140,25,6,18,2024-12-19 19:37:16
500103012,25,7,18,2024-12-19 17:47:16
500103026,25,7,18,2024-12-19 20:29:15
500106075,25,7,18,2024-12-19 19:46:15
500106075,25,7,18,2024-12-19 18:53:15
500106095,25,6,18,2024-12-19 20:48:15
500106101,25,6,18,2024-12-19 17:47:16
500106101,25,6,18,2024-12-19 21:17:14
500108096,25,7,18,2024-12-19 18:41:15
500101140,25,5,19,2024-12-19 18:58:16
500108089,25,6,19,2024-12-19 19:43:15
500112012,25,4,19,2024-12-19 19:28:15
500112117,25,6,19,2024-12-19 19:35:16
500101231,25,5,20,2024-12-19 19:36:15
500101237,25,5,20,2024-12-19 19:27:15
500101237,25,5,20,2024-12-19 19:32:15
500101247,25,5,20,2024-12-19 21:19:16
500106095,25,4,20,2024-12-19 20:08:14
500106101,25,4,20,2024-12-19 20:13:15
500110064,25,5,20,2024-12-19 19:36:15
500107126,25,3,21,2024-12-19 20:53:15
500108115,25,4,21,2024-12-19 16:12:15
500108115,25,4,21,2024-12-19 19:22:16
500101098,25,3,22,2024-12-19 18:45:16
500108039,25,3,22,2024-12-19 17:22:16
500108039,25,3,22,2024-12-19 17:44:15
500109008,25,3,22,2024-12-19 19:17:16
500101237,25,2,23,2024-12-19 20:59:15
500104045,25,1,23,2024-12-19 18:36:16
500108115,25,2,23,2024-12-19 18:56:15
500113005,25,1,23,2024-12-19 17:26:14
500112027,25,1,24,2024-12-19 17:08:16
500113007,25,1,24,2024-12-19 20:39:16
500108039,25,0,25,2024-12-19 20:15:16
500108131,25,0,25,2024-12-19 20:49:15
500113007,25,0,25,2024-12-19 17:30:19
500101146,25,23,1,2024-12-19 13:35:15
500106010,25,23,1,2024-12-19 16:15:16
500101040,25,22,2,2024-12-19 17:10:17
500101140,25,22,2,2024-12-19 15:54:15
500106010,25,22,2,2024-12-19 16:00:17
500110064,25,23,2,2024-12-19 13:58:15
500103026,25,22,3,2024-12-19 15:59:15
500109088,25,22,3,2024-12-19 16:48:15
500112105,25,22,3,2024-12-19 15:12:15
500101162,25,20,5,2024-12-19 15:53:14
500101221,25,20,5,2024-12-19 15:47:15
500101194,25,6,6,2024-12-19 15:42:15
500101221,25,19,6,2024-12-19 13:27:15
500105030,25,18,7,2024-12-19 16:53:15
500109026,25,18,7,2024-12-19 13:45:16
500108067,25,16,8,2024-12-19 14:52:16
500109026,25,17,8,2024-12-19 13:32:15
500109002,25,16,9,2024-12-19 13:30:16
500111071,25,15,9,2024-12-19 13:23:15
500111071,25,16,9,2024-12-19 16:55:17
500104020,25,15,10,2024-12-19 13:17:15
500105011,25,15,10,2024-12-19 14:01:15
500111061,25,15,10,2024-12-19 16:38:15
500111071,25,15,10,2024-12-19 16:16:15
500106075,25,14,11,2024-12-19 16:48:16
500106095,25,13,11,2024-12-19 17:18:16
500108060,25,14,11,2024-12-19 15:24:15
500112105,25,14,11,2024-12-19 16:56:15
500101040,25,11,13,2024-12-19 14:44:15
500107159,25,12,13,2024-12-19 17:18:15
500108089,25,12,13,2024-12-19 15:17:16
500108089,25,12,13,2024-12-19 14:16:16
500108137,25,12,13,2024-12-19 15:21:15
500108137,25,12,13,2024-12-19 14:58:15
500112105,25,12,13,2024-12-19 17:14:16
500101146,25,10,14,2024-12-19 15:59:15
500108137,25,11,14,2024-12-19 15:02:15
500101231,25,10,15,2024-12-19 13:15:15
500107170,25,10,15,2024-12-19 14:29:15
500109087,25,10,15,2024-12-19 14:29:15
500101023,25,9,16,2024-12-19 15:48:15
500109087,25,9,16,2024-12-19 14:45:15
500109095,25,9,16,2024-12-19 15:04:15
500111037,25,9,16,2024-12-19 16:22:16
500112012,25,7,16,2024-12-19 15:37:16
500101023,25,8,17,2024-12-19 16:01:16
500109002,25,8,17,2024-12-19 14:58:15
500101023,25,7,18,2024-12-19 16:12:15
500101092,25,7,18,2024-12-19 17:05:17
500112060,25,6,18,2024-12-19 17:08:16
500112012,25,4,19,2024-12-19 16:16:14
500112012,25,4,19,2024-12-19 13:12:15
500108011,25,5,20,2024-12-19 16:56:15
500111037,25,5,20,2024-12-19 16:58:14
500111072,25,5,20,2024-12-19 15:39:15
500101237,25,4,21,2024-12-19 17:17:16
500101140,25,2,22,2024-12-19 17:13:15
500107126,25,2,22,2024-12-19 16:59:15
500112057,25,2,22,2024-12-19 16:02:15
500113005,25,2,22,2024-12-19 17:08:16
500111048,25,2,23,2024-12-19 15:29:15
500111048,25,2,23,2024-12-19 16:58:14
500113005,25,1,23,2024-12-19 16:38:15
500101023,25,1,24,2024-12-19 13:44:15
500101247,25,1,24,2024-12-19 16:22:16
500113007,25,1,24,2024-12-19 14:07:16
500101023,25,0,25,2024-12-19 17:08:16
500101023,25,0,25,2024-12-19 14:37:14
500113007,25,0,25,2024-12-19 14:37:14
500113007,25,0,25,2024-12-19 14:39:15
500108106,25,7,18,2024-12-19 21:47:15
500106010,25,14,10,2024-12-19 21:40:16
500111072,25,15,10,2024-12-19 21:47:15
500101194,25,12,0,2024-12-19 08:02:15
500101237,25,24,0,2024-12-19 08:33:16
500107170,25,22,0,2024-12-19 08:02:15
500101140,25,23,2,2024-12-19 07:45:16
500111043,25,22,2,2024-12-19 07:56:15
500106119,25,19,3,2024-12-19 08:33:16
500101140,25,21,4,2024-12-19 07:27:15
500101162,25,21,4,2024-12-19 06:17:14
500101231,25,21,4,2024-12-19 06:13:14
500109008,25,21,4,2024-12-19 06:18:15
500101162,25,20,5,2024-12-19 06:50:16
500106119,25,13,6,2024-12-19 06:52:15
500112060,25,16,6,2024-12-19 04:46:15
500106119,25,12,7,2024-12-19 05:40:15
500108011,25,18,7,2024-12-19 08:27:16
500108158,25,17,7,2024-12-19 08:44:16
500101231,25,17,8,2024-12-19 07:19:16
500104132,25,12,8,2024-12-19 06:40:16
500106119,25,11,8,2024-12-19 08:17:15
500104045,25,15,9,2024-12-19 08:45:16
500111071,25,15,9,2024-12-19 08:36:15
500101023,25,14,11,2024-12-19 08:02:15
500108088,25,14,11,2024-12-19 07:24:15
500109026,25,14,11,2024-12-19 04:48:15
500109026,25,14,11,2024-12-19 07:30:16
500101221,25,13,12,2024-12-19 07:03:14
500103012,25,12,12,2024-12-19 07:26:15
500109056,25,13,12,2024-12-19 07:23:15
500112012,25,10,12,2024-12-19 07:14:15
500112057,25,12,12,2024-12-19 08:52:15
500103012,25,11,13,2024-12-19 07:35:16
500111037,25,12,13,2024-12-19 08:47:15
500111048,25,12,13,2024-12-19 06:33:14
500101098,25,11,14,2024-12-19 06:50:16
500101146,25,8,14,2024-12-19 07:46:15
500101231,25,11,14,2024-12-19 07:55:17
500105011,25,11,14,2024-12-19 07:44:15
500105024,25,11,14,2024-12-19 07:26:15
500105030,25,11,14,2024-12-19 07:23:15
500108088,25,11,14,2024-12-19 08:02:15
500108096,25,10,14,2024-12-19 08:22:15
500108106,25,11,14,2024-12-19 07:36:15
500105024,25,10,15,2024-12-19 07:31:16
500108088,25,10,15,2024-12-19 08:10:16
500112060,25,7,15,2024-12-19 06:56:14
500112105,25,10,15,2024-12-19 07:24:15
500101023,25,9,16,2024-12-19 08:11:16
500101092,25,9,16,2024-12-19 06:31:14
500103026,25,9,16,2024-12-19 08:16:15
500104020,25,8,16,2024-12-19 08:01:14
500101092,25,8,17,2024-12-19 06:43:15
500104020,25,7,17,2024-12-19 06:34:15
500106010,25,5,17,2024-12-19 08:17:15
500108055,25,8,17,2024-12-19 07:14:15
500109002,25,8,17,2024-12-19 08:25:16
500111001,25,6,17,2024-12-19 07:17:14
500113007,25,8,17,2024-12-19 07:59:15
500104020,25,6,18,2024-12-19 07:34:15
500108011,25,7,18,2024-12-19 08:48:15
500108131,25,7,18,2024-12-19 06:20:15
500111001,25,5,18,2024-12-19 07:21:15
500111001,25,5,18,2024-12-19 07:35:15
500113007,25,7,18,2024-12-19 08:46:15
500106095,25,5,19,2024-12-19 07:47:15
500107040,25,3,19,2024-12-19 07:25:15
500107126,25,5,19,2024-12-19 06:12:14
500107159,25,6,19,2024-12-19 05:46:15
500108115,25,5,19,2024-12-19 08:05:17
500108156,25,5,19,2024-12-19 08:27:16
500111071,25,5,19,2024-12-19 05:02:15
500101245,25,5,20,2024-12-19 07:54:15
500104020,25,4,20,2024-12-19 07:22:15
500108104,25,5,20,2024-12-19 08:09:14
500108192,25,5,20,2024-12-19 07:56:15
500106010,25,1,21,2024-12-19 08:53:15
500108137,25,3,21,2024-12-19 08:39:15
500112117,25,4,21,2024-12-19 05:31:14
500108039,25,2,22,2024-12-19 08:24:15
500109071,25,3,22,2024-12-19 08:56:16
500109087,25,3,22,2024-12-19 07:46:15
500112012,25,1,22,2024-12-19 07:57:16
500112117,25,3,22,2024-12-19 07:39:15
500110064,25,2,23,2024-12-19 05:27:15
500110064,25,2,23,2024-12-19 06:34:15
500110092,25,2,23,2024-12-19 06:09:15
500111071,25,1,23,2024-12-19 07:08:15
500112060,25,1,23,2024-12-19 08:26:15
500112117,25,2,23,2024-12-19 08:01:15
500105024,25,0,25,2024-12-19 08:39:16
500107040,25,25,0,2024-12-19 23:28:15
500112060,25,10,12,2024-12-19 00:06:15
500101237,25,0,25,2024-12-19 23:51:15
500101140,25,2,22,2024-12-19 22:09:15
500109002,25,6,19,2024-12-19 22:53:15
500104083,25,8,17,2024-12-19 22:58:15
500109087,25,8,17,2024-12-19 21:27:15
500108088,25,16,9,2024-12-19 22:46:15
500108115,25,16,9,2024-12-19 23:52:14
500104020,25,19,6,2024-12-19 23:27:14
500104029,25,11,13,2024-12-19 23:11:15
500113005,25,12,12,2024-12-19 22:44:15
500112060,25,15,10,2024-12-19 23:15:16
500107159,25,1,24,2024-12-19 00:17:15
500111061,25,14,11,2024-12-19 01:14:14
500101146,25,18,6,2024-12-19 00:36:15
500101231,25,21,4,2024-12-19 00:39:15
500110064,25,0,25,2024-12-19 22:42:16
500106075,25,16,9,2024-12-19 23:09:15
500111001,25,16,9,2024-12-19 22:14:15
500101092,25,1,24,2024-12-19 22:12:15
500109002,25,7,18,2024-12-19 22:01:15
500107159,25,10,15,2024-12-19 22:12:14
500108106,25,15,10,2024-12-19 22:27:14
500101162,25,24,1,2024-12-19 22:07:16
500113007,25,4,21,2024-12-19 21:17:14
500108158,25,3,21,2024-12-19 02:07:15
500109002,25,4,21,2024-12-19 01:19:15
500101237,25,5,19,2024-12-19 03:00:16
500108011,25,12,13,2024-12-19 01:21:15
500112057,25,13,5,2024-12-19 03:06:14
500112078,25,13,7,2024-12-19 02:12:16
500108039,25,2,22,2024-12-19 03:44:15
500101237,25,4,20,2024-12-19 03:33:15
500110064,25,0,25,2024-12-19 22:06:15
500101231,25,6,19,2024-12-19 22:02:15
500107159,25,9,16,2024-12-19 22:05:16
500101146,25,17,6,2024-12-19 22:06:15
500108011,25,8,17,2024-12-19 21:53:15
500107159,25,10,15,2024-12-19 21:58:15
500107040,25,19,6,2024-12-19 21:58:15
500113007,25,10,15,2024-12-19 00:34:14
500108159,25,5,20,2024-12-19 02:06:15
500112078,25,7,11,2024-12-19 22:44:15
500104020,25,20,5,2024-12-19 22:49:15
500112057,25,11,9,2024-12-19 23:09:16
500109026,25,15,8,2024-12-19 22:16:14
500101221,25,15,10,2024-12-19 22:12:15
500104132,25,14,6,2024-12-19 04:41:15
500108115,25,12,13,2024-12-19 03:58:15
500104095,25,12,13,2024-12-19 22:24:14
500108106,25,14,11,2024-12-19 22:21:15
500101146,25,19,4,2024-12-19 22:21:15
500105011,25,22,3,2024-12-19 22:25:16
500101023,25,15,10,2024-12-19 01:36:15
500101140,25,25,0,2024-12-19 09:44:15
500112105,25,25,0,2024-12-19 10:03:17
500101194,25,11,1,2024-12-19 11:36:15
500101146,25,22,2,2024-12-19 12:53:15
500101221,25,23,2,2024-12-19 09:06:15
500101237,25,22,2,2024-12-19 09:24:14
500104029,25,21,2,2024-12-19 10:05:16
500109088,25,23,2,2024-12-19 09:03:14
500101140,25,22,3,2024-12-19 11:13:15
500103026,25,22,3,2024-12-19 09:05:16
500104069,25,21,3,2024-12-19 11:35:16
500111043,25,21,3,2024-12-19 11:29:15
500101221,25,21,4,2024-12-19 10:28:15
500111043,25,20,4,2024-12-19 12:12:15
500111043,25,20,4,2024-12-19 11:45:15
500112105,25,21,4,2024-12-19 12:19:16
500105080,25,18,7,2024-12-19 09:08:15
500109026,25,18,7,2024-12-19 09:37:15
500109071,25,18,7,2024-12-19 12:55:16
500101162,25,17,8,2024-12-19 11:47:16
500106095,25,16,8,2024-12-19 10:58:16
500108106,25,17,8,2024-12-19 09:04:15
500109008,25,17,8,2024-12-19 09:19:15
500105080,25,16,9,2024-12-19 10:27:15
500108060,25,16,9,2024-12-19 11:17:15
500108106,25,16,9,2024-12-19 11:15:16
500108156,25,15,9,2024-12-19 09:48:15
500101092,25,14,11,2024-12-19 10:12:15
500104029,25,12,11,2024-12-19 12:46:15
500106101,25,13,11,2024-12-19 12:56:15
500108159,25,14,11,2024-12-19 11:14:15
500108159,25,14,11,2024-12-19 11:28:15
500109071,25,14,11,2024-12-19 10:17:15
500101040,25,12,12,2024-12-19 11:27:15
500104020,25,11,12,2024-12-19 11:06:15
500104095,25,13,12,2024-12-19 10:19:16
500104132,25,13,12,2024-12-19 09:37:15
500106119,25,10,12,2024-12-19 09:02:15
500108089,25,13,12,2024-12-19 11:21:15
500101040,25,12,13,2024-12-19 11:07:16
500104020,25,12,13,2024-12-19 12:34:14
500108089,25,12,13,2024-12-19 11:53:16
500108089,25,12,13,2024-12-19 12:08:15
500108089,25,12,13,2024-12-19 10:55:17
500108137,25,11,13,2024-12-19 10:29:15
500112027,25,12,13,2024-12-19 09:39:15
500104020,25,11,14,2024-12-19 12:07:16
500104020,25,9,14,2024-12-19 10:57:15
500109005,25,11,14,2024-12-19 10:16:15
500101245,25,10,15,2024-12-19 09:43:15
500103012,25,10,15,2024-12-19 10:06:15
500104020,25,10,15,2024-12-19 11:58:15
500106119,25,7,15,2024-12-19 09:25:16
500104132,25,9,16,2024-12-19 11:05:16
500107159,25,9,16,2024-12-19 10:51:16
500108039,25,8,16,2024-12-19 09:10:15
500108131,25,9,16,2024-12-19 09:05:16
500109071,25,9,16,2024-12-19 09:27:15
500111037,25,9,16,2024-12-19 12:13:16
500111061,25,9,16,2024-12-19 09:09:15
500101146,25,8,17,2024-12-19 09:56:16
500101231,25,8,17,2024-12-19 11:48:15
500108067,25,7,17,2024-12-19 12:48:15
500109041,25,6,17,2024-12-19 11:58:15
500112078,25,6,17,2024-12-19 11:54:15
500112078,25,6,17,2024-12-19 09:49:15
500103012,25,7,18,2024-12-19 11:20:17
500104020,25,6,18,2024-12-19 09:57:15
500108131,25,7,18,2024-12-19 12:11:16
500112117,25,7,18,2024-12-19 12:40:17
500113007,25,7,18,2024-12-19 09:37:15
500101023,25,6,19,2024-12-19 09:29:15
500107159,25,6,19,2024-12-19 09:42:15
500109005,25,6,19,2024-12-19 10:36:14
500111072,25,6,19,2024-12-19 11:12:16
500112057,25,5,19,2024-12-19 12:14:16
500101146,25,2,20,2024-12-19 09:17:16
500109005,25,5,20,2024-12-19 11:51:16
500112012,25,1,22,2024-12-19 09:36:15
500105108,25,2,23,2024-12-19 12:20:16
500107126,25,1,23,2024-12-19 09:08:15
500110092,25,2,23,2024-12-19 12:22:16
500113005,25,1,23,2024-12-19 11:05:17
500101023,25,1,24,2024-12-19 12:17:15
500112060,25,0,24,2024-12-19 09:08:16
500105011,25,0,25,2024-12-19 12:35:17
500105011,25,0,25,2024-12-19 08:56:16
500105024,25,0,25,2024-12-19 13:05:16
500105024,25,0,25,2024-12-19 11:18:16
500108088,25,19,5,2024-12-19 04:16:14
500111043,25,25,0,2024-12-19 19:38:15
500106010,25,23,1,2024-12-19 18:19:16
500112060,25,23,1,2024-12-19 20:27:15
500106010,25,22,2,2024-12-19 17:48:15
500108159,25,23,2,2024-12-19 19:38:15
500109088,25,23,2,2024-12-19 19:30:17
500109071,25,22,3,2024-12-19 17:55:17
500101146,25,20,4,2024-12-19 18:44:16
500105011,25,21,4,2024-12-19 18:18:16
500108060,25,21,4,2024-12-19 19:27:15
500108060,25,21,4,2024-12-19 21:08:15
500112060,25,20,4,2024-12-19 20:09:15
500101146,25,19,5,2024-12-19 18:33:16
500104020,25,20,5,2024-12-19 18:11:15
500108156,25,19,5,2024-12-19 17:56:15
500108159,25,20,5,2024-12-19 20:30:17
500111043,25,20,5,2024-12-19 17:43:16
500105030,25,19,6,2024-12-19 21:05:16
500108011,25,19,6,2024-12-19 20:21:15
500108055,25,19,6,2024-12-19 19:05:16
500108055,25,19,6,2024-12-19 19:38:14
500111043,25,19,6,2024-12-19 17:31:15
500111043,25,19,6,2024-12-19 17:56:16
500101162,25,18,7,2024-12-19 20:20:16
500105011,25,18,7,2024-12-19 17:43:16
500106075,25,18,7,2024-12-19 17:56:16
500108055,25,18,7,2024-12-19 17:16:16
500108055,25,18,7,2024-12-19 19:08:15
500112060,25,17,7,2024-12-19 18:36:16
500104020,25,17,8,2024-12-19 19:12:15
500104132,25,17,8,2024-12-19 18:30:17
500106010,25,16,8,2024-12-19 19:45:16
500109026,25,15,8,2024-12-19 20:54:14
500101194,25,3,9,2024-12-19 20:36:15
500105030,25,16,9,2024-12-19 20:12:14
500107040,25,16,9,2024-12-19 20:23:15
500105080,25,15,10,2024-12-19 17:36:15
500106095,25,14,10,2024-12-19 17:22:16
500107170,25,10,10,2024-12-19 20:52:14
500109005,25,15,10,2024-12-19 19:58:15
500111017,25,15,10,2024-12-19 20:38:15
500112057,25,14,10,2024-12-19 19:49:15
500112060,25,14,10,2024-12-19 18:18:16
500112105,25,15,10,2024-12-19 18:29:16
500101040,25,13,11,2024-12-19 18:20:17
500105011,25,14,11,2024-12-19 20:43:15
500108011,25,14,11,2024-12-19 19:31:15
500108158,25,14,11,2024-12-19 19:51:15
500108158,25,14,11,2024-12-19 17:21:15
500108158,25,14,11,2024-12-19 18:53:15
500109041,25,12,11,2024-12-19 20:09:15
500104095,25,13,12,2024-12-19 18:37:15
500105080,25,13,12,2024-12-19 19:46:15
500108067,25,13,12,2024-12-19 19:16:15
500108067,25,13,12,2024-12-19 20:48:15
500111071,25,13,12,2024-12-19 17:46:15
500112105,25,13,12,2024-12-19 17:27:16
500101023,25,12,13,2024-12-19 20:58:15
500101162,25,12,13,2024-12-19 17:56:16
500104029,25,11,13,2024-12-19 17:38:16
500108137,25,12,13,2024-12-19 17:23:15
500109041,25,10,13,2024-12-19 18:20:17
500111001,25,12,13,2024-12-19 21:10:16
500113005,25,11,13,2024-12-19 20:48:15
500101040,25,10,14,2024-12-19 18:46:15
500104040,25,11,14,2024-12-19 17:59:15
500105011,25,11,14,2024-12-19 20:12:15
500105024,25,11,14,2024-12-19 20:47:14
500108106,25,11,14,2024-12-19 20:24:15
500108131,25,11,14,2024-12-19 18:03:15
500111001,25,11,14,2024-12-19 19:58:15
500111017,25,11,14,2024-12-19 20:02:14
500112057,25,10,14,2024-12-19 19:04:15
500101023,25,10,15,2024-12-19 18:17:15
500101146,25,8,15,2024-12-19 19:29:15
500107126,25,9,15,2024-12-19 18:48:15
500108088,25,10,15,2024-12-19 19:07:15
500108156,25,9,15,2024-12-19 19:36:15
500109087,25,10,15,2024-12-19 18:55:17
500113005,25,9,15,2024-12-19 20:52:15
500104040,25,9,16,2024-12-19 20:59:15
500106075,25,9,16,2024-12-19 20:01:15
500107159,25,9,16,2024-12-19 20:50:16
500107159,25,9,16,2024-12-19 18:33:16
500108131,25,9,16,2024-12-19 18:14:15
500108159,25,9,16,2024-12-19 18:43:15
500109087,25,9,16,2024-12-19 18:38:16
500112012,25,2,16,2024-12-19 19:58:15
500112117,25,9,16,2024-12-19 18:19:15
500113005,25,8,16,2024-12-19 18:04:16
500109002,25,8,17,2024-12-19 20:29:15
500101247,25,7,18,2024-12-19 20:38:15
500104095,25,7,18,2024-12-19 19:48:15
500104095,25,7,18,2024-12-19 21:02:15
500105011,25,7,18,2024-12-19 19:28:15
500111017,25,7,18,2024-12-19 18:23:16
500106119,25,3,19,2024-12-19 20:39:15
500101140,25,4,20,2024-12-19 18:32:16
500101231,25,5,20,2024-12-19 19:14:15
500101247,25,5,20,2024-12-19 19:12:15
500106095,25,4,20,2024-12-19 20:32:15
500106101,25,4,20,2024-12-19 18:14:14
500107126,25,4,20,2024-12-19 17:36:15
500108115,25,5,20,2024-12-19 17:55:17
500110064,25,5,20,2024-12-19 18:26:16
500101247,25,4,21,2024-12-19 19:06:16
500103026,25,4,21,2024-12-19 20:13:15
500107126,25,3,21,2024-12-19 19:58:15
500101092,25,3,22,2024-12-19 17:40:17
500106095,25,2,22,2024-12-19 19:45:16
500107126,25,2,22,2024-12-19 20:39:16
500107126,25,2,22,2024-12-19 19:05:16
500107126,25,2,22,2024-12-19 20:48:15
500108192,25,3,22,2024-12-19 17:53:15
500109005,25,3,22,2024-12-19 17:48:15
500103026,25,2,23,2024-12-19 19:06:16
500104045,25,1,23,2024-12-19 18:01:16
500108039,25,2,23,2024-12-19 18:20:17
500111017,25,2,23,2024-12-19 17:31:15
500111048,25,2,23,2024-12-19 17:20:17
500111048,25,2,23,2024-12-19 18:42:16
500112012,25,0,23,2024-12-19 17:28:16
500113007,25,2,23,2024-12-19 18:09:16
500101237,25,1,24,2024-12-19 17:56:15
500113007,25,1,24,2024-12-19 18:49:16
500101237,25,0,25,2024-12-19 17:27:16
500101237,25,0,25,2024-12-19 18:47:16
500101247,25,0,25,2024-12-19 17:07:15
500103026,25,25,0,2024-12-19 14:07:16
500106010,25,23,1,2024-12-19 17:04:16
500110064,25,23,2,2024-12-19 14:58:15
500101221,25,22,3,2024-12-19 16:18:16
500106010,25,21,3,2024-12-19 15:56:15
500109071,25,22,3,2024-12-19 16:02:15
500101194,25,8,4,2024-12-19 13:25:16
500101221,25,21,4,2024-12-19 15:56:15
500109071,25,21,4,2024-12-19 13:55:16
500109088,25,21,4,2024-12-19 15:08:15
500112027,25,21,4,2024-12-19 16:08:16
500112027,25,21,4,2024-12-19 14:26:15
500109088,25,20,5,2024-12-19 16:54:16
500111043,25,20,5,2024-12-19 15:37:16
500104020,25,19,6,2024-12-19 14:45:15
500109026,25,19,6,2024-12-19 15:44:15
500105108,25,18,7,2024-12-19 15:12:15
500106095,25,17,7,2024-12-19 16:18:16
500106095,25,17,7,2024-12-19 14:50:16
500101237,25,17,8,2024-12-19 15:15:16
500104020,25,17,8,2024-12-19 14:28:15
500107159,25,17,8,2024-12-19 14:08:15
500109002,25,17,8,2024-12-19 13:53:15
500112027,25,16,9,2024-12-19 16:18:16
500101237,25,15,10,2024-12-19 16:03:15
500108055,25,15,10,2024-12-19 16:16:15
500108060,25,15,10,2024-12-19 15:46:16
500108067,25,15,10,2024-12-19 16:46:15
500111071,25,15,10,2024-12-19 14:08:15
500108055,25,14,11,2024-12-19 15:40:16
500109002,25,14,11,2024-12-19 16:30:16
500105011,25,13,12,2024-12-19 15:48:15
500108089,25,12,13,2024-12-19 17:18:16
500101092,25,11,14,2024-12-19 14:27:15
500107170,25,11,14,2024-12-19 15:45:16
500106101,25,9,15,2024-12-19 14:29:15
500107126,25,9,15,2024-12-19 16:18:16
500107126,25,9,15,2024-12-19 13:52:15
500107170,25,10,15,2024-12-19 15:15:15
500112117,25,10,15,2024-12-19 14:11:16
500101231,25,9,16,2024-12-19 13:20:17
500101237,25,9,16,2024-12-19 16:36:15
500107040,25,9,16,2024-12-19 15:34:14
500112027,25,9,16,2024-12-19 16:28:15
500112117,25,9,16,2024-12-19 14:02:14
500101237,25,8,17,2024-12-19 16:45:17
500108131,25,8,17,2024-12-19 14:39:15
500112078,25,6,17,2024-12-19 13:26:16
500112117,25,8,17,2024-12-19 15:31:15
500104083,25,7,18,2024-12-19 14:18:15
500108131,25,7,18,2024-12-19 15:13:16
500109041,25,5,18,2024-12-19 15:45:16
500101237,25,6,19,2024-12-19 16:57:15
500106075,25,6,19,2024-12-19 15:08:14
500106075,25,6,19,2024-12-19 15:30:17
500106075,25,6,19,2024-12-19 14:17:15
500107126,25,5,19,2024-12-19 16:41:15
500113005,25,5,19,2024-12-19 14:39:15
500108039,25,4,20,2024-12-19 13:48:16
500112027,25,5,20,2024-12-19 16:37:15
500112057,25,4,20,2024-12-19 14:49:15
500101023,25,4,21,2024-12-19 16:47:15
500108039,25,3,21,2024-12-19 13:18:14
500103012,25,3,22,2024-12-19 17:09:15
500113007,25,2,23,2024-12-19 13:42:15
500101098,25,1,24,2024-12-19 14:29:15
500105024,25,1,24,2024-12-19 16:48:16
500111048,25,1,24,2024-12-19 16:13:15
500112057,25,1,24,2024-12-19 16:55:17
500101098,25,0,25,2024-12-19 15:21:16
500109056,25,0,25,2024-12-19 13:48:15
500112105,25,4,21,2024-12-19 21:46:15
500101023,25,12,13,2024-12-19 21:48:16
500108060,25,25,0,2024-12-19 07:34:15
500111043,25,24,0,2024-12-19 08:17:15
500111043,25,24,0,2024-12-19 08:19:16
500111043,25,24,0,2024-12-19 06:31:15
500101194,25,11,1,2024-12-19 07:15:16
500107040,25,21,1,2024-12-19 05:44:15
500108060,25,24,1,2024-12-19 07:25:17
500108060,25,23,2,2024-12-19 07:54:15
500107170,25,19,3,2024-12-19 07:51:15
500112012,25,18,4,2024-12-19 04:46:15
500112057,25,13,5,2024-12-19 06:36:14
500101162,25,19,6,2024-12-19 08:02:15
500106095,25,17,7,2024-12-19 08:53:15
500101194,25,3,9,2024-12-19 06:08:14
500108159,25,16,9,2024-12-19 08:57:15
500111061,25,16,9,2024-12-19 07:07:15
500112027,25,16,9,2024-12-19 07:41:15
500104095,25,15,10,2024-12-19 06:21:15
500110064,25,15,10,2024-12-19 07:47:15
500104029,25,12,11,2024-12-19 08:28:15
500105030,25,14,11,2024-12-19 08:15:16
500109041,25,12,11,2024-12-19 08:43:15
500109056,25,14,11,2024-12-19 06:46:15
500110064,25,14,11,2024-12-19 07:56:15
500111072,25,14,11,2024-12-19 08:25:16
500104050,25,13,12,2024-12-19 07:26:14
500108096,25,12,12,2024-12-19 07:18:15
500108096,25,12,12,2024-12-19 07:35:16
500109026,25,13,12,2024-12-19 08:17:15
500111037,25,13,12,2024-12-19 07:46:15
500112105,25,13,12,2024-12-19 06:35:15
500101140,25,12,13,2024-12-19 07:17:14
500103026,25,12,13,2024-12-19 07:57:16
500108096,25,11,13,2024-12-19 07:14:14
500112027,25,12,13,2024-12-19 08:34:15
500101098,25,11,14,2024-12-19 06:44:15
500103012,25,10,14,2024-12-19 07:39:15
500106095,25,10,14,2024-12-19 07:17:14
500106119,25,5,14,2024-12-19 07:56:15
500108159,25,11,14,2024-12-19 08:26:15
500111061,25,11,14,2024-12-19 08:33:16
500113005,25,10,14,2024-12-19 07:36:15
500113007,25,11,14,2024-12-19 07:14:15
500106095,25,9,15,2024-12-19 07:26:15
500109095,25,10,15,2024-12-19 06:43:15
500110064,25,10,15,2024-12-19 07:24:15
500108131,25,9,16,2024-12-19 07:45:16
500108159,25,9,16,2024-12-19 06:53:15
500109095,25,9,16,2024-12-19 06:55:15
500106075,25,8,17,2024-12-19 07:27:15
500108131,25,8,17,2024-12-19 07:50:16
500111072,25,7,18,2024-12-19 07:23:15
500101247,25,6,19,2024-12-19 07:39:15
500103026,25,6,19,2024-12-19 06:43:15
500108011,25,6,19,2024-12-19 08:47:15
500108159,25,6,19,2024-12-19 05:53:15
500108169,25,6,19,2024-12-19 07:49:16
500109002,25,6,19,2024-12-19 06:15:15
500101092,25,5,20,2024-12-19 08:02:15
500106075,25,5,20,2024-12-19 07:57:16
500107159,25,5,20,2024-12-19 08:47:15
500108156,25,4,20,2024-12-19 07:44:15
500109002,25,5,20,2024-12-19 07:37:15
500112117,25,5,20,2024-12-19 08:21:16
500105108,25,4,21,2024-12-19 04:52:15
500111048,25,4,21,2024-12-19 07:23:15
500104083,25,3,22,2024-12-19 07:53:16
500105024,25,3,22,2024-12-19 08:25:16
500108104,25,3,22,2024-12-19 07:43:15
500108147,25,3,22,2024-12-19 08:54:15
500108147,25,3,22,2024-12-19 06:50:16
500108147,25,3,22,2024-12-19 07:40:16
500112012,25,1,22,2024-12-19 08:15:16
500112060,25,2,22,2024-12-19 08:32:15
500112117,25,3,22,2024-12-19 08:17:15
500108147,25,2,23,2024-12-19 07:54:15
500112117,25,2,23,2024-12-19 08:41:15
500101040,25,1,24,2024-12-19 07:15:16
500101140,25,1,24,2024-12-19 05:55:16
500107159,25,1,24,2024-12-19 08:17:15
500110092,25,1,24,2024-12-19 07:08:15
500106095,25,14,10,2024-12-19 00:03:15
500112012,25,13,7,2024-12-19 00:53:15
500112078,25,8,12,2024-12-19 00:05:15
500104020,25,9,16,2024-12-19 00:50:16
500112078,25,11,9,2024-12-19 00:17:15
500112105,25,10,15,2024-12-19 00:49:15
500101040,25,2,22,2024-12-19 23:49:15
500109071,25,8,17,2024-12-19 23:50:15
500111061,25,9,16,2024-12-19 22:45:16
500108097,25,14,10,2024-12-19 17:50:15
500101194,25,1,11,2024-12-19 22:34:15
500110064,25,4,21,2024-12-19 23:57:15
500105080,25,12,13,2024-12-19 22:47:15
500109005,25,16,9,2024-12-19 23:43:14
500111017,25,18,7,2024-12-19 22:12:15
500101194,25,3,9,2024-12-19 01:13:15
500108158,25,8,16,2024-12-19 00:29:15
500112060,25,10,12,2024-12-19 01:14:14
500101092,25,10,15,2024-12-19 00:59:15
500112057,25,13,5,2024-12-19 01:17:15
500106119,25,13,6,2024-12-19 00:59:15
500101092,25,3,22,2024-12-19 23:05:15
500101221,25,12,13,2024-12-19 23:13:14
500103012,25,15,10,2024-12-19 22:41:15
500109008,25,9,16,2024-12-19 22:35:16
500101221,25,14,11,2024-12-19 22:39:15
500105030,25,19,6,2024-12-19 22:36:14
500105024,25,4,21,2024-12-19 21:38:15
500101040,25,5,19,2024-12-19 21:23:16
500107126,25,5,19,2024-12-19 21:38:15
500108089,25,5,20,2024-12-19 21:39:15
500104029,25,9,15,2024-12-19 19:17:14
500106095,25,10,14,2024-12-19 21:26:16
500106075,25,10,15,2024-12-19 21:32:15
500103012,25,12,13,2024-12-19 21:29:15
500108158,25,13,12,2024-12-19 21:03:15
500112060,25,25,0,2024-12-19 21:34:15
500111037,25,2,23,2024-12-19 01:52:15
500108131,25,4,21,2024-12-19 02:00:17
500112057,25,13,4,2024-12-19 04:05:15
500106010,25,22,2,2024-12-19 04:01:20
500101162,25,22,3,2024-12-19 04:02:15
500111043,25,23,1,2024-12-19 03:48:15
500105030,25,20,5,2024-12-19 21:59:15
500104020,25,10,15,2024-12-19 01:22:15
500107126,25,2,22,2024-12-19 21:59:15
500101140,25,3,21,2024-12-19 21:59:15
500101245,25,7,18,2024-12-19 21:51:15
500104020,25,23,2,2024-12-19 21:54:14
500104020,25,10,15,2024-12-19 03:11:15
500112078,25,6,11,2024-12-19 23:40:15
500111048,25,15,10,2024-12-19 23:44:15
500101237,25,4,20,2024-12-19 01:51:14
500101221,25,12,13,2024-12-19 22:45:16
500112012,25,16,2,2024-12-19 22:48:15
500108106,25,16,9,2024-12-19 22:40:15
500101146,25,15,7,2024-12-19 04:31:15
500111048,25,13,12,2024-12-19 23:03:14
500112117,25,5,20,2024-12-19 22:13:15
500104095,25,11,14,2024-12-19 22:16:15
500108106,25,13,12,2024-12-19 22:17:15
500111071,25,6,18,2024-12-19 04:40:15
500111017,25,18,6,2024-12-19 03:48:15
500108158,25,4,20,2024-12-19 01:50:15
500101140,25,25,0,2024-12-19 09:07:16
500101221,25,25,0,2024-12-19 11:58:16
500101221,25,25,0,2024-12-19 09:53:17
500103026,25,25,0,2024-12-19 10:42:17
500101237,25,23,1,2024-12-19 11:25:16
500103026,25,23,2,2024-12-19 09:57:15
500103026,25,23,2,2024-12-19 10:26:14
500101140,25,21,3,2024-12-19 11:20:17
500101194,25,9,3,2024-12-19 11:58:16
500106010,25,21,3,2024-12-19 13:03:14
500106095,25,21,3,2024-12-19 09:32:14
500106010,25,20,4,2024-12-19 11:54:14
500106010,25,17,5,2024-12-19 09:25:16
500109026,25,20,5,2024-12-19 10:34:15
500101162,25,19,6,2024-12-19 10:21:15
500104029,25,17,6,2024-12-19 09:04:15
500109026,25,19,6,2024-12-19 11:37:15
500109026,25,19,6,2024-12-19 10:22:15
500104045,25,17,7,2024-12-19 09:24:14
500105030,25,18,7,2024-12-19 12:15:16
500108158,25,17,7,2024-12-19 09:21:15
500109088,25,18,7,2024-12-19 11:47:16
500109088,25,18,7,2024-12-19 10:11:15
500101162,25,17,8,2024-12-19 12:17:16
500109088,25,17,8,2024-12-19 11:01:17
500109002,25,16,9,2024-12-19 10:22:16
500109026,25,16,9,2024-12-19 09:05:16
500110064,25,16,9,2024-12-19 09:55:17
500110064,25,16,9,2024-12-19 11:08:15
500101146,25,14,10,2024-12-19 11:55:18
500104045,25,14,10,2024-12-19 11:36:15
500106095,25,14,10,2024-12-19 11:37:15
500108060,25,15,10,2024-12-19 10:53:15
500108159,25,15,10,2024-12-19 12:28:15
500101146,25,13,11,2024-12-19 11:23:15
500101146,25,13,11,2024-12-19 11:11:15
500105030,25,14,11,2024-12-19 08:45:16
500106101,25,13,11,2024-12-19 12:26:15
500108060,25,14,11,2024-12-19 10:16:15
500101092,25,13,12,2024-12-19 09:55:17
500106095,25,12,12,2024-12-19 11:45:15
500107159,25,13,12,2024-12-19 12:35:16
500108055,25,13,12,2024-12-19 11:36:15
500109005,25,13,12,2024-12-19 09:59:16
500101040,25,11,13,2024-12-19 12:18:15
500106010,25,10,13,2024-12-19 10:55:17
500106010,25,10,13,2024-12-19 11:28:15
500108137,25,11,13,2024-12-19 11:40:17
500101040,25,11,14,2024-12-19 10:46:15
500101231,25,11,14,2024-12-19 12:36:14
500103012,25,11,14,2024-12-19 10:08:15
500104020,25,10,14,2024-12-19 10:26:14
500107040,25,8,14,2024-12-19 10:51:16
500107126,25,10,14,2024-12-19 11:42:16
500107170,25,11,14,2024-12-19 09:44:15
500104132,25,10,15,2024-12-19 11:17:15
500106119,25,10,15,2024-12-19 10:06:15
500107170,25,10,15,2024-12-19 11:27:15
500112057,25,9,15,2024-12-19 09:20:16
500112057,25,9,15,2024-12-19 11:16:15
500101146,25,8,16,2024-12-19 10:05:16
500106075,25,9,16,2024-12-19 12:38:15
500107126,25,8,16,2024-12-19 12:05:17
500107126,25,8,16,2024-12-19 09:56:16
500107159,25,9,16,2024-12-19 11:13:15
500111037,25,9,16,2024-12-19 12:23:15
500112057,25,8,16,2024-12-19 09:37:15
500112117,25,9,16,2024-12-19 12:15:16
500107159,25,8,17,2024-12-19 10:06:15
500108039,25,7,17,2024-12-19 09:00:18
500101040,25,7,18,2024-12-19 10:17:16
500107126,25,6,18,2024-12-19 10:04:16
500107126,25,6,18,2024-12-19 11:24:15
500111001,25,7,18,2024-12-19 11:43:15
500111001,25,7,18,2024-12-19 10:16:15
500104040,25,6,19,2024-12-19 12:20:16
500111001,25,6,19,2024-12-19 11:37:15
500112117,25,6,19,2024-12-19 11:43:15
500101146,25,2,20,2024-12-19 09:03:14
500101146,25,2,20,2024-12-19 09:34:15
500104020,25,4,20,2024-12-19 09:27:14
500104040,25,5,20,2024-12-19 12:13:16
500109087,25,5,20,2024-12-19 08:57:15
500111001,25,5,20,2024-12-19 11:14:15
500112060,25,4,20,2024-12-19 12:52:15
500101023,25,4,21,2024-12-19 13:05:15
500101040,25,4,21,2024-12-19 09:47:15
500107040,25,1,21,2024-12-19 09:22:15
500101023,25,3,22,2024-12-19 11:13:15
500101247,25,3,22,2024-12-19 12:28:15
500104040,25,3,22,2024-12-19 12:02:16
500104083,25,3,22,2024-12-19 10:45:16
500106075,25,3,22,2024-12-19 09:52:15
500106119,25,3,22,2024-12-19 11:16:14
500107126,25,2,22,2024-12-19 12:26:15
500107126,25,2,22,2024-12-19 09:06:15
500109005,25,3,22,2024-12-19 12:07:16
500109071,25,3,22,2024-12-19 09:05:16
500110092,25,3,22,2024-12-19 12:36:14
500108039,25,1,23,2024-12-19 12:44:15
500110092,25,2,23,2024-12-19 09:09:15
500112078,25,0,23,2024-12-19 09:16:16
500101231,25,1,24,2024-12-19 09:27:15
500108011,25,1,24,2024-12-19 11:27:15
500109005,25,1,24,2024-12-19 12:57:15
500109005,25,1,24,2024-12-19 12:59:15
500112060,25,0,24,2024-12-19 09:39:16
500101040,25,0,25,2024-12-19 09:09:16
500105011,25,0,25,2024-12-19 11:01:18
500107170,25,25,0,2024-12-19 19:13:15
500107170,25,25,0,2024-12-19 18:46:15
500111043,25,25,0,2024-12-19 19:40:19
500106010,25,23,1,2024-12-19 18:08:16
500101221,25,23,2,2024-12-19 19:38:15
500111043,25,23,2,2024-12-19 18:52:15
500106010,25,21,3,2024-12-19 17:27:15
500108060,25,22,3,2024-12-19 19:59:16
500108159,25,21,4,2024-12-19 20:18:15
500109026,25,21,4,2024-12-19 17:39:15
500106075,25,20,5,2024-12-19 17:38:15
500112060,25,19,5,2024-12-19 19:07:15
500112078,25,16,5,2024-12-19 21:01:15
500103026,25,19,6,2024-12-19 17:25:16
500104020,25,19,6,2024-12-19 19:46:15
500105011,25,19,6,2024-12-19 17:56:16
500107040,25,19,6,2024-12-19 19:24:15
500108060,25,19,6,2024-12-19 17:41:16
500111043,25,19,6,2024-12-19 20:12:15
500101146,25,17,7,2024-12-19 17:38:16
500105030,25,18,7,2024-12-19 17:37:16
500107170,25,18,7,2024-12-19 17:49:15
500108106,25,18,7,2024-12-19 19:29:15
500109008,25,18,7,2024-12-19 18:38:16
500110064,25,18,7,2024-12-19 17:36:15
500111037,25,18,7,2024-12-19 18:28:16
500109008,25,17,8,2024-12-19 18:26:15
500109026,25,15,8,2024-12-19 18:30:17
500109088,25,17,8,2024-12-19 20:58:15
500111061,25,17,8,2024-12-19 18:17:15
500112027,25,17,8,2024-12-19 17:55:17
500112057,25,13,8,2024-12-19 21:17:15
500105011,25,16,9,2024-12-19 18:58:16
500105080,25,16,9,2024-12-19 16:29:15
500108159,25,16,9,2024-12-19 18:13:16
500111061,25,16,9,2024-12-19 18:08:16
500112057,25,15,9,2024-12-19 19:25:15
500101221,25,15,10,2024-12-19 20:56:15
500108156,25,14,10,2024-12-19 18:26:16
500111037,25,15,10,2024-12-19 19:58:15
500112078,25,11,10,2024-12-19 20:38:15
500106010,25,13,11,2024-12-19 19:26:15
500108137,25,14,11,2024-12-19 19:56:16
500108158,25,14,11,2024-12-19 18:19:15
500109008,25,14,11,2024-12-19 17:48:15
500101023,25,13,12,2024-12-19 19:06:15
500101162,25,13,12,2024-12-19 17:48:15
500103026,25,13,12,2024-12-19 18:06:15
500107159,25,13,12,2024-12-19 17:22:16
500108106,25,13,12,2024-12-19 17:56:16
500108147,25,13,12,2024-12-19 13:28:15
500109005,25,13,12,2024-12-19 19:15:16
500113005,25,12,12,2024-12-19 18:15:17
500104132,25,8,13,2024-12-19 20:11:16
500105024,25,12,13,2024-12-19 19:48:15
500107040,25,12,13,2024-12-19 19:38:16
500108156,25,11,13,2024-12-19 19:05:15
500108159,25,12,13,2024-12-19 18:24:16
500111071,25,12,13,2024-12-19 18:12:15
500106010,25,10,14,2024-12-19 20:39:16
500106075,25,11,14,2024-12-19 18:18:16
500108147,25,11,14,2024-12-19 19:43:15
500109041,25,9,14,2024-12-19 18:44:16
500103012,25,10,15,2024-12-19 19:31:15
500105024,25,10,15,2024-12-19 18:47:16
500108115,25,10,15,2024-12-19 19:59:16
500108156,25,9,15,2024-12-19 19:15:16
500109071,25,10,15,2024-12-19 20:07:15
500109087,25,10,15,2024-12-19 21:19:15
500111001,25,10,15,2024-12-19 19:39:15
500112012,25,8,15,2024-12-19 18:36:16
500112027,25,10,15,2024-12-19 19:17:15
500112057,25,6,15,2024-12-19 20:13:15
500113005,25,9,15,2024-12-19 21:16:15
500101231,25,9,16,2024-12-19 18:22:16
500103026,25,9,16,2024-12-19 18:18:16
500104069,25,8,16,2024-12-19 17:29:15
500105024,25,9,16,2024-12-19 18:36:16
500107159,25,9,16,2024-12-19 19:18:15
500108011,25,9,16,2024-12-19 18:48:15
500108088,25,9,16,2024-12-19 17:36:15
500112012,25,2,16,2024-12-19 20:08:15
500112027,25,9,16,2024-12-19 21:06:15
500112105,25,9,16,2024-12-19 20:43:15
500112117,25,9,16,2024-12-19 17:14:16
500101023,25,8,17,2024-12-19 17:59:15
500101040,25,7,17,2024-12-19 21:10:15
500101140,25,7,17,2024-12-19 19:45:16
500104083,25,8,17,2024-12-19 19:06:16
500104095,25,8,17,2024-12-19 21:17:15
500104132,25,8,17,2024-12-19 17:59:15
500108011,25,8,17,2024-12-19 18:58:16
500111001,25,8,17,2024-12-19 17:37:16
500111037,25,8,17,2024-12-19 20:57:16
500111071,25,8,17,2024-12-19 18:48:15
500113005,25,7,17,2024-12-19 17:40:17
500101237,25,7,18,2024-12-19 19:59:16
500104045,25,6,18,2024-12-19 17:26:15
500104083,25,7,18,2024-12-19 15:50:16
500108104,25,7,18,2024-12-19 16:10:16
500108131,25,7,18,2024-12-19 17:08:16
500109002,25,7,18,2024-12-19 20:13:15
500111072,25,7,18,2024-12-19 18:21:16
500112060,25,6,18,2024-12-19 17:44:15
500101231,25,6,19,2024-12-19 20:37:16
500101237,25,6,19,2024-12-19 20:08:14
500101247,25,6,19,2024-12-19 21:09:16
500103012,25,6,19,2024-12-19 17:36:15
500104045,25,5,19,2024-12-19 17:48:15
500107159,25,6,19,2024-12-19 19:38:14
500108089,25,6,19,2024-12-19 20:39:16
500108131,25,6,19,2024-12-19 18:35:16
500110064,25,6,19,2024-12-19 19:27:15
500110064,25,6,19,2024-12-19 19:45:16
500110092,25,6,19,2024-12-19 17:41:16
500111071,25,6,19,2024-12-19 18:56:15
500101040,25,4,20,2024-12-19 20:49:15
500101092,25,5,20,2024-12-19 18:07:16
500104095,25,5,20,2024-12-19 19:11:15
500106119,25,5,20,2024-12-19 17:27:16
500108089,25,5,20,2024-12-19 19:36:15
500108131,25,5,20,2024-12-19 18:49:16
500111001,25,5,20,2024-12-19 17:27:16
500101098,25,4,21,2024-12-19 19:56:16
500101231,25,4,21,2024-12-19 19:07:15
500101231,25,4,21,2024-12-19 21:13:16
500103012,25,4,21,2024-12-19 18:23:16
500106095,25,3,21,2024-12-19 18:17:15
500108131,25,4,21,2024-12-19 19:49:15
500111017,25,4,21,2024-12-19 17:58:16
500112057,25,3,21,2024-12-19 18:45:15
500101098,25,3,22,2024-12-19 19:07:15
500103026,25,3,22,2024-12-19 19:19:15
500104095,25,3,22,2024-12-19 18:57:15
500109008,25,3,22,2024-12-19 18:48:15
500101023,25,2,23,2024-12-19 17:28:15
500101092,25,2,23,2024-12-19 17:25:16
500101092,25,1,24,2024-12-19 21:15:16
500101247,25,1,24,2024-12-19 17:53:16
500104045,25,0,24,2024-12-19 18:47:16
500110064,25,0,25,2024-12-19 20:58:15
500101221,25,25,0,2024-12-19 16:48:16
500101221,25,25,0,2024-12-19 16:55:16
500103026,25,24,1,2024-12-19 15:34:15
500106010,25,23,1,2024-12-19 15:23:15
500101140,25,21,3,2024-12-19 14:52:15
500101221,25,22,3,2024-12-19 14:28:15
500106010,25,21,3,2024-12-19 14:43:15
500109026,25,22,3,2024-12-19 16:48:16
500109071,25,22,3,2024-12-19 15:17:16
500101221,25,21,4,2024-12-19 15:37:16
500110064,25,21,4,2024-12-19 16:26:15
500110064,25,21,4,2024-12-19 17:04:15
500101221,25,20,5,2024-12-19 14:05:15
500101237,25,20,5,2024-12-19 13:28:16
500105030,25,20,5,2024-12-19 15:02:15
500111037,25,20,5,2024-12-19 17:18:16
500106095,25,18,6,2024-12-19 13:47:15
500108156,25,18,6,2024-12-19 16:36:15
500105108,25,17,8,2024-12-19 16:07:15
500104020,25,16,9,2024-12-19 16:08:16
500104020,25,16,9,2024-12-19 16:47:15
500107170,25,16,9,2024-12-19 16:55:17
500108159,25,16,9,2024-12-19 16:29:15
500109002,25,16,9,2024-12-19 15:56:15
500111061,25,16,9,2024-12-19 17:02:15
500105011,25,15,10,2024-12-19 16:56:15
500101194,25,1,11,2024-12-19 17:08:16
500104045,25,11,13,2024-12-19 15:02:15
500109002,25,12,13,2024-12-19 16:44:15
500101092,25,11,14,2024-12-19 14:53:14
500101146,25,10,14,2024-12-19 14:47:15
500106101,25,10,14,2024-12-19 13:42:15
500108089,25,11,14,2024-12-19 16:49:15
500108096,25,10,15,2024-12-19 16:32:15
500111037,25,10,15,2024-12-19 14:51:15
500111037,25,10,15,2024-12-19 13:41:15
500112078,25,8,15,2024-12-19 16:17:15
500106101,25,8,16,2024-12-19 16:26:15
500108131,25,9,16,2024-12-19 13:42:15
500109056,25,9,16,2024-12-19 16:40:16
500112117,25,9,16,2024-12-19 14:58:15
500104040,25,8,17,2024-12-19 17:05:17
500107040,25,8,17,2024-12-19 16:36:15
500108131,25,8,17,2024-12-19 16:30:16
500107126,25,6,18,2024-12-19 17:15:17
500104040,25,6,19,2024-12-19 16:22:16
500104083,25,6,19,2024-12-19 15:09:15
500112012,25,4,19,2024-12-19 14:00:17
500103012,25,5,20,2024-12-19 15:15:16
500104132,25,4,21,2024-12-19 16:45:17
500105024,25,4,21,2024-12-19 17:02:15
500112057,25,3,21,2024-12-19 15:00:17
500111072,25,3,22,2024-12-19 16:49:15
500108011,25,2,23,2024-12-19 14:16:15
500112060,25,1,23,2024-12-19 16:25:18
500112060,25,1,23,2024-12-19 14:49:15
500113007,25,2,23,2024-12-19 15:01:16
500109005,25,1,24,2024-12-19 15:28:14
500109005,25,0,25,2024-12-19 16:31:15
500107126,25,2,22,2024-12-19 21:48:15
500109002,25,5,20,2024-12-19 21:47:15
500108089,25,6,19,2024-12-19 21:45:15
500111071,25,15,10,2024-12-19 21:48:16
500108060,25,25,0,2024-12-19 07:11:15
500108060,25,24,1,2024-12-19 06:56:15
500111043,25,23,1,2024-12-19 08:57:15
500111043,25,22,2,2024-12-19 08:44:16
500112057,25,15,2,2024-12-19 06:12:14
500106119,25,19,3,2024-12-19 08:21:18
500108011,25,22,3,2024-12-19 08:03:15
500108060,25,22,3,2024-12-19 08:17:15
500108060,25,22,3,2024-12-19 05:44:15
500109008,25,22,3,2024-12-19 08:25:16
500109088,25,22,3,2024-12-19 08:38:15
500110064,25,22,3,2024-12-19 08:37:15
500104069,25,19,5,2024-12-19 07:17:14
500105080,25,20,5,2024-12-19 08:13:15
500106119,25,13,6,2024-12-19 07:17:14
500108089,25,19,6,2024-12-19 07:55:17
500106010,25,16,7,2024-12-19 06:44:14
500108060,25,18,7,2024-12-19 08:22:15
500112060,25,15,7,2024-12-19 05:48:14
500101162,25,17,8,2024-12-19 08:15:16
500106101,25,16,8,2024-12-19 08:43:14
500106119,25,11,8,2024-12-19 05:50:15
500108060,25,17,8,2024-12-19 08:39:15
500108089,25,17,8,2024-12-19 08:02:15
500101162,25,16,9,2024-12-19 08:24:15
500101237,25,15,9,2024-12-19 07:59:15
500101023,25,15,10,2024-12-19 06:37:15
500101146,25,12,10,2024-12-19 06:08:14
500101194,25,2,10,2024-12-19 05:59:14
500101231,25,15,10,2024-12-19 07:37:15
500105030,25,15,10,2024-12-19 08:23:15
500111001,25,15,10,2024-12-19 08:00:17
500111061,25,15,10,2024-12-19 06:44:15
500104095,25,14,11,2024-12-19 07:04:15
500107126,25,13,11,2024-12-19 07:47:15
500109008,25,14,11,2024-12-19 08:17:15
500110064,25,14,11,2024-12-19 07:36:15
500112027,25,14,11,2024-12-19 07:37:15
500112105,25,14,11,2024-12-19 06:51:15
500108089,25,13,12,2024-12-19 06:45:16
500108158,25,12,12,2024-12-19 08:01:15
500113007,25,13,12,2024-12-19 05:56:14
500108096,25,11,13,2024-12-19 08:00:17
500112105,25,12,13,2024-12-19 08:17:15
500112105,25,12,13,2024-12-19 07:15:17
500113007,25,12,13,2024-12-19 06:27:15
500104095,25,11,14,2024-12-19 07:37:15
500106075,25,11,14,2024-12-19 06:56:15
500107040,25,8,14,2024-12-19 08:50:16
500109095,25,11,14,2024-12-19 06:13:14
500111037,25,11,14,2024-12-19 08:26:15
500112060,25,10,14,2024-12-19 07:53:16
500112105,25,11,14,2024-12-19 07:46:15
500113005,25,10,14,2024-12-19 08:02:15
500105011,25,10,15,2024-12-19 07:24:15
500108106,25,10,15,2024-12-19 06:20:15
500109071,25,10,15,2024-12-19 06:56:15
500111061,25,10,15,2024-12-19 08:43:15
500101092,25,9,16,2024-12-19 07:06:15
500101146,25,6,16,2024-12-19 07:57:16
500103026,25,9,16,2024-12-19 06:50:16
500104029,25,7,16,2024-12-19 07:44:14
500108159,25,9,16,2024-12-19 08:14:16
500111071,25,8,16,2024-12-19 07:37:15
500101237,25,7,17,2024-12-19 07:43:15
500108055,25,8,17,2024-12-19 06:10:16
500108158,25,7,17,2024-12-19 07:00:16
500109002,25,8,17,2024-12-19 06:30:17
500109005,25,8,17,2024-12-19 05:50:15
500109008,25,8,17,2024-12-19 07:17:14
500109071,25,8,17,2024-12-19 06:32:15
500101231,25,7,18,2024-12-19 08:47:15
500106095,25,6,18,2024-12-19 07:57:15
500107159,25,7,18,2024-12-19 06:22:14
500108055,25,7,18,2024-12-19 06:41:15
500109002,25,7,18,2024-12-19 08:03:15
500112105,25,7,18,2024-12-19 07:57:16
500113007,25,7,18,2024-12-19 08:21:16
500103026,25,6,19,2024-12-19 06:32:15
500104020,25,5,19,2024-12-19 08:46:15
500104132,25,1,19,2024-12-19 07:35:16
500108011,25,6,19,2024-12-19 07:57:16
500109005,25,6,19,2024-12-19 08:26:15
500109005,25,6,19,2024-12-19 08:35:16
500113007,25,6,19,2024-12-19 08:15:16
500101237,25,4,20,2024-12-19 05:26:15
500106010,25,2,20,2024-12-19 08:33:16
500108055,25,5,20,2024-12-19 07:36:15
500108115,25,4,20,2024-12-19 08:35:16
500111017,25,4,20,2024-12-19 08:43:15
500101098,25,4,21,2024-12-19 08:16:15
500103026,25,4,21,2024-12-19 06:24:15
500105011,25,4,21,2024-12-19 08:14:16
500111037,25,4,21,2024-12-19 07:56:15
500101098,25,3,22,2024-12-19 08:27:16
500107040,25,0,22,2024-12-19 08:10:19
500107040,25,0,22,2024-12-19 07:55:16
500108147,25,3,22,2024-12-19 08:25:16
500111037,25,3,22,2024-12-19 07:17:14
500108156,25,1,23,2024-12-19 07:17:14
500108156,25,1,23,2024-12-19 06:23:15
500112060,25,1,23,2024-12-19 08:16:15
500108156,25,0,24,2024-12-19 06:31:15
500110064,25,0,25,2024-12-19 06:06:14
500110064,25,0,25,2024-12-19 06:08:15
500111072,25,0,25,2024-12-19 08:17:16
500101231,25,24,1,2024-12-19 00:23:14
500108039,25,3,22,2024-12-19 21:09:16
500108096,25,5,19,2024-12-19 22:47:15
500104050,25,7,18,2024-12-19 21:56:15
500112005,25,8,17,2024-12-19 23:28:15
500108158,25,11,14,2024-12-19 23:06:15
500108147,25,13,12,2024-12-19 23:56:14
500111072,25,18,7,2024-12-19 22:25:16
500101245,25,8,17,2024-12-19 22:06:15
500106101,25,10,14,2024-12-19 23:19:15
500112117,25,4,21,2024-12-19 01:14:14
500108055,25,9,16,2024-12-19 00:37:15
500111048,25,17,8,2024-12-19 00:14:15
500105011,25,20,4,2024-12-19 01:08:16
500109008,25,23,2,2024-12-19 00:46:15
500106119,25,11,11,2024-12-19 23:04:15
500104132,25,15,6,2024-12-19 22:48:15
500108115,25,15,10,2024-12-19 22:03:15
500112105,25,18,7,2024-12-19 23:08:15
500106010,25,22,2,2024-12-19 22:50:16
500104132,25,14,7,2024-12-19 22:37:15
500103012,25,14,11,2024-12-19 22:02:15
500109056,25,20,5,2024-12-19 22:13:15
500104020,25,21,4,2024-12-19 22:39:15
500110064,25,0,25,2024-12-19 21:33:15
500101231,25,5,20,2024-12-19 21:35:16
500112027,25,7,18,2024-12-19 21:12:15
500111037,25,8,17,2024-12-19 21:35:16
500101023,25,9,16,2024-12-19 21:38:15
500108137,25,13,12,2024-12-19 21:39:15
500108088,25,14,11,2024-12-19 20:37:16
500108115,25,14,11,2024-12-19 21:04:15
500111072,25,14,11,2024-12-19 21:30:16
500101140,25,1,24,2024-12-19 02:08:15
500104029,25,4,19,2024-12-19 01:38:16
500106095,25,9,15,2024-12-19 03:55:15
500103012,25,14,10,2024-12-19 03:36:15
500111017,25,17,7,2024-12-19 04:26:15
500108088,25,20,5,2024-12-19 04:20:16
500112105,25,1,24,2024-12-19 22:07:15
500101194,25,2,10,2024-12-19 22:05:16
500101221,25,16,9,2024-12-19 22:06:14
500101098,25,4,21,2024-12-19 21:58:14
500111037,25,7,18,2024-12-19 21:49:14
500108096,25,8,17,2024-12-19 21:57:15
500104132,25,12,9,2024-12-19 21:58:14
500112105,25,13,12,2024-12-19 03:43:14
500112057,25,14,4,2024-12-19 03:11:15
500112060,25,12,10,2024-12-19 00:53:15
500105011,25,19,5,2024-12-19 00:09:15
500112060,25,13,9,2024-12-19 01:29:15
500112057,25,14,4,2024-12-19 02:42:15
500101221,25,11,14,2024-12-19 23:08:15
500109008,25,8,17,2024-12-19 22:16:14
500105011,25,21,4,2024-12-19 22:18:15
500101162,25,17,8,2024-12-19 01:53:15
500101221,25,25,0,2024-12-19 12:57:14
500101237,25,24,0,2024-12-19 10:42:17
500112105,25,25,0,2024-12-19 09:45:16
500112105,25,25,0,2024-12-19 11:28:15
500101140,25,24,1,2024-12-19 09:36:15
500101194,25,11,1,2024-12-19 09:27:15
500101221,25,24,1,2024-12-19 09:46:16
500101237,25,23,1,2024-12-19 11:38:15
500103026,25,24,1,2024-12-19 10:38:15
500104029,25,22,1,2024-12-19 10:14:15
500112105,25,24,1,2024-12-19 11:38:14
500112105,25,24,1,2024-12-19 10:54:15
500101140,25,22,2,2024-12-19 12:07:16
500112105,25,23,2,2024-12-19 09:57:15
500101221,25,22,3,2024-12-19 10:07:16
500106010,25,21,3,2024-12-19 12:31:15
500101237,25,20,4,2024-12-19 11:57:16
500103026,25,21,4,2024-12-19 11:29:14
500104029,25,19,4,2024-12-19 09:45:15
500106095,25,20,4,2024-12-19 09:47:15
500110064,25,21,4,2024-12-19 13:07:15
500112105,25,21,4,2024-12-19 12:08:15
500101162,25,20,5,2024-12-19 10:58:16
500108159,25,20,5,2024-12-19 09:22:15
500103026,25,19,6,2024-12-19 09:47:15
500106095,25,18,6,2024-12-19 10:18:15
500108158,25,18,6,2024-12-19 10:17:15
500109026,25,19,6,2024-12-19 09:58:15
500109026,25,19,6,2024-12-19 10:59:15
500101194,25,5,7,2024-12-19 12:24:16
500104029,25,16,7,2024-12-19 10:26:14
500108106,25,18,7,2024-12-19 12:17:16
500108106,25,17,8,2024-12-19 13:01:15
500108156,25,16,8,2024-12-19 09:24:15
500105030,25,16,9,2024-12-19 09:44:15
500106095,25,15,9,2024-12-19 13:03:15
500106101,25,15,9,2024-12-19 09:38:14
500108060,25,16,9,2024-12-19 08:55:16
500108156,25,15,9,2024-12-19 10:16:15
500110064,25,16,9,2024-12-19 12:45:16
500104029,25,13,10,2024-12-19 12:37:15
500106101,25,14,10,2024-12-19 09:07:15
500106101,25,14,10,2024-12-19 11:08:15
500108156,25,14,10,2024-12-19 11:06:15
500108159,25,15,10,2024-12-19 12:03:14
500101092,25,14,11,2024-12-19 11:33:15
500107159,25,14,11,2024-12-19 12:44:15
500101040,25,12,12,2024-12-19 11:55:18
500101092,25,13,12,2024-12-19 09:46:15
500101092,25,13,12,2024-12-19 11:47:15
500106010,25,11,12,2024-12-19 10:38:15
500109002,25,13,12,2024-12-19 09:50:16
500104050,25,12,13,2024-12-19 08:54:15
500106095,25,11,13,2024-12-19 11:53:15
500112057,25,11,13,2024-12-19 09:04:15
500101092,25,11,14,2024-12-19 09:27:15
500107170,25,11,14,2024-12-19 09:37:15
500108060,25,11,14,2024-12-19 09:36:15
500108060,25,11,14,2024-12-19 09:49:15
500108159,25,11,14,2024-12-19 09:46:16
500112027,25,11,14,2024-12-19 10:18:15
500106075,25,10,15,2024-12-19 10:18:15
500108089,25,10,15,2024-12-19 12:34:14
500109002,25,10,15,2024-12-19 09:01:14
500112057,25,9,15,2024-12-19 09:44:15
500104132,25,9,16,2024-12-19 11:22:16
500106075,25,9,16,2024-12-19 10:27:15
500108131,25,9,16,2024-12-19 10:18:15
500109005,25,9,16,2024-12-19 10:26:14
500109087,25,9,16,2024-12-19 10:01:16
500101245,25,8,17,2024-12-19 11:24:15
500104132,25,8,17,2024-12-19 11:34:15
500106075,25,8,17,2024-12-19 10:44:16
500107126,25,7,17,2024-12-19 10:18:15
500107170,25,8,17,2024-12-19 12:47:15
500108088,25,8,17,2024-12-19 12:14:16
500109041,25,6,17,2024-12-19 12:48:15
500111037,25,8,17,2024-12-19 10:09:16
500111048,25,8,17,2024-12-19 08:52:16
500112078,25,6,17,2024-12-19 10:58:16
500112117,25,8,17,2024-12-19 12:20:16
500104020,25,6,18,2024-12-19 09:00:18
500104132,25,7,18,2024-12-19 11:46:15
500106075,25,7,18,2024-12-19 11:18:16
500107126,25,6,18,2024-12-19 09:47:14
500107159,25,7,18,2024-12-19 09:20:16
500107170,25,7,18,2024-12-19 12:17:16
500108055,25,7,18,2024-12-19 09:27:15
500111037,25,7,18,2024-12-19 09:53:17
500111072,25,7,18,2024-12-19 09:29:15
500104020,25,5,19,2024-12-19 09:44:15
500104040,25,6,19,2024-12-19 10:45:16
500107040,25,6,19,2024-12-19 11:56:16
500107159,25,6,19,2024-12-19 09:57:15
500108147,25,6,19,2024-12-19 12:58:15
500111048,25,6,19,2024-12-19 11:17:15
500113007,25,6,19,2024-12-19 09:18:15
500101023,25,5,20,2024-12-19 12:55:16
500101146,25,5,20,2024-12-19 09:45:15
500113005,25,4,20,2024-12-19 10:36:14
500103012,25,4,21,2024-12-19 12:43:15
500106119,25,4,21,2024-12-19 11:21:15
500108039,25,3,21,2024-12-19 12:20:16
500112060,25,3,21,2024-12-19 12:43:15
500113005,25,3,21,2024-12-19 10:09:16
500113007,25,4,21,2024-12-19 09:44:15
500101023,25,3,22,2024-12-19 10:27:15
500101023,25,2,23,2024-12-19 10:40:16
500101231,25,2,23,2024-12-19 09:02:15
500101247,25,2,23,2024-12-19 11:40:17
500106075,25,2,23,2024-12-19 09:06:15
500113007,25,2,23,2024-12-19 12:06:14
500101098,25,1,24,2024-12-19 10:17:16
500105024,25,1,24,2024-12-19 12:51:15
500105024,25,1,24,2024-12-19 10:26:15
500108011,25,1,24,2024-12-19 09:27:15
500110092,25,1,24,2024-12-19 09:03:15
500101098,25,0,25,2024-12-19 10:27:17
500104083,25,0,25,2024-12-19 13:00:19
500106119,25,0,25,2024-12-19 12:19:16
500108011,25,0,25,2024-12-19 11:32:15
500110092,25,0,25,2024-12-19 11:34:15
500113007,25,0,25,2024-12-19 12:12:15
500101194,25,11,1,2024-12-19 18:16:16
500101221,25,24,1,2024-12-19 18:55:17
500106010,25,22,2,2024-12-19 17:34:15
500107170,25,23,2,2024-12-19 18:36:16
500106010,25,21,3,2024-12-19 20:09:15
500109026,25,22,3,2024-12-19 17:58:16
500101146,25,20,4,2024-12-19 17:57:15
500104020,25,21,4,2024-12-19 18:52:15
500111043,25,21,4,2024-12-19 18:16:16
500112078,25,20,4,2024-12-19 18:11:15
500101162,25,20,5,2024-12-19 20:49:15
500101221,25,20,5,2024-12-19 20:27:15
500108106,25,20,5,2024-12-19 21:20:16
500112060,25,19,5,2024-12-19 18:51:16
500101146,25,18,6,2024-12-19 18:12:16
500106010,25,18,6,2024-12-19 19:58:15
500108060,25,19,6,2024-12-19 19:06:16
500108060,25,19,6,2024-12-19 18:16:15
500108156,25,18,6,2024-12-19 17:46:15
500111037,25,19,6,2024-12-19 18:55:16
500105030,25,18,7,2024-12-19 20:24:15
500108060,25,18,7,2024-12-19 17:55:17
500101194,25,4,8,2024-12-19 20:04:16
500101194,25,4,8,2024-12-19 19:15:16
500108060,25,17,8,2024-12-19 18:23:16
500109071,25,17,8,2024-12-19 18:37:15
500101221,25,16,9,2024-12-19 20:39:15
500107040,25,16,9,2024-12-19 19:04:15
500107040,25,16,9,2024-12-19 21:00:16
500108011,25,16,9,2024-12-19 18:38:16
500111037,25,16,9,2024-12-19 19:48:15
500112057,25,12,9,2024-12-19 21:07:16
500101023,25,15,10,2024-12-19 19:58:15
500105030,25,15,10,2024-12-19 19:07:15
500107040,25,15,10,2024-12-19 18:56:15
500109008,25,15,10,2024-12-19 17:36:15
500112105,25,15,10,2024-12-19 18:48:15
500105080,25,14,11,2024-12-19 17:40:16
500106119,25,14,11,2024-12-19 18:38:16
500108011,25,14,11,2024-12-19 19:19:14
500108067,25,14,11,2024-12-19 18:08:16
500113005,25,13,11,2024-12-19 18:33:16
500101023,25,13,12,2024-12-19 18:23:16
500101040,25,12,12,2024-12-19 18:35:16
500105011,25,13,12,2024-12-19 19:04:15
500109056,25,13,12,2024-12-19 18:52:15
500112105,25,13,12,2024-12-19 18:17:15
500101023,25,12,13,2024-12-19 18:04:16
500109005,25,12,13,2024-12-19 19:05:16
500112105,25,12,13,2024-12-19 19:17:15
500112105,25,12,13,2024-12-19 18:55:17
500113005,25,11,13,2024-12-19 18:45:16
500101162,25,11,14,2024-12-19 18:03:15
500106010,25,10,14,2024-12-19 18:43:15
500106095,25,10,14,2024-12-19 17:37:16
500106119,25,11,14,2024-12-19 18:17:15
500109041,25,9,14,2024-12-19 17:43:16
500109056,25,11,14,2024-12-19 17:07:15
500109056,25,11,14,2024-12-19 17:58:16
500112078,25,7,14,2024-12-19 18:45:15
500104029,25,9,15,2024-12-19 18:04:16
500108011,25,10,15,2024-12-19 17:43:16
500111037,25,10,15,2024-12-19 20:28:15
500101245,25,9,16,2024-12-19 19:07:15
500104040,25,9,16,2024-12-19 18:36:16
500107159,25,9,16,2024-12-19 20:17:15
500107159,25,9,16,2024-12-19 18:45:16
500111037,25,9,16,2024-12-19 20:41:15
500103026,25,8,17,2024-12-19 20:36:15
500104132,25,8,17,2024-12-19 19:28:15
500106119,25,8,17,2024-12-19 17:40:17
500108156,25,7,17,2024-12-19 21:01:15
500110092,25,8,17,2024-12-19 19:10:17
500111071,25,8,17,2024-12-19 19:13:15
500112012,25,6,17,2024-12-19 17:58:16
500112117,25,8,17,2024-12-19 17:37:16
500112117,25,8,17,2024-12-19 17:58:15
500106075,25,7,18,2024-12-19 19:07:15
500107126,25,6,18,2024-12-19 17:26:15
500109071,25,7,18,2024-12-19 20:51:16
500110064,25,7,18,2024-12-19 18:07:16
500111001,25,7,18,2024-12-19 17:48:15
500112057,25,7,18,2024-12-19 17:34:15
500101023,25,6,19,2024-12-19 21:05:16
500104095,25,6,19,2024-12-19 20:54:15
500106075,25,6,19,2024-12-19 18:35:16
500108156,25,5,19,2024-12-19 20:13:15
500108169,25,6,19,2024-12-19 18:47:16
500111001,25,6,19,2024-12-19 18:55:17
500112117,25,6,19,2024-12-19 20:12:15
500101237,25,5,20,2024-12-19 20:10:17
500101140,25,3,21,2024-12-19 17:22:16
500101231,25,4,21,2024-12-19 19:22:16
500107126,25,3,21,2024-12-19 20:09:15
500108089,25,4,21,2024-12-19 18:45:15
500108115,25,4,21,2024-12-19 19:40:15
500111072,25,4,21,2024-12-19 17:43:16
500101237,25,3,22,2024-12-19 21:11:15
500109008,25,3,22,2024-12-19 18:56:15
500113007,25,3,22,2024-12-19 20:43:15
500101098,25,2,23,2024-12-19 17:54:15
500101098,25,1,24,2024-12-19 18:03:15
500108039,25,1,24,2024-12-19 19:54:15
500108089,25,1,24,2024-12-19 18:14:15
500111048,25,1,24,2024-12-19 18:37:15
500101098,25,0,25,2024-12-19 17:11:17
500108131,25,0,25,2024-12-19 20:51:15
500101221,25,24,1,2024-12-19 17:08:16
500106010,25,23,1,2024-12-19 15:48:15
500106010,25,22,2,2024-12-19 14:23:15
500101162,25,22,3,2024-12-19 16:50:17
500101194,25,9,3,2024-12-19 14:05:16
500103026,25,22,3,2024-12-19 17:07:15
500101140,25,20,4,2024-12-19 15:48:15
500109071,25,21,4,2024-12-19 16:56:15
500110064,25,21,4,2024-12-19 17:16:16
500101140,25,19,5,2024-12-19 16:28:15
500109071,25,20,5,2024-12-19 16:42:15
500101162,25,19,6,2024-12-19 14:51:15
500103026,25,18,7,2024-12-19 17:15:17
500105030,25,18,7,2024-12-19 15:25:15
500108158,25,18,7,2024-12-19 13:20:16
500109071,25,18,7,2024-12-19 17:04:15
500108106,25,17,8,2024-12-19 15:01:16
500108156,25,16,8,2024-12-19 13:52:15
500110064,25,17,8,2024-12-19 16:46:15
500104020,25,16,9,2024-12-19 13:35:15
500105030,25,16,9,2024-12-19 17:05:17
500108055,25,16,9,2024-12-19 16:46:15
500104020,25,15,10,2024-12-19 15:57:15
500104020,25,15,10,2024-12-19 16:31:15
500108055,25,15,10,2024-12-19 14:05:16
500109002,25,15,10,2024-12-19 16:20:17
500101194,25,1,11,2024-12-19 16:57:16
500108159,25,14,11,2024-12-19 13:48:16
500112078,25,12,12,2024-12-19 16:49:15
500101092,25,12,13,2024-12-19 16:17:15
500101092,25,12,13,2024-12-19 14:12:15
500112117,25,10,15,2024-12-19 13:44:15
500107040,25,9,16,2024-12-19 15:40:16
500107040,25,9,16,2024-12-19 14:24:14
500107126,25,8,16,2024-12-19 13:15:15
500101245,25,8,17,2024-12-19 13:34:16
500104040,25,8,17,2024-12-19 16:07:15
500109095,25,8,17,2024-12-19 15:15:15
500104040,25,7,18,2024-12-19 13:45:15
500112012,25,5,18,2024-12-19 16:08:16
500101140,25,4,20,2024-12-19 17:04:15
500101237,25,5,20,2024-12-19 17:03:16
500104132,25,5,20,2024-12-19 14:29:15
500111001,25,5,20,2024-12-19 16:55:17
500105024,25,4,21,2024-12-19 16:27:16
500106119,25,4,21,2024-12-19 16:51:15
500111072,25,4,21,2024-12-19 16:42:15
500112057,25,4,21,2024-12-19 16:13:15
500101247,25,3,22,2024-12-19 14:00:17
500112060,25,2,22,2024-12-19 14:26:15
500113005,25,2,22,2024-12-19 17:17:15
500105024,25,2,23,2024-12-19 16:08:16
500105024,25,2,23,2024-12-19 16:14:15
500108011,25,2,23,2024-12-19 16:38:15
500101023,25,1,24,2024-12-19 14:20:20
500113007,25,1,24,2024-12-19 14:56:16
500113007,25,0,25,2024-12-19 16:37:16
500101040,25,3,21,2024-12-19 21:49:15
500113007,25,5,20,2024-12-19 21:41:15
500108011,25,7,18,2024-12-19 21:48:16
500111043,25,23,1,2024-12-19 06:56:16
500112057,25,20,1,2024-12-19 07:36:15
500101140,25,23,2,2024-12-19 08:45:16
500101194,25,10,2,2024-12-19 08:37:15
500104045,25,22,2,2024-12-19 07:57:16
500112057,25,19,2,2024-12-19 07:45:16
500101140,25,22,3,2024-12-19 07:59:15
500106010,25,20,3,2024-12-19 05:50:15
500111043,25,21,3,2024-12-19 07:43:15
500101140,25,21,4,2024-12-19 07:37:15
500106010,25,19,4,2024-12-19 07:33:15
500112078,25,19,4,2024-12-19 07:25:15
500112057,25,18,5,2024-12-19 08:17:15
500109008,25,19,6,2024-12-19 06:35:15
500111017,25,18,6,2024-12-19 05:21:14
500111017,25,18,6,2024-12-19 06:36:14
500112012,25,15,7,2024-12-19 06:37:14
500109008,25,17,8,2024-12-19 08:46:15
500108106,25,16,9,2024-12-19 08:36:15
500111071,25,15,9,2024-12-19 08:18:15
500103026,25,15,10,2024-12-19 08:37:15
500108106,25,15,10,2024-12-19 07:53:16
500111061,25,15,10,2024-12-19 07:27:15
500111061,25,15,10,2024-12-19 07:44:15
500111071,25,14,10,2024-12-19 07:57:16
500111072,25,15,10,2024-12-19 06:30:16
500107040,25,11,11,2024-12-19 06:46:15
500108089,25,14,11,2024-12-19 08:14:16
500108089,25,14,11,2024-12-19 08:37:15
500101023,25,13,12,2024-12-19 05:32:15
500105011,25,13,12,2024-12-19 07:15:17
500105030,25,13,12,2024-12-19 07:57:16
500108106,25,12,13,2024-12-19 06:38:15
500109095,25,12,13,2024-12-19 05:31:14
500112105,25,12,13,2024-12-19 08:26:15
500104029,25,9,14,2024-12-19 08:12:15
500107040,25,8,14,2024-12-19 08:45:16
500113005,25,10,14,2024-12-19 08:19:15
500103026,25,10,15,2024-12-19 07:37:15
500105024,25,10,15,2024-12-19 07:12:15
500105030,25,10,15,2024-12-19 07:17:14
500108106,25,10,15,2024-12-19 07:24:15
500109071,25,10,15,2024-12-19 06:46:15
500111001,25,8,15,2024-12-19 05:56:14
500113005,25,9,15,2024-12-19 07:57:16
500101231,25,9,16,2024-12-19 08:37:15
500104050,25,9,16,2024-12-19 06:51:15
500106101,25,8,16,2024-12-19 08:11:16
500106101,25,8,16,2024-12-19 07:51:15
500109002,25,9,16,2024-12-19 08:42:15
500111001,25,9,16,2024-12-19 08:51:15
500111048,25,9,16,2024-12-19 08:45:16
500101092,25,8,17,2024-12-19 07:48:15
500101146,25,5,17,2024-12-19 07:36:15
500101247,25,8,17,2024-12-19 06:58:15
500103012,25,7,17,2024-12-19 08:02:15
500106075,25,8,17,2024-12-19 07:44:15
500106095,25,7,17,2024-12-19 08:16:14
500108169,25,8,17,2024-12-19 08:02:15
500111037,25,8,17,2024-12-19 08:03:15
500113007,25,8,17,2024-12-19 08:37:15
500101092,25,7,18,2024-12-19 08:53:15
500101245,25,7,18,2024-12-19 07:34:15
500108131,25,7,18,2024-12-19 08:09:14
500108158,25,6,18,2024-12-19 07:24:15
500109005,25,7,18,2024-12-19 07:59:15
500101146,25,3,19,2024-12-19 07:19:16
500101247,25,6,19,2024-12-19 08:00:17
500108039,25,5,19,2024-12-19 08:44:16
500108115,25,5,19,2024-12-19 08:27:15
500109005,25,6,19,2024-12-19 06:53:15
500109005,25,6,19,2024-12-19 07:35:16
500104040,25,5,20,2024-12-19 07:15:17
500104132,25,0,20,2024-12-19 07:42:16
500101231,25,4,21,2024-12-19 08:57:15
500101040,25,3,22,2024-12-19 08:11:16
500104040,25,3,22,2024-12-19 06:46:15
500105011,25,3,22,2024-12-19 08:36:15
500108039,25,2,22,2024-12-19 08:07:15
500108039,25,2,22,2024-12-19 07:28:15
500101040,25,2,23,2024-12-19 07:40:16
500104083,25,2,23,2024-12-19 08:03:15
500104083,25,2,23,2024-12-19 08:34:15
500106075,25,2,23,2024-12-19 08:01:15
500108156,25,1,23,2024-12-19 06:49:15
500109008,25,2,23,2024-12-19 08:01:14
500109087,25,2,23,2024-12-19 05:44:15
500112117,25,2,23,2024-12-19 07:34:15
500105024,25,0,25,2024-12-19 08:37:15
500107159,25,0,25,2024-12-19 08:21:18
500108011,25,0,25,2024-12-19 07:24:16
500110092,25,0,25,2024-12-19 08:43:15
500108115,25,10,13,2024-12-19 03:45:15
500106010,25,23,1,2024-12-19 23:29:14
500112060,25,11,11,2024-12-19 00:13:15
500112012,25,16,1,2024-12-19 23:49:15
500112012,25,13,7,2024-12-19 00:47:15
500105024,25,3,22,2024-12-19 23:13:14
500104069,25,9,15,2024-12-19 20:24:15
500113007,25,1,24,2024-12-19 22:15:16
500106095,25,15,9,2024-12-19 23:07:15
500107040,25,25,0,2024-12-19 23:30:19
500104020,25,10,15,2024-12-19 01:06:15
500111001,25,11,12,2024-12-19 00:28:14
500112078,25,12,8,2024-12-19 00:31:14
500106075,25,13,12,2024-12-19 00:34:14
500106095,25,15,9,2024-12-19 00:54:15
500113005,25,16,8,2024-12-19 01:17:15
500112005,25,7,18,2024-12-19 18:48:15
500108011,25,11,14,2024-12-19 22:17:15
500109008,25,11,14,2024-12-19 23:15:14
500112012,25,15,2,2024-12-19 23:08:15
500105030,25,20,5,2024-12-19 22:53:15
500107040,25,23,2,2024-12-19 23:17:14
500101098,25,6,19,2024-12-19 22:09:15
500112078,25,11,10,2024-12-19 22:39:15
500106075,25,13,12,2024-12-19 22:38:15
500105011,25,24,1,2024-12-19 22:32:14
500108011,25,6,19,2024-12-19 21:38:15
500104040,25,7,18,2024-12-19 21:32:15
500101245,25,8,17,2024-12-19 21:07:16
500108055,25,8,17,2024-12-19 21:30:16
500104132,25,9,12,2024-12-19 21:19:16
500108096,25,11,14,2024-12-19 20:40:16
500111001,25,14,11,2024-12-19 21:39:15
500111017,25,16,9,2024-12-19 20:59:15
500101146,25,17,7,2024-12-19 01:56:14
500109041,25,17,7,2024-12-19 03:04:14
500105011,25,21,3,2024-12-19 01:19:15
500111043,25,24,1,2024-12-19 02:01:16
500101040,25,2,23,2024-12-19 03:48:15
500101247,25,7,18,2024-12-19 04:05:15
500109095,25,12,13,2024-12-19 03:48:15
500109008,25,7,18,2024-12-19 21:44:15
500108067,25,9,16,2024-12-19 22:03:15
500104029,25,5,18,2024-12-19 01:24:14
500103026,25,1,24,2024-12-19 21:45:14
500113007,25,3,22,2024-12-19 21:52:15
500111071,25,14,11,2024-12-19 21:50:17
500109005,25,15,10,2024-12-19 21:46:15
500112012,25,16,2,2024-12-19 21:57:15
500112060,25,24,1,2024-12-19 21:48:17
500101162,25,16,9,2024-12-19 02:05:16
500107159,25,11,14,2024-12-19 22:43:15
500112078,25,17,6,2024-12-19 04:37:14
500101231,25,7,18,2024-12-19 22:15:15
500106010,25,18,6,2024-12-19 22:18:14
500107170,25,19,1,2024-12-19 22:15:16
500104132,25,15,6,2024-12-19 22:25:16
500106010,25,19,5,2024-12-19 23:33:15
500112012,25,15,5,2024-12-19 01:25:15
500101237,25,24,0,2024-12-19 09:58:15
500101194,25,11,1,2024-12-19 10:48:15
500101221,25,24,1,2024-12-19 12:38:15
500103026,25,24,1,2024-12-19 12:39:14
500111043,25,23,1,2024-12-19 13:00:16
500112105,25,24,1,2024-12-19 11:53:15
500101140,25,21,3,2024-12-19 12:16:15
500101221,25,22,3,2024-12-19 09:26:15
500106010,25,21,3,2024-12-19 12:40:17
500101162,25,21,4,2024-12-19 11:36:15
500106010,25,18,4,2024-12-19 09:37:15
500105030,25,19,6,2024-12-19 12:01:16
500108089,25,19,6,2024-12-19 08:55:16
500108106,25,19,6,2024-12-19 10:30:16
500108158,25,18,6,2024-12-19 08:48:15
500101237,25,17,7,2024-12-19 12:45:15
500104029,25,16,7,2024-12-19 10:30:17
500108106,25,18,7,2024-12-19 10:47:16
500108158,25,17,7,2024-12-19 09:58:15
500109088,25,18,7,2024-12-19 09:34:15
500101194,25,4,8,2024-12-19 12:37:15
500108106,25,17,8,2024-12-19 10:06:15
500108156,25,16,8,2024-12-19 09:08:14
500108156,25,16,8,2024-12-19 11:31:15
500104029,25,14,9,2024-12-19 11:46:14
500108158,25,15,9,2024-12-19 11:36:15
500108158,25,15,9,2024-12-19 10:23:15
500108169,25,16,9,2024-12-19 12:26:15
500106101,25,14,10,2024-12-19 12:43:15
500108159,25,15,10,2024-12-19 10:55:17
500108169,25,15,10,2024-12-19 12:34:14
500110064,25,15,10,2024-12-19 10:15:16
500111071,25,14,10,2024-12-19 08:55:15
500111071,25,14,10,2024-12-19 11:22:16
500104045,25,13,11,2024-12-19 11:56:16
500106095,25,13,11,2024-12-19 12:53:14
500108060,25,14,11,2024-12-19 10:28:15
500109002,25,14,11,2024-12-19 09:28:15
500109002,25,14,11,2024-12-19 11:35:17
500110064,25,14,11,2024-12-19 10:24:14
500104045,25,12,12,2024-12-19 12:09:16
500106119,25,13,12,2024-12-19 09:57:15
500109002,25,13,12,2024-12-19 13:00:17
500109002,25,13,12,2024-12-19 09:22:15
500109008,25,13,12,2024-12-19 09:07:15
500101146,25,11,13,2024-12-19 10:24:14
500107126,25,11,13,2024-12-19 10:30:16
500108055,25,12,13,2024-12-19 12:07:16
500109005,25,12,13,2024-12-19 09:17:16
500101146,25,10,14,2024-12-19 10:16:15
500107126,25,10,14,2024-12-19 11:57:16
500107126,25,10,14,2024-12-19 10:24:15
500108096,25,10,14,2024-12-19 11:06:15
500109071,25,11,14,2024-12-19 09:48:15
500101092,25,10,15,2024-12-19 12:33:15
500106075,25,10,15,2024-12-19 12:57:14
500101231,25,9,16,2024-12-19 10:33:15
500104020,25,8,16,2024-12-19 10:31:16
500108055,25,9,16,2024-12-19 10:32:15
500107040,25,8,17,2024-12-19 12:23:16
500109041,25,6,17,2024-12-19 10:47:16
500109087,25,8,17,2024-12-19 09:56:16
500112078,25,6,17,2024-12-19 12:33:15
500104132,25,7,18,2024-12-19 12:35:16
500106075,25,7,18,2024-12-19 12:19:15
500108088,25,7,18,2024-12-19 11:36:15
500109041,25,5,18,2024-12-19 10:54:15
500111037,25,7,18,2024-12-19 09:03:14
500111048,25,7,18,2024-12-19 10:21:15
500101245,25,6,19,2024-12-19 10:25:16
500108055,25,6,19,2024-12-19 08:56:16
500111061,25,6,19,2024-12-19 10:14:15
500101040,25,5,20,2024-12-19 10:07:16
500104040,25,5,20,2024-12-19 09:55:17
500107126,25,4,20,2024-12-19 12:19:16
500108011,25,5,20,2024-12-19 09:05:16
500108039,25,4,20,2024-12-19 10:15:16
500109005,25,5,20,2024-12-19 11:15:16
500112012,25,3,20,2024-12-19 12:38:15
500112057,25,4,20,2024-12-19 12:39:15
500112060,25,4,20,2024-12-19 11:45:15
500112078,25,3,20,2024-12-19 09:01:15
500113005,25,4,20,2024-12-19 09:35:16
500113005,25,4,20,2024-12-19 12:08:15
500108137,25,3,21,2024-12-19 10:18:15
500108192,25,4,21,2024-12-19 08:44:16
500109005,25,4,21,2024-12-19 11:20:17
500106075,25,3,22,2024-12-19 09:26:15
500107040,25,0,22,2024-12-19 09:52:16
500112012,25,1,22,2024-12-19 10:23:16
500112012,25,1,22,2024-12-19 11:27:15
500112060,25,2,22,2024-12-19 09:25:16
500112060,25,2,22,2024-12-19 11:16:15
500113005,25,2,22,2024-12-19 10:27:16
500104095,25,2,23,2024-12-19 09:03:14
500101098,25,1,24,2024-12-19 08:51:18
500108011,25,1,24,2024-12-19 12:44:15
500109005,25,1,24,2024-12-19 12:16:15
500109056,25,1,24,2024-12-19 12:40:16
500112060,25,0,24,2024-12-19 09:06:17
500111017,25,0,25,2024-12-19 11:47:15
500113007,25,0,25,2024-12-19 12:38:14
500109088,25,25,0,2024-12-19 20:37:16
500111037,25,25,0,2024-12-19 17:37:16
500112012,25,23,0,2024-12-19 18:58:16
500101221,25,23,2,2024-12-19 18:38:16
500105030,25,22,3,2024-12-19 20:48:15
500109026,25,22,3,2024-12-19 16:55:17
500101194,25,8,4,2024-12-19 17:59:16
500108060,25,21,4,2024-12-19 20:36:15
500108060,25,21,4,2024-12-19 19:38:15
500101221,25,20,5,2024-12-19 17:26:15
500104132,25,20,5,2024-12-19 19:13:15
500107170,25,20,5,2024-12-19 18:29:16
500108159,25,20,5,2024-12-19 17:21:15
500108060,25,19,6,2024-12-19 18:41:15
500109026,25,17,6,2024-12-19 18:05:16
500111037,25,19,6,2024-12-19 17:25:16
500108060,25,18,7,2024-12-19 18:38:16
500109088,25,18,7,2024-12-19 18:19:15
500112057,25,17,7,2024-12-19 19:36:15
500104132,25,17,8,2024-12-19 18:45:16
500105030,25,17,8,2024-12-19 18:10:16
500105030,25,17,8,2024-12-19 18:45:15
500111037,25,17,8,2024-12-19 19:19:15
500112012,25,15,8,2024-12-19 19:19:15
500108106,25,16,9,2024-12-19 18:36:16
500108106,25,15,10,2024-12-19 17:48:15
500108115,25,15,10,2024-12-19 20:43:14
500109005,25,15,10,2024-12-19 20:31:15
500111061,25,15,10,2024-12-19 18:47:16
500112012,25,8,10,2024-12-19 21:19:16
500106119,25,14,11,2024-12-19 18:46:15
500107040,25,14,11,2024-12-19 18:46:15
500108011,25,14,11,2024-12-19 18:17:15
500108158,25,14,11,2024-12-19 20:59:15
500112057,25,10,11,2024-12-19 20:29:15
500113005,25,13,11,2024-12-19 19:40:15
500101221,25,13,12,2024-12-19 20:47:15
500106010,25,12,12,2024-12-19 19:04:15
500108156,25,12,12,2024-12-19 18:58:16
500108158,25,13,12,2024-12-19 18:38:16
500111061,25,13,12,2024-12-19 19:39:15
500113005,25,12,12,2024-12-19 20:07:15
500113005,25,12,12,2024-12-19 18:25:17
500101023,25,12,13,2024-12-19 19:18:15
500104095,25,12,13,2024-12-19 17:58:16
500108011,25,12,13,2024-12-19 17:57:14
500108088,25,12,13,2024-12-19 19:47:15
500109056,25,12,13,2024-12-19 18:09:16
500109095,25,12,13,2024-12-19 18:31:15
500111017,25,12,13,2024-12-19 20:21:15
500112105,25,12,13,2024-12-19 18:08:16
500112105,25,12,13,2024-12-19 19:49:15
500104095,25,11,14,2024-12-19 14:19:15
500104132,25,7,14,2024-12-19 19:54:15
500110064,25,11,14,2024-12-19 19:05:16
500110064,25,11,14,2024-12-19 19:19:15
500112060,25,10,14,2024-12-19 18:08:16
500113005,25,10,14,2024-12-19 20:11:16
500104040,25,10,15,2024-12-19 17:36:15
500105011,25,10,15,2024-12-19 20:09:15
500105024,25,10,15,2024-12-19 18:57:15
500107040,25,10,15,2024-12-19 18:23:16
500108096,25,10,15,2024-12-19 19:51:15
500108169,25,10,15,2024-12-19 17:24:16
500112105,25,10,15,2024-12-19 20:11:15
500106119,25,9,16,2024-12-19 17:59:15
500101140,25,7,17,2024-12-19 19:57:15
500105011,25,8,17,2024-12-19 19:49:15
500105024,25,8,17,2024-12-19 21:20:16
500106119,25,5,17,2024-12-19 20:09:15
500106119,25,5,17,2024-12-19 20:26:16
500108156,25,7,17,2024-12-19 19:52:16
500109071,25,8,17,2024-12-19 20:42:15
500112027,25,8,17,2024-12-19 20:24:15
500106075,25,7,18,2024-12-19 19:30:17
500107170,25,7,18,2024-12-19 20:12:15
500108131,25,7,18,2024-12-19 19:04:15
500108169,25,7,18,2024-12-19 18:02:15
500109005,25,7,18,2024-12-19 18:46:15
500101040,25,5,19,2024-12-19 20:38:15
500101247,25,6,19,2024-12-19 19:46:15
500110064,25,6,19,2024-12-19 19:59:15
500101140,25,4,20,2024-12-19 18:22:15
500103012,25,5,20,2024-12-19 17:59:14
500106075,25,5,20,2024-12-19 20:36:14
500107126,25,4,20,2024-12-19 19:47:15
500111017,25,5,20,2024-12-19 18:05:16
500111048,25,5,20,2024-12-19 19:56:16
500111072,25,5,20,2024-12-19 18:05:16
500106101,25,3,21,2024-12-19 18:58:16
500106101,25,3,21,2024-12-19 19:11:15
500108115,25,4,21,2024-12-19 18:24:16
500105024,25,3,22,2024-12-19 18:12:16
500106095,25,2,22,2024-12-19 18:58:16
500107126,25,2,22,2024-12-19 20:10:16
500108089,25,3,22,2024-12-19 18:38:16
500108131,25,3,22,2024-12-19 20:24:15
500111048,25,3,22,2024-12-19 19:26:15
500111072,25,3,22,2024-12-19 17:23:15
500112057,25,2,22,2024-12-19 18:36:16
500101237,25,2,23,2024-12-19 17:38:16
500109005,25,2,23,2024-12-19 17:34:15
500111048,25,2,23,2024-12-19 19:01:15
500111048,25,2,23,2024-12-19 18:22:15
500112057,25,1,23,2024-12-19 18:02:15
500101092,25,1,24,2024-12-19 20:39:16
500101092,25,1,24,2024-12-19 18:15:17
500108089,25,1,24,2024-12-19 18:00:18
500113007,25,1,24,2024-12-19 17:54:15
500113007,25,1,24,2024-12-19 19:03:16
500113007,25,0,25,2024-12-19 17:28:15
500113007,25,0,25,2024-12-19 19:19:16
500101146,25,24,0,2024-12-19 14:33:16
500101140,25,23,1,2024-12-19 13:39:16
500103026,25,24,1,2024-12-19 14:47:15
500109071,25,23,2,2024-12-19 15:30:17
500110064,25,23,2,2024-12-19 16:18:16
500111043,25,22,3,2024-12-19 14:40:15
500101162,25,21,4,2024-12-19 17:18:16
500111043,25,21,4,2024-12-19 15:23:15
500101162,25,19,6,2024-12-19 13:20:17
500108156,25,18,6,2024-12-19 17:06:16
500108159,25,18,7,2024-12-19 16:57:16
500101194,25,4,8,2024-12-19 16:18:16
500101237,25,17,8,2024-12-19 14:01:15
500105030,25,17,8,2024-12-19 16:15:16
500106095,25,16,8,2024-12-19 14:05:15
500108060,25,17,8,2024-12-19 16:55:17
500109008,25,17,8,2024-12-19 13:30:16
500101146,25,15,9,2024-12-19 16:25:16
500101237,25,16,9,2024-12-19 15:20:16
500101237,25,16,9,2024-12-19 14:47:15
500104020,25,16,9,2024-12-19 15:38:15
500109002,25,16,9,2024-12-19 14:39:16
500109008,25,16,9,2024-12-19 14:56:15
500111071,25,16,9,2024-12-19 14:11:16
500105080,25,15,10,2024-12-19 15:32:15
500107159,25,15,10,2024-12-19 15:23:14
500107159,25,15,10,2024-12-19 13:16:14
500108159,25,15,10,2024-12-19 13:36:16
500109002,25,15,10,2024-12-19 13:23:15
500109008,25,15,10,2024-12-19 15:28:14
500105011,25,14,11,2024-12-19 15:02:15
500108159,25,14,11,2024-12-19 14:10:17
500101092,25,12,13,2024-12-19 15:00:17
500101146,25,11,13,2024-12-19 15:51:15
500106075,25,12,13,2024-12-19 16:34:16
500104045,25,10,14,2024-12-19 16:11:15
500107126,25,10,14,2024-12-19 14:52:16
500106101,25,9,15,2024-12-19 14:51:15
500108089,25,10,15,2024-12-19 16:46:15
500108089,25,10,15,2024-12-19 17:00:17
500104069,25,8,16,2024-12-19 14:50:15
500107126,25,8,16,2024-12-19 14:06:15
500108131,25,9,16,2024-12-19 16:10:16
500111037,25,9,16,2024-12-19 15:51:15
500112117,25,9,16,2024-12-19 15:16:15
500104040,25,8,17,2024-12-19 13:11:15
500107126,25,7,17,2024-12-19 13:19:15
500108104,25,8,17,2024-12-19 15:20:16
500108131,25,8,17,2024-12-19 13:37:15
500104045,25,6,18,2024-12-19 17:06:16
500104069,25,6,18,2024-12-19 16:36:15
500108039,25,6,18,2024-12-19 14:57:15
500108131,25,7,18,2024-12-19 14:38:15
500112060,25,6,18,2024-12-19 16:48:16
500104083,25,6,19,2024-12-19 14:03:16
500104132,25,6,19,2024-12-19 16:18:16
500112012,25,4,19,2024-12-19 17:05:17
500106075,25,5,20,2024-12-19 15:16:15
500113005,25,4,20,2024-12-19 14:01:15
500101023,25,4,21,2024-12-19 16:51:15
500106075,25,4,21,2024-12-19 14:38:15
500113005,25,3,21,2024-12-19 16:22:16
500105024,25,3,22,2024-12-19 17:18:16
500111048,25,3,22,2024-12-19 17:05:16
500105024,25,2,23,2024-12-19 16:50:18
500101098,25,1,24,2024-12-19 17:01:16
500111017,25,1,24,2024-12-19 16:34:16
500112060,25,0,24,2024-12-19 15:44:15
500101092,25,0,25,2024-12-19 21:45:16
500101146,25,12,11,2024-12-19 21:47:15
500104020,25,22,3,2024-12-19 21:44:15
500101140,25,25,0,2024-12-19 08:34:16
500101194,25,11,1,2024-12-19 07:57:16
500104045,25,23,1,2024-12-19 08:37:15
500101194,25,10,2,2024-12-19 07:45:16
500109071,25,23,2,2024-12-19 07:54:15
500101221,25,22,3,2024-12-19 08:56:16
500104069,25,21,3,2024-12-19 07:47:15
500106010,25,20,3,2024-12-19 06:20:15
500109008,25,21,4,2024-12-19 08:37:15
500109071,25,21,4,2024-12-19 08:11:15
500107126,25,19,5,2024-12-19 07:25:15
500112057,25,16,5,2024-12-19 07:53:16
500108089,25,19,6,2024-12-19 07:46:15
500104045,25,17,7,2024-12-19 07:47:15
500108060,25,18,7,2024-12-19 08:37:15
500109041,25,16,7,2024-12-19 05:08:14
500110064,25,18,7,2024-12-19 08:27:16
500112078,25,16,7,2024-12-19 07:37:15
500101023,25,17,8,2024-12-19 07:39:15
500101221,25,17,8,2024-12-19 08:16:14
500107126,25,16,8,2024-12-19 07:15:17
500108089,25,17,8,2024-12-19 08:40:16
500111061,25,17,8,2024-12-19 08:07:15
500112057,25,10,8,2024-12-19 06:53:15
500104029,25,14,9,2024-12-19 08:51:15
500104095,25,16,9,2024-12-19 05:42:15
500106119,25,13,9,2024-12-19 08:57:15
500108158,25,15,9,2024-12-19 08:29:15
500111017,25,15,9,2024-12-19 07:35:16
500112060,25,13,9,2024-12-19 05:56:14
500101194,25,2,10,2024-12-19 05:28:14
500101221,25,15,10,2024-12-19 08:42:15
500108159,25,15,10,2024-12-19 08:36:15
500111017,25,14,10,2024-12-19 07:44:15
500111048,25,15,10,2024-12-19 08:27:16
500101194,25,1,11,2024-12-19 05:11:15
500101221,25,14,11,2024-12-19 06:33:15
500103012,25,13,11,2024-12-19 06:41:15
500103012,25,13,11,2024-12-19 07:06:15
500104045,25,13,11,2024-12-19 07:27:15
500109026,25,14,11,2024-12-19 08:35:16
500109041,25,12,11,2024-12-19 08:23:15
500112105,25,14,11,2024-12-19 08:47:15
500108089,25,13,12,2024-12-19 05:48:14
500109026,25,13,12,2024-12-19 07:12:15
500112060,25,10,12,2024-12-19 06:47:15
500101146,25,9,13,2024-12-19 06:50:16
500108096,25,11,13,2024-12-19 06:54:16
500111037,25,12,13,2024-12-19 07:34:15
500111072,25,12,13,2024-12-19 07:02:15
500112027,25,12,13,2024-12-19 08:27:16
500101162,25,11,14,2024-12-19 08:37:15
500108011,25,11,14,2024-12-19 06:49:15
500108106,25,11,14,2024-12-19 06:37:15
500108115,25,10,14,2024-12-19 06:24:15
500108169,25,11,14,2024-12-19 08:34:15
500111001,25,9,14,2024-12-19 06:54:15
500112012,25,7,15,2024-12-19 06:55:16
500101092,25,9,16,2024-12-19 05:32:15
500103026,25,9,16,2024-12-19 08:25:16
500108055,25,9,16,2024-12-19 05:51:14
500108131,25,9,16,2024-12-19 08:20:17
500108137,25,8,16,2024-12-19 05:19:14
500113007,25,9,16,2024-12-19 07:57:16
500101146,25,5,17,2024-12-19 07:17:14
500104020,25,7,17,2024-12-19 08:14:16
500106095,25,7,17,2024-12-19 08:02:15
500107126,25,7,17,2024-12-19 06:36:14
500108137,25,7,17,2024-12-19 06:42:15
500108159,25,8,17,2024-12-19 08:03:15
500101098,25,7,18,2024-12-19 07:40:16
500101237,25,6,18,2024-12-19 07:25:15
500104020,25,6,18,2024-12-19 07:57:16
500106010,25,4,18,2024-12-19 08:26:15
500107126,25,6,18,2024-12-19 08:47:15
500108159,25,7,18,2024-12-19 07:56:15
500105024,25,6,19,2024-12-19 05:42:15
500107159,25,6,19,2024-12-19 06:44:15
500108067,25,5,19,2024-12-19 08:45:16
500111001,25,4,19,2024-12-19 07:40:16
500113007,25,6,19,2024-12-19 08:56:16
500101023,25,5,20,2024-12-19 08:47:15
500101247,25,5,20,2024-12-19 07:51:14
500107159,25,5,20,2024-12-19 07:24:15
500109002,25,5,20,2024-12-19 07:52:15
500109056,25,5,20,2024-12-19 08:47:15
500112117,25,5,20,2024-12-19 08:33:15
500112117,25,5,20,2024-12-19 06:21:15
500108039,25,3,21,2024-12-19 07:46:15
500108156,25,3,21,2024-12-19 05:24:14
500112117,25,4,21,2024-12-19 07:55:17
500107126,25,2,22,2024-12-19 08:26:15
500108156,25,2,22,2024-12-19 05:35:15
500110092,25,3,22,2024-12-19 08:14:16
500101098,25,2,23,2024-12-19 08:30:16
500108147,25,2,23,2024-12-19 08:34:15
500111048,25,2,23,2024-12-19 07:31:16
500111072,25,2,23,2024-12-19 07:36:14
500101040,25,1,24,2024-12-19 08:49:15
500108067,25,0,24,2024-12-19 07:19:15
500112060,25,0,24,2024-12-19 08:47:15
500106075,25,0,25,2024-12-19 08:14:16
500105024,25,9,16,2024-12-19 00:10:15
500108060,25,3,22,2024-12-19 00:05:15
500111037,25,4,21,2024-12-19 00:15:15
500101237,25,0,25,2024-12-19 23:49:15
500107126,25,8,16,2024-12-19 23:47:14
500103026,25,1,24,2024-12-19 00:28:17
500106106,26,2,24,2024-12-19 23:29:14
500101204,26,5,21,2024-12-19 01:09:14
500113026,26,7,19,2024-12-19 00:35:16
500108179,26,11,15,2024-12-19 01:01:14
500107112,26,15,11,2024-12-19 01:14:14
500111047,26,18,4,2024-12-19 01:08:16
500105101,26,1,25,2024-12-19 22:39:15
500107123,26,6,20,2024-12-19 23:03:14
500103035,26,12,14,2024-12-19 23:16:15
500101190,26,15,8,2024-12-19 23:19:15
500110018,26,3,22,2024-12-19 22:34:15
500112075,26,8,18,2024-12-19 22:37:15
500110084,26,18,8,2024-12-19 22:18:15
500106106,26,1,25,2024-12-19 21:36:15
500107157,26,2,24,2024-12-19 21:05:15
500101190,26,4,19,2024-12-19 21:31:15
500112108,26,4,22,2024-12-19 21:15:16
500110090,26,9,17,2024-12-19 21:13:16
500101204,26,10,16,2024-12-19 21:36:15
500111021,26,17,8,2024-12-19 21:27:15
500111039,26,20,6,2024-12-19 21:21:15
500113026,26,5,21,2024-12-19 03:01:16
500101204,26,6,20,2024-12-19 02:18:14
500103035,26,10,16,2024-12-19 01:50:15
500104042,26,11,15,2024-12-19 02:04:15
500107112,26,17,9,2024-12-19 02:07:15
500112084,26,11,13,2024-12-19 04:20:16
500103035,26,11,15,2024-12-19 03:29:14
500105013,26,20,5,2024-12-19 03:40:15
500107160,26,21,5,2024-12-19 03:43:14
500112075,26,4,22,2024-12-19 22:08:14
500112052,26,6,20,2024-12-19 22:08:15
500110084,26,16,10,2024-12-19 22:01:15
500107087,26,18,8,2024-12-19 21:51:15
500106089,26,19,7,2024-12-19 22:05:16
500106089,26,5,21,2024-12-19 01:21:15
500112044,26,4,18,2024-12-19 21:54:15
500103035,26,6,20,2024-12-19 23:38:15
500101204,26,4,22,2024-12-19 00:49:15
500119081,26,3,23,2024-12-19 02:37:15
500119081,26,4,22,2024-12-19 02:18:14
500113026,26,7,19,2024-12-19 02:14:15
500112075,26,17,9,2024-12-19 04:32:14
500119052,26,0,26,2024-12-19 22:10:19
500112044,26,8,14,2024-12-19 22:15:15
500104042,26,18,8,2024-12-19 22:53:15
500103035,26,7,19,2024-12-19 23:33:15
500111041,26,25,0,2024-12-19 09:18:15
500104043,26,23,2,2024-12-19 09:36:15
500112075,26,24,2,2024-12-19 09:35:16
500111033,26,23,3,2024-12-19 11:55:18
500119052,26,16,3,2024-12-19 10:18:15
500106106,26,21,5,2024-12-19 10:12:15
500111033,26,21,5,2024-12-19 10:59:15
500107157,26,20,6,2024-12-19 09:09:15
500119081,26,20,6,2024-12-19 12:19:16
500119069,26,13,8,2024-12-19 09:27:15
500112044,26,15,9,2024-12-19 12:59:16
500110018,26,15,10,2024-12-19 12:26:15
500119052,26,9,10,2024-12-19 12:45:16
500119052,26,9,10,2024-12-19 12:56:15
500106106,26,15,11,2024-12-19 11:15:15
500107157,26,15,11,2024-12-19 09:55:17
500110018,26,14,11,2024-12-19 11:25:15
500109039,26,14,12,2024-12-19 11:36:15
500109039,26,14,12,2024-12-19 11:46:15
500112044,26,12,12,2024-12-19 09:38:14
500101190,26,13,13,2024-12-19 12:34:14
500101204,26,13,13,2024-12-19 11:27:15
500101204,26,13,13,2024-12-19 10:28:15
500107160,26,12,14,2024-12-19 09:01:15
500103031,26,10,15,2024-12-19 09:27:14
500104043,26,10,15,2024-12-19 10:37:16
500105101,26,11,15,2024-12-19 11:35:17
500106089,26,11,15,2024-12-19 11:29:15
500109039,26,11,15,2024-12-19 09:56:16
500112044,26,9,15,2024-12-19 11:25:15
500104043,26,9,16,2024-12-19 11:04:15
500107160,26,10,16,2024-12-19 09:55:17
500112044,26,8,16,2024-12-19 11:54:15
500112084,26,8,16,2024-12-19 11:57:16
500103031,26,9,17,2024-12-19 13:07:15
500106089,26,9,17,2024-12-19 09:59:16
500110084,26,9,17,2024-12-19 11:58:16
500112084,26,7,17,2024-12-19 12:00:19
500112084,26,8,17,2024-12-19 10:54:15
500106089,26,8,18,2024-12-19 12:40:17
500103031,26,7,19,2024-12-19 12:27:15
500107087,26,7,19,2024-12-19 12:38:14
500108183,26,7,19,2024-12-19 09:15:15
500112084,26,5,19,2024-12-19 12:28:15
500113026,26,7,19,2024-12-19 11:27:15
500101190,26,6,20,2024-12-19 11:36:15
500101217,26,6,20,2024-12-19 10:38:15
500107087,26,6,20,2024-12-19 11:22:16
500107087,26,6,20,2024-12-19 11:06:15
500101190,26,5,21,2024-12-19 11:57:16
500101217,26,4,22,2024-12-19 12:35:16
500104012,26,4,22,2024-12-19 12:05:17
500112052,26,4,22,2024-12-19 10:47:16
500101190,26,3,23,2024-12-19 11:16:15
500107162,26,2,23,2024-12-19 10:24:15
500112052,26,3,23,2024-12-19 12:01:16
500112052,26,3,23,2024-12-19 10:34:15
500112084,26,2,23,2024-12-19 09:19:15
500103035,26,2,24,2024-12-19 11:41:15
500103035,26,2,24,2024-12-19 10:17:16
500107160,26,2,24,2024-12-19 12:38:14
500107162,26,0,25,2024-12-19 09:00:20
500110090,26,0,25,2024-12-19 10:09:16
500101217,26,0,26,2024-12-19 09:57:15
500104012,26,0,26,2024-12-19 11:23:15
500101190,26,19,4,2024-12-19 20:08:15
500101217,26,22,4,2024-12-19 19:29:15
500101217,26,22,4,2024-12-19 20:57:16
500101190,26,18,5,2024-12-19 19:59:16
500107162,26,20,5,2024-12-19 19:45:16
500101217,26,19,7,2024-12-19 20:28:15
500101217,26,19,7,2024-12-19 17:38:15
500111021,26,18,7,2024-12-19 20:49:15
500108179,26,18,8,2024-12-19 17:23:15
500104043,26,17,9,2024-12-19 20:10:17
500104043,26,17,9,2024-12-19 18:08:16
500111021,26,16,9,2024-12-19 20:19:15
500111021,26,16,9,2024-12-19 20:37:16
500103031,26,13,10,2024-12-19 20:09:15
500104042,26,16,10,2024-12-19 17:15:17
500104042,26,15,11,2024-12-19 19:20:17
500112044,26,14,11,2024-12-19 17:25:16
500107087,26,14,12,2024-12-19 20:20:16
500107087,26,14,12,2024-12-19 18:58:16
500104042,26,13,13,2024-12-19 19:54:15
500106089,26,13,13,2024-12-19 17:35:16
500106106,26,13,13,2024-12-19 19:23:15
500108182,26,13,13,2024-12-19 17:35:16
500110084,26,13,13,2024-12-19 18:47:15
500112075,26,13,13,2024-12-19 18:08:15
500101204,26,12,14,2024-12-19 17:54:15
500106106,26,12,14,2024-12-19 19:19:15
500108182,26,12,14,2024-12-19 18:26:16
500110018,26,11,14,2024-12-19 18:28:16
500112044,26,11,14,2024-12-19 18:18:16
500101190,26,11,15,2024-12-19 17:26:15
500101204,26,11,15,2024-12-19 19:35:16
500107160,26,11,15,2024-12-19 19:47:15
500110018,26,10,15,2024-12-19 17:48:15
500112052,26,11,15,2024-12-19 19:19:15
500101204,26,10,16,2024-12-19 20:29:15
500110018,26,9,16,2024-12-19 20:29:15
500104012,26,9,17,2024-12-19 18:23:16
500112052,26,9,17,2024-12-19 19:49:15
500107112,26,8,18,2024-12-19 17:36:15
500110018,26,7,18,2024-12-19 19:29:14
500112044,26,4,18,2024-12-19 20:07:15
500105101,26,7,19,2024-12-19 17:31:15
500110090,26,7,19,2024-12-19 19:14:16
500110090,26,7,19,2024-12-19 20:58:15
500112052,26,7,19,2024-12-19 20:22:15
500111033,26,6,20,2024-12-19 20:30:17
500111036,26,5,21,2024-12-19 19:34:15
500107112,26,4,22,2024-12-19 18:15:17
500107123,26,4,22,2024-12-19 20:40:16
500107160,26,4,22,2024-12-19 18:18:16
500107160,26,4,22,2024-12-19 18:28:16
500110084,26,4,22,2024-12-19 19:49:15
500119052,26,0,22,2024-12-19 18:00:21
500119052,26,4,22,2024-12-19 18:57:15
500119069,26,2,22,2024-12-19 20:11:16
500119069,26,2,22,2024-12-19 17:58:16
500105013,26,3,23,2024-12-19 17:27:16
500111033,26,3,23,2024-12-19 18:52:15
500111036,26,3,23,2024-12-19 17:28:15
500119069,26,1,23,2024-12-19 19:59:16
500119081,26,3,23,2024-12-19 17:56:16
500107157,26,2,24,2024-12-19 17:56:16
500111033,26,2,24,2024-12-19 19:56:16
500112052,26,2,24,2024-12-19 17:48:15
500119081,26,2,24,2024-12-19 18:58:16
500107123,26,1,25,2024-12-19 19:58:15
500107123,26,1,25,2024-12-19 17:53:16
500113059,26,1,25,2024-12-19 17:55:17
500107123,26,0,26,2024-12-19 18:08:16
500119052,26,0,26,2024-12-19 19:11:15
500112075,26,24,2,2024-12-19 15:14:15
500104043,26,21,5,2024-12-19 15:08:15
500101204,26,19,7,2024-12-19 15:26:15
500101204,26,18,8,2024-12-19 17:03:16
500104042,26,18,8,2024-12-19 15:39:15
500104042,26,18,8,2024-12-19 16:49:15
500108179,26,18,8,2024-12-19 17:16:16
500110018,26,17,8,2024-12-19 16:18:16
500112044,26,16,8,2024-12-19 13:11:15
500104042,26,17,9,2024-12-19 16:26:15
500111033,26,17,9,2024-12-19 17:15:16
500105026,26,15,10,2024-12-19 13:13:15
500107162,26,15,10,2024-12-19 16:06:15
500107162,26,14,11,2024-12-19 13:50:16
500110018,26,14,11,2024-12-19 15:29:15
500106089,26,13,13,2024-12-19 14:49:15
500107157,26,13,13,2024-12-19 15:34:15
500108182,26,12,14,2024-12-19 16:38:15
500101190,26,11,15,2024-12-19 16:54:16
500103031,26,11,15,2024-12-19 14:50:16
500104012,26,11,15,2024-12-19 16:26:15
500119052,26,7,15,2024-12-19 17:08:16
500101190,26,10,16,2024-12-19 15:55:16
500103031,26,10,16,2024-12-19 13:10:16
500105026,26,10,16,2024-12-19 16:46:15
500109039,26,10,16,2024-12-19 15:37:16
500119052,26,3,16,2024-12-19 15:25:15
500119069,26,8,16,2024-12-19 17:17:16
500103031,26,9,17,2024-12-19 15:03:15
500103035,26,9,17,2024-12-19 16:26:15
500104043,26,8,18,2024-12-19 16:27:16
500104043,26,8,18,2024-12-19 13:22:15
500101190,26,7,19,2024-12-19 14:34:14
500101217,26,7,19,2024-12-19 17:17:16
500103031,26,7,19,2024-12-19 16:22:16
500105013,26,6,20,2024-12-19 15:54:14
500105013,26,6,20,2024-12-19 17:06:16
500110084,26,6,20,2024-12-19 14:13:15
500101217,26,5,21,2024-12-19 16:25:16
500105013,26,5,21,2024-12-19 17:11:16
500107157,26,5,21,2024-12-19 14:38:15
500110090,26,4,22,2024-12-19 13:14:15
500111021,26,3,22,2024-12-19 16:18:16
500111036,26,4,22,2024-12-19 16:49:15
500111047,26,4,22,2024-12-19 13:55:16
500111047,26,4,22,2024-12-19 16:34:16
500112052,26,3,23,2024-12-19 15:30:16
500112052,26,3,23,2024-12-19 14:39:16
500107123,26,2,24,2024-12-19 16:41:15
500107160,26,2,24,2024-12-19 16:10:16
500112052,26,2,24,2024-12-19 15:46:16
500112052,26,2,24,2024-12-19 17:06:16
500105013,26,0,25,2024-12-19 14:37:14
500106106,26,1,25,2024-12-19 17:17:15
500104043,26,0,26,2024-12-19 17:17:15
500103031,26,14,9,2024-12-19 21:47:15
500112075,26,25,1,2024-12-19 08:27:16
500113059,26,24,2,2024-12-19 07:47:15
500103031,26,19,3,2024-12-19 04:59:14
500109039,26,22,4,2024-12-19 07:57:16
500108182,26,21,5,2024-12-19 08:52:16
500110018,26,20,5,2024-12-19 06:54:16
500105026,26,19,6,2024-12-19 07:54:15
500107160,26,20,6,2024-12-19 06:10:16
500105026,26,18,7,2024-12-19 08:12:14
500107160,26,19,7,2024-12-19 06:54:16
500111036,26,19,7,2024-12-19 06:55:16
500101217,26,18,8,2024-12-19 06:47:15
500110084,26,14,9,2024-12-19 06:12:14
500101217,26,16,10,2024-12-19 07:35:16
500104042,26,16,10,2024-12-19 07:48:15
500105026,26,15,10,2024-12-19 07:46:15
500107162,26,15,10,2024-12-19 06:18:15
500107112,26,15,11,2024-12-19 05:21:14
500107123,26,15,11,2024-12-19 08:27:16
500101217,26,14,12,2024-12-19 06:37:15
500103031,26,10,12,2024-12-19 08:02:15
500105026,26,13,12,2024-12-19 07:31:16
500107112,26,13,13,2024-12-19 07:06:15
500112052,26,13,13,2024-12-19 08:44:16
500112084,26,11,13,2024-12-19 06:00:17
500103035,26,12,14,2024-12-19 06:07:15
500111033,26,12,14,2024-12-19 07:57:16
500103035,26,11,15,2024-12-19 06:54:16
500108182,26,11,15,2024-12-19 08:10:17
500110084,26,8,15,2024-12-19 08:17:15
500103035,26,9,16,2024-12-19 08:57:15
500105013,26,9,16,2024-12-19 07:25:15
500110090,26,9,16,2024-12-19 07:05:15
500119052,26,10,16,2024-12-19 07:35:16
500104043,26,8,17,2024-12-19 06:25:15
500110090,26,8,17,2024-12-19 07:34:15
500101217,26,8,18,2024-12-19 08:27:15
500107087,26,7,19,2024-12-19 06:16:15
500112084,26,5,19,2024-12-19 07:26:15
500101190,26,6,20,2024-12-19 06:00:16
500106106,26,6,20,2024-12-19 06:42:15
500107087,26,6,20,2024-12-19 08:57:15
500119052,26,6,20,2024-12-19 07:14:15
500101190,26,5,21,2024-12-19 07:57:16
500105101,26,5,21,2024-12-19 07:07:15
500101190,26,4,22,2024-12-19 07:27:15
500110018,26,3,22,2024-12-19 08:17:15
500110090,26,2,23,2024-12-19 08:11:16
500106089,26,2,24,2024-12-19 08:45:16
500105013,26,21,5,2024-12-19 00:07:15
500105026,26,16,10,2024-12-19 00:09:14
500119081,26,4,22,2024-12-19 00:49:15
500107157,26,2,24,2024-12-19 22:13:15
500103031,26,18,5,2024-12-19 22:47:15
500110084,26,16,10,2024-12-19 23:50:15
500107087,26,20,6,2024-12-19 22:39:15
500108183,26,13,13,2024-12-19 01:03:15
500112052,26,16,10,2024-12-19 00:44:15
500103031,26,19,3,2024-12-19 00:13:16
500111036,26,21,5,2024-12-19 00:35:16
500106106,26,1,25,2024-12-19 22:22:17
500101217,26,7,19,2024-12-19 23:16:15
500111033,26,10,16,2024-12-19 23:01:15
500108179,26,15,11,2024-12-19 23:10:15
500119081,26,1,25,2024-12-19 22:27:15
500103041,26,6,20,2024-12-19 22:06:15
500101190,26,9,14,2024-12-19 22:38:14
500119081,26,0,26,2024-12-19 21:32:14
500105026,26,4,22,2024-12-19 21:19:16
500103035,26,5,21,2024-12-19 21:33:16
500107123,26,7,19,2024-12-19 21:19:16
500110084,26,10,16,2024-12-19 21:39:15
500107162,26,17,8,2024-12-19 21:35:16
500119052,26,0,26,2024-12-19 02:14:15
500103041,26,8,18,2024-12-19 02:47:15
500104012,26,9,17,2024-12-19 01:36:15
500104042,26,10,16,2024-12-19 03:08:15
500107162,26,16,9,2024-12-19 03:20:15
500107157,26,3,23,2024-12-19 21:43:15
500112044,26,5,17,2024-12-19 22:00:16
500107112,26,9,17,2024-12-19 22:06:14
500101204,26,10,16,2024-12-19 22:05:16
500103035,26,10,16,2024-12-19 22:09:15
500111039,26,22,4,2024-12-19 21:51:15
500119052,26,0,26,2024-12-19 01:24:15
500112075,26,5,21,2024-12-19 21:59:15
500111047,26,13,12,2024-12-19 21:58:15
500107087,26,6,20,2024-12-19 03:33:15
500101217,26,2,24,2024-12-19 01:04:14
500110018,26,2,23,2024-12-19 22:10:17
500112052,26,7,19,2024-12-19 22:19:15
500103035,26,13,13,2024-12-19 22:18:14
500101217,26,22,4,2024-12-19 22:19:15
500119069,26,0,24,2024-12-19 22:59:14
500101204,26,14,12,2024-12-19 23:32:14
500119052,26,17,0,2024-12-19 09:06:15
500119069,26,21,0,2024-12-19 10:40:18
500104042,26,25,1,2024-12-19 10:37:16
500119081,26,25,1,2024-12-19 10:59:15
500108182,26,24,2,2024-12-19 09:33:15
500119081,26,24,2,2024-12-19 10:14:15
500119081,26,23,3,2024-12-19 12:28:15
500113059,26,22,4,2024-12-19 09:12:16
500119081,26,22,4,2024-12-19 09:26:15
500119081,26,22,4,2024-12-19 12:01:16
500101217,26,18,8,2024-12-19 12:50:15
500106106,26,18,8,2024-12-19 12:28:15
500119052,26,11,8,2024-12-19 10:47:16
500101204,26,17,9,2024-12-19 09:57:15
500105026,26,15,10,2024-12-19 10:29:16
500108182,26,16,10,2024-12-19 12:10:16
500112044,26,14,10,2024-12-19 12:46:15
500106106,26,15,11,2024-12-19 10:38:15
500110018,26,14,11,2024-12-19 11:38:15
500101204,26,14,12,2024-12-19 10:14:15
500109039,26,14,12,2024-12-19 10:12:15
500103031,26,13,13,2024-12-19 09:52:15
500119052,26,4,13,2024-12-19 09:27:14
500103031,26,11,14,2024-12-19 09:02:15
500107160,26,12,14,2024-12-19 10:00:18
500112044,26,10,14,2024-12-19 10:37:16
500107160,26,11,15,2024-12-19 10:16:15
500101204,26,9,17,2024-12-19 11:56:15
500103031,26,8,17,2024-12-19 09:32:15
500107160,26,9,17,2024-12-19 11:28:16
500107087,26,8,18,2024-12-19 09:38:14
500111036,26,8,18,2024-12-19 10:10:16
500111047,26,8,18,2024-12-19 09:36:14
500112052,26,8,18,2024-12-19 09:35:16
500113026,26,8,18,2024-12-19 09:24:15
500113026,26,8,18,2024-12-19 10:55:17
500103035,26,7,19,2024-12-19 09:08:15
500107087,26,7,19,2024-12-19 10:25:16
500110084,26,4,19,2024-12-19 11:08:15
500113026,26,7,19,2024-12-19 12:57:15
500113026,26,7,19,2024-12-19 10:47:16
500103035,26,6,20,2024-12-19 12:48:15
500106089,26,6,20,2024-12-19 09:37:15
500111021,26,6,20,2024-12-19 12:29:16
500111047,26,6,20,2024-12-19 11:16:15
500101217,26,5,21,2024-12-19 09:37:15
500107123,26,5,21,2024-12-19 13:04:15
500111021,26,5,21,2024-12-19 10:05:16
500112052,26,5,21,2024-12-19 10:57:15
500101217,26,4,22,2024-12-19 11:33:16
500107087,26,4,22,2024-12-19 12:08:15
500112052,26,4,22,2024-12-19 10:15:15
500103035,26,3,23,2024-12-19 12:08:15
500105013,26,2,23,2024-12-19 08:56:16
500105013,26,2,23,2024-12-19 09:38:14
500111036,26,3,23,2024-12-19 13:08:15
500101217,26,2,24,2024-12-19 12:08:15
500110018,26,1,24,2024-12-19 09:46:15
500112052,26,2,24,2024-12-19 11:58:15
500101190,26,1,25,2024-12-19 10:32:15
500104012,26,1,25,2024-12-19 09:45:15
500104012,26,1,25,2024-12-19 11:44:15
500105013,26,0,25,2024-12-19 12:06:14
500110018,26,0,25,2024-12-19 09:37:15
500103035,26,0,26,2024-12-19 11:07:16
500104012,26,0,26,2024-12-19 09:05:16
500112084,26,24,1,2024-12-19 20:12:15
500112084,26,24,1,2024-12-19 19:18:15
500106106,26,22,4,2024-12-19 20:01:15
500107162,26,21,4,2024-12-19 18:48:15
500106106,26,20,6,2024-12-19 19:59:16
500101217,26,19,7,2024-12-19 20:13:15
500107162,26,17,8,2024-12-19 18:11:16
500101204,26,17,9,2024-12-19 17:38:16
500101217,26,16,10,2024-12-19 18:16:16
500107087,26,16,10,2024-12-19 21:08:15
500107112,26,16,10,2024-12-19 19:41:16
500104043,26,15,11,2024-12-19 20:48:15
500106089,26,15,11,2024-12-19 18:56:15
500112075,26,15,11,2024-12-19 18:18:16
500101217,26,14,12,2024-12-19 17:27:16
500101217,26,14,12,2024-12-19 18:29:16
500108179,26,14,12,2024-12-19 18:18:16
500108182,26,14,12,2024-12-19 17:39:15
500111039,26,14,12,2024-12-19 17:47:16
500111041,26,14,12,2024-12-19 18:15:17
500119081,26,14,12,2024-12-19 17:36:15
500103031,26,13,13,2024-12-19 18:36:16
500103035,26,13,13,2024-12-19 17:38:16
500104042,26,13,13,2024-12-19 19:42:15
500107112,26,13,13,2024-12-19 20:34:15
500108179,26,13,13,2024-12-19 19:14:16
500108179,26,13,13,2024-12-19 18:47:16
500112084,26,12,13,2024-12-19 17:30:16
500103031,26,12,14,2024-12-19 18:26:15
500103035,26,12,14,2024-12-19 19:18:15
500110084,26,12,14,2024-12-19 19:19:15
500111041,26,12,14,2024-12-19 20:37:15
500101204,26,11,15,2024-12-19 18:33:16
500107160,26,11,15,2024-12-19 20:45:16
500101204,26,10,16,2024-12-19 18:42:16
500112052,26,10,16,2024-12-19 19:55:16
500119052,26,10,16,2024-12-19 18:29:16
500105013,26,9,17,2024-12-19 21:18:15
500105013,26,8,18,2024-12-19 18:55:17
500106106,26,8,18,2024-12-19 18:48:15
500107087,26,8,18,2024-12-19 18:36:16
500110084,26,8,18,2024-12-19 21:20:16
500111047,26,8,18,2024-12-19 17:59:15
500112044,26,4,18,2024-12-19 20:39:16
500112052,26,8,18,2024-12-19 20:39:16
500107112,26,6,20,2024-12-19 17:27:16
500111021,26,5,20,2024-12-19 17:32:15
500112044,26,2,20,2024-12-19 20:22:15
500110084,26,5,21,2024-12-19 19:55:16
500111033,26,5,21,2024-12-19 18:00:18
500112108,26,5,21,2024-12-19 20:22:15
500119069,26,3,21,2024-12-19 17:41:16
500119069,26,3,21,2024-12-19 18:38:16
500103041,26,4,22,2024-12-19 18:35:16
500105101,26,4,22,2024-12-19 18:56:15
500106106,26,3,23,2024-12-19 18:29:16
500107112,26,3,23,2024-12-19 18:58:16
500111036,26,3,23,2024-12-19 17:46:15
500105026,26,2,24,2024-12-19 19:51:15
500111033,26,2,24,2024-12-19 19:03:15
500119052,26,2,24,2024-12-19 20:06:15
500107157,26,1,25,2024-12-19 19:48:15
500107157,26,1,25,2024-12-19 18:29:15
500107123,26,0,26,2024-12-19 20:13:15
500107157,26,0,26,2024-12-19 20:28:15
500111033,26,0,26,2024-12-19 19:20:19
500113059,26,0,26,2024-12-19 17:37:16
500112075,26,24,2,2024-12-19 13:20:17
500101204,26,19,7,2024-12-19 16:44:15
500107157,26,19,7,2024-12-19 14:58:15
500119052,26,14,8,2024-12-19 16:36:15
500119069,26,16,8,2024-12-19 15:01:16
500106106,26,17,9,2024-12-19 14:22:15
500107162,26,16,9,2024-12-19 15:56:15
500107162,26,15,10,2024-12-19 15:16:15
500108179,26,16,10,2024-12-19 15:23:15
500108179,26,16,10,2024-12-19 16:31:15
500110018,26,15,10,2024-12-19 14:48:14
500110018,26,15,10,2024-12-19 15:25:15
500101217,26,15,11,2024-12-19 13:33:15
500107162,26,14,11,2024-12-19 17:00:17
500111039,26,15,11,2024-12-19 15:34:15
500119052,26,7,12,2024-12-19 14:55:16
500112044,26,12,13,2024-12-19 17:18:16
500119052,26,6,13,2024-12-19 14:07:15
500101217,26,12,14,2024-12-19 13:56:15
500106089,26,12,14,2024-12-19 13:14:15
500112044,26,11,14,2024-12-19 16:28:15
500106106,26,11,15,2024-12-19 15:31:15
500107112,26,11,15,2024-12-19 16:35:15
500107112,26,11,15,2024-12-19 17:08:16
500112044,26,10,15,2024-12-19 16:18:16
500112044,26,10,15,2024-12-19 16:31:15
500112084,26,10,15,2024-12-19 16:12:15
500101190,26,10,16,2024-12-19 13:57:15
500106089,26,10,16,2024-12-19 16:54:16
500101217,26,9,17,2024-12-19 15:27:15
500105026,26,9,17,2024-12-19 16:58:15
500112108,26,9,17,2024-12-19 16:23:15
500103031,26,8,18,2024-12-19 17:07:15
500104012,26,8,18,2024-12-19 16:38:15
500105013,26,8,18,2024-12-19 16:05:16
500107087,26,8,18,2024-12-19 15:06:15
500105013,26,7,19,2024-12-19 16:37:15
500111047,26,7,19,2024-12-19 17:01:16
500101190,26,6,20,2024-12-19 15:24:15
500107087,26,5,21,2024-12-19 13:44:15
500107112,26,5,21,2024-12-19 13:13:14
500108183,26,5,21,2024-12-19 17:14:16
500113026,26,5,21,2024-12-19 16:24:15
500107123,26,4,22,2024-12-19 16:21:15
500111036,26,4,22,2024-12-19 13:09:15
500113026,26,4,22,2024-12-19 16:33:15
500107123,26,3,23,2024-12-19 15:15:16
500107160,26,3,23,2024-12-19 16:30:16
500110090,26,3,23,2024-12-19 15:14:15
500112052,26,3,23,2024-12-19 16:41:15
500101217,26,2,24,2024-12-19 17:07:15
500112052,26,2,24,2024-12-19 16:54:16
500105013,26,20,6,2024-12-19 02:48:14
500112075,26,4,22,2024-12-19 21:46:15
500105013,26,7,19,2024-12-19 21:46:15
500105026,26,24,1,2024-12-19 08:42:15
500111033,26,24,2,2024-12-19 08:45:16
500108179,26,23,3,2024-12-19 05:18:15
500112044,26,17,4,2024-12-19 06:11:14
500107157,26,21,5,2024-12-19 07:55:17
500109039,26,21,5,2024-12-19 08:00:17
500103035,26,19,7,2024-12-19 07:46:15
500110018,26,18,7,2024-12-19 06:42:15
500104043,26,17,8,2024-12-19 08:36:15
500108179,26,18,8,2024-12-19 06:35:14
500104042,26,17,9,2024-12-19 08:16:15
500104042,26,16,10,2024-12-19 08:24:15
500104042,26,16,10,2024-12-19 08:03:15
500111036,26,16,10,2024-12-19 07:36:15
500111041,26,15,10,2024-12-19 08:37:15
500112052,26,16,10,2024-12-19 06:16:15
500103031,26,11,11,2024-12-19 06:43:15
500107157,26,15,11,2024-12-19 07:27:15
500110084,26,12,11,2024-12-19 06:56:15
500107160,26,14,12,2024-12-19 07:58:15
500111039,26,14,12,2024-12-19 07:54:15
500101204,26,13,13,2024-12-19 08:57:15
500107123,26,13,13,2024-12-19 08:37:15
500107162,26,12,13,2024-12-19 07:21:15
500112084,26,11,13,2024-12-19 06:39:15
500104042,26,12,14,2024-12-19 07:13:15
500111021,26,12,14,2024-12-19 08:18:15
500111033,26,12,14,2024-12-19 06:20:15
500111041,26,11,14,2024-12-19 08:12:15
500103035,26,11,15,2024-12-19 05:49:15
500110090,26,9,16,2024-12-19 07:21:15
500111021,26,10,16,2024-12-19 07:57:15
500103035,26,9,17,2024-12-19 07:25:15
500111021,26,9,17,2024-12-19 07:29:15
500112084,26,7,17,2024-12-19 07:17:14
500101190,26,8,18,2024-12-19 07:47:15
500112044,26,3,18,2024-12-19 08:17:15
500113059,26,8,18,2024-12-19 07:16:15
500112044,26,2,19,2024-12-19 08:37:15
500112052,26,7,19,2024-12-19 08:15:16
500112052,26,7,19,2024-12-19 08:37:15
500112084,26,6,19,2024-12-19 08:27:16
500105101,26,5,21,2024-12-19 05:18:15
500106106,26,4,22,2024-12-19 05:47:15
500103041,26,3,23,2024-12-19 08:37:15
500106089,26,3,23,2024-12-19 07:25:15
500101204,26,2,24,2024-12-19 07:34:15
500104012,26,1,25,2024-12-19 08:16:15
500104012,26,1,25,2024-12-19 08:36:15
500104012,26,1,25,2024-12-19 08:53:15
500105013,26,0,25,2024-12-19 08:24:15
500101204,26,0,26,2024-12-19 07:16:15
500103041,26,6,20,2024-12-19 00:06:15
500111036,26,20,6,2024-12-19 00:10:16
500119052,26,0,26,2024-12-19 00:11:16
500119052,26,0,26,2024-12-19 00:57:15
500101217,26,0,26,2024-12-19 00:49:15
500112052,26,16,10,2024-12-19 00:06:15
500112075,26,17,9,2024-12-19 00:21:14
500111039,26,22,4,2024-12-19 23:03:15
500105013,26,6,20,2024-12-19 23:58:14
500111041,26,12,14,2024-12-19 22:07:15
500108179,26,16,10,2024-12-19 23:47:14
500110084,26,15,8,2024-12-19 01:01:14
500112052,26,8,18,2024-12-19 22:25:15
500112084,26,16,6,2024-12-19 22:09:15
500113026,26,0,26,2024-12-19 21:36:15
500113059,26,2,24,2024-12-19 20:54:14
500108182,26,21,5,2024-12-19 21:16:15
500104043,26,3,22,2024-12-19 01:54:15
500119081,26,3,23,2024-12-19 03:07:15
500112075,26,15,11,2024-12-19 03:04:14
500110090,26,17,9,2024-12-19 02:21:15
500111036,26,20,6,2024-12-19 01:18:15
500104043,26,3,22,2024-12-19 03:57:15
500107160,26,20,6,2024-12-19 01:24:14
500105013,26,8,18,2024-12-19 21:59:15
500111036,26,12,14,2024-12-19 21:54:15
500101190,26,17,6,2024-12-19 23:49:15
500103041,26,8,18,2024-12-19 00:58:14
500103035,26,14,12,2024-12-19 22:46:15
500107112,26,6,20,2024-12-19 23:02:14
500107123,26,6,20,2024-12-19 22:13:15
500105013,26,10,16,2024-12-19 22:19:15
500106089,26,19,7,2024-12-19 22:12:15
500119052,26,0,26,2024-12-19 22:25:15
500119081,26,0,26,2024-12-19 22:53:15
500107112,26,5,21,2024-12-19 22:50:16
500101204,26,12,14,2024-12-19 22:58:15
500111033,26,8,18,2024-12-19 23:25:16
500111036,26,13,13,2024-12-19 23:21:15
500111033,26,26,0,2024-12-19 09:37:16
500119069,26,21,0,2024-12-19 11:55:17
500112075,26,25,1,2024-12-19 09:08:15
500113059,26,25,1,2024-12-19 11:27:15
500119081,26,24,2,2024-12-19 11:13:15
500111033,26,23,3,2024-12-19 11:42:16
500111033,26,22,4,2024-12-19 13:05:16
500111033,26,22,4,2024-12-19 11:35:17
500111033,26,22,4,2024-12-19 11:26:14
500112075,26,22,4,2024-12-19 12:48:15
500112075,26,22,4,2024-12-19 11:54:15
500119052,26,15,4,2024-12-19 09:57:15
500107157,26,21,5,2024-12-19 09:02:15
500104043,26,19,6,2024-12-19 10:28:16
500101217,26,19,7,2024-12-19 12:47:15
500104042,26,19,7,2024-12-19 12:22:16
500112052,26,19,7,2024-12-19 09:07:15
500104042,26,18,8,2024-12-19 12:38:15
500105026,26,17,8,2024-12-19 11:22:16
500111041,26,18,8,2024-12-19 11:54:15
500111041,26,17,8,2024-12-19 10:22:15
500105026,26,16,9,2024-12-19 09:17:16
500108182,26,17,9,2024-12-19 11:09:15
500106106,26,16,10,2024-12-19 12:18:15
500107157,26,16,10,2024-12-19 10:10:15
500109039,26,15,11,2024-12-19 10:30:16
500110018,26,14,11,2024-12-19 12:54:15
500110018,26,14,11,2024-12-19 11:58:16
500106106,26,14,12,2024-12-19 10:48:15
500107123,26,14,12,2024-12-19 09:33:15
500112044,26,12,12,2024-12-19 12:06:16
500107123,26,13,13,2024-12-19 08:54:15
500119052,26,6,13,2024-12-19 09:37:15
500107123,26,12,14,2024-12-19 11:44:15
500112044,26,10,14,2024-12-19 09:52:15
500107123,26,11,15,2024-12-19 11:08:15
500109039,26,11,15,2024-12-19 12:18:15
500111039,26,11,15,2024-12-19 09:15:15
500112052,26,11,15,2024-12-19 09:47:15
500106089,26,10,16,2024-12-19 11:25:15
500107160,26,10,16,2024-12-19 09:37:15
500112108,26,9,16,2024-12-19 10:51:16
500112108,26,9,16,2024-12-19 09:31:15
500106089,26,9,17,2024-12-19 11:56:16
500101190,26,8,18,2024-12-19 09:43:15
500103035,26,8,18,2024-12-19 09:25:16
500104043,26,7,18,2024-12-19 12:19:16
500107087,26,8,18,2024-12-19 12:44:15
500110084,26,5,18,2024-12-19 09:01:15
500110084,26,8,18,2024-12-19 12:01:16
500111036,26,8,18,2024-12-19 09:52:15
500107087,26,6,20,2024-12-19 10:56:14
500101217,26,5,21,2024-12-19 11:26:15
500106089,26,5,21,2024-12-19 09:01:15
500107112,26,5,21,2024-12-19 13:06:15
500111047,26,5,21,2024-12-19 12:32:16
500112052,26,5,21,2024-12-19 10:07:16
500111021,26,4,22,2024-12-19 09:31:15
500112052,26,4,22,2024-12-19 12:42:15
500103041,26,3,23,2024-12-19 08:56:16
500108179,26,3,23,2024-12-19 10:03:15
500101190,26,2,24,2024-12-19 09:05:16
500110018,26,1,24,2024-12-19 09:20:17
500110090,26,1,24,2024-12-19 10:22:17
500103035,26,1,25,2024-12-19 10:28:15
500103035,26,1,25,2024-12-19 10:58:16
500104012,26,1,25,2024-12-19 11:13:15
500107162,26,0,25,2024-12-19 10:00:18
500101217,26,0,26,2024-12-19 09:44:15
500103041,26,7,19,2024-12-19 02:31:14
500112075,26,26,0,2024-12-19 19:29:15
500112084,26,23,2,2024-12-19 19:04:15
500101217,26,22,4,2024-12-19 19:18:15
500112075,26,21,5,2024-12-19 20:08:15
500107162,26,19,6,2024-12-19 20:04:16
500101190,26,19,7,2024-12-19 19:07:15
500106106,26,19,7,2024-12-19 20:29:15
500103031,26,18,8,2024-12-19 18:48:15
500111041,26,18,8,2024-12-19 17:43:16
500112075,26,18,8,2024-12-19 17:28:15
500104043,26,17,9,2024-12-19 18:56:15
500107112,26,17,9,2024-12-19 19:24:15
500107162,26,16,9,2024-12-19 17:49:15
500101190,26,16,10,2024-12-19 18:07:16
500103031,26,13,10,2024-12-19 19:46:15
500108179,26,16,10,2024-12-19 17:46:14
500107087,26,15,11,2024-12-19 19:11:15
500108182,26,15,11,2024-12-19 17:59:15
500111039,26,15,11,2024-12-19 17:09:15
500111047,26,15,11,2024-12-19 18:53:15
500112084,26,14,11,2024-12-19 18:16:16
500103035,26,14,12,2024-12-19 19:58:15
500110084,26,14,12,2024-12-19 18:53:15
500110084,26,14,12,2024-12-19 18:09:16
500110084,26,14,12,2024-12-19 18:32:16
500107087,26,13,13,2024-12-19 20:37:16
500112044,26,12,13,2024-12-19 19:06:16
500104042,26,12,14,2024-12-19 18:55:17
500107087,26,12,14,2024-12-19 17:46:15
500108179,26,12,14,2024-12-19 18:56:15
500111036,26,12,14,2024-12-19 21:06:15
500111047,26,12,14,2024-12-19 18:26:16
500107087,26,11,15,2024-12-19 17:32:15
500105013,26,10,16,2024-12-19 19:11:15
500110018,26,9,16,2024-12-19 20:02:15
500111047,26,10,16,2024-12-19 21:01:15
500111047,26,10,16,2024-12-19 18:15:17
500112052,26,10,16,2024-12-19 21:19:16
500101190,26,6,17,2024-12-19 21:19:16
500104012,26,9,17,2024-12-19 19:17:15
500104012,26,9,17,2024-12-19 19:24:15
500110018,26,8,17,2024-12-19 19:49:15
500111047,26,9,17,2024-12-19 20:32:15
500104012,26,8,18,2024-12-19 18:56:15
500106106,26,8,18,2024-12-19 21:07:16
500110018,26,7,18,2024-12-19 21:20:16
500111047,26,8,18,2024-12-19 17:23:15
500112044,26,4,18,2024-12-19 21:14:15
500112108,26,8,18,2024-12-19 17:15:17
500107160,26,7,19,2024-12-19 18:51:16
500111036,26,7,19,2024-12-19 19:44:14
500112052,26,7,19,2024-12-19 20:44:15
500112108,26,7,19,2024-12-19 17:45:16
500107112,26,6,20,2024-12-19 17:45:16
500107160,26,5,21,2024-12-19 17:13:15
500109039,26,5,21,2024-12-19 17:47:16
500111033,26,5,21,2024-12-19 18:28:16
500112075,26,5,21,2024-12-19 21:19:16
500112108,26,5,21,2024-12-19 18:44:15
500104043,26,4,22,2024-12-19 17:24:16
500111036,26,4,22,2024-12-19 17:34:15
500119069,26,2,22,2024-12-19 19:30:17
500107112,26,3,23,2024-12-19 18:25:16
500111033,26,3,23,2024-12-19 18:48:15
500111036,26,3,23,2024-12-19 18:27:15
500119069,26,1,23,2024-12-19 20:48:15
500105026,26,2,24,2024-12-19 18:18:16
500109039,26,2,24,2024-12-19 20:23:15
500109039,26,2,24,2024-12-19 21:07:16
500112052,26,2,24,2024-12-19 18:06:15
500105013,26,1,25,2024-12-19 17:35:16
500105026,26,1,25,2024-12-19 19:03:16
500105026,26,1,25,2024-12-19 18:43:15
500106106,26,1,25,2024-12-19 17:47:15
500112052,26,1,25,2024-12-19 17:58:16
500119081,26,1,25,2024-12-19 21:03:15
500119081,26,25,1,2024-12-19 14:06:15
500112075,26,24,2,2024-12-19 16:54:16
500104043,26,23,3,2024-12-19 15:18:15
500111033,26,23,3,2024-12-19 14:05:15
500112075,26,23,3,2024-12-19 13:18:15
500119081,26,21,5,2024-12-19 16:43:15
500119081,26,21,5,2024-12-19 15:18:15
500111041,26,20,6,2024-12-19 13:26:16
500119081,26,20,6,2024-12-19 15:54:15
500119081,26,20,6,2024-12-19 14:58:15
500119081,26,20,6,2024-12-19 15:37:16
500119052,26,15,7,2024-12-19 16:28:15
500119069,26,17,7,2024-12-19 16:02:15
500110018,26,17,8,2024-12-19 14:00:17
500106106,26,16,10,2024-12-19 16:06:15
500111039,26,16,10,2024-12-19 15:48:15
500104043,26,15,11,2024-12-19 16:08:16
500108182,26,15,11,2024-12-19 13:35:15
500119069,26,13,11,2024-12-19 16:46:15
500101190,26,14,12,2024-12-19 13:27:15
500101217,26,14,12,2024-12-19 14:34:14
500101217,26,13,13,2024-12-19 14:06:15
500106089,26,13,13,2024-12-19 16:03:15
500119052,26,9,13,2024-12-19 16:58:15
500119081,26,13,13,2024-12-19 17:12:16
500109039,26,12,14,2024-12-19 16:18:16
500119081,26,12,14,2024-12-19 17:08:16
500103035,26,11,15,2024-12-19 14:10:17
500109039,26,11,15,2024-12-19 16:47:15
500112084,26,9,15,2024-12-19 15:14:15
500105101,26,10,16,2024-12-19 17:07:15
500112044,26,8,16,2024-12-19 15:47:15
500105101,26,9,17,2024-12-19 17:10:16
500112108,26,9,17,2024-12-19 15:26:15
500104012,26,8,18,2024-12-19 17:02:15
500113026,26,8,18,2024-12-19 14:53:14
500101190,26,7,19,2024-12-19 15:18:15
500104043,26,7,19,2024-12-19 13:40:16
500107087,26,7,19,2024-12-19 16:00:17
500107123,26,7,19,2024-12-19 14:08:15
500113026,26,7,19,2024-12-19 14:42:15
500101217,26,6,20,2024-12-19 15:54:14
500107112,26,6,20,2024-12-19 13:31:15
500107123,26,6,20,2024-12-19 13:19:15
500111036,26,6,20,2024-12-19 16:33:15
500108183,26,5,21,2024-12-19 14:50:15
500110084,26,5,21,2024-12-19 15:00:17
500119052,26,1,21,2024-12-19 17:18:16
500112052,26,4,22,2024-12-19 15:28:14
500105013,26,3,23,2024-12-19 15:34:15
500107160,26,2,24,2024-12-19 14:29:15
500111021,26,1,24,2024-12-19 17:06:16
500112052,26,2,24,2024-12-19 16:26:15
500105013,26,0,25,2024-12-19 14:39:15
500107123,26,1,25,2024-12-19 16:56:15
500101190,26,5,18,2024-12-19 21:47:15
500101217,26,26,0,2024-12-19 21:46:16
500113059,26,26,0,2024-12-19 07:57:16
500111033,26,25,1,2024-12-19 08:57:15
500113059,26,22,4,2024-12-19 08:20:17
500107157,26,20,6,2024-12-19 07:44:15
500111036,26,20,6,2024-12-19 05:04:15
500111041,26,19,6,2024-12-19 08:53:15
500106106,26,19,7,2024-12-19 08:57:15
500109039,26,19,7,2024-12-19 08:27:16
500109039,26,19,7,2024-12-19 08:37:15
500103031,26,14,8,2024-12-19 06:25:15
500105013,26,17,8,2024-12-19 06:25:15
500119052,26,18,8,2024-12-19 07:56:15
500109039,26,17,9,2024-12-19 08:53:15
500111036,26,17,9,2024-12-19 07:24:15
500104043,26,14,11,2024-12-19 08:17:15
500105026,26,15,11,2024-12-19 05:33:15
500111036,26,15,11,2024-12-19 07:44:15
500113059,26,15,11,2024-12-19 07:37:15
500111047,26,10,12,2024-12-19 07:27:15
500111039,26,13,13,2024-12-19 08:11:16
500101217,26,12,14,2024-12-19 08:03:15
500104042,26,12,14,2024-12-19 06:52:15
500105013,26,11,14,2024-12-19 07:13:15
500108183,26,12,14,2024-12-19 05:57:14
500103035,26,11,15,2024-12-19 07:13:15
500107162,26,10,15,2024-12-19 07:36:15
500108183,26,11,15,2024-12-19 07:40:16
500110090,26,10,15,2024-12-19 06:46:15
500111021,26,11,15,2024-12-19 06:35:15
500107112,26,10,16,2024-12-19 07:32:15
500108182,26,10,16,2024-12-19 06:52:15
500107112,26,9,17,2024-12-19 07:51:15
500106106,26,8,18,2024-12-19 06:53:15
500108179,26,8,18,2024-12-19 07:56:15
500111047,26,8,18,2024-12-19 08:46:15
500104012,26,7,19,2024-12-19 06:36:14
500112044,26,2,19,2024-12-19 08:26:15
500119081,26,7,19,2024-12-19 08:20:17
500112052,26,5,21,2024-12-19 07:55:17
500101190,26,4,22,2024-12-19 06:16:15
500103041,26,4,22,2024-12-19 07:47:14
500119069,26,2,22,2024-12-19 05:51:14
500119069,26,2,22,2024-12-19 07:16:15
500101190,26,3,23,2024-12-19 06:45:15
500113026,26,3,23,2024-12-19 08:35:16
500119052,26,3,23,2024-12-19 04:53:14
500103041,26,2,24,2024-12-19 08:16:15
500113026,26,2,24,2024-12-19 07:36:15
500106089,26,1,25,2024-12-19 08:27:16
500106089,26,1,25,2024-12-19 07:53:16
500107087,26,1,25,2024-12-19 07:38:15
500107162,26,0,25,2024-12-19 08:24:15
500110018,26,0,25,2024-12-19 08:26:15
500110090,26,0,25,2024-12-19 08:37:15
500112084,26,0,25,2024-12-19 08:43:15
500119081,26,1,25,2024-12-19 06:22:14
500103035,26,21,5,2024-12-19 00:37:15
500112044,26,18,3,2024-12-19 00:21:15
500112052,26,15,11,2024-12-19 00:25:16
500112052,26,15,11,2024-12-19 00:18:14
500112108,26,7,19,2024-12-19 23:11:15
500108183,26,2,24,2024-12-19 21:09:16
500119052,26,2,24,2024-12-19 01:05:16
500106089,26,4,22,2024-12-19 00:50:16
500112084,26,12,13,2024-12-19 00:22:15
500119069,26,0,24,2024-12-19 23:01:18
500111021,26,15,10,2024-12-19 21:43:15
500110090,26,9,16,2024-12-19 22:25:16
500110018,26,6,19,2024-12-19 21:35:16
500112052,26,11,15,2024-12-19 21:38:15
500103031,26,12,11,2024-12-19 21:37:15
500108183,26,14,12,2024-12-19 01:23:15
500105013,26,21,5,2024-12-19 02:58:15
500119052,26,2,24,2024-12-19 03:31:14
500113026,26,6,20,2024-12-19 04:17:15
500101190,26,11,15,2024-12-19 03:12:14
500110090,26,16,9,2024-12-19 03:48:15
500112052,26,16,10,2024-12-19 04:25:15
500106106,26,1,25,2024-12-19 22:07:15
500110090,26,7,18,2024-12-19 22:04:15
500109039,26,2,24,2024-12-19 21:54:14
500112052,26,6,20,2024-12-19 21:55:17
500103041,26,7,19,2024-12-19 21:43:15
500111041,26,11,15,2024-12-19 21:48:15
500103031,26,17,6,2024-12-19 21:59:15
500119081,26,1,25,2024-12-19 23:57:15
500112044,26,13,9,2024-12-19 23:52:14
500104042,26,11,15,2024-12-19 00:03:15
500119081,26,2,24,2024-12-19 01:34:15
500103035,26,13,13,2024-12-19 01:47:15
500105013,26,21,5,2024-12-19 02:18:14
500112052,26,18,8,2024-12-19 01:59:15
500105013,26,20,6,2024-12-19 02:02:15
500112075,26,9,17,2024-12-19 22:46:15
500119081,26,1,25,2024-12-19 23:04:15
500101217,26,5,21,2024-12-19 23:08:15
500107087,26,7,19,2024-12-19 01:31:15
500112075,26,26,0,2024-12-19 10:28:16
500119052,26,17,0,2024-12-19 09:08:16
500112075,26,25,1,2024-12-19 09:52:16
500113059,26,25,1,2024-12-19 12:04:16
500119069,26,20,1,2024-12-19 11:46:14
500104042,26,24,2,2024-12-19 10:07:16
500105026,26,23,2,2024-12-19 10:13:16
500108182,26,24,2,2024-12-19 10:07:16
500119081,26,24,2,2024-12-19 10:53:15
500111033,26,23,3,2024-12-19 12:58:15
500119052,26,16,3,2024-12-19 12:19:16
500119069,26,18,3,2024-12-19 10:06:15
500119069,26,18,3,2024-12-19 10:26:14
500104043,26,21,4,2024-12-19 09:01:15
500106106,26,22,4,2024-12-19 09:45:15
500108182,26,22,4,2024-12-19 09:00:17
500106106,26,21,5,2024-12-19 09:25:16
500111033,26,21,5,2024-12-19 12:05:17
500110018,26,17,8,2024-12-19 10:42:14
500119052,26,11,8,2024-12-19 11:06:15
500119081,26,17,9,2024-12-19 09:07:15
500101204,26,16,10,2024-12-19 10:46:15
500108182,26,16,10,2024-12-19 10:31:16
500109039,26,16,10,2024-12-19 10:28:15
500111039,26,16,10,2024-12-19 12:10:16
500112044,26,14,10,2024-12-19 12:30:16
500119052,26,9,10,2024-12-19 12:37:15
500106106,26,15,11,2024-12-19 12:08:15
500109039,26,15,11,2024-12-19 11:20:17
500101204,26,14,12,2024-12-19 11:10:17
500104042,26,14,12,2024-12-19 11:05:17
500107157,26,14,12,2024-12-19 12:21:15
500101204,26,13,13,2024-12-19 12:37:15
500107157,26,13,13,2024-12-19 12:09:16
500107162,26,12,13,2024-12-19 12:35:16
500112108,26,12,13,2024-12-19 08:58:15
500101217,26,12,14,2024-12-19 10:05:16
500101204,26,11,15,2024-12-19 12:28:15
500103031,26,11,15,2024-12-19 11:22:16
500105101,26,11,15,2024-12-19 08:43:15
500107160,26,10,16,2024-12-19 10:29:15
500104043,26,8,17,2024-12-19 11:16:14
500106089,26,9,17,2024-12-19 10:29:15
500111036,26,9,17,2024-12-19 09:23:15
500108183,26,8,18,2024-12-19 09:05:16
500110084,26,8,18,2024-12-19 11:44:15
500106089,26,7,19,2024-12-19 12:17:16
500107087,26,7,19,2024-12-19 09:37:15
500107087,26,7,19,2024-12-19 11:56:16
500111021,26,7,19,2024-12-19 12:28:15
500106089,26,6,20,2024-12-19 09:09:15
500107087,26,6,20,2024-12-19 09:06:15
500107087,26,6,20,2024-12-19 11:48:15
500111021,26,6,20,2024-12-19 09:23:15
500111047,26,6,20,2024-12-19 10:18:15
500101190,26,5,21,2024-12-19 11:43:14
500106089,26,5,21,2024-12-19 09:21:15
500107160,26,5,21,2024-12-19 11:50:16
500107112,26,4,22,2024-12-19 12:14:16
500111036,26,4,22,2024-12-19 12:52:15
500107160,26,3,23,2024-12-19 12:25:16
500110018,26,2,23,2024-12-19 10:14:15
500112052,26,3,23,2024-12-19 12:56:15
500103035,26,2,24,2024-12-19 11:26:15
500103041,26,2,24,2024-12-19 10:45:16
500104012,26,2,24,2024-12-19 09:55:17
500105013,26,1,24,2024-12-19 12:27:15
500105013,26,1,24,2024-12-19 09:09:15
500105013,26,1,24,2024-12-19 10:15:16
500108179,26,2,24,2024-12-19 10:15:16
500110090,26,1,24,2024-12-19 09:57:15
500103041,26,1,25,2024-12-19 09:24:15
500110090,26,0,25,2024-12-19 09:00:20
500112084,26,0,25,2024-12-19 09:58:15
500101217,26,25,1,2024-12-19 21:13:16
500112084,26,24,1,2024-12-19 19:56:16
500112084,26,23,2,2024-12-19 19:37:16
500101190,26,20,3,2024-12-19 20:38:15
500101217,26,22,4,2024-12-19 17:59:15
500101217,26,22,4,2024-12-19 19:45:16
500107162,26,20,5,2024-12-19 19:18:15
500111047,26,21,5,2024-12-19 19:47:15
500119052,26,21,5,2024-12-19 20:29:15
500107162,26,19,6,2024-12-19 19:28:15
500108182,26,20,6,2024-12-19 19:19:15
500101190,26,19,7,2024-12-19 18:35:16
500103035,26,19,7,2024-12-19 17:57:15
500107162,26,18,7,2024-12-19 18:27:15
500110018,26,17,8,2024-12-19 17:27:16
500103035,26,17,9,2024-12-19 19:47:15
500106089,26,16,10,2024-12-19 19:45:16
500111047,26,16,10,2024-12-19 18:59:15
500107087,26,15,11,2024-12-19 19:27:15
500107112,26,15,11,2024-12-19 19:19:14
500111047,26,15,11,2024-12-19 18:48:15
500101204,26,14,12,2024-12-19 17:48:15
500107087,26,14,12,2024-12-19 20:54:15
500112075,26,14,12,2024-12-19 18:28:16
500101204,26,13,13,2024-12-19 19:27:15
500101204,26,13,13,2024-12-19 18:15:17
500103031,26,13,13,2024-12-19 18:18:16
500104042,26,13,13,2024-12-19 18:17:15
500104042,26,13,13,2024-12-19 18:43:15
500106089,26,13,13,2024-12-19 18:29:16
500110018,26,12,13,2024-12-19 18:17:15
500104012,26,12,14,2024-12-19 20:46:16
500106106,26,12,14,2024-12-19 20:59:15
500107160,26,12,14,2024-12-19 21:19:16
500110018,26,11,14,2024-12-19 17:53:15
500112044,26,11,14,2024-12-19 17:59:15
500101204,26,11,15,2024-12-19 21:10:16
500101204,26,11,15,2024-12-19 18:57:15
500104012,26,11,15,2024-12-19 17:36:15
500104042,26,11,15,2024-12-19 20:18:15
500105013,26,11,15,2024-12-19 19:52:15
500105013,26,11,15,2024-12-19 20:31:15
500106106,26,11,15,2024-12-19 21:18:15
500110018,26,10,15,2024-12-19 21:04:15
500101190,26,7,16,2024-12-19 21:09:16
500105013,26,10,16,2024-12-19 21:06:15
500111041,26,10,16,2024-12-19 18:31:15
500103031,26,9,17,2024-12-19 17:44:15
500103031,26,9,17,2024-12-19 19:05:16
500105013,26,9,17,2024-12-19 18:47:15
500101204,26,8,18,2024-12-19 19:41:16
500110090,26,8,18,2024-12-19 19:46:15
500112044,26,4,18,2024-12-19 19:57:14
500105026,26,6,20,2024-12-19 20:44:15
500107160,26,6,20,2024-12-19 18:34:15
500105013,26,5,21,2024-12-19 18:18:15
500108183,26,5,21,2024-12-19 17:27:16
500109039,26,5,21,2024-12-19 19:42:15
500110084,26,5,21,2024-12-19 20:12:15
500112044,26,1,21,2024-12-19 19:16:15
500110090,26,4,22,2024-12-19 17:33:16
500119069,26,2,22,2024-12-19 18:41:15
500119081,26,4,22,2024-12-19 18:07:15
500105026,26,3,23,2024-12-19 20:08:15
500106106,26,3,23,2024-12-19 18:07:16
500119052,26,3,23,2024-12-19 19:53:15
500107123,26,1,25,2024-12-19 20:27:15
500107123,26,1,25,2024-12-19 18:18:16
500107123,26,1,25,2024-12-19 18:56:15
500107157,26,1,25,2024-12-19 18:48:15
500107157,26,1,25,2024-12-19 18:50:19
500111033,26,1,25,2024-12-19 19:37:16
500112075,26,24,2,2024-12-19 15:54:15
500119081,26,24,2,2024-12-19 16:04:15
500104043,26,22,4,2024-12-19 15:43:15
500112075,26,22,4,2024-12-19 14:44:15
500119081,26,22,4,2024-12-19 16:11:15
500119081,26,22,4,2024-12-19 15:28:14
500119052,26,17,5,2024-12-19 16:06:15
500119052,26,16,6,2024-12-19 15:36:15
500119081,26,20,6,2024-12-19 14:28:15
500119069,26,16,8,2024-12-19 14:35:15
500101204,26,16,10,2024-12-19 14:14:14
500104043,26,16,10,2024-12-19 15:52:15
500113059,26,16,10,2024-12-19 16:17:15
500108182,26,15,11,2024-12-19 15:02:15
500110018,26,14,11,2024-12-19 16:37:15
500111039,26,15,11,2024-12-19 16:07:14
500119052,26,8,11,2024-12-19 14:48:15
500106089,26,14,12,2024-12-19 14:48:15
500106106,26,14,12,2024-12-19 14:57:15
500107112,26,14,12,2024-12-19 16:44:15
500110018,26,13,12,2024-12-19 16:54:16
500119052,26,7,12,2024-12-19 14:18:15
500119069,26,12,12,2024-12-19 16:35:15
500106106,26,13,13,2024-12-19 15:48:15
500109039,26,13,13,2024-12-19 15:59:15
500110018,26,12,13,2024-12-19 16:46:15
500101217,26,12,14,2024-12-19 14:14:15
500101190,26,11,15,2024-12-19 13:17:15
500103035,26,11,15,2024-12-19 14:33:15
500107112,26,11,15,2024-12-19 15:14:15
500112044,26,9,15,2024-12-19 16:03:15
500119069,26,9,15,2024-12-19 17:07:15
500101190,26,10,16,2024-12-19 15:38:15
500103031,26,10,16,2024-12-19 16:57:16
500104012,26,10,16,2024-12-19 16:54:16
500106106,26,9,17,2024-12-19 16:18:16
500113059,26,9,17,2024-12-19 16:28:15
500119052,26,2,17,2024-12-19 15:16:15
500104012,26,8,18,2024-12-19 15:47:15
500107087,26,8,18,2024-12-19 15:53:14
500107087,26,7,19,2024-12-19 15:39:15
500107123,26,6,20,2024-12-19 14:39:15
500107112,26,5,21,2024-12-19 13:41:15
500107123,26,4,22,2024-12-19 16:34:16
500112052,26,4,22,2024-12-19 13:34:16
500112052,26,4,22,2024-12-19 17:15:17
500105013,26,2,24,2024-12-19 15:11:15
500106106,26,0,26,2024-12-19 16:44:15
500110018,26,4,21,2024-12-19 21:45:14
500112044,26,6,16,2024-12-19 21:49:15
500110090,26,8,18,2024-12-19 21:47:15
500111047,26,13,13,2024-12-19 21:48:16
500107162,26,16,9,2024-12-19 21:42:15
500112075,26,26,0,2024-12-19 08:52:15
500103035,26,22,4,2024-12-19 06:25:15
500112075,26,21,5,2024-12-19 06:28:15
500104043,26,19,6,2024-12-19 08:57:15
500107157,26,20,6,2024-12-19 08:54:15
500101217,26,19,7,2024-12-19 07:16:15
500119069,26,17,7,2024-12-19 08:52:16
500112044,26,13,8,2024-12-19 07:36:14
500107123,26,17,9,2024-12-19 06:24:15
500106106,26,16,10,2024-12-19 08:37:15
500112108,26,15,10,2024-12-19 08:08:16
500103031,26,11,11,2024-12-19 07:15:17
500107123,26,15,11,2024-12-19 07:24:15
500107160,26,15,11,2024-12-19 07:37:15
500101204,26,14,12,2024-12-19 08:36:15
500110084,26,11,12,2024-12-19 07:34:14
500111033,26,14,12,2024-12-19 08:03:15
500112075,26,14,12,2024-12-19 07:25:15
500105026,26,13,13,2024-12-19 06:37:15
500108179,26,13,13,2024-12-19 07:47:14
500108183,26,13,13,2024-12-19 05:47:15
500111041,26,12,13,2024-12-19 08:25:16
500108182,26,12,14,2024-12-19 07:44:15
500108183,26,12,14,2024-12-19 06:36:14
500110090,26,11,14,2024-12-19 06:52:15
500111047,26,8,14,2024-12-19 07:32:15
500111021,26,11,15,2024-12-19 08:16:14
500112052,26,11,15,2024-12-19 07:17:14
500104043,26,9,16,2024-12-19 06:38:15
500112052,26,10,16,2024-12-19 06:53:15
500112052,26,10,16,2024-12-19 07:47:15
500101190,26,9,17,2024-12-19 05:36:15
500104012,26,9,17,2024-12-19 06:46:14
500108179,26,9,17,2024-12-19 08:02:15
500110018,26,8,17,2024-12-19 08:00:16
500108182,26,8,18,2024-12-19 06:05:16
500112044,26,3,18,2024-12-19 07:59:15
500108179,26,7,19,2024-12-19 08:26:15
500111047,26,3,19,2024-12-19 07:59:15
500113026,26,7,19,2024-12-19 05:37:15
500103041,26,6,20,2024-12-19 06:39:15
500110090,26,5,20,2024-12-19 07:59:15
500113026,26,6,20,2024-12-19 06:08:14
500103041,26,5,21,2024-12-19 06:50:16
500104012,26,5,21,2024-12-19 07:25:15
500104012,26,5,21,2024-12-19 07:36:15
500106106,26,5,21,2024-12-19 06:28:15
500107087,26,5,21,2024-12-19 05:30:15
500107162,26,4,21,2024-12-19 08:00:17
500112084,26,2,22,2024-12-19 07:42:15
500119081,26,4,22,2024-12-19 07:40:16
500119081,26,4,22,2024-12-19 07:57:16
500101204,26,3,23,2024-12-19 08:03:15
500104012,26,3,23,2024-12-19 08:00:17
500105013,26,2,23,2024-12-19 08:02:15
500112084,26,2,23,2024-12-19 08:36:15
500106089,26,2,24,2024-12-19 07:46:15
500107087,26,2,24,2024-12-19 08:46:16
500107162,26,1,24,2024-12-19 08:50:19
500107087,26,1,25,2024-12-19 07:59:16
500119052,26,1,25,2024-12-19 08:27:16
500101217,26,14,12,2024-12-19 03:45:15
500101217,26,0,26,2024-12-19 00:47:15
500112044,26,17,4,2024-12-19 00:05:15
500107123,26,3,23,2024-12-19 23:47:14
500113026,26,1,25,2024-12-19 23:03:15
500101217,26,8,18,2024-12-19 23:47:14
500112084,26,14,8,2024-12-19 23:04:15
500112044,26,17,4,2024-12-19 00:56:14
500105013,26,20,6,2024-12-19 00:33:15
500107112,26,5,21,2024-12-19 23:13:14
500111047,26,12,13,2024-12-19 22:55:16
500111036,26,12,14,2024-12-19 22:56:14
500101204,26,15,11,2024-12-19 23:13:14
500106089,26,20,6,2024-12-19 22:23:15
500107123,26,5,21,2024-12-19 22:37:15
500111041,26,10,16,2024-12-19 21:04:15
500106089,26,20,6,2024-12-19 21:12:15
500112084,26,13,12,2024-12-19 02:56:15
500103041,26,7,19,2024-12-19 03:16:15
500103031,26,18,4,2024-12-19 03:33:15
500112108,26,5,21,2024-12-19 22:01:15
500107112,26,10,16,2024-12-19 21:59:15
500106089,26,18,8,2024-12-19 21:59:15
500119052,26,3,23,2024-12-19 03:22:14
500112052,26,12,14,2024-12-19 23:31:15
500119081,26,2,24,2024-12-19 01:05:16
500107112,26,14,12,2024-12-19 00:04:16
500112108,26,16,9,2024-12-19 01:02:15
500111047,26,17,5,2024-12-19 00:49:15
500107157,26,6,20,2024-12-19 01:47:15
500107160,26,19,7,2024-12-19 02:00:17
500119052,26,3,23,2024-12-19 04:30:15
500107112,26,16,10,2024-12-19 04:33:15
500105026,26,4,22,2024-12-19 22:58:15
500105013,26,8,18,2024-12-19 22:57:15
500119081,26,2,24,2024-12-19 22:13:15
500108182,26,20,6,2024-12-19 22:13:15
500107087,26,4,22,2024-12-19 04:41:15
500101217,26,13,13,2024-12-19 04:07:15
500103035,26,15,11,2024-12-19 22:56:15
500119052,26,19,0,2024-12-19 10:22:17
500119069,26,21,0,2024-12-19 11:38:15
500119081,26,26,0,2024-12-19 11:48:16
500119081,26,25,1,2024-12-19 10:07:16
500108182,26,24,2,2024-12-19 09:26:15
500113059,26,24,2,2024-12-19 11:18:16
500104042,26,23,3,2024-12-19 09:42:15
500111033,26,23,3,2024-12-19 12:30:16
500119052,26,16,3,2024-12-19 12:05:17
500111033,26,22,4,2024-12-19 12:27:14
500111033,26,22,4,2024-12-19 12:39:15
500112075,26,22,4,2024-12-19 12:07:16
500111033,26,21,5,2024-12-19 10:41:15
500119069,26,16,5,2024-12-19 09:57:15
500104042,26,20,6,2024-12-19 09:20:16
500104042,26,19,7,2024-12-19 12:08:15
500105026,26,18,7,2024-12-19 12:06:16
500106106,26,19,7,2024-12-19 10:25:16
500112075,26,19,7,2024-12-19 12:23:16
500104042,26,18,8,2024-12-19 09:03:14
500110018,26,16,9,2024-12-19 10:38:15
500111041,26,17,9,2024-12-19 12:35:16
500111041,26,17,9,2024-12-19 12:50:15
500101204,26,16,10,2024-12-19 12:58:15
500101204,26,16,10,2024-12-19 09:38:14
500109039,26,16,10,2024-12-19 09:05:16
500109039,26,16,10,2024-12-19 10:49:15
500119052,26,9,10,2024-12-19 13:06:14
500101190,26,15,11,2024-12-19 12:27:15
500101204,26,15,11,2024-12-19 10:57:15
500103031,26,15,11,2024-12-19 09:45:16
500106106,26,15,11,2024-12-19 11:28:16
500119069,26,12,12,2024-12-19 12:46:15
500104042,26,13,13,2024-12-19 10:45:16
500107160,26,13,13,2024-12-19 09:09:15
500103031,26,12,14,2024-12-19 10:06:14
500109039,26,12,14,2024-12-19 12:03:14
500111039,26,12,14,2024-12-19 09:32:15
500111039,26,12,14,2024-12-19 09:53:15
500112108,26,11,14,2024-12-19 09:08:15
500112084,26,10,15,2024-12-19 11:23:15
500103031,26,10,16,2024-12-19 11:12:16
500107123,26,10,16,2024-12-19 09:56:15
500112044,26,8,16,2024-12-19 10:21:15
500112084,26,8,16,2024-12-19 12:38:15
500101217,26,9,17,2024-12-19 09:08:15
500103031,26,9,17,2024-12-19 12:54:15
500103031,26,9,17,2024-12-19 10:27:16
500106089,26,9,17,2024-12-19 12:04:16
500106089,26,9,17,2024-12-19 09:54:15
500106089,26,9,17,2024-12-19 10:45:15
500106089,26,9,17,2024-12-19 10:56:15
500107162,26,8,17,2024-12-19 12:08:15
500104012,26,8,18,2024-12-19 12:56:15
500108183,26,8,18,2024-12-19 11:26:15
500111036,26,8,18,2024-12-19 09:09:15
500113026,26,8,18,2024-12-19 09:50:16
500101190,26,7,19,2024-12-19 12:05:17
500106089,26,7,19,2024-12-19 12:38:15
500110084,26,7,19,2024-12-19 12:31:15
500110084,26,7,19,2024-12-19 11:18:16
500111036,26,7,19,2024-12-19 10:24:15
500101217,26,6,20,2024-12-19 10:45:16
500103031,26,5,21,2024-12-19 12:15:16
500110084,26,2,21,2024-12-19 09:59:16
500112052,26,5,21,2024-12-19 12:38:15
500111047,26,4,22,2024-12-19 09:07:15
500101190,26,3,23,2024-12-19 09:26:15
500104012,26,3,23,2024-12-19 11:57:16
500107112,26,3,23,2024-12-19 09:33:15
500107160,26,3,23,2024-12-19 12:43:15
500110018,26,2,23,2024-12-19 09:59:16
500105013,26,1,24,2024-12-19 13:08:15
500107162,26,1,24,2024-12-19 09:24:15
500107162,26,1,24,2024-12-19 10:10:18
500104012,26,1,25,2024-12-19 10:40:16
500112084,26,0,25,2024-12-19 09:36:14
500103035,26,0,26,2024-12-19 12:15:16
500104012,26,0,26,2024-12-19 10:59:17
500112075,26,25,1,2024-12-19 19:36:18
500112084,26,21,4,2024-12-19 18:29:16
500101190,26,18,5,2024-12-19 20:49:15
500108182,26,20,6,2024-12-19 18:44:15
500104043,26,19,7,2024-12-19 18:15:17
500111039,26,19,7,2024-12-19 20:36:14
500111041,26,19,7,2024-12-19 17:26:15
500106089,26,18,8,2024-12-19 18:18:15
500107162,26,16,9,2024-12-19 21:20:16
500111039,26,17,9,2024-12-19 19:03:15
500103031,26,13,10,2024-12-19 21:17:15
500104043,26,16,10,2024-12-19 20:33:15
500107162,26,15,10,2024-12-19 20:48:15
500107162,26,15,10,2024-12-19 21:14:15
500111039,26,16,10,2024-12-19 18:31:15
500108179,26,15,11,2024-12-19 19:59:16
500112084,26,14,11,2024-12-19 17:55:17
500103035,26,14,12,2024-12-19 19:28:15
500106089,26,14,12,2024-12-19 19:05:16
500110018,26,13,12,2024-12-19 18:02:15
500106089,26,13,13,2024-12-19 18:35:16
500111021,26,12,13,2024-12-19 18:46:15
500111041,26,13,13,2024-12-19 18:24:16
500112044,26,12,13,2024-12-19 18:57:15
500101204,26,12,14,2024-12-19 20:53:15
500103031,26,9,14,2024-12-19 19:34:15
500104042,26,12,14,2024-12-19 20:06:15
500106089,26,12,14,2024-12-19 19:14:16
500104012,26,11,15,2024-12-19 21:09:16
500112052,26,11,15,2024-12-19 19:37:16
500103031,26,10,16,2024-12-19 17:58:16
500105013,26,10,16,2024-12-19 19:03:15
500105013,26,10,16,2024-12-19 20:55:17
500110018,26,9,16,2024-12-19 19:07:15
500110018,26,9,16,2024-12-19 20:49:14
500110018,26,9,16,2024-12-19 18:38:16
500111047,26,10,16,2024-12-19 20:07:15
500107087,26,9,17,2024-12-19 18:28:16
500112052,26,9,17,2024-12-19 20:09:15
500119069,26,7,17,2024-12-19 17:26:15
500107123,26,6,20,2024-12-19 21:09:15
500110090,26,6,20,2024-12-19 19:27:15
500110090,26,6,20,2024-12-19 18:14:15
500112075,26,6,20,2024-12-19 20:48:15
500110090,26,5,21,2024-12-19 18:21:16
500113026,26,5,21,2024-12-19 17:21:15
500105026,26,4,22,2024-12-19 20:13:15
500105026,26,4,22,2024-12-19 17:47:16
500109039,26,4,22,2024-12-19 19:58:15
500110090,26,4,22,2024-12-19 18:02:15
500112108,26,4,22,2024-12-19 20:34:15
500119081,26,4,22,2024-12-19 20:36:15
500119081,26,4,22,2024-12-19 20:56:15
500103041,26,3,23,2024-12-19 19:09:14
500119081,26,3,23,2024-12-19 19:06:16
500103035,26,2,24,2024-12-19 20:48:15
500107123,26,2,24,2024-12-19 19:34:15
500113026,26,2,24,2024-12-19 21:17:14
500105026,26,1,25,2024-12-19 19:29:15
500107157,26,1,25,2024-12-19 20:44:15
500109039,26,1,25,2024-12-19 21:15:16
500111033,26,1,25,2024-12-19 19:49:15
500119052,26,1,25,2024-12-19 19:07:15
500119081,26,1,25,2024-12-19 19:19:15
500105026,26,0,26,2024-12-19 18:58:16
500111033,26,0,26,2024-12-19 19:18:15
500119081,26,0,26,2024-12-19 19:22:15
500119081,26,0,26,2024-12-19 18:17:15
500119081,26,26,0,2024-12-19 13:52:15
500112075,26,24,2,2024-12-19 13:37:15
500112075,26,24,2,2024-12-19 16:48:16
500111033,26,23,3,2024-12-19 16:55:16
500111033,26,23,3,2024-12-19 14:57:15
500104043,26,22,4,2024-12-19 15:33:15
500111033,26,21,5,2024-12-19 17:07:15
500111033,26,20,6,2024-12-19 16:22:16
500101204,26,18,8,2024-12-19 16:55:17
500106089,26,16,10,2024-12-19 13:56:15
500110018,26,15,10,2024-12-19 15:45:16
500105026,26,15,11,2024-12-19 16:25:16
500119052,26,8,11,2024-12-19 14:27:14
500119069,26,13,11,2024-12-19 13:18:15
500106089,26,14,12,2024-12-19 13:36:15
500107162,26,13,12,2024-12-19 13:14:15
500107162,26,13,12,2024-12-19 16:46:15
500103035,26,12,14,2024-12-19 17:04:14
500106106,26,12,14,2024-12-19 15:23:15
500101190,26,11,15,2024-12-19 17:17:16
500112084,26,9,15,2024-12-19 13:33:15
500103035,26,10,16,2024-12-19 15:30:16
500103035,26,10,16,2024-12-19 14:45:15
500112108,26,10,16,2024-12-19 16:14:15
500103035,26,9,17,2024-12-19 16:36:15
500119052,26,2,17,2024-12-19 15:05:16
500101190,26,8,18,2024-12-19 14:04:14
500103031,26,7,19,2024-12-19 17:17:16
500104043,26,7,19,2024-12-19 14:19:15
500105026,26,7,19,2024-12-19 17:08:16
500107087,26,7,19,2024-12-19 14:20:16
500109039,26,7,19,2024-12-19 17:18:16
500105013,26,6,20,2024-12-19 16:23:15
500110084,26,6,20,2024-12-19 15:20:15
500111036,26,5,21,2024-12-19 14:55:16
500111036,26,5,21,2024-12-19 16:44:15
500110090,26,4,22,2024-12-19 16:37:15
500110090,26,4,22,2024-12-19 17:05:17
500111047,26,4,22,2024-12-19 16:45:17
500112052,26,4,22,2024-12-19 13:57:15
500112052,26,3,23,2024-12-19 13:19:15
500101217,26,2,24,2024-12-19 16:47:15
500106106,26,2,24,2024-12-19 16:58:16
500106106,26,0,26,2024-12-19 16:28:15
500106089,26,19,7,2024-12-19 21:48:16
500112075,26,26,0,2024-12-19 08:36:17
500107157,26,22,4,2024-12-19 07:58:15
500109039,26,22,4,2024-12-19 07:27:14
500112075,26,20,6,2024-12-19 06:25:15
500113059,26,20,6,2024-12-19 08:16:15
500112075,26,19,7,2024-12-19 08:01:15
500113059,26,19,7,2024-12-19 08:02:15
500107157,26,18,8,2024-12-19 08:29:15
500110018,26,18,8,2024-12-19 05:38:14
500110084,26,15,8,2024-12-19 06:05:16
500108182,26,17,9,2024-12-19 08:42:15
500110018,26,16,9,2024-12-19 06:22:14
500104042,26,16,10,2024-12-19 08:55:16
500107157,26,16,10,2024-12-19 07:36:15
500111033,26,16,10,2024-12-19 05:37:15
500104043,26,14,11,2024-12-19 07:14:15
500106106,26,15,11,2024-12-19 08:07:15
500107160,26,15,11,2024-12-19 07:43:15
500111036,26,15,11,2024-12-19 07:54:15
500101204,26,14,12,2024-12-19 08:46:15
500103035,26,14,12,2024-12-19 06:43:15
500103035,26,14,12,2024-12-19 07:37:15
500111021,26,14,12,2024-12-19 08:30:16
500111039,26,14,12,2024-12-19 06:47:15
500111039,26,14,12,2024-12-19 07:44:15
500107112,26,13,13,2024-12-19 06:03:15
500105026,26,12,14,2024-12-19 06:19:15
500110084,26,9,14,2024-12-19 07:08:15
500112084,26,10,14,2024-12-19 06:25:15
500112084,26,10,14,2024-12-19 06:53:14
500108183,26,10,16,2024-12-19 08:46:15
500109039,26,10,16,2024-12-19 05:45:15
500110084,26,7,16,2024-12-19 07:27:15
500112052,26,10,16,2024-12-19 07:27:14
500105013,26,8,17,2024-12-19 07:31:16
500119081,26,9,17,2024-12-19 08:45:16
500104012,26,8,18,2024-12-19 06:20:15
500110090,26,7,18,2024-12-19 07:43:15
500111036,26,8,18,2024-12-19 08:35:16
500113026,26,8,18,2024-12-19 06:54:16
500104043,26,6,19,2024-12-19 06:16:15
500105013,26,6,19,2024-12-19 07:47:15
500107087,26,7,19,2024-12-19 06:38:15
500107157,26,7,19,2024-12-19 06:11:14
500111047,26,7,19,2024-12-19 08:50:16
500112052,26,6,20,2024-12-19 08:27:16
500101217,26,2,24,2024-12-19 08:14:16
500110018,26,1,24,2024-12-19 08:47:15
500110090,26,1,24,2024-12-19 08:57:15
500107087,26,1,25,2024-12-19 08:31:15
500113026,26,1,25,2024-12-19 08:14:16
500101217,26,0,26,2024-12-19 08:36:15
500106089,26,0,26,2024-12-19 08:16:15
500105013,26,7,19,2024-12-19 23:27:14
500101190,26,18,8,2024-12-19 00:33:15
500101217,26,2,24,2024-12-19 00:05:15
500111047,26,15,7,2024-12-19 00:04:16
500112075,26,16,10,2024-12-19 00:09:14
500107160,26,17,9,2024-12-19 23:49:15
500106089,26,21,5,2024-12-19 23:27:14
500111041,26,2,23,2024-12-19 00:42:15
500105013,26,5,21,2024-12-19 23:18:15
500103035,26,13,13,2024-12-19 22:26:15
500107160,26,19,7,2024-12-19 22:24:15
500112075,26,5,21,2024-12-19 21:27:14
500103041,26,6,20,2024-12-19 21:19:16
500105013,26,10,16,2024-12-19 21:39:15
500107087,26,17,9,2024-12-19 21:30:16
500108179,26,17,9,2024-12-19 21:15:16
500101190,26,12,14,2024-12-19 03:07:15
500112052,26,17,9,2024-12-19 02:37:15
500119069,26,1,23,2024-12-19 03:52:14
500107112,26,15,11,2024-12-19 03:49:14
500104042,26,17,9,2024-12-19 21:57:15
500119069,26,2,23,2024-12-19 03:18:14
500101190,26,17,9,2024-12-19 00:50:16
500104043,26,15,10,2024-12-19 01:47:15
500105013,26,21,5,2024-12-19 01:26:15
500113026,26,6,20,2024-12-19 02:25:15
500105026,26,3,23,2024-12-19 22:49:15
500101217,26,14,12,2024-12-19 22:49:15
500112052,26,9,17,2024-12-19 23:06:15
500112075,26,9,17,2024-12-19 23:09:15
500112075,26,6,20,2024-12-19 22:15:16
500111047,26,17,5,2024-12-19 04:43:15
500101217,26,8,18,2024-12-19 22:59:15
500110018,26,9,17,2024-12-19 03:36:15
500119069,26,21,0,2024-12-19 11:07:16
500119081,26,25,1,2024-12-19 11:54:14
500119081,26,25,1,2024-12-19 10:47:16
500104043,26,23,2,2024-12-19 09:18:15
500113059,26,24,2,2024-12-19 11:47:16
500119052,26,17,2,2024-12-19 10:05:16
500111033,26,22,4,2024-12-19 12:09:16
500111033,26,22,4,2024-12-19 11:13:15
500111041,26,21,4,2024-12-19 09:55:16
500106106,26,21,5,2024-12-19 12:38:14
500111041,26,20,6,2024-12-19 11:44:15
500111041,26,18,7,2024-12-19 11:08:15
500119052,26,12,7,2024-12-19 10:50:16
500105026,26,17,8,2024-12-19 12:48:15
500106106,26,17,9,2024-12-19 11:58:16
500108182,26,17,9,2024-12-19 10:16:15
500105026,26,15,10,2024-12-19 10:27:16
500101190,26,14,12,2024-12-19 12:58:15
500101204,26,14,12,2024-12-19 09:04:15
500107123,26,14,12,2024-12-19 09:08:14
500110018,26,13,12,2024-12-19 12:04:16
500110018,26,13,12,2024-12-19 10:28:15
500111039,26,14,12,2024-12-19 11:46:15
500112044,26,12,12,2024-12-19 12:21:15
500107123,26,13,13,2024-12-19 09:25:16
500107157,26,13,13,2024-12-19 12:36:14
500109039,26,13,13,2024-12-19 09:36:15
500107123,26,12,14,2024-12-19 11:11:15
500109039,26,12,14,2024-12-19 09:45:15
500105101,26,10,16,2024-12-19 10:28:15
500106089,26,10,16,2024-12-19 10:15:16
500103031,26,9,17,2024-12-19 10:14:15
500112108,26,8,17,2024-12-19 12:34:14
500101204,26,8,18,2024-12-19 12:17:16
500103031,26,8,18,2024-12-19 12:36:15
500103031,26,8,18,2024-12-19 10:30:16
500103035,26,8,18,2024-12-19 12:55:16
500106089,26,8,18,2024-12-19 12:24:16
500106089,26,8,18,2024-12-19 09:46:16
500108183,26,8,18,2024-12-19 09:39:15
500113026,26,8,18,2024-12-19 09:02:15
500101190,26,6,20,2024-12-19 09:36:15
500101217,26,6,20,2024-12-19 10:52:15
500107160,26,6,20,2024-12-19 11:44:15
500107162,26,5,20,2024-12-19 11:58:16
500108183,26,6,20,2024-12-19 12:26:15
500111021,26,6,20,2024-12-19 09:46:16
500112052,26,6,20,2024-12-19 09:57:15
500113026,26,6,20,2024-12-19 11:34:15
500104012,26,5,21,2024-12-19 12:09:16
500111036,26,5,21,2024-12-19 12:23:15
500111047,26,5,21,2024-12-19 09:13:15
500111047,26,5,21,2024-12-19 10:53:16
500112044,26,0,21,2024-12-19 09:06:17
500112052,26,5,21,2024-12-19 11:38:15
500101217,26,4,22,2024-12-19 11:16:15
500107160,26,4,22,2024-12-19 12:51:15
500101190,26,3,23,2024-12-19 10:28:15
500105013,26,2,23,2024-12-19 12:40:17
500107112,26,3,23,2024-12-19 10:00:18
500108179,26,3,23,2024-12-19 12:06:15
500112052,26,3,23,2024-12-19 11:48:15
500101190,26,2,24,2024-12-19 09:09:15
500104012,26,2,24,2024-12-19 09:27:15
500107112,26,2,24,2024-12-19 10:32:15
500103035,26,1,25,2024-12-19 10:42:15
500101217,26,0,26,2024-12-19 12:16:15
500103035,26,0,26,2024-12-19 12:37:15
500103035,26,0,26,2024-12-19 11:18:15
500101217,26,26,0,2024-12-19 17:45:17
500112084,26,25,0,2024-12-19 18:38:16
500112075,26,24,2,2024-12-19 19:54:15
500112075,26,22,4,2024-12-19 18:58:16
500101190,26,18,5,2024-12-19 20:58:14
500103031,26,21,5,2024-12-19 18:56:15
500106089,26,21,5,2024-12-19 18:03:15
500107162,26,20,5,2024-12-19 18:38:15
500112075,26,21,5,2024-12-19 20:12:14
500101190,26,20,6,2024-12-19 18:48:15
500104043,26,20,6,2024-12-19 18:28:16
500112075,26,19,7,2024-12-19 17:37:16
500101217,26,18,8,2024-12-19 18:38:16
500111039,26,18,8,2024-12-19 19:08:15
500104043,26,16,10,2024-12-19 19:54:15
500106089,26,16,10,2024-12-19 18:48:15
500107162,26,15,10,2024-12-19 17:45:16
500110018,26,15,10,2024-12-19 17:38:16
500101190,26,14,12,2024-12-19 18:26:16
500104042,26,14,12,2024-12-19 18:06:15
500107087,26,14,12,2024-12-19 19:49:15
500108182,26,14,12,2024-12-19 18:04:16
500108179,26,13,13,2024-12-19 18:26:16
500103035,26,12,14,2024-12-19 20:08:15
500104042,26,12,14,2024-12-19 18:30:17
500110084,26,12,14,2024-12-19 17:57:15
500111036,26,12,14,2024-12-19 20:49:15
500111036,26,12,14,2024-12-19 21:16:15
500106106,26,11,15,2024-12-19 18:58:16
500107087,26,11,15,2024-12-19 18:15:17
500107160,26,11,15,2024-12-19 20:25:15
500110018,26,10,15,2024-12-19 18:48:15
500111021,26,10,15,2024-12-19 18:07:16
500104012,26,10,16,2024-12-19 18:13:16
500111041,26,10,16,2024-12-19 20:09:15
500107087,26,9,17,2024-12-19 17:28:15
500111047,26,9,17,2024-12-19 17:47:16
500106106,26,8,18,2024-12-19 18:38:16
500110084,26,8,18,2024-12-19 17:25:16
500110084,26,7,19,2024-12-19 21:18:15
500111047,26,7,19,2024-12-19 17:29:16
500105026,26,6,20,2024-12-19 17:15:17
500109039,26,6,20,2024-12-19 17:24:16
500109039,26,6,20,2024-12-19 18:38:16
500110090,26,6,20,2024-12-19 19:59:15
500112052,26,6,20,2024-12-19 20:58:14
500112108,26,6,20,2024-12-19 20:11:16
500119052,26,6,20,2024-12-19 18:48:15
500105026,26,5,21,2024-12-19 20:28:15
500109039,26,5,21,2024-12-19 18:42:16
500111021,26,4,21,2024-12-19 17:16:16
500107112,26,4,22,2024-12-19 18:34:15
500111036,26,4,22,2024-12-19 18:38:16
500119052,26,0,22,2024-12-19 18:18:16
500103041,26,3,23,2024-12-19 18:04:16
500105026,26,3,23,2024-12-19 17:52:15
500110084,26,3,23,2024-12-19 19:27:16
500119069,26,1,23,2024-12-19 18:02:15
500104043,26,2,24,2024-12-19 17:46:15
500107157,26,2,24,2024-12-19 18:17:15
500119081,26,2,24,2024-12-19 20:02:14
500119081,26,1,25,2024-12-19 19:58:15
500107157,26,0,26,2024-12-19 16:40:19
500113059,26,0,26,2024-12-19 18:26:16
500112075,26,26,0,2024-12-19 15:33:15
500119081,26,25,1,2024-12-19 13:34:16
500111033,26,24,2,2024-12-19 14:16:15
500112075,26,23,3,2024-12-19 14:08:15
500119052,26,19,3,2024-12-19 15:57:15
500119081,26,23,3,2024-12-19 14:17:15
500112075,26,22,4,2024-12-19 17:06:16
500119069,26,18,6,2024-12-19 14:41:15
500119081,26,20,6,2024-12-19 15:08:15
500111041,26,19,7,2024-12-19 16:32:15
500119081,26,19,7,2024-12-19 15:42:15
500105026,26,16,9,2024-12-19 14:39:16
500108179,26,17,9,2024-12-19 17:02:15
500119052,26,13,9,2024-12-19 16:48:16
500101204,26,16,10,2024-12-19 15:05:16
500105026,26,15,10,2024-12-19 15:19:16
500101204,26,15,11,2024-12-19 13:28:16
500101217,26,15,11,2024-12-19 14:57:15
500119069,26,13,11,2024-12-19 13:30:16
500101217,26,14,12,2024-12-19 13:28:15
500101217,26,14,12,2024-12-19 14:59:15
500107162,26,13,12,2024-12-19 16:20:16
500108182,26,14,12,2024-12-19 16:05:16
500119069,26,12,12,2024-12-19 16:53:15
500106089,26,12,14,2024-12-19 16:22:15
500119081,26,12,14,2024-12-19 16:57:16
500106089,26,11,15,2024-12-19 17:18:16
500104012,26,10,16,2024-12-19 13:23:15
500112044,26,8,16,2024-12-19 14:49:15
500107087,26,9,17,2024-12-19 16:46:14
500109039,26,9,17,2024-12-19 17:07:15
500111021,26,6,19,2024-12-19 15:34:15
500111021,26,6,19,2024-12-19 15:11:14
500111021,26,5,20,2024-12-19 16:05:16
500111021,26,4,21,2024-12-19 16:19:15
500107123,26,4,22,2024-12-19 15:08:15
500105013,26,2,23,2024-12-19 14:27:16
500104043,26,2,24,2024-12-19 17:05:17
500113059,26,2,24,2024-12-19 16:38:14
500113059,26,2,24,2024-12-19 16:41:15
500105013,26,0,26,2024-12-19 15:08:14
500106106,26,0,26,2024-12-19 16:37:15
500106106,26,0,26,2024-12-19 17:07:15
500113059,26,0,26,2024-12-19 17:15:17
500105026,26,23,2,2024-12-19 08:55:16
500111033,26,24,2,2024-12-19 08:37:15
500112044,26,19,2,2024-12-19 07:16:15
500119052,26,22,4,2024-12-19 08:03:15
500105026,26,19,6,2024-12-19 08:03:15
500108179,26,20,6,2024-12-19 06:42:15
500108179,26,20,6,2024-12-19 06:27:15
500110084,26,17,6,2024-12-19 05:45:16
500111047,26,15,7,2024-12-19 07:15:16
500101217,26,18,8,2024-12-19 07:26:15
500107157,26,18,8,2024-12-19 08:46:15
500112075,26,18,8,2024-12-19 06:51:15
500112075,26,18,8,2024-12-19 07:57:16
500112052,26,17,9,2024-12-19 05:36:15
500119052,26,11,9,2024-12-19 08:47:15
500103035,26,15,10,2024-12-19 08:25:16
500109039,26,16,10,2024-12-19 07:16:15
500101217,26,15,11,2024-12-19 06:26:14
500103031,26,11,11,2024-12-19 07:57:16
500105026,26,14,11,2024-12-19 07:21:15
500106106,26,15,11,2024-12-19 08:27:16
500111033,26,15,11,2024-12-19 05:28:14
500112052,26,15,11,2024-12-19 04:46:15
500112075,26,15,11,2024-12-19 07:15:17
500103035,26,14,12,2024-12-19 08:03:15
500105026,26,14,12,2024-12-19 06:49:15
500111033,26,14,12,2024-12-19 07:37:15
500112108,26,13,12,2024-12-19 08:21:16
500103035,26,12,14,2024-12-19 05:41:14
500108182,26,12,14,2024-12-19 07:54:15
500111033,26,12,14,2024-12-19 07:16:15
500112108,26,11,14,2024-12-19 08:45:15
500113059,26,12,14,2024-12-19 07:27:15
500106106,26,11,15,2024-12-19 07:37:15
500111021,26,11,15,2024-12-19 08:57:15
500110084,26,7,16,2024-12-19 08:20:17
500111041,26,9,16,2024-12-19 07:53:16
500108183,26,9,17,2024-12-19 08:20:17
500107112,26,8,18,2024-12-19 07:58:15
500107157,26,8,18,2024-12-19 06:55:16
500108183,26,8,18,2024-12-19 07:55:17
500111047,26,4,18,2024-12-19 07:56:15
500119081,26,8,18,2024-12-19 08:32:15
500105101,26,7,19,2024-12-19 08:03:15
500108182,26,7,19,2024-12-19 06:26:14
500110090,26,6,19,2024-12-19 07:49:16
500107112,26,5,21,2024-12-19 08:46:15
500108179,26,5,21,2024-12-19 08:37:15
500112084,26,3,21,2024-12-19 07:36:15
500113026,26,5,21,2024-12-19 07:16:15
500119081,26,5,21,2024-12-19 08:02:15
500106106,26,4,22,2024-12-19 06:10:16
500108179,26,4,22,2024-12-19 08:40:17
500113026,26,4,22,2024-12-19 07:27:15
500119052,26,3,23,2024-12-19 06:38:15
500101190,26,2,24,2024-12-19 08:26:15
500105013,26,0,25,2024-12-19 08:17:16
500107087,26,1,25,2024-12-19 07:57:15
500101217,26,1,25,2024-12-19 00:12:15
500119069,26,0,24,2024-12-19 23:50:17
500105026,26,12,14,2024-12-19 23:37:14
500112075,26,6,20,2024-12-19 23:51:15
500107162,26,17,8,2024-12-19 23:49:15
500119081,26,1,25,2024-12-19 01:08:16
500105101,26,4,22,2024-12-19 00:57:15
500111021,26,10,16,2024-12-19 00:55:16
500107162,26,17,8,2024-12-19 00:46:15
500104042,26,18,8,2024-12-19 23:14:15
500107160,26,18,8,2024-12-19 23:11:14
500103031,26,17,6,2024-12-19 22:10:17
500104012,26,7,19,2024-12-19 21:37:15
500104043,26,16,10,2024-12-19 21:12:15
500101217,26,26,0,2024-12-19 21:39:16
500111033,26,16,10,2024-12-19 02:27:14
500101217,26,12,14,2024-12-19 04:26:15
500110084,26,16,7,2024-12-19 03:18:14
500112075,26,16,10,2024-12-19 04:16:14
500105026,26,4,22,2024-12-19 22:03:14
500104012,26,7,19,2024-12-19 21:47:15
500103031,26,16,7,2024-12-19 22:02:16
500101217,26,26,0,2024-12-19 21:59:16
500103041,26,8,18,2024-12-19 01:23:15
500105026,26,3,23,2024-12-19 21:50:17
500101190,26,5,18,2024-12-19 21:59:15
500103035,26,6,20,2024-12-19 21:56:15
500112084,26,14,8,2024-12-19 21:56:15
500119052,26,3,23,2024-12-19 01:44:14
500112084,26,12,13,2024-12-19 02:25:15
500112075,26,15,11,2024-12-19 02:30:16
500112052,26,16,10,2024-12-19 04:34:15
500101204,26,14,12,2024-12-19 23:03:14
500106106,26,0,26,2024-12-19 22:18:15
500101190,26,10,13,2024-12-19 22:26:15
500107123,26,7,19,2024-12-19 22:55:16
500112052,26,7,19,2024-12-19 22:51:15
500112084,26,15,7,2024-12-19 22:51:15
500112052,26,17,9,2024-12-19 01:56:14
500107123,26,5,21,2024-12-19 23:31:15
500111041,26,25,0,2024-12-19 09:06:15
500111041,26,25,0,2024-12-19 09:08:16
500112075,26,25,1,2024-12-19 10:18:15
500113059,26,25,1,2024-12-19 12:34:15
500119081,26,25,1,2024-12-19 11:20:17
500111041,26,22,3,2024-12-19 09:43:15
500111033,26,21,5,2024-12-19 10:12:15
500106106,26,20,6,2024-12-19 12:51:15
500106106,26,20,6,2024-12-19 10:05:16
500106106,26,19,7,2024-12-19 09:07:15
500111041,26,19,7,2024-12-19 11:21:15
500111041,26,19,7,2024-12-19 12:01:16
500106106,26,18,8,2024-12-19 11:47:16
500112044,26,16,8,2024-12-19 12:57:15
500112075,26,18,8,2024-12-19 12:35:16
500119052,26,11,8,2024-12-19 09:44:15
500110018,26,16,9,2024-12-19 11:01:17
500111041,26,17,9,2024-12-19 12:19:16
500111041,26,17,9,2024-12-19 11:13:15
500110018,26,14,11,2024-12-19 12:14:16
500111039,26,15,11,2024-12-19 12:01:16
500110018,26,13,12,2024-12-19 12:46:15
500101190,26,12,14,2024-12-19 09:56:16
500107123,26,12,14,2024-12-19 10:23:15
500111039,26,12,14,2024-12-19 08:59:15
500112044,26,9,15,2024-12-19 10:18:15
500112108,26,10,15,2024-12-19 09:11:15
500101217,26,10,16,2024-12-19 09:07:15
500106089,26,10,16,2024-12-19 11:11:15
500109039,26,10,16,2024-12-19 12:38:15
500103031,26,9,17,2024-12-19 11:30:16
500107087,26,9,17,2024-12-19 09:26:15
500111036,26,9,17,2024-12-19 09:06:15
500103035,26,8,18,2024-12-19 09:06:15
500104012,26,8,18,2024-12-19 13:04:16
500104043,26,7,18,2024-12-19 11:21:15
500110084,26,8,18,2024-12-19 11:19:15
500107087,26,7,19,2024-12-19 12:49:15
500108183,26,7,19,2024-12-19 11:32:14
500110084,26,3,20,2024-12-19 09:39:15
500107112,26,5,21,2024-12-19 12:47:15
500110084,26,2,21,2024-12-19 09:26:15
500110084,26,2,21,2024-12-19 10:34:15
500101217,26,4,22,2024-12-19 09:27:15
500107160,26,4,22,2024-12-19 12:08:15
500112052,26,3,23,2024-12-19 10:27:16
500101190,26,2,24,2024-12-19 11:21:15
500108179,26,2,24,2024-12-19 08:54:15
500110090,26,2,24,2024-12-19 12:37:15
500107112,26,1,25,2024-12-19 10:46:15
500110018,26,0,25,2024-12-19 08:53:15
500110090,26,0,25,2024-12-19 10:07:16
500104012,26,0,26,2024-12-19 10:06:15
500104012,26,0,26,2024-12-19 10:57:15
500112084,26,24,1,2024-12-19 18:57:19
500101190,26,20,3,2024-12-19 20:11:16
500101217,26,23,3,2024-12-19 20:46:15
500101217,26,21,5,2024-12-19 19:58:15
500103035,26,20,6,2024-12-19 18:04:16
500106089,26,19,7,2024-12-19 20:57:15
500101217,26,18,8,2024-12-19 18:07:16
500106089,26,18,8,2024-12-19 20:10:17
500106089,26,18,8,2024-12-19 20:47:15
500106089,26,17,9,2024-12-19 19:56:16
500112044,26,15,10,2024-12-19 18:45:16
500106106,26,15,11,2024-12-19 19:45:16
500110084,26,15,11,2024-12-19 18:22:15
500111021,26,14,11,2024-12-19 18:56:15
500111039,26,15,11,2024-12-19 18:02:15
500112044,26,14,11,2024-12-19 17:38:16
500112075,26,15,11,2024-12-19 20:29:15
500112084,26,14,11,2024-12-19 21:18:15
500101190,26,14,12,2024-12-19 17:55:17
500103035,26,14,12,2024-12-19 17:18:16
500111021,26,13,12,2024-12-19 20:00:17
500111021,26,13,12,2024-12-19 19:31:15
500111033,26,14,12,2024-12-19 17:38:16
500112075,26,14,12,2024-12-19 20:39:16
500112084,26,13,12,2024-12-19 18:05:16
500101190,26,10,13,2024-12-19 19:36:15
500107087,26,13,13,2024-12-19 19:01:15
500103035,26,12,14,2024-12-19 18:38:16
500107160,26,12,14,2024-12-19 19:28:15
500101204,26,11,15,2024-12-19 20:49:14
500104012,26,11,15,2024-12-19 17:45:16
500106089,26,11,15,2024-12-19 17:24:16
500111021,26,10,15,2024-12-19 18:34:15
500111041,26,11,15,2024-12-19 20:42:15
500111041,26,11,15,2024-12-19 20:53:15
500119052,26,11,15,2024-12-19 18:36:16
500119081,26,11,15,2024-12-19 17:48:15
500101204,26,10,16,2024-12-19 20:07:15
500103035,26,10,16,2024-12-19 20:39:16
500110018,26,9,16,2024-12-19 20:55:17
500111041,26,10,16,2024-12-19 19:34:15
500103031,26,9,17,2024-12-19 17:25:16
500101190,26,5,18,2024-12-19 19:17:14
500110018,26,7,18,2024-12-19 19:53:15
500111036,26,8,18,2024-12-19 20:20:16
500111047,26,8,18,2024-12-19 20:26:16
500111033,26,7,19,2024-12-19 20:46:16
500111033,26,7,19,2024-12-19 18:14:15
500109039,26,6,20,2024-12-19 17:37:16
500109039,26,6,20,2024-12-19 19:07:15
500112108,26,6,20,2024-12-19 18:54:15
500119052,26,2,20,2024-12-19 17:28:15
500119069,26,4,20,2024-12-19 17:36:15
500103035,26,5,21,2024-12-19 21:19:16
500107112,26,5,21,2024-12-19 18:02:15
500112108,26,5,21,2024-12-19 18:04:16
500119069,26,3,21,2024-12-19 19:20:17
500112108,26,4,22,2024-12-19 18:38:16
500119052,26,0,22,2024-12-19 17:37:16
500103035,26,3,23,2024-12-19 20:54:14
500105013,26,3,23,2024-12-19 18:05:15
500107157,26,3,23,2024-12-19 18:07:16
500110090,26,3,23,2024-12-19 17:23:15
500111036,26,3,23,2024-12-19 18:58:16
500111036,26,3,23,2024-12-19 18:44:16
500112052,26,3,23,2024-12-19 18:48:15
500113026,26,3,23,2024-12-19 17:34:15
500119081,26,3,23,2024-12-19 20:47:15
500105026,26,2,24,2024-12-19 18:29:15
500107157,26,2,24,2024-12-19 19:03:15
500112052,26,2,24,2024-12-19 18:18:16
500119081,26,2,24,2024-12-19 20:24:15
500106106,26,1,25,2024-12-19 17:57:14
500106106,26,1,25,2024-12-19 18:16:15
500107123,26,1,25,2024-12-19 19:13:15
500119081,26,1,25,2024-12-19 18:22:16
500106106,26,0,26,2024-12-19 17:28:16
500119081,26,25,1,2024-12-19 13:14:15
500119081,26,24,2,2024-12-19 13:21:16
500112075,26,23,3,2024-12-19 15:03:15
500111033,26,22,4,2024-12-19 13:56:15
500106106,26,19,7,2024-12-19 13:35:15
500111041,26,19,7,2024-12-19 17:11:15
500119069,26,17,7,2024-12-19 14:11:16
500101204,26,17,9,2024-12-19 14:51:15
500110018,26,16,9,2024-12-19 14:33:16
500119069,26,13,11,2024-12-19 16:25:16
500101190,26,13,13,2024-12-19 16:26:15
500106106,26,13,13,2024-12-19 15:01:16
500107112,26,13,13,2024-12-19 16:58:15
500107162,26,12,13,2024-12-19 16:33:15
500106089,26,12,14,2024-12-19 15:43:15
500109039,26,12,14,2024-12-19 16:57:16
500101190,26,11,15,2024-12-19 17:05:17
500103035,26,11,15,2024-12-19 16:57:16
500103035,26,11,15,2024-12-19 15:24:15
500105101,26,11,15,2024-12-19 16:56:15
500109039,26,11,15,2024-12-19 16:26:15
500101190,26,10,16,2024-12-19 15:44:15
500105101,26,10,16,2024-12-19 16:24:15
500103035,26,9,17,2024-12-19 16:17:15
500104012,26,9,17,2024-12-19 14:14:14
500107112,26,9,17,2024-12-19 17:18:16
500110084,26,8,18,2024-12-19 17:17:16
500104043,26,7,19,2024-12-19 14:58:15
500105013,26,7,19,2024-12-19 16:09:15
500111021,26,7,19,2024-12-19 14:18:15
500113026,26,7,19,2024-12-19 15:35:16
500107123,26,5,21,2024-12-19 14:53:14
500110090,26,5,21,2024-12-19 16:54:16
500107112,26,4,22,2024-12-19 14:59:15
500110090,26,4,22,2024-12-19 15:38:15
500111021,26,3,22,2024-12-19 16:45:17
500111036,26,3,23,2024-12-19 13:43:15
500112052,26,2,24,2024-12-19 13:11:15
500119081,26,2,24,2024-12-19 02:57:14
500113026,26,1,25,2024-12-19 21:46:16
500112052,26,10,16,2024-12-19 21:48:15
500110084,26,13,13,2024-12-19 21:43:14
500110018,26,22,3,2024-12-19 07:17:14
500105013,26,21,4,2024-12-19 05:37:15
500103031,26,15,7,2024-12-19 07:45:15
500103035,26,19,7,2024-12-19 06:35:15
500103035,26,19,7,2024-12-19 07:57:16
500105013,26,18,7,2024-12-19 06:06:14
500107157,26,19,7,2024-12-19 08:14:16
500108179,26,19,7,2024-12-19 06:54:16
500112075,26,19,7,2024-12-19 05:27:15
500103031,26,13,9,2024-12-19 07:33:15
500106106,26,17,9,2024-12-19 08:47:15
500110018,26,16,9,2024-12-19 07:47:14
500111033,26,17,9,2024-12-19 08:10:17
500103031,26,12,10,2024-12-19 06:37:14
500107160,26,16,10,2024-12-19 07:25:15
500112075,26,16,10,2024-12-19 07:37:15
500105026,26,15,11,2024-12-19 07:09:15
500107160,26,15,11,2024-12-19 08:34:15
500119069,26,12,12,2024-12-19 08:36:15
500101217,26,13,13,2024-12-19 07:57:16
500104042,26,13,13,2024-12-19 06:43:15
500111047,26,9,13,2024-12-19 07:47:15
500104042,26,12,14,2024-12-19 07:24:15
500107112,26,12,14,2024-12-19 07:27:15
500107162,26,11,14,2024-12-19 07:12:15
500111036,26,12,14,2024-12-19 08:08:16
500101217,26,11,15,2024-12-19 04:47:14
500104042,26,11,15,2024-12-19 05:53:15
500107157,26,11,15,2024-12-19 07:10:16
500110018,26,10,15,2024-12-19 07:56:15
500111039,26,11,15,2024-12-19 08:33:16
500111047,26,11,15,2024-12-19 08:34:15
500106106,26,10,16,2024-12-19 07:45:16
500108182,26,10,16,2024-12-19 07:35:16
500111021,26,10,16,2024-12-19 06:39:15
500111033,26,10,16,2024-12-19 06:34:15
500104043,26,8,17,2024-12-19 07:26:15
500105101,26,9,17,2024-12-19 08:27:16
500109039,26,9,17,2024-12-19 05:29:15
500109039,26,9,17,2024-12-19 06:36:14
500109039,26,9,17,2024-12-19 06:02:15
500107112,26,8,18,2024-12-19 08:15:16
500111021,26,8,18,2024-12-19 06:56:15
500112084,26,7,18,2024-12-19 08:16:15
500113059,26,8,18,2024-12-19 06:56:15
500119069,26,6,18,2024-12-19 08:03:15
500107112,26,7,19,2024-12-19 08:21:16
500111041,26,6,19,2024-12-19 07:25:15
500101190,26,6,20,2024-12-19 08:03:15
500107112,26,6,20,2024-12-19 08:32:15
500107162,26,5,20,2024-12-19 07:51:15
500112044,26,1,20,2024-12-19 08:47:15
500112044,26,0,21,2024-12-19 08:50:19
500112084,26,3,21,2024-12-19 08:03:15
500101190,26,4,22,2024-12-19 06:32:15
500119052,26,4,22,2024-12-19 06:19:15
500107162,26,2,23,2024-12-19 08:12:15
500112052,26,3,23,2024-12-19 08:02:15
500112084,26,2,23,2024-12-19 08:52:16
500101190,26,2,24,2024-12-19 07:10:16
500110018,26,1,24,2024-12-19 08:37:16
500111041,26,1,24,2024-12-19 05:30:15
500101190,26,1,25,2024-12-19 08:33:16
500101190,26,1,25,2024-12-19 08:47:15
500106089,26,1,25,2024-12-19 08:36:17
500101217,26,0,26,2024-12-19 08:47:15
500101190,26,17,9,2024-12-19 00:03:15
500101204,26,5,21,2024-12-19 00:26:15
500119069,26,2,23,2024-12-19 03:16:15
500119081,26,0,26,2024-12-19 23:49:15
500103041,26,7,19,2024-12-19 00:33:15
500107162,26,16,9,2024-12-19 00:19:15
500113059,26,3,23,2024-12-19 21:55:16
500110090,26,12,13,2024-12-19 23:15:14
500101204,26,13,13,2024-12-19 23:54:15
500108182,26,19,7,2024-12-19 22:33:15
500101217,26,0,26,2024-12-19 01:16:15
500107087,26,6,20,2024-12-19 00:38:14
500104042,26,10,16,2024-12-19 01:12:15
500112075,26,15,11,2024-12-19 00:43:15
500109039,26,1,25,2024-12-19 22:02:16
500113026,26,2,24,2024-12-19 21:50:16
500104012,26,6,20,2024-12-19 22:10:17
500111033,26,6,20,2024-12-19 21:49:15
500112108,26,6,20,2024-12-19 22:38:15
500111036,26,11,15,2024-12-19 22:02:16
500119052,26,0,26,2024-12-19 21:35:16
500111033,26,3,23,2024-12-19 21:39:15
500107112,26,11,15,2024-12-19 21:27:15
500107123,26,16,10,2024-12-19 01:31:15
500107087,26,3,23,2024-12-19 04:26:15
500119052,26,0,26,2024-12-19 22:08:15
500111047,26,13,12,2024-12-19 22:05:16
500101217,26,6,20,2024-12-19 03:43:14
500106106,26,6,20,2024-12-19 01:39:15
500107087,26,8,18,2024-12-19 01:46:14
500101190,26,14,12,2024-12-19 01:36:15
500107157,26,5,21,2024-12-19 02:33:15
500107123,26,6,20,2024-12-19 22:49:14
500110018,26,18,7,2024-12-19 22:59:14
500104043,26,15,11,2024-12-19 22:11:15
500107160,26,16,10,2024-12-19 22:15:15
500105013,26,9,17,2024-12-19 22:26:15
500111033,26,7,19,2024-12-19 22:54:15
500101217,26,10,16,2024-12-19 23:29:14
500104042,26,26,0,2024-12-19 10:28:15
500104043,26,25,0,2024-12-19 09:45:16
500108182,26,26,0,2024-12-19 09:46:16
500112075,26,26,0,2024-12-19 09:47:15
500119069,26,21,0,2024-12-19 10:38:15
500119069,26,19,2,2024-12-19 10:58:16
500119069,26,18,3,2024-12-19 10:17:16
500112075,26,22,4,2024-12-19 11:48:15
500105026,26,20,5,2024-12-19 09:51:14
500119069,26,19,5,2024-12-19 09:06:15
500104042,26,19,7,2024-12-19 12:47:15
500104042,26,19,7,2024-12-19 11:54:15
500111033,26,19,7,2024-12-19 09:09:15
500111041,26,19,7,2024-12-19 12:59:16
500112075,26,19,7,2024-12-19 12:18:15
500119069,26,14,7,2024-12-19 09:41:15
500105026,26,16,9,2024-12-19 12:31:15
500109039,26,17,9,2024-12-19 10:45:15
500119052,26,10,9,2024-12-19 11:58:15
500119052,26,9,10,2024-12-19 12:28:15
500112044,26,13,11,2024-12-19 09:36:15
500112044,26,13,11,2024-12-19 12:12:15
500106106,26,14,12,2024-12-19 11:33:16
500107157,26,14,12,2024-12-19 10:49:16
500107157,26,14,12,2024-12-19 10:32:15
500109039,26,14,12,2024-12-19 09:15:15
500101204,26,13,13,2024-12-19 12:44:15
500107123,26,13,13,2024-12-19 09:45:15
500107123,26,13,13,2024-12-19 11:38:15
500107157,26,13,13,2024-12-19 10:43:15
500111039,26,13,13,2024-12-19 09:47:15
500111039,26,13,13,2024-12-19 09:59:16
500109039,26,12,14,2024-12-19 10:02:15
500112052,26,12,14,2024-12-19 09:27:14
500112084,26,9,15,2024-12-19 11:45:15
500101217,26,10,16,2024-12-19 10:16:15
500107123,26,10,16,2024-12-19 10:58:16
500101190,26,9,17,2024-12-19 10:07:16
500104043,26,8,17,2024-12-19 12:35:16
500106089,26,9,17,2024-12-19 11:44:15
500107087,26,9,17,2024-12-19 09:59:15
500112044,26,4,17,2024-12-19 09:09:15
500113026,26,9,17,2024-12-19 10:10:16
500107160,26,8,18,2024-12-19 11:30:17
500107123,26,7,19,2024-12-19 12:19:16
500111021,26,7,19,2024-12-19 11:26:14
500111047,26,7,19,2024-12-19 10:06:15
500104012,26,6,20,2024-12-19 12:24:16
500111036,26,6,20,2024-12-19 12:08:15
500113026,26,6,20,2024-12-19 11:08:15
500103031,26,5,21,2024-12-19 12:08:15
500107112,26,5,21,2024-12-19 12:51:15
500107112,26,5,21,2024-12-19 09:13:15
500107123,26,5,21,2024-12-19 12:27:15
500107112,26,4,22,2024-12-19 08:52:16
500101217,26,3,23,2024-12-19 11:07:16
500107087,26,3,23,2024-12-19 12:17:16
500105013,26,1,24,2024-12-19 09:27:15
500112084,26,1,24,2024-12-19 09:09:15
500112084,26,1,24,2024-12-19 09:47:15
500112084,26,0,25,2024-12-19 09:56:16
500101217,26,0,26,2024-12-19 11:47:15
500112075,26,26,0,2024-12-19 19:19:16
500103035,26,24,2,2024-12-19 18:29:16
500103035,26,23,3,2024-12-19 18:14:15
500101190,26,22,4,2024-12-19 18:58:16
500106089,26,20,6,2024-12-19 17:56:16
500101217,26,19,7,2024-12-19 20:09:15
500101217,26,19,7,2024-12-19 19:04:16
500111021,26,18,7,2024-12-19 21:08:15
500111047,26,19,7,2024-12-19 19:15:16
500104043,26,18,8,2024-12-19 19:46:15
500111021,26,17,8,2024-12-19 20:59:15
500111039,26,18,8,2024-12-19 18:53:15
500111047,26,18,8,2024-12-19 19:34:15
500103031,26,14,9,2024-12-19 20:28:15
500103031,26,14,9,2024-12-19 20:43:15
500103035,26,17,9,2024-12-19 17:47:16
500111041,26,17,9,2024-12-19 17:57:15
500106089,26,16,10,2024-12-19 17:48:14
500111033,26,16,10,2024-12-19 17:19:15
500101190,26,15,11,2024-12-19 17:47:16
500101190,26,15,11,2024-12-19 18:18:16
500101217,26,15,11,2024-12-19 18:46:15
500107162,26,14,11,2024-12-19 17:16:16
500104042,26,14,12,2024-12-19 19:04:15
500108179,26,14,12,2024-12-19 19:07:15
500112044,26,13,12,2024-12-19 18:25:17
500103035,26,13,13,2024-12-19 20:26:16
500110084,26,13,13,2024-12-19 18:04:16
500101204,26,12,14,2024-12-19 18:28:16
500101190,26,8,15,2024-12-19 19:26:14
500103035,26,11,15,2024-12-19 19:05:16
500108182,26,11,15,2024-12-19 18:32:16
500110018,26,10,15,2024-12-19 18:56:15
500111021,26,10,15,2024-12-19 18:17:15
500111041,26,11,15,2024-12-19 20:24:15
500104012,26,10,16,2024-12-19 17:16:16
500111041,26,10,16,2024-12-19 19:18:15
500107160,26,9,17,2024-12-19 18:59:15
500110018,26,8,17,2024-12-19 21:12:15
500111033,26,9,17,2024-12-19 17:47:16
500111036,26,9,17,2024-12-19 20:37:16
500112044,26,5,17,2024-12-19 21:03:15
500105101,26,8,18,2024-12-19 17:22:16
500110084,26,7,19,2024-12-19 17:38:16
500110090,26,7,19,2024-12-19 20:02:15
500112044,26,3,19,2024-12-19 19:49:15
500112052,26,7,19,2024-12-19 18:58:16
500103035,26,6,20,2024-12-19 18:48:15
500108183,26,6,20,2024-12-19 18:05:16
500110090,26,6,20,2024-12-19 18:57:15
500112044,26,2,20,2024-12-19 19:21:15
500112108,26,6,20,2024-12-19 20:58:15
500109039,26,5,21,2024-12-19 19:09:15
500103035,26,4,22,2024-12-19 21:02:15
500103041,26,4,22,2024-12-19 20:39:16
500110090,26,4,22,2024-12-19 17:59:15
500111033,26,4,22,2024-12-19 20:08:14
500111033,26,4,22,2024-12-19 17:54:14
500112075,26,4,22,2024-12-19 20:53:15
500119052,26,0,22,2024-12-19 17:58:16
500107123,26,3,23,2024-12-19 20:34:15
500113026,26,3,23,2024-12-19 18:42:16
500105026,26,2,24,2024-12-19 19:38:15
500112052,26,2,24,2024-12-19 17:37:16
500113059,26,2,24,2024-12-19 17:28:16
500119081,26,2,24,2024-12-19 18:48:15
500106106,26,0,26,2024-12-19 17:37:16
500119081,26,0,26,2024-12-19 19:48:16
500112075,26,24,2,2024-12-19 16:35:15
500111041,26,21,5,2024-12-19 15:43:15
500119081,26,21,5,2024-12-19 16:25:16
500104042,26,20,6,2024-12-19 15:09:15
500111041,26,20,6,2024-12-19 16:05:16
500119052,26,16,6,2024-12-19 15:44:15
500111041,26,19,7,2024-12-19 16:27:16
500119052,26,12,7,2024-12-19 13:35:15
500105026,26,17,8,2024-12-19 14:08:15
500106106,26,17,9,2024-12-19 15:53:14
500110018,26,16,9,2024-12-19 17:07:15
500110018,26,16,9,2024-12-19 17:18:16
500108179,26,16,10,2024-12-19 13:37:14
500110018,26,15,10,2024-12-19 16:28:15
500111039,26,16,10,2024-12-19 17:01:16
500119052,26,8,11,2024-12-19 13:47:15
500101217,26,14,12,2024-12-19 13:46:16
500106089,26,14,12,2024-12-19 15:15:15
500101217,26,13,13,2024-12-19 14:48:15
500106089,26,13,13,2024-12-19 16:34:16
500106089,26,13,13,2024-12-19 15:07:15
500105026,26,12,14,2024-12-19 16:38:14
500107157,26,11,15,2024-12-19 15:45:15
500109039,26,11,15,2024-12-19 15:48:15
500112084,26,10,15,2024-12-19 16:56:15
500103031,26,10,16,2024-12-19 14:41:15
500103035,26,10,16,2024-12-19 16:40:16
500108182,26,10,16,2024-12-19 17:05:17
500101190,26,8,18,2024-12-19 16:37:15
500101190,26,8,18,2024-12-19 14:39:16
500104012,26,8,18,2024-12-19 14:56:15
500104043,26,8,18,2024-12-19 16:42:15
500107087,26,8,18,2024-12-19 16:32:15
500101217,26,7,19,2024-12-19 16:13:15
500101190,26,6,20,2024-12-19 15:01:16
500104043,26,6,20,2024-12-19 14:14:15
500107087,26,6,20,2024-12-19 13:51:15
500107087,26,6,20,2024-12-19 15:35:16
500108183,26,6,20,2024-12-19 17:02:15
500107112,26,5,21,2024-12-19 13:28:16
500110090,26,5,21,2024-12-19 16:23:15
500111021,26,5,21,2024-12-19 13:09:15
500111036,26,4,22,2024-12-19 13:53:15
500111047,26,3,23,2024-12-19 14:49:15
500112052,26,3,23,2024-12-19 15:52:15
500119052,26,16,4,2024-12-19 08:57:16
500109039,26,21,5,2024-12-19 08:16:15
500110018,26,20,5,2024-12-19 07:37:15
500103031,26,19,6,2024-12-19 08:27:16
500103031,26,16,6,2024-12-19 06:07:15
500111036,26,19,7,2024-12-19 06:23:15
500111041,26,18,7,2024-12-19 08:47:15
500112044,26,14,7,2024-12-19 07:26:15
500111033,26,18,8,2024-12-19 07:44:15
500110018,26,16,9,2024-12-19 06:33:14
500119069,26,15,9,2024-12-19 08:45:16
500103031,26,12,10,2024-12-19 07:25:15
500103035,26,16,10,2024-12-19 08:15:16
500104042,26,15,11,2024-12-19 07:45:16
500101204,26,14,12,2024-12-19 08:27:16
500103031,26,10,12,2024-12-19 06:54:16
500104043,26,13,12,2024-12-19 07:47:15
500107123,26,14,12,2024-12-19 06:48:15
500107123,26,14,12,2024-12-19 07:44:15
500108182,26,14,12,2024-12-19 08:24:15
500112052,26,14,12,2024-12-19 06:26:15
500112052,26,14,12,2024-12-19 06:47:15
500112052,26,13,13,2024-12-19 08:57:15
500112108,26,12,13,2024-12-19 08:28:15
500104042,26,12,14,2024-12-19 06:25:15
500110090,26,11,14,2024-12-19 06:20:15
500112044,26,7,14,2024-12-19 07:47:15
500119052,26,12,14,2024-12-19 07:42:15
500111021,26,10,16,2024-12-19 07:10:16
500111041,26,9,16,2024-12-19 07:36:15
500111041,26,9,16,2024-12-19 08:03:15
500112052,26,10,16,2024-12-19 07:37:15
500107162,26,8,17,2024-12-19 07:41:15
500111036,26,9,17,2024-12-19 08:26:15
500108182,26,8,18,2024-12-19 06:34:15
500104043,26,6,19,2024-12-19 07:37:15
500105101,26,7,19,2024-12-19 07:31:16
500110084,26,4,19,2024-12-19 08:46:15
500106089,26,6,20,2024-12-19 06:46:15
500113059,26,6,20,2024-12-19 06:45:16
500106106,26,5,21,2024-12-19 05:52:15
500111041,26,4,21,2024-12-19 07:14:15
500119069,26,3,21,2024-12-19 07:55:17
500104012,26,4,22,2024-12-19 07:54:15
500105013,26,1,24,2024-12-19 08:40:19
500113026,26,2,24,2024-12-19 08:02:15
500101190,26,1,25,2024-12-19 08:17:15
500101217,26,1,25,2024-12-19 08:56:16
500113026,26,1,25,2024-12-19 07:53:16
500113026,26,0,26,2024-12-19 07:47:15
500101190,26,17,9,2024-12-19 00:16:15
500113026,26,5,21,2024-12-19 00:14:15
500105013,26,7,19,2024-12-19 23:40:15
500119052,26,0,26,2024-12-19 22:27:14
500111036,26,13,13,2024-12-19 23:36:15
500104043,26,16,10,2024-12-19 22:22:15
500103041,26,7,19,2024-12-19 01:11:15
500111039,26,15,11,2024-12-19 01:15:15
500112108,26,17,8,2024-12-19 01:11:15
500119081,26,1,25,2024-12-19 23:16:15
500112044,26,11,11,2024-12-19 22:39:15
500104012,26,12,14,2024-12-19 23:14:15
500110018,26,17,8,2024-12-19 23:10:15
500107162,26,18,7,2024-12-19 22:42:15
500107112,26,7,19,2024-12-19 22:18:15
500105013,26,10,16,2024-12-19 22:38:15
500111047,26,12,13,2024-12-19 22:12:14
500104042,26,18,8,2024-12-19 22:39:15
500101217,26,21,5,2024-12-19 22:39:15
500119069,26,0,24,2024-12-19 21:04:16
500109039,26,1,25,2024-12-19 21:35:16
500105101,26,2,24,2024-12-19 21:07:15
500112044,26,6,16,2024-12-19 21:35:15
500111047,26,12,14,2024-12-19 21:26:16
500107160,26,15,11,2024-12-19 21:37:15
500106089,26,6,20,2024-12-19 03:06:14
500111021,26,11,15,2024-12-19 02:20:16
500107160,26,20,6,2024-12-19 03:06:14
500108179,26,24,2,2024-12-19 02:23:15
500110018,26,17,9,2024-12-19 03:39:14
500101190,26,7,16,2024-12-19 22:09:15
500119052,26,0,26,2024-12-19 21:53:15
500110084,26,14,12,2024-12-19 21:54:15
500112075,26,15,11,2024-12-19 01:44:14
500112052,26,18,8,2024-12-19 01:30:16
500112075,26,16,10,2024-12-19 01:53:15
500105013,26,9,17,2024-12-19 22:42:15
500112084,26,16,6,2024-12-19 22:44:14
500110090,26,10,15,2024-12-19 22:59:15
500103035,26,13,13,2024-12-19 23:04:15
500101190,26,14,9,2024-12-19 22:58:15
500101190,26,8,15,2024-12-19 22:11:15
500112084,26,12,12,2024-12-19 03:50:15
500101190,26,16,7,2024-12-19 23:29:14
500112075,26,14,12,2024-12-19 01:26:15
500108182,26,26,0,2024-12-19 09:56:16
500112075,26,26,0,2024-12-19 09:25:17
500113059,26,26,0,2024-12-19 12:20:18
500112075,26,25,1,2024-12-19 10:06:15
500119081,26,25,1,2024-12-19 09:44:15
500106106,26,23,3,2024-12-19 09:57:15
500112075,26,23,3,2024-12-19 11:17:15
500119052,26,16,3,2024-12-19 11:17:15
500112075,26,22,4,2024-12-19 11:31:14
500104042,26,21,5,2024-12-19 13:04:16
500104042,26,20,6,2024-12-19 09:30:16
500111033,26,20,6,2024-12-19 10:55:17
500104042,26,19,7,2024-12-19 12:13:15
500105026,26,17,8,2024-12-19 09:40:16
500107157,26,18,8,2024-12-19 09:29:15
500111041,26,18,8,2024-12-19 12:44:14
500112052,26,18,8,2024-12-19 09:09:15
500107157,26,17,9,2024-12-19 09:43:15
500111033,26,17,9,2024-12-19 09:07:15
500106106,26,16,10,2024-12-19 10:58:16
500110018,26,15,10,2024-12-19 13:00:17
500110018,26,15,10,2024-12-19 11:14:15
500111041,26,16,10,2024-12-19 12:20:15
500101204,26,15,11,2024-12-19 09:36:15
500104042,26,15,11,2024-12-19 10:57:15
500105026,26,14,11,2024-12-19 09:07:15
500106106,26,15,11,2024-12-19 11:04:15
500101204,26,14,12,2024-12-19 10:33:15
500110018,26,13,12,2024-12-19 12:38:15
500110018,26,13,12,2024-12-19 11:47:15
500101190,26,13,13,2024-12-19 13:05:16
500107123,26,11,15,2024-12-19 10:04:16
500107162,26,10,15,2024-12-19 12:19:16
500112044,26,9,15,2024-12-19 11:36:15
500101204,26,10,16,2024-12-19 11:44:15
500104043,26,9,16,2024-12-19 11:33:16
500103031,26,9,17,2024-12-19 10:46:15
500111036,26,9,17,2024-12-19 10:05:16
500112052,26,9,17,2024-12-19 11:26:15
500112108,26,8,17,2024-12-19 09:54:15
500103035,26,8,18,2024-12-19 09:37:15
500106089,26,8,18,2024-12-19 10:24:15
500107123,26,8,18,2024-12-19 12:05:17
500113026,26,8,18,2024-12-19 12:07:16
500110084,26,7,19,2024-12-19 12:17:16
500107087,26,6,20,2024-12-19 10:45:16
500107123,26,6,20,2024-12-19 12:52:15
500111021,26,6,20,2024-12-19 11:18:15
500112052,26,6,20,2024-12-19 12:26:15
500101190,26,5,21,2024-12-19 10:16:15
500103035,26,5,21,2024-12-19 10:07:16
500107112,26,5,21,2024-12-19 12:23:16
500101217,26,4,22,2024-12-19 10:23:15
500103035,26,4,22,2024-12-19 11:57:16
500101217,26,3,23,2024-12-19 12:28:15
500101190,26,2,24,2024-12-19 10:59:15
500104012,26,2,24,2024-12-19 10:27:16
500110018,26,1,24,2024-12-19 09:57:15
500110090,26,2,24,2024-12-19 12:04:16
500103041,26,1,25,2024-12-19 11:08:15
500112084,26,25,0,2024-12-19 20:08:15
500112084,26,25,0,2024-12-19 20:59:15
500112084,26,25,0,2024-12-19 21:01:21
500112075,26,25,1,2024-12-19 19:07:16
500101217,26,23,3,2024-12-19 21:01:15
500112075,26,23,3,2024-12-19 19:47:15
500107162,26,21,4,2024-12-19 18:51:16
500104043,26,19,7,2024-12-19 18:44:16
500107162,26,18,7,2024-12-19 20:22:15
500108182,26,19,7,2024-12-19 19:40:15
500106106,26,18,8,2024-12-19 20:49:15
500111041,26,18,8,2024-12-19 17:30:16
500112075,26,18,8,2024-12-19 17:45:16
500112075,26,18,8,2024-12-19 18:38:16
500112075,26,18,8,2024-12-19 18:48:15
500101190,26,14,9,2024-12-19 19:46:15
500108179,26,17,9,2024-12-19 17:34:15
500103031,26,13,10,2024-12-19 20:36:15
500104042,26,16,10,2024-12-19 19:30:17
500106089,26,16,10,2024-12-19 19:38:15
500107162,26,15,10,2024-12-19 18:07:16
500107162,26,15,10,2024-12-19 21:05:16
500108179,26,16,10,2024-12-19 20:02:15
500104042,26,15,11,2024-12-19 17:41:16
500104042,26,15,11,2024-12-19 20:50:16
500112044,26,14,11,2024-12-19 18:37:15
500119052,26,15,11,2024-12-19 20:44:15
500101204,26,14,12,2024-12-19 17:28:15
500106106,26,14,12,2024-12-19 19:03:15
500106106,26,14,12,2024-12-19 19:38:15
500112084,26,13,12,2024-12-19 17:41:16
500119081,26,14,12,2024-12-19 17:27:16
500111021,26,12,13,2024-12-19 19:53:15
500111021,26,12,13,2024-12-19 19:14:16
500111047,26,13,13,2024-12-19 18:38:16
500107112,26,12,14,2024-12-19 20:20:16
500110018,26,11,14,2024-12-19 19:14:16
500112084,26,11,14,2024-12-19 17:21:15
500119052,26,12,14,2024-12-19 21:09:16
500101204,26,11,15,2024-12-19 19:17:15
500103031,26,11,15,2024-12-19 17:36:15
500103031,26,8,15,2024-12-19 19:12:15
500105013,26,11,15,2024-12-19 19:31:14
500111021,26,10,15,2024-12-19 18:25:17
500111041,26,11,15,2024-12-19 19:53:15
500111047,26,11,15,2024-12-19 21:18:15
500112052,26,11,15,2024-12-19 21:06:15
500105013,26,10,16,2024-12-19 20:23:15
500107087,26,10,16,2024-12-19 18:42:16
500107112,26,10,16,2024-12-19 20:43:15
500107160,26,10,16,2024-12-19 19:19:14
500111021,26,9,16,2024-12-19 17:58:16
500111041,26,10,16,2024-12-19 19:07:15
500112044,26,6,16,2024-12-19 20:56:15
500105013,26,9,17,2024-12-19 19:24:15
500110084,26,9,17,2024-12-19 17:45:16
500111021,26,8,17,2024-12-19 17:44:15
500112052,26,9,17,2024-12-19 19:29:15
500103035,26,8,18,2024-12-19 18:58:16
500112052,26,8,18,2024-12-19 20:13:15
500110018,26,6,19,2024-12-19 19:38:15
500112108,26,7,19,2024-12-19 19:28:15
500105101,26,6,20,2024-12-19 18:13:16
500107160,26,6,20,2024-12-19 17:42:15
500109039,26,6,20,2024-12-19 18:28:16
500109039,26,6,20,2024-12-19 18:50:16
500110084,26,6,20,2024-12-19 20:00:17
500110090,26,6,20,2024-12-19 20:34:15
500112108,26,6,20,2024-12-19 17:54:15
500109039,26,5,21,2024-12-19 18:08:15
500111033,26,5,21,2024-12-19 18:38:16
500111036,26,4,22,2024-12-19 19:28:14
500112052,26,4,22,2024-12-19 17:25:16
500119052,26,4,22,2024-12-19 21:18:14
500105101,26,3,23,2024-12-19 20:14:15
500112052,26,3,23,2024-12-19 18:34:15
500107123,26,2,24,2024-12-19 19:01:15
500119052,26,1,25,2024-12-19 19:49:15
500119081,26,1,25,2024-12-19 20:12:14
500119081,26,1,25,2024-12-19 19:32:16
500107123,26,0,26,2024-12-19 17:12:16
500119081,26,0,26,2024-12-19 18:37:15
500113059,26,26,0,2024-12-19 14:11:16
500112075,26,25,1,2024-12-19 15:22:15
500112075,26,24,2,2024-12-19 16:23:15
500112075,26,23,3,2024-12-19 14:49:15
500113059,26,22,4,2024-12-19 15:06:16
500111033,26,21,5,2024-12-19 13:43:14
500119069,26,17,7,2024-12-19 14:57:15
500119052,26,10,9,2024-12-19 13:16:15
500101204,26,15,11,2024-12-19 14:47:15
500107162,26,14,11,2024-12-19 16:09:15
500119052,26,7,12,2024-12-19 13:58:16
500108182,26,13,13,2024-12-19 16:22:16
500119052,26,6,13,2024-12-19 14:38:15
500109039,26,12,14,2024-12-19 15:57:15
500112084,26,11,14,2024-12-19 16:29:15
500103035,26,11,15,2024-12-19 13:46:16
500109039,26,11,15,2024-12-19 16:33:15
500104012,26,10,16,2024-12-19 16:18:16
500107087,26,10,16,2024-12-19 17:04:15
500112108,26,9,16,2024-12-19 13:26:16
500103031,26,9,17,2024-12-19 13:43:15
500104012,26,9,17,2024-12-19 15:54:15
500106089,26,9,17,2024-12-19 16:48:16
500112044,26,7,17,2024-12-19 15:17:16
500112044,26,7,17,2024-12-19 14:36:16
500104043,26,8,18,2024-12-19 16:18:16
500101217,26,7,19,2024-12-19 16:06:15
500107087,26,7,19,2024-12-19 15:09:15
500110084,26,7,19,2024-12-19 16:40:16
500101217,26,6,20,2024-12-19 15:48:15
500101217,26,4,22,2024-12-19 16:58:15
500107157,26,4,22,2024-12-19 16:27:16
500107160,26,4,22,2024-12-19 16:57:16
500112052,26,4,22,2024-12-19 16:36:15
500112052,26,4,22,2024-12-19 14:55:16
500111047,26,3,23,2024-12-19 16:54:16
500108179,26,2,24,2024-12-19 13:12:15
500105013,26,0,25,2024-12-19 13:14:15
500103035,26,5,21,2024-12-19 21:46:15
500111039,26,21,5,2024-12-19 21:42:15
500112075,26,25,1,2024-12-19 08:16:15
500110018,26,23,2,2024-12-19 07:25:15
500111033,26,24,2,2024-12-19 08:27:16
500103031,26,18,4,2024-12-19 05:21:14
500111047,26,16,6,2024-12-19 05:57:14
500107160,26,19,7,2024-12-19 07:06:15
500112075,26,19,7,2024-12-19 06:44:15
500107157,26,18,8,2024-12-19 08:24:15
500108179,26,17,9,2024-12-19 07:16:15
500111036,26,17,9,2024-12-19 07:03:15
500112075,26,17,9,2024-12-19 07:47:15
500103031,26,15,10,2024-12-19 08:34:15
500108182,26,16,10,2024-12-19 08:37:15
500111047,26,16,10,2024-12-19 08:17:15
500112052,26,16,10,2024-12-19 05:24:14
500107160,26,15,11,2024-12-19 08:26:15
500103031,26,13,12,2024-12-19 08:55:16
500103035,26,13,12,2024-12-19 08:36:15
500106106,26,14,12,2024-12-19 07:57:16
500106106,26,14,12,2024-12-19 08:00:17
500110090,26,13,12,2024-12-19 06:17:14
500111033,26,14,12,2024-12-19 07:26:15
500112084,26,12,12,2024-12-19 05:14:15
500119069,26,12,12,2024-12-19 08:15:15
500101217,26,13,13,2024-12-19 05:58:15
500103031,26,9,13,2024-12-19 08:17:15
500107160,26,13,13,2024-12-19 08:48:15
500108183,26,13,13,2024-12-19 06:26:14
500111033,26,13,13,2024-12-19 06:11:14
500104043,26,11,14,2024-12-19 07:57:16
500107112,26,12,14,2024-12-19 06:27:15
500108182,26,11,15,2024-12-19 07:23:14
500108183,26,11,15,2024-12-19 07:04:15
500111021,26,11,15,2024-12-19 08:47:15
500101190,26,10,16,2024-12-19 05:19:14
500103035,26,9,16,2024-12-19 08:47:15
500110084,26,7,16,2024-12-19 08:36:15
500108182,26,9,17,2024-12-19 06:41:14
500111021,26,9,17,2024-12-19 08:03:15
500112044,26,4,17,2024-12-19 07:52:15
500108179,26,8,18,2024-12-19 08:10:17
500108183,26,8,18,2024-12-19 08:11:16
500111021,26,8,18,2024-12-19 07:40:15
500106089,26,6,20,2024-12-19 05:42:15
500104012,26,5,21,2024-12-19 07:17:14
500106089,26,5,21,2024-12-19 06:02:15
500106089,26,5,21,2024-12-19 07:15:17
500111041,26,4,21,2024-12-19 05:58:15
500119052,26,5,21,2024-12-19 08:17:15
500119081,26,5,21,2024-12-19 08:16:15
500101190,26,4,22,2024-12-19 08:57:14
500101190,26,4,22,2024-12-19 06:51:15
500101204,26,4,22,2024-12-19 06:28:15
500111041,26,3,22,2024-12-19 06:53:15
500113059,26,4,22,2024-12-19 06:37:14
500113059,26,4,22,2024-12-19 06:08:14
500101204,26,3,23,2024-12-19 07:26:15
500107087,26,3,23,2024-12-19 07:13:15
500119081,26,3,23,2024-12-19 07:37:15
500101204,26,2,24,2024-12-19 07:46:15
500106089,26,2,24,2024-12-19 08:57:15
500107087,26,2,24,2024-12-19 07:37:15
500101204,26,1,25,2024-12-19 07:55:16
500107162,26,0,25,2024-12-19 08:46:16
500110090,26,0,25,2024-12-19 08:39:16
500106089,26,0,26,2024-12-19 08:03:15
500107087,26,0,26,2024-12-19 08:17:16
500103035,26,20,6,2024-12-19 00:14:14
500107087,26,5,21,2024-12-19 00:07:15
500112052,26,16,10,2024-12-19 00:17:15
500119052,26,2,24,2024-12-19 00:45:15
500119069,26,0,24,2024-12-19 23:49:15
500111021,26,9,17,2024-12-19 00:45:15
500119081,26,5,21,2024-12-19 00:29:15
500111033,26,10,16,2024-12-19 23:57:15
500110018,26,15,10,2024-12-19 23:50:15
500109039,26,9,17,2024-12-19 23:29:14
500104012,26,11,15,2024-12-19 23:21:14
500103041,26,7,19,2024-12-19 22:48:15
500106106,26,5,21,2024-12-19 00:37:15
500103035,26,15,11,2024-12-19 01:15:15
500101190,26,16,10,2024-12-19 01:17:15
500105026,26,16,10,2024-12-19 00:29:15
500104043,26,19,6,2024-12-19 00:03:16
500105026,26,6,20,2024-12-19 23:11:15
500112075,26,8,18,2024-12-19 23:16:15
500112052,26,10,16,2024-12-19 23:14:15
500110084,26,17,9,2024-12-19 22:57:15
500119069,26,1,23,2024-12-19 22:22:17
500105026,26,4,22,2024-12-19 22:29:14
500101204,26,9,17,2024-12-19 22:36:15
500108179,26,16,10,2024-12-19 22:38:15
500107162,26,17,8,2024-12-19 21:51:15
500111039,26,21,5,2024-12-19 22:21:15
500111036,26,13,13,2024-12-19 21:22:15
500112084,26,16,6,2024-12-19 21:36:15
500104042,26,16,10,2024-12-19 21:12:15
500106106,26,5,21,2024-12-19 02:42:15
500107157,26,6,20,2024-12-19 02:53:15
500107087,26,8,18,2024-12-19 02:52:14
500112044,26,18,3,2024-12-19 01:34:15
500112108,26,18,7,2024-12-19 03:45:15
500119081,26,1,25,2024-12-19 22:05:19
500110018,26,3,22,2024-12-19 21:56:15
500105013,26,10,16,2024-12-19 22:08:15
500104043,26,15,11,2024-12-19 22:06:14
500110090,26,7,19,2024-12-19 21:53:15
500101204,26,9,17,2024-12-19 21:48:16
500104043,26,14,12,2024-12-19 21:52:14
500103035,26,14,12,2024-12-19 00:45:15
500107087,26,7,19,2024-12-19 01:52:15
500112084,26,11,14,2024-12-19 02:02:15
500101190,26,10,13,2024-12-19 22:40:15
500104042,26,19,7,2024-12-19 22:44:14
500112108,26,6,20,2024-12-19 23:04:15
500104042,26,17,9,2024-12-19 23:08:15
500110090,26,8,17,2024-12-19 22:11:15
500105026,26,5,21,2024-12-19 22:26:15
500101217,26,22,4,2024-12-19 22:20:15
500112108,26,7,19,2024-12-19 22:54:14
500105013,26,8,18,2024-12-19 23:31:15
500110018,26,16,9,2024-12-19 23:21:15
500113026,26,6,20,2024-12-19 02:06:15
500112075,26,26,0,2024-12-19 09:07:16
500113059,26,26,0,2024-12-19 12:18:15
500119081,26,26,0,2024-12-19 12:37:15
500119081,26,26,0,2024-12-19 10:24:15
500104042,26,25,1,2024-12-19 10:12:15
500111033,26,25,1,2024-12-19 09:25:16
500113059,26,25,1,2024-12-19 10:32:15
500113059,26,24,2,2024-12-19 10:01:16
500119081,26,24,2,2024-12-19 13:05:16
500105026,26,22,3,2024-12-19 10:07:16
500111033,26,23,3,2024-12-19 09:57:15
500113059,26,23,3,2024-12-19 08:58:15
500113059,26,23,3,2024-12-19 09:52:15
500119069,26,21,3,2024-12-19 09:09:15
500119081,26,23,3,2024-12-19 09:29:15
500106106,26,22,4,2024-12-19 09:36:15
500106106,26,20,6,2024-12-19 13:07:15
500111033,26,20,6,2024-12-19 10:07:16
500111033,26,20,6,2024-12-19 10:30:16
500101217,26,19,7,2024-12-19 13:05:15
500107157,26,19,7,2024-12-19 09:18:15
500112075,26,19,7,2024-12-19 11:25:15
500119052,26,12,7,2024-12-19 11:28:15
500105026,26,16,9,2024-12-19 11:00:18
500101190,26,15,11,2024-12-19 12:41:15
500101190,26,15,11,2024-12-19 12:19:16
500101204,26,15,11,2024-12-19 10:06:15
500104042,26,15,11,2024-12-19 11:44:15
500119052,26,8,11,2024-12-19 11:38:15
500112044,26,11,13,2024-12-19 09:25:16
500119069,26,11,13,2024-12-19 12:38:14
500119069,26,11,13,2024-12-19 12:59:16
500107123,26,11,15,2024-12-19 10:34:15
500107160,26,11,15,2024-12-19 09:41:15
500104043,26,9,16,2024-12-19 12:21:15
500107123,26,10,16,2024-12-19 11:55:17
500107123,26,10,16,2024-12-19 10:41:15
500111021,26,10,16,2024-12-19 09:07:15
500111036,26,10,16,2024-12-19 09:38:14
500112084,26,8,16,2024-12-19 12:45:16
500112084,26,9,16,2024-12-19 11:15:15
500113026,26,10,16,2024-12-19 10:02:15
500103035,26,9,17,2024-12-19 09:38:14
500113026,26,9,17,2024-12-19 09:31:15
500111021,26,8,18,2024-12-19 11:31:15
500111021,26,8,18,2024-12-19 12:03:15
500112052,26,8,18,2024-12-19 11:07:16
500112052,26,8,18,2024-12-19 11:14:15
500101204,26,7,19,2024-12-19 12:04:16
500103031,26,6,20,2024-12-19 11:44:15
500103035,26,6,20,2024-12-19 09:56:16
500110084,26,6,20,2024-12-19 12:28:15
500110084,26,3,20,2024-12-19 10:39:16
500111047,26,6,20,2024-12-19 11:49:16
500111047,26,5,21,2024-12-19 11:31:15
500110084,26,1,22,2024-12-19 10:10:16
500112052,26,3,23,2024-12-19 12:18:15
500107112,26,2,24,2024-12-19 09:45:15
500107162,26,1,24,2024-12-19 10:37:16
500103035,26,1,25,2024-12-19 11:35:16
500110090,26,1,25,2024-12-19 12:22:16
500112084,26,0,25,2024-12-19 09:07:16
500101217,26,0,26,2024-12-19 11:57:16
500107087,26,5,21,2024-12-19 04:08:14
500101190,26,20,3,2024-12-19 20:28:15
500101217,26,23,3,2024-12-19 19:38:14
500101217,26,21,5,2024-12-19 20:37:16
500107162,26,20,5,2024-12-19 19:55:16
500107162,26,20,5,2024-12-19 19:31:14
500108182,26,21,5,2024-12-19 18:54:15
500106089,26,20,6,2024-12-19 21:01:15
500108182,26,20,6,2024-12-19 20:03:15
500106106,26,19,7,2024-12-19 20:39:16
500111039,26,19,7,2024-12-19 19:20:17
500119052,26,19,7,2024-12-19 20:38:15
500107162,26,17,8,2024-12-19 20:34:14
500101217,26,16,10,2024-12-19 18:55:17
500104042,26,16,10,2024-12-19 19:17:15
500107162,26,14,11,2024-12-19 20:53:15
500112075,26,15,11,2024-12-19 17:59:15
500101190,26,14,12,2024-12-19 17:37:16
500101204,26,14,12,2024-12-19 19:04:15
500119052,26,14,12,2024-12-19 20:53:15
500103031,26,13,13,2024-12-19 18:04:16
500103031,26,10,13,2024-12-19 19:29:15
500104042,26,13,13,2024-12-19 18:28:16
500107112,26,13,13,2024-12-19 20:08:14
500108182,26,13,13,2024-12-19 18:10:17
500112044,26,12,13,2024-12-19 17:46:15
500101204,26,12,14,2024-12-19 18:03:15
500104012,26,12,14,2024-12-19 17:56:16
500107087,26,12,14,2024-12-19 17:52:15
500108182,26,12,14,2024-12-19 17:16:16
500104012,26,11,15,2024-12-19 19:55:16
500105013,26,10,16,2024-12-19 21:20:16
500101204,26,9,17,2024-12-19 20:10:17
500111041,26,9,17,2024-12-19 18:40:17
500104012,26,8,18,2024-12-19 21:19:16
500105013,26,6,20,2024-12-19 18:34:15
500105026,26,6,20,2024-12-19 20:35:16
500111033,26,6,20,2024-12-19 21:17:15
500112052,26,6,20,2024-12-19 19:06:16
500104043,26,5,21,2024-12-19 17:31:15
500107123,26,5,21,2024-12-19 20:58:15
500107160,26,5,21,2024-12-19 17:55:17
500108183,26,5,21,2024-12-19 19:19:15
500111033,26,5,21,2024-12-19 20:25:15
500112044,26,1,21,2024-12-19 19:32:15
500119069,26,3,21,2024-12-19 20:39:16
500105013,26,4,22,2024-12-19 18:22:15
500105026,26,4,22,2024-12-19 20:55:17
500108183,26,4,22,2024-12-19 20:36:15
500109039,26,4,22,2024-12-19 17:59:15
500119052,26,0,22,2024-12-19 17:45:17
500105026,26,3,23,2024-12-19 19:42:15
500107123,26,3,23,2024-12-19 19:47:15
500108183,26,3,23,2024-12-19 20:46:16
500112052,26,3,23,2024-12-19 18:22:15
500113026,26,3,23,2024-12-19 19:17:15
500109039,26,2,24,2024-12-19 20:45:16
500107157,26,1,25,2024-12-19 20:08:14
500113026,26,1,25,2024-12-19 18:37:15
500107123,26,0,26,2024-12-19 18:33:17
500112075,26,23,3,2024-12-19 16:06:15
500119081,26,22,4,2024-12-19 16:37:15
500101204,26,21,5,2024-12-19 15:58:15
500111033,26,21,5,2024-12-19 15:09:15
500101204,26,20,6,2024-12-19 16:22:16
500104042,26,19,7,2024-12-19 15:34:15
500112075,26,19,7,2024-12-19 17:16:16
500101204,26,18,8,2024-12-19 17:16:16
500106106,26,18,8,2024-12-19 14:10:16
500111033,26,18,8,2024-12-19 16:47:15
500111041,26,18,8,2024-12-19 16:59:15
500119052,26,11,8,2024-12-19 13:28:15
500101204,26,17,9,2024-12-19 15:13:15
500108179,26,17,9,2024-12-19 16:10:16
500110018,26,16,9,2024-12-19 13:48:15
500112044,26,15,9,2024-12-19 14:26:15
500119069,26,15,9,2024-12-19 16:16:15
500119069,26,15,9,2024-12-19 14:07:16
500106106,26,16,10,2024-12-19 14:46:15
500101217,26,15,11,2024-12-19 13:18:14
500106089,26,15,11,2024-12-19 14:36:15
500108179,26,15,11,2024-12-19 14:45:15
500119069,26,12,12,2024-12-19 13:24:15
500101190,26,12,14,2024-12-19 16:14:15
500103035,26,12,14,2024-12-19 13:59:15
500103035,26,12,14,2024-12-19 14:23:15
500112044,26,11,14,2024-12-19 16:45:17
500112084,26,10,14,2024-12-19 14:30:16
500106089,26,11,15,2024-12-19 17:08:16
500101217,26,9,17,2024-12-19 15:12:15
500103035,26,9,17,2024-12-19 13:32:15
500104043,26,9,17,2024-12-19 16:35:15
500101190,26,8,18,2024-12-19 16:48:16
500103031,26,8,18,2024-12-19 15:31:15
500103031,26,8,18,2024-12-19 16:31:15
500113026,26,8,18,2024-12-19 13:16:15
500107087,26,7,19,2024-12-19 17:14:16
500111036,26,7,19,2024-12-19 16:15:16
500101217,26,6,20,2024-12-19 15:36:15
500104043,26,6,20,2024-12-19 16:49:15
500105013,26,5,21,2024-12-19 16:43:15
500107160,26,3,23,2024-12-19 14:18:15
500111021,26,2,23,2024-12-19 16:56:15
500112052,26,3,23,2024-12-19 15:16:15
500101217,26,2,24,2024-12-19 16:38:15
500111036,26,2,24,2024-12-19 17:17:15
500107157,26,0,26,2024-12-19 16:38:15
500119052,26,1,25,2024-12-19 21:48:15
500112075,26,25,1,2024-12-19 08:46:15
500109039,26,24,2,2024-12-19 07:29:14
500103035,26,22,4,2024-12-19 06:15:16
500105026,26,21,4,2024-12-19 08:23:15
500108179,26,22,4,2024-12-19 06:10:16
500112044,26,17,4,2024-12-19 06:53:15
500104043,26,20,5,2024-12-19 08:46:15
500111047,26,17,5,2024-12-19 06:08:14
500111047,26,16,6,2024-12-19 04:46:15
500101217,26,19,7,2024-12-19 06:51:15
500111047,26,15,7,2024-12-19 05:48:14
500112108,26,17,8,2024-12-19 07:17:14
500101217,26,17,9,2024-12-19 07:39:14
500104042,26,17,9,2024-12-19 08:36:15
500104043,26,16,9,2024-12-19 08:24:15
500110018,26,16,9,2024-12-19 06:17:14
500104042,26,16,10,2024-12-19 08:45:16
500105013,26,15,10,2024-12-19 06:45:16
500108179,26,16,10,2024-12-19 07:37:15
500105013,26,14,11,2024-12-19 06:48:15
500107160,26,15,11,2024-12-19 08:13:15
500111047,26,15,11,2024-12-19 08:19:15
500105026,26,13,13,2024-12-19 06:07:15
500107123,26,13,13,2024-12-19 07:53:16
500111036,26,13,13,2024-12-19 08:00:17
500119081,26,13,13,2024-12-19 08:56:16
500108183,26,12,14,2024-12-19 07:34:15
500110084,26,9,14,2024-12-19 07:40:16
500104043,26,10,15,2024-12-19 06:51:15
500111033,26,11,15,2024-12-19 06:56:15
500119052,26,5,15,2024-12-19 08:37:15
500106106,26,10,16,2024-12-19 07:27:15
500111021,26,10,16,2024-12-19 07:25:15
500111041,26,9,16,2024-12-19 07:47:15
500101204,26,9,17,2024-12-19 08:17:15
500105101,26,8,18,2024-12-19 07:46:15
500107087,26,8,18,2024-12-19 06:25:15
500106089,26,7,19,2024-12-19 04:53:14
500111036,26,7,19,2024-12-19 08:45:16
500107087,26,6,20,2024-12-19 06:50:16
500113026,26,6,20,2024-12-19 08:45:16
500101204,26,5,21,2024-12-19 05:47:15
500104043,26,4,21,2024-12-19 08:03:15
500105013,26,4,21,2024-12-19 07:55:17
500106089,26,3,23,2024-12-19 07:35:15
500111041,26,2,23,2024-12-19 05:39:15
500112084,26,1,23,2024-12-19 07:49:16
500119081,26,2,24,2024-12-19 06:10:16
500101190,26,1,25,2024-12-19 07:34:15
500119081,26,1,25,2024-12-19 06:46:15
500119081,26,0,26,2024-12-19 07:26:15
500112052,26,11,15,2024-12-19 23:22:15
500105013,26,19,7,2024-12-19 00:18:15
500108179,26,11,15,2024-12-19 00:13:15
500111047,26,16,6,2024-12-19 00:22:15
500112084,26,10,15,2024-12-19 00:06:15
500108179,26,12,14,2024-12-19 00:57:15
500119052,26,4,22,2024-12-19 00:31:14
500119052,26,1,25,2024-12-19 00:06:15
500112047,27,16,10,2024-12-19 23:55:16
500111070,27,19,8,2024-12-19 00:37:15
500106136,27,3,23,2024-12-19 22:38:15
500107152,27,7,20,2024-12-19 22:25:16
500104027,27,8,19,2024-12-19 21:39:15
500105081,27,12,15,2024-12-19 21:26:16
500105084,27,13,14,2024-12-19 21:33:16
500101006,27,23,4,2024-12-19 21:30:16
500107092,27,9,18,2024-12-19 02:50:16
500111070,27,20,7,2024-12-19 01:46:14
500110035,27,14,12,2024-12-19 03:46:15
500101188,27,4,23,2024-12-19 22:09:15
500109064,27,5,22,2024-12-19 21:58:15
500101006,27,21,6,2024-12-19 21:51:15
500104026,27,8,18,2024-12-19 21:59:15
500101251,27,11,16,2024-12-19 21:58:15
500111070,27,11,16,2024-12-19 21:57:15
500111065,27,25,2,2024-12-19 21:41:15
500101006,27,12,15,2024-12-19 02:18:14
500111070,27,15,12,2024-12-19 22:14:14
500105081,27,15,12,2024-12-19 22:22:15
500111024,27,27,0,2024-12-19 09:07:15
500101038,27,26,1,2024-12-19 11:45:16
500106054,27,22,1,2024-12-19 11:25:16
500109064,27,23,4,2024-12-19 11:13:15
500101038,27,22,5,2024-12-19 13:07:15
500106054,27,18,5,2024-12-19 09:02:15
500101038,27,19,8,2024-12-19 12:37:15
500109057,27,18,9,2024-12-19 09:29:15
500106054,27,11,10,2024-12-19 10:02:15
500106054,27,10,11,2024-12-19 10:43:16
500109064,27,16,11,2024-12-19 09:28:15
500106054,27,9,12,2024-12-19 11:17:15
500108002,27,15,12,2024-12-19 09:37:15
500101006,27,14,13,2024-12-19 09:06:15
500108058,27,13,14,2024-12-19 12:08:15
500105081,27,11,15,2024-12-19 11:18:16
500107152,27,12,15,2024-12-19 10:06:15
500104027,27,8,16,2024-12-19 09:07:15
500105081,27,10,16,2024-12-19 12:14:16
500105081,27,10,16,2024-12-19 11:28:16
500104027,27,10,17,2024-12-19 13:07:15
500109064,27,9,18,2024-12-19 09:07:15
500119051,27,9,18,2024-12-19 09:36:15
500119051,27,7,20,2024-12-19 09:45:15
500107092,27,6,21,2024-12-19 12:43:15
500101006,27,5,22,2024-12-19 12:23:15
500105084,27,5,22,2024-12-19 11:46:15
500110025,27,5,22,2024-12-19 09:54:15
500107092,27,4,23,2024-12-19 12:15:16
500110035,27,4,23,2024-12-19 12:44:15
500107092,27,3,24,2024-12-19 11:02:15
500111070,27,1,25,2024-12-19 09:27:15
500119063,27,2,25,2024-12-19 11:57:15
500101188,27,1,26,2024-12-19 10:04:15
500106136,27,0,26,2024-12-19 09:15:16
500111070,27,0,26,2024-12-19 09:00:20
500111070,27,0,26,2024-12-19 10:50:18
500112047,27,1,26,2024-12-19 12:36:15
500119051,27,1,26,2024-12-19 12:57:15
500119051,27,1,26,2024-12-19 11:55:17
500119051,27,1,26,2024-12-19 12:08:15
500119063,27,1,26,2024-12-19 11:30:17
500107092,27,0,27,2024-12-19 11:30:18
500110035,27,0,27,2024-12-19 11:36:16
500101006,27,27,0,2024-12-19 19:28:15
500111065,27,27,0,2024-12-19 19:07:15
500111065,27,26,1,2024-12-19 20:05:17
500119063,27,19,8,2024-12-19 18:47:16
500119063,27,18,9,2024-12-19 19:18:15
500101251,27,16,11,2024-12-19 21:08:15
500101251,27,15,12,2024-12-19 21:12:15
500107169,27,15,12,2024-12-19 17:57:15
500105081,27,13,14,2024-12-19 19:26:15
500109064,27,13,14,2024-12-19 17:35:16
500110025,27,13,14,2024-12-19 19:43:15
500106054,27,10,15,2024-12-19 18:12:16
500109064,27,12,15,2024-12-19 19:27:15
500110025,27,12,15,2024-12-19 19:33:15
500112047,27,12,15,2024-12-19 21:16:15
500101251,27,10,17,2024-12-19 19:48:15
500107152,27,10,17,2024-12-19 17:44:15
500111070,27,10,17,2024-12-19 18:01:16
500101251,27,9,18,2024-12-19 19:15:16
500105081,27,9,18,2024-12-19 17:29:16
500107152,27,9,18,2024-12-19 17:37:16
500108002,27,9,18,2024-12-19 17:14:16
500108002,27,8,19,2024-12-19 18:03:15
500109057,27,8,19,2024-12-19 17:57:15
500110035,27,8,19,2024-12-19 18:40:17
500109057,27,7,20,2024-12-19 18:35:16
500109064,27,7,20,2024-12-19 18:08:16
500111070,27,7,20,2024-12-19 18:58:16
500104026,27,5,21,2024-12-19 17:26:15
500105084,27,6,21,2024-12-19 17:35:16
500107152,27,6,21,2024-12-19 20:20:16
500107152,27,4,23,2024-12-19 19:22:16
500106136,27,2,24,2024-12-19 17:59:14
500119063,27,3,24,2024-12-19 17:32:15
500107092,27,1,26,2024-12-19 20:11:16
500101038,27,0,27,2024-12-19 18:54:16
500111065,27,24,3,2024-12-19 16:46:14
500111065,27,23,4,2024-12-19 17:16:16
500111065,27,22,5,2024-12-19 13:58:16
500109057,27,19,8,2024-12-19 13:22:15
500109064,27,18,9,2024-12-19 17:08:15
500106054,27,11,12,2024-12-19 13:44:15
500109057,27,12,15,2024-12-19 17:00:17
500109057,27,11,16,2024-12-19 17:18:16
500101188,27,8,19,2024-12-19 13:41:15
500101251,27,7,20,2024-12-19 14:09:16
500110025,27,7,20,2024-12-19 13:37:15
500101006,27,6,21,2024-12-19 16:07:15
500101006,27,5,22,2024-12-19 14:34:15
500104027,27,5,22,2024-12-19 16:16:15
500119051,27,5,22,2024-12-19 16:13:15
500119063,27,5,22,2024-12-19 15:16:15
500101006,27,4,23,2024-12-19 13:32:15
500101038,27,4,23,2024-12-19 16:38:15
500101251,27,4,23,2024-12-19 15:38:15
500107092,27,4,23,2024-12-19 17:08:16
500110035,27,4,23,2024-12-19 14:29:15
500106136,27,2,24,2024-12-19 16:43:15
500119063,27,3,24,2024-12-19 14:35:16
500119051,27,1,26,2024-12-19 17:16:16
500119051,27,1,26,2024-12-19 15:22:17
500105081,27,14,13,2024-12-19 21:44:15
500104027,27,24,3,2024-12-19 07:36:15
500110025,27,21,6,2024-12-19 06:47:15
500111070,27,20,6,2024-12-19 05:38:14
500106054,27,16,10,2024-12-19 08:03:14
500109057,27,17,10,2024-12-19 08:46:15
500105081,27,15,11,2024-12-19 08:13:15
500110025,27,15,12,2024-12-19 08:16:15
500110035,27,14,12,2024-12-19 06:30:16
500119051,27,15,12,2024-12-19 07:57:16
500101188,27,13,14,2024-12-19 08:36:15
500107092,27,13,14,2024-12-19 08:36:15
500110025,27,13,14,2024-12-19 08:37:15
500106054,27,10,16,2024-12-19 07:35:16
500101038,27,10,17,2024-12-19 08:56:16
500101188,27,10,17,2024-12-19 08:46:15
500105084,27,9,18,2024-12-19 08:03:15
500105035,27,8,19,2024-12-19 05:26:15
500107092,27,8,19,2024-12-19 06:23:15
500119063,27,8,19,2024-12-19 08:27:16
500101188,27,7,20,2024-12-19 07:32:15
500101251,27,7,20,2024-12-19 07:54:14
500106054,27,6,20,2024-12-19 07:15:16
500101038,27,6,21,2024-12-19 08:17:15
500101006,27,5,22,2024-12-19 08:55:16
500110035,27,4,22,2024-12-19 07:45:16
500111024,27,4,23,2024-12-19 05:58:15
500101006,27,3,24,2024-12-19 08:14:16
500104026,27,1,25,2024-12-19 07:15:17
500104026,27,1,25,2024-12-19 07:37:15
500101038,27,3,24,2024-12-19 03:51:16
500104027,27,5,22,2024-12-19 00:05:15
500109064,27,3,24,2024-12-19 00:16:15
500112047,27,23,3,2024-12-19 00:47:15
500119051,27,1,26,2024-12-19 00:07:15
500104027,27,6,21,2024-12-19 23:53:15
500107092,27,6,21,2024-12-19 23:18:15
500119051,27,9,18,2024-12-19 23:02:14
500104027,27,7,20,2024-12-19 22:25:16
500106054,27,2,23,2024-12-19 20:41:15
500104027,27,4,23,2024-12-19 01:51:14
500104027,27,8,19,2024-12-19 22:00:16
500105081,27,17,10,2024-12-19 22:03:15
500110035,27,7,20,2024-12-19 21:59:15
500112047,27,14,13,2024-12-19 21:48:15
500104027,27,4,23,2024-12-19 00:20:15
500111070,27,20,6,2024-12-19 04:34:15
500110035,27,7,20,2024-12-19 22:10:17
500109064,27,26,1,2024-12-19 13:07:15
500109064,27,24,3,2024-12-19 11:32:15
500111065,27,24,3,2024-12-19 11:58:15
500111065,27,24,3,2024-12-19 12:11:16
500111024,27,22,5,2024-12-19 12:19:16
500111065,27,21,6,2024-12-19 09:27:15
500111065,27,21,6,2024-12-19 09:37:15
500106054,27,11,12,2024-12-19 12:08:15
500107152,27,15,12,2024-12-19 09:43:15
500104027,27,11,13,2024-12-19 09:59:16
500101251,27,13,14,2024-12-19 12:19:16
500105081,27,12,14,2024-12-19 09:27:15
500108002,27,13,14,2024-12-19 12:06:16
500107152,27,12,15,2024-12-19 10:53:16
500108058,27,12,15,2024-12-19 10:26:14
500105035,27,11,16,2024-12-19 10:34:15
500104027,27,7,17,2024-12-19 09:22:15
500104027,27,10,17,2024-12-19 11:56:16
500101006,27,8,19,2024-12-19 12:48:14
500111070,27,6,20,2024-12-19 11:53:16
500110025,27,6,21,2024-12-19 10:58:16
500101251,27,3,24,2024-12-19 11:38:15
500104026,27,2,24,2024-12-19 12:10:16
500110035,27,2,24,2024-12-19 09:24:14
500101006,27,2,25,2024-12-19 10:31:16
500101251,27,2,25,2024-12-19 09:54:15
500104026,27,1,25,2024-12-19 11:28:16
500101251,27,1,26,2024-12-19 09:43:16
500104026,27,0,26,2024-12-19 12:38:14
500106136,27,0,26,2024-12-19 10:39:15
500110035,27,0,26,2024-12-19 09:04:16
500110035,27,1,26,2024-12-19 10:02:15
500119063,27,0,27,2024-12-19 11:07:16
500111065,27,26,1,2024-12-19 17:48:16
500101006,27,24,3,2024-12-19 20:39:16
500111065,27,23,4,2024-12-19 18:18:16
500108058,27,19,8,2024-12-19 20:11:16
500110025,27,13,14,2024-12-19 20:42:15
500105081,27,12,15,2024-12-19 18:05:16
500105081,27,12,15,2024-12-19 19:10:17
500110025,27,9,18,2024-12-19 18:32:16
500110035,27,9,18,2024-12-19 18:54:15
500104027,27,8,19,2024-12-19 18:32:16
500106054,27,6,19,2024-12-19 19:19:15
500104026,27,6,20,2024-12-19 18:27:15
500106054,27,5,20,2024-12-19 20:04:16
500107092,27,7,20,2024-12-19 19:09:14
500111024,27,7,20,2024-12-19 20:26:16
500111070,27,7,20,2024-12-19 19:46:15
500104026,27,5,21,2024-12-19 21:12:15
500105035,27,6,21,2024-12-19 20:06:15
500101251,27,5,22,2024-12-19 17:47:16
500105084,27,5,22,2024-12-19 17:48:15
500106054,27,3,22,2024-12-19 20:36:15
500107152,27,5,22,2024-12-19 20:33:15
500109064,27,5,22,2024-12-19 20:39:16
500112047,27,5,22,2024-12-19 18:05:16
500101188,27,4,23,2024-12-19 20:58:15
500107092,27,4,23,2024-12-19 17:59:15
500109057,27,4,23,2024-12-19 19:33:15
500107092,27,3,24,2024-12-19 17:38:16
500101038,27,2,25,2024-12-19 20:49:15
500101188,27,2,25,2024-12-19 18:02:15
500111070,27,2,25,2024-12-19 20:26:16
500101038,27,1,26,2024-12-19 17:26:15
500101038,27,1,26,2024-12-19 17:52:15
500104027,27,1,26,2024-12-19 17:24:17
500107092,27,1,26,2024-12-19 18:18:16
500107092,27,1,26,2024-12-19 18:29:16
500119051,27,1,26,2024-12-19 18:12:16
500101038,27,0,27,2024-12-19 19:56:15
500101188,27,0,27,2024-12-19 17:49:16
500119051,27,0,27,2024-12-19 19:49:15
500101038,27,27,0,2024-12-19 13:43:16
500101038,27,26,1,2024-12-19 14:38:15
500111065,27,21,6,2024-12-19 13:20:16
500106054,27,12,11,2024-12-19 16:22:16
500104027,27,9,18,2024-12-19 14:50:15
500104027,27,9,18,2024-12-19 14:28:15
500101251,27,8,19,2024-12-19 14:08:15
500107152,27,8,19,2024-12-19 15:48:15
500110025,27,8,19,2024-12-19 14:11:16
500112047,27,8,19,2024-12-19 16:30:16
500101251,27,7,20,2024-12-19 14:48:15
500111070,27,7,20,2024-12-19 13:54:15
500111070,27,5,22,2024-12-19 16:37:15
500112047,27,5,22,2024-12-19 17:15:17
500112047,27,5,22,2024-12-19 15:18:15
500101038,27,4,23,2024-12-19 17:06:15
500104026,27,3,23,2024-12-19 14:27:15
500104027,27,3,24,2024-12-19 16:31:15
500107092,27,3,24,2024-12-19 15:40:15
500107092,27,3,24,2024-12-19 14:36:16
500119051,27,1,26,2024-12-19 13:27:15
500111024,27,25,2,2024-12-19 08:54:15
500105081,27,18,8,2024-12-19 05:39:15
500104027,27,18,9,2024-12-19 07:19:16
500109064,27,18,9,2024-12-19 07:42:15
500101251,27,17,10,2024-12-19 06:38:15
500105081,27,16,10,2024-12-19 07:52:15
500119051,27,17,10,2024-12-19 08:03:15
500110025,27,16,11,2024-12-19 07:45:16
500111024,27,14,13,2024-12-19 07:46:15
500101006,27,13,14,2024-12-19 04:54:15
500108002,27,13,14,2024-12-19 08:45:16
500105035,27,12,15,2024-12-19 07:48:14
500110035,27,11,15,2024-12-19 07:17:14
500111070,27,11,15,2024-12-19 06:33:15
500105035,27,11,16,2024-12-19 08:57:14
500105035,27,11,16,2024-12-19 07:46:15
500107152,27,11,16,2024-12-19 08:56:16
500108058,27,11,16,2024-12-19 06:59:15
500101188,27,10,17,2024-12-19 06:15:15
500108002,27,10,17,2024-12-19 08:08:15
500101188,27,9,18,2024-12-19 06:59:15
500101038,27,8,19,2024-12-19 08:37:15
500107152,27,8,19,2024-12-19 08:14:16
500119063,27,8,19,2024-12-19 07:29:15
500107092,27,7,20,2024-12-19 06:35:14
500109064,27,7,20,2024-12-19 06:35:15
500119051,27,7,20,2024-12-19 07:09:15
500101038,27,5,22,2024-12-19 07:57:16
500111065,27,4,23,2024-12-19 06:10:16
500105100,27,3,24,2024-12-19 06:09:15
500111065,27,3,24,2024-12-19 05:55:16
500101251,27,1,26,2024-12-19 08:27:16
500104026,27,0,26,2024-12-19 08:09:17
500104026,27,0,26,2024-12-19 07:27:15
500101251,27,0,27,2024-12-19 08:47:15
500119063,27,0,27,2024-12-19 08:51:18
500110025,27,20,7,2024-12-19 00:33:15
500101251,27,13,14,2024-12-19 00:18:14
500110035,27,10,17,2024-12-19 22:50:16
500110025,27,20,7,2024-12-19 23:02:14
500104026,27,7,19,2024-12-19 00:42:15
500105081,27,15,12,2024-12-19 22:39:15
500111070,27,19,8,2024-12-19 22:55:16
500110035,27,9,18,2024-12-19 22:25:16
500119051,27,9,18,2024-12-19 22:27:15
500119063,27,18,9,2024-12-19 22:22:15
500111024,27,5,22,2024-12-19 21:38:15
500105035,27,7,20,2024-12-19 20:37:16
500107152,27,10,17,2024-12-19 03:00:16
500109064,27,2,25,2024-12-19 03:08:15
500119063,27,19,8,2024-12-19 21:54:15
500111065,27,2,25,2024-12-19 01:19:15
500112047,27,24,2,2024-12-19 03:26:16
500105084,27,14,13,2024-12-19 22:13:15
500104026,27,8,18,2024-12-19 04:38:14
500106136,27,2,24,2024-12-19 01:50:15
500101251,27,10,17,2024-12-19 23:33:15
500101038,27,27,0,2024-12-19 11:34:15
500109064,27,27,0,2024-12-19 12:37:15
500109064,27,26,1,2024-12-19 12:47:16
500109064,27,22,5,2024-12-19 12:05:16
500109064,27,22,5,2024-12-19 11:04:15
500101038,27,21,6,2024-12-19 10:18:15
500109057,27,19,8,2024-12-19 09:00:18
500109057,27,16,11,2024-12-19 12:28:15
500109057,27,16,11,2024-12-19 11:53:15
500109064,27,16,11,2024-12-19 09:44:15
500106054,27,10,13,2024-12-19 09:21:15
500109064,27,14,13,2024-12-19 09:27:15
500101038,27,13,14,2024-12-19 09:39:14
500105035,27,12,15,2024-12-19 12:38:15
500105035,27,12,15,2024-12-19 09:30:15
500106054,27,8,15,2024-12-19 12:47:15
500107152,27,12,15,2024-12-19 09:09:15
500108058,27,12,15,2024-12-19 12:21:15
500101251,27,11,16,2024-12-19 12:25:15
500104027,27,11,16,2024-12-19 12:07:15
500107152,27,11,16,2024-12-19 11:34:15
500104027,27,7,17,2024-12-19 09:09:15
500107152,27,10,17,2024-12-19 10:24:15
500101188,27,9,18,2024-12-19 12:35:16
500107152,27,9,18,2024-12-19 12:13:15
500107152,27,8,19,2024-12-19 12:21:15
500111070,27,6,20,2024-12-19 13:06:14
500110025,27,6,21,2024-12-19 09:27:15
500101251,27,4,23,2024-12-19 12:08:15
500104026,27,2,24,2024-12-19 11:43:15
500104026,27,2,24,2024-12-19 10:03:15
500104026,27,2,24,2024-12-19 11:18:15
500106136,27,1,25,2024-12-19 12:31:15
500112047,27,2,25,2024-12-19 11:12:16
500119063,27,1,26,2024-12-19 10:54:15
500101251,27,0,27,2024-12-19 08:55:16
500110035,27,0,27,2024-12-19 12:21:16
500119063,27,0,27,2024-12-19 13:08:16
500101006,27,27,0,2024-12-19 18:28:16
500111065,27,27,0,2024-12-19 19:47:15
500101006,27,25,2,2024-12-19 20:12:15
500101006,27,25,2,2024-12-19 19:49:15
500101006,27,23,4,2024-12-19 21:05:16
500111070,27,20,7,2024-12-19 18:38:16
500119063,27,20,7,2024-12-19 18:56:15
500119063,27,19,8,2024-12-19 17:59:15
500119063,27,18,9,2024-12-19 18:03:15
500119063,27,17,10,2024-12-19 19:20:16
500119063,27,16,11,2024-12-19 18:24:16
500109064,27,15,12,2024-12-19 18:34:15
500104027,27,14,13,2024-12-19 17:35:16
500111024,27,14,13,2024-12-19 17:25:16
500104026,27,10,16,2024-12-19 19:48:15
500110025,27,11,16,2024-12-19 19:07:15
500101251,27,9,18,2024-12-19 19:37:16
500104027,27,9,18,2024-12-19 19:00:18
500112047,27,9,18,2024-12-19 18:48:15
500104026,27,7,19,2024-12-19 20:26:16
500109064,27,8,19,2024-12-19 17:48:15
500105084,27,7,20,2024-12-19 19:03:15
500107152,27,7,20,2024-12-19 18:18:15
500110035,27,7,20,2024-12-19 21:19:16
500119051,27,7,20,2024-12-19 21:08:15
500104026,27,5,21,2024-12-19 18:34:15
500105035,27,6,21,2024-12-19 17:42:15
500110035,27,6,21,2024-12-19 19:36:15
500112047,27,6,21,2024-12-19 18:37:15
500105035,27,5,22,2024-12-19 17:51:16
500105084,27,5,22,2024-12-19 18:13:15
500105084,27,4,23,2024-12-19 18:05:16
500119051,27,4,23,2024-12-19 19:58:15
500101251,27,3,24,2024-12-19 17:26:15
500104026,27,2,24,2024-12-19 20:49:15
500107092,27,3,24,2024-12-19 17:48:15
500110035,27,3,24,2024-12-19 20:05:16
500110035,27,3,24,2024-12-19 17:27:16
500105035,27,2,25,2024-12-19 19:08:15
500107152,27,2,25,2024-12-19 18:31:15
500101038,27,1,26,2024-12-19 20:59:15
500119051,27,1,26,2024-12-19 18:05:16
500119051,27,0,27,2024-12-19 18:38:16
500109064,27,27,0,2024-12-19 14:50:19
500101038,27,25,2,2024-12-19 14:58:15
500101038,27,25,2,2024-12-19 14:40:17
500101038,27,24,3,2024-12-19 15:02:15
500111065,27,23,4,2024-12-19 15:07:15
500101038,27,21,6,2024-12-19 15:33:15
500111024,27,21,6,2024-12-19 13:44:15
500109064,27,18,9,2024-12-19 16:36:15
500109057,27,16,11,2024-12-19 14:35:15
500111024,27,16,11,2024-12-19 16:57:16
500106054,27,10,13,2024-12-19 13:29:15
500101006,27,9,18,2024-12-19 17:03:16
500105035,27,9,18,2024-12-19 17:16:16
500105081,27,9,18,2024-12-19 17:12:16
500110025,27,9,18,2024-12-19 13:54:15
500105081,27,7,19,2024-12-19 14:58:15
500107152,27,8,19,2024-12-19 16:11:15
500111070,27,8,19,2024-12-19 14:36:15
500101006,27,7,20,2024-12-19 16:48:16
500101188,27,7,20,2024-12-19 14:27:15
500105081,27,7,20,2024-12-19 16:36:15
500111070,27,6,21,2024-12-19 16:21:15
500101038,27,5,22,2024-12-19 16:58:15
500101006,27,4,23,2024-12-19 15:16:15
500104026,27,3,23,2024-12-19 17:13:15
500106136,27,3,23,2024-12-19 13:48:16
500107092,27,4,23,2024-12-19 13:35:15
500110035,27,4,23,2024-12-19 16:51:15
500119063,27,4,23,2024-12-19 14:44:15
500106136,27,2,24,2024-12-19 14:35:15
500119063,27,3,24,2024-12-19 16:21:15
500104026,27,1,25,2024-12-19 13:16:15
500107092,27,2,25,2024-12-19 14:42:15
500119063,27,1,26,2024-12-19 15:54:15
500111070,27,11,16,2024-12-19 21:46:15
500109064,27,26,1,2024-12-19 08:36:17
500109064,27,26,1,2024-12-19 08:57:16
500110025,27,21,6,2024-12-19 05:49:15
500107169,27,19,8,2024-12-19 07:20:16
500105081,27,16,10,2024-12-19 07:17:14
500105081,27,15,11,2024-12-19 07:18:15
500109064,27,16,11,2024-12-19 07:32:15
500101251,27,15,12,2024-12-19 07:15:17
500110025,27,15,12,2024-12-19 07:37:15
500108058,27,13,14,2024-12-19 07:21:15
500108058,27,13,14,2024-12-19 07:53:16
500111070,27,12,14,2024-12-19 06:26:15
500112047,27,13,14,2024-12-19 07:15:17
500104027,27,11,16,2024-12-19 08:37:15
500111024,27,11,16,2024-12-19 07:37:15
500105035,27,10,17,2024-12-19 08:01:15
500107092,27,10,17,2024-12-19 06:10:16
500108002,27,10,17,2024-12-19 07:47:15
500104026,27,8,18,2024-12-19 05:40:15
500107092,27,9,18,2024-12-19 05:01:14
500107152,27,9,18,2024-12-19 07:37:15
500101188,27,8,19,2024-12-19 05:05:16
500101188,27,8,19,2024-12-19 07:23:15
500107092,27,8,19,2024-12-19 07:27:15
500106054,27,5,21,2024-12-19 06:47:15
500101006,27,3,24,2024-12-19 08:34:15
500101038,27,3,24,2024-12-19 06:27:15
500110035,27,2,24,2024-12-19 08:45:16
500110035,27,2,24,2024-12-19 07:57:16
500111070,27,2,24,2024-12-19 08:17:15
500101006,27,2,25,2024-12-19 08:23:15
500110035,27,1,25,2024-12-19 07:58:15
500111065,27,2,25,2024-12-19 08:26:15
500111070,27,1,25,2024-12-19 08:55:16
500101038,27,1,26,2024-12-19 07:14:15
500109064,27,3,24,2024-12-19 00:20:15
500101188,27,8,19,2024-12-19 23:10:15
500101006,27,27,0,2024-12-19 23:24:15
500109064,27,5,22,2024-12-19 23:39:14
500108058,27,10,17,2024-12-19 21:47:15
500108002,27,8,19,2024-12-19 00:30:16
500107092,27,0,27,2024-12-19 22:04:15
500112047,27,16,11,2024-12-19 22:16:14
500111070,27,9,18,2024-12-19 21:30:16
500101251,27,13,14,2024-12-19 21:39:15
500110025,27,18,9,2024-12-19 21:26:15
500111065,27,1,26,2024-12-19 01:43:15
500101006,27,14,13,2024-12-19 04:09:15
500101038,27,1,26,2024-12-19 22:09:15
500101038,27,0,27,2024-12-19 21:49:15
500101251,27,13,14,2024-12-19 22:17:15
500109064,27,7,20,2024-12-19 23:27:14
500111065,27,25,2,2024-12-19 10:24:15
500111065,27,24,3,2024-12-19 12:47:15
500106054,27,19,4,2024-12-19 11:45:15
500109064,27,23,4,2024-12-19 11:55:18
500111024,27,22,5,2024-12-19 10:28:15
500109064,27,18,9,2024-12-19 10:28:15
500111065,27,18,9,2024-12-19 09:09:15
500106054,27,11,10,2024-12-19 10:37:16
500107169,27,17,10,2024-12-19 11:35:17
500101038,27,14,13,2024-12-19 09:55:17
500107152,27,14,13,2024-12-19 09:31:15
500101188,27,13,14,2024-12-19 12:14:16
500104027,27,13,14,2024-12-19 10:49:16
500105035,27,13,14,2024-12-19 12:27:15
500105035,27,13,14,2024-12-19 09:24:15
500105081,27,12,14,2024-12-19 11:08:15
500107092,27,13,14,2024-12-19 09:37:15
500101038,27,11,16,2024-12-19 09:07:15
500104027,27,10,17,2024-12-19 12:38:15
500107092,27,10,17,2024-12-19 09:08:15
500111070,27,6,20,2024-12-19 11:38:15
500119051,27,7,20,2024-12-19 09:07:15
500101188,27,6,21,2024-12-19 09:07:15
500110025,27,5,22,2024-12-19 12:03:15
500107092,27,4,23,2024-12-19 12:27:15
500110025,27,4,23,2024-12-19 09:31:15
500104026,27,2,24,2024-12-19 12:23:16
500105100,27,3,24,2024-12-19 08:48:15
500110035,27,3,24,2024-12-19 12:51:15
500110035,27,2,24,2024-12-19 09:09:15
500101188,27,2,25,2024-12-19 10:38:15
500110035,27,2,25,2024-12-19 09:37:15
500112047,27,2,25,2024-12-19 12:16:15
500101006,27,1,26,2024-12-19 11:39:15
500101006,27,1,26,2024-12-19 09:52:15
500101251,27,1,26,2024-12-19 11:57:15
500106136,27,0,26,2024-12-19 09:00:20
500110035,27,1,26,2024-12-19 09:38:14
500119051,27,0,27,2024-12-19 12:37:15
500119051,27,0,27,2024-12-19 11:46:14
500119063,27,0,27,2024-12-19 09:42:15
500119063,27,0,27,2024-12-19 11:09:15
500111065,27,22,5,2024-12-19 18:07:16
500111065,27,21,6,2024-12-19 18:28:16
500119063,27,19,8,2024-12-19 21:15:15
500106054,27,14,11,2024-12-19 17:26:15
500108058,27,16,11,2024-12-19 17:20:17
500106054,27,13,12,2024-12-19 17:59:15
500105081,27,14,13,2024-12-19 20:08:15
500101251,27,12,15,2024-12-19 20:37:15
500105081,27,12,15,2024-12-19 17:45:16
500111024,27,12,15,2024-12-19 18:46:15
500112047,27,11,16,2024-12-19 19:48:15
500101251,27,10,17,2024-12-19 19:57:15
500101251,27,10,17,2024-12-19 18:29:16
500109057,27,10,17,2024-12-19 17:27:16
500110025,27,10,17,2024-12-19 19:21:15
500110035,27,10,17,2024-12-19 19:00:18
500111070,27,9,18,2024-12-19 17:59:15
500105084,27,8,19,2024-12-19 20:03:15
500104026,27,6,20,2024-12-19 17:38:16
500110035,27,7,20,2024-12-19 20:50:16
500112047,27,7,20,2024-12-19 17:51:15
500111070,27,6,21,2024-12-19 19:38:15
500112047,27,6,21,2024-12-19 17:39:15
500107092,27,5,22,2024-12-19 19:59:16
500110035,27,5,22,2024-12-19 20:34:15
500107092,27,4,23,2024-12-19 20:03:15
500107092,27,4,23,2024-12-19 18:55:16
500108002,27,4,23,2024-12-19 20:00:17
500110035,27,4,23,2024-12-19 19:57:14
500101038,27,3,24,2024-12-19 19:29:15
500101251,27,3,24,2024-12-19 18:43:15
500105035,27,3,24,2024-12-19 19:24:15
500107152,27,3,24,2024-12-19 19:19:15
500119051,27,2,25,2024-12-19 18:46:15
500101038,27,1,26,2024-12-19 18:18:16
500105035,27,1,26,2024-12-19 18:35:16
500105100,27,1,26,2024-12-19 19:34:15
500101038,27,0,27,2024-12-19 20:06:16
500101188,27,0,27,2024-12-19 18:40:20
500101038,27,25,2,2024-12-19 14:05:18
500109064,27,25,2,2024-12-19 15:17:15
500109064,27,23,4,2024-12-19 15:43:15
500111065,27,21,6,2024-12-19 17:08:16
500101038,27,18,9,2024-12-19 15:57:15
500106054,27,12,11,2024-12-19 14:49:15
500104027,27,8,19,2024-12-19 14:39:16
500101251,27,7,20,2024-12-19 14:53:15
500111070,27,7,20,2024-12-19 15:34:14
500101006,27,5,22,2024-12-19 15:24:15
500107152,27,5,22,2024-12-19 13:38:15
500111070,27,5,22,2024-12-19 16:47:15
500111070,27,4,23,2024-12-19 16:50:17
500112047,27,4,23,2024-12-19 14:45:16
500119063,27,4,23,2024-12-19 14:57:15
500101251,27,3,24,2024-12-19 15:43:15
500101251,27,3,24,2024-12-19 17:17:16
500104026,27,2,24,2024-12-19 14:03:16
500104026,27,1,25,2024-12-19 15:49:14
500104026,27,1,25,2024-12-19 15:06:15
500107092,27,2,25,2024-12-19 15:13:15
500119051,27,2,25,2024-12-19 15:58:15
500107092,27,1,26,2024-12-19 16:12:14
500119051,27,1,26,2024-12-19 13:34:16
500107092,27,0,27,2024-12-19 16:45:17
500119051,27,0,27,2024-12-19 13:53:15
500109064,27,27,0,2024-12-19 08:46:16
500109057,27,18,9,2024-12-19 08:56:16
500106054,27,12,11,2024-12-19 08:47:15
500105081,27,14,12,2024-12-19 08:03:15
500104027,27,14,13,2024-12-19 07:47:15
500101006,27,13,14,2024-12-19 07:13:15
500101251,27,13,14,2024-12-19 07:26:14
500101006,27,12,15,2024-12-19 05:49:15
500101006,27,12,15,2024-12-19 07:47:14
500107092,27,12,15,2024-12-19 08:53:15
500119051,27,12,15,2024-12-19 08:36:15
500101188,27,11,16,2024-12-19 08:00:17
500101188,27,11,16,2024-12-19 05:51:14
500105035,27,11,16,2024-12-19 08:34:15
500107152,27,11,16,2024-12-19 07:05:15
500111070,27,10,16,2024-12-19 07:57:16
500119051,27,11,16,2024-12-19 08:17:15
500107152,27,9,18,2024-12-19 08:23:15
500112047,27,9,18,2024-12-19 08:25:16
500112047,27,9,18,2024-12-19 07:56:15
500111070,27,7,19,2024-12-19 08:03:15
500101188,27,7,20,2024-12-19 08:53:15
500104027,27,7,20,2024-12-19 06:37:15
500111065,27,5,22,2024-12-19 07:55:17
500119063,27,5,22,2024-12-19 06:20:15
500111065,27,4,23,2024-12-19 08:37:15
500106054,27,2,24,2024-12-19 08:16:15
500109064,27,3,24,2024-12-19 05:04:15
500111024,27,3,24,2024-12-19 07:06:15
500111065,27,3,24,2024-12-19 07:09:15
500104026,27,1,25,2024-12-19 08:51:18
500101038,27,1,26,2024-12-19 07:45:16
500101251,27,1,26,2024-12-19 08:12:15
500106136,27,0,26,2024-12-19 07:22:15
500110035,27,0,26,2024-12-19 08:37:15
500111070,27,0,26,2024-12-19 08:40:19
500101251,27,13,14,2024-12-19 00:02:15
500104027,27,6,21,2024-12-19 23:41:14
500101251,27,8,19,2024-12-19 23:47:14
500109064,27,5,22,2024-12-19 00:02:15
500112047,27,22,4,2024-12-19 00:31:14
500105100,27,1,26,2024-12-19 21:40:17
500109057,27,1,26,2024-12-19 21:41:15
500101251,27,9,18,2024-12-19 23:56:14
500101038,27,0,27,2024-12-19 00:44:15
500111065,27,1,26,2024-12-19 00:22:15
500101006,27,10,17,2024-12-19 00:59:15
500108058,27,12,15,2024-12-19 00:43:15
500110025,27,21,6,2024-12-19 00:50:16
500104026,27,13,13,2024-12-19 23:07:15
500111065,27,21,6,2024-12-19 22:13:15
500109057,27,2,25,2024-12-19 20:14:15
500111065,27,24,3,2024-12-19 21:33:16
500101251,27,5,22,2024-12-19 02:54:15
500112047,27,17,9,2024-12-19 03:35:15
500111070,27,21,6,2024-12-19 03:21:15
500106136,27,0,26,2024-12-19 22:07:16
500119051,27,6,21,2024-12-19 22:01:15
500101006,27,11,16,2024-12-19 01:23:15
500105081,27,15,12,2024-12-19 21:58:15
500109064,27,6,21,2024-12-19 01:06:15
500119051,27,10,17,2024-12-19 22:48:15
500109064,27,21,6,2024-12-19 10:48:15
500111024,27,21,6,2024-12-19 11:08:15
500107169,27,19,8,2024-12-19 08:02:15
500106054,27,12,9,2024-12-19 09:49:14
500101188,27,16,11,2024-12-19 10:42:15
500111065,27,16,11,2024-12-19 09:05:16
500107152,27,14,13,2024-12-19 09:51:14
500101006,27,13,14,2024-12-19 09:09:15
500107092,27,13,14,2024-12-19 09:46:15
500101038,27,12,15,2024-12-19 09:37:15
500101188,27,12,15,2024-12-19 12:23:16
500104027,27,12,15,2024-12-19 11:30:17
500106054,27,7,16,2024-12-19 12:57:14
500104027,27,10,17,2024-12-19 12:57:14
500105081,27,9,17,2024-12-19 12:54:15
500105081,27,9,17,2024-12-19 12:00:19
500106054,27,4,19,2024-12-19 12:19:15
500119063,27,7,20,2024-12-19 09:27:15
500101188,27,5,22,2024-12-19 09:08:15
500101251,27,4,23,2024-12-19 10:55:17
500104026,27,3,23,2024-12-19 10:38:15
500107092,27,4,23,2024-12-19 10:47:16
500110025,27,4,23,2024-12-19 11:52:15
500101251,27,3,24,2024-12-19 11:14:15
500104026,27,2,24,2024-12-19 13:05:16
500104026,27,2,24,2024-12-19 09:57:15
500104026,27,2,24,2024-12-19 11:05:16
500119051,27,3,24,2024-12-19 10:33:15
500101251,27,2,25,2024-12-19 11:07:16
500111070,27,1,25,2024-12-19 10:32:16
500119051,27,2,25,2024-12-19 12:19:16
500119051,27,2,25,2024-12-19 11:12:16
500101006,27,1,26,2024-12-19 09:34:15
500101006,27,1,26,2024-12-19 09:45:15
500101006,27,1,26,2024-12-19 11:19:15
500101251,27,1,26,2024-12-19 10:18:15
500106136,27,0,26,2024-12-19 12:43:15
500107092,27,1,26,2024-12-19 11:48:15
500110035,27,1,26,2024-12-19 12:07:16
500119051,27,1,26,2024-12-19 11:37:15
500119063,27,1,26,2024-12-19 09:01:17
500110035,27,0,27,2024-12-19 10:14:14
500112047,27,0,27,2024-12-19 12:45:16
500119051,27,0,27,2024-12-19 12:39:14
500101006,27,27,0,2024-12-19 18:30:20
500111065,27,27,0,2024-12-19 20:12:15
500101006,27,26,1,2024-12-19 20:08:15
500111065,27,26,1,2024-12-19 20:52:15
500111065,27,23,4,2024-12-19 18:38:16
500101006,27,22,5,2024-12-19 21:14:15
500101251,27,15,12,2024-12-19 20:59:15
500105081,27,14,13,2024-12-19 20:12:15
500105081,27,14,13,2024-12-19 20:39:16
500109064,27,13,14,2024-12-19 18:44:15
500109064,27,11,16,2024-12-19 18:55:17
500110025,27,11,16,2024-12-19 18:45:16
500111024,27,11,16,2024-12-19 18:08:15
500104026,27,9,17,2024-12-19 17:47:16
500109064,27,10,17,2024-12-19 19:46:15
500110035,27,9,18,2024-12-19 19:10:17
500105084,27,8,19,2024-12-19 20:40:15
500101251,27,7,20,2024-12-19 19:07:15
500104026,27,6,20,2024-12-19 19:32:15
500104027,27,7,20,2024-12-19 20:45:16
500101038,27,6,21,2024-12-19 19:18:15
500107092,27,6,21,2024-12-19 19:46:15
500109057,27,6,21,2024-12-19 18:51:15
500111070,27,6,21,2024-12-19 21:06:15
500119051,27,6,21,2024-12-19 21:11:15
500104026,27,4,22,2024-12-19 21:09:16
500109057,27,5,22,2024-12-19 19:07:15
500110035,27,5,22,2024-12-19 17:43:16
500119051,27,5,22,2024-12-19 20:58:15
500101038,27,4,23,2024-12-19 19:07:15
500107092,27,4,23,2024-12-19 17:22:16
500105035,27,3,24,2024-12-19 18:25:17
500111070,27,3,24,2024-12-19 20:11:16
500111070,27,3,24,2024-12-19 19:07:15
500101038,27,2,25,2024-12-19 20:27:15
500101038,27,2,25,2024-12-19 19:49:15
500101188,27,2,25,2024-12-19 20:45:18
500109064,27,2,25,2024-12-19 17:57:15
500106136,27,0,26,2024-12-19 19:43:16
500111070,27,1,26,2024-12-19 19:28:15
500101188,27,0,27,2024-12-19 18:38:16
500119051,27,0,27,2024-12-19 17:42:17
500111065,27,23,4,2024-12-19 16:29:15
500101038,27,22,5,2024-12-19 15:28:14
500111024,27,22,5,2024-12-19 15:19:16
500109064,27,21,6,2024-12-19 16:13:15
500101038,27,19,8,2024-12-19 15:46:15
500109057,27,18,9,2024-12-19 13:32:15
500106054,27,12,11,2024-12-19 15:30:17
500101038,27,15,12,2024-12-19 16:08:15
500106054,27,8,15,2024-12-19 13:17:15
500106054,27,8,15,2024-12-19 13:24:15
500108002,27,11,16,2024-12-19 13:57:15
500101038,27,10,17,2024-12-19 16:28:14
500105081,27,8,18,2024-12-19 14:15:16
500105081,27,8,19,2024-12-19 17:04:15
500107152,27,8,19,2024-12-19 17:17:16
500110025,27,8,19,2024-12-19 16:56:15
500101251,27,7,20,2024-12-19 13:31:15
500101251,27,6,21,2024-12-19 15:19:16
500105081,27,6,21,2024-12-19 16:42:15
500112047,27,6,21,2024-12-19 15:19:16
500101251,27,5,22,2024-12-19 16:03:15
500119063,27,5,22,2024-12-19 15:37:16
500119063,27,5,22,2024-12-19 17:03:16
500104027,27,4,23,2024-12-19 16:21:15
500119063,27,4,23,2024-12-19 16:38:15
500104026,27,2,24,2024-12-19 15:12:15
500107092,27,3,24,2024-12-19 15:57:15
500107092,27,3,24,2024-12-19 17:13:15
500110035,27,3,24,2024-12-19 16:39:15
500110035,27,3,24,2024-12-19 17:07:15
500110035,27,3,24,2024-12-19 14:06:15
500119051,27,3,24,2024-12-19 16:44:15
500106136,27,1,25,2024-12-19 15:24:15
500119051,27,2,25,2024-12-19 16:58:15
500119051,27,2,25,2024-12-19 14:25:16
500119051,27,1,26,2024-12-19 17:08:16
500104027,27,0,27,2024-12-19 17:15:17
500109064,27,27,0,2024-12-19 08:25:16
500109064,27,25,2,2024-12-19 08:16:15
500110025,27,22,5,2024-12-19 07:17:14
500111024,27,20,7,2024-12-19 08:22:15
500111024,27,18,9,2024-12-19 08:15:16
500101251,27,17,10,2024-12-19 05:27:15
500111024,27,15,12,2024-12-19 08:03:15
500112047,27,15,12,2024-12-19 06:34:15
500112047,27,14,13,2024-12-19 06:55:16
500119051,27,14,13,2024-12-19 07:47:15
500104027,27,13,14,2024-12-19 08:17:15
500119051,27,13,14,2024-12-19 08:27:16
500108058,27,12,15,2024-12-19 07:58:15
500108058,27,12,15,2024-12-19 06:52:15
500109057,27,11,16,2024-12-19 07:13:15
500105084,27,10,17,2024-12-19 07:19:15
500119063,27,10,17,2024-12-19 08:02:15
500101188,27,9,18,2024-12-19 07:47:15
500105035,27,9,18,2024-12-19 08:22:15
500107152,27,9,18,2024-12-19 08:45:16
500119063,27,9,18,2024-12-19 07:53:16
500107092,27,8,19,2024-12-19 07:57:16
500107152,27,8,19,2024-12-19 07:40:16
500107152,27,8,19,2024-12-19 08:03:15
500101006,27,7,20,2024-12-19 08:00:17
500101251,27,5,22,2024-12-19 08:02:15
500101038,27,2,25,2024-12-19 06:50:16
500105100,27,2,25,2024-12-19 07:45:16
500106136,27,1,25,2024-12-19 08:57:15
500104026,27,0,26,2024-12-19 08:45:16
500101038,27,1,26,2024-12-19 00:33:16
500101038,27,0,27,2024-12-19 00:17:15
500101251,27,11,16,2024-12-19 00:33:15
500106054,27,5,20,2024-12-19 22:54:14
500107169,27,15,12,2024-12-19 20:09:15
500104027,27,5,22,2024-12-19 01:11:15
500107152,27,10,16,2024-12-19 00:14:14
500101038,27,0,27,2024-12-19 23:05:17
500101251,27,11,16,2024-12-19 22:48:15
500105084,27,15,12,2024-12-19 22:32:14
500101038,27,1,26,2024-12-19 21:21:15
500104026,27,6,20,2024-12-19 21:30:16
500107152,27,6,21,2024-12-19 21:39:15
500110025,27,23,4,2024-12-19 01:39:15
500110025,27,22,5,2024-12-19 04:06:15
500107152,27,5,22,2024-12-19 22:05:16
500101251,27,9,18,2024-12-19 01:18:15
500107152,27,6,21,2024-12-19 21:49:15
500106136,27,2,24,2024-12-19 03:17:15
500111065,27,5,22,2024-12-19 23:56:14
500106136,27,4,22,2024-12-19 00:11:14
500104026,27,12,14,2024-12-19 22:42:15
500107152,27,6,21,2024-12-19 23:08:15
500119051,27,2,25,2024-12-19 04:40:17
500111024,27,27,0,2024-12-19 09:09:16
500111024,27,26,1,2024-12-19 10:01:16
500101038,27,24,3,2024-12-19 12:05:16
500101038,27,23,4,2024-12-19 10:28:15
500111024,27,21,6,2024-12-19 12:31:15
500109064,27,19,8,2024-12-19 10:35:16
500109057,27,17,10,2024-12-19 12:07:16
500108002,27,15,12,2024-12-19 09:09:15
500101188,27,14,13,2024-12-19 11:28:16
500108002,27,14,13,2024-12-19 08:49:15
500108002,27,14,13,2024-12-19 09:41:15
500105035,27,12,15,2024-12-19 09:02:15
500104027,27,11,16,2024-12-19 12:24:16
500101251,27,8,19,2024-12-19 12:56:15
500107152,27,8,19,2024-12-19 12:50:15
500110025,27,6,21,2024-12-19 12:35:16
500107092,27,5,22,2024-12-19 10:54:15
500105084,27,4,23,2024-12-19 10:04:15
500107092,27,4,23,2024-12-19 10:35:16
500101188,27,3,24,2024-12-19 09:21:15
500111070,27,2,24,2024-12-19 11:28:15
500104026,27,1,25,2024-12-19 09:22:16
500119063,27,2,25,2024-12-19 11:23:15
500106136,27,0,26,2024-12-19 12:52:16
500110035,27,1,26,2024-12-19 11:20:17
500112047,27,1,26,2024-12-19 10:03:15
500119051,27,1,26,2024-12-19 13:07:15
500101251,27,0,27,2024-12-19 09:27:15
500107092,27,0,27,2024-12-19 11:58:15
500119051,27,0,27,2024-12-19 10:57:15
500101006,27,27,0,2024-12-19 18:17:16
500111065,27,27,0,2024-12-19 20:29:16
500111065,27,27,0,2024-12-19 17:28:16
500111065,27,27,0,2024-12-19 18:46:15
500111065,27,27,0,2024-12-19 18:58:16
500111065,27,25,2,2024-12-19 19:18:15
500101006,27,21,6,2024-12-19 17:38:16
500119063,27,20,7,2024-12-19 21:00:16
500108058,27,17,10,2024-12-19 17:59:15
500119063,27,17,10,2024-12-19 18:33:16
500101006,27,16,11,2024-12-19 17:28:15
500109064,27,15,12,2024-12-19 17:28:15
500107169,27,14,13,2024-12-19 17:21:15
500109064,27,14,13,2024-12-19 18:16:16
500111024,27,13,14,2024-12-19 17:47:16
500101251,27,12,15,2024-12-19 18:17:15
500101251,27,11,16,2024-12-19 18:07:15
500110025,27,10,17,2024-12-19 18:04:16
500101251,27,9,18,2024-12-19 20:07:15
500101251,27,9,18,2024-12-19 20:25:15
500109064,27,9,18,2024-12-19 19:17:15
500104026,27,7,19,2024-12-19 19:07:15
500104027,27,8,19,2024-12-19 18:58:15
500105084,27,8,19,2024-12-19 19:10:16
500106054,27,5,20,2024-12-19 19:04:15
500119051,27,7,20,2024-12-19 20:13:15
500107092,27,6,21,2024-12-19 21:14:16
500110035,27,6,21,2024-12-19 20:42:15
500101251,27,5,22,2024-12-19 18:37:15
500105084,27,5,22,2024-12-19 18:27:15
500107152,27,5,22,2024-12-19 20:03:15
500107152,27,5,22,2024-12-19 18:27:15
500112047,27,4,23,2024-12-19 18:26:16
500119051,27,4,23,2024-12-19 17:38:16
500111070,27,3,24,2024-12-19 19:59:16
500107092,27,2,25,2024-12-19 18:47:16
500101038,27,1,26,2024-12-19 19:36:15
500107092,27,1,26,2024-12-19 18:38:16
500107092,27,0,27,2024-12-19 20:29:16
500109064,27,27,0,2024-12-19 13:44:15
500111065,27,22,5,2024-12-19 15:50:16
500111065,27,21,6,2024-12-19 16:09:15
500111024,27,18,9,2024-12-19 16:24:15
500106054,27,12,11,2024-12-19 14:28:15
500107169,27,16,11,2024-12-19 14:19:15
500111024,27,16,11,2024-12-19 16:35:15
500111024,27,15,12,2024-12-19 16:46:15
500109057,27,13,14,2024-12-19 16:45:17
500105035,27,12,15,2024-12-19 16:08:16
500104027,27,10,17,2024-12-19 15:52:15
500109057,27,9,18,2024-12-19 13:49:14
500110025,27,8,19,2024-12-19 13:43:15
500105081,27,7,20,2024-12-19 16:55:17
500101251,27,6,21,2024-12-19 13:27:15
500105081,27,5,21,2024-12-19 15:12:15
500107152,27,6,21,2024-12-19 13:45:16
500111070,27,6,21,2024-12-19 13:34:16
500101038,27,5,22,2024-12-19 16:48:16
500119063,27,3,24,2024-12-19 15:08:15
500101251,27,2,25,2024-12-19 16:54:16
500105100,27,2,25,2024-12-19 16:55:17
500119063,27,2,25,2024-12-19 16:07:15
500104027,27,1,26,2024-12-19 16:48:16
500119051,27,1,26,2024-12-19 14:17:18
500119063,27,0,27,2024-12-19 13:39:15
500109064,27,4,23,2024-12-19 21:41:15
500101251,27,12,15,2024-12-19 21:49:15
500101006,27,22,5,2024-12-19 21:47:15
500110025,27,22,5,2024-12-19 06:19:15
500111070,27,19,7,2024-12-19 04:46:15
500111070,27,16,10,2024-12-19 06:07:15
500105081,27,13,13,2024-12-19 08:23:15
500110035,27,13,13,2024-12-19 06:08:14
500110035,27,13,13,2024-12-19 06:26:15
500111024,27,14,13,2024-12-19 07:56:15
500111070,27,13,13,2024-12-19 07:46:15
500108058,27,13,14,2024-12-19 08:54:15
500108058,27,13,14,2024-12-19 06:29:15
500101251,27,12,15,2024-12-19 07:37:15
500105084,27,12,15,2024-12-19 06:39:15
500108002,27,12,15,2024-12-19 08:27:16
500104027,27,11,16,2024-12-19 06:53:14
500105035,27,10,17,2024-12-19 06:55:16
500107092,27,10,17,2024-12-19 08:24:15
500107092,27,10,17,2024-12-19 04:55:16
500119063,27,10,17,2024-12-19 08:16:15
500105035,27,9,18,2024-12-19 06:42:15
500107092,27,9,18,2024-12-19 05:48:14
500108002,27,9,18,2024-12-19 07:12:15
500109057,27,9,18,2024-12-19 06:31:15
500101038,27,8,19,2024-12-19 08:45:15
500101188,27,8,19,2024-12-19 07:54:15
500107092,27,8,19,2024-12-19 07:17:14
500104026,27,6,20,2024-12-19 06:24:15
500119051,27,4,23,2024-12-19 06:49:15
500119051,27,3,24,2024-12-19 06:38:15
500111070,27,1,25,2024-12-19 08:37:16
500104026,27,14,12,2024-12-19 23:49:15
500110035,27,15,12,2024-12-19 01:04:14
500107169,27,17,10,2024-12-19 01:11:15
500101038,27,0,27,2024-12-19 22:14:15
500104026,27,11,15,2024-12-19 22:18:15
500106136,27,0,26,2024-12-19 20:51:15
500109064,27,4,23,2024-12-19 21:39:15
500110035,27,6,21,2024-12-19 21:28:15
500112047,27,13,14,2024-12-19 21:32:15
500101038,27,0,27,2024-12-19 02:45:16
500119051,27,0,27,2024-12-19 01:27:16
500101006,27,13,14,2024-12-19 02:38:14
500106136,27,0,26,2024-12-19 03:53:15
500105081,27,19,7,2024-12-19 04:05:15
500111065,27,23,4,2024-12-19 22:07:15
500101038,27,1,26,2024-12-19 23:59:15
500101038,27,1,26,2024-12-19 22:42:16
500101006,27,25,2,2024-12-19 22:44:15
500109064,27,7,20,2024-12-19 22:21:15
500101006,27,22,5,2024-12-19 22:24:14
500104027,27,7,20,2024-12-19 23:25:16
500109064,27,24,3,2024-12-19 12:24:16
500109064,27,24,3,2024-12-19 11:46:15
500111065,27,23,4,2024-12-19 10:14:15
500111065,27,22,5,2024-12-19 13:08:15
500101038,27,21,6,2024-12-19 10:45:16
500101038,27,21,6,2024-12-19 11:05:17
500101038,27,17,10,2024-12-19 10:07:16
500106054,27,11,10,2024-12-19 09:46:16
500109064,27,17,10,2024-12-19 10:04:16
500107169,27,16,11,2024-12-19 12:32:16
500101188,27,15,12,2024-12-19 12:04:16
500108002,27,15,12,2024-12-19 10:40:16
500101188,27,14,13,2024-12-19 11:38:14
500106054,27,10,13,2024-12-19 09:36:14
500105081,27,11,15,2024-12-19 10:04:16
500108058,27,12,15,2024-12-19 09:02:15
500104027,27,8,16,2024-12-19 09:35:16
500107092,27,11,16,2024-12-19 09:03:14
500107152,27,11,16,2024-12-19 09:04:15
500107152,27,10,17,2024-12-19 11:49:16
500107152,27,9,18,2024-12-19 12:30:16
500101251,27,8,19,2024-12-19 12:44:14
500111070,27,7,19,2024-12-19 12:08:15
500110025,27,7,20,2024-12-19 12:39:14
500110025,27,7,20,2024-12-19 10:44:16
500110025,27,6,21,2024-12-19 12:12:15
500110025,27,6,21,2024-12-19 09:58:15
500101006,27,4,23,2024-12-19 12:33:15
500105100,27,3,24,2024-12-19 12:20:16
500112047,27,2,25,2024-12-19 09:37:15
500119063,27,2,25,2024-12-19 12:34:14
500101006,27,1,26,2024-12-19 09:27:15
500106136,27,0,26,2024-12-19 10:38:15
500119051,27,1,26,2024-12-19 10:46:15
500119063,27,1,26,2024-12-19 12:39:15
500110035,27,0,27,2024-12-19 11:56:15
500119051,27,0,27,2024-12-19 10:59:17
500119063,27,0,27,2024-12-19 12:58:15
500119063,27,0,27,2024-12-19 12:07:16
500101006,27,27,0,2024-12-19 18:53:15
500111065,27,26,1,2024-12-19 19:27:15
500111065,27,25,2,2024-12-19 17:37:16
500101006,27,24,3,2024-12-19 20:47:14
500106054,27,20,5,2024-12-19 17:37:16
500110025,27,17,10,2024-12-19 21:19:15
500109064,27,14,13,2024-12-19 18:27:15
500106054,27,11,14,2024-12-19 18:08:16
500111024,27,13,14,2024-12-19 18:49:16
500104027,27,12,15,2024-12-19 18:06:15
500110025,27,12,15,2024-12-19 17:48:15
500105084,27,11,16,2024-12-19 21:01:15
500111024,27,11,16,2024-12-19 19:07:15
500112047,27,11,16,2024-12-19 19:29:15
500104026,27,9,17,2024-12-19 18:16:16
500105081,27,10,17,2024-12-19 18:46:15
500106054,27,8,17,2024-12-19 18:28:15
500109064,27,10,17,2024-12-19 19:03:15
500110025,27,10,17,2024-12-19 18:28:16
500111024,27,10,17,2024-12-19 19:31:15
500112047,27,10,17,2024-12-19 20:03:15
500112047,27,10,17,2024-12-19 19:35:16
500104026,27,8,18,2024-12-19 20:13:15
500105084,27,9,18,2024-12-19 20:35:16
500105081,27,8,19,2024-12-19 17:27:16
500110035,27,8,19,2024-12-19 19:29:15
500107092,27,7,20,2024-12-19 19:23:15
500112047,27,7,20,2024-12-19 19:06:16
500104026,27,5,21,2024-12-19 18:51:16
500105084,27,6,21,2024-12-19 17:51:16
500119051,27,6,21,2024-12-19 20:27:15
500108002,27,5,22,2024-12-19 18:14:15
500112047,27,5,22,2024-12-19 17:38:16
500105035,27,3,24,2024-12-19 18:58:16
500110035,27,2,25,2024-12-19 17:36:15
500101188,27,1,26,2024-12-19 18:25:16
500119063,27,1,26,2024-12-19 17:20:17
500101038,27,27,0,2024-12-19 14:27:16
500111065,27,23,4,2024-12-19 14:06:15
500111065,27,22,5,2024-12-19 16:58:15
500109064,27,20,7,2024-12-19 16:24:15
500109064,27,18,9,2024-12-19 16:48:16
500109064,27,18,9,2024-12-19 17:18:16
500106054,27,13,10,2024-12-19 16:17:14
500106054,27,13,10,2024-12-19 14:33:15
500109057,27,15,12,2024-12-19 16:34:16
500101006,27,12,15,2024-12-19 17:17:16
500101188,27,9,18,2024-12-19 13:34:15
500104027,27,9,18,2024-12-19 13:48:16
500101251,27,8,19,2024-12-19 13:51:15
500107152,27,7,20,2024-12-19 14:03:15
500111070,27,7,20,2024-12-19 16:00:17
500101188,27,6,21,2024-12-19 15:25:15
500101006,27,5,22,2024-12-19 15:36:15
500101188,27,5,22,2024-12-19 14:49:15
500106136,27,4,22,2024-12-19 17:11:16
500101006,27,4,23,2024-12-19 16:26:15
500101006,27,4,23,2024-12-19 14:06:15
500106136,27,3,23,2024-12-19 13:50:17
500110035,27,3,24,2024-12-19 14:50:16
500101251,27,0,27,2024-12-19 16:38:14
500119051,27,0,27,2024-12-19 15:15:16
500119051,27,0,27,2024-12-19 14:05:18
500111024,27,21,6,2024-12-19 08:29:15
500111070,27,20,6,2024-12-19 05:09:15
500111070,27,19,7,2024-12-19 07:34:15
500106054,27,15,8,2024-12-19 08:50:16
500104027,27,13,14,2024-12-19 08:03:15
500109064,27,13,14,2024-12-19 07:11:15
500110035,27,12,14,2024-12-19 07:27:15
500105084,27,12,15,2024-12-19 06:29:15
500106054,27,11,15,2024-12-19 08:34:15
500110035,27,11,15,2024-12-19 07:37:15
500105035,27,11,16,2024-12-19 07:30:16
500105084,27,11,16,2024-12-19 07:34:15
500107152,27,11,16,2024-12-19 08:35:16
500109064,27,11,16,2024-12-19 06:56:15
500101251,27,10,17,2024-12-19 07:47:15
500109057,27,10,17,2024-12-19 06:38:15
500101188,27,9,18,2024-12-19 05:36:15
500107092,27,9,18,2024-12-19 07:37:15
500101006,27,8,19,2024-12-19 07:57:16
500109057,27,7,20,2024-12-19 08:17:14
500119063,27,7,20,2024-12-19 06:53:15
500105035,27,6,21,2024-12-19 05:44:15
500111024,27,6,21,2024-12-19 07:26:14
500107092,27,5,22,2024-12-19 06:56:15
500111065,27,5,22,2024-12-19 06:26:15
500119063,27,4,23,2024-12-19 06:05:15
500101251,27,3,24,2024-12-19 08:35:16
500111065,27,3,24,2024-12-19 06:47:15
500101038,27,2,25,2024-12-19 07:26:15
500110035,27,1,25,2024-12-19 08:55:15
500111065,27,2,25,2024-12-19 05:21:14
500111065,27,1,26,2024-12-19 07:47:15
500111070,27,0,26,2024-12-19 08:24:15
500119063,27,1,26,2024-12-19 08:37:15
500101006,27,11,16,2024-12-19 00:22:15
500107092,27,11,16,2024-12-19 00:18:14
500110025,27,18,9,2024-12-19 00:06:15
500105035,27,6,21,2024-12-19 22:35:16
500107152,27,7,20,2024-12-19 23:16:15
500106136,27,1,25,2024-12-19 01:11:15
500109064,27,5,22,2024-12-19 01:10:16
500101251,27,10,17,2024-12-19 01:02:15
500107092,27,11,16,2024-12-19 00:30:16
500109064,27,8,19,2024-12-19 23:15:14
500101251,27,13,14,2024-12-19 22:35:16
500101038,27,3,24,2024-12-19 04:03:14
500107152,27,11,16,2024-12-19 04:27:14
500101251,27,18,9,2024-12-19 03:18:14
500106054,27,2,23,2024-12-19 22:09:15
500101251,27,12,15,2024-12-19 22:08:14
500106054,27,1,24,2024-12-19 21:41:15
500107092,27,2,25,2024-12-19 21:53:15
500104027,27,7,20,2024-12-19 21:47:15
500111070,27,17,9,2024-12-19 23:58:14
500101251,27,7,20,2024-12-19 01:37:14
500107092,27,10,17,2024-12-19 02:24:14
500107092,27,7,20,2024-12-19 23:05:17
500119051,27,10,17,2024-12-19 22:23:15
500111065,27,17,10,2024-12-19 23:32:14
500109064,27,27,0,2024-12-19 12:58:15
500101038,27,26,1,2024-12-19 12:28:15
500111024,27,25,2,2024-12-19 09:45:16
500111065,27,24,3,2024-12-19 10:03:15
500106054,27,19,4,2024-12-19 09:09:15
500101038,27,20,7,2024-12-19 12:43:15
500101038,27,20,7,2024-12-19 12:52:15
500106054,27,15,8,2024-12-19 11:58:16
500109057,27,17,10,2024-12-19 12:52:15
500109064,27,17,10,2024-12-19 09:53:15
500108002,27,16,11,2024-12-19 10:57:15
500105035,27,13,14,2024-12-19 09:50:16
500104027,27,9,15,2024-12-19 09:56:16
500107092,27,12,15,2024-12-19 09:22:15
500107152,27,11,16,2024-12-19 10:35:16
500104027,27,10,17,2024-12-19 11:48:15
500107092,27,9,18,2024-12-19 09:57:15
500110025,27,8,19,2024-12-19 12:51:14
500119051,27,8,19,2024-12-19 10:18:15
500107092,27,7,20,2024-12-19 10:04:16
500107152,27,7,20,2024-12-19 13:00:17
500101251,27,5,22,2024-12-19 10:47:16
500110025,27,5,22,2024-12-19 11:36:15
500105084,27,4,23,2024-12-19 10:54:15
500105100,27,4,23,2024-12-19 09:25:16
500119051,27,4,23,2024-12-19 10:28:15
500104026,27,1,25,2024-12-19 09:09:15
500106136,27,1,25,2024-12-19 09:08:15
500119051,27,2,25,2024-12-19 09:21:15
500104026,27,0,26,2024-12-19 09:00:20
500111070,27,0,26,2024-12-19 10:04:16
500111070,27,0,26,2024-12-19 10:48:15
500112047,27,1,26,2024-12-19 09:47:14
500101188,27,0,27,2024-12-19 10:13:16
500110035,27,0,27,2024-12-19 10:57:15
500111065,27,27,0,2024-12-19 21:09:15
500101006,27,26,1,2024-12-19 19:16:15
500101006,27,24,3,2024-12-19 20:22:14
500111070,27,17,10,2024-12-19 18:29:15
500110025,27,12,15,2024-12-19 18:58:15
500111024,27,12,15,2024-12-19 17:56:16
500111070,27,12,15,2024-12-19 18:17:15
500109064,27,11,16,2024-12-19 19:31:15
500112047,27,11,16,2024-12-19 20:26:16
500105084,27,10,17,2024-12-19 20:59:15
500104027,27,9,18,2024-12-19 19:54:15
500105084,27,9,18,2024-12-19 19:46:15
500107152,27,9,18,2024-12-19 17:27:16
500112047,27,9,18,2024-12-19 19:18:15
500101251,27,8,19,2024-12-19 18:58:16
500104027,27,8,19,2024-12-19 20:02:15
500104027,27,8,19,2024-12-19 19:24:15
500105035,27,8,19,2024-12-19 17:26:15
500107152,27,8,19,2024-12-19 18:08:16
500108058,27,8,19,2024-12-19 20:48:15
500110035,27,7,20,2024-12-19 18:29:16
500101251,27,6,21,2024-12-19 17:59:15
500107092,27,6,21,2024-12-19 19:07:15
500119051,27,6,21,2024-12-19 20:06:15
500119051,27,6,21,2024-12-19 17:28:15
500107152,27,4,23,2024-12-19 19:37:16
500110035,27,4,23,2024-12-19 17:57:14
500112047,27,4,23,2024-12-19 18:10:17
500119051,27,4,23,2024-12-19 17:58:16
500109057,27,3,24,2024-12-19 20:09:15
500101038,27,2,25,2024-12-19 17:35:16
500101038,27,2,25,2024-12-19 21:09:16
500101188,27,2,25,2024-12-19 16:34:16
500106136,27,1,25,2024-12-19 20:06:16
500111070,27,2,25,2024-12-19 20:08:15
500119051,27,2,25,2024-12-19 18:21:15
500101038,27,1,26,2024-12-19 18:48:15
500106136,27,0,26,2024-12-19 20:13:15
500106136,27,0,26,2024-12-19 20:49:15
500101038,27,0,27,2024-12-19 18:26:16
500105100,27,0,27,2024-12-19 19:56:15
500119051,27,0,27,2024-12-19 18:57:19
500101038,27,26,1,2024-12-19 13:22:15
500101038,27,25,2,2024-12-19 13:17:15
500109064,27,25,2,2024-12-19 15:37:15
500101038,27,23,4,2024-12-19 15:17:15
500109064,27,22,5,2024-12-19 16:02:15
500109064,27,22,5,2024-12-19 15:28:14
500101038,27,13,14,2024-12-19 16:15:16
500105035,27,10,17,2024-12-19 16:25:16
500105035,27,10,17,2024-12-19 16:46:15
500105035,27,10,17,2024-12-19 17:06:16
500108002,27,10,17,2024-12-19 13:35:15
500109057,27,10,17,2024-12-19 13:48:16
500105035,27,9,18,2024-12-19 16:32:15
500101006,27,8,19,2024-12-19 16:55:17
500101251,27,8,19,2024-12-19 14:33:16
500112047,27,7,20,2024-12-19 16:07:15
500112047,27,7,20,2024-12-19 16:51:16
500107152,27,6,21,2024-12-19 13:15:15
500119051,27,6,21,2024-12-19 16:21:15
500101006,27,5,22,2024-12-19 15:54:15
500101006,27,5,22,2024-12-19 13:17:15
500101006,27,5,22,2024-12-19 13:40:16
500101188,27,5,22,2024-12-19 15:54:15
500107092,27,5,22,2024-12-19 13:12:15
500107092,27,5,22,2024-12-19 13:22:15
500104026,27,3,23,2024-12-19 16:44:15
500110035,27,4,23,2024-12-19 15:04:14
500119051,27,4,23,2024-12-19 16:04:15
500119063,27,4,23,2024-12-19 16:49:15
500119063,27,4,23,2024-12-19 15:21:15
500104026,27,2,24,2024-12-19 17:05:17
500106136,27,2,24,2024-12-19 16:38:15
500107092,27,2,25,2024-12-19 16:03:15
500107092,27,2,25,2024-12-19 16:57:16
500110035,27,2,25,2024-12-19 13:38:16
500107092,27,1,26,2024-12-19 14:55:16
500101006,27,0,27,2024-12-19 15:07:15
500119063,27,0,27,2024-12-19 13:19:15
500119063,27,0,27,2024-12-19 13:37:14
500111024,27,22,5,2024-12-19 08:41:15
500110025,27,20,7,2024-12-19 07:27:15
500101251,27,18,9,2024-12-19 06:22:14
500112047,27,18,9,2024-12-19 04:52:15
500101251,27,17,10,2024-12-19 06:54:16
500101251,27,17,10,2024-12-19 06:03:15
500109057,27,17,10,2024-12-19 07:54:15
500109057,27,16,11,2024-12-19 07:45:16
500105081,27,14,12,2024-12-19 08:31:16
500107092,27,15,12,2024-12-19 08:43:15
500110025,27,15,12,2024-12-19 07:49:16
500109057,27,14,13,2024-12-19 07:27:15
500101188,27,13,14,2024-12-19 08:27:16
500104027,27,12,15,2024-12-19 08:27:16
500105035,27,12,15,2024-12-19 07:08:15
500107152,27,12,15,2024-12-19 06:55:15
500119051,27,12,15,2024-12-19 07:36:15
500107152,27,11,16,2024-12-19 07:24:15
500105084,27,10,17,2024-12-19 07:47:15
500105035,27,9,18,2024-12-19 05:34:15
500119063,27,9,18,2024-12-19 07:23:15
500109064,27,8,19,2024-12-19 06:41:14
500111070,27,7,19,2024-12-19 06:53:15
500111070,27,7,19,2024-12-19 07:27:15
500106054,27,6,20,2024-12-19 08:26:14
500119051,27,6,21,2024-12-19 07:26:15
500104026,27,2,24,2024-12-19 07:55:17
500111065,27,3,24,2024-12-19 06:37:15
500111065,27,1,26,2024-12-19 07:35:16
500101251,27,15,12,2024-12-19 03:17:15
500101038,27,1,26,2024-12-19 00:04:16
500109064,27,0,27,2024-12-19 00:55:16
500106136,27,1,25,2024-12-19 22:41:15
500105100,27,2,25,2024-12-19 00:00:18
500119063,27,3,24,2024-12-19 00:38:15
500104027,27,8,19,2024-12-19 22:46:15
500111065,27,18,9,2024-12-19 23:08:15
500106054,27,4,21,2024-12-19 22:29:14
500109064,27,9,18,2024-12-19 22:37:15
500107092,27,4,23,2024-12-19 21:37:15
500101188,27,5,22,2024-12-19 21:35:15
500108058,27,9,18,2024-12-19 21:36:15
500106136,27,1,25,2024-12-19 02:08:15
500109064,27,3,24,2024-12-19 02:38:14
500110035,27,8,19,2024-12-19 22:07:15
500112047,27,15,12,2024-12-19 22:08:14
500107152,27,11,16,2024-12-19 02:12:16
500111065,27,20,7,2024-12-19 22:43:15
500101188,27,7,20,2024-12-19 22:55:16
500106054,27,3,22,2024-12-19 22:18:15
500106136,27,2,24,2024-12-19 01:25:15
500111024,27,27,0,2024-12-19 10:10:18
500111065,27,27,0,2024-12-19 11:31:15
500101038,27,26,1,2024-12-19 11:28:16
500111065,27,26,1,2024-12-19 10:36:14
500111065,27,25,2,2024-12-19 12:38:14
500101038,27,24,3,2024-12-19 12:18:15
500101038,27,24,3,2024-12-19 10:29:15
500101038,27,23,4,2024-12-19 10:58:16
500109064,27,23,4,2024-12-19 12:19:15
500109064,27,23,4,2024-12-19 10:55:17
500111024,27,23,4,2024-12-19 11:12:16
500111065,27,23,4,2024-12-19 12:28:15
500111065,27,23,4,2024-12-19 12:03:15
500111065,27,22,5,2024-12-19 09:39:15
500111024,27,19,8,2024-12-19 13:07:15
500109057,27,18,9,2024-12-19 12:37:15
500109057,27,18,9,2024-12-19 13:01:15
500106054,27,11,10,2024-12-19 11:01:17
500109064,27,17,10,2024-12-19 10:16:15
500108058,27,14,13,2024-12-19 12:37:15
500104027,27,13,14,2024-12-19 10:26:14
500105081,27,12,14,2024-12-19 08:58:15
500104027,27,12,15,2024-12-19 10:46:15
500105081,27,11,15,2024-12-19 09:36:15
500101038,27,11,16,2024-12-19 09:26:15
500108058,27,11,16,2024-12-19 09:35:16
500106054,27,5,18,2024-12-19 12:28:15
500110025,27,8,19,2024-12-19 13:06:15
500101251,27,7,20,2024-12-19 12:35:16
500119051,27,7,20,2024-12-19 09:49:15
500112047,27,6,21,2024-12-19 09:07:15
500101006,27,5,22,2024-12-19 12:55:16
500105084,27,5,22,2024-12-19 09:49:15
500101188,27,4,23,2024-12-19 09:55:17
500104026,27,3,23,2024-12-19 11:52:15
500104026,27,3,23,2024-12-19 10:51:16
500111070,27,2,24,2024-12-19 09:41:16
500112047,27,3,24,2024-12-19 10:15:16
500101006,27,2,25,2024-12-19 11:35:17
500101006,27,2,25,2024-12-19 12:08:15
500101006,27,2,25,2024-12-19 12:14:16
500101006,27,2,25,2024-12-19 10:47:16
500111070,27,1,25,2024-12-19 09:56:16
500112047,27,2,25,2024-12-19 09:48:15
500119051,27,2,25,2024-12-19 12:26:15
500107092,27,1,26,2024-12-19 12:04:15
500110035,27,1,26,2024-12-19 11:17:17
500111070,27,0,26,2024-12-19 09:35:17
500112047,27,1,26,2024-12-19 11:57:16
500101251,27,0,27,2024-12-19 09:37:16
500101251,27,0,27,2024-12-19 10:28:15
500107092,27,0,27,2024-12-19 11:28:16
500119063,27,0,27,2024-12-19 10:12:16
500101006,27,26,1,2024-12-19 19:38:15
500111065,27,26,1,2024-12-19 19:36:15
500101006,27,25,2,2024-12-19 17:55:17
500119063,27,19,8,2024-12-19 19:59:16
500106054,27,15,10,2024-12-19 17:47:16
500101251,27,16,11,2024-12-19 20:46:16
500110025,27,15,12,2024-12-19 21:04:15
500105081,27,13,14,2024-12-19 20:25:15
500119063,27,13,14,2024-12-19 17:48:15
500110025,27,12,15,2024-12-19 20:27:15
500107152,27,11,16,2024-12-19 17:50:16
500109064,27,11,16,2024-12-19 19:53:15
500101251,27,10,17,2024-12-19 20:11:16
500104027,27,10,17,2024-12-19 18:16:16
500105081,27,10,17,2024-12-19 18:33:16
500110025,27,10,17,2024-12-19 17:19:15
500104026,27,5,21,2024-12-19 18:47:16
500105084,27,6,21,2024-12-19 18:31:15
500111024,27,6,21,2024-12-19 21:19:16
500105035,27,5,22,2024-12-19 19:53:14
500108002,27,5,22,2024-12-19 18:43:15
500111070,27,5,22,2024-12-19 17:46:15
500112047,27,5,22,2024-12-19 17:28:15
500101251,27,4,23,2024-12-19 17:36:15
500105035,27,4,23,2024-12-19 19:48:15
500106136,27,3,23,2024-12-19 17:25:16
500110035,27,4,23,2024-12-19 20:20:16
500111070,27,4,23,2024-12-19 17:36:15
500111070,27,4,23,2024-12-19 19:19:15
500105100,27,2,25,2024-12-19 18:54:15
500111070,27,2,25,2024-12-19 20:37:16
500111070,27,2,25,2024-12-19 17:28:15
500107092,27,1,26,2024-12-19 18:05:16
500101188,27,0,27,2024-12-19 17:47:16
500119051,27,0,27,2024-12-19 19:37:16
500109064,27,27,0,2024-12-19 13:15:15
500101038,27,26,1,2024-12-19 14:18:15
500111065,27,24,3,2024-12-19 14:41:15
500111065,27,24,3,2024-12-19 15:15:16
500106054,27,18,7,2024-12-19 16:48:16
500106054,27,13,10,2024-12-19 15:22:15
500106054,27,14,11,2024-12-19 17:06:16
500108058,27,15,12,2024-12-19 16:29:15
500108002,27,10,17,2024-12-19 15:09:15
500105081,27,8,18,2024-12-19 15:07:15
500107152,27,9,18,2024-12-19 17:07:15
500101251,27,8,19,2024-12-19 15:17:16
500107152,27,7,20,2024-12-19 16:42:15
500110025,27,7,20,2024-12-19 15:05:16
500105081,27,5,22,2024-12-19 15:59:15
500101006,27,4,23,2024-12-19 16:18:16
500105084,27,4,23,2024-12-19 17:02:15
500119051,27,3,24,2024-12-19 15:46:16
500119063,27,3,24,2024-12-19 16:48:16
500101038,27,2,25,2024-12-19 17:10:17
500119063,27,2,25,2024-12-19 17:18:16
500101006,27,1,26,2024-12-19 14:54:15
500101251,27,1,26,2024-12-19 17:08:16
500104026,27,0,26,2024-12-19 13:48:15
500119063,27,0,27,2024-12-19 14:25:16
500107092,27,4,23,2024-12-19 21:46:15
500104026,27,8,18,2024-12-19 21:48:16
500111070,27,21,5,2024-12-19 05:23:15
500107169,27,18,9,2024-12-19 06:50:16
500105081,27,15,11,2024-12-19 07:47:15
500105081,27,14,12,2024-12-19 07:36:15
500105081,27,13,13,2024-12-19 08:47:15
500105084,27,14,13,2024-12-19 05:43:14
500106054,27,13,13,2024-12-19 07:44:15
500110025,27,13,14,2024-12-19 08:23:15
500110035,27,12,14,2024-12-19 06:45:16
500104027,27,9,15,2024-12-19 08:45:16
500110025,27,10,17,2024-12-19 08:46:15
500101038,27,9,18,2024-12-19 08:23:15
500107092,27,9,18,2024-12-19 08:02:15
500112047,27,9,18,2024-12-19 08:07:15
500112047,27,9,18,2024-12-19 08:30:16
500107092,27,8,19,2024-12-19 05:13:15
500119063,27,8,19,2024-12-19 07:06:15
500111065,27,7,20,2024-12-19 08:47:15
500112047,27,7,20,2024-12-19 08:57:14
500104026,27,5,21,2024-12-19 06:47:15
500104026,27,5,21,2024-12-19 06:55:16
500107092,27,6,21,2024-12-19 07:46:15
500107092,27,4,23,2024-12-19 06:43:15
500109064,27,4,23,2024-12-19 05:51:14
500111065,27,3,24,2024-12-19 08:17:14
500106136,27,0,26,2024-12-19 07:11:15
500106136,27,0,26,2024-12-19 07:37:15
500119063,27,1,26,2024-12-19 08:47:15
500111070,27,19,7,2024-12-19 23:41:14
500108002,27,3,24,2024-12-19 20:24:15
500107092,27,4,23,2024-12-19 23:46:15
500111024,27,7,20,2024-12-19 21:49:15
500105081,27,14,12,2024-12-19 23:20:15
500105084,27,14,13,2024-12-19 22:47:14
500119051,27,9,18,2024-12-19 23:52:14
500119063,27,20,7,2024-12-19 23:09:15
500119051,27,1,26,2024-12-19 00:17:15
500112047,27,25,1,2024-12-19 01:01:14
500112047,27,15,11,2024-12-19 22:54:14
500101006,27,26,1,2024-12-19 23:07:15
500101188,27,6,21,2024-12-19 22:23:15
500111070,27,16,11,2024-12-19 22:33:15
500110025,27,19,8,2024-12-19 22:23:15
500101006,27,23,4,2024-12-19 22:32:14
500105100,27,1,26,2024-12-19 21:38:15
500119051,27,5,22,2024-12-19 21:38:15
500119063,27,17,10,2024-12-19 21:23:16
500112047,27,26,0,2024-12-19 02:57:15
500104026,27,10,16,2024-12-19 22:08:15
500111070,27,13,14,2024-12-19 22:05:15
500119051,27,5,22,2024-12-19 21:46:14
500106136,27,3,23,2024-12-19 01:45:15
500109064,27,4,23,2024-12-19 01:40:15
500101038,27,1,26,2024-12-19 02:27:15
500101188,27,5,22,2024-12-19 22:11:15
500107152,27,6,21,2024-12-19 22:15:16
500109064,27,6,21,2024-12-19 22:18:15
500119051,27,8,19,2024-12-19 22:15:16
500101038,27,0,27,2024-12-19 22:58:15
500101038,27,27,0,2024-12-19 11:58:15
500109064,27,24,3,2024-12-19 11:28:16
500101038,27,22,5,2024-12-19 11:09:15
500111024,27,20,7,2024-12-19 12:44:14
500107169,27,18,9,2024-12-19 09:56:15
500109057,27,17,10,2024-12-19 10:16:15
500107152,27,15,12,2024-12-19 09:27:15
500108002,27,15,12,2024-12-19 11:31:15
500104027,27,12,15,2024-12-19 12:11:16
500106054,27,8,15,2024-12-19 13:08:15
500106054,27,7,16,2024-12-19 12:36:15
500108002,27,11,16,2024-12-19 12:18:15
500110025,27,10,17,2024-12-19 08:50:16
500107152,27,8,19,2024-12-19 12:08:15
500109064,27,8,19,2024-12-19 09:09:15
500105084,27,6,21,2024-12-19 09:00:18
500119051,27,6,21,2024-12-19 10:06:15
500104026,27,4,22,2024-12-19 10:27:16
500105100,27,5,22,2024-12-19 12:51:15
500101251,27,4,23,2024-12-19 10:38:15
500104026,27,3,23,2024-12-19 10:17:16
500112047,27,4,23,2024-12-19 09:26:15
500119063,27,4,23,2024-12-19 09:35:16
500104026,27,2,24,2024-12-19 11:38:14
500105084,27,3,24,2024-12-19 10:12:15
500107092,27,3,24,2024-12-19 10:17:15
500101251,27,2,25,2024-12-19 11:25:15
500104026,27,1,25,2024-12-19 12:44:15
500119063,27,2,25,2024-12-19 11:47:15
500104026,27,0,26,2024-12-19 12:58:15
500110035,27,1,26,2024-12-19 11:47:16
500119063,27,1,26,2024-12-19 12:25:16
500119063,27,1,26,2024-12-19 10:06:15
500101251,27,0,27,2024-12-19 10:07:16
500110035,27,0,27,2024-12-19 12:19:16
500101006,27,27,0,2024-12-19 19:53:16
500111065,27,27,0,2024-12-19 17:59:16
500101006,27,26,1,2024-12-19 20:51:16
500101006,27,25,2,2024-12-19 18:06:15
500101006,27,23,4,2024-12-19 17:47:16
500111070,27,20,7,2024-12-19 18:48:15
500108058,27,18,9,2024-12-19 18:48:15
500119063,27,17,10,2024-12-19 18:15:17
500107169,27,14,13,2024-12-19 18:27:15
500110025,27,14,13,2024-12-19 20:52:14
500105081,27,13,14,2024-12-19 17:52:15
500111024,27,12,15,2024-12-19 18:36:16
500104026,27,10,16,2024-12-19 19:59:16
500105081,27,11,16,2024-12-19 18:54:15
500110025,27,11,16,2024-12-19 19:17:15
500119051,27,10,17,2024-12-19 20:49:14
500101251,27,9,18,2024-12-19 19:29:15
500104026,27,8,18,2024-12-19 19:17:15
500109057,27,9,18,2024-12-19 17:46:15
500109064,27,9,18,2024-12-19 20:05:16
500104026,27,7,19,2024-12-19 19:23:15
500106054,27,6,19,2024-12-19 18:56:15
500112047,27,8,19,2024-12-19 18:58:16
500104027,27,7,20,2024-12-19 20:22:15
500104027,27,7,20,2024-12-19 19:38:15
500104027,27,7,20,2024-12-19 18:25:17
500109064,27,7,20,2024-12-19 20:23:15
500119051,27,7,20,2024-12-19 20:38:15
500105084,27,6,21,2024-12-19 17:25:16
500109064,27,6,21,2024-12-19 21:05:16
500107092,27,5,22,2024-12-19 19:38:15
500109064,27,5,22,2024-12-19 21:19:16
500110035,27,5,22,2024-12-19 18:15:17
500101038,27,3,24,2024-12-19 20:38:15
500105035,27,3,24,2024-12-19 18:18:16
500105100,27,3,24,2024-12-19 17:10:17
500101038,27,2,25,2024-12-19 18:07:16
500101038,27,2,25,2024-12-19 21:17:15
500104026,27,1,25,2024-12-19 20:39:15
500105035,27,2,25,2024-12-19 18:41:15
500106136,27,1,25,2024-12-19 18:47:16
500111070,27,2,25,2024-12-19 20:45:16
500101038,27,1,26,2024-12-19 17:43:15
500109064,27,27,0,2024-12-19 14:48:15
500109064,27,26,1,2024-12-19 13:33:15
500111065,27,23,4,2024-12-19 15:42:14
500111024,27,20,7,2024-12-19 13:37:15
500109064,27,19,8,2024-12-19 16:53:15
500106054,27,12,11,2024-12-19 16:36:15
500106054,27,13,12,2024-12-19 17:18:16
500107169,27,15,12,2024-12-19 14:15:16
500105035,27,11,16,2024-12-19 15:57:15
500101188,27,10,17,2024-12-19 13:27:15
500110025,27,9,18,2024-12-19 17:06:16
500111070,27,8,19,2024-12-19 15:54:15
500111070,27,8,19,2024-12-19 13:41:15
500112047,27,7,20,2024-12-19 15:41:15
500105081,27,6,21,2024-12-19 15:38:15
500105081,27,6,21,2024-12-19 16:12:15
500105084,27,5,22,2024-12-19 17:17:16
500101006,27,4,23,2024-12-19 14:43:14
500105100,27,4,23,2024-12-19 14:46:15
500119063,27,4,23,2024-12-19 16:17:15
500104026,27,2,24,2024-12-19 16:08:16
500105100,27,3,24,2024-12-19 15:17:16
500110035,27,3,24,2024-12-19 13:49:14
500119051,27,3,24,2024-12-19 16:38:15
500104026,27,1,25,2024-12-19 13:57:15
500111070,27,2,25,2024-12-19 17:03:15
500111070,27,2,25,2024-12-19 17:17:16
500101251,27,0,27,2024-12-19 16:42:18
500119051,27,0,27,2024-12-19 14:46:16
500119051,27,0,27,2024-12-19 15:34:16
500119063,27,0,27,2024-12-19 13:17:15
500110035,27,7,20,2024-12-19 21:45:15
500109064,27,23,4,2024-12-19 07:56:15
500105081,27,18,8,2024-12-19 06:46:15
500107169,27,18,9,2024-12-19 07:53:16
500112047,27,18,9,2024-12-19 06:02:15
500101251,27,17,10,2024-12-19 06:11:14
500104027,27,17,10,2024-12-19 07:12:15
500106054,27,16,10,2024-12-19 07:55:17
500107169,27,17,10,2024-12-19 07:34:15
500111070,27,15,11,2024-12-19 06:11:14
500109057,27,15,12,2024-12-19 08:26:15
500109064,27,15,12,2024-12-19 07:26:15
500101006,27,14,13,2024-12-19 07:22:15
500104027,27,13,14,2024-12-19 07:56:15
500105084,27,13,14,2024-12-19 06:27:15
500119051,27,13,14,2024-12-19 08:56:15
500107092,27,12,15,2024-12-19 08:17:15
500105084,27,11,16,2024-12-19 07:13:15
500106054,27,10,16,2024-12-19 07:27:15
500108002,27,11,16,2024-12-19 07:55:17
500112047,27,11,16,2024-12-19 07:23:15
500101188,27,10,17,2024-12-19 05:47:15
500104026,27,9,17,2024-12-19 05:23:15
500105035,27,10,17,2024-12-19 07:24:15
500105084,27,10,17,2024-12-19 06:56:15
500111065,27,10,17,2024-12-19 08:57:15
500104027,27,9,18,2024-12-19 06:46:15
500107152,27,9,18,2024-12-19 07:51:15
500111065,27,8,19,2024-12-19 08:02:15
500112047,27,8,19,2024-12-19 08:42:15
500112047,27,8,19,2024-12-19 07:47:15
500119051,27,8,19,2024-12-19 08:47:15
500105035,27,7,20,2024-12-19 06:05:16
500105084,27,7,20,2024-12-19 08:57:15
500109057,27,7,20,2024-12-19 08:03:15
500112047,27,7,20,2024-12-19 07:34:15
500101038,27,6,21,2024-12-19 08:03:15
500104026,27,3,23,2024-12-19 07:43:15
500110035,27,2,24,2024-12-19 08:17:15
500111024,27,3,24,2024-12-19 06:10:16
500101038,27,2,25,2024-12-19 05:11:15
500106136,27,0,26,2024-12-19 07:39:16
500111065,27,1,26,2024-12-19 07:22:15
500111070,27,0,26,2024-12-19 07:16:15
500101006,27,12,15,2024-12-19 00:07:15
500101251,27,12,15,2024-12-19 00:13:15
500109064,27,2,25,2024-12-19 00:47:15
500111070,27,18,9,2024-12-19 00:16:15
500119063,27,3,24,2024-12-19 00:37:15
500119051,27,10,17,2024-12-19 23:40:15
500119064,28,0,28,2024-12-19 23:33:14
500101227,28,14,14,2024-12-19 01:08:16
500107063,28,0,28,2024-12-19 23:11:17
500119064,28,1,27,2024-12-19 22:31:16
500101189,28,10,18,2024-12-19 23:14:15
500110078,28,9,19,2024-12-19 22:33:15
500105009,28,16,11,2024-12-19 22:37:15
500108165,28,18,9,2024-12-19 22:32:15
500113009,28,20,6,2024-12-19 22:30:16
500107063,28,5,23,2024-12-19 21:38:15
500101179,28,7,21,2024-12-19 21:36:15
500101001,28,12,16,2024-12-19 02:34:15
500107063,28,5,23,2024-12-19 04:17:15
500104085,28,12,8,2024-12-19 01:21:15
500108082,28,11,16,2024-12-19 21:57:15
500101226,28,12,10,2024-12-19 21:48:16
500107063,28,7,21,2024-12-19 03:36:15
500107063,28,9,19,2024-12-19 03:22:14
500101189,28,13,15,2024-12-19 23:40:15
500105089,28,15,13,2024-12-19 23:34:14
500107063,28,2,26,2024-12-19 01:04:14
500101179,28,10,18,2024-12-19 02:19:15
500112031,28,3,24,2024-12-19 02:22:15
500101129,28,16,12,2024-12-19 02:13:15
500110078,28,6,22,2024-12-19 22:47:14
500113058,28,17,9,2024-12-19 23:01:15
500105009,28,19,8,2024-12-19 22:55:16
500105009,28,15,12,2024-12-19 22:17:15
500107063,28,10,18,2024-12-19 01:54:15
500101001,28,7,20,2024-12-19 23:33:15
500119064,28,28,0,2024-12-19 09:08:16
500101129,28,26,2,2024-12-19 11:39:15
500101129,28,25,3,2024-12-19 11:35:16
500101189,28,22,6,2024-12-19 09:07:15
500101129,28,20,8,2024-12-19 12:16:15
500101129,28,20,8,2024-12-19 09:56:16
500113009,28,18,9,2024-12-19 09:55:17
500105009,28,17,10,2024-12-19 10:47:16
500101189,28,17,11,2024-12-19 09:29:15
500107063,28,17,11,2024-12-19 13:03:15
500101001,28,16,12,2024-12-19 12:19:15
500105009,28,15,12,2024-12-19 11:58:15
500104085,28,14,13,2024-12-19 09:05:16
500105089,28,15,13,2024-12-19 09:09:15
500108048,28,15,13,2024-12-19 13:04:16
500112031,28,15,13,2024-12-19 12:02:16
500108001,28,13,14,2024-12-19 09:02:15
500108082,28,12,15,2024-12-19 09:07:15
500112031,28,13,15,2024-12-19 12:19:16
500101039,28,12,16,2024-12-19 12:07:16
500101189,28,12,16,2024-12-19 10:27:16
500108165,28,12,16,2024-12-19 11:11:15
500101189,28,10,18,2024-12-19 12:51:15
500101226,28,10,18,2024-12-19 11:51:16
500101227,28,10,18,2024-12-19 09:45:15
500104085,28,9,18,2024-12-19 09:21:15
500106117,28,8,18,2024-12-19 09:32:14
500111044,28,10,18,2024-12-19 09:07:15
500113009,28,7,18,2024-12-19 09:06:15
500113058,28,10,18,2024-12-19 10:26:14
500107063,28,9,19,2024-12-19 09:44:15
500119064,28,9,19,2024-12-19 12:46:15
500101039,28,8,20,2024-12-19 11:47:15
500101179,28,7,20,2024-12-19 10:49:16
500106117,28,6,20,2024-12-19 10:15:16
500113058,28,8,20,2024-12-19 10:13:15
500110071,28,7,21,2024-12-19 10:18:15
500113058,28,7,21,2024-12-19 11:25:15
500119055,28,6,21,2024-12-19 10:38:15
500101246,28,6,22,2024-12-19 09:07:15
500107063,28,6,22,2024-12-19 12:17:15
500108191,28,6,22,2024-12-19 09:40:16
500110078,28,6,22,2024-12-19 09:05:16
500108048,28,5,23,2024-12-19 09:51:14
500111079,28,5,23,2024-12-19 12:23:16
500113058,28,5,23,2024-12-19 12:01:16
500104085,28,3,24,2024-12-19 12:34:14
500104085,28,3,24,2024-12-19 09:46:15
500108048,28,4,24,2024-12-19 09:25:16
500110078,28,4,24,2024-12-19 10:39:15
500111079,28,4,24,2024-12-19 12:49:15
500101246,28,3,25,2024-12-19 11:47:16
500119055,28,2,25,2024-12-19 11:16:14
500101179,28,1,26,2024-12-19 09:08:15
500101179,28,1,26,2024-12-19 11:28:16
500104085,28,1,26,2024-12-19 10:52:16
500110071,28,2,26,2024-12-19 11:18:15
500109050,28,1,27,2024-12-19 10:36:15
500101001,28,0,28,2024-12-19 09:46:16
500112031,28,2,25,2024-12-19 04:14:15
500101226,28,25,3,2024-12-19 18:08:16
500108165,28,21,6,2024-12-19 20:50:18
500101001,28,21,7,2024-12-19 20:09:15
500105009,28,21,7,2024-12-19 18:26:16
500108082,28,20,7,2024-12-19 21:20:16
500113009,28,19,7,2024-12-19 20:24:15
500113009,28,19,7,2024-12-19 21:09:16
500101039,28,20,8,2024-12-19 20:38:15
500101039,28,20,8,2024-12-19 21:15:16
500105009,28,20,8,2024-12-19 17:47:16
500107063,28,20,8,2024-12-19 19:07:15
500113009,28,18,8,2024-12-19 20:50:16
500101179,28,19,9,2024-12-19 20:06:15
500105089,28,18,10,2024-12-19 17:11:16
500113009,28,16,10,2024-12-19 19:29:16
500101179,28,17,11,2024-12-19 19:55:16
500101179,28,17,11,2024-12-19 20:38:15
500107063,28,17,11,2024-12-19 18:58:16
500101226,28,12,12,2024-12-19 19:38:14
500108001,28,16,12,2024-12-19 18:08:16
500110068,28,16,12,2024-12-19 17:46:15
500108001,28,14,13,2024-12-19 19:04:15
500105009,28,13,15,2024-12-19 21:10:16
500101227,28,12,16,2024-12-19 19:39:15
500105009,28,11,17,2024-12-19 19:56:16
500108048,28,11,17,2024-12-19 18:57:15
500101001,28,9,19,2024-12-19 19:59:16
500105009,28,9,19,2024-12-19 19:33:15
500107063,28,9,19,2024-12-19 20:59:15
500110071,28,9,19,2024-12-19 20:13:15
500101001,28,8,20,2024-12-19 19:19:15
500104085,28,5,20,2024-12-19 21:19:16
500107063,28,8,20,2024-12-19 20:49:15
500110071,28,8,20,2024-12-19 20:09:15
500104085,28,6,21,2024-12-19 17:21:15
500104085,28,6,21,2024-12-19 17:57:15
500105029,28,5,23,2024-12-19 20:55:17
500107063,28,5,23,2024-12-19 17:28:14
500119055,28,5,23,2024-12-19 17:38:16
500119055,28,5,23,2024-12-19 18:08:16
500101189,28,4,24,2024-12-19 20:12:15
500106117,28,2,24,2024-12-19 18:03:15
500101129,28,3,25,2024-12-19 21:20:16
500110078,28,3,25,2024-12-19 20:49:14
500109050,28,2,26,2024-12-19 18:52:14
500119055,28,2,26,2024-12-19 19:18:15
500119064,28,1,27,2024-12-19 18:52:15
500101189,28,0,28,2024-12-19 17:27:16
500109050,28,0,28,2024-12-19 18:21:16
500101039,28,27,1,2024-12-19 13:57:15
500101129,28,22,6,2024-12-19 14:45:15
500107063,28,21,7,2024-12-19 13:55:16
500110071,28,20,8,2024-12-19 16:04:14
500108165,28,17,10,2024-12-19 16:50:16
500110071,28,17,11,2024-12-19 13:26:15
500110071,28,16,12,2024-12-19 15:11:14
500108082,28,14,13,2024-12-19 16:46:15
500119055,28,15,13,2024-12-19 15:38:15
500101129,28,14,14,2024-12-19 16:36:15
500108165,28,12,15,2024-12-19 15:19:16
500113009,28,13,15,2024-12-19 13:18:15
500112031,28,12,16,2024-12-19 15:36:15
500113009,28,12,16,2024-12-19 14:14:15
500107063,28,11,17,2024-12-19 14:25:16
500108082,28,10,17,2024-12-19 14:36:15
500119064,28,11,17,2024-12-19 14:31:15
500101189,28,10,18,2024-12-19 15:49:15
500107063,28,10,18,2024-12-19 15:43:15
500107063,28,10,18,2024-12-19 15:38:15
500110078,28,10,18,2024-12-19 16:05:16
500119064,28,6,22,2024-12-19 13:32:15
500105029,28,5,23,2024-12-19 15:37:15
500101179,28,4,24,2024-12-19 15:51:15
500119055,28,4,24,2024-12-19 16:35:15
500119055,28,4,24,2024-12-19 16:57:15
500101001,28,3,25,2024-12-19 13:38:15
500119064,28,2,26,2024-12-19 15:52:15
500101001,28,1,27,2024-12-19 13:42:15
500101246,28,1,27,2024-12-19 13:48:15
500104085,28,0,27,2024-12-19 17:06:15
500101189,28,0,28,2024-12-19 16:47:15
500101246,28,0,28,2024-12-19 17:18:16
500119064,28,0,28,2024-12-19 16:46:15
500110071,28,6,22,2024-12-19 21:43:15
500101189,28,26,2,2024-12-19 08:56:15
500101246,28,25,3,2024-12-19 08:27:16
500104085,28,23,4,2024-12-19 07:16:15
500101189,28,23,5,2024-12-19 07:57:16
500101246,28,23,5,2024-12-19 06:27:15
500105009,28,22,5,2024-12-19 06:22:14
500105009,28,22,5,2024-12-19 07:37:15
500106117,28,20,6,2024-12-19 06:01:14
500104085,28,20,7,2024-12-19 08:25:16
500108001,28,19,7,2024-12-19 06:47:15
500108165,28,21,7,2024-12-19 06:18:14
500101189,28,20,8,2024-12-19 07:37:15
500105009,28,19,8,2024-12-19 08:27:16
500108082,28,19,8,2024-12-19 07:37:15
500108165,28,20,8,2024-12-19 06:28:15
500101226,28,13,9,2024-12-19 06:35:15
500105009,28,18,9,2024-12-19 08:02:15
500108082,28,18,9,2024-12-19 07:27:15
500109050,28,19,9,2024-12-19 06:45:16
500109050,28,19,9,2024-12-19 06:11:14
500105009,28,17,10,2024-12-19 07:55:17
500108191,28,18,10,2024-12-19 07:37:15
500119064,28,18,10,2024-12-19 07:21:15
500101129,28,17,11,2024-12-19 06:12:14
500104085,28,16,11,2024-12-19 08:42:14
500105029,28,17,11,2024-12-19 08:15:16
500105029,28,15,13,2024-12-19 08:23:15
500113009,28,12,13,2024-12-19 07:28:15
500108191,28,14,14,2024-12-19 08:12:15
500101129,28,13,15,2024-12-19 08:37:15
500108191,28,13,15,2024-12-19 08:26:15
500108001,28,10,16,2024-12-19 07:14:15
500108165,28,11,17,2024-12-19 07:33:15
500110078,28,11,17,2024-12-19 06:55:16
500101039,28,10,18,2024-12-19 07:46:15
500101179,28,9,18,2024-12-19 05:53:15
500104085,28,9,18,2024-12-19 07:46:15
500119055,28,8,19,2024-12-19 07:50:16
500101039,28,8,20,2024-12-19 07:29:15
500105089,28,8,20,2024-12-19 08:22:15
500111044,28,8,20,2024-12-19 08:30:16
500110068,28,6,22,2024-12-19 08:33:16
500110068,28,6,22,2024-12-19 08:55:16
500101001,28,5,23,2024-12-19 08:03:14
500101189,28,5,23,2024-12-19 06:29:15
500108082,28,4,23,2024-12-19 08:27:16
500108165,28,5,23,2024-12-19 07:55:16
500101179,28,2,25,2024-12-19 08:03:14
500107063,28,3,25,2024-12-19 06:34:15
500112031,28,3,25,2024-12-19 07:14:15
500111079,28,1,27,2024-12-19 07:47:15
500101226,28,0,28,2024-12-19 08:57:15
500101246,28,22,6,2024-12-19 00:17:15
500108001,28,15,12,2024-12-19 00:07:15
500111079,28,1,27,2024-12-19 00:29:15
500107063,28,1,27,2024-12-19 00:04:16
500104085,28,14,11,2024-12-19 23:38:15
500110078,28,9,19,2024-12-19 01:17:15
500108191,28,22,6,2024-12-19 00:12:14
500110078,28,1,27,2024-12-19 23:17:14
500101039,28,5,23,2024-12-19 23:07:15
500109050,28,8,20,2024-12-19 22:33:15
500104085,28,12,13,2024-12-19 23:12:15
500111044,28,13,15,2024-12-19 21:59:15
500101129,28,7,21,2024-12-19 21:37:15
500108191,28,9,19,2024-12-19 21:32:15
500105009,28,14,14,2024-12-19 21:28:15
500108001,28,17,10,2024-12-19 21:08:15
500108082,28,19,8,2024-12-19 21:39:15
500105089,28,24,4,2024-12-19 21:35:16
500106117,28,22,5,2024-12-19 02:34:15
500108001,28,15,11,2024-12-19 04:23:14
500105029,28,8,20,2024-12-19 21:44:15
500107063,28,1,27,2024-12-19 01:23:15
500101039,28,11,17,2024-12-19 21:54:15
500107063,28,0,28,2024-12-19 23:57:15
500110078,28,0,28,2024-12-19 23:56:14
500101129,28,17,11,2024-12-19 02:21:15
500101179,28,0,28,2024-12-19 22:47:15
500101001,28,9,19,2024-12-19 22:49:15
500101226,28,13,9,2024-12-19 22:19:15
500111079,28,14,14,2024-12-19 22:13:15
500107063,28,5,23,2024-12-19 04:39:15
500110071,28,3,25,2024-12-19 22:23:15
500101129,28,8,20,2024-12-19 22:23:14
500110078,28,10,18,2024-12-19 22:26:15
500107063,28,2,26,2024-12-19 23:30:16
500101039,28,2,26,2024-12-19 02:03:15
500107063,28,10,18,2024-12-19 01:28:14
500101129,28,24,4,2024-12-19 12:27:15
500101129,28,24,4,2024-12-19 12:52:15
500101001,28,22,6,2024-12-19 12:38:15
500101129,28,21,7,2024-12-19 10:17:16
500108082,28,20,7,2024-12-19 09:47:15
500107063,28,19,9,2024-12-19 09:07:15
500113009,28,18,9,2024-12-19 09:41:15
500101189,28,18,10,2024-12-19 09:27:15
500105029,28,18,10,2024-12-19 09:36:14
500108082,28,17,10,2024-12-19 09:37:15
500113009,28,17,11,2024-12-19 11:45:15
500101227,28,15,13,2024-12-19 12:15:16
500105009,28,14,13,2024-12-19 12:21:15
500105029,28,14,14,2024-12-19 08:57:15
500110071,28,14,14,2024-12-19 12:40:17
500105089,28,13,15,2024-12-19 09:52:15
500110071,28,13,15,2024-12-19 12:32:15
500113009,28,13,15,2024-12-19 12:39:15
500101039,28,12,16,2024-12-19 09:26:15
500108082,28,11,16,2024-12-19 12:34:14
500111044,28,12,16,2024-12-19 11:27:15
500112031,28,12,16,2024-12-19 12:45:16
500110071,28,11,17,2024-12-19 11:28:16
500111044,28,11,17,2024-12-19 12:48:15
500101227,28,10,18,2024-12-19 11:26:15
500113058,28,10,18,2024-12-19 09:23:15
500101226,28,9,19,2024-12-19 11:59:16
500101226,28,8,20,2024-12-19 12:19:15
500101039,28,7,21,2024-12-19 09:37:15
500105029,28,7,21,2024-12-19 12:16:15
500105029,28,7,21,2024-12-19 09:59:16
500107063,28,7,21,2024-12-19 11:28:16
500119055,28,6,21,2024-12-19 10:28:15
500119064,28,7,21,2024-12-19 10:07:16
500101039,28,6,22,2024-12-19 10:07:16
500108082,28,5,22,2024-12-19 10:26:14
500109050,28,6,22,2024-12-19 12:58:15
500113058,28,6,22,2024-12-19 11:48:15
500119055,28,5,22,2024-12-19 12:19:16
500107063,28,5,23,2024-12-19 11:45:15
500108001,28,4,23,2024-12-19 11:18:15
500108001,28,4,23,2024-12-19 11:48:15
500119064,28,5,23,2024-12-19 11:56:15
500101039,28,3,25,2024-12-19 10:40:15
500110071,28,3,25,2024-12-19 09:47:15
500110078,28,3,25,2024-12-19 09:38:14
500110078,28,3,25,2024-12-19 10:13:15
500110078,28,3,25,2024-12-19 10:28:15
500119055,28,2,25,2024-12-19 11:45:15
500119064,28,3,25,2024-12-19 10:18:15
500101179,28,2,26,2024-12-19 12:36:15
500101179,28,2,26,2024-12-19 11:55:18
500101226,28,2,26,2024-12-19 10:28:15
500101246,28,2,26,2024-12-19 10:36:14
500111079,28,2,26,2024-12-19 09:55:17
500101246,28,1,27,2024-12-19 12:16:15
500107063,28,1,27,2024-12-19 12:07:16
500109050,28,1,27,2024-12-19 10:11:15
500110071,28,1,27,2024-12-19 10:34:15
500111079,28,0,28,2024-12-19 09:09:15
500101039,28,28,0,2024-12-19 19:15:16
500101226,28,26,2,2024-12-19 18:17:15
500111079,28,25,3,2024-12-19 18:28:16
500101001,28,24,4,2024-12-19 20:49:15
500101001,28,22,6,2024-12-19 21:09:16
500108165,28,21,6,2024-12-19 18:36:16
500108165,28,20,7,2024-12-19 18:08:16
500113009,28,21,7,2024-12-19 17:43:16
500108165,28,19,8,2024-12-19 17:28:15
500113009,28,17,9,2024-12-19 19:46:15
500108001,28,16,11,2024-12-19 20:59:15
500108082,28,16,11,2024-12-19 19:01:15
500101179,28,16,12,2024-12-19 21:07:16
500101179,28,14,14,2024-12-19 20:26:16
500104085,28,12,15,2024-12-19 18:29:16
500108001,28,12,15,2024-12-19 18:37:15
500119055,28,13,15,2024-12-19 18:29:16
500107063,28,12,16,2024-12-19 19:19:15
500111044,28,11,17,2024-12-19 17:35:16
500111044,28,11,17,2024-12-19 18:12:16
500111044,28,11,17,2024-12-19 18:42:16
500108082,28,9,18,2024-12-19 19:59:15
500101179,28,9,19,2024-12-19 18:58:16
500110078,28,8,20,2024-12-19 19:18:15
500110078,28,8,20,2024-12-19 19:36:15
500108082,28,6,21,2024-12-19 18:07:16
500101001,28,6,22,2024-12-19 19:07:15
500104085,28,5,22,2024-12-19 17:34:15
500106117,28,4,22,2024-12-19 17:42:15
500108191,28,6,22,2024-12-19 18:11:16
500101179,28,5,23,2024-12-19 18:18:16
500105029,28,5,23,2024-12-19 19:15:16
500110078,28,5,23,2024-12-19 21:09:15
500101129,28,4,24,2024-12-19 20:11:16
500101189,28,4,24,2024-12-19 20:06:15
500101246,28,4,24,2024-12-19 17:28:14
500107063,28,4,24,2024-12-19 21:19:16
500119064,28,4,24,2024-12-19 19:07:15
500105029,28,3,25,2024-12-19 18:26:16
500110068,28,3,25,2024-12-19 20:31:15
500112031,28,3,25,2024-12-19 20:44:15
500110078,28,2,26,2024-12-19 18:38:16
500112031,28,2,26,2024-12-19 17:38:16
500101246,28,1,27,2024-12-19 18:47:16
500110071,28,1,27,2024-12-19 17:38:16
500101001,28,27,1,2024-12-19 16:58:15
500101001,28,23,5,2024-12-19 16:16:15
500119055,28,21,6,2024-12-19 14:27:15
500108165,28,20,7,2024-12-19 17:16:16
500101226,28,19,9,2024-12-19 17:16:16
500110071,28,19,9,2024-12-19 16:15:15
500110078,28,17,11,2024-12-19 13:10:16
500110078,28,17,11,2024-12-19 13:25:15
500101226,28,16,12,2024-12-19 16:59:15
500101227,28,15,13,2024-12-19 17:08:15
500105009,28,14,13,2024-12-19 13:26:16
500112031,28,15,13,2024-12-19 14:40:15
500113009,28,15,13,2024-12-19 16:56:15
500101226,28,14,14,2024-12-19 16:22:16
500105009,28,14,14,2024-12-19 14:23:15
500101129,28,13,15,2024-12-19 16:56:15
500101226,28,13,15,2024-12-19 15:07:15
500101129,28,11,17,2024-12-19 15:47:14
500107063,28,11,17,2024-12-19 16:35:15
500119064,28,11,17,2024-12-19 14:09:15
500108082,28,9,18,2024-12-19 15:06:15
500110071,28,10,18,2024-12-19 17:15:16
500106117,28,7,19,2024-12-19 17:12:16
500108001,28,8,19,2024-12-19 15:03:15
500109050,28,8,20,2024-12-19 14:37:14
500101189,28,7,21,2024-12-19 14:33:16
500107063,28,6,22,2024-12-19 17:18:16
500110078,28,6,22,2024-12-19 16:26:15
500119064,28,6,22,2024-12-19 13:15:15
500104085,28,3,24,2024-12-19 15:42:15
500110078,28,4,24,2024-12-19 16:47:15
500111079,28,4,24,2024-12-19 15:31:15
500119055,28,4,24,2024-12-19 16:47:15
500113058,28,3,25,2024-12-19 14:07:16
500113058,28,2,26,2024-12-19 13:10:16
500119064,28,2,26,2024-12-19 16:24:15
500101246,28,1,27,2024-12-19 15:06:15
500101246,28,1,27,2024-12-19 14:37:14
500110078,28,1,27,2024-12-19 17:18:16
500101001,28,5,23,2024-12-19 21:49:15
500101189,28,26,2,2024-12-19 08:47:15
500108001,28,24,2,2024-12-19 05:45:15
500101189,28,25,3,2024-12-19 08:17:15
500101226,28,18,4,2024-12-19 04:57:14
500113058,28,24,4,2024-12-19 07:43:15
500104085,28,16,5,2024-12-19 05:33:15
500106117,28,21,5,2024-12-19 05:12:14
500113058,28,23,5,2024-12-19 08:03:15
500106117,28,19,7,2024-12-19 06:52:15
500109050,28,21,7,2024-12-19 05:22:15
500109050,28,20,8,2024-12-19 07:28:15
500101226,28,13,9,2024-12-19 07:27:15
500105009,28,18,9,2024-12-19 08:38:15
500105009,28,18,9,2024-12-19 08:57:14
500106117,28,17,9,2024-12-19 07:35:16
500110071,28,18,10,2024-12-19 06:10:16
500101001,28,16,12,2024-12-19 06:34:15
500101129,28,16,12,2024-12-19 08:56:16
500113058,28,14,12,2024-12-19 06:45:16
500101129,28,14,14,2024-12-19 07:57:16
500108082,28,12,15,2024-12-19 08:57:15
500111079,28,13,15,2024-12-19 07:17:14
500101001,28,12,16,2024-12-19 06:47:15
500119055,28,11,16,2024-12-19 08:02:15
500110078,28,11,17,2024-12-19 05:48:14
500110078,28,10,18,2024-12-19 06:45:16
500110078,28,10,18,2024-12-19 06:05:15
500105089,28,8,20,2024-12-19 08:32:15
500111044,28,8,20,2024-12-19 06:17:14
500112031,28,7,21,2024-12-19 07:44:15
500119055,28,6,21,2024-12-19 07:43:15
500101179,28,5,22,2024-12-19 06:54:16
500119055,28,4,23,2024-12-19 08:56:16
500101179,28,3,24,2024-12-19 08:17:15
500110068,28,4,24,2024-12-19 07:31:15
500108082,28,2,25,2024-12-19 05:09:15
500107063,28,2,26,2024-12-19 08:17:16
500101179,28,0,27,2024-12-19 08:27:15
500108165,28,21,7,2024-12-19 00:45:15
500110071,28,1,27,2024-12-19 00:13:15
500119055,28,5,22,2024-12-19 00:28:14
500101179,28,9,19,2024-12-19 00:39:15
500119055,28,8,19,2024-12-19 00:06:15
500119055,28,0,28,2024-12-19 23:17:15
500113009,28,18,8,2024-12-19 23:20:15
500111079,28,11,17,2024-12-19 23:48:15
500109050,28,8,20,2024-12-19 00:49:15
500104085,28,11,9,2024-12-19 01:09:14
500101001,28,11,17,2024-12-19 00:43:15
500108001,28,16,11,2024-12-19 01:02:15
500105009,28,23,5,2024-12-19 01:08:16
500108082,28,4,23,2024-12-19 22:47:15
500111079,28,13,15,2024-12-19 23:07:14
500113009,28,19,7,2024-12-19 23:02:14
500101179,28,2,26,2024-12-19 22:39:15
500101129,28,9,19,2024-12-19 22:39:15
500105029,28,10,18,2024-12-19 22:18:15
500111079,28,15,13,2024-12-19 22:32:15
500119055,28,3,24,2024-12-19 02:56:15
500112031,28,2,26,2024-12-19 04:27:14
500101179,28,5,23,2024-12-19 22:06:15
500101129,28,7,21,2024-12-19 22:09:15
500109050,28,7,21,2024-12-19 22:03:15
500110078,28,12,16,2024-12-19 22:08:15
500113058,28,26,2,2024-12-19 22:07:15
500119064,28,1,27,2024-12-19 01:33:15
500101001,28,11,17,2024-12-19 01:38:15
500113058,28,17,9,2024-12-19 22:45:16
500107063,28,4,24,2024-12-19 04:37:14
500101226,28,18,4,2024-12-19 23:06:15
500101226,28,16,6,2024-12-19 22:25:16
500113058,28,27,1,2024-12-19 22:20:15
500119064,28,25,3,2024-12-19 09:23:15
500101039,28,23,5,2024-12-19 12:57:15
500101129,28,22,6,2024-12-19 10:28:15
500101039,28,21,7,2024-12-19 12:48:14
500110078,28,19,9,2024-12-19 12:51:15
500110078,28,18,10,2024-12-19 11:58:16
500113009,28,17,10,2024-12-19 10:02:15
500110071,28,17,11,2024-12-19 13:01:15
500113009,28,17,11,2024-12-19 10:30:16
500105009,28,15,12,2024-12-19 12:40:17
500110071,28,16,12,2024-12-19 12:58:15
500101189,28,15,13,2024-12-19 10:07:16
500101039,28,14,14,2024-12-19 09:43:15
500105089,28,14,14,2024-12-19 09:27:15
500107063,28,14,14,2024-12-19 12:42:15
500101227,28,13,15,2024-12-19 11:58:16
500110068,28,13,15,2024-12-19 12:25:15
500111044,28,13,15,2024-12-19 09:46:16
500105089,28,12,16,2024-12-19 12:38:15
500108165,28,11,16,2024-12-19 12:45:15
500110071,28,12,16,2024-12-19 11:48:15
500111044,28,12,16,2024-12-19 09:16:15
500119055,28,11,16,2024-12-19 12:27:14
500101189,28,11,17,2024-12-19 11:50:16
500106117,28,9,17,2024-12-19 09:15:15
500108082,28,10,17,2024-12-19 12:40:17
500108165,28,11,17,2024-12-19 09:23:15
500110068,28,11,17,2024-12-19 09:38:14
500119064,28,11,17,2024-12-19 12:54:15
500101189,28,10,18,2024-12-19 12:18:15
500108191,28,9,19,2024-12-19 08:51:15
500109050,28,9,19,2024-12-19 08:37:15
500106117,28,6,20,2024-12-19 08:49:15
500108082,28,7,20,2024-12-19 10:29:15
500110071,28,8,20,2024-12-19 12:19:16
500108001,28,6,21,2024-12-19 10:26:14
500108048,28,7,21,2024-12-19 10:00:17
500119064,28,7,21,2024-12-19 12:37:15
500108048,28,6,22,2024-12-19 12:36:15
500108191,28,6,22,2024-12-19 11:44:15
500108001,28,4,23,2024-12-19 11:01:17
500109050,28,5,23,2024-12-19 09:46:16
500119064,28,5,23,2024-12-19 12:25:16
500106117,28,1,25,2024-12-19 12:40:17
500101001,28,2,26,2024-12-19 11:38:15
500101179,28,1,26,2024-12-19 09:27:15
500101179,28,1,26,2024-12-19 10:28:15
500101246,28,2,26,2024-12-19 12:03:15
500101246,28,2,26,2024-12-19 10:23:15
500104085,28,1,26,2024-12-19 10:20:16
500101246,28,1,27,2024-12-19 12:38:14
500101246,28,1,27,2024-12-19 10:18:15
500111079,28,1,27,2024-12-19 09:37:16
500119055,28,0,27,2024-12-19 11:56:15
500119055,28,0,27,2024-12-19 09:57:15
500101001,28,0,28,2024-12-19 10:07:16
500110078,28,0,28,2024-12-19 11:15:17
500111079,28,0,28,2024-12-19 09:06:14
500107063,28,28,0,2024-12-19 18:06:15
500108165,28,24,3,2024-12-19 19:49:15
500101001,28,23,5,2024-12-19 17:48:15
500105089,28,23,5,2024-12-19 18:03:15
500101039,28,22,6,2024-12-19 19:38:15
500108165,28,21,6,2024-12-19 20:49:14
500104085,28,20,7,2024-12-19 19:28:14
500105009,28,21,7,2024-12-19 17:26:15
500108165,28,20,7,2024-12-19 17:39:14
500111079,28,21,7,2024-12-19 20:08:15
500111079,28,21,7,2024-12-19 18:05:15
500111079,28,20,8,2024-12-19 20:28:15
500111079,28,19,9,2024-12-19 20:46:16
500113009,28,19,9,2024-12-19 17:31:15
500110078,28,16,12,2024-12-19 21:20:16
500107063,28,15,13,2024-12-19 19:49:15
500108001,28,15,13,2024-12-19 17:48:15
500108048,28,15,13,2024-12-19 17:41:15
500113058,28,15,13,2024-12-19 19:41:16
500101226,28,9,15,2024-12-19 19:04:16
500101226,28,9,15,2024-12-19 18:58:16
500107063,28,13,15,2024-12-19 19:36:15
500110071,28,12,16,2024-12-19 19:19:14
500111044,28,12,16,2024-12-19 18:49:16
500106117,28,9,17,2024-12-19 20:21:15
500106117,28,8,18,2024-12-19 19:41:16
500106117,28,8,18,2024-12-19 17:20:17
500119064,28,10,18,2024-12-19 19:18:15
500110071,28,9,19,2024-12-19 19:35:16
500112031,28,9,19,2024-12-19 19:16:15
500101129,28,8,20,2024-12-19 19:18:15
500104085,28,5,20,2024-12-19 20:58:15
500106117,28,6,20,2024-12-19 17:38:16
500108191,28,8,20,2024-12-19 21:06:15
500104085,28,4,21,2024-12-19 21:05:16
500105029,28,7,21,2024-12-19 19:49:15
500110071,28,7,21,2024-12-19 21:20:16
500110078,28,6,22,2024-12-19 17:28:15
500110078,28,5,23,2024-12-19 18:48:15
500101189,28,4,24,2024-12-19 20:35:15
500101246,28,4,24,2024-12-19 20:44:15
500101129,28,3,25,2024-12-19 20:56:15
500110071,28,3,25,2024-12-19 17:47:16
500110078,28,3,25,2024-12-19 19:55:16
500119055,28,3,25,2024-12-19 17:25:16
500119064,28,3,25,2024-12-19 18:45:16
500101179,28,2,26,2024-12-19 18:07:16
500119064,28,2,26,2024-12-19 21:10:16
500101039,28,1,27,2024-12-19 17:32:15
500101179,28,1,27,2024-12-19 18:28:15
500101189,28,1,27,2024-12-19 19:28:15
500109050,28,1,27,2024-12-19 17:56:15
500112031,28,1,27,2024-12-19 18:18:16
500119055,28,1,27,2024-12-19 20:20:19
500119055,28,1,27,2024-12-19 19:03:15
500101129,28,24,4,2024-12-19 15:05:16
500101129,28,23,5,2024-12-19 15:35:16
500119055,28,22,5,2024-12-19 13:46:16
500101129,28,22,6,2024-12-19 15:23:15
500119055,28,21,6,2024-12-19 14:33:16
500101001,28,21,7,2024-12-19 15:25:15
500119055,28,20,7,2024-12-19 13:55:16
500107063,28,20,8,2024-12-19 13:27:15
500119055,28,17,11,2024-12-19 15:28:14
500105009,28,15,13,2024-12-19 14:10:17
500105089,28,15,13,2024-12-19 16:37:15
500113009,28,15,13,2024-12-19 16:08:16
500101226,28,14,14,2024-12-19 15:47:15
500101001,28,13,15,2024-12-19 14:08:15
500101226,28,13,15,2024-12-19 14:09:16
500119055,28,13,15,2024-12-19 15:45:15
500108001,28,11,16,2024-12-19 14:08:15
500111044,28,12,16,2024-12-19 14:59:15
500119064,28,12,16,2024-12-19 14:27:15
500107063,28,11,17,2024-12-19 15:57:15
500107063,28,11,17,2024-12-19 15:18:15
500108001,28,9,18,2024-12-19 15:29:15
500119064,28,10,18,2024-12-19 14:39:16
500109050,28,9,19,2024-12-19 14:49:15
500112031,28,9,19,2024-12-19 16:36:15
500101189,28,8,20,2024-12-19 14:59:15
500101189,28,8,20,2024-12-19 14:23:15
500109050,28,8,20,2024-12-19 15:53:14
500119064,28,8,20,2024-12-19 13:53:15
500106117,28,5,21,2024-12-19 16:41:14
500101189,28,6,22,2024-12-19 16:08:16
500108191,28,6,22,2024-12-19 17:07:15
500119064,28,5,23,2024-12-19 13:19:15
500106117,28,2,24,2024-12-19 14:38:15
500101179,28,3,25,2024-12-19 16:06:15
500104085,28,2,25,2024-12-19 15:21:15
500113058,28,3,25,2024-12-19 16:28:15
500101246,28,2,26,2024-12-19 13:55:16
500109050,28,2,26,2024-12-19 16:18:16
500119055,28,2,26,2024-12-19 17:07:15
500119064,28,2,26,2024-12-19 15:17:16
500101179,28,1,27,2024-12-19 17:08:15
500101179,28,1,27,2024-12-19 15:28:14
500119064,28,1,27,2024-12-19 15:44:15
500101179,28,0,28,2024-12-19 15:12:16
500101246,28,0,28,2024-12-19 16:38:16
500110078,28,13,15,2024-12-19 21:43:15
500113009,28,19,7,2024-12-19 21:46:15
500108082,28,27,0,2024-12-19 07:47:15
500112031,28,28,0,2024-12-19 08:37:15
500110071,28,25,3,2024-12-19 07:26:15
500113058,28,22,4,2024-12-19 07:37:15
500110071,28,23,5,2024-12-19 06:47:15
500106117,28,20,6,2024-12-19 06:46:15
500101246,28,21,7,2024-12-19 06:07:15
500108191,28,20,8,2024-12-19 06:44:15
500108082,28,17,10,2024-12-19 07:57:16
500109050,28,18,10,2024-12-19 07:45:16
500113058,28,18,10,2024-12-19 08:25:16
500119064,28,16,12,2024-12-19 08:46:15
500110078,28,14,14,2024-12-19 08:37:15
500119064,28,14,14,2024-12-19 08:33:15
500101039,28,13,15,2024-12-19 08:01:15
500110078,28,13,15,2024-12-19 07:56:15
500101001,28,11,17,2024-12-19 06:56:15
500101227,28,11,17,2024-12-19 06:56:15
500113009,28,8,17,2024-12-19 07:47:15
500101001,28,10,18,2024-12-19 07:17:14
500101227,28,10,18,2024-12-19 07:26:15
500110078,28,9,19,2024-12-19 05:28:14
500110078,28,9,19,2024-12-19 06:18:14
500101039,28,7,21,2024-12-19 07:27:15
500110068,28,7,21,2024-12-19 08:19:15
500112031,28,7,21,2024-12-19 07:33:15
500110068,28,5,23,2024-12-19 07:44:15
500108001,28,3,24,2024-12-19 08:02:15
500112031,28,4,24,2024-12-19 06:13:14
500101039,28,3,25,2024-12-19 05:05:16
500108048,28,3,25,2024-12-19 08:01:15
500111079,28,3,25,2024-12-19 08:47:15
500108001,28,0,27,2024-12-19 08:26:15
500101246,28,21,7,2024-12-19 00:41:14
500104085,28,10,10,2024-12-19 00:05:15
500106117,28,8,18,2024-12-19 23:37:14
500101226,28,16,6,2024-12-19 00:36:15
500105089,28,21,7,2024-12-19 00:47:15
500101246,28,8,20,2024-12-19 23:10:15
500111044,28,14,14,2024-12-19 22:42:15
500108001,28,17,9,2024-12-19 23:33:15
500101226,28,16,9,2024-12-19 23:57:15
500101227,28,18,10,2024-12-19 23:06:15
500101189,28,3,25,2024-12-19 00:45:15
500101226,28,16,6,2024-12-19 00:44:15
500113058,28,21,5,2024-12-19 01:02:15
500110068,28,1,27,2024-12-19 22:33:15
500101226,28,15,7,2024-12-19 22:37:15
500105089,28,25,3,2024-12-19 22:12:15
500101189,28,7,21,2024-12-19 21:39:15
500111079,28,16,12,2024-12-19 21:35:16
500108165,28,23,4,2024-12-19 21:37:15
500110078,28,10,18,2024-12-19 03:39:14
500110071,28,1,27,2024-12-19 22:06:14
500112031,28,1,27,2024-12-19 21:53:15
500101189,28,9,19,2024-12-19 22:04:15
500108191,28,10,18,2024-12-19 21:45:14
500101246,28,8,20,2024-12-19 21:54:15
500101001,28,11,17,2024-12-19 21:59:15
500101179,28,19,9,2024-12-19 23:58:14
500107063,28,11,17,2024-12-19 02:09:15
500112031,28,4,23,2024-12-19 02:04:15
500101189,28,9,19,2024-12-19 23:05:15
500101179,28,2,26,2024-12-19 22:18:15
500101001,28,7,21,2024-12-19 22:59:15
500101246,28,8,20,2024-12-19 22:58:15
500101179,28,5,23,2024-12-19 23:33:15
500110071,28,13,15,2024-12-19 23:30:16
500101129,28,25,3,2024-12-19 12:38:15
500101039,28,22,6,2024-12-19 13:04:15
500101129,28,22,6,2024-12-19 09:07:15
500105009,28,19,8,2024-12-19 09:16:14
500105009,28,18,9,2024-12-19 10:30:16
500110078,28,19,9,2024-12-19 13:05:16
500113009,28,18,9,2024-12-19 09:28:15
500112031,28,18,10,2024-12-19 11:32:14
500113009,28,18,10,2024-12-19 11:12:16
500113009,28,17,11,2024-12-19 10:47:16
500112031,28,16,12,2024-12-19 09:57:15
500119055,28,15,12,2024-12-19 13:07:15
500110078,28,14,14,2024-12-19 11:38:15
500111044,28,14,14,2024-12-19 10:34:14
500108165,28,12,15,2024-12-19 12:16:15
500108165,28,13,15,2024-12-19 09:34:15
500113009,28,13,15,2024-12-19 12:06:16
500110068,28,12,16,2024-12-19 12:19:16
500110071,28,11,17,2024-12-19 12:27:14
500101227,28,9,19,2024-12-19 10:52:15
500109050,28,9,19,2024-12-19 12:59:16
500106117,28,6,20,2024-12-19 11:35:17
500108048,28,8,20,2024-12-19 10:53:16
500101001,28,7,21,2024-12-19 11:48:15
500108001,28,5,22,2024-12-19 10:33:15
500108001,28,5,22,2024-12-19 10:55:17
500119064,28,6,22,2024-12-19 11:37:15
500108191,28,5,23,2024-12-19 11:17:15
500119055,28,4,23,2024-12-19 10:52:15
500101039,28,4,24,2024-12-19 10:25:16
500101179,28,3,24,2024-12-19 09:07:15
500101179,28,3,24,2024-12-19 09:36:14
500108082,28,3,24,2024-12-19 10:17:16
500110071,28,4,24,2024-12-19 10:06:15
500104085,28,2,25,2024-12-19 10:08:15
500106117,28,1,25,2024-12-19 12:20:16
500108001,28,2,25,2024-12-19 12:04:16
500101001,28,2,26,2024-12-19 11:28:16
500101246,28,2,26,2024-12-19 09:43:15
500104085,28,1,26,2024-12-19 12:57:15
500110071,28,2,26,2024-12-19 09:37:15
500101001,28,1,27,2024-12-19 09:07:15
500101246,28,1,27,2024-12-19 09:24:14
500119055,28,0,27,2024-12-19 12:07:16
500101001,28,0,28,2024-12-19 11:18:15
500101001,28,27,1,2024-12-19 20:13:15
500111079,28,25,3,2024-12-19 19:07:15
500108165,28,22,5,2024-12-19 18:44:16
500101001,28,22,6,2024-12-19 21:19:16
500104085,28,21,6,2024-12-19 19:16:15
500111079,28,22,6,2024-12-19 20:13:15
500113009,28,21,7,2024-12-19 18:03:15
500101001,28,20,8,2024-12-19 17:38:15
500104085,28,19,8,2024-12-19 19:35:16
500107063,28,19,9,2024-12-19 18:17:15
500101226,28,14,10,2024-12-19 19:26:15
500101227,28,16,12,2024-12-19 17:49:15
500107063,28,16,12,2024-12-19 19:58:14
500113058,28,16,12,2024-12-19 19:57:15
500113058,28,16,12,2024-12-19 20:25:15
500101227,28,15,13,2024-12-19 20:51:16
500107063,28,15,13,2024-12-19 20:29:15
500111044,28,13,15,2024-12-19 19:21:15
500111044,28,13,15,2024-12-19 17:27:16
500101039,28,10,18,2024-12-19 18:12:16
500113058,28,9,19,2024-12-19 18:42:16
500105009,28,8,20,2024-12-19 19:07:15
500108191,28,8,20,2024-12-19 18:32:16
500101179,28,7,21,2024-12-19 17:28:15
500108191,28,7,21,2024-12-19 18:08:16
500110078,28,7,21,2024-12-19 18:58:16
500101189,28,6,22,2024-12-19 20:55:17
500105029,28,6,22,2024-12-19 20:09:15
500106117,28,4,22,2024-12-19 18:18:16
500108082,28,5,22,2024-12-19 20:16:16
500108191,28,6,22,2024-12-19 17:49:15
500101189,28,5,23,2024-12-19 19:58:15
500101246,28,5,23,2024-12-19 20:28:15
500101246,28,5,23,2024-12-19 19:49:15
500101189,28,4,24,2024-12-19 20:29:15
500108082,28,3,24,2024-12-19 20:37:16
500110071,28,4,24,2024-12-19 17:52:15
500119055,28,4,24,2024-12-19 18:55:17
500101246,28,3,25,2024-12-19 19:33:14
500109050,28,3,25,2024-12-19 19:02:16
500110068,28,3,25,2024-12-19 20:10:16
500110078,28,3,25,2024-12-19 20:55:17
500101129,28,2,26,2024-12-19 21:19:16
500110078,28,2,26,2024-12-19 20:13:15
500119064,28,2,26,2024-12-19 20:44:15
500101039,28,1,27,2024-12-19 17:27:16
500101246,28,1,27,2024-12-19 17:44:16
500109050,28,1,27,2024-12-19 18:32:16
500119055,28,1,27,2024-12-19 19:59:16
500119055,28,0,28,2024-12-19 20:13:15
500119055,28,0,28,2024-12-19 20:58:15
500101129,28,26,2,2024-12-19 13:20:17
500101039,28,25,3,2024-12-19 13:17:15
500101039,28,22,6,2024-12-19 15:08:15
500108082,28,19,8,2024-12-19 15:20:18
500105089,28,19,9,2024-12-19 17:07:15
500108165,28,16,11,2024-12-19 16:47:15
500110071,28,17,11,2024-12-19 13:57:15
500101129,28,14,14,2024-12-19 16:42:15
500107063,28,13,15,2024-12-19 14:56:15
500107063,28,13,15,2024-12-19 15:28:14
500110078,28,13,15,2024-12-19 15:05:16
500101226,28,12,16,2024-12-19 15:23:14
500101001,28,11,17,2024-12-19 14:48:15
500107063,28,11,17,2024-12-19 15:07:15
500113009,28,11,17,2024-12-19 13:36:16
500107063,28,10,18,2024-12-19 14:30:16
500110071,28,10,18,2024-12-19 16:48:16
500111079,28,7,21,2024-12-19 16:46:15
500106117,28,3,23,2024-12-19 16:26:15
500109050,28,5,23,2024-12-19 13:47:15
500110078,28,4,24,2024-12-19 16:38:15
500101179,28,2,26,2024-12-19 14:48:15
500101246,28,1,27,2024-12-19 14:18:15
500101246,28,1,27,2024-12-19 14:39:15
500106117,28,5,21,2024-12-19 21:43:15
500101246,28,7,21,2024-12-19 21:49:15
500105009,28,14,13,2024-12-19 21:40:16
500108082,28,14,13,2024-12-19 21:48:16
500112031,28,28,0,2024-12-19 08:27:16
500108001,28,25,1,2024-12-19 06:14:14
500110071,28,25,3,2024-12-19 07:57:16
500108165,28,23,5,2024-12-19 05:50:15
500106117,28,19,7,2024-12-19 06:35:15
500113058,28,19,7,2024-12-19 06:06:14
500101001,28,20,8,2024-12-19 06:14:15
500101226,28,14,8,2024-12-19 06:27:15
500105009,28,18,9,2024-12-19 07:41:15
500105089,28,19,9,2024-12-19 06:33:15
500113058,28,17,9,2024-12-19 06:35:14
500101001,28,18,10,2024-12-19 06:06:14
500105009,28,17,10,2024-12-19 08:17:15
500108082,28,17,10,2024-12-19 08:03:15
500109050,28,18,10,2024-12-19 06:28:15
500104085,28,10,11,2024-12-19 06:56:14
500109050,28,17,11,2024-12-19 07:52:15
500119064,28,17,11,2024-12-19 08:15:16
500113058,28,16,12,2024-12-19 08:35:15
500106117,28,13,13,2024-12-19 07:46:15
500108165,28,15,13,2024-12-19 08:42:15
500108191,28,15,13,2024-12-19 07:57:16
500110078,28,15,13,2024-12-19 08:47:15
500119064,28,15,13,2024-12-19 08:27:16
500119064,28,14,14,2024-12-19 07:57:16
500101039,28,13,15,2024-12-19 08:55:16
500101039,28,13,15,2024-12-19 07:56:15
500111079,28,13,15,2024-12-19 06:37:15
500105029,28,12,16,2024-12-19 07:47:15
500110078,28,11,17,2024-12-19 08:51:15
500101226,28,9,19,2024-12-19 08:27:15
500101246,28,8,20,2024-12-19 08:53:15
500106117,28,6,20,2024-12-19 08:27:16
500110078,28,8,20,2024-12-19 07:16:15
500107063,28,7,21,2024-12-19 05:42:15
500119055,28,6,21,2024-12-19 07:08:15
500101179,28,5,22,2024-12-19 06:47:15
500101227,28,6,22,2024-12-19 08:23:15
500108165,28,5,23,2024-12-19 08:37:15
500101039,28,4,24,2024-12-19 07:14:15
500101226,28,4,24,2024-12-19 08:46:15
500110068,28,4,24,2024-12-19 08:03:15
500101001,28,1,27,2024-12-19 07:47:15
500108001,28,0,27,2024-12-19 08:15:16
500110071,28,0,28,2024-12-19 08:56:16
500101246,28,21,7,2024-12-19 00:03:15
500105029,28,18,10,2024-12-19 00:11:14
500107063,28,0,28,2024-12-19 00:42:15
500119055,28,5,22,2024-12-19 00:14:15
500105029,28,10,18,2024-12-19 23:44:15
500110078,28,11,17,2024-12-19 00:55:16
500108048,28,8,20,2024-12-19 19:40:15
500105089,28,22,6,2024-12-19 01:05:16
500106117,28,9,17,2024-12-19 22:54:15
500105029,28,11,17,2024-12-19 22:47:15
500107063,28,1,27,2024-12-19 22:39:15
500104085,28,9,16,2024-12-19 22:01:15
500106117,28,10,16,2024-12-19 22:33:15
500106117,28,4,22,2024-12-19 21:34:15
500101226,28,7,15,2024-12-19 21:39:15
500101246,28,10,18,2024-12-19 21:33:16
500110078,28,13,15,2024-12-19 21:38:14
500101189,28,4,24,2024-12-19 02:54:15
500101179,28,11,17,2024-12-19 02:57:14
500101227,28,13,15,2024-12-19 02:52:14
500105009,28,22,5,2024-12-19 03:40:15
500119064,28,1,27,2024-12-19 21:45:14
500108082,28,9,18,2024-12-19 22:07:15
500111079,28,13,15,2024-12-19 22:06:15
500101001,28,14,14,2024-12-19 22:08:15
500107063,28,1,27,2024-12-19 21:59:15
500101129,28,6,22,2024-12-19 21:56:15
500113058,28,24,4,2024-12-19 21:53:15
500101179,28,8,20,2024-12-19 01:25:15
500101226,28,17,5,2024-12-19 01:32:14
500106117,28,23,4,2024-12-19 01:31:15
500119055,28,4,23,2024-12-19 02:36:14
500101226,28,16,6,2024-12-19 22:48:15
500101246,28,9,19,2024-12-19 23:08:15
500101246,28,8,20,2024-12-19 22:14:15
500110078,28,11,17,2024-12-19 22:16:15
500111079,28,14,14,2024-12-19 22:25:16
500104085,28,10,15,2024-12-19 22:52:15
500113058,28,16,10,2024-12-19 22:57:14
500101001,28,12,16,2024-12-19 01:36:15
500101129,28,25,3,2024-12-19 12:02:16
500110078,28,24,4,2024-12-19 12:31:15
500101129,28,21,7,2024-12-19 10:35:16
500119064,28,21,7,2024-12-19 09:57:15
500101039,28,18,10,2024-12-19 12:36:15
500113009,28,14,11,2024-12-19 09:09:15
500112031,28,16,12,2024-12-19 10:35:16
500101189,28,15,13,2024-12-19 10:15:16
500113009,28,15,13,2024-12-19 12:58:15
500119055,28,14,13,2024-12-19 12:51:15
500105009,28,13,14,2024-12-19 12:12:15
500108082,28,12,15,2024-12-19 10:06:15
500110068,28,13,15,2024-12-19 12:50:15
500101226,28,12,16,2024-12-19 11:46:15
500101227,28,12,16,2024-12-19 09:49:14
500107063,28,12,16,2024-12-19 12:38:14
500108001,28,11,16,2024-12-19 09:32:15
500111044,28,12,16,2024-12-19 11:53:16
500106117,28,9,17,2024-12-19 11:19:15
500110068,28,11,17,2024-12-19 12:05:17
500110068,28,10,18,2024-12-19 11:28:15
500108001,28,8,19,2024-12-19 10:06:15
500110068,28,9,19,2024-12-19 09:05:16
500110068,28,9,19,2024-12-19 09:24:15
500104085,28,7,20,2024-12-19 09:36:15
500105029,28,8,20,2024-12-19 10:53:16
500119064,28,8,20,2024-12-19 11:42:16
500108048,28,7,21,2024-12-19 12:39:14
500108082,28,6,21,2024-12-19 11:18:16
500113058,28,7,21,2024-12-19 09:35:16
500109050,28,6,22,2024-12-19 09:32:15
500113058,28,6,22,2024-12-19 09:46:16
500101179,28,5,23,2024-12-19 12:25:16
500101179,28,4,23,2024-12-19 10:46:15
500107063,28,5,23,2024-12-19 10:28:15
500108082,28,4,23,2024-12-19 11:08:15
500108001,28,3,24,2024-12-19 12:33:15
500111079,28,4,24,2024-12-19 12:38:15
500101039,28,3,25,2024-12-19 10:15:16
500101179,28,2,25,2024-12-19 10:17:16
500104085,28,2,25,2024-12-19 11:07:16
500101001,28,2,26,2024-12-19 09:27:15
500101179,28,2,26,2024-12-19 12:19:15
500108048,28,2,26,2024-12-19 08:57:15
500110078,28,2,26,2024-12-19 10:56:14
500101001,28,1,27,2024-12-19 09:57:15
500101226,28,1,27,2024-12-19 10:00:18
500109050,28,1,27,2024-12-19 12:48:16
500101246,28,0,28,2024-12-19 11:18:15
500109050,28,0,28,2024-12-19 11:55:17
500109050,28,0,28,2024-12-19 10:21:16
500101001,28,28,0,2024-12-19 17:59:15
500108165,28,27,0,2024-12-19 20:38:15
500101039,28,25,3,2024-12-19 19:04:15
500108082,28,22,5,2024-12-19 21:05:16
500105089,28,22,6,2024-12-19 17:58:16
500105089,28,22,6,2024-12-19 21:09:16
500108082,28,21,6,2024-12-19 21:15:16
500113009,28,21,7,2024-12-19 18:32:15
500101001,28,20,8,2024-12-19 18:38:16
500105089,28,20,8,2024-12-19 20:05:16
500101227,28,17,11,2024-12-19 17:44:15
500110078,28,17,11,2024-12-19 21:18:15
500104085,28,15,12,2024-12-19 20:49:15
500108001,28,15,12,2024-12-19 20:29:15
500104085,28,14,13,2024-12-19 18:47:16
500108082,28,14,13,2024-12-19 19:45:16
500105009,28,13,15,2024-12-19 20:41:15
500101129,28,12,16,2024-12-19 17:27:15
500113058,28,12,16,2024-12-19 19:17:15
500101129,28,10,18,2024-12-19 18:57:15
500101179,28,10,18,2024-12-19 19:04:15
500101226,28,6,18,2024-12-19 18:37:15
500106117,28,8,18,2024-12-19 19:35:16
500110071,28,10,18,2024-12-19 19:07:15
500113058,28,10,18,2024-12-19 18:56:15
500108048,28,9,19,2024-12-19 19:09:15
500108082,28,8,19,2024-12-19 17:27:16
500108191,28,9,19,2024-12-19 21:17:14
500110071,28,9,19,2024-12-19 19:45:16
500119064,28,9,19,2024-12-19 19:36:15
500101129,28,8,20,2024-12-19 18:37:15
500106117,28,6,20,2024-12-19 18:36:16
500108082,28,7,20,2024-12-19 20:07:15
500105029,28,7,21,2024-12-19 18:57:15
500108191,28,7,21,2024-12-19 18:49:16
500112031,28,7,21,2024-12-19 19:44:15
500109050,28,6,22,2024-12-19 20:07:15
500110071,28,6,22,2024-12-19 19:56:16
500109050,28,5,23,2024-12-19 21:09:16
500119055,28,5,23,2024-12-19 18:47:16
500101246,28,3,25,2024-12-19 19:57:14
500110078,28,3,25,2024-12-19 17:36:15
500101179,28,2,26,2024-12-19 17:38:16
500101189,28,2,26,2024-12-19 19:33:15
500101246,28,2,26,2024-12-19 19:06:16
500101246,28,2,26,2024-12-19 18:18:16
500110078,28,2,26,2024-12-19 18:17:15
500101189,28,1,27,2024-12-19 17:37:16
500101246,28,1,27,2024-12-19 18:37:15
500112031,28,1,27,2024-12-19 17:58:16
500101189,28,0,28,2024-12-19 19:01:18
500107063,28,22,6,2024-12-19 14:18:15
500119055,28,21,6,2024-12-19 13:28:16
500101039,28,21,7,2024-12-19 15:44:14
500107063,28,21,7,2024-12-19 14:08:15
500108082,28,19,8,2024-12-19 15:18:15
500110071,28,18,10,2024-12-19 14:01:15
500110078,28,17,11,2024-12-19 13:58:16
500110071,28,15,13,2024-12-19 14:54:15
500101226,28,14,14,2024-12-19 14:41:15
500110068,28,14,14,2024-12-19 13:29:15
500101129,28,13,15,2024-12-19 17:06:16
500101226,28,13,15,2024-12-19 15:36:15
500105089,28,13,15,2024-12-19 13:11:15
500107063,28,13,15,2024-12-19 16:43:15
500112031,28,13,15,2024-12-19 13:22:15
500108082,28,11,16,2024-12-19 13:45:16
500110078,28,12,16,2024-12-19 15:37:16
500101226,28,10,18,2024-12-19 13:14:15
500112031,28,9,19,2024-12-19 15:50:15
500106117,28,6,20,2024-12-19 17:08:16
500112031,28,8,20,2024-12-19 16:47:15
500119055,28,8,20,2024-12-19 16:27:16
500108191,28,6,22,2024-12-19 14:17:15
500105029,28,5,23,2024-12-19 16:17:14
500101001,28,4,24,2024-12-19 13:17:15
500101001,28,3,25,2024-12-19 13:22:15
500119055,28,3,25,2024-12-19 17:12:16
500101039,28,1,27,2024-12-19 17:18:16
500101179,28,1,27,2024-12-19 14:09:16
500101189,28,1,27,2024-12-19 16:55:16
500101246,28,1,27,2024-12-19 15:46:16
500111079,28,1,27,2024-12-19 17:07:15
500119064,28,1,27,2024-12-19 16:32:15
500101179,28,0,28,2024-12-19 16:17:14
500101179,28,0,28,2024-12-19 13:12:15
500101246,28,0,28,2024-12-19 15:58:16
500101246,28,0,28,2024-12-19 16:40:19
500105009,28,22,6,2024-12-19 02:53:15
500112031,28,25,3,2024-12-19 08:57:15
500101226,28,17,5,2024-12-19 05:26:15
500101246,28,23,5,2024-12-19 07:32:15
500110071,28,23,5,2024-12-19 08:03:15
500101226,28,21,6,2024-12-19 07:47:15
500105089,28,21,7,2024-12-19 05:13:15
500101246,28,19,9,2024-12-19 08:37:15
500110071,28,19,9,2024-12-19 06:28:15
500105009,28,17,10,2024-12-19 08:31:16
500108001,28,16,10,2024-12-19 06:55:16
500119055,28,17,10,2024-12-19 08:14:16
500108191,28,17,11,2024-12-19 07:13:14
500104085,28,15,12,2024-12-19 08:56:15
500104085,28,15,12,2024-12-19 07:34:15
500113009,28,13,12,2024-12-19 07:27:15
500107063,28,15,13,2024-12-19 06:47:15
500101001,28,14,14,2024-12-19 05:20:16
500101129,28,14,14,2024-12-19 07:59:15
500105029,28,14,14,2024-12-19 08:45:15
500111079,28,14,14,2024-12-19 06:10:16
500112031,28,14,14,2024-12-19 08:01:14
500113009,28,11,14,2024-12-19 07:57:16
500101001,28,13,15,2024-12-19 05:07:15
500109050,28,12,16,2024-12-19 08:21:16
500112031,28,12,16,2024-12-19 07:56:15
500101179,28,10,17,2024-12-19 05:45:16
500101179,28,10,17,2024-12-19 06:17:14
500101129,28,9,19,2024-12-19 08:17:15
500101227,28,9,19,2024-12-19 07:12:15
500108001,28,6,20,2024-12-19 07:37:15
500101189,28,6,22,2024-12-19 06:53:15
500107063,28,6,22,2024-12-19 05:13:15
500101179,28,4,23,2024-12-19 08:47:15
500110068,28,5,23,2024-12-19 08:47:15
500101179,28,2,25,2024-12-19 07:47:15
500101001,28,2,26,2024-12-19 07:57:16
500104085,28,1,26,2024-12-19 08:10:16
500111079,28,1,27,2024-12-19 08:37:15
500107063,28,0,28,2024-12-19 08:03:15
500110071,28,10,18,2024-12-19 23:29:16
500107063,28,2,26,2024-12-19 00:17:15
500110078,28,16,12,2024-12-19 00:15:15
500101227,28,12,16,2024-12-19 00:47:15
500101227,28,11,17,2024-12-19 00:54:15
500108191,28,13,15,2024-12-19 22:54:15
500110071,28,15,13,2024-12-19 23:53:15
500113058,28,18,8,2024-12-19 23:15:15
500119055,28,5,22,2024-12-19 01:12:15
500113009,28,17,9,2024-12-19 01:11:15
500105029,28,19,9,2024-12-19 00:45:15
500106117,28,22,5,2024-12-19 00:36:15
500110071,28,0,28,2024-12-19 23:16:15
500101001,28,7,21,2024-12-19 23:13:15
500108001,28,18,8,2024-12-19 22:48:15
500104085,28,8,17,2024-12-19 21:37:15
500111044,28,14,14,2024-12-19 20:58:15
500112031,28,2,25,2024-12-19 02:33:15
500101039,28,2,26,2024-12-19 02:23:15
500107063,28,11,17,2024-12-19 03:07:15
500113009,28,16,10,2024-12-19 02:33:15
500101129,28,18,10,2024-12-19 03:04:14
500113058,28,22,4,2024-12-19 02:48:14
500101246,28,24,4,2024-12-19 01:39:15
500104085,28,19,2,2024-12-19 04:03:16
500101129,28,19,9,2024-12-19 03:13:15
500101246,28,22,6,2024-12-19 04:16:14
500106117,28,5,21,2024-12-19 22:03:15
500101226,28,12,10,2024-12-19 22:09:15
500101129,28,15,13,2024-12-19 01:23:15
500101179,28,4,24,2024-12-19 21:55:17
500101189,28,8,20,2024-12-19 21:46:14
500109050,28,8,20,2024-12-19 21:47:15
500119064,28,2,26,2024-12-19 03:25:16
500101227,28,9,19,2024-12-19 03:22:14
500105029,28,11,17,2024-12-19 23:58:14
500101246,28,20,8,2024-12-19 01:04:14
500107063,28,10,18,2024-12-19 02:32:15
500113009,28,15,10,2024-12-19 04:31:15
500109050,28,18,10,2024-12-19 04:37:14
500107063,28,0,28,2024-12-19 23:09:15
500101001,28,5,23,2024-12-19 23:09:15
500119064,28,3,25,2024-12-19 22:14:15
500101189,28,8,20,2024-12-19 22:16:15
500107063,28,2,26,2024-12-19 22:23:15
500101179,28,3,25,2024-12-19 22:26:16
500101001,28,22,6,2024-12-19 22:25:16
500101226,28,17,5,2024-12-19 22:50:16
500112031,28,28,0,2024-12-19 09:06:15
500112031,28,28,0,2024-12-19 09:20:17
500101129,28,25,3,2024-12-19 13:05:16
500110078,28,24,4,2024-12-19 12:09:15
500119064,28,24,4,2024-12-19 09:37:15
500119064,28,22,6,2024-12-19 09:44:15
500110078,28,21,7,2024-12-19 12:46:15
500101001,28,19,9,2024-12-19 12:48:15
500101189,28,16,12,2024-12-19 09:43:15
500107063,28,16,12,2024-12-19 10:06:15
500113009,28,16,12,2024-12-19 10:28:15
500105089,28,13,15,2024-12-19 12:26:15
500105089,28,13,15,2024-12-19 11:32:14
500108082,28,12,15,2024-12-19 12:24:16
500105089,28,12,16,2024-12-19 10:19:15
500106117,28,10,16,2024-12-19 11:08:15
500108082,28,11,16,2024-12-19 09:25:16
500108165,28,11,17,2024-12-19 11:08:15
500112031,28,11,17,2024-12-19 12:21:15
500106117,28,8,18,2024-12-19 09:40:16
500106117,28,8,18,2024-12-19 09:57:15
500107063,28,9,19,2024-12-19 11:06:15
500113058,28,9,19,2024-12-19 11:10:17
500109050,28,8,20,2024-12-19 09:16:15
500110068,28,8,20,2024-12-19 11:46:14
500113058,28,8,20,2024-12-19 11:33:16
500119064,28,8,20,2024-12-19 12:19:16
500101039,28,7,21,2024-12-19 11:18:16
500110071,28,7,21,2024-12-19 12:08:15
500101039,28,6,22,2024-12-19 11:25:15
500105029,28,6,22,2024-12-19 12:41:15
500101179,28,5,23,2024-12-19 12:44:15
500106117,28,2,24,2024-12-19 12:38:14
500119055,28,3,24,2024-12-19 09:07:15
500119055,28,3,24,2024-12-19 11:06:15
500101179,28,2,25,2024-12-19 09:56:16
500104085,28,2,25,2024-12-19 12:46:15
500110078,28,3,25,2024-12-19 10:05:16
500111079,28,3,25,2024-12-19 11:31:15
500119055,28,2,25,2024-12-19 09:36:15
500101001,28,2,26,2024-12-19 10:48:15
500104085,28,1,26,2024-12-19 09:56:16
500104085,28,1,26,2024-12-19 10:35:16
500110071,28,2,26,2024-12-19 10:57:15
500119055,28,1,26,2024-12-19 09:47:15
500119055,28,1,26,2024-12-19 11:35:17
500101001,28,1,27,2024-12-19 11:01:17
500109050,28,1,27,2024-12-19 11:43:15
500119064,28,1,27,2024-12-19 10:25:16
500101001,28,0,28,2024-12-19 09:37:16
500101246,28,0,28,2024-12-19 12:28:15
500110071,28,0,28,2024-12-19 09:27:15
500110071,28,0,28,2024-12-19 09:53:17
500111079,28,28,0,2024-12-19 18:57:19
500105089,28,27,1,2024-12-19 19:30:17
500111079,28,22,6,2024-12-19 19:18:15
500101039,28,21,7,2024-12-19 19:59:16
500111079,28,21,7,2024-12-19 19:53:15
500113009,28,19,7,2024-12-19 20:46:16
500101226,28,20,8,2024-12-19 17:56:16
500111079,28,20,8,2024-12-19 17:28:15
500113009,28,18,8,2024-12-19 19:57:15
500105009,28,19,9,2024-12-19 17:38:16
500101226,28,18,10,2024-12-19 17:26:15
500104085,28,17,10,2024-12-19 20:27:15
500113009,28,18,10,2024-12-19 17:18:16
500101226,28,17,11,2024-12-19 17:46:15
500104085,28,16,11,2024-12-19 19:48:15
500107063,28,17,11,2024-12-19 20:09:15
500101227,28,16,12,2024-12-19 18:02:15
500108082,28,15,12,2024-12-19 19:27:16
500110068,28,15,13,2024-12-19 18:08:16
500101227,28,14,14,2024-12-19 21:05:16
500108001,28,13,14,2024-12-19 20:00:20
500108082,28,13,14,2024-12-19 18:58:15
500107063,28,13,15,2024-12-19 17:38:16
500108001,28,13,15,2024-12-19 17:06:16
500108048,28,13,15,2024-12-19 18:22:15
500101129,28,11,17,2024-12-19 18:48:15
500106117,28,9,17,2024-12-19 19:18:15
500108082,28,10,17,2024-12-19 17:41:16
500119064,28,11,17,2024-12-19 19:21:15
500106117,28,8,18,2024-12-19 20:50:16
500108048,28,10,18,2024-12-19 19:06:16
500110078,28,10,18,2024-12-19 19:28:14
500101039,28,9,19,2024-12-19 17:59:15
500101226,28,9,19,2024-12-19 18:29:16
500107063,28,9,19,2024-12-19 21:07:16
500108082,28,8,19,2024-12-19 17:33:15
500110068,28,9,19,2024-12-19 18:39:15
500101129,28,8,20,2024-12-19 18:01:16
500101246,28,8,20,2024-12-19 20:58:15
500106117,28,6,20,2024-12-19 21:14:15
500110071,28,8,20,2024-12-19 20:48:15
500106117,28,5,21,2024-12-19 18:23:16
500108082,28,6,21,2024-12-19 18:16:16
500105029,28,6,22,2024-12-19 18:59:15
500110068,28,6,22,2024-12-19 19:23:15
500110071,28,6,22,2024-12-19 18:58:16
500110071,28,5,23,2024-12-19 18:28:16
500119055,28,5,23,2024-12-19 17:46:15
500101246,28,4,24,2024-12-19 20:09:15
500110068,28,4,24,2024-12-19 20:26:16
500101189,28,3,25,2024-12-19 21:07:16
500101246,28,3,25,2024-12-19 17:57:14
500110078,28,3,25,2024-12-19 20:37:16
500119064,28,3,25,2024-12-19 20:35:15
500109050,28,2,26,2024-12-19 17:19:15
500101189,28,1,27,2024-12-19 17:46:16
500101189,28,1,27,2024-12-19 18:57:19
500108082,28,0,27,2024-12-19 18:31:16
500110071,28,1,27,2024-12-19 18:18:16
500119055,28,1,27,2024-12-19 19:27:16
500101189,28,0,28,2024-12-19 18:47:16
500101246,28,0,28,2024-12-19 17:38:16
500110071,28,0,28,2024-12-19 17:28:15
500112031,28,0,28,2024-12-19 18:28:15
500119055,28,0,28,2024-12-19 19:35:18
500101039,28,26,2,2024-12-19 14:41:15
500101039,28,25,3,2024-12-19 14:06:15
500101129,28,25,3,2024-12-19 13:18:15
500110071,28,21,7,2024-12-19 15:45:15
500119055,28,20,7,2024-12-19 13:34:15
500108165,28,19,8,2024-12-19 17:07:15
500111079,28,20,8,2024-12-19 17:18:16
500101001,28,19,9,2024-12-19 15:48:15
500107063,28,19,9,2024-12-19 13:48:15
500101227,28,17,11,2024-12-19 15:38:15
500101227,28,16,12,2024-12-19 16:25:16
500101227,28,16,12,2024-12-19 15:09:15
500108082,28,15,12,2024-12-19 16:25:16
500101226,28,15,13,2024-12-19 16:48:16
500113009,28,15,13,2024-12-19 16:44:15
500113009,28,14,14,2024-12-19 16:28:15
500112031,28,13,15,2024-12-19 15:16:15
500101001,28,12,16,2024-12-19 14:28:15
500101039,28,12,16,2024-12-19 17:08:16
500108001,28,12,16,2024-12-19 16:48:16
500107063,28,11,17,2024-12-19 14:47:15
500108001,28,9,18,2024-12-19 14:34:15
500112031,28,10,18,2024-12-19 15:40:16
500101189,28,9,19,2024-12-19 15:37:16
500108001,28,9,19,2024-12-19 16:12:15
500108191,28,7,21,2024-12-19 15:44:15
500106117,28,4,22,2024-12-19 16:37:15
500106117,28,4,22,2024-12-19 14:40:17
500111079,28,6,22,2024-12-19 13:34:16
500104085,28,4,23,2024-12-19 13:31:15
500104085,28,4,23,2024-12-19 16:45:17
500106117,28,3,23,2024-12-19 15:46:16
500108191,28,5,23,2024-12-19 17:11:16
500119064,28,5,23,2024-12-19 15:08:15
500111079,28,3,25,2024-12-19 16:55:17
500111079,28,3,25,2024-12-19 15:14:15
500101179,28,2,26,2024-12-19 15:48:15
500101179,28,2,26,2024-12-19 16:47:15
500109050,28,2,26,2024-12-19 16:54:16
500119064,28,2,26,2024-12-19 15:38:15
500101179,28,1,27,2024-12-19 13:33:15
500101179,28,1,27,2024-12-19 16:58:16
500101179,28,1,27,2024-12-19 15:37:15
500101179,28,1,27,2024-12-19 14:26:15
500101189,28,1,27,2024-12-19 17:18:15
500101246,28,1,27,2024-12-19 16:27:16
500111079,28,16,12,2024-12-19 21:47:15
500101189,28,28,0,2024-12-19 08:37:15
500101246,28,27,1,2024-12-19 07:46:15
500101226,28,18,4,2024-12-19 05:32:15
500101226,28,22,5,2024-12-19 07:36:15
500105009,28,21,6,2024-12-19 05:55:15
500108191,28,21,7,2024-12-19 06:34:15
500105029,28,20,8,2024-12-19 06:31:15
500109050,28,20,8,2024-12-19 06:01:14
500110078,28,20,8,2024-12-19 08:16:15
500101129,28,18,10,2024-12-19 06:46:15
500101039,28,17,11,2024-12-19 08:15:16
500113009,28,14,11,2024-12-19 06:47:15
500105089,28,16,12,2024-12-19 07:17:14
500119064,28,16,12,2024-12-19 08:01:15
500110071,28,14,14,2024-12-19 08:17:14
500111079,28,13,15,2024-12-19 05:49:15
500119055,28,12,15,2024-12-19 08:37:15
500113058,28,12,16,2024-12-19 08:45:16
500101179,28,10,17,2024-12-19 06:37:15
500101227,28,11,17,2024-12-19 08:47:15
500108082,28,10,17,2024-12-19 06:56:15
500108191,28,11,17,2024-12-19 08:37:15
500111044,28,9,19,2024-12-19 08:57:15
500113009,28,6,19,2024-12-19 08:56:16
500104085,28,6,21,2024-12-19 07:53:16
500107063,28,7,21,2024-12-19 05:35:15
500107063,28,7,21,2024-12-19 07:37:15
500111044,28,7,21,2024-12-19 08:17:15
500101179,28,5,22,2024-12-19 07:16:15
500107063,28,6,22,2024-12-19 07:27:15
500108082,28,5,22,2024-12-19 08:31:16
500110068,28,6,22,2024-12-19 08:16:15
500101179,28,4,23,2024-12-19 07:37:15
500101001,28,4,24,2024-12-19 07:37:15
500101179,28,3,24,2024-12-19 07:56:15
500111044,28,4,24,2024-12-19 07:20:16
500108048,28,3,25,2024-12-19 08:23:15
500111079,28,3,25,2024-12-19 08:57:15
500107063,28,2,26,2024-12-19 08:37:15
500107063,28,2,26,2024-12-19 06:18:15
500108165,28,2,26,2024-12-19 08:19:14
500107063,28,0,28,2024-12-19 07:47:15
500101001,28,12,16,2024-12-19 00:32:15
500110071,28,1,27,2024-12-19 00:29:15
500112031,28,0,28,2024-12-19 22:31:15
500106117,28,9,17,2024-12-19 23:53:15
500107063,28,0,28,2024-12-19 01:13:15
500110071,28,0,28,2024-12-19 00:56:15
500101246,28,23,5,2024-12-19 01:11:15
500101226,28,19,3,2024-12-19 23:12:15
500105009,28,20,7,2024-12-19 23:17:14
500101189,28,7,21,2024-12-19 22:34:15
500101246,28,9,19,2024-12-19 22:28:15
500101227,28,17,11,2024-12-19 22:29:14
500113058,28,23,5,2024-12-19 22:39:15
500119055,28,0,28,2024-12-19 21:23:16
500119064,28,3,25,2024-12-19 21:31:15
500101039,28,18,10,2024-12-19 21:33:16
500119064,28,0,28,2024-12-19 01:50:17
500104085,28,13,7,2024-12-19 02:27:14
500101226,28,18,4,2024-12-19 03:07:15
500105009,28,16,11,2024-12-19 22:05:15
500113009,28,20,6,2024-12-19 21:58:14
500104085,28,8,17,2024-12-19 21:56:15
500112031,28,1,26,2024-12-19 03:33:15
500101227,28,8,20,2024-12-19 03:38:15
500101179,28,11,17,2024-12-19 02:03:15
500107063,28,1,27,2024-12-19 22:19:15
500108082,28,8,19,2024-12-19 22:21:15
500106117,28,9,17,2024-12-19 22:21:14
500101129,28,23,5,2024-12-19 11:27:15
500101129,28,21,7,2024-12-19 09:26:15
500105009,28,19,8,2024-12-19 09:59:16
500107063,28,20,8,2024-12-19 09:09:15
500101129,28,19,9,2024-12-19 09:44:15
500101001,28,18,10,2024-12-19 12:28:15
500112031,28,18,10,2024-12-19 11:02:15
500112031,28,18,10,2024-12-19 11:28:15
500107063,28,17,11,2024-12-19 10:45:16
500101039,28,16,12,2024-12-19 09:57:15
500112031,28,16,12,2024-12-19 10:24:15
500113009,28,16,12,2024-12-19 11:58:16
500119055,28,15,12,2024-12-19 12:47:15
500105009,28,14,13,2024-12-19 11:48:15
500101039,28,14,14,2024-12-19 08:58:15
500101226,28,14,14,2024-12-19 11:01:17
500107063,28,14,14,2024-12-19 09:55:17
500108082,28,13,14,2024-12-19 12:09:16
500108165,28,14,14,2024-12-19 09:09:15
500108165,28,13,15,2024-12-19 11:35:17
500108165,28,12,16,2024-12-19 11:47:15
500119064,28,12,16,2024-12-19 13:07:15
500101226,28,11,17,2024-12-19 12:42:15
500101227,28,11,17,2024-12-19 11:07:16
500101001,28,10,18,2024-12-19 12:58:15
500101226,28,9,19,2024-12-19 12:55:16
500108082,28,8,19,2024-12-19 10:57:15
500101001,28,8,20,2024-12-19 12:07:15
500107063,28,8,20,2024-12-19 12:28:15
500108001,28,7,20,2024-12-19 10:13:16
500108191,28,7,21,2024-12-19 12:06:16
500113058,28,7,21,2024-12-19 10:03:15
500119055,28,5,22,2024-12-19 10:46:15
500101179,28,4,23,2024-12-19 11:15:16
500101246,28,4,24,2024-12-19 09:36:15
500113058,28,4,24,2024-12-19 12:17:16
500119064,28,4,24,2024-12-19 11:22:15
500111079,28,3,25,2024-12-19 11:43:15
500119064,28,3,25,2024-12-19 10:53:16
500119064,28,3,25,2024-12-19 11:15:15
500101001,28,2,26,2024-12-19 13:08:15
500104085,28,1,26,2024-12-19 11:46:14
500106117,28,0,26,2024-12-19 12:56:16
500101179,28,0,27,2024-12-19 10:38:15
500110071,28,1,27,2024-12-19 09:07:15
500110071,28,1,27,2024-12-19 10:28:15
500101001,28,0,28,2024-12-19 10:29:16
500111079,28,0,28,2024-12-19 09:11:15
500101001,28,28,0,2024-12-19 18:06:15
500108165,28,25,2,2024-12-19 20:09:15
500101039,28,25,3,2024-12-19 19:28:15
500113009,28,23,5,2024-12-19 18:17:15
500105009,28,22,6,2024-12-19 18:56:15
500105089,28,22,6,2024-12-19 20:39:16
500111079,28,22,6,2024-12-19 18:18:15
500113009,28,22,6,2024-12-19 18:20:17
500105089,28,21,7,2024-12-19 17:41:16
500101179,28,20,8,2024-12-19 20:59:15
500107063,28,20,8,2024-12-19 20:13:15
500108165,28,19,8,2024-12-19 18:25:17
500105089,28,19,9,2024-12-19 19:57:15
500111079,28,19,9,2024-12-19 17:35:16
500111079,28,19,9,2024-12-19 17:51:16
500113058,28,19,9,2024-12-19 20:48:15
500110068,28,18,10,2024-12-19 17:23:15
500111079,28,18,10,2024-12-19 20:39:16
500111079,28,18,10,2024-12-19 17:48:14
500101179,28,17,11,2024-12-19 20:49:15
500104085,28,16,11,2024-12-19 18:53:15
500107063,28,16,12,2024-12-19 17:47:16
500101179,28,14,14,2024-12-19 19:37:16
500105009,28,14,14,2024-12-19 21:09:16
500108001,28,13,14,2024-12-19 18:48:15
500108048,28,14,14,2024-12-19 18:05:16
500101227,28,13,15,2024-12-19 19:30:17
500101227,28,12,16,2024-12-19 18:50:16
500105009,28,12,16,2024-12-19 20:23:15
500107063,28,11,17,2024-12-19 20:37:16
500107063,28,11,17,2024-12-19 18:37:15
500101226,28,4,18,2024-12-19 20:28:15
500110068,28,10,18,2024-12-19 18:36:16
500101129,28,9,19,2024-12-19 18:17:15
500101226,28,3,19,2024-12-19 19:57:15
500101246,28,9,19,2024-12-19 21:20:16
500104085,28,8,19,2024-12-19 18:04:16
500107063,28,9,19,2024-12-19 19:29:15
500108191,28,9,19,2024-12-19 20:12:15
500101129,28,8,20,2024-12-19 17:59:15
500108191,28,8,20,2024-12-19 19:04:15
500110071,28,8,20,2024-12-19 19:29:15
500110071,28,8,20,2024-12-19 21:17:15
500108191,28,7,21,2024-12-19 19:30:16
500108191,28,7,21,2024-12-19 18:24:16
500101129,28,6,22,2024-12-19 20:09:15
500105029,28,6,22,2024-12-19 17:39:15
500105029,28,6,22,2024-12-19 17:53:15
500108191,28,6,22,2024-12-19 17:23:15
500108191,28,5,23,2024-12-19 17:29:16
500101129,28,4,24,2024-12-19 20:25:15
500112031,28,4,24,2024-12-19 21:09:16
500113058,28,4,24,2024-12-19 17:18:16
500101129,28,3,25,2024-12-19 21:07:16
500119055,28,3,25,2024-12-19 17:59:14
500119064,28,3,25,2024-12-19 20:24:15
500101189,28,2,26,2024-12-19 17:57:15
500101189,28,2,26,2024-12-19 18:21:16
500101189,28,1,27,2024-12-19 18:16:15
500101189,28,0,28,2024-12-19 18:04:16
500109050,28,0,28,2024-12-19 17:41:16
500112031,28,0,28,2024-12-19 17:26:16
500119064,28,0,28,2024-12-19 17:23:16
500101001,28,27,1,2024-12-19 17:17:16
500101226,28,17,11,2024-12-19 15:53:14
500110068,28,17,11,2024-12-19 17:07:15
500110071,28,17,11,2024-12-19 15:27:15
500110071,28,17,11,2024-12-19 15:34:15
500101039,28,16,12,2024-12-19 16:43:15
500105009,28,16,12,2024-12-19 16:30:16
500107063,28,16,12,2024-12-19 16:55:17
500105089,28,15,13,2024-12-19 15:15:16
500101129,28,14,14,2024-12-19 16:06:15
500108082,28,13,14,2024-12-19 17:16:16
500108082,28,11,16,2024-12-19 16:53:15
500119055,28,12,16,2024-12-19 15:54:15
500119055,28,12,16,2024-12-19 16:06:15
500101226,28,11,17,2024-12-19 13:38:15
500104085,28,5,22,2024-12-19 17:18:16
500112031,28,6,22,2024-12-19 17:08:16
500111079,28,5,23,2024-12-19 16:15:16
500111079,28,5,23,2024-12-19 13:13:15
500111079,28,5,23,2024-12-19 14:35:15
500104085,28,3,24,2024-12-19 16:38:15
500104085,28,3,24,2024-12-19 16:56:15
500104085,28,3,24,2024-12-19 15:14:15
500109050,28,3,25,2024-12-19 17:17:16
500101179,28,2,26,2024-12-19 14:03:15
500101246,28,2,26,2024-12-19 14:55:16
500104085,28,7,18,2024-12-19 21:47:15
500101129,28,8,20,2024-12-19 21:44:15
500101039,28,16,12,2024-12-19 21:46:14
500108001,28,26,0,2024-12-19 04:52:15
500110071,28,24,4,2024-12-19 06:56:15
500101189,28,23,5,2024-12-19 07:46:15
500104085,28,16,5,2024-12-19 06:28:15
500113058,28,21,5,2024-12-19 05:37:15
500101129,28,22,6,2024-12-19 07:17:14
500107063,28,22,6,2024-12-19 08:56:16
500110071,28,22,6,2024-12-19 07:12:15
500101129,28,21,7,2024-12-19 06:54:16
500112031,28,21,7,2024-12-19 08:47:15
500104085,28,18,9,2024-12-19 07:26:15
500101039,28,18,10,2024-12-19 08:27:16
500108082,28,16,11,2024-12-19 08:17:15
500109050,28,17,11,2024-12-19 07:17:14
500113009,28,14,11,2024-12-19 06:31:15
500119055,28,16,11,2024-12-19 08:27:16
500105029,28,15,13,2024-12-19 07:27:15
500119055,28,14,13,2024-12-19 08:47:15
500113009,28,11,14,2024-12-19 08:11:16
500101246,28,13,15,2024-12-19 08:44:16
500105029,28,13,15,2024-12-19 07:57:16
500105089,28,13,15,2024-12-19 08:57:16
500113009,28,10,15,2024-12-19 08:37:15
500106117,28,10,16,2024-12-19 07:56:15
500105089,28,11,17,2024-12-19 07:56:15
500101179,28,9,18,2024-12-19 05:29:15
500101179,28,9,18,2024-12-19 06:27:15
500106117,28,8,18,2024-12-19 07:59:15
500101227,28,9,19,2024-12-19 08:14:16
500106117,28,7,19,2024-12-19 08:45:16
500110078,28,8,20,2024-12-19 06:36:14
500101039,28,7,21,2024-12-19 08:46:15
500107063,28,6,22,2024-12-19 04:57:14
500111044,28,6,22,2024-12-19 08:03:14
500112031,28,6,22,2024-12-19 06:36:14
500119055,28,4,23,2024-12-19 06:50:16
500101129,28,15,13,2024-12-19 00:02:15
500110078,28,13,15,2024-12-19 00:31:14
500110078,28,10,18,2024-12-19 00:42:15
500105009,28,19,8,2024-12-19 23:34:14
500101129,28,14,14,2024-12-19 00:19:15
500108165,28,22,6,2024-12-19 00:48:14
500101179,28,0,28,2024-12-19 23:07:15
500108165,28,17,10,2024-12-19 22:47:15
500119055,28,3,25,2024-12-19 22:22:15
500108082,28,5,22,2024-12-19 22:37:15
500101039,28,7,21,2024-12-19 22:36:15
500101227,28,9,19,2024-12-19 03:46:15
500110071,28,16,12,2024-12-19 04:02:15
500110068,28,2,26,2024-12-19 21:43:15
500119055,28,4,24,2024-12-19 22:07:15
500101246,28,9,19,2024-12-19 22:00:16
500108082,28,1,26,2024-12-19 01:23:15
500110078,28,12,16,2024-12-19 21:58:15
500119064,28,15,13,2024-12-19 03:43:14
500101227,28,15,13,2024-12-19 01:04:14
500101039,28,1,27,2024-12-19 01:34:15
500107063,28,11,17,2024-12-19 01:47:15
500101039,28,3,25,2024-12-19 02:15:15
500105089,28,19,9,2024-12-19 22:48:15
500110078,28,4,24,2024-12-19 23:07:15
500110071,28,4,24,2024-12-19 22:17:15
500109050,28,22,6,2024-12-19 04:41:15
500113009,28,19,7,2024-12-19 22:22:15
500112031,28,28,0,2024-12-19 09:08:16
500110078,28,25,3,2024-12-19 12:25:16
500101129,28,23,5,2024-12-19 10:06:14
500107063,28,22,6,2024-12-19 10:58:16
500105009,28,20,7,2024-12-19 09:40:16
500105009,28,18,9,2024-12-19 09:04:15
500113009,28,17,10,2024-12-19 09:25:17
500105009,28,16,11,2024-12-19 11:21:15
500105029,28,17,11,2024-12-19 09:47:15
500112031,28,17,11,2024-12-19 11:11:15
500113009,28,17,11,2024-12-19 11:38:14
500113009,28,17,11,2024-12-19 11:24:15
500110068,28,15,13,2024-12-19 10:39:16
500112031,28,15,13,2024-12-19 10:06:14
500119055,28,14,13,2024-12-19 12:37:15
500101039,28,14,14,2024-12-19 12:16:15
500110068,28,14,14,2024-12-19 11:11:15
500110078,28,14,14,2024-12-19 11:45:15
500101039,28,13,15,2024-12-19 12:27:15
500101039,28,13,15,2024-12-19 09:08:15
500101226,28,13,15,2024-12-19 11:09:15
500106117,28,11,15,2024-12-19 10:51:16
500108082,28,12,15,2024-12-19 12:03:15
500101227,28,12,16,2024-12-19 11:36:15
500108165,28,11,16,2024-12-19 11:49:16
500110068,28,12,16,2024-12-19 12:38:15
500112031,28,12,16,2024-12-19 12:54:15
500101227,28,11,17,2024-12-19 08:58:15
500106117,28,9,17,2024-12-19 10:32:15
500111044,28,11,17,2024-12-19 12:30:16
500101226,28,10,18,2024-12-19 12:23:16
500106117,28,8,18,2024-12-19 10:20:16
500110068,28,10,18,2024-12-19 09:33:15
500113058,28,10,18,2024-12-19 11:03:16
500113058,28,9,19,2024-12-19 10:44:15
500108082,28,7,20,2024-12-19 11:37:15
500106117,28,4,22,2024-12-19 12:04:16
500113058,28,6,22,2024-12-19 09:54:15
500101039,28,4,24,2024-12-19 11:37:15
500106117,28,2,24,2024-12-19 12:10:16
500111079,28,4,24,2024-12-19 10:54:15
500113058,28,3,25,2024-12-19 12:25:16
500101246,28,2,26,2024-12-19 12:43:15
500104085,28,1,26,2024-12-19 11:23:15
500107063,28,2,26,2024-12-19 11:37:15
500110078,28,2,26,2024-12-19 09:54:15
500101001,28,1,27,2024-12-19 09:08:16
500101179,28,1,27,2024-12-19 12:57:14
500101246,28,1,27,2024-12-19 11:02:15
500104085,28,0,27,2024-12-19 13:06:14
500104085,28,0,27,2024-12-19 10:47:16
500101226,28,0,28,2024-12-19 08:59:15
500109050,28,0,28,2024-12-19 10:44:16
500111079,28,28,0,2024-12-19 18:48:16
500113009,28,28,0,2024-12-19 19:19:15
500101001,28,27,1,2024-12-19 17:28:15
500101001,28,27,1,2024-12-19 18:29:15
500107063,28,25,3,2024-12-19 17:59:15
500101001,28,23,5,2024-12-19 20:59:15
500111079,28,21,7,2024-12-19 19:26:15
500111079,28,20,8,2024-12-19 19:35:16
500105089,28,18,10,2024-12-19 19:48:15
500101179,28,17,11,2024-12-19 20:11:16
500101227,28,17,11,2024-12-19 17:37:16
500108001,28,16,11,2024-12-19 19:39:15
500108001,28,15,12,2024-12-19 19:34:15
500113058,28,16,12,2024-12-19 20:35:15
500101227,28,15,13,2024-12-19 18:10:17
500108001,28,14,13,2024-12-19 19:27:15
500108001,28,14,13,2024-12-19 18:53:15
500108082,28,14,13,2024-12-19 20:59:15
500101227,28,14,14,2024-12-19 20:26:16
500113058,28,14,14,2024-12-19 19:37:16
500101129,28,13,15,2024-12-19 17:38:16
500110068,28,12,16,2024-12-19 18:16:16
500111044,28,12,16,2024-12-19 18:03:15
500113058,28,12,16,2024-12-19 19:06:16
500101179,28,11,17,2024-12-19 19:19:15
500113058,28,11,17,2024-12-19 19:21:15
500119055,28,11,17,2024-12-19 18:37:15
500101226,28,3,19,2024-12-19 20:49:15
500106117,28,7,19,2024-12-19 19:27:15
500101246,28,8,20,2024-12-19 21:01:15
500109050,28,8,20,2024-12-19 20:37:16
500101129,28,7,21,2024-12-19 19:55:16
500105029,28,7,21,2024-12-19 17:22:16
500106117,28,5,21,2024-12-19 21:20:16
500110068,28,7,21,2024-12-19 18:53:15
500104085,28,4,23,2024-12-19 17:46:15
500110078,28,5,23,2024-12-19 18:29:16
500119064,28,5,23,2024-12-19 20:05:15
500101039,28,4,24,2024-12-19 18:47:16
500119064,28,4,24,2024-12-19 19:58:15
500101001,28,2,26,2024-12-19 19:36:15
500110068,28,2,26,2024-12-19 20:53:15
500110078,28,1,27,2024-12-19 17:52:15
500119055,28,0,28,2024-12-19 20:32:16
500119064,28,0,28,2024-12-19 18:12:17
500101001,28,25,3,2024-12-19 16:26:15
500101129,28,25,3,2024-12-19 14:05:16
500101001,28,24,4,2024-12-19 16:38:15
500101039,28,21,7,2024-12-19 15:18:15
500119055,28,20,7,2024-12-19 14:17:15
500105009,28,20,8,2024-12-19 17:16:16
500119055,28,19,8,2024-12-19 14:58:15
500119055,28,18,9,2024-12-19 14:05:15
500101039,28,18,10,2024-12-19 16:36:15
500110078,28,18,10,2024-12-19 14:21:15
500110071,28,17,11,2024-12-19 13:35:15
500110078,28,17,11,2024-12-19 13:46:16
500101001,28,16,12,2024-12-19 15:18:15
500119055,28,16,12,2024-12-19 15:16:15
500105009,28,15,13,2024-12-19 16:24:15
500119055,28,15,13,2024-12-19 15:08:15
500101039,28,14,14,2024-12-19 16:54:16
500110078,28,14,14,2024-12-19 14:56:14
500101129,28,13,15,2024-12-19 16:13:15
500101129,28,13,15,2024-12-19 17:18:16
500107063,28,13,15,2024-12-19 16:24:15
500101001,28,10,18,2024-12-19 15:05:16
500108082,28,9,18,2024-12-19 13:16:14
500119064,28,9,19,2024-12-19 14:05:15
500109050,28,8,20,2024-12-19 13:22:15
500105029,28,7,21,2024-12-19 17:01:16
500104085,28,5,22,2024-12-19 13:49:15
500105029,28,6,22,2024-12-19 16:21:15
500109050,28,6,22,2024-12-19 13:53:15
500101179,28,4,24,2024-12-19 17:18:16
500104085,28,3,24,2024-12-19 15:35:16
500111079,28,4,24,2024-12-19 14:51:15
500101179,28,2,26,2024-12-19 16:28:14
500101246,28,1,27,2024-12-19 13:38:16
500119064,28,1,27,2024-12-19 16:11:15
500101189,28,0,28,2024-12-19 16:17:15
500101189,28,0,28,2024-12-19 17:03:16
500101246,28,0,28,2024-12-19 16:16:15
500107063,28,2,26,2024-12-19 21:49:15
500108001,28,25,1,2024-12-19 05:38:14
500101189,28,26,2,2024-12-19 08:01:15
500104085,28,17,4,2024-12-19 06:27:15
500108001,28,22,4,2024-12-19 06:36:14
500105009,28,22,5,2024-12-19 07:09:15
500119064,28,23,5,2024-12-19 08:56:16
500101129,28,22,6,2024-12-19 07:33:15
500101226,28,21,7,2024-12-19 07:57:16
500101246,28,21,7,2024-12-19 06:36:14
500112031,28,21,7,2024-12-19 08:15:16
500101226,28,18,10,2024-12-19 08:03:14
500101226,28,10,12,2024-12-19 06:55:16
500101189,28,15,13,2024-12-19 07:27:15
500108165,28,13,15,2024-12-19 07:25:15
500113058,28,11,15,2024-12-19 07:16:15
500110071,28,12,16,2024-12-19 08:27:16
500111079,28,12,16,2024-12-19 06:48:15
500113058,28,10,16,2024-12-19 07:26:15
500101001,28,11,17,2024-12-19 08:17:15
500101226,28,5,17,2024-12-19 07:17:14
500101129,28,10,18,2024-12-19 08:25:16
500108191,28,10,18,2024-12-19 08:39:15
500101179,28,8,19,2024-12-19 08:57:15
500101227,28,9,19,2024-12-19 08:03:14
500107063,28,9,19,2024-12-19 07:14:15
500108082,28,8,19,2024-12-19 06:40:16
500119055,28,8,19,2024-12-19 07:25:15
500101189,28,8,20,2024-12-19 07:15:17
500110078,28,8,20,2024-12-19 07:47:15
500111079,28,8,20,2024-12-19 07:37:15
500108001,28,6,21,2024-12-19 07:52:15
500110078,28,7,21,2024-12-19 07:23:15
500101189,28,6,22,2024-12-19 06:38:15
500107063,28,6,22,2024-12-19 05:49:15
500108165,28,6,22,2024-12-19 07:45:16
500101001,28,5,23,2024-12-19 07:27:15
500112031,28,5,23,2024-12-19 07:24:15
500101189,28,4,24,2024-12-19 06:25:15
500108082,28,3,24,2024-12-19 05:30:15
500107063,28,3,25,2024-12-19 06:13:14
500108082,28,2,25,2024-12-19 06:03:16
500108082,28,2,25,2024-12-19 06:26:14
500108165,28,3,25,2024-12-19 08:16:15
500111079,28,2,26,2024-12-19 07:57:16
500101001,28,1,27,2024-12-19 08:47:15
500101179,28,0,27,2024-12-19 08:36:15
500110071,28,1,27,2024-12-19 08:47:15
500107063,28,1,27,2024-12-19 23:22:15
500101001,28,8,19,2024-12-19 23:29:14
500101179,28,8,20,2024-12-19 00:15:16
500106117,28,20,7,2024-12-19 00:13:15
500107063,28,1,27,2024-12-19 00:31:15
500101001,28,3,24,2024-12-19 23:42:15
500101001,28,7,21,2024-12-19 00:05:15
500101001,28,14,14,2024-12-19 00:12:15
500101179,28,10,18,2024-12-19 00:37:15
500105089,28,22,6,2024-12-19 00:54:15
500109050,28,9,19,2024-12-19 00:10:15
500110068,28,0,28,2024-12-19 23:26:15
500109050,28,9,19,2024-12-19 23:30:16
500108082,28,3,24,2024-12-19 23:21:14
500111079,28,14,14,2024-12-19 00:57:15
500101129,28,12,16,2024-12-19 23:05:15
500105089,28,16,12,2024-12-19 22:54:16
500110071,28,1,27,2024-12-19 22:36:15
500108191,28,11,17,2024-12-19 22:35:16
500101001,28,17,11,2024-12-19 22:39:15
500108001,28,19,8,2024-12-19 22:18:15
500112031,28,2,26,2024-12-19 21:23:16
500110071,28,5,23,2024-12-19 21:39:15
500113009,28,18,8,2024-12-19 21:28:15
500108082,28,1,26,2024-12-19 01:25:16
500111079,28,13,15,2024-12-19 01:51:14
500101179,28,10,17,2024-12-19 03:35:15
500107063,28,1,27,2024-12-19 22:09:15
500101039,28,7,21,2024-12-19 22:08:15
500110071,28,3,25,2024-12-19 21:57:15
500119055,28,3,25,2024-12-19 21:55:17
500105009,28,14,13,2024-12-19 21:58:15
500104085,28,9,11,2024-12-19 00:39:15
500110078,28,10,18,2024-12-19 01:05:16
500101039,28,6,22,2024-12-19 22:46:15
500119055,28,5,23,2024-12-19 22:11:15
500106117,28,6,20,2024-12-19 22:10:17
500101039,28,6,22,2024-12-19 22:10:17
500101039,28,6,22,2024-12-19 23:32:14
500107063,28,27,1,2024-12-19 09:27:15
500101129,28,25,3,2024-12-19 09:37:15
500101129,28,24,4,2024-12-19 11:58:15
500105029,28,20,8,2024-12-19 09:11:15
500105009,28,16,11,2024-12-19 11:37:15
500112031,28,17,11,2024-12-19 11:46:15
500113009,28,16,11,2024-12-19 10:18:15
500113009,28,17,11,2024-12-19 11:00:18
500107063,28,16,12,2024-12-19 12:56:15
500101227,28,15,13,2024-12-19 11:47:16
500101227,28,14,14,2024-12-19 12:05:16
500110068,28,14,14,2024-12-19 10:23:15
500113009,28,14,14,2024-12-19 12:26:15
500101039,28,13,15,2024-12-19 11:55:18
500101226,28,13,15,2024-12-19 11:34:15
500105089,28,13,15,2024-12-19 11:01:16
500110068,28,13,15,2024-12-19 09:53:15
500111044,28,13,15,2024-12-19 11:39:15
500113058,28,12,16,2024-12-19 09:05:16
500101227,28,11,17,2024-12-19 10:05:16
500101189,28,10,18,2024-12-19 10:37:15
500101189,28,10,18,2024-12-19 12:04:16
500101227,28,10,18,2024-12-19 11:14:15
500108001,28,9,18,2024-12-19 09:53:15
500110071,28,10,18,2024-12-19 11:57:16
500101189,28,9,19,2024-12-19 12:47:15
500101039,28,7,21,2024-12-19 10:56:15
500108048,28,7,21,2024-12-19 12:17:16
500106117,28,4,22,2024-12-19 11:58:16
500107063,28,6,22,2024-12-19 10:18:15
500101179,28,4,23,2024-12-19 09:47:15
500101179,28,5,23,2024-12-19 12:08:15
500108001,28,4,23,2024-12-19 12:20:16
500110078,28,5,23,2024-12-19 10:38:15
500101001,28,4,24,2024-12-19 10:58:16
500104085,28,2,25,2024-12-19 12:18:15
500110071,28,3,25,2024-12-19 10:48:15
500111079,28,3,25,2024-12-19 10:42:15
500119055,28,2,25,2024-12-19 09:26:15
500101179,28,2,26,2024-12-19 11:47:16
500110078,28,2,26,2024-12-19 11:06:15
500111079,28,2,26,2024-12-19 11:06:15
500119055,28,1,26,2024-12-19 10:07:15
500104085,28,0,27,2024-12-19 11:33:17
500101001,28,0,28,2024-12-19 10:28:16
500101226,28,0,28,2024-12-19 09:15:16
500105089,28,25,3,2024-12-19 19:03:14
500101001,28,24,4,2024-12-19 20:28:15
500108165,28,23,4,2024-12-19 18:57:15
500108165,28,22,5,2024-12-19 21:04:15
500101039,28,22,6,2024-12-19 18:58:16
500111079,28,22,6,2024-12-19 19:48:14
500105089,28,21,7,2024-12-19 20:12:15
500105089,28,21,7,2024-12-19 20:52:15
500113058,28,21,7,2024-12-19 21:16:15
500101226,28,20,8,2024-12-19 17:32:15
500105009,28,20,8,2024-12-19 18:43:15
500105089,28,20,8,2024-12-19 20:45:16
500108001,28,19,9,2024-12-19 18:16:16
500104085,28,17,10,2024-12-19 19:57:15
500101179,28,16,12,2024-12-19 19:49:15
500101227,28,16,12,2024-12-19 17:10:17
500101227,28,16,12,2024-12-19 20:43:15
500108001,28,15,13,2024-12-19 17:58:16
500108001,28,13,14,2024-12-19 19:59:16
500101179,28,13,15,2024-12-19 19:28:15
500101226,28,6,16,2024-12-19 21:14:15
500101227,28,12,16,2024-12-19 19:13:15
500101227,28,12,16,2024-12-19 18:31:15
500101001,28,11,17,2024-12-19 18:57:15
500101226,28,5,17,2024-12-19 20:54:15
500104085,28,10,17,2024-12-19 18:18:16
500101001,28,10,18,2024-12-19 18:48:15
500110078,28,10,18,2024-12-19 19:07:15
500113058,28,10,18,2024-12-19 18:23:16
500108082,28,7,20,2024-12-19 17:54:15
500108191,28,8,20,2024-12-19 19:41:16
500110071,28,8,20,2024-12-19 20:29:15
500101179,28,7,21,2024-12-19 18:38:16
500101179,28,7,21,2024-12-19 18:48:15
500101129,28,6,22,2024-12-19 17:45:16
500105029,28,6,22,2024-12-19 19:36:15
500110071,28,6,22,2024-12-19 21:06:14
500119055,28,6,22,2024-12-19 18:18:16
500105029,28,5,23,2024-12-19 18:05:16
500101179,28,4,24,2024-12-19 17:48:15
500101189,28,4,24,2024-12-19 19:43:15
500110068,28,4,24,2024-12-19 20:07:15
500110071,28,3,25,2024-12-19 18:08:16
500110071,28,3,25,2024-12-19 18:38:16
500112031,28,3,25,2024-12-19 21:16:15
500101179,28,2,26,2024-12-19 17:59:15
500101246,28,2,26,2024-12-19 19:18:15
500112031,28,2,26,2024-12-19 17:48:15
500119055,28,2,26,2024-12-19 20:01:19
500108082,28,0,27,2024-12-19 18:29:16
500109050,28,1,27,2024-12-19 17:33:16
500110078,28,1,27,2024-12-19 17:48:15
500110078,28,1,27,2024-12-19 18:07:16
500119055,28,1,27,2024-12-19 20:48:15
500119064,28,1,27,2024-12-19 20:58:15
500101246,28,0,28,2024-12-19 18:52:15
500101001,28,28,0,2024-12-19 16:48:16
500101039,28,26,2,2024-12-19 13:19:15
500101129,28,26,2,2024-12-19 13:32:15
500101039,28,25,3,2024-12-19 14:54:15
500101039,28,20,8,2024-12-19 15:30:17
500105009,28,19,9,2024-12-19 17:06:16
500110071,28,19,9,2024-12-19 14:19:15
500101001,28,18,10,2024-12-19 15:58:14
500101001,28,18,10,2024-12-19 16:08:15
500101039,28,18,10,2024-12-19 15:25:15
500108082,28,17,10,2024-12-19 16:17:14
500110071,28,18,10,2024-12-19 16:26:15
500107063,28,17,11,2024-12-19 17:08:16
500110068,28,17,11,2024-12-19 16:56:15
500101226,28,16,12,2024-12-19 16:14:15
500105089,28,16,12,2024-12-19 16:52:15
500110068,28,14,14,2024-12-19 16:39:15
500111044,28,13,15,2024-12-19 17:02:15
500112031,28,13,15,2024-12-19 13:10:16
500112031,28,13,15,2024-12-19 14:58:15
500113009,28,13,15,2024-12-19 15:37:16
500113009,28,13,15,2024-12-19 15:56:15
500107063,28,12,16,2024-12-19 16:04:14
500108001,28,11,16,2024-12-19 14:10:18
500101001,28,11,17,2024-12-19 14:57:15
500101129,28,11,17,2024-12-19 15:58:15
500101189,28,11,17,2024-12-19 13:10:16
500107063,28,11,17,2024-12-19 16:17:15
500109050,28,7,21,2024-12-19 13:59:15
500104085,28,5,22,2024-12-19 13:16:16
500113058,28,3,25,2024-12-19 14:33:16
500101179,28,2,26,2024-12-19 14:38:16
500113058,28,2,26,2024-12-19 15:39:15
500113058,28,2,26,2024-12-19 14:12:15
500101179,28,1,27,2024-12-19 13:41:15
500109050,28,1,27,2024-12-19 16:38:15
500112031,28,1,27,2024-12-19 17:15:17
500101189,28,0,28,2024-12-19 16:19:15
500101246,28,0,28,2024-12-19 17:08:16
500119064,28,0,28,2024-12-19 16:08:16
500108165,28,26,1,2024-12-19 21:49:14
500101189,28,27,1,2024-12-19 08:26:15
500101246,28,26,2,2024-12-19 08:16:15
500101246,28,26,2,2024-12-19 07:59:16
500104085,28,17,4,2024-12-19 05:28:14
500101246,28,22,6,2024-12-19 07:11:15
500101129,28,21,7,2024-12-19 07:27:14
500110071,28,21,7,2024-12-19 07:47:15
500104085,28,13,8,2024-12-19 06:47:15
500105089,28,20,8,2024-12-19 06:02:15
500105029,28,19,9,2024-12-19 05:40:15
500113058,28,19,9,2024-12-19 08:13:15
500119064,28,19,9,2024-12-19 07:15:17
500104085,28,17,10,2024-12-19 08:35:16
500108191,28,17,11,2024-12-19 07:46:15
500119064,28,17,11,2024-12-19 07:37:15
500101129,28,16,12,2024-12-19 07:47:15
500110078,28,16,12,2024-12-19 08:27:16
500113009,28,13,12,2024-12-19 06:52:15
500119064,28,16,12,2024-12-19 07:43:15
500101001,28,15,13,2024-12-19 06:25:15
500108165,28,15,13,2024-12-19 07:15:17
500101129,28,14,14,2024-12-19 08:47:15
500105029,28,14,14,2024-12-19 07:36:15
500107063,28,13,15,2024-12-19 06:55:16
500111079,28,12,16,2024-12-19 04:53:14
500111079,28,12,16,2024-12-19 07:24:15
500101226,28,10,18,2024-12-19 08:15:16
500101227,28,10,18,2024-12-19 06:37:15
500108001,28,9,18,2024-12-19 07:46:15
500113009,28,7,18,2024-12-19 08:40:17
500105089,28,9,19,2024-12-19 08:02:15
500106117,28,6,20,2024-12-19 08:17:14
500101001,28,6,22,2024-12-19 08:37:15
500101226,28,6,22,2024-12-19 08:35:16
500105089,28,6,22,2024-12-19 08:46:15
500112031,28,6,22,2024-12-19 06:40:15
500108048,28,5,23,2024-12-19 08:37:15
500110068,28,5,23,2024-12-19 07:50:16
500111044,28,5,23,2024-12-19 07:13:15
500111044,28,5,23,2024-12-19 07:42:15
500108048,28,4,24,2024-12-19 07:13:15
500104085,28,2,25,2024-12-19 07:59:15
500108048,28,3,25,2024-12-19 08:09:15
500101189,28,2,26,2024-12-19 06:00:17
500107063,28,2,26,2024-12-19 06:05:16
500101001,28,1,27,2024-12-19 08:57:16
500107063,28,1,27,2024-12-19 07:56:15
500107063,28,0,28,2024-12-19 08:27:16
500101227,28,13,15,2024-12-19 00:21:14
500107063,28,2,26,2024-12-19 23:41:14
500101179,28,6,22,2024-12-19 00:03:15
500107063,28,1,27,2024-12-19 00:54:15
500101039,28,4,24,2024-12-19 23:46:15
500101179,28,7,21,2024-12-19 01:04:14
500110068,28,1,27,2024-12-19 21:13:16
500101001,28,6,22,2024-12-19 21:39:15
500109050,28,6,22,2024-12-19 21:23:15
500105029,28,7,21,2024-12-19 21:19:16
500101227,28,15,13,2024-12-19 21:37:15
500113058,28,22,6,2024-12-19 21:35:16
500108048,28,4,24,2024-12-19 02:04:15
500105029,28,20,8,2024-12-19 02:12:16
500105009,28,23,5,2024-12-19 03:06:14
500101001,28,14,14,2024-12-19 04:26:15
500119064,28,18,10,2024-12-19 03:44:15
500108165,28,27,0,2024-12-19 21:56:15
500106117,28,4,22,2024-12-19 21:53:15
500111079,28,15,13,2024-12-19 21:57:15
500101001,28,3,24,2024-12-19 23:55:16
500119055,28,4,23,2024-12-19 00:53:15
500113009,28,16,10,2024-12-19 00:25:16
500108048,28,5,23,2024-12-19 01:36:15
500107063,28,2,26,2024-12-19 22:46:15
500119055,28,2,26,2024-12-19 22:47:14
500101129,28,11,17,2024-12-19 22:49:15
500108191,28,12,16,2024-12-19 22:43:15
500112031,28,3,25,2024-12-19 04:28:15
500119055,28,1,27,2024-12-19 23:05:15
500104085,28,11,14,2024-12-19 23:03:15
500101227,28,16,12,2024-12-19 22:11:15
500101001,28,22,6,2024-12-19 22:19:15
500110071,28,17,11,2024-12-19 04:43:15
500101179,28,1,27,2024-12-19 22:56:15
500101179,28,9,19,2024-12-19 01:49:14
500101189,28,11,17,2024-12-19 23:30:16
500104085,28,14,11,2024-12-19 23:32:14
500119064,28,28,0,2024-12-19 09:06:15
500110078,28,25,3,2024-12-19 12:08:15
500107063,28,24,4,2024-12-19 09:37:16
500101129,28,22,6,2024-12-19 11:11:15
500101189,28,18,10,2024-12-19 09:54:15
500101227,28,17,11,2024-12-19 12:41:15
500112031,28,17,11,2024-12-19 10:12:15
500112031,28,16,12,2024-12-19 11:58:15
500105009,28,14,13,2024-12-19 11:59:16
500108165,28,15,13,2024-12-19 08:56:16
500110068,28,15,13,2024-12-19 13:06:14
500101226,28,14,14,2024-12-19 10:38:15
500105089,28,14,14,2024-12-19 09:01:15
500112031,28,14,14,2024-12-19 13:08:15
500108082,28,11,16,2024-12-19 11:55:18
500101189,28,11,17,2024-12-19 12:21:15
500108001,28,10,17,2024-12-19 09:38:14
500101189,28,10,18,2024-12-19 12:31:15
500101227,28,10,18,2024-12-19 10:25:15
500107063,28,10,18,2024-12-19 10:38:15
500107063,28,10,18,2024-12-19 11:16:14
500108082,28,9,18,2024-12-19 11:45:15
500110071,28,9,19,2024-12-19 11:37:15
500101227,28,8,20,2024-12-19 09:27:15
500105029,28,8,20,2024-12-19 09:50:16
500108191,28,8,20,2024-12-19 09:16:15
500101179,28,6,21,2024-12-19 11:08:15
500119055,28,5,22,2024-12-19 10:18:15
500119064,28,6,22,2024-12-19 12:05:17
500108048,28,5,23,2024-12-19 09:31:15
500111079,28,5,23,2024-12-19 12:43:15
500101001,28,4,24,2024-12-19 11:56:16
500108048,28,4,24,2024-12-19 09:39:14
500111079,28,4,24,2024-12-19 12:03:15
500101179,28,1,26,2024-12-19 10:07:16
500101246,28,2,26,2024-12-19 13:07:15
500104085,28,1,26,2024-12-19 12:27:15
500104085,28,1,26,2024-12-19 11:54:15
500107063,28,2,26,2024-12-19 11:58:16
500108001,28,1,26,2024-12-19 12:13:16
500109050,28,2,26,2024-12-19 10:02:15
500110078,28,2,26,2024-12-19 09:27:15
500110078,28,2,26,2024-12-19 09:31:15
500119055,28,1,26,2024-12-19 11:21:15
500101179,28,0,27,2024-12-19 11:37:15
500101246,28,1,27,2024-12-19 11:57:15
500110071,28,1,27,2024-12-19 11:08:15
500101001,28,0,28,2024-12-19 10:17:16
500101001,28,28,0,2024-12-19 18:16:15
500105089,28,26,2,2024-12-19 19:14:16
500107063,28,23,5,2024-12-19 18:29:16
500111079,28,22,6,2024-12-19 18:38:15
500113009,28,20,6,2024-12-19 20:37:16
500113009,28,22,6,2024-12-19 18:58:16
500101001,28,21,7,2024-12-19 20:38:15
500101226,28,15,9,2024-12-19 19:45:16
500104085,28,18,9,2024-12-19 19:07:15
500105009,28,19,9,2024-12-19 17:54:15
500101179,28,18,10,2024-12-19 21:18:15
500107063,28,17,11,2024-12-19 18:48:15
500110068,28,17,11,2024-12-19 17:57:15
500101226,28,12,12,2024-12-19 19:16:15
500108048,28,16,12,2024-12-19 17:19:15
500101226,28,10,14,2024-12-19 18:48:15
500101227,28,14,14,2024-12-19 20:03:15
500101227,28,13,15,2024-12-19 18:29:16
500101039,28,12,16,2024-12-19 18:08:16
500104085,28,11,16,2024-12-19 18:30:17
500106117,28,8,18,2024-12-19 18:49:16
500101129,28,9,19,2024-12-19 19:07:15
500101129,28,9,19,2024-12-19 19:45:16
500101129,28,9,19,2024-12-19 18:28:16
500106117,28,7,19,2024-12-19 18:44:16
500112031,28,9,19,2024-12-19 19:34:15
500113058,28,9,19,2024-12-19 17:45:16
500105009,28,8,20,2024-12-19 19:09:16
500112031,28,8,20,2024-12-19 19:03:15
500113058,28,8,20,2024-12-19 17:35:16
500101001,28,7,21,2024-12-19 19:29:15
500101001,28,7,21,2024-12-19 19:49:15
500101039,28,7,21,2024-12-19 18:28:16
500101129,28,7,21,2024-12-19 19:38:15
500109050,28,7,21,2024-12-19 20:29:15
500110071,28,7,21,2024-12-19 18:48:15
500105029,28,6,22,2024-12-19 19:58:15
500110071,28,6,22,2024-12-19 20:34:15
500112031,28,5,23,2024-12-19 20:57:16
500105029,28,4,24,2024-12-19 18:47:16
500109050,28,4,24,2024-12-19 19:09:15
500112031,28,4,24,2024-12-19 20:22:15
500119064,28,4,24,2024-12-19 19:46:15
500101129,28,3,25,2024-12-19 20:48:15
500101246,28,3,25,2024-12-19 19:28:15
500110078,28,3,25,2024-12-19 19:47:15
500110078,28,2,26,2024-12-19 20:29:15
500119055,28,2,26,2024-12-19 21:19:16
500110078,28,1,27,2024-12-19 20:04:16
500101246,28,0,28,2024-12-19 18:08:16
500101246,28,0,28,2024-12-19 18:29:15
500119055,28,0,28,2024-12-19 21:07:17
500101001,28,28,0,2024-12-19 17:05:17
500119055,28,23,4,2024-12-19 13:18:15
500107063,28,19,9,2024-12-19 13:36:16
500101001,28,18,10,2024-12-19 15:38:15
500105009,28,18,10,2024-12-19 16:58:15
500110071,28,18,10,2024-12-19 14:36:16
500110078,28,18,10,2024-12-19 13:35:15
500110078,28,17,11,2024-12-19 14:43:14
500108165,28,15,12,2024-12-19 16:38:15
500110068,28,15,13,2024-12-19 15:10:15
500105009,28,14,14,2024-12-19 14:08:15
500112031,28,14,14,2024-12-19 13:32:15
500101001,28,13,15,2024-12-19 14:13:15
500108082,28,12,15,2024-12-19 17:08:16
500101001,28,12,16,2024-12-19 14:38:15
500110071,28,11,17,2024-12-19 17:08:16
500110078,28,11,17,2024-12-19 15:54:15
500101189,28,9,19,2024-12-19 14:14:14
500119055,28,9,19,2024-12-19 16:18:16
500119064,28,9,19,2024-12-19 14:52:15
500110078,28,7,21,2024-12-19 16:17:15
500105029,28,6,22,2024-12-19 17:11:16
500110071,28,6,22,2024-12-19 16:58:15
500101179,28,4,24,2024-12-19 16:37:15
500105029,28,4,24,2024-12-19 16:05:16
500111079,28,4,24,2024-12-19 16:36:15
500110078,28,1,27,2024-12-19 17:08:16
500101179,28,0,28,2024-12-19 14:58:15
500101246,28,0,28,2024-12-19 14:22:16
500119055,28,1,27,2024-12-19 21:44:15
500101179,28,11,17,2024-12-19 21:47:15
500101246,28,27,1,2024-12-19 07:57:16
500108001,28,24,2,2024-12-19 06:20:15
500101226,28,19,3,2024-12-19 05:48:14
500101246,28,23,5,2024-12-19 06:16:15
500108165,28,22,6,2024-12-19 06:01:14
500110071,28,22,6,2024-12-19 07:37:15
500101246,28,20,8,2024-12-19 07:23:15
500110078,28,20,8,2024-12-19 08:02:15
500109050,28,19,9,2024-12-19 06:55:16
500109050,28,19,9,2024-12-19 07:27:15
500108082,28,17,10,2024-12-19 07:16:15
500108191,28,18,10,2024-12-19 07:26:15
500105089,28,17,11,2024-12-19 07:18:15
500113009,28,13,12,2024-12-19 07:17:14
500113058,28,14,12,2024-12-19 06:56:15
500105089,28,15,13,2024-12-19 07:32:15
500109050,28,13,15,2024-12-19 08:16:14
500101227,28,10,18,2024-12-19 08:56:16
500106117,28,8,18,2024-12-19 08:33:16
500107063,28,9,19,2024-12-19 08:46:15
500108001,28,6,20,2024-12-19 07:24:15
500101227,28,7,21,2024-12-19 08:36:15
500108082,28,6,21,2024-12-19 08:47:15
500110078,28,7,21,2024-12-19 07:37:15
500108082,28,5,22,2024-12-19 06:31:15
500110071,28,6,22,2024-12-19 08:36:15
500101039,28,5,23,2024-12-19 08:37:15
500101179,28,4,23,2024-12-19 07:27:15
500107063,28,5,23,2024-12-19 05:03:15
500112031,28,5,23,2024-12-19 06:22:14
500108048,28,4,24,2024-12-19 08:38:15
500101001,28,3,25,2024-12-19 08:27:15
500101189,28,3,25,2024-12-19 05:46:14
500108001,28,2,25,2024-12-19 08:57:15
500110068,28,3,25,2024-12-19 07:16:15
500101039,28,2,26,2024-12-19 06:17:14
500111079,28,1,27,2024-12-19 08:17:15
500111079,28,1,27,2024-12-19 08:27:16
500111079,28,0,28,2024-12-19 08:02:17
500104085,28,13,12,2024-12-19 23:28:15
500101227,28,14,14,2024-12-19 00:11:14
500101226,28,13,9,2024-12-19 23:49:15
500101179,28,18,10,2024-12-19 23:48:14
500107101,29,3,26,2024-12-19 22:57:14
500113019,29,17,2,2024-12-19 01:10:16
500107083,29,25,2,2024-12-19 00:35:16
500113019,29,13,10,2024-12-19 22:40:15
500107083,29,13,13,2024-12-19 22:39:15
500101126,29,22,7,2024-12-19 22:37:15
500108081,29,2,27,2024-12-19 21:38:15
500113019,29,19,4,2024-12-19 21:39:15
500110033,29,24,5,2024-12-19 21:37:15
500113064,29,12,16,2024-12-19 02:56:15
500113064,29,11,17,2024-12-19 04:26:15
500107101,29,4,25,2024-12-19 21:59:15
500101126,29,16,13,2024-12-19 02:13:15
500110033,29,29,0,2024-12-19 09:03:15
500101124,29,26,2,2024-12-19 10:04:15
500106097,29,26,3,2024-12-19 11:38:14
500106097,29,24,5,2024-12-19 09:40:16
500101124,29,21,6,2024-12-19 12:19:16
500104073,29,22,6,2024-12-19 09:57:15
500106038,29,15,6,2024-12-19 10:19:16
500110033,29,23,6,2024-12-19 12:36:14
500101124,29,18,9,2024-12-19 12:46:15
500104073,29,19,9,2024-12-19 10:53:15
500105090,29,19,9,2024-12-19 12:10:16
500105090,29,19,9,2024-12-19 08:35:16
500109076,29,18,10,2024-12-19 09:13:15
500109076,29,15,13,2024-12-19 11:11:15
500107061,29,12,17,2024-12-19 11:30:17
500108036,29,12,17,2024-12-19 11:34:15
500113064,29,11,17,2024-12-19 10:06:14
500107061,29,11,18,2024-12-19 11:10:17
500109076,29,10,18,2024-12-19 12:46:15
500113019,29,10,19,2024-12-19 11:44:15
500113064,29,9,19,2024-12-19 09:30:15
500108025,29,8,20,2024-12-19 10:27:16
500108025,29,7,20,2024-12-19 10:29:16
500109076,29,8,20,2024-12-19 12:24:16
500113064,29,8,20,2024-12-19 11:08:15
500108025,29,6,21,2024-12-19 10:41:15
500103048,29,7,22,2024-12-19 09:32:15
500106072,29,7,22,2024-12-19 12:17:16
500108081,29,7,22,2024-12-19 11:42:16
500104007,29,6,23,2024-12-19 10:48:15
500106072,29,6,23,2024-12-19 11:58:16
500107101,29,6,23,2024-12-19 09:06:15
500106072,29,5,24,2024-12-19 12:24:16
500106072,29,5,24,2024-12-19 12:47:15
500107101,29,5,24,2024-12-19 12:56:15
500107101,29,4,25,2024-12-19 12:24:15
500103048,29,3,26,2024-12-19 12:58:15
500103048,29,2,27,2024-12-19 10:30:16
500101126,29,1,28,2024-12-19 12:37:15
500101126,29,1,28,2024-12-19 10:28:16
500107083,29,1,28,2024-12-19 10:58:16
500107083,29,1,28,2024-12-19 11:00:19
500106072,29,0,29,2024-12-19 10:42:17
500104007,29,23,6,2024-12-19 20:07:15
500104007,29,21,8,2024-12-19 21:16:15
500107061,29,21,8,2024-12-19 18:37:15
500110033,29,21,8,2024-12-19 21:03:15
500101126,29,20,9,2024-12-19 20:02:15
500101126,29,19,10,2024-12-19 20:12:15
500104073,29,14,11,2024-12-19 21:01:15
500107061,29,18,11,2024-12-19 17:17:16
500107061,29,18,11,2024-12-19 21:09:16
500101124,29,15,12,2024-12-19 18:07:16
500101124,29,13,14,2024-12-19 19:04:15
500105016,29,15,14,2024-12-19 19:45:16
500106120,29,15,14,2024-12-19 19:32:15
500113064,29,13,15,2024-12-19 20:28:15
500101126,29,13,16,2024-12-19 18:28:15
500106120,29,13,16,2024-12-19 19:04:15
500108025,29,11,16,2024-12-19 21:09:15
500108036,29,13,16,2024-12-19 18:24:16
500108036,29,13,16,2024-12-19 18:45:16
500103048,29,12,17,2024-12-19 19:16:15
500107083,29,9,17,2024-12-19 20:42:15
500108036,29,12,17,2024-12-19 17:26:15
500113064,29,11,17,2024-12-19 20:47:15
500113064,29,11,17,2024-12-19 21:17:15
500103048,29,11,18,2024-12-19 20:36:15
500103048,29,11,18,2024-12-19 19:28:15
500104073,29,7,18,2024-12-19 19:42:15
500106097,29,11,18,2024-12-19 17:45:16
500106097,29,11,18,2024-12-19 18:24:15
500107083,29,8,18,2024-12-19 20:24:15
500105016,29,10,19,2024-12-19 20:03:15
500106038,29,10,19,2024-12-19 20:57:16
500106097,29,10,19,2024-12-19 17:49:15
500110033,29,10,19,2024-12-19 19:29:15
500106072,29,9,20,2024-12-19 21:14:15
500106097,29,9,20,2024-12-19 19:17:15
500106097,29,9,20,2024-12-19 19:46:15
500105016,29,8,21,2024-12-19 21:07:16
500105090,29,8,21,2024-12-19 17:17:16
500107101,29,8,21,2024-12-19 20:57:16
500104073,29,3,22,2024-12-19 18:27:15
500105016,29,7,22,2024-12-19 20:34:15
500106120,29,6,23,2024-12-19 18:18:15
500104073,29,1,24,2024-12-19 18:47:16
500106097,29,5,24,2024-12-19 21:04:15
500105016,29,4,25,2024-12-19 18:05:16
500106097,29,4,25,2024-12-19 21:13:16
500107101,29,4,25,2024-12-19 19:06:16
500108025,29,2,25,2024-12-19 18:07:16
500107101,29,3,26,2024-12-19 19:10:17
500108081,29,3,26,2024-12-19 18:26:15
500106038,29,2,27,2024-12-19 21:18:15
500106072,29,2,27,2024-12-19 18:40:16
500106072,29,1,28,2024-12-19 19:40:19
500104073,29,21,8,2024-12-19 16:54:16
500110033,29,21,8,2024-12-19 14:18:15
500104073,29,20,9,2024-12-19 15:57:15
500105090,29,20,9,2024-12-19 16:08:16
500104007,29,18,11,2024-12-19 15:36:15
500106097,29,16,13,2024-12-19 17:05:17
500110033,29,15,14,2024-12-19 15:18:15
500105090,29,14,15,2024-12-19 16:51:15
500109076,29,11,17,2024-12-19 13:52:15
500101126,29,11,18,2024-12-19 17:06:16
500107083,29,8,21,2024-12-19 16:04:15
500108081,29,8,21,2024-12-19 14:44:15
500105016,29,7,22,2024-12-19 16:34:16
500106072,29,7,22,2024-12-19 14:34:14
500107101,29,7,22,2024-12-19 15:51:15
500106072,29,6,23,2024-12-19 16:45:17
500106072,29,6,23,2024-12-19 15:06:15
500107083,29,6,23,2024-12-19 15:41:15
500105016,29,5,24,2024-12-19 14:39:16
500106072,29,5,24,2024-12-19 16:57:16
500106072,29,5,24,2024-12-19 17:14:16
500113064,29,4,24,2024-12-19 17:18:16
500106120,29,4,25,2024-12-19 14:58:15
500106120,29,4,25,2024-12-19 15:08:14
500109076,29,2,26,2024-12-19 16:51:15
500106120,29,2,27,2024-12-19 17:08:16
500107101,29,2,27,2024-12-19 17:18:16
500109076,29,1,27,2024-12-19 21:48:16
500111088,29,27,2,2024-12-19 07:38:15
500104007,29,25,4,2024-12-19 07:15:17
500104007,29,25,4,2024-12-19 07:23:15
500104007,29,24,5,2024-12-19 07:28:15
500108025,29,23,5,2024-12-19 07:57:16
500109076,29,18,10,2024-12-19 07:56:15
500104073,29,16,11,2024-12-19 08:37:15
500113064,29,17,11,2024-12-19 08:27:16
500104073,29,17,12,2024-12-19 06:45:15
500108081,29,16,13,2024-12-19 08:00:17
500110033,29,16,13,2024-12-19 07:17:14
500111088,29,16,13,2024-12-19 07:16:15
500113064,29,14,14,2024-12-19 08:17:15
500101126,29,10,17,2024-12-19 06:44:15
500108081,29,8,21,2024-12-19 08:36:15
500103048,29,6,23,2024-12-19 07:36:15
500111088,29,6,23,2024-12-19 05:08:14
500109076,29,4,24,2024-12-19 06:19:15
500107083,29,0,25,2024-12-19 07:19:15
500101126,29,1,26,2024-12-19 07:12:15
500101126,29,1,26,2024-12-19 07:57:16
500106120,29,2,26,2024-12-19 08:02:15
500109076,29,2,26,2024-12-19 05:43:14
500106072,29,2,27,2024-12-19 06:07:15
500107101,29,2,27,2024-12-19 06:48:15
500108081,29,18,11,2024-12-19 03:48:15
500103048,29,9,20,2024-12-19 23:24:15
500111088,29,6,23,2024-12-19 00:34:15
500113019,29,13,6,2024-12-19 00:33:15
500108177,29,7,22,2024-12-19 19:37:16
500113019,29,16,7,2024-12-19 23:55:16
500106097,29,8,21,2024-12-19 00:56:14
500106120,29,22,6,2024-12-19 00:56:15
500109076,29,2,26,2024-12-19 23:15:15
500108081,29,16,13,2024-12-19 22:39:15
500103048,29,9,20,2024-12-19 21:31:15
500107061,29,23,5,2024-12-19 03:43:14
500113064,29,11,17,2024-12-19 21:59:15
500110033,29,23,6,2024-12-19 21:54:15
500107083,29,24,1,2024-12-19 03:43:14
500110033,29,20,9,2024-12-19 02:01:16
500101126,29,21,8,2024-12-19 22:45:16
500106120,29,26,3,2024-12-19 22:49:15
500107083,29,25,1,2024-12-19 23:08:15
500101126,29,13,14,2024-12-19 04:06:15
500101126,29,15,14,2024-12-19 23:33:15
500101124,29,28,0,2024-12-19 09:13:15
500101124,29,28,0,2024-12-19 09:36:15
500101124,29,27,1,2024-12-19 09:05:16
500111088,29,27,2,2024-12-19 09:22:15
500104073,29,23,5,2024-12-19 09:27:14
500110033,29,23,6,2024-12-19 12:19:16
500101124,29,20,7,2024-12-19 13:02:15
500104073,29,21,7,2024-12-19 11:32:14
500106038,29,14,7,2024-12-19 11:48:15
500105090,29,18,10,2024-12-19 11:46:15
500104073,29,17,11,2024-12-19 12:08:15
500108025,29,17,11,2024-12-19 09:26:15
500110033,29,17,12,2024-12-19 11:06:15
500107061,29,14,13,2024-12-19 10:07:16
500109076,29,15,13,2024-12-19 10:34:15
500104073,29,15,14,2024-12-19 12:50:15
500107083,29,13,16,2024-12-19 10:03:15
500109076,29,10,18,2024-12-19 12:02:16
500113019,29,10,19,2024-12-19 10:14:15
500113019,29,9,20,2024-12-19 12:14:16
500113064,29,7,21,2024-12-19 10:45:15
500108025,29,5,22,2024-12-19 10:57:15
500113064,29,5,23,2024-12-19 12:35:15
500113064,29,5,23,2024-12-19 12:12:15
500105016,29,5,24,2024-12-19 11:22:16
500113064,29,4,24,2024-12-19 12:06:16
500103048,29,4,25,2024-12-19 12:35:15
500104007,29,4,25,2024-12-19 11:27:15
500107083,29,4,25,2024-12-19 11:45:15
500101126,29,2,27,2024-12-19 09:47:15
500103048,29,2,27,2024-12-19 13:01:15
500104007,29,26,3,2024-12-19 19:17:15
500107061,29,23,6,2024-12-19 19:42:15
500104007,29,21,8,2024-12-19 17:47:16
500104007,29,21,8,2024-12-19 19:26:15
500107061,29,19,10,2024-12-19 20:43:15
500107061,29,18,11,2024-12-19 20:11:15
500113064,29,17,11,2024-12-19 18:18:16
500101124,29,13,14,2024-12-19 18:57:15
500103048,29,15,14,2024-12-19 17:45:16
500113064,29,14,14,2024-12-19 21:01:15
500113019,29,13,15,2024-12-19 17:36:15
500103048,29,12,17,2024-12-19 18:06:15
500108036,29,12,17,2024-12-19 17:59:15
500110033,29,12,17,2024-12-19 17:36:15
500104073,29,7,18,2024-12-19 20:15:15
500103048,29,10,19,2024-12-19 19:59:16
500106072,29,10,19,2024-12-19 20:08:15
500106038,29,8,21,2024-12-19 21:08:15
500107083,29,6,21,2024-12-19 19:48:15
500108081,29,8,21,2024-12-19 19:32:15
500106072,29,7,22,2024-12-19 17:22:16
500107083,29,7,22,2024-12-19 18:36:16
500108081,29,7,22,2024-12-19 20:24:15
500108081,29,7,22,2024-12-19 19:28:15
500110033,29,7,22,2024-12-19 19:07:15
500107083,29,6,23,2024-12-19 19:35:16
500108081,29,6,23,2024-12-19 21:02:15
500107101,29,2,27,2024-12-19 21:16:15
500108025,29,0,27,2024-12-19 18:44:15
500111088,29,1,28,2024-12-19 18:06:15
500101124,29,19,8,2024-12-19 15:48:15
500101124,29,19,8,2024-12-19 13:30:16
500106097,29,21,8,2024-12-19 16:04:14
500106097,29,21,8,2024-12-19 15:34:15
500101124,29,18,9,2024-12-19 13:16:15
500110033,29,20,9,2024-12-19 13:36:16
500104073,29,19,10,2024-12-19 15:27:15
500107061,29,17,12,2024-12-19 15:27:15
500104007,29,15,14,2024-12-19 14:38:15
500113019,29,13,15,2024-12-19 16:26:15
500108025,29,11,16,2024-12-19 16:20:17
500109076,29,10,18,2024-12-19 14:43:14
500111088,29,11,18,2024-12-19 17:03:16
500113019,29,10,18,2024-12-19 15:57:15
500108036,29,10,19,2024-12-19 16:12:15
500113064,29,9,19,2024-12-19 15:49:15
500113064,29,9,19,2024-12-19 15:13:16
500105016,29,8,21,2024-12-19 15:48:15
500107101,29,8,21,2024-12-19 14:04:15
500108081,29,8,21,2024-12-19 17:12:16
500113064,29,7,21,2024-12-19 16:05:16
500107083,29,7,22,2024-12-19 15:02:15
500107101,29,7,22,2024-12-19 16:38:15
500108081,29,7,22,2024-12-19 16:57:16
500113064,29,6,22,2024-12-19 14:02:15
500105016,29,6,23,2024-12-19 15:15:16
500101126,29,5,24,2024-12-19 15:52:15
500107083,29,5,24,2024-12-19 14:48:15
500107101,29,3,26,2024-12-19 17:07:15
500101126,29,2,27,2024-12-19 14:07:16
500111088,29,26,3,2024-12-19 07:30:16
500104007,29,25,4,2024-12-19 05:36:15
500107061,29,23,4,2024-12-19 07:29:15
500111088,29,25,4,2024-12-19 07:56:15
500104007,29,23,6,2024-12-19 06:00:17
500110033,29,23,6,2024-12-19 05:56:14
500101124,29,21,7,2024-12-19 08:44:15
500107061,29,19,8,2024-12-19 08:31:16
500107061,29,19,8,2024-12-19 08:43:15
500105016,29,19,10,2024-12-19 05:16:14
500107061,29,16,11,2024-12-19 08:52:16
500107083,29,13,12,2024-12-19 06:04:14
500108081,29,17,12,2024-12-19 07:57:16
500110033,29,17,12,2024-12-19 08:35:16
500101124,29,15,13,2024-12-19 08:15:16
500109076,29,14,14,2024-12-19 07:36:15
500105016,29,13,16,2024-12-19 07:26:15
500106097,29,13,16,2024-12-19 08:03:15
500105016,29,12,17,2024-12-19 08:47:15
500106097,29,12,17,2024-12-19 06:55:16
500105016,29,11,18,2024-12-19 07:57:16
500108036,29,11,18,2024-12-19 07:16:15
500108177,29,10,19,2024-12-19 07:39:15
500106097,29,9,20,2024-12-19 07:54:15
500107101,29,9,20,2024-12-19 08:54:15
500106038,29,8,21,2024-12-19 06:56:15
500101124,29,6,22,2024-12-19 05:12:16
500108036,29,6,23,2024-12-19 07:50:16
500105090,29,4,24,2024-12-19 05:39:15
500107083,29,2,25,2024-12-19 08:37:16
500101126,29,1,26,2024-12-19 08:03:14
500107083,29,1,26,2024-12-19 08:25:16
500101126,29,2,27,2024-12-19 08:57:15
500106120,29,1,27,2024-12-19 07:49:16
500106072,29,0,29,2024-12-19 08:17:16
500106072,29,0,29,2024-12-19 07:46:15
500106097,29,7,22,2024-12-19 00:47:15
500107061,29,22,7,2024-12-19 00:17:15
500107083,29,15,12,2024-12-19 00:07:16
500113019,29,14,5,2024-12-19 00:44:15
500106120,29,26,2,2024-12-19 00:26:15
500107061,29,21,8,2024-12-19 22:09:15
500108025,29,1,27,2024-12-19 00:43:15
500106038,29,1,28,2024-12-19 01:03:15
500111088,29,7,22,2024-12-19 00:59:15
500108081,29,16,13,2024-12-19 01:08:16
500110033,29,27,2,2024-12-19 22:24:15
500109076,29,3,25,2024-12-19 20:50:16
500108081,29,17,12,2024-12-19 01:58:14
500107083,29,24,1,2024-12-19 04:15:15
500104073,29,9,13,2024-12-19 22:09:15
500101126,29,15,14,2024-12-19 01:21:15
500106038,29,3,26,2024-12-19 21:53:15
500103048,29,11,18,2024-12-19 21:59:15
500107083,29,26,0,2024-12-19 21:42:15
500104073,29,15,5,2024-12-19 23:45:16
500108081,29,15,14,2024-12-19 01:02:15
500113064,29,14,14,2024-12-19 02:11:15
500107083,29,17,9,2024-12-19 22:48:15
500101126,29,19,10,2024-12-19 23:01:15
500107101,29,5,24,2024-12-19 22:22:15
500113019,29,12,11,2024-12-19 22:26:15
500101124,29,28,0,2024-12-19 09:38:17
500110033,29,29,0,2024-12-19 09:27:15
500110033,29,28,1,2024-12-19 09:08:15
500106097,29,26,3,2024-12-19 09:07:15
500106038,29,17,4,2024-12-19 09:55:17
500106038,29,17,4,2024-12-19 11:03:16
500106038,29,14,5,2024-12-19 09:24:14
500106097,29,24,5,2024-12-19 10:04:15
500101124,29,21,7,2024-12-19 11:16:14
500106097,29,22,7,2024-12-19 11:57:16
500106097,29,21,8,2024-12-19 13:02:15
500108025,29,20,8,2024-12-19 09:33:15
500108025,29,20,8,2024-12-19 09:44:15
500110033,29,21,8,2024-12-19 09:47:15
500106097,29,20,9,2024-12-19 12:40:17
500110033,29,20,9,2024-12-19 09:36:15
500107061,29,16,11,2024-12-19 09:34:15
500110033,29,18,11,2024-12-19 11:57:16
500107061,29,15,14,2024-12-19 11:45:15
500109076,29,13,15,2024-12-19 10:57:15
500109076,29,11,17,2024-12-19 11:56:15
500104007,29,11,18,2024-12-19 10:02:15
500113064,29,9,19,2024-12-19 10:28:15
500104007,29,8,21,2024-12-19 10:27:16
500107101,29,8,21,2024-12-19 10:35:16
500105016,29,7,22,2024-12-19 12:23:16
500113064,29,6,22,2024-12-19 12:43:15
500107101,29,6,23,2024-12-19 12:44:15
500103048,29,5,24,2024-12-19 10:07:16
500103048,29,5,24,2024-12-19 10:16:15
500106072,29,5,24,2024-12-19 10:09:16
500103048,29,3,26,2024-12-19 12:28:15
500101126,29,2,27,2024-12-19 10:07:16
500103048,29,2,27,2024-12-19 11:15:17
500101126,29,1,28,2024-12-19 12:18:15
500105016,29,1,28,2024-12-19 10:37:16
500107101,29,1,28,2024-12-19 09:35:17
500101126,29,0,29,2024-12-19 11:28:15
500107083,29,0,29,2024-12-19 12:37:15
500107083,29,0,29,2024-12-19 10:38:15
500108025,29,20,7,2024-12-19 19:18:15
500110033,29,22,7,2024-12-19 20:55:17
500104073,29,21,8,2024-12-19 17:44:15
500107083,29,21,8,2024-12-19 19:16:15
500110033,29,20,9,2024-12-19 20:33:15
500101126,29,19,10,2024-12-19 20:35:16
500107061,29,19,10,2024-12-19 17:54:15
500101124,29,16,11,2024-12-19 17:28:15
500108025,29,16,11,2024-12-19 20:26:15
500108036,29,18,11,2024-12-19 20:38:15
500101124,29,15,12,2024-12-19 17:59:15
500104073,29,13,12,2024-12-19 20:45:16
500113019,29,12,12,2024-12-19 19:28:15
500101124,29,14,13,2024-12-19 18:47:16
500106038,29,16,13,2024-12-19 19:09:15
500106120,29,16,13,2024-12-19 20:49:15
500103048,29,15,14,2024-12-19 18:29:15
500113019,29,10,14,2024-12-19 19:49:15
500104073,29,9,16,2024-12-19 20:03:15
500113019,29,6,16,2024-12-19 20:05:16
500101126,29,12,17,2024-12-19 17:45:16
500103048,29,12,17,2024-12-19 17:56:16
500103048,29,11,18,2024-12-19 21:03:15
500110033,29,11,18,2024-12-19 17:47:16
500113019,29,10,18,2024-12-19 18:37:15
500113064,29,10,18,2024-12-19 20:39:16
500103048,29,10,19,2024-12-19 19:49:15
500104073,29,6,19,2024-12-19 19:18:15
500106097,29,10,19,2024-12-19 18:43:15
500106120,29,10,19,2024-12-19 18:48:15
500106120,29,10,19,2024-12-19 18:55:17
500105016,29,9,20,2024-12-19 19:18:15
500105016,29,9,20,2024-12-19 19:29:15
500106072,29,9,20,2024-12-19 18:06:15
500107083,29,7,20,2024-12-19 20:07:15
500101126,29,7,22,2024-12-19 17:14:16
500104073,29,3,22,2024-12-19 19:04:15
500106072,29,6,23,2024-12-19 18:15:17
500110033,29,6,23,2024-12-19 18:38:16
500106072,29,5,24,2024-12-19 20:47:15
500106097,29,5,24,2024-12-19 20:28:15
500108081,29,5,24,2024-12-19 19:18:15
500108081,29,5,24,2024-12-19 21:11:14
500110033,29,5,24,2024-12-19 18:27:15
500105016,29,4,25,2024-12-19 18:29:15
500107101,29,4,25,2024-12-19 20:49:15
500105016,29,3,26,2024-12-19 17:38:16
500109076,29,2,26,2024-12-19 17:34:15
500111088,29,1,28,2024-12-19 19:23:16
500106072,29,0,29,2024-12-19 19:18:15
500106038,29,15,6,2024-12-19 15:58:15
500106038,29,15,6,2024-12-19 13:38:16
500106038,29,15,6,2024-12-19 17:08:16
500104007,29,22,7,2024-12-19 16:26:15
500104007,29,21,8,2024-12-19 16:18:16
500104073,29,21,8,2024-12-19 17:18:16
500106097,29,19,10,2024-12-19 16:30:16
500107061,29,18,11,2024-12-19 16:36:15
500108177,29,18,11,2024-12-19 17:05:17
500104007,29,16,13,2024-12-19 14:02:15
500107061,29,15,14,2024-12-19 13:10:16
500113019,29,13,15,2024-12-19 16:48:16
500109076,29,11,17,2024-12-19 14:24:15
500110033,29,12,17,2024-12-19 16:03:15
500108025,29,9,18,2024-12-19 13:31:15
500108036,29,11,18,2024-12-19 16:42:15
500109076,29,9,19,2024-12-19 14:34:15
500111088,29,10,19,2024-12-19 17:13:15
500101126,29,8,21,2024-12-19 16:37:15
500113064,29,7,21,2024-12-19 14:21:14
500113064,29,6,22,2024-12-19 16:20:17
500105016,29,6,23,2024-12-19 16:19:15
500106072,29,6,23,2024-12-19 15:18:15
500106072,29,6,23,2024-12-19 13:35:15
500107101,29,6,23,2024-12-19 15:43:15
500106072,29,5,24,2024-12-19 14:21:14
500107101,29,5,24,2024-12-19 15:15:16
500110033,29,5,24,2024-12-19 17:18:16
500105016,29,4,25,2024-12-19 15:24:15
500106072,29,4,25,2024-12-19 13:28:16
500107101,29,4,25,2024-12-19 16:43:14
500107101,29,4,25,2024-12-19 16:53:15
500106120,29,3,26,2024-12-19 15:18:15
500104073,29,4,18,2024-12-19 21:48:15
500113064,29,13,15,2024-12-19 21:48:15
500101126,29,19,10,2024-12-19 21:49:15
500106038,29,18,1,2024-12-19 08:36:15
500104007,29,24,5,2024-12-19 05:27:15
500107061,29,22,5,2024-12-19 07:41:15
500113019,29,17,6,2024-12-19 06:16:15
500113019,29,14,9,2024-12-19 07:17:14
500113064,29,19,9,2024-12-19 07:37:15
500104073,29,18,11,2024-12-19 06:32:15
500108081,29,18,11,2024-12-19 07:47:15
500113019,29,17,12,2024-12-19 08:37:15
500105016,29,16,13,2024-12-19 07:17:14
500105016,29,16,13,2024-12-19 05:51:14
500106038,29,6,13,2024-12-19 07:45:16
500113019,29,16,13,2024-12-19 08:45:16
500113064,29,15,13,2024-12-19 08:42:15
500108081,29,15,14,2024-12-19 06:34:15
500113019,29,9,14,2024-12-19 07:26:14
500105016,29,14,15,2024-12-19 07:35:16
500108025,29,12,16,2024-12-19 08:17:16
500104007,29,11,18,2024-12-19 08:36:15
500105016,29,11,18,2024-12-19 07:43:15
500101124,29,9,19,2024-12-19 07:36:15
500105016,29,10,19,2024-12-19 08:51:15
500101124,29,8,20,2024-12-19 07:27:15
500113064,29,8,20,2024-12-19 07:17:14
500107101,29,8,21,2024-12-19 07:37:15
500108025,29,7,21,2024-12-19 08:26:15
500103048,29,7,22,2024-12-19 07:26:15
500107101,29,5,24,2024-12-19 05:28:14
500107101,29,4,25,2024-12-19 06:07:15
500107101,29,3,26,2024-12-19 08:27:16
500109076,29,2,26,2024-12-19 05:01:14
500101126,29,0,27,2024-12-19 08:16:15
500103048,29,2,27,2024-12-19 08:02:15
500105016,29,2,27,2024-12-19 08:15:16
500106038,29,2,27,2024-12-19 05:59:14
500106097,29,2,27,2024-12-19 08:17:15
500106072,29,1,28,2024-12-19 06:41:14
500106097,29,1,28,2024-12-19 07:16:15
500107061,29,19,10,2024-12-19 00:03:15
500108025,29,1,27,2024-12-19 00:07:15
500104007,29,11,18,2024-12-19 23:35:15
500107083,29,18,9,2024-12-19 00:18:14
500113064,29,15,13,2024-12-19 00:46:15
500111088,29,2,27,2024-12-19 19:44:15
500106097,29,10,19,2024-12-19 22:59:14
500113064,29,15,13,2024-12-19 01:10:16
500107061,29,23,6,2024-12-19 00:53:15
500104007,29,9,20,2024-12-19 22:30:16
500104073,29,4,18,2024-12-19 21:36:15
500101124,29,13,14,2024-12-19 21:34:15
500101124,29,2,26,2024-12-19 02:48:14
500108025,29,2,26,2024-12-19 02:52:14
500113019,29,23,0,2024-12-19 22:04:15
500104007,29,13,16,2024-12-19 21:58:14
500101126,29,14,14,2024-12-19 03:34:15
500110033,29,22,7,2024-12-19 03:43:14
500101126,29,12,17,2024-12-19 23:47:14
500110033,29,20,9,2024-12-19 23:27:15
500108081,29,16,13,2024-12-19 01:39:15
500105016,29,10,19,2024-12-19 22:49:15
500105016,29,11,18,2024-12-19 22:51:15
500104073,29,12,10,2024-12-19 22:16:14
500101124,29,14,13,2024-12-19 22:17:15
500113064,29,14,14,2024-12-19 22:18:14
500107083,29,22,4,2024-12-19 22:59:15
500106072,29,7,22,2024-12-19 23:32:15
500103048,29,8,21,2024-12-19 23:33:15
500111088,29,28,1,2024-12-19 09:33:15
500106097,29,27,2,2024-12-19 11:04:15
500111088,29,27,2,2024-12-19 10:13:16
500101124,29,24,4,2024-12-19 10:13:16
500104073,29,24,4,2024-12-19 09:36:15
500106097,29,24,5,2024-12-19 11:48:15
500104073,29,22,6,2024-12-19 10:05:16
500101124,29,20,7,2024-12-19 11:26:14
500104073,29,20,8,2024-12-19 11:48:15
500106038,29,13,8,2024-12-19 10:41:15
500106097,29,21,8,2024-12-19 12:38:14
500104073,29,19,9,2024-12-19 10:37:16
500108177,29,20,9,2024-12-19 12:52:15
500109076,29,19,9,2024-12-19 09:30:16
500110033,29,20,9,2024-12-19 12:08:15
500106097,29,16,13,2024-12-19 12:08:15
500107061,29,16,13,2024-12-19 11:28:16
500110033,29,14,15,2024-12-19 11:37:15
500107083,29,11,16,2024-12-19 09:57:15
500104007,29,12,17,2024-12-19 09:35:16
500109076,29,11,17,2024-12-19 11:43:15
500113064,29,10,18,2024-12-19 11:24:15
500107101,29,9,20,2024-12-19 10:14:15
500108025,29,7,20,2024-12-19 11:32:15
500113019,29,9,20,2024-12-19 09:43:15
500103048,29,8,21,2024-12-19 09:57:15
500106072,29,8,21,2024-12-19 12:08:15
500113064,29,7,21,2024-12-19 12:49:15
500103048,29,7,22,2024-12-19 09:22:15
500113019,29,7,22,2024-12-19 12:37:15
500108081,29,6,23,2024-12-19 11:21:15
500105016,29,5,24,2024-12-19 09:03:14
500107083,29,1,26,2024-12-19 09:36:15
500106120,29,0,27,2024-12-19 09:30:18
500107083,29,0,27,2024-12-19 09:07:16
500103048,29,1,28,2024-12-19 12:06:16
500103048,29,1,28,2024-12-19 12:19:16
500105016,29,0,29,2024-12-19 09:27:15
500105016,29,0,29,2024-12-19 09:39:16
500107083,29,0,29,2024-12-19 12:18:15
500104007,29,28,1,2024-12-19 18:28:16
500104007,29,26,3,2024-12-19 18:37:15
500108025,29,23,4,2024-12-19 19:26:16
500108025,29,23,4,2024-12-19 19:43:15
500106038,29,23,6,2024-12-19 18:15:17
500101126,29,22,7,2024-12-19 21:08:15
500106038,29,22,7,2024-12-19 17:59:15
500101126,29,21,8,2024-12-19 21:18:15
500104073,29,21,8,2024-12-19 17:38:16
500108025,29,19,8,2024-12-19 20:05:16
500113064,29,20,8,2024-12-19 18:50:16
500101126,29,20,9,2024-12-19 19:43:15
500110033,29,19,10,2024-12-19 20:27:15
500113019,29,13,10,2024-12-19 21:09:16
500104073,29,13,12,2024-12-19 21:14:15
500101126,29,16,13,2024-12-19 19:26:15
500113019,29,15,13,2024-12-19 17:50:16
500101124,29,13,14,2024-12-19 21:20:16
500101126,29,15,14,2024-12-19 18:38:16
500113019,29,8,14,2024-12-19 20:41:15
500101126,29,14,15,2024-12-19 19:06:16
500101124,29,10,17,2024-12-19 19:18:15
500101126,29,12,17,2024-12-19 17:58:16
500101126,29,12,17,2024-12-19 18:08:16
500103048,29,12,17,2024-12-19 18:18:16
500106097,29,12,17,2024-12-19 17:38:16
500108036,29,12,17,2024-12-19 18:55:17
500110033,29,12,17,2024-12-19 19:18:15
500113064,29,10,18,2024-12-19 20:12:14
500105016,29,10,19,2024-12-19 20:13:15
500106120,29,10,19,2024-12-19 18:24:16
500105016,29,9,20,2024-12-19 20:43:15
500110033,29,9,20,2024-12-19 19:34:15
500113064,29,8,20,2024-12-19 19:50:16
500106072,29,8,21,2024-12-19 20:28:15
500105090,29,6,23,2024-12-19 19:33:15
500108025,29,4,23,2024-12-19 17:46:15
500108081,29,6,23,2024-12-19 21:20:16
500107101,29,5,24,2024-12-19 19:49:15
500107101,29,4,25,2024-12-19 18:28:16
500108025,29,2,25,2024-12-19 18:17:15
500106072,29,3,26,2024-12-19 19:59:15
500107083,29,3,26,2024-12-19 18:17:15
500107101,29,2,27,2024-12-19 18:48:15
500107083,29,1,28,2024-12-19 17:49:15
500106038,29,17,4,2024-12-19 14:33:16
500106038,29,15,6,2024-12-19 13:24:15
500101124,29,20,7,2024-12-19 16:40:16
500104007,29,22,7,2024-12-19 17:16:16
500104007,29,21,8,2024-12-19 16:58:15
500111088,29,21,8,2024-12-19 16:22:16
500106097,29,20,9,2024-12-19 16:25:16
500113019,29,13,15,2024-12-19 17:04:15
500105090,29,13,16,2024-12-19 17:07:15
500110033,29,12,17,2024-12-19 15:38:15
500113019,29,9,19,2024-12-19 16:07:15
500109076,29,8,20,2024-12-19 15:36:15
500108081,29,8,21,2024-12-19 15:18:15
500113019,29,7,21,2024-12-19 15:23:15
500105016,29,7,22,2024-12-19 16:13:15
500107101,29,7,22,2024-12-19 13:44:15
500110033,29,7,22,2024-12-19 16:38:15
500110033,29,7,22,2024-12-19 16:49:15
500101126,29,5,24,2024-12-19 15:13:16
500106120,29,5,24,2024-12-19 14:46:15
500109076,29,4,24,2024-12-19 16:41:15
500101126,29,4,25,2024-12-19 14:54:15
500106120,29,4,25,2024-12-19 14:02:14
500106120,29,3,26,2024-12-19 16:36:15
500107083,29,3,26,2024-12-19 16:43:15
500108081,29,1,28,2024-12-19 21:48:16
500108025,29,11,16,2024-12-19 21:47:15
500106038,29,18,1,2024-12-19 08:38:15
500107061,29,24,3,2024-12-19 06:47:15
500110033,29,25,4,2024-12-19 04:58:15
500111088,29,24,5,2024-12-19 07:27:15
500107061,29,21,6,2024-12-19 08:11:15
500107061,29,20,7,2024-12-19 08:21:16
500108081,29,20,9,2024-12-19 07:30:16
500104073,29,17,10,2024-12-19 08:57:15
500108081,29,19,10,2024-12-19 07:15:17
500104073,29,17,12,2024-12-19 07:17:14
500108081,29,15,14,2024-12-19 08:14:16
500105016,29,14,15,2024-12-19 06:19:15
500110033,29,14,15,2024-12-19 08:03:15
500108081,29,13,16,2024-12-19 06:41:15
500108177,29,13,16,2024-12-19 08:14:16
500108036,29,12,17,2024-12-19 06:08:14
500113019,29,4,19,2024-12-19 07:42:15
500101124,29,8,20,2024-12-19 07:15:17
500113064,29,7,21,2024-12-19 06:36:14
500101124,29,6,22,2024-12-19 06:14:14
500111088,29,7,22,2024-12-19 06:46:15
500103048,29,6,23,2024-12-19 07:45:16
500107101,29,6,23,2024-12-19 08:37:15
500108025,29,5,23,2024-12-19 06:56:14
500108177,29,6,23,2024-12-19 06:48:15
500107101,29,5,24,2024-12-19 07:12:15
500108025,29,4,24,2024-12-19 06:39:15
500106120,29,2,25,2024-12-19 08:54:15
500107083,29,0,25,2024-12-19 07:17:14
500107083,29,2,25,2024-12-19 07:57:16
500107083,29,0,27,2024-12-19 08:12:16
500107083,29,0,27,2024-12-19 08:02:17
500108025,29,1,27,2024-12-19 06:07:15
500103048,29,0,29,2024-12-19 08:37:15
500106072,29,0,29,2024-12-19 08:03:15
500101126,29,13,16,2024-12-19 23:27:14
500101126,29,15,14,2024-12-19 00:28:14
500103048,29,8,21,2024-12-19 00:22:15
500108036,29,21,8,2024-12-19 21:27:14
500105016,29,20,9,2024-12-19 01:17:15
500101124,29,14,13,2024-12-19 23:07:15
500107083,29,26,0,2024-12-19 23:16:15
500106120,29,26,3,2024-12-19 23:08:15
500109076,29,2,26,2024-12-19 22:36:15
500107101,29,4,25,2024-12-19 22:28:15
500106120,29,27,2,2024-12-19 22:37:15
500105016,29,6,23,2024-12-19 21:39:15
500113064,29,15,13,2024-12-19 21:31:15
500104073,29,21,8,2024-12-19 01:42:15
500113019,29,18,5,2024-12-19 03:29:14
500108025,29,10,17,2024-12-19 22:03:15
500101126,29,22,7,2024-12-19 22:04:15
500104073,29,8,14,2024-12-19 21:58:15
500113064,29,13,15,2024-12-19 03:33:15
500104007,29,9,20,2024-12-19 23:52:14
500101124,29,15,12,2024-12-19 23:37:14
500104007,29,11,18,2024-12-19 22:17:15
500101126,29,25,4,2024-12-19 22:19:15
500113064,29,12,16,2024-12-19 04:05:15
500109076,29,1,27,2024-12-19 22:26:15
500106120,29,26,3,2024-12-19 22:24:15
500113064,29,16,12,2024-12-19 02:03:15
500106038,29,17,4,2024-12-19 09:37:15
500106097,29,25,4,2024-12-19 09:32:14
500104073,29,23,5,2024-12-19 10:13:16
500104073,29,21,6,2024-12-19 09:07:15
500108025,29,22,6,2024-12-19 09:52:15
500104073,29,21,7,2024-12-19 09:45:15
500101124,29,19,8,2024-12-19 12:34:14
500106097,29,21,8,2024-12-19 12:28:15
500109076,29,17,11,2024-12-19 09:41:15
500107061,29,15,12,2024-12-19 09:05:16
500110033,29,17,12,2024-12-19 11:17:15
500109076,29,14,14,2024-12-19 10:46:15
500104007,29,14,15,2024-12-19 13:05:16
500107061,29,14,15,2024-12-19 12:37:15
500113019,29,14,15,2024-12-19 09:04:15
500104007,29,13,16,2024-12-19 09:46:16
500107101,29,13,16,2024-12-19 10:46:15
500108025,29,11,16,2024-12-19 12:13:16
500104007,29,12,17,2024-12-19 10:18:15
500106072,29,11,18,2024-12-19 09:43:15
500105016,29,9,20,2024-12-19 12:07:16
500113019,29,9,20,2024-12-19 09:37:15
500113019,29,9,20,2024-12-19 11:19:15
500113019,29,8,21,2024-12-19 12:48:15
500105016,29,7,22,2024-12-19 11:49:16
500106120,29,3,24,2024-12-19 12:54:15
500108081,29,5,24,2024-12-19 10:43:16
500108081,29,4,25,2024-12-19 09:09:15
500101126,29,3,26,2024-12-19 09:55:17
500106120,29,1,26,2024-12-19 12:33:15
500106120,29,1,26,2024-12-19 09:08:15
500103048,29,2,27,2024-12-19 09:09:15
500103048,29,2,27,2024-12-19 11:27:15
500107101,29,2,27,2024-12-19 09:47:15
500105016,29,1,28,2024-12-19 10:39:15
500107083,29,1,28,2024-12-19 12:47:15
500101126,29,0,29,2024-12-19 10:53:16
500108036,29,0,29,2024-12-19 08:54:18
500104007,29,28,1,2024-12-19 19:07:16
500106038,29,20,1,2024-12-19 17:28:14
500104073,29,26,3,2024-12-19 17:59:15
500104007,29,23,6,2024-12-19 19:47:15
500106038,29,20,9,2024-12-19 18:28:16
500106038,29,20,9,2024-12-19 18:45:16
500104073,29,19,10,2024-12-19 17:21:15
500106038,29,18,11,2024-12-19 18:34:15
500106038,29,17,12,2024-12-19 19:30:17
500107061,29,17,12,2024-12-19 17:36:14
500106038,29,16,13,2024-12-19 19:46:15
500106120,29,16,13,2024-12-19 20:12:15
500106120,29,15,14,2024-12-19 20:05:16
500106120,29,15,14,2024-12-19 20:29:15
500107083,29,12,14,2024-12-19 20:58:14
500103048,29,13,16,2024-12-19 19:37:15
500105016,29,13,16,2024-12-19 19:36:15
500108036,29,13,16,2024-12-19 19:37:15
500101126,29,12,17,2024-12-19 18:15:17
500106072,29,11,18,2024-12-19 17:38:16
500106097,29,11,18,2024-12-19 18:34:15
500107083,29,9,18,2024-12-19 20:11:16
500108036,29,11,18,2024-12-19 19:16:15
500113019,29,10,18,2024-12-19 17:22:16
500113064,29,10,18,2024-12-19 17:47:16
500106097,29,10,19,2024-12-19 19:54:15
500113064,29,9,19,2024-12-19 19:30:17
500110033,29,9,20,2024-12-19 19:47:15
500113064,29,8,20,2024-12-19 19:29:15
500110033,29,8,21,2024-12-19 18:48:15
500113064,29,7,21,2024-12-19 17:38:16
500107101,29,5,24,2024-12-19 19:58:15
500108081,29,5,24,2024-12-19 17:34:15
500107101,29,4,25,2024-12-19 19:33:15
500108081,29,4,25,2024-12-19 18:16:16
500105016,29,3,26,2024-12-19 18:16:15
500107083,29,2,27,2024-12-19 17:45:16
500108025,29,0,27,2024-12-19 18:35:17
500106038,29,17,4,2024-12-19 16:43:15
500101124,29,19,8,2024-12-19 17:04:15
500104007,29,20,9,2024-12-19 16:43:15
500104073,29,20,9,2024-12-19 16:23:15
500106097,29,20,9,2024-12-19 15:43:15
500106097,29,19,10,2024-12-19 16:45:17
500107061,29,19,10,2024-12-19 16:19:15
500108177,29,19,10,2024-12-19 16:47:15
500104007,29,17,12,2024-12-19 13:53:15
500107061,29,17,12,2024-12-19 17:04:15
500110033,29,17,12,2024-12-19 15:05:16
500105090,29,16,13,2024-12-19 16:28:15
500108025,29,11,16,2024-12-19 13:58:16
500113019,29,11,17,2024-12-19 17:17:16
500113064,29,10,18,2024-12-19 15:33:15
500109076,29,9,19,2024-12-19 13:45:15
500110033,29,10,19,2024-12-19 16:19:15
500101126,29,9,20,2024-12-19 16:48:16
500108081,29,9,20,2024-12-19 16:10:16
500113019,29,8,20,2024-12-19 15:41:15
500105016,29,8,21,2024-12-19 16:42:15
500113064,29,7,21,2024-12-19 13:53:14
500101126,29,6,23,2024-12-19 15:23:14
500113064,29,4,24,2024-12-19 16:55:17
500101126,29,4,25,2024-12-19 15:02:15
500103048,29,2,27,2024-12-19 14:53:15
500107083,29,1,28,2024-12-19 13:50:17
500107083,29,1,28,2024-12-19 16:58:15
500106097,29,9,20,2024-12-19 21:47:15
500101124,29,27,1,2024-12-19 08:53:15
500107083,29,22,3,2024-12-19 05:06:15
500107061,29,24,4,2024-12-19 05:31:14
500104007,29,23,6,2024-12-19 06:24:15
500113019,29,17,6,2024-12-19 05:35:15
500110033,29,22,7,2024-12-19 06:32:15
500113019,29,16,7,2024-12-19 06:39:14
500110033,29,21,8,2024-12-19 08:47:15
500113064,29,19,9,2024-12-19 07:47:15
500109076,29,17,11,2024-12-19 08:44:16
500104073,29,17,12,2024-12-19 07:27:15
500113064,29,16,12,2024-12-19 07:57:16
500108081,29,15,14,2024-12-19 06:24:15
500110033,29,15,14,2024-12-19 07:55:17
500106120,29,13,15,2024-12-19 07:27:15
500107083,29,8,17,2024-12-19 06:17:14
500108025,29,11,17,2024-12-19 07:24:15
500108025,29,11,17,2024-12-19 07:37:15
500105016,29,11,18,2024-12-19 06:37:15
500108036,29,11,18,2024-12-19 07:20:16
500105016,29,10,19,2024-12-19 06:43:15
500103048,29,9,20,2024-12-19 05:47:15
500107101,29,9,20,2024-12-19 07:27:15
500106097,29,8,21,2024-12-19 08:25:16
500101124,29,6,22,2024-12-19 06:42:14
500107101,29,7,22,2024-12-19 08:15:16
500101126,29,4,23,2024-12-19 08:27:15
500109076,29,4,24,2024-12-19 06:37:15
500106097,29,4,25,2024-12-19 07:27:15
500106097,29,4,25,2024-12-19 07:35:16
500107083,29,0,25,2024-12-19 06:47:16
500109076,29,3,25,2024-12-19 06:13:14
500106038,29,3,26,2024-12-19 05:15:15
500108036,29,3,26,2024-12-19 08:12:15
500101126,29,0,27,2024-12-19 07:20:18
500108025,29,1,27,2024-12-19 06:09:15
500108036,29,2,27,2024-12-19 08:20:16
500106072,29,1,28,2024-12-19 07:24:16
500101126,29,0,29,2024-12-19 08:46:15
500103048,29,0,29,2024-12-19 08:39:16
500106072,29,0,29,2024-12-19 07:17:14
500104007,29,22,6,2024-12-19 00:05:15
500107083,29,17,10,2024-12-19 00:12:15
500108025,29,1,27,2024-12-19 00:14:15
500113019,29,11,8,2024-12-19 00:12:15
500103048,29,9,20,2024-12-19 23:36:15
500105016,29,14,15,2024-12-19 23:15:14
500104073,29,21,8,2024-12-19 01:16:15
500101126,29,14,15,2024-12-19 23:19:15
500108081,29,18,11,2024-12-19 22:40:15
500110033,29,19,10,2024-12-19 22:57:15
500105016,29,9,20,2024-12-19 22:25:15
500106038,29,2,27,2024-12-19 21:37:15
500105090,29,6,23,2024-12-19 21:39:15
500106072,29,8,21,2024-12-19 21:33:16
500108025,29,12,15,2024-12-19 21:19:16
500106097,29,9,20,2024-12-19 01:22:15
500103048,29,10,19,2024-12-19 02:46:14
500113019,29,18,1,2024-12-19 01:43:15
500107061,29,24,5,2024-12-19 01:48:15
500101126,29,14,13,2024-12-19 04:14:15
500108081,29,17,12,2024-12-19 03:58:15
500106120,29,23,5,2024-12-19 03:49:14
500106072,29,7,22,2024-12-19 21:49:15
500108081,29,15,14,2024-12-19 01:20:15
500108081,29,2,27,2024-12-19 21:55:16
500104007,29,21,7,2024-12-19 01:29:15
500107083,29,27,0,2024-12-19 01:35:16
500104007,29,22,6,2024-12-19 02:15:15
500103048,29,10,19,2024-12-19 22:49:15
500103048,29,8,21,2024-12-19 22:17:15
500106072,29,8,21,2024-12-19 22:16:15
500104007,29,9,20,2024-12-19 22:21:14
500104073,29,13,9,2024-12-19 22:24:15
500106038,29,17,4,2024-12-19 09:46:16
500106038,29,16,5,2024-12-19 11:28:16
500106038,29,13,6,2024-12-19 09:08:15
500106038,29,15,6,2024-12-19 11:37:15
500101124,29,20,7,2024-12-19 12:25:16
500104073,29,21,7,2024-12-19 11:23:14
500106038,29,14,7,2024-12-19 10:35:15
500104073,29,19,9,2024-12-19 11:56:16
500110033,29,19,10,2024-12-19 10:34:15
500104073,29,17,12,2024-12-19 12:32:16
500110033,29,17,12,2024-12-19 10:26:14
500104073,29,16,13,2024-12-19 12:18:15
500104007,29,14,15,2024-12-19 09:27:15
500108025,29,11,16,2024-12-19 12:27:15
500108036,29,13,16,2024-12-19 10:18:15
500107101,29,10,19,2024-12-19 11:38:15
500113019,29,10,19,2024-12-19 09:25:16
500113019,29,10,19,2024-12-19 11:53:16
500113064,29,9,19,2024-12-19 09:19:15
500104007,29,8,21,2024-12-19 11:58:16
500104007,29,7,22,2024-12-19 10:35:15
500107101,29,7,22,2024-12-19 11:47:15
500104007,29,6,23,2024-12-19 11:38:14
500105016,29,6,23,2024-12-19 11:34:15
500107083,29,6,23,2024-12-19 10:17:16
500108081,29,6,23,2024-12-19 13:08:15
500113064,29,4,24,2024-12-19 11:51:16
500106072,29,4,25,2024-12-19 10:06:15
500106120,29,2,25,2024-12-19 11:50:15
500106072,29,3,26,2024-12-19 12:58:15
500106072,29,3,26,2024-12-19 09:06:15
500107083,29,1,26,2024-12-19 09:21:15
500107083,29,3,26,2024-12-19 11:58:15
500106120,29,0,27,2024-12-19 12:26:16
500107101,29,2,27,2024-12-19 12:07:16
500107101,29,2,27,2024-12-19 10:07:16
500101126,29,0,29,2024-12-19 10:18:15
500104007,29,28,1,2024-12-19 18:18:16
500107061,29,20,9,2024-12-19 18:11:16
500108025,29,18,9,2024-12-19 20:10:17
500106038,29,19,10,2024-12-19 18:50:16
500101126,29,18,11,2024-12-19 19:38:14
500113019,29,13,11,2024-12-19 19:35:16
500106120,29,17,12,2024-12-19 19:45:16
500107083,29,16,13,2024-12-19 19:29:15
500105016,29,15,14,2024-12-19 19:58:15
500103048,29,14,15,2024-12-19 18:56:15
500106120,29,14,15,2024-12-19 19:58:15
500113019,29,7,15,2024-12-19 20:39:16
500113019,29,13,15,2024-12-19 17:47:16
500113019,29,9,15,2024-12-19 19:11:15
500101124,29,10,17,2024-12-19 20:35:16
500113064,29,11,17,2024-12-19 20:05:16
500103048,29,11,18,2024-12-19 20:59:15
500113064,29,10,18,2024-12-19 19:18:15
500110033,29,10,19,2024-12-19 20:04:15
500111088,29,7,22,2024-12-19 17:22:16
500105090,29,6,23,2024-12-19 17:40:17
500108081,29,6,23,2024-12-19 20:09:15
500104073,29,1,24,2024-12-19 18:38:16
500105016,29,5,24,2024-12-19 17:45:16
500106072,29,5,24,2024-12-19 18:24:16
500107101,29,5,24,2024-12-19 18:02:15
500107101,29,5,24,2024-12-19 21:08:15
500105016,29,4,25,2024-12-19 19:03:14
500106072,29,4,25,2024-12-19 20:56:15
500106072,29,4,25,2024-12-19 21:08:15
500108081,29,4,25,2024-12-19 17:53:15
500111088,29,4,25,2024-12-19 17:48:15
500107101,29,3,26,2024-12-19 19:21:15
500107101,29,3,26,2024-12-19 18:58:16
500106072,29,2,27,2024-12-19 18:57:15
500107083,29,1,28,2024-12-19 17:28:15
500106072,29,0,29,2024-12-19 19:29:16
500106038,29,17,4,2024-12-19 17:18:16
500106038,29,16,5,2024-12-19 13:52:15
500106038,29,14,7,2024-12-19 16:34:15
500101124,29,19,8,2024-12-19 15:16:15
500110033,29,21,8,2024-12-19 14:37:14
500104073,29,19,10,2024-12-19 16:48:16
500104007,29,18,11,2024-12-19 15:48:15
500104007,29,17,12,2024-12-19 15:05:16
500104007,29,17,12,2024-12-19 15:24:15
500104007,29,16,13,2024-12-19 15:14:15
500105090,29,15,14,2024-12-19 16:36:15
500110033,29,11,18,2024-12-19 16:15:15
500109076,29,9,19,2024-12-19 13:16:15
500108081,29,9,20,2024-12-19 14:54:15
500107101,29,8,21,2024-12-19 16:05:16
500108081,29,7,22,2024-12-19 17:08:16
500108081,29,7,22,2024-12-19 14:04:15
500113064,29,6,22,2024-12-19 13:11:15
500101126,29,6,23,2024-12-19 16:17:14
500107083,29,6,23,2024-12-19 15:38:15
500109076,29,5,23,2024-12-19 16:31:15
500110033,29,6,23,2024-12-19 16:48:15
500113064,29,5,23,2024-12-19 16:38:14
500107101,29,5,24,2024-12-19 15:05:16
500106072,29,4,25,2024-12-19 16:27:16
500106120,29,4,25,2024-12-19 13:45:16
500101126,29,2,27,2024-12-19 13:10:16
500103048,29,2,27,2024-12-19 15:18:15
500106120,29,2,27,2024-12-19 16:43:15
500106120,29,2,27,2024-12-19 17:17:16
500103048,29,0,29,2024-12-19 14:10:18
500104007,29,15,14,2024-12-19 21:46:15
500106038,29,19,0,2024-12-19 08:51:18
500111088,29,27,2,2024-12-19 08:46:15
500107061,29,23,4,2024-12-19 06:05:15
500107061,29,23,4,2024-12-19 07:51:15
500111088,29,25,4,2024-12-19 08:32:15
500107083,29,20,5,2024-12-19 05:40:15
500111088,29,24,5,2024-12-19 08:00:17
500106120,29,22,6,2024-12-19 06:28:14
500110033,29,17,12,2024-12-19 08:15:16
500106097,29,16,13,2024-12-19 08:45:16
500108081,29,16,13,2024-12-19 05:06:15
500105090,29,12,16,2024-12-19 07:56:15
500101124,29,11,17,2024-12-19 08:02:15
500107083,29,10,17,2024-12-19 08:46:15
500109076,29,11,17,2024-12-19 07:23:15
500113019,29,6,17,2024-12-19 07:34:15
500113064,29,10,18,2024-12-19 05:04:15
500103048,29,10,19,2024-12-19 05:19:14
500103048,29,10,19,2024-12-19 06:15:16
500104007,29,10,19,2024-12-19 08:38:15
500105016,29,10,19,2024-12-19 08:03:15
500106097,29,10,19,2024-12-19 06:09:15
500105016,29,9,20,2024-12-19 06:55:16
500107083,29,7,20,2024-12-19 08:57:15
500106038,29,8,21,2024-12-19 07:27:15
500105090,29,6,22,2024-12-19 07:11:15
500106120,29,6,22,2024-12-19 07:37:15
500101124,29,5,23,2024-12-19 06:06:14
500107101,29,3,26,2024-12-19 08:02:15
500109076,29,2,26,2024-12-19 05:57:15
500106038,29,2,27,2024-12-19 06:26:15
500106072,29,0,29,2024-12-19 08:46:15
500103048,29,9,20,2024-12-19 00:04:16
500101126,29,15,14,2024-12-19 00:55:16
500105090,29,5,24,2024-12-19 22:08:15
500108025,29,8,19,2024-12-19 23:23:14
500109076,29,1,27,2024-12-19 00:08:15
500107101,29,5,24,2024-12-19 00:43:15
500101126,29,16,13,2024-12-19 01:16:15
500106038,29,3,26,2024-12-19 22:08:15
500106072,29,7,22,2024-12-19 22:29:14
500103048,29,9,20,2024-12-19 22:28:15
500106097,29,9,20,2024-12-19 22:29:14
500113019,29,12,11,2024-12-19 22:33:15
500106097,29,7,22,2024-12-19 21:26:16
500104007,29,16,13,2024-12-19 21:39:15
500105016,29,20,9,2024-12-19 02:21:15
500108081,29,3,26,2024-12-19 22:08:14
500106120,29,25,4,2024-12-19 22:09:15
500107083,29,26,0,2024-12-19 22:09:15
500107083,29,26,1,2024-12-19 01:24:14
500106097,29,7,22,2024-12-19 21:56:15
500101124,29,13,14,2024-12-19 21:57:15
500105090,29,2,26,2024-12-19 03:41:15
500101124,29,4,24,2024-12-19 00:42:15
500105016,29,19,10,2024-12-19 01:38:15
500110033,29,21,8,2024-12-19 01:26:15
500104007,29,10,19,2024-12-19 22:40:15
500113064,29,16,12,2024-12-19 22:46:15
500110033,29,27,2,2024-12-19 22:46:15
500107083,29,26,0,2024-12-19 22:24:15
500101124,29,14,13,2024-12-19 22:59:14
500106038,29,17,4,2024-12-19 12:08:15
500110033,29,25,4,2024-12-19 12:46:15
500111088,29,25,4,2024-12-19 11:45:15
500101124,29,21,6,2024-12-19 11:37:15
500106038,29,13,8,2024-12-19 10:00:18
500110033,29,20,9,2024-12-19 10:17:16
500107061,29,17,10,2024-12-19 09:19:15
500109076,29,18,10,2024-12-19 09:06:15
500110033,29,18,11,2024-12-19 09:55:17
500109076,29,16,12,2024-12-19 10:05:16
500104007,29,12,17,2024-12-19 12:16:15
500108025,29,10,17,2024-12-19 12:06:15
500113064,29,11,17,2024-12-19 09:49:15
500106072,29,11,18,2024-12-19 09:51:14
500106072,29,10,19,2024-12-19 09:37:15
500107101,29,10,19,2024-12-19 10:58:16
500113064,29,9,19,2024-12-19 11:18:16
500113064,29,8,20,2024-12-19 09:06:15
500108025,29,6,21,2024-12-19 11:26:15
500108081,29,8,21,2024-12-19 12:01:16
500108081,29,7,22,2024-12-19 12:47:15
500105016,29,6,23,2024-12-19 12:48:15
500106120,29,4,23,2024-12-19 13:02:14
500105016,29,4,25,2024-12-19 11:18:16
500106072,29,4,25,2024-12-19 12:29:16
500106120,29,2,25,2024-12-19 09:06:14
500106120,29,2,25,2024-12-19 11:25:15
500108081,29,4,25,2024-12-19 09:41:15
500103048,29,3,26,2024-12-19 09:01:15
500106120,29,1,26,2024-12-19 11:43:15
500106120,29,1,26,2024-12-19 12:04:16
500107101,29,3,26,2024-12-19 11:57:15
500101126,29,2,27,2024-12-19 12:07:15
500103048,29,2,27,2024-12-19 11:44:15
500101126,29,1,28,2024-12-19 10:44:16
500106072,29,1,28,2024-12-19 13:08:15
500107083,29,1,28,2024-12-19 12:27:15
500107083,29,1,28,2024-12-19 12:04:15
500101126,29,0,29,2024-12-19 10:33:15
500104007,29,29,0,2024-12-19 18:46:15
500101126,29,22,7,2024-12-19 20:46:15
500104007,29,22,7,2024-12-19 19:55:16
500106038,29,22,7,2024-12-19 18:08:16
500107061,29,22,7,2024-12-19 18:47:16
500113019,29,16,7,2024-12-19 21:19:16
500110033,29,21,8,2024-12-19 20:44:15
500101124,29,17,10,2024-12-19 17:46:15
500107083,29,16,10,2024-12-19 21:09:16
500101124,29,16,11,2024-12-19 18:37:15
500106120,29,17,12,2024-12-19 21:07:16
500113019,29,16,12,2024-12-19 18:01:16
500101126,29,14,15,2024-12-19 19:15:16
500108036,29,13,16,2024-12-19 17:37:16
500108036,29,13,16,2024-12-19 17:45:16
500106097,29,12,17,2024-12-19 17:28:14
500101126,29,11,18,2024-12-19 18:57:15
500103048,29,11,18,2024-12-19 20:10:17
500106038,29,11,18,2024-12-19 20:49:15
500110033,29,11,18,2024-12-19 20:13:15
500101126,29,10,19,2024-12-19 18:47:16
500106072,29,10,19,2024-12-19 17:56:16
500105016,29,9,20,2024-12-19 20:18:15
500110033,29,9,20,2024-12-19 18:18:16
500106072,29,8,21,2024-12-19 17:47:16
500108025,29,6,21,2024-12-19 17:37:16
500110033,29,8,21,2024-12-19 18:58:16
500105090,29,7,22,2024-12-19 21:06:15
500106072,29,7,22,2024-12-19 20:32:15
500108081,29,6,23,2024-12-19 19:56:15
500111088,29,6,23,2024-12-19 17:36:15
500105016,29,5,24,2024-12-19 18:46:15
500105016,29,5,24,2024-12-19 18:53:15
500108081,29,5,24,2024-12-19 17:48:15
500106120,29,4,25,2024-12-19 17:57:15
500107101,29,4,25,2024-12-19 20:27:15
500107101,29,4,25,2024-12-19 18:38:16
500107101,29,3,26,2024-12-19 17:46:15
500109076,29,2,26,2024-12-19 18:27:15
500106120,29,2,27,2024-12-19 17:23:15
500108025,29,0,27,2024-12-19 18:28:16
500109076,29,1,27,2024-12-19 17:46:15
500109076,29,1,27,2024-12-19 18:48:15
500106072,29,1,28,2024-12-19 19:38:14
500106038,29,16,5,2024-12-19 14:55:16
500101124,29,20,7,2024-12-19 14:38:15
500106097,29,22,7,2024-12-19 14:54:15
500110033,29,20,9,2024-12-19 14:57:15
500101124,29,16,11,2024-12-19 17:17:16
500104073,29,18,11,2024-12-19 14:56:15
500107061,29,18,11,2024-12-19 16:04:15
500104073,29,17,12,2024-12-19 14:44:15
500108177,29,17,12,2024-12-19 17:12:16
500104073,29,16,13,2024-12-19 13:51:15
500109076,29,11,17,2024-12-19 14:55:16
500103048,29,10,19,2024-12-19 17:17:16
500103048,29,8,21,2024-12-19 17:08:16
500109076,29,7,21,2024-12-19 16:18:16
500101126,29,7,22,2024-12-19 16:07:15
500101126,29,7,22,2024-12-19 16:22:16
500105016,29,7,22,2024-12-19 16:57:16
500105016,29,7,22,2024-12-19 17:16:16
500108081,29,7,22,2024-12-19 13:41:15
500107083,29,6,23,2024-12-19 16:38:14
500107083,29,6,23,2024-12-19 14:52:16
500106072,29,5,24,2024-12-19 15:56:15
500106072,29,5,24,2024-12-19 13:39:16
500106072,29,5,24,2024-12-19 16:35:15
500106072,29,5,24,2024-12-19 17:08:15
500107101,29,5,24,2024-12-19 15:38:15
500101126,29,3,26,2024-12-19 14:16:16
500101126,29,3,26,2024-12-19 14:42:15
500101126,29,1,28,2024-12-19 13:42:15
500103048,29,1,28,2024-12-19 14:48:15
500103048,29,0,29,2024-12-19 14:08:15
500103048,29,0,29,2024-12-19 14:38:16
500101124,29,9,18,2024-12-19 21:48:16
500107061,29,24,3,2024-12-19 07:10:16
500106038,29,15,4,2024-12-19 08:14:16
500108025,29,24,4,2024-12-19 08:03:15
500107061,29,23,5,2024-12-19 05:49:15
500113019,29,15,8,2024-12-19 08:17:15
500104073,29,20,9,2024-12-19 08:16:15
500104073,29,20,9,2024-12-19 07:47:15
500106120,29,19,9,2024-12-19 07:15:17
500106038,29,9,10,2024-12-19 08:03:15
500109076,29,18,10,2024-12-19 08:06:16
500110033,29,19,10,2024-12-19 08:26:15
500104073,29,16,11,2024-12-19 08:47:15
500109076,29,17,11,2024-12-19 08:55:16
500101124,29,16,12,2024-12-19 08:27:16
500108177,29,16,13,2024-12-19 08:44:15
500110033,29,14,15,2024-12-19 07:27:15
500113064,29,13,15,2024-12-19 08:03:15
500106097,29,12,17,2024-12-19 08:37:15
500101124,29,10,18,2024-12-19 07:54:15
500113064,29,10,18,2024-12-19 06:05:16
500101126,29,8,19,2024-12-19 06:56:15
500113019,29,2,21,2024-12-19 07:57:16
500103048,29,7,22,2024-12-19 07:15:17
500106120,29,2,26,2024-12-19 07:46:15
500107101,29,3,26,2024-12-19 07:46:15
500106072,29,2,27,2024-12-19 07:34:15
500107101,29,2,27,2024-12-19 06:26:15
500103048,29,1,28,2024-12-19 08:56:16
500101126,29,14,15,2024-12-19 00:03:15
500105016,29,18,11,2024-12-19 00:10:16
500104073,29,16,12,2024-12-19 00:01:16
500101124,29,3,25,2024-12-19 01:10:16
500104073,29,16,6,2024-12-19 22:33:15
500106120,29,17,12,2024-12-19 21:33:16
500101126,29,23,6,2024-12-19 21:39:15
500104007,29,23,6,2024-12-19 02:23:15
500101124,29,1,27,2024-12-19 03:12:14
500110033,29,26,3,2024-12-19 04:11:15
500109076,29,2,26,2024-12-19 21:57:15
500110033,29,24,5,2024-12-19 22:09:15
500113019,29,22,1,2024-12-19 21:58:15
500106120,29,22,7,2024-12-19 21:57:15
500101126,29,23,6,2024-12-19 21:57:15
500107083,29,25,1,2024-12-19 23:58:15
500104073,29,18,4,2024-12-19 22:46:15
500107083,29,25,1,2024-12-19 22:16:15
500101126,29,20,9,2024-12-19 22:58:15
500111088,29,29,0,2024-12-19 08:55:16
500106097,29,24,5,2024-12-19 10:39:16
500101124,29,22,6,2024-12-19 10:48:15
500104073,29,21,7,2024-12-19 10:26:14
500110033,29,21,8,2024-12-19 10:07:15
500106097,29,19,10,2024-12-19 12:18:15
500107061,29,15,12,2024-12-19 09:55:17
500107061,29,15,12,2024-12-19 10:43:16
500107061,29,15,14,2024-12-19 12:16:15
500110033,29,15,14,2024-12-19 11:48:15
500107061,29,13,16,2024-12-19 10:54:15
500107101,29,11,18,2024-12-19 11:08:15
500107101,29,11,18,2024-12-19 11:23:15
500107101,29,10,19,2024-12-19 10:26:14
500104007,29,8,21,2024-12-19 11:48:15
500104007,29,7,22,2024-12-19 10:58:16
500108025,29,5,22,2024-12-19 11:16:15
500108081,29,7,22,2024-12-19 11:07:16
500101126,29,6,23,2024-12-19 09:27:15
500106072,29,6,23,2024-12-19 09:26:15
500113064,29,5,23,2024-12-19 12:25:16
500113064,29,5,23,2024-12-19 11:44:15
500107101,29,5,24,2024-12-19 12:17:16
500108081,29,5,24,2024-12-19 09:06:15
500108081,29,4,25,2024-12-19 09:25:16
500106072,29,3,26,2024-12-19 11:48:15
500103048,29,2,27,2024-12-19 12:47:15
500106120,29,0,27,2024-12-19 10:13:16
500107083,29,2,27,2024-12-19 11:38:15
500101126,29,1,28,2024-12-19 11:48:15
500106072,29,1,28,2024-12-19 10:37:16
500107083,29,0,29,2024-12-19 11:13:15
500107101,29,0,29,2024-12-19 09:27:15
500104007,29,24,5,2024-12-19 17:28:14
500107083,29,20,6,2024-12-19 21:19:16
500108036,29,22,7,2024-12-19 20:41:15
500110033,29,22,7,2024-12-19 21:19:16
500101126,29,21,8,2024-12-19 19:56:16
500113019,29,19,9,2024-12-19 18:26:15
500101126,29,19,10,2024-12-19 20:29:15
500101124,29,16,11,2024-12-19 18:26:16
500106038,29,17,12,2024-12-19 19:07:15
500106120,29,17,12,2024-12-19 19:19:15
500107061,29,16,13,2024-12-19 17:47:16
500108025,29,13,14,2024-12-19 20:46:16
500113064,29,14,14,2024-12-19 18:05:16
500101124,29,12,15,2024-12-19 21:19:16
500103048,29,13,16,2024-12-19 20:46:16
500103048,29,13,16,2024-12-19 18:37:15
500110033,29,13,16,2024-12-19 17:59:14
500104073,29,8,17,2024-12-19 20:11:16
500108025,29,10,17,2024-12-19 17:26:14
500101124,29,9,18,2024-12-19 20:49:15
500101124,29,9,18,2024-12-19 21:09:16
500103048,29,10,19,2024-12-19 20:03:15
500106097,29,9,20,2024-12-19 19:24:15
500113019,29,2,20,2024-12-19 19:59:16
500107101,29,8,21,2024-12-19 17:56:15
500108081,29,7,22,2024-12-19 20:50:16
500110033,29,7,22,2024-12-19 17:28:15
500105090,29,5,24,2024-12-19 18:46:15
500104073,29,4,25,2024-12-19 18:07:16
500106072,29,4,25,2024-12-19 18:35:16
500106097,29,4,25,2024-12-19 20:30:17
500108025,29,2,25,2024-12-19 17:57:15
500108025,29,2,25,2024-12-19 19:05:16
500106120,29,2,27,2024-12-19 17:48:15
500106072,29,0,29,2024-12-19 19:07:15
500111088,29,26,3,2024-12-19 13:18:14
500111088,29,22,7,2024-12-19 16:18:16
500105090,29,20,8,2024-12-19 13:47:15
500101124,29,18,9,2024-12-19 15:08:15
500101124,29,18,9,2024-12-19 15:21:15
500104073,29,20,9,2024-12-19 17:06:16
500104073,29,19,10,2024-12-19 16:37:15
500104007,29,18,11,2024-12-19 16:01:15
500104007,29,16,13,2024-12-19 13:22:15
500104007,29,16,13,2024-12-19 13:31:15
500101126,29,12,17,2024-12-19 16:58:15
500111088,29,12,17,2024-12-19 16:40:16
500109076,29,10,18,2024-12-19 13:31:15
500110033,29,11,18,2024-12-19 15:39:15
500109076,29,8,20,2024-12-19 16:07:15
500109076,29,8,20,2024-12-19 15:08:15
500113019,29,8,20,2024-12-19 13:14:15
500113019,29,8,20,2024-12-19 14:57:15
500107083,29,7,22,2024-12-19 15:51:14
500108081,29,7,22,2024-12-19 16:45:16
500103048,29,5,24,2024-12-19 16:31:15
500103048,29,3,26,2024-12-19 16:25:16
500103048,29,3,26,2024-12-19 15:31:15
500106072,29,3,26,2024-12-19 16:16:15
500101126,29,2,27,2024-12-19 13:29:15
500106120,29,2,27,2024-12-19 16:11:15
500103048,29,1,28,2024-12-19 15:45:16
500103048,29,11,18,2024-12-19 21:49:15
500106097,29,25,4,2024-12-19 08:56:16
500113064,29,24,4,2024-12-19 07:27:14
500110033,29,24,5,2024-12-19 06:08:14
500104007,29,22,7,2024-12-19 06:46:14
500106038,29,10,9,2024-12-19 07:55:17
500104073,29,19,10,2024-12-19 08:21:16
500113019,29,16,13,2024-12-19 08:55:16
500113064,29,15,13,2024-12-19 08:35:16
500105016,29,15,14,2024-12-19 06:09:15
500108025,29,13,15,2024-12-19 08:53:15
500105090,29,12,16,2024-12-19 08:03:15
500108081,29,12,17,2024-12-19 08:22:15
500110033,29,12,17,2024-12-19 07:45:16
500108177,29,11,18,2024-12-19 07:48:15
500113064,29,10,18,2024-12-19 06:15:16
500104007,29,10,19,2024-12-19 08:26:15
500105090,29,8,20,2024-12-19 07:32:15
500108025,29,8,20,2024-12-19 08:33:16
500108177,29,9,20,2024-12-19 07:23:15
500113064,29,8,20,2024-12-19 06:44:15
500101124,29,7,21,2024-12-19 06:21:15
500108036,29,8,21,2024-12-19 07:37:15
500109076,29,7,21,2024-12-19 06:53:15
500113019,29,2,21,2024-12-19 08:02:15
500106038,29,6,23,2024-12-19 06:47:15
500106072,29,2,27,2024-12-19 06:49:14
500103048,29,1,28,2024-12-19 07:56:15
500105016,29,1,28,2024-12-19 08:24:15
500106072,29,1,28,2024-12-19 08:57:16
500101126,29,0,29,2024-12-19 08:37:16
500106038,29,0,29,2024-12-19 00:51:15
500106120,29,27,1,2024-12-19 00:40:16
500107101,29,2,27,2024-12-19 00:10:15
500110033,29,23,6,2024-12-19 00:25:16
500113064,29,15,13,2024-12-19 22:57:15
500106120,29,17,12,2024-12-19 23:49:15
500103048,29,7,22,2024-12-19 00:42:15
500104007,29,22,6,2024-12-19 01:04:14
500106038,29,3,26,2024-12-19 23:14:15
500106072,29,8,21,2024-12-19 22:58:15
500104073,29,12,8,2024-12-19 23:09:16
500113064,29,15,13,2024-12-19 22:38:14
500107101,29,3,26,2024-12-19 21:37:15
500107061,29,19,10,2024-12-19 21:27:15
500107083,29,25,1,2024-12-19 21:37:16
500106038,29,2,27,2024-12-19 02:48:14
500105090,29,3,26,2024-12-19 02:23:15
500107101,29,4,25,2024-12-19 01:19:15
500101126,29,15,14,2024-12-19 02:48:14
500110033,29,21,8,2024-12-19 02:57:14
500107083,29,26,1,2024-12-19 01:57:15
500107101,29,4,25,2024-12-19 03:18:14
500113064,29,12,16,2024-12-19 22:04:15
500104007,29,12,17,2024-12-19 22:00:16
500108025,29,11,16,2024-12-19 21:59:15
500106038,29,7,22,2024-12-19 23:46:15
500108081,29,19,10,2024-12-19 23:41:14
500101126,29,14,15,2024-12-19 01:06:15
500105016,29,19,10,2024-12-19 00:47:15
500104073,29,20,9,2024-12-19 00:25:17
500109076,29,3,25,2024-12-19 22:45:15
500105016,29,10,19,2024-12-19 22:10:17
500110033,29,26,3,2024-12-19 22:19:15
500101126,29,14,13,2024-12-19 04:41:15
500110033,29,23,6,2024-12-19 04:05:15
500104007,29,12,17,2024-12-19 23:31:15
500104073,29,13,7,2024-12-19 23:26:15
500111088,29,26,3,2024-12-19 11:18:16
500101124,29,24,4,2024-12-19 10:22:16
500106038,29,17,4,2024-12-19 12:36:14
500106038,29,17,4,2024-12-19 11:18:15
500106097,29,25,4,2024-12-19 10:23:15
500106097,29,25,4,2024-12-19 10:49:16
500106038,29,16,5,2024-12-19 12:27:14
500111088,29,24,5,2024-12-19 11:20:16
500106038,29,15,6,2024-12-19 11:54:15
500106038,29,14,7,2024-12-19 10:14:15
500101124,29,19,8,2024-12-19 11:58:16
500105090,29,18,10,2024-12-19 09:40:16
500107061,29,14,15,2024-12-19 11:49:16
500109076,29,12,16,2024-12-19 11:28:16
500104007,29,12,17,2024-12-19 09:06:15
500104007,29,11,18,2024-12-19 12:47:15
500113064,29,10,18,2024-12-19 09:42:15
500113064,29,10,18,2024-12-19 10:13:16
500109076,29,9,19,2024-12-19 12:19:16
500113064,29,8,20,2024-12-19 10:34:15
500104007,29,7,22,2024-12-19 11:05:16
500105016,29,6,23,2024-12-19 13:08:15
500108025,29,4,23,2024-12-19 10:59:15
500101126,29,5,24,2024-12-19 09:36:14
500107083,29,5,24,2024-12-19 10:20:16
500103048,29,4,25,2024-12-19 11:34:15
500103048,29,3,26,2024-12-19 10:24:15
500103048,29,3,26,2024-12-19 10:42:15
500103048,29,3,26,2024-12-19 10:58:16
500106120,29,1,26,2024-12-19 09:26:15
500101126,29,2,27,2024-12-19 12:41:15
500106072,29,2,27,2024-12-19 10:26:14
500106120,29,0,27,2024-12-19 11:38:15
500107083,29,0,27,2024-12-19 09:40:19
500101126,29,1,28,2024-12-19 11:50:19
500103048,29,0,29,2024-12-19 11:08:15
500105016,29,0,29,2024-12-19 09:37:15
500106072,29,0,29,2024-12-19 11:33:17
500106038,29,21,0,2024-12-19 17:37:16
500104007,29,25,4,2024-12-19 17:36:15
500104007,29,25,4,2024-12-19 18:08:16
500106038,29,25,4,2024-12-19 17:45:16
500104007,29,23,6,2024-12-19 20:22:15
500104007,29,23,6,2024-12-19 20:38:15
500104007,29,22,7,2024-12-19 20:53:15
500101124,29,17,10,2024-12-19 17:33:16
500104073,29,15,10,2024-12-19 20:55:17
500113064,29,16,12,2024-12-19 18:28:16
500106120,29,16,13,2024-12-19 20:56:15
500108177,29,16,13,2024-12-19 17:27:16
500103048,29,15,14,2024-12-19 21:15:16
500103048,29,15,14,2024-12-19 18:45:16
500106038,29,15,14,2024-12-19 20:09:15
500106120,29,15,14,2024-12-19 20:39:16
500113064,29,14,14,2024-12-19 20:58:14
500104073,29,10,15,2024-12-19 19:56:15
500107083,29,14,15,2024-12-19 18:56:15
500108025,29,12,15,2024-12-19 20:55:17
500113064,29,13,15,2024-12-19 17:58:16
500103048,29,13,16,2024-12-19 17:27:16
500113019,29,8,16,2024-12-19 18:58:16
500104073,29,8,17,2024-12-19 20:38:15
500104073,29,8,17,2024-12-19 19:38:15
500106038,29,12,17,2024-12-19 20:27:15
500101124,29,9,18,2024-12-19 20:15:16
500106120,29,9,20,2024-12-19 18:36:16
500110033,29,9,20,2024-12-19 18:08:16
500105090,29,8,21,2024-12-19 20:20:16
500107083,29,8,21,2024-12-19 18:48:15
500108081,29,8,21,2024-12-19 17:28:15
500105090,29,6,23,2024-12-19 17:59:15
500105016,29,5,24,2024-12-19 17:26:15
500107101,29,4,25,2024-12-19 17:27:16
500109076,29,3,25,2024-12-19 17:08:16
500109076,29,2,26,2024-12-19 20:18:15
500107101,29,2,27,2024-12-19 17:36:15
500107083,29,0,29,2024-12-19 17:32:16
500106038,29,14,7,2024-12-19 16:22:16
500104007,29,19,10,2024-12-19 15:49:14
500104073,29,19,10,2024-12-19 16:18:15
500105090,29,18,11,2024-12-19 16:10:16
500104007,29,16,13,2024-12-19 14:48:15
500113019,29,14,14,2024-12-19 16:53:15
500108025,29,10,17,2024-12-19 16:45:17
500113019,29,11,17,2024-12-19 16:12:15
500103048,29,8,21,2024-12-19 16:52:15
500110033,29,8,21,2024-12-19 17:08:16
500107101,29,7,22,2024-12-19 14:09:15
500106072,29,6,23,2024-12-19 14:01:15
500107083,29,6,23,2024-12-19 16:24:15
500107101,29,6,23,2024-12-19 14:32:15
500113064,29,5,23,2024-12-19 16:44:15
500106120,29,5,24,2024-12-19 13:55:16
500107101,29,4,25,2024-12-19 13:29:15
500103048,29,1,28,2024-12-19 13:56:15
500103048,29,1,28,2024-12-19 15:04:15
500107083,29,1,28,2024-12-19 13:48:16
500107083,29,0,29,2024-12-19 17:06:15
500106120,29,20,9,2024-12-19 21:49:15
500110033,29,25,4,2024-12-19 21:49:15
500106038,29,18,1,2024-12-19 08:22:15
500110033,29,28,1,2024-12-19 08:57:15
500107083,29,21,4,2024-12-19 05:15:15
500104007,29,24,5,2024-12-19 07:47:15
500104007,29,24,5,2024-12-19 06:15:16
500111088,29,24,5,2024-12-19 08:25:16
500104073,29,21,8,2024-12-19 05:45:15
500108081,29,21,8,2024-12-19 07:25:15
500113019,29,21,8,2024-12-19 08:27:16
500109076,29,19,9,2024-12-19 08:33:16
500105090,29,18,10,2024-12-19 08:16:15
500105016,29,18,11,2024-12-19 05:24:14
500108177,29,18,11,2024-12-19 08:56:16
500109076,29,17,11,2024-12-19 08:03:15
500104073,29,17,12,2024-12-19 07:56:15
500108025,29,15,13,2024-12-19 07:46:15
500101126,29,12,15,2024-12-19 06:18:15
500101126,29,11,16,2024-12-19 06:29:15
500113064,29,11,17,2024-12-19 05:34:15
500104007,29,11,18,2024-12-19 08:17:15
500108081,29,9,20,2024-12-19 08:47:15
500105090,29,7,21,2024-12-19 07:23:15
500111088,29,8,21,2024-12-19 06:49:14
500106097,29,7,22,2024-12-19 07:47:15
500107083,29,5,22,2024-12-19 07:47:15
500108177,29,7,22,2024-12-19 06:31:15
500107083,29,1,24,2024-12-19 06:34:15
500107083,29,1,24,2024-12-19 06:27:15
500107101,29,4,25,2024-12-19 08:47:15
500108025,29,3,25,2024-12-19 06:30:17
500106072,29,3,26,2024-12-19 06:35:15
500101126,29,0,27,2024-12-19 07:33:15
500105016,29,2,27,2024-12-19 08:35:16
500106120,29,0,27,2024-12-19 08:24:15
500109076,29,1,27,2024-12-19 05:29:15
500108036,29,1,28,2024-12-19 08:36:14
500108081,29,15,14,2024-12-19 00:00:16
500106072,29,8,21,2024-12-19 23:38:15
500110033,29,20,9,2024-12-19 01:02:15
500108025,29,9,18,2024-12-19 22:11:15
500103048,29,11,18,2024-12-19 23:13:14
500104007,29,11,18,2024-12-19 23:01:15
500101124,29,14,13,2024-12-19 22:31:16
500106072,29,0,29,2024-12-19 02:33:16
500105090,29,3,25,2024-12-19 03:54:15
500108025,29,3,25,2024-12-19 03:39:14
500103048,29,9,20,2024-12-19 03:46:15
500106097,29,8,21,2024-12-19 22:06:14
500105016,29,9,20,2024-12-19 21:46:15
500103048,29,10,19,2024-12-19 22:01:15
500101124,29,12,15,2024-12-19 22:09:15
500113064,29,14,14,2024-12-19 00:58:14
500113019,29,16,3,2024-12-19 00:51:14
500103048,29,8,21,2024-12-19 02:26:15
500106038,29,2,27,2024-12-19 22:45:16
500101124,29,15,12,2024-12-19 22:26:15
500111088,29,28,1,2024-12-19 11:07:16
500106097,29,27,2,2024-12-19 11:26:14
500106097,29,26,3,2024-12-19 09:26:15
500106097,29,25,4,2024-12-19 09:51:14
500106038,29,14,5,2024-12-19 09:07:15
500106038,29,16,5,2024-12-19 12:15:16
500106038,29,15,6,2024-12-19 10:56:14
500110033,29,23,6,2024-12-19 12:28:15
500101124,29,20,7,2024-12-19 12:07:16
500104073,29,20,7,2024-12-19 09:08:15
500110033,29,21,8,2024-12-19 12:56:15
500104073,29,19,9,2024-12-19 11:02:15
500105090,29,19,9,2024-12-19 10:07:16
500110033,29,20,9,2024-12-19 10:49:16
500108177,29,19,10,2024-12-19 09:01:15
500110033,29,17,12,2024-12-19 11:26:14
500108025,29,15,13,2024-12-19 09:07:15
500107061,29,15,14,2024-12-19 11:08:15
500109076,29,14,14,2024-12-19 11:06:15
500108036,29,14,15,2024-12-19 09:26:15
500104007,29,13,16,2024-12-19 12:36:14
500104007,29,12,17,2024-12-19 09:56:16
500108025,29,10,17,2024-12-19 13:08:15
500104007,29,11,18,2024-12-19 12:53:14
500108025,29,9,18,2024-12-19 11:54:15
500108036,29,11,18,2024-12-19 11:57:16
500109076,29,9,19,2024-12-19 12:58:15
500104007,29,9,20,2024-12-19 12:08:15
500107101,29,9,20,2024-12-19 11:18:16
500109076,29,8,20,2024-12-19 13:08:15
500113019,29,9,20,2024-12-19 10:03:15
500103048,29,8,21,2024-12-19 09:41:15
500113019,29,7,22,2024-12-19 12:49:15
500113064,29,6,22,2024-12-19 11:37:15
500104007,29,5,24,2024-12-19 11:18:15
500106120,29,2,25,2024-12-19 12:41:15
500107101,29,4,25,2024-12-19 12:36:15
500105016,29,3,26,2024-12-19 11:06:15
500108081,29,3,26,2024-12-19 09:29:15
500107083,29,1,28,2024-12-19 12:49:15
500107101,29,1,28,2024-12-19 09:56:16
500101126,29,0,29,2024-12-19 12:27:15
500101126,29,0,29,2024-12-19 09:05:16
500107083,29,0,29,2024-12-19 13:08:16
500106072,29,0,29,2024-12-19 02:31:14
500104007,29,24,5,2024-12-19 20:10:17
500104007,29,23,6,2024-12-19 20:44:15
500101126,29,22,7,2024-12-19 20:59:15
500104007,29,22,7,2024-12-19 17:58:16
500108025,29,20,7,2024-12-19 19:58:15
500113064,29,21,7,2024-12-19 19:06:16
500104007,29,21,8,2024-12-19 21:09:16
500107061,29,20,9,2024-12-19 20:38:15
500113064,29,18,10,2024-12-19 18:48:15
500107061,29,18,11,2024-12-19 20:09:15
500107083,29,18,11,2024-12-19 19:06:16
500113019,29,11,11,2024-12-19 20:54:14
500101124,29,15,12,2024-12-19 18:16:16
500106120,29,16,13,2024-12-19 19:25:15
500113019,29,15,13,2024-12-19 18:18:16
500113019,29,7,15,2024-12-19 20:26:16
500103048,29,13,16,2024-12-19 17:38:16
500103048,29,13,16,2024-12-19 19:01:15
500113019,29,8,16,2024-12-19 19:07:15
500103048,29,12,17,2024-12-19 20:28:15
500106038,29,12,17,2024-12-19 20:37:16
500108177,29,12,17,2024-12-19 17:37:16
500104073,29,7,18,2024-12-19 19:28:15
500101124,29,8,19,2024-12-19 19:46:15
500106097,29,10,19,2024-12-19 19:36:15
500113064,29,9,19,2024-12-19 19:49:15
500108177,29,9,20,2024-12-19 17:44:15
500113019,29,4,20,2024-12-19 18:46:15
500108177,29,8,21,2024-12-19 19:00:18
500101126,29,7,22,2024-12-19 17:38:16
500113064,29,6,22,2024-12-19 17:28:15
500104073,29,2,23,2024-12-19 18:16:16
500105016,29,6,23,2024-12-19 21:15:16
500107101,29,6,23,2024-12-19 18:16:16
500108081,29,6,23,2024-12-19 20:31:15
500104073,29,1,24,2024-12-19 18:58:16
500106097,29,5,24,2024-12-19 21:20:16
500107083,29,5,24,2024-12-19 18:29:16
500105016,29,4,25,2024-12-19 18:36:16
500106120,29,4,25,2024-12-19 17:38:16
500106120,29,4,25,2024-12-19 18:04:16
500107101,29,4,25,2024-12-19 20:13:15
500108081,29,4,25,2024-12-19 18:51:16
500105016,29,3,26,2024-12-19 17:56:16
500107101,29,3,26,2024-12-19 20:36:15
500108081,29,3,26,2024-12-19 18:38:16
500109076,29,2,26,2024-12-19 19:56:16
500107083,29,1,28,2024-12-19 18:03:15
500111088,29,0,29,2024-12-19 19:04:15
500104007,29,24,5,2024-12-19 16:34:15
500106097,29,23,6,2024-12-19 13:24:15
500106097,29,14,15,2024-12-19 17:16:16
500108025,29,12,15,2024-12-19 15:52:15
500110033,29,14,15,2024-12-19 15:24:15
500111088,29,14,15,2024-12-19 16:36:15
500108025,29,11,16,2024-12-19 17:09:15
500109076,29,12,16,2024-12-19 14:15:16
500113019,29,11,17,2024-12-19 16:34:16
500109076,29,9,19,2024-12-19 15:49:14
500113019,29,9,19,2024-12-19 14:21:14
500107101,29,8,21,2024-12-19 16:26:15
500107083,29,7,22,2024-12-19 16:14:15
500109076,29,6,22,2024-12-19 16:21:15
500105016,29,6,23,2024-12-19 15:57:15
500103048,29,4,25,2024-12-19 16:39:15
500106072,29,3,26,2024-12-19 13:15:15
500107083,29,3,26,2024-12-19 14:06:15
500103048,29,2,27,2024-12-19 16:05:16
500101126,29,1,28,2024-12-19 13:21:16
500103048,29,1,28,2024-12-19 13:38:15
500107101,29,2,27,2024-12-19 21:49:14
500113019,29,19,4,2024-12-19 21:49:15
500111088,29,25,4,2024-12-19 08:17:15
500107061,29,22,5,2024-12-19 08:00:16
500101124,29,21,7,2024-12-19 08:37:15
500104073,29,22,7,2024-12-19 04:45:15
500106120,29,20,8,2024-12-19 06:47:15
500110033,29,21,8,2024-12-19 06:38:15
500110033,29,20,9,2024-12-19 06:52:15
500104073,29,19,10,2024-12-19 06:14:15
500109076,29,18,10,2024-12-19 07:46:15
500105016,29,17,12,2024-12-19 05:49:15
500104073,29,16,13,2024-12-19 06:54:16
500104073,29,16,13,2024-12-19 07:37:15
500101126,29,13,14,2024-12-19 05:01:14
500104007,29,15,14,2024-12-19 07:56:15
500110033,29,15,14,2024-12-19 07:31:16
500108081,29,14,15,2024-12-19 06:55:16
500104007,29,13,16,2024-12-19 08:03:15
500107083,29,11,16,2024-12-19 07:35:16
500108025,29,12,16,2024-12-19 08:44:16
500104007,29,12,17,2024-12-19 08:57:15
500101124,29,10,18,2024-12-19 07:44:15
500106038,29,11,18,2024-12-19 07:16:15
500113064,29,9,19,2024-12-19 08:56:16
500103048,29,9,20,2024-12-19 06:43:15
500103048,29,9,20,2024-12-19 06:56:15
500108081,29,8,21,2024-12-19 08:57:15
500109076,29,7,21,2024-12-19 07:16:15
500106038,29,7,22,2024-12-19 07:36:14
500108036,29,7,22,2024-12-19 07:38:14
500108177,29,7,22,2024-12-19 07:10:16
500109076,29,6,22,2024-12-19 06:47:15
500107101,29,6,23,2024-12-19 07:57:16
500106120,29,1,26,2024-12-19 08:45:16
500107101,29,3,26,2024-12-19 06:39:15
500108025,29,2,26,2024-12-19 06:26:15
500106038,29,2,27,2024-12-19 06:36:14
500106120,29,0,27,2024-12-19 08:13:15
500108036,29,2,27,2024-12-19 08:41:15
500101124,29,0,28,2024-12-19 05:01:15
500103048,29,0,29,2024-12-19 08:17:15
500103048,29,0,29,2024-12-19 08:19:16
500101126,29,14,15,2024-12-19 00:11:14
500107101,29,4,25,2024-12-19 00:29:15
500113064,29,14,14,2024-12-19 00:36:15
500113019,29,14,9,2024-12-19 23:34:14
500105016,29,18,11,2024-12-19 00:06:15
500113064,29,13,15,2024-12-19 00:55:16
500107060,30,2,28,2024-12-19 23:06:15
500111035,30,21,9,2024-12-19 23:59:15
500109003,30,7,23,2024-12-19 23:31:15
500105069,30,10,19,2024-12-19 22:11:15
500106084,30,15,15,2024-12-19 23:38:15
500104074,30,26,3,2024-12-19 23:27:14
500107060,30,0,30,2024-12-19 00:06:15
500110073,30,0,30,2024-12-19 00:41:15
500105028,30,13,17,2024-12-19 01:11:15
500101125,30,2,17,2024-12-19 23:19:15
500103001,30,8,22,2024-12-19 23:13:14
500108188,30,11,19,2024-12-19 23:16:15
500111012,30,13,17,2024-12-19 23:19:15
500106084,30,16,14,2024-12-19 23:00:17
500110032,30,16,14,2024-12-19 23:12:15
500111015,30,21,9,2024-12-19 22:29:14
500103025,30,1,28,2024-12-19 22:32:14
500108140,30,4,26,2024-12-19 21:44:15
500101142,30,10,20,2024-12-19 22:34:15
500113041,30,13,17,2024-12-19 21:56:15
500110061,30,3,27,2024-12-19 21:33:16
500109086,30,6,24,2024-12-19 21:31:15
500108188,30,13,17,2024-12-19 21:27:14
500110032,30,13,17,2024-12-19 21:34:15
500109055,30,19,11,2024-12-19 21:37:15
500106084,30,22,8,2024-12-19 21:39:15
500108188,30,7,23,2024-12-19 02:53:15
500101159,30,15,15,2024-12-19 01:47:15
500111010,30,19,11,2024-12-19 01:29:15
500113036,30,20,9,2024-12-19 02:17:15
500107114,30,27,3,2024-12-19 03:00:16
500119009,30,30,0,2024-12-19 01:33:15
500107060,30,2,28,2024-12-19 03:22:14
500119054,30,3,27,2024-12-19 03:17:16
500110061,30,19,11,2024-12-19 04:11:15
500104074,30,27,1,2024-12-19 03:58:15
500119054,30,3,27,2024-12-19 22:06:15
500111035,30,15,15,2024-12-19 22:05:16
500105010,30,19,11,2024-12-19 22:04:15
500113069,30,11,19,2024-12-19 23:59:15
500110061,30,17,13,2024-12-19 23:56:14
500112070,30,1,29,2024-12-19 22:49:15
500119054,30,1,29,2024-12-19 22:41:15
500108188,30,10,20,2024-12-19 22:48:15
500110040,30,14,13,2024-12-19 22:45:16
500119009,30,29,1,2024-12-19 22:49:15
500105010,30,25,4,2024-12-19 04:34:15
500119009,30,30,0,2024-12-19 23:09:15
500107113,30,5,23,2024-12-19 22:13:15
500112067,30,6,23,2024-12-19 22:19:15
500106078,30,9,21,2024-12-19 22:15:16
500110073,30,2,28,2024-12-19 04:42:14
500113036,30,17,11,2024-12-19 04:39:15
500107076,30,15,15,2024-12-19 03:53:15
500105010,30,21,9,2024-12-19 22:26:15
500106084,30,21,9,2024-12-19 22:26:15
500119047,30,26,0,2024-12-19 12:18:15
500119054,30,26,0,2024-12-19 09:41:16
500101142,30,29,1,2024-12-19 10:47:16
500119047,30,25,1,2024-12-19 10:56:14
500101142,30,28,2,2024-12-19 11:37:15
500107115,30,28,2,2024-12-19 10:41:15
500108027,30,28,2,2024-12-19 09:36:14
500111011,30,28,2,2024-12-19 12:31:15
500101142,30,26,4,2024-12-19 11:53:16
500105069,30,26,4,2024-12-19 10:04:15
500109024,30,15,4,2024-12-19 10:34:15
500110032,30,21,4,2024-12-19 11:04:15
500110073,30,26,4,2024-12-19 12:05:17
500111011,30,26,4,2024-12-19 12:55:15
500119087,30,21,4,2024-12-19 11:27:15
500101142,30,25,5,2024-12-19 11:26:15
500119087,30,18,5,2024-12-19 12:38:15
500107060,30,23,7,2024-12-19 10:07:15
500107114,30,23,7,2024-12-19 10:48:15
500108043,30,21,8,2024-12-19 12:49:15
500110032,30,17,8,2024-12-19 09:56:16
500119087,30,17,8,2024-12-19 11:18:16
500108043,30,20,9,2024-12-19 10:29:15
500108083,30,21,9,2024-12-19 12:45:16
500105069,30,20,10,2024-12-19 10:53:16
500101026,30,19,11,2024-12-19 12:18:15
500109092,30,19,11,2024-12-19 11:44:15
500110032,30,14,11,2024-12-19 11:48:15
500110066,30,19,11,2024-12-19 10:18:15
500101026,30,18,12,2024-12-19 10:18:15
500103025,30,17,12,2024-12-19 10:19:16
500109024,30,7,12,2024-12-19 11:06:15
500107113,30,15,13,2024-12-19 10:08:15
500108043,30,16,13,2024-12-19 09:27:14
500108140,30,17,13,2024-12-19 12:02:16
500108140,30,17,13,2024-12-19 11:56:16
500101026,30,16,14,2024-12-19 09:32:15
500101026,30,16,14,2024-12-19 10:04:16
500104074,30,13,15,2024-12-19 11:16:15
500107060,30,15,15,2024-12-19 12:47:15
500107114,30,15,15,2024-12-19 09:44:15
500112070,30,14,15,2024-12-19 10:46:14
500119054,30,11,15,2024-12-19 11:26:15
500106084,30,14,16,2024-12-19 13:02:15
500110032,30,9,16,2024-12-19 12:57:14
500103001,30,13,17,2024-12-19 10:38:15
500107015,30,13,17,2024-12-19 12:54:15
500107015,30,13,17,2024-12-19 11:32:15
500107060,30,13,17,2024-12-19 10:27:17
500107113,30,11,17,2024-12-19 10:29:15
500119054,30,9,17,2024-12-19 11:38:15
500111012,30,12,18,2024-12-19 09:27:15
500106078,30,11,19,2024-12-19 08:59:15
500119087,30,9,19,2024-12-19 09:07:15
500104123,30,10,20,2024-12-19 09:05:16
500104123,30,10,20,2024-12-19 09:26:15
500106084,30,10,20,2024-12-19 12:01:16
500107060,30,10,20,2024-12-19 11:01:17
500108083,30,10,20,2024-12-19 10:07:16
500111010,30,10,20,2024-12-19 09:04:15
500111035,30,10,20,2024-12-19 12:48:14
500113041,30,10,20,2024-12-19 09:47:14
500101125,30,9,21,2024-12-19 12:17:15
500108049,30,8,21,2024-12-19 11:19:15
500108045,30,7,22,2024-12-19 11:00:19
500110040,30,6,22,2024-12-19 10:04:16
500111012,30,8,22,2024-12-19 09:36:15
500111015,30,8,22,2024-12-19 09:36:15
500112067,30,7,22,2024-12-19 12:54:15
500101159,30,7,23,2024-12-19 10:54:15
500104035,30,7,23,2024-12-19 09:33:15
500104074,30,5,23,2024-12-19 09:34:15
500106084,30,7,23,2024-12-19 09:55:17
500107076,30,7,23,2024-12-19 09:37:15
500107113,30,5,23,2024-12-19 11:15:16
500110061,30,7,23,2024-12-19 10:16:15
500111010,30,7,23,2024-12-19 12:27:15
500111015,30,7,23,2024-12-19 11:31:14
500113041,30,7,23,2024-12-19 09:58:14
500119054,30,3,23,2024-12-19 12:26:15
500101159,30,6,24,2024-12-19 09:26:15
500110061,30,6,24,2024-12-19 11:12:16
500104041,30,5,25,2024-12-19 09:35:16
500104051,30,5,25,2024-12-19 11:46:15
500104074,30,3,25,2024-12-19 09:01:15
500111012,30,5,25,2024-12-19 12:43:15
500112067,30,4,25,2024-12-19 09:08:14
500112067,30,4,25,2024-12-19 10:29:15
500112070,30,4,25,2024-12-19 09:46:16
500101125,30,4,26,2024-12-19 11:15:15
500103025,30,3,26,2024-12-19 12:39:15
500104035,30,4,26,2024-12-19 10:02:15
500104041,30,4,26,2024-12-19 09:46:15
500104041,30,4,26,2024-12-19 10:18:15
500104123,30,4,26,2024-12-19 10:58:16
500111035,30,4,26,2024-12-19 11:28:16
500105010,30,2,27,2024-12-19 12:27:15
500109010,30,3,27,2024-12-19 12:01:16
500110040,30,1,27,2024-12-19 11:58:15
500110076,30,3,27,2024-12-19 10:46:15
500112070,30,2,27,2024-12-19 09:09:15
500101125,30,2,28,2024-12-19 11:36:15
500101125,30,2,28,2024-12-19 10:49:16
500104051,30,2,28,2024-12-19 09:36:14
500107076,30,2,28,2024-12-19 11:46:15
500109086,30,2,28,2024-12-19 12:16:15
500113036,30,1,28,2024-12-19 11:43:15
500101125,30,1,29,2024-12-19 11:58:16
500109003,30,1,29,2024-12-19 10:42:15
500109003,30,1,29,2024-12-19 11:13:15
500109086,30,1,29,2024-12-19 09:15:16
500109086,30,1,29,2024-12-19 10:26:14
500111035,30,1,29,2024-12-19 09:26:15
500112070,30,0,29,2024-12-19 09:37:15
500109003,30,0,30,2024-12-19 11:21:16
500119009,30,0,30,2024-12-19 09:36:15
500119009,30,0,30,2024-12-19 11:57:15
500101159,30,30,0,2024-12-19 20:32:16
500111035,30,30,0,2024-12-19 17:56:15
500101159,30,29,1,2024-12-19 19:48:15
500104035,30,29,1,2024-12-19 20:39:16
500104035,30,29,1,2024-12-19 20:55:17
500109079,30,28,1,2024-12-19 21:20:16
500101159,30,28,2,2024-12-19 17:54:15
500110032,30,28,2,2024-12-19 18:38:16
500112070,30,27,3,2024-12-19 18:07:16
500119087,30,27,3,2024-12-19 17:28:16
500101125,30,25,5,2024-12-19 17:47:16
500113069,30,25,5,2024-12-19 20:03:15
500112070,30,24,6,2024-12-19 17:38:16
500119087,30,24,6,2024-12-19 17:47:16
500105069,30,23,7,2024-12-19 17:28:15
500110073,30,23,7,2024-12-19 17:28:15
500111012,30,23,7,2024-12-19 20:04:15
500108095,30,22,8,2024-12-19 19:03:15
500111012,30,22,8,2024-12-19 20:59:15
500101125,30,20,10,2024-12-19 19:19:14
500104041,30,20,10,2024-12-19 19:38:15
500110073,30,20,10,2024-12-19 19:04:15
500113069,30,20,10,2024-12-19 20:28:15
500104041,30,19,11,2024-12-19 19:16:15
500107076,30,19,11,2024-12-19 19:29:15
500108083,30,19,11,2024-12-19 17:26:15
500109079,30,18,11,2024-12-19 18:23:16
500110073,30,19,11,2024-12-19 17:45:16
500119047,30,19,11,2024-12-19 18:34:16
500107015,30,18,12,2024-12-19 19:44:15
500108083,30,18,12,2024-12-19 18:05:15
500104074,30,16,13,2024-12-19 18:37:15
500105028,30,17,13,2024-12-19 20:59:15
500108083,30,17,13,2024-12-19 17:34:15
500109024,30,5,13,2024-12-19 17:24:16
500110066,30,17,13,2024-12-19 18:38:16
500110073,30,17,13,2024-12-19 20:25:15
500111010,30,17,13,2024-12-19 20:41:15
500101125,30,16,14,2024-12-19 17:37:16
500107015,30,16,14,2024-12-19 19:36:15
500108083,30,16,14,2024-12-19 19:35:16
500108083,30,16,14,2024-12-19 18:28:16
500110040,30,15,14,2024-12-19 19:29:15
500108083,30,15,15,2024-12-19 19:25:15
500108083,30,15,15,2024-12-19 18:38:15
500109010,30,15,15,2024-12-19 20:30:17
500109055,30,15,15,2024-12-19 16:35:15
500113069,30,15,15,2024-12-19 18:18:16
500107015,30,14,16,2024-12-19 19:19:15
500107115,30,14,16,2024-12-19 18:06:15
500108188,30,14,16,2024-12-19 21:18:15
500112067,30,13,16,2024-12-19 21:18:15
500107015,30,13,17,2024-12-19 18:57:15
500110076,30,13,17,2024-12-19 19:45:15
500103025,30,11,18,2024-12-19 21:17:15
500104051,30,12,18,2024-12-19 20:46:15
500108049,30,12,18,2024-12-19 19:49:15
500108186,30,11,18,2024-12-19 17:28:14
500111015,30,12,18,2024-12-19 19:35:16
500113041,30,12,18,2024-12-19 20:55:17
500106084,30,11,19,2024-12-19 17:27:16
500108049,30,11,19,2024-12-19 18:51:16
500105010,30,10,20,2024-12-19 20:29:15
500108043,30,9,20,2024-12-19 20:08:15
500110032,30,10,20,2024-12-19 21:03:15
500105010,30,9,21,2024-12-19 20:36:15
500106084,30,9,21,2024-12-19 20:37:16
500107076,30,9,21,2024-12-19 17:58:16
500107076,30,9,21,2024-12-19 21:09:16
500107114,30,8,21,2024-12-19 19:04:15
500108027,30,9,21,2024-12-19 21:03:15
500108043,30,8,21,2024-12-19 19:33:15
500109092,30,9,21,2024-12-19 18:35:16
500110040,30,8,21,2024-12-19 19:07:16
500110061,30,9,21,2024-12-19 17:38:16
500111010,30,9,21,2024-12-19 17:28:15
500119009,30,9,21,2024-12-19 21:07:16
500105010,30,8,22,2024-12-19 18:14:15
500109086,30,8,22,2024-12-19 19:46:15
500111015,30,8,22,2024-12-19 18:46:15
500119047,30,8,22,2024-12-19 20:25:15
500104054,30,7,23,2024-12-19 18:51:16
500104123,30,7,23,2024-12-19 17:36:15
500107076,30,7,23,2024-12-19 20:37:16
500107115,30,7,23,2024-12-19 20:09:15
500109003,30,7,23,2024-12-19 19:32:15
500109066,30,7,23,2024-12-19 18:06:15
500111011,30,7,23,2024-12-19 21:20:16
500119087,30,7,23,2024-12-19 19:19:15
500109003,30,6,24,2024-12-19 19:28:15
500113041,30,6,24,2024-12-19 18:58:16
500119009,30,6,24,2024-12-19 19:58:15
500119009,30,6,24,2024-12-19 17:42:15
500104051,30,5,25,2024-12-19 17:47:16
500108027,30,5,25,2024-12-19 20:22:15
500108027,30,5,25,2024-12-19 18:45:16
500109003,30,5,25,2024-12-19 19:18:15
500103001,30,4,26,2024-12-19 20:51:15
500107060,30,4,26,2024-12-19 17:48:15
500107114,30,3,26,2024-12-19 20:27:14
500108188,30,4,26,2024-12-19 18:06:15
500119009,30,4,26,2024-12-19 17:38:16
500101142,30,3,27,2024-12-19 20:58:15
500106078,30,3,27,2024-12-19 17:44:15
500110061,30,3,27,2024-12-19 20:13:15
500110061,30,3,27,2024-12-19 18:25:17
500119009,30,3,27,2024-12-19 17:24:16
500101142,30,2,28,2024-12-19 19:34:16
500106078,30,2,28,2024-12-19 17:54:15
500109086,30,2,28,2024-12-19 17:17:16
500110063,30,2,28,2024-12-19 17:38:16
500119054,30,2,28,2024-12-19 19:05:16
500119074,30,2,28,2024-12-19 19:58:15
500119087,30,2,28,2024-12-19 18:38:16
500119087,30,2,28,2024-12-19 18:48:15
500101026,30,1,29,2024-12-19 18:38:16
500105028,30,1,29,2024-12-19 20:07:16
500105028,30,1,29,2024-12-19 17:20:17
500107114,30,0,29,2024-12-19 20:13:15
500108188,30,1,29,2024-12-19 19:08:16
500110063,30,1,29,2024-12-19 18:08:16
500119054,30,1,29,2024-12-19 18:29:15
500101026,30,0,30,2024-12-19 17:11:17
500105028,30,0,30,2024-12-19 17:38:16
500107130,30,0,30,2024-12-19 18:34:16
500109003,30,0,30,2024-12-19 18:18:16
500112070,30,0,30,2024-12-19 20:29:14
500119054,30,0,30,2024-12-19 17:38:16
500119087,30,0,30,2024-12-19 20:10:20
500119074,30,30,0,2024-12-19 15:32:16
500119074,30,30,0,2024-12-19 15:58:16
500119054,30,29,1,2024-12-19 16:06:16
500119074,30,29,1,2024-12-19 15:27:15
500119047,30,24,2,2024-12-19 16:00:17
500119087,30,21,2,2024-12-19 15:18:15
500105069,30,27,3,2024-12-19 15:55:16
500119047,30,23,3,2024-12-19 14:22:15
500119087,30,19,4,2024-12-19 14:20:16
500107115,30,25,5,2024-12-19 15:13:16
500110066,30,25,5,2024-12-19 13:25:16
500111011,30,25,5,2024-12-19 13:38:16
500101142,30,24,6,2024-12-19 13:28:16
500101159,30,24,6,2024-12-19 16:30:16
500107113,30,21,7,2024-12-19 13:40:16
500108083,30,23,7,2024-12-19 16:26:15
500110063,30,23,7,2024-12-19 16:18:16
500108083,30,22,8,2024-12-19 16:38:15
500110032,30,16,9,2024-12-19 14:36:15
500119074,30,21,9,2024-12-19 17:08:16
500108043,30,17,12,2024-12-19 17:18:16
500112070,30,17,12,2024-12-19 13:47:15
500119087,30,11,12,2024-12-19 16:18:16
500107060,30,17,13,2024-12-19 16:08:16
500107060,30,15,15,2024-12-19 13:39:16
500110066,30,15,15,2024-12-19 17:06:15
500107015,30,14,16,2024-12-19 13:10:16
500111012,30,14,16,2024-12-19 15:04:15
500108188,30,13,17,2024-12-19 14:30:16
500103025,30,11,18,2024-12-19 15:15:16
500104035,30,12,18,2024-12-19 16:17:15
500104035,30,12,18,2024-12-19 14:43:14
500104041,30,12,18,2024-12-19 16:18:16
500108186,30,11,18,2024-12-19 17:07:15
500108188,30,12,18,2024-12-19 13:21:16
500111015,30,12,18,2024-12-19 16:40:16
500103025,30,10,19,2024-12-19 16:28:15
500104041,30,11,19,2024-12-19 13:59:15
500106084,30,11,19,2024-12-19 16:34:16
500108027,30,11,19,2024-12-19 17:08:16
500110040,30,10,19,2024-12-19 14:51:15
500104041,30,10,20,2024-12-19 14:37:14
500106084,30,10,20,2024-12-19 16:15:16
500108027,30,10,20,2024-12-19 13:13:15
500111012,30,10,20,2024-12-19 16:38:15
500104074,30,8,21,2024-12-19 17:03:16
500108045,30,9,21,2024-12-19 16:43:15
500110040,30,8,21,2024-12-19 15:04:15
500110061,30,9,21,2024-12-19 14:56:15
500103001,30,8,22,2024-12-19 16:43:15
500110061,30,8,22,2024-12-19 13:33:15
500111035,30,8,22,2024-12-19 13:19:15
500119009,30,8,22,2024-12-19 15:53:14
500119009,30,8,22,2024-12-19 16:47:15
500101125,30,7,23,2024-12-19 14:39:15
500103001,30,7,23,2024-12-19 14:37:14
500110061,30,7,23,2024-12-19 14:17:15
500104074,30,5,24,2024-12-19 17:17:16
500110076,30,6,24,2024-12-19 14:16:15
500107114,30,4,25,2024-12-19 14:14:15
500109003,30,5,25,2024-12-19 15:16:15
500111035,30,5,25,2024-12-19 15:55:16
500105010,30,4,26,2024-12-19 16:41:15
500107114,30,3,26,2024-12-19 15:58:15
500113041,30,3,27,2024-12-19 16:56:15
500119009,30,1,29,2024-12-19 13:10:16
500110063,30,2,28,2024-12-19 21:44:15
500101159,30,22,8,2024-12-19 21:41:15
500104074,30,28,0,2024-12-19 05:49:15
500107115,30,29,1,2024-12-19 08:25:16
500108095,30,28,2,2024-12-19 07:46:15
500111035,30,26,4,2024-12-19 05:48:14
500101125,30,11,5,2024-12-19 05:42:15
500110076,30,25,5,2024-12-19 06:26:15
500111035,30,25,5,2024-12-19 06:03:15
500101125,30,20,7,2024-12-19 08:02:15
500103025,30,22,7,2024-12-19 06:47:15
500108188,30,23,7,2024-12-19 08:45:16
500110066,30,23,7,2024-12-19 08:01:15
500103001,30,20,9,2024-12-19 07:19:16
500103025,30,20,9,2024-12-19 06:36:14
500110061,30,21,9,2024-12-19 06:23:15
500108140,30,20,10,2024-12-19 08:57:15
500109079,30,18,10,2024-12-19 06:33:15
500110073,30,20,10,2024-12-19 08:42:15
500103025,30,18,11,2024-12-19 08:55:15
500110061,30,19,11,2024-12-19 06:17:14
500110073,30,19,11,2024-12-19 08:35:15
500111010,30,19,11,2024-12-19 05:11:15
500113041,30,19,11,2024-12-19 06:09:14
500107114,30,18,12,2024-12-19 06:43:15
500110061,30,18,12,2024-12-19 07:56:15
500101159,30,17,13,2024-12-19 06:24:15
500110061,30,17,13,2024-12-19 07:45:15
500111011,30,17,13,2024-12-19 07:59:15
500109024,30,12,14,2024-12-19 07:26:15
500109079,30,14,14,2024-12-19 07:14:14
500109086,30,16,14,2024-12-19 06:25:15
500110040,30,14,14,2024-12-19 06:56:15
500113041,30,16,14,2024-12-19 07:16:15
500113041,30,15,15,2024-12-19 07:59:15
500108049,30,13,16,2024-12-19 08:36:15
500109024,30,9,17,2024-12-19 07:14:15
500119087,30,11,17,2024-12-19 08:45:16
500101142,30,12,18,2024-12-19 06:31:15
500104054,30,10,18,2024-12-19 07:33:15
500105069,30,12,18,2024-12-19 08:24:15
500104054,30,9,19,2024-12-19 07:17:14
500104051,30,10,20,2024-12-19 06:28:14
500107114,30,10,20,2024-12-19 08:01:15
500104054,30,7,21,2024-12-19 08:12:15
500110040,30,7,21,2024-12-19 07:37:15
500111015,30,9,21,2024-12-19 08:17:15
500119074,30,8,21,2024-12-19 08:17:15
500104041,30,8,22,2024-12-19 06:04:14
500104054,30,7,22,2024-12-19 08:25:16
500105028,30,8,22,2024-12-19 08:15:16
500106084,30,8,22,2024-12-19 06:54:16
500108045,30,7,22,2024-12-19 08:33:16
500103001,30,7,23,2024-12-19 08:17:15
500103001,30,7,23,2024-12-19 08:46:15
500104123,30,7,23,2024-12-19 08:51:14
500106084,30,7,23,2024-12-19 06:15:16
500107130,30,7,23,2024-12-19 08:24:15
500108188,30,7,23,2024-12-19 06:23:15
500109024,30,3,23,2024-12-19 06:18:15
500119074,30,6,23,2024-12-19 07:43:15
500106084,30,6,24,2024-12-19 05:52:14
500108043,30,5,24,2024-12-19 05:38:14
500108049,30,5,24,2024-12-19 07:29:15
500109024,30,2,24,2024-12-19 05:38:14
500113069,30,5,24,2024-12-19 08:27:16
500109003,30,5,25,2024-12-19 07:55:17
500119054,30,5,25,2024-12-19 07:47:15
500104041,30,4,26,2024-12-19 08:57:15
500109086,30,4,26,2024-12-19 07:36:15
500110073,30,4,26,2024-12-19 06:29:15
500112070,30,3,26,2024-12-19 08:56:16
500106084,30,3,27,2024-12-19 08:34:15
500106084,30,3,27,2024-12-19 08:03:14
500107060,30,3,27,2024-12-19 06:08:14
500108045,30,2,27,2024-12-19 07:16:15
500108083,30,3,27,2024-12-19 06:13:14
500112070,30,2,27,2024-12-19 05:41:15
500105010,30,1,28,2024-12-19 08:19:16
500105010,30,1,28,2024-12-19 08:55:16
500111035,30,2,28,2024-12-19 08:26:15
500104051,30,1,29,2024-12-19 08:01:15
500107076,30,1,29,2024-12-19 08:27:15
500108049,30,0,29,2024-12-19 08:09:17
500110032,30,1,29,2024-12-19 06:15:16
500110076,30,1,29,2024-12-19 08:35:17
500111035,30,1,29,2024-12-19 08:37:15
500110076,30,0,30,2024-12-19 08:48:15
500101125,30,10,6,2024-12-19 00:09:14
500101142,30,17,13,2024-12-19 00:33:15
500113036,30,20,9,2024-12-19 00:10:15
500101142,30,3,27,2024-12-19 23:46:15
500104041,30,2,28,2024-12-19 00:56:14
500109003,30,24,6,2024-12-19 00:05:15
500119087,30,1,29,2024-12-19 00:47:15
500119074,30,0,30,2024-12-19 22:03:15
500111011,30,4,26,2024-12-19 23:00:16
500108186,30,11,18,2024-12-19 19:33:14
500111015,30,22,8,2024-12-19 23:52:14
500108043,30,1,28,2024-12-19 23:52:14
500109024,30,11,10,2024-12-19 23:17:14
500113036,30,13,16,2024-12-19 22:39:15
500110066,30,14,16,2024-12-19 22:53:15
500104074,30,27,2,2024-12-19 00:07:16
500119087,30,0,30,2024-12-19 01:03:15
500111011,30,2,28,2024-12-19 01:14:14
500106084,30,3,27,2024-12-19 01:16:15
500104054,30,13,17,2024-12-19 00:52:15
500109066,30,16,14,2024-12-19 00:11:14
500110066,30,19,11,2024-12-19 00:11:14
500104041,30,5,25,2024-12-19 23:09:15
500109092,30,5,25,2024-12-19 22:24:15
500112067,30,6,23,2024-12-19 22:57:14
500101142,30,8,22,2024-12-19 23:13:15
500101026,30,15,15,2024-12-19 23:19:15
500110073,30,15,15,2024-12-19 22:26:15
500107114,30,16,13,2024-12-19 23:15:14
500108045,30,18,11,2024-12-19 23:06:15
500119009,30,30,0,2024-12-19 23:11:17
500107113,30,6,22,2024-12-19 22:28:15
500104123,30,6,24,2024-12-19 22:39:15
500106078,30,10,20,2024-12-19 22:20:15
500119047,30,1,29,2024-12-19 21:39:15
500104054,30,7,23,2024-12-19 20:28:15
500105069,30,12,18,2024-12-19 21:37:15
500104123,30,15,15,2024-12-19 21:28:15
500105010,30,16,14,2024-12-19 21:37:15
500119054,30,0,30,2024-12-19 02:40:17
500111011,30,3,27,2024-12-19 01:18:15
500119074,30,7,22,2024-12-19 01:19:15
500108045,30,8,21,2024-12-19 03:44:15
500104054,30,10,20,2024-12-19 22:09:15
500110040,30,12,15,2024-12-19 22:06:15
500108095,30,23,7,2024-12-19 22:01:15
500101125,30,12,4,2024-12-19 01:21:15
500112070,30,0,30,2024-12-19 21:57:15
500110063,30,2,28,2024-12-19 21:53:15
500105069,30,10,19,2024-12-19 21:58:14
500104041,30,12,18,2024-12-19 21:56:15
500105010,30,17,13,2024-12-19 21:53:15
500108188,30,10,20,2024-12-19 23:43:14
500106084,30,4,26,2024-12-19 00:50:16
500108188,30,7,23,2024-12-19 01:30:16
500110061,30,19,11,2024-12-19 01:30:16
500101142,30,16,14,2024-12-19 01:56:14
500101125,30,11,5,2024-12-19 02:24:14
500101125,30,3,16,2024-12-19 22:44:15
500112070,30,3,26,2024-12-19 04:35:15
500110061,30,2,28,2024-12-19 23:07:15
500101125,30,4,15,2024-12-19 23:03:14
500110063,30,4,26,2024-12-19 22:57:15
500109086,30,5,25,2024-12-19 23:07:14
500107076,30,7,23,2024-12-19 23:01:15
500101026,30,20,10,2024-12-19 23:09:15
500105010,30,23,7,2024-12-19 22:55:16
500101142,30,8,22,2024-12-19 22:18:15
500110040,30,13,14,2024-12-19 22:16:14
500108027,30,15,15,2024-12-19 22:12:14
500104035,30,16,14,2024-12-19 22:17:15
500105010,30,20,10,2024-12-19 22:17:15
500101125,30,6,13,2024-12-19 22:21:14
500109086,30,7,23,2024-12-19 22:24:15
500107114,30,14,15,2024-12-19 22:24:15
500112070,30,1,29,2024-12-19 23:31:15
500104041,30,4,26,2024-12-19 23:20:15
500101142,30,9,21,2024-12-19 23:29:14
500110061,30,17,13,2024-12-19 23:26:15
500101026,30,16,14,2024-12-19 01:35:15
500107076,30,17,13,2024-12-19 01:37:14
500101142,30,30,0,2024-12-19 10:56:14
500107115,30,30,0,2024-12-19 08:51:18
500111012,30,30,0,2024-12-19 09:09:15
500119047,30,26,0,2024-12-19 12:28:15
500119047,30,26,0,2024-12-19 10:25:15
500119074,30,29,0,2024-12-19 11:04:16
500119074,30,27,2,2024-12-19 10:56:15
500107060,30,27,3,2024-12-19 09:40:16
500119087,30,20,3,2024-12-19 12:58:15
500105069,30,26,4,2024-12-19 09:09:15
500108095,30,26,4,2024-12-19 09:01:15
500111011,30,26,4,2024-12-19 11:37:15
500108027,30,25,5,2024-12-19 12:27:15
500108027,30,25,5,2024-12-19 11:48:15
500110032,30,20,5,2024-12-19 11:18:16
500110063,30,25,5,2024-12-19 12:53:14
500111011,30,25,5,2024-12-19 11:43:15
500119087,30,23,5,2024-12-19 10:04:16
500110066,30,24,6,2024-12-19 11:56:16
500101142,30,23,7,2024-12-19 13:01:15
500110066,30,23,7,2024-12-19 10:27:17
500119074,30,21,8,2024-12-19 12:05:17
500105069,30,21,9,2024-12-19 11:47:16
500108043,30,19,10,2024-12-19 12:16:15
500109092,30,20,10,2024-12-19 12:23:16
500108043,30,18,11,2024-12-19 12:24:16
500109092,30,19,11,2024-12-19 12:58:15
500101159,30,18,12,2024-12-19 12:37:15
500104074,30,16,12,2024-12-19 11:08:15
500108083,30,18,12,2024-12-19 12:07:16
500104054,30,16,14,2024-12-19 10:35:15
500108083,30,16,14,2024-12-19 11:23:15
500110066,30,16,14,2024-12-19 09:23:15
500108043,30,14,15,2024-12-19 09:06:15
500104074,30,12,16,2024-12-19 12:19:16
500107060,30,14,16,2024-12-19 11:57:16
500104054,30,13,17,2024-12-19 11:48:15
500109092,30,13,17,2024-12-19 08:58:15
500104074,30,10,18,2024-12-19 11:46:14
500107060,30,12,18,2024-12-19 10:34:15
500106078,30,11,19,2024-12-19 09:34:15
500111010,30,11,19,2024-12-19 09:39:15
500103001,30,10,20,2024-12-19 11:43:15
500104074,30,8,20,2024-12-19 11:58:16
500104123,30,10,20,2024-12-19 10:05:16
500106084,30,9,21,2024-12-19 11:31:15
500107114,30,8,21,2024-12-19 11:28:15
500112067,30,8,21,2024-12-19 12:16:15
500113041,30,9,21,2024-12-19 09:27:14
500113041,30,9,21,2024-12-19 09:55:16
500104123,30,8,22,2024-12-19 09:54:15
500105028,30,8,22,2024-12-19 09:17:16
500111035,30,8,22,2024-12-19 12:26:15
500113041,30,8,22,2024-12-19 09:29:15
500101159,30,7,23,2024-12-19 11:56:16
500101159,30,7,23,2024-12-19 10:04:16
500104035,30,7,23,2024-12-19 10:28:15
500105010,30,6,23,2024-12-19 12:07:15
500110061,30,7,23,2024-12-19 12:45:16
500104041,30,6,24,2024-12-19 10:48:15
500104123,30,6,24,2024-12-19 12:30:16
500106078,30,6,24,2024-12-19 12:24:16
500110076,30,6,24,2024-12-19 11:30:17
500112067,30,5,24,2024-12-19 10:47:16
500119074,30,5,24,2024-12-19 09:27:14
500103025,30,4,25,2024-12-19 12:53:14
500104035,30,5,25,2024-12-19 12:23:16
500104035,30,5,25,2024-12-19 12:08:15
500104051,30,5,25,2024-12-19 10:26:14
500107114,30,4,25,2024-12-19 12:28:15
500108045,30,4,25,2024-12-19 09:04:15
500104051,30,4,26,2024-12-19 10:52:15
500107114,30,3,26,2024-12-19 12:08:15
500109010,30,4,26,2024-12-19 09:36:15
500109066,30,4,26,2024-12-19 11:16:14
500110040,30,2,26,2024-12-19 11:35:16
500110061,30,4,26,2024-12-19 10:02:15
500113069,30,3,26,2024-12-19 10:13:16
500101159,30,3,27,2024-12-19 09:06:15
500104051,30,3,27,2024-12-19 09:56:16
500106084,30,3,27,2024-12-19 10:11:14
500107076,30,3,27,2024-12-19 10:23:15
500112070,30,2,27,2024-12-19 09:27:15
500107076,30,2,28,2024-12-19 11:16:15
500107130,30,2,28,2024-12-19 10:55:17
500109003,30,2,28,2024-12-19 12:47:16
500109010,30,2,28,2024-12-19 12:25:16
500109086,30,2,28,2024-12-19 11:07:16
500110061,30,2,28,2024-12-19 10:57:15
500107130,30,1,29,2024-12-19 10:05:16
500109003,30,1,29,2024-12-19 11:47:15
500111035,30,1,29,2024-12-19 10:15:16
500119009,30,1,29,2024-12-19 09:56:16
500101159,30,30,0,2024-12-19 18:28:16
500111012,30,30,0,2024-12-19 17:37:16
500101125,30,28,2,2024-12-19 17:55:16
500111012,30,28,2,2024-12-19 18:59:15
500113069,30,25,5,2024-12-19 19:23:15
500108027,30,24,6,2024-12-19 18:13:16
500108140,30,24,6,2024-12-19 17:28:14
500111012,30,24,6,2024-12-19 19:59:16
500109079,30,21,8,2024-12-19 18:41:15
500104041,30,20,10,2024-12-19 20:13:15
500111035,30,20,10,2024-12-19 20:59:15
500104041,30,19,11,2024-12-19 19:50:16
500105069,30,19,11,2024-12-19 18:07:16
500104041,30,18,12,2024-12-19 19:29:15
500108027,30,18,12,2024-12-19 17:48:15
500108083,30,18,12,2024-12-19 18:16:16
500110040,30,17,12,2024-12-19 19:38:15
500112067,30,17,12,2024-12-19 20:13:15
500112067,30,17,12,2024-12-19 17:27:16
500112067,30,17,12,2024-12-19 17:48:15
500112067,30,17,12,2024-12-19 19:38:15
500104074,30,16,13,2024-12-19 20:12:14
500105028,30,17,13,2024-12-19 21:09:16
500107115,30,17,13,2024-12-19 17:59:15
500108083,30,17,13,2024-12-19 17:45:16
500110076,30,17,13,2024-12-19 18:37:15
500119074,30,17,13,2024-12-19 17:26:15
500107113,30,14,14,2024-12-19 17:48:15
500109010,30,16,14,2024-12-19 18:43:15
500110066,30,16,14,2024-12-19 18:08:16
500113069,30,16,14,2024-12-19 17:24:16
500104041,30,15,15,2024-12-19 17:28:15
500105010,30,15,15,2024-12-19 19:38:14
500107015,30,15,15,2024-12-19 21:06:14
500108188,30,15,15,2024-12-19 21:09:16
500109092,30,15,15,2024-12-19 17:43:16
500119087,30,15,15,2024-12-19 17:59:15
500101026,30,14,16,2024-12-19 21:17:15
500101026,30,14,16,2024-12-19 18:48:15
500107015,30,14,16,2024-12-19 19:00:18
500108083,30,14,16,2024-12-19 19:10:17
500104054,30,13,17,2024-12-19 17:11:16
500106084,30,13,17,2024-12-19 17:48:15
500108027,30,13,17,2024-12-19 17:23:15
500110032,30,12,18,2024-12-19 21:19:15
500105010,30,11,19,2024-12-19 18:37:15
500106084,30,11,19,2024-12-19 19:58:15
500107113,30,9,19,2024-12-19 19:04:15
500108186,30,10,19,2024-12-19 18:32:15
500110066,30,11,19,2024-12-19 21:18:15
500103025,30,9,20,2024-12-19 17:17:16
500104051,30,10,20,2024-12-19 19:22:16
500108043,30,9,20,2024-12-19 19:02:16
500108045,30,10,20,2024-12-19 20:11:16
500108045,30,10,20,2024-12-19 18:27:15
500110066,30,10,20,2024-12-19 20:13:15
500111011,30,10,20,2024-12-19 20:47:15
500103025,30,8,21,2024-12-19 20:51:16
500104035,30,9,21,2024-12-19 17:37:16
500105010,30,9,21,2024-12-19 17:24:16
500107076,30,9,21,2024-12-19 17:21:14
500107114,30,8,21,2024-12-19 20:58:15
500107115,30,9,21,2024-12-19 18:43:15
500108045,30,9,21,2024-12-19 19:22:16
500109003,30,9,21,2024-12-19 19:57:14
500107076,30,8,22,2024-12-19 18:17:15
500107113,30,6,22,2024-12-19 20:08:15
500107115,30,8,22,2024-12-19 20:32:14
500111015,30,8,22,2024-12-19 18:08:16
500106084,30,6,24,2024-12-19 21:06:15
500107076,30,6,24,2024-12-19 19:57:15
500107076,30,6,24,2024-12-19 19:44:15
500107130,30,6,24,2024-12-19 20:41:14
500109066,30,6,24,2024-12-19 17:13:15
500110063,30,6,24,2024-12-19 20:12:15
500107060,30,5,25,2024-12-19 18:45:16
500107114,30,4,25,2024-12-19 18:48:15
500108188,30,5,25,2024-12-19 17:57:15
500109086,30,5,25,2024-12-19 18:08:16
500109086,30,5,25,2024-12-19 20:46:15
500119009,30,5,25,2024-12-19 18:29:16
500107060,30,4,26,2024-12-19 19:27:15
500110063,30,4,26,2024-12-19 18:51:15
500119074,30,4,26,2024-12-19 19:17:14
500105028,30,3,27,2024-12-19 19:31:15
500108027,30,3,27,2024-12-19 20:12:15
500110063,30,3,27,2024-12-19 17:25:16
500113041,30,3,27,2024-12-19 18:25:17
500119054,30,3,27,2024-12-19 20:10:16
500119074,30,3,27,2024-12-19 19:28:15
500101142,30,2,28,2024-12-19 18:08:16
500106078,30,2,28,2024-12-19 20:36:15
500109003,30,2,28,2024-12-19 17:38:16
500109003,30,2,28,2024-12-19 17:46:15
500110061,30,2,28,2024-12-19 21:17:15
500113041,30,2,28,2024-12-19 17:25:16
500119009,30,2,28,2024-12-19 19:18:15
500106078,30,1,29,2024-12-19 19:29:15
500107130,30,1,29,2024-12-19 17:46:15
500107130,30,1,29,2024-12-19 18:22:16
500108188,30,1,29,2024-12-19 19:06:16
500108188,30,1,29,2024-12-19 18:58:16
500109003,30,1,29,2024-12-19 18:29:16
500110061,30,1,29,2024-12-19 21:09:16
500110061,30,1,29,2024-12-19 18:46:15
500101026,30,0,30,2024-12-19 17:39:16
500112070,30,0,30,2024-12-19 20:37:16
500119074,30,30,0,2024-12-19 15:01:18
500119054,30,28,2,2024-12-19 16:26:15
500119047,30,23,3,2024-12-19 15:08:15
500107113,30,23,5,2024-12-19 14:29:15
500110063,30,25,5,2024-12-19 14:07:16
500110073,30,25,5,2024-12-19 15:54:15
500101142,30,24,6,2024-12-19 15:40:16
500119074,30,24,6,2024-12-19 13:56:15
500119087,30,17,6,2024-12-19 15:36:15
500119074,30,23,7,2024-12-19 14:05:16
500101026,30,22,8,2024-12-19 14:24:15
500108043,30,20,9,2024-12-19 15:40:16
500119054,30,21,9,2024-12-19 17:08:16
500110032,30,13,12,2024-12-19 17:11:16
500110040,30,17,12,2024-12-19 17:07:15
500107060,30,17,13,2024-12-19 16:41:15
500110032,30,12,13,2024-12-19 13:47:15
500110032,30,12,13,2024-12-19 16:57:16
500107060,30,16,14,2024-12-19 14:00:17
500110066,30,15,15,2024-12-19 13:58:15
500113069,30,15,15,2024-12-19 17:16:16
500103001,30,14,16,2024-12-19 17:15:17
500108188,30,14,16,2024-12-19 14:06:15
500109055,30,14,16,2024-12-19 15:10:15
500110061,30,14,16,2024-12-19 16:07:15
500111012,30,14,16,2024-12-19 16:23:15
500113069,30,13,16,2024-12-19 14:10:16
500119087,30,7,16,2024-12-19 16:46:15
500107015,30,13,17,2024-12-19 16:20:17
500107015,30,13,17,2024-12-19 13:21:15
500110040,30,12,17,2024-12-19 16:38:15
500111012,30,13,17,2024-12-19 15:15:16
500113069,30,13,17,2024-12-19 16:38:15
500101125,30,12,18,2024-12-19 17:05:17
500113069,30,11,18,2024-12-19 15:54:15
500113069,30,11,18,2024-12-19 13:31:15
500104041,30,11,19,2024-12-19 15:41:15
500109010,30,11,19,2024-12-19 16:25:16
500101125,30,10,20,2024-12-19 15:28:14
500107076,30,10,20,2024-12-19 13:10:16
500110061,30,10,20,2024-12-19 15:09:15
500119054,30,6,20,2024-12-19 13:27:15
500104035,30,9,21,2024-12-19 13:42:15
500105028,30,9,21,2024-12-19 15:10:15
500110040,30,8,21,2024-12-19 14:45:15
500103001,30,8,22,2024-12-19 14:48:15
500105028,30,8,22,2024-12-19 15:25:15
500107076,30,8,22,2024-12-19 15:11:15
500107076,30,8,22,2024-12-19 14:25:16
500119054,30,4,22,2024-12-19 15:05:16
500103001,30,7,23,2024-12-19 14:53:15
500107076,30,7,23,2024-12-19 15:00:17
500103025,30,5,24,2024-12-19 14:58:15
500105010,30,6,24,2024-12-19 16:07:15
500107114,30,5,24,2024-12-19 16:16:14
500103025,30,4,25,2024-12-19 14:12:15
500104123,30,4,26,2024-12-19 16:23:15
500109066,30,4,26,2024-12-19 15:44:14
500104123,30,3,27,2024-12-19 15:03:15
500109086,30,3,27,2024-12-19 13:54:15
500113041,30,3,27,2024-12-19 16:34:16
500109066,30,2,28,2024-12-19 13:09:15
500109079,30,1,28,2024-12-19 16:06:16
500109086,30,2,28,2024-12-19 16:06:15
500109010,30,1,29,2024-12-19 15:17:16
500109003,30,0,30,2024-12-19 13:29:15
500119009,30,0,30,2024-12-19 13:57:15
500107113,30,5,23,2024-12-19 21:46:15
500101142,30,5,25,2024-12-19 21:49:15
500119054,30,6,24,2024-12-19 21:43:15
500108188,30,12,18,2024-12-19 21:41:15
500111035,30,20,10,2024-12-19 21:45:14
500104074,30,23,6,2024-12-19 21:46:15
500108095,30,30,0,2024-12-19 07:53:16
500103025,30,28,1,2024-12-19 08:17:16
500119009,30,29,1,2024-12-19 07:21:15
500103025,30,26,3,2024-12-19 08:27:16
500107115,30,27,3,2024-12-19 07:44:14
500109024,30,23,3,2024-12-19 08:45:16
500110040,30,25,3,2024-12-19 07:57:16
500103025,30,25,4,2024-12-19 07:47:15
500107115,30,26,4,2024-12-19 07:21:15
500104074,30,23,5,2024-12-19 07:37:15
500101125,30,10,6,2024-12-19 05:35:15
500108188,30,22,8,2024-12-19 08:23:15
500110061,30,22,8,2024-12-19 06:32:15
500104035,30,21,9,2024-12-19 06:45:16
500108188,30,21,9,2024-12-19 08:02:15
500110066,30,20,10,2024-12-19 08:13:15
500113036,30,18,10,2024-12-19 05:27:15
500104035,30,19,11,2024-12-19 07:16:15
500108049,30,18,11,2024-12-19 06:15:15
500109003,30,19,11,2024-12-19 06:04:14
500109055,30,19,11,2024-12-19 07:09:15
500110061,30,19,11,2024-12-19 06:02:15
500119054,30,19,11,2024-12-19 08:57:15
500104123,30,18,12,2024-12-19 07:18:15
500107114,30,18,12,2024-12-19 06:49:15
500101125,30,10,13,2024-12-19 07:47:15
500106078,30,17,13,2024-12-19 07:23:14
500107114,30,17,13,2024-12-19 06:35:15
500108049,30,16,13,2024-12-19 06:46:15
500101125,30,13,14,2024-12-19 08:17:14
500104123,30,16,14,2024-12-19 07:59:15
500107015,30,16,14,2024-12-19 08:14:16
500108049,30,15,14,2024-12-19 06:36:14
500104041,30,15,15,2024-12-19 07:47:14
500111011,30,15,15,2024-12-19 07:55:17
500113041,30,15,15,2024-12-19 06:36:14
500101026,30,14,16,2024-12-19 08:37:15
500108188,30,14,16,2024-12-19 07:26:15
500111011,30,14,16,2024-12-19 08:46:15
500111015,30,13,16,2024-12-19 07:33:15
500112067,30,13,16,2024-12-19 07:17:14
500113041,30,14,16,2024-12-19 06:46:15
500101142,30,13,17,2024-12-19 08:36:15
500105010,30,12,17,2024-12-19 07:46:15
500108140,30,13,17,2024-12-19 08:37:15
500111010,30,13,17,2024-12-19 07:33:15
500113069,30,12,17,2024-12-19 06:16:15
500108043,30,11,18,2024-12-19 08:57:15
500108043,30,11,18,2024-12-19 07:54:14
500108188,30,12,18,2024-12-19 07:17:14
500109003,30,12,18,2024-12-19 07:22:15
500104054,30,9,19,2024-12-19 07:25:15
500108043,30,10,19,2024-12-19 07:47:15
500108140,30,11,19,2024-12-19 08:17:15
500113069,30,10,19,2024-12-19 06:55:16
500104041,30,10,20,2024-12-19 06:45:16
500107130,30,10,20,2024-12-19 06:26:15
500109066,30,10,20,2024-12-19 08:03:15
500107130,30,9,21,2024-12-19 06:29:15
500108043,30,8,21,2024-12-19 06:06:14
500111012,30,8,21,2024-12-19 07:13:15
500112070,30,8,21,2024-12-19 06:35:15
500112070,30,8,21,2024-12-19 06:16:15
500119047,30,9,21,2024-12-19 07:31:15
500108078,30,7,23,2024-12-19 07:23:15
500108186,30,7,23,2024-12-19 07:15:17
500110076,30,7,23,2024-12-19 08:00:17
500107113,30,4,24,2024-12-19 05:33:15
500107113,30,4,24,2024-12-19 08:01:15
500109010,30,6,24,2024-12-19 08:49:15
500112070,30,5,24,2024-12-19 06:07:15
500101159,30,5,25,2024-12-19 08:46:15
500104041,30,5,25,2024-12-19 08:36:15
500113069,30,4,25,2024-12-19 08:45:16
500106084,30,4,26,2024-12-19 08:57:15
500109010,30,4,26,2024-12-19 07:10:16
500110032,30,4,26,2024-12-19 06:53:14
500112070,30,3,26,2024-12-19 07:17:14
500111012,30,2,27,2024-12-19 06:18:15
500112067,30,2,27,2024-12-19 07:40:16
500105010,30,1,28,2024-12-19 08:17:15
500108049,30,1,28,2024-12-19 08:03:15
500104051,30,1,29,2024-12-19 08:56:16
500107076,30,1,29,2024-12-19 07:20:16
500110032,30,1,29,2024-12-19 06:36:14
500112070,30,6,23,2024-12-19 03:49:14
500108188,30,9,21,2024-12-19 00:32:15
500110061,30,18,12,2024-12-19 00:42:15
500111015,30,21,9,2024-12-19 00:05:15
500112070,30,7,23,2024-12-19 00:34:15
500110032,30,17,13,2024-12-19 23:35:15
500104041,30,3,27,2024-12-19 01:06:15
500109024,30,13,13,2024-12-19 00:31:14
500107130,30,13,17,2024-12-19 00:05:15
500101159,30,14,16,2024-12-19 01:13:15
500104123,30,17,13,2024-12-19 00:25:16
500107076,30,20,10,2024-12-19 01:15:15
500104123,30,4,26,2024-12-19 22:41:15
500104074,30,26,3,2024-12-19 22:32:15
500104041,30,6,24,2024-12-19 22:34:14
500103001,30,7,23,2024-12-19 22:09:15
500109024,30,12,9,2024-12-19 22:24:15
500107114,30,13,16,2024-12-19 22:34:15
500109079,30,28,1,2024-12-19 21:40:17
500112070,30,0,30,2024-12-19 21:39:16
500110063,30,4,26,2024-12-19 21:36:15
500109003,30,6,24,2024-12-19 21:28:15
500119009,30,20,10,2024-12-19 21:37:15
500110032,30,2,28,2024-12-19 03:01:16
500107076,30,16,14,2024-12-19 02:56:15
500101142,30,14,16,2024-12-19 03:20:15
500109055,30,21,9,2024-12-19 03:16:15
500111035,30,23,7,2024-12-19 03:17:15
500119047,30,0,30,2024-12-19 22:09:15
500109066,30,10,20,2024-12-19 21:53:15
500105069,30,11,18,2024-12-19 22:00:16
500107114,30,11,18,2024-12-19 22:05:15
500101026,30,17,13,2024-12-19 22:09:15
500105028,30,17,13,2024-12-19 21:43:15
500106084,30,23,7,2024-12-19 21:49:15
500107060,30,3,27,2024-12-19 21:45:15
500106078,30,7,23,2024-12-19 21:56:15
500101159,30,20,10,2024-12-19 21:55:16
500119009,30,24,6,2024-12-19 03:40:15
500101159,30,13,17,2024-12-19 00:53:15
500110032,30,2,28,2024-12-19 02:45:16
500119054,30,3,27,2024-12-19 22:14:14
500101026,30,17,13,2024-12-19 22:26:15
500112070,30,0,30,2024-12-19 22:59:15
500111035,30,8,22,2024-12-19 22:50:15
500110040,30,13,13,2024-12-19 22:55:16
500108083,30,5,25,2024-12-19 01:57:15
500107115,30,30,0,2024-12-19 09:37:16
500110073,30,29,1,2024-12-19 10:28:15
500119074,30,28,1,2024-12-19 11:36:15
500119087,30,24,1,2024-12-19 11:37:15
500107115,30,28,2,2024-12-19 09:09:15
500110032,30,23,2,2024-12-19 10:28:15
500111011,30,28,2,2024-12-19 12:20:16
500119074,30,27,2,2024-12-19 11:26:15
500119087,30,26,2,2024-12-19 10:15:16
500110073,30,27,3,2024-12-19 11:02:15
500110063,30,25,5,2024-12-19 12:08:15
500110066,30,25,5,2024-12-19 11:08:15
500110073,30,25,5,2024-12-19 12:28:15
500107113,30,22,6,2024-12-19 12:07:16
500107115,30,24,6,2024-12-19 10:56:15
500110063,30,24,6,2024-12-19 10:07:15
500110063,30,24,6,2024-12-19 11:06:15
500110073,30,24,6,2024-12-19 11:38:15
500111011,30,24,6,2024-12-19 09:26:15
500110063,30,23,7,2024-12-19 11:17:15
500110063,30,22,8,2024-12-19 11:24:15
500119087,30,20,8,2024-12-19 09:46:15
500104074,30,19,9,2024-12-19 10:55:17
500108043,30,20,9,2024-12-19 11:26:15
500109092,30,20,10,2024-12-19 11:58:16
500112070,30,19,10,2024-12-19 12:58:15
500104074,30,17,11,2024-12-19 10:36:14
500109024,30,7,11,2024-12-19 11:10:18
500119074,30,18,11,2024-12-19 12:22:16
500107114,30,18,12,2024-12-19 09:35:16
500119074,30,17,12,2024-12-19 12:38:15
500107060,30,14,13,2024-12-19 10:16:15
500109024,30,5,13,2024-12-19 12:17:15
500109024,30,5,13,2024-12-19 11:58:16
500109092,30,17,13,2024-12-19 10:07:15
500109092,30,17,13,2024-12-19 11:16:14
500110032,30,11,14,2024-12-19 13:08:15
500107113,30,13,15,2024-12-19 09:55:17
500104074,30,12,16,2024-12-19 12:57:15
500108188,30,14,16,2024-12-19 09:08:15
500103001,30,13,17,2024-12-19 09:36:15
500110032,30,8,17,2024-12-19 12:48:15
500103025,30,11,18,2024-12-19 11:14:15
500108083,30,12,18,2024-12-19 09:27:15
500111012,30,12,18,2024-12-19 10:24:15
500103001,30,11,19,2024-12-19 10:21:15
500104035,30,11,19,2024-12-19 09:06:15
500111010,30,11,19,2024-12-19 09:09:15
500103001,30,10,20,2024-12-19 10:16:15
500106078,30,10,20,2024-12-19 09:27:15
500107113,30,8,20,2024-12-19 10:52:15
500110040,30,8,20,2024-12-19 09:09:15
500119054,30,6,20,2024-12-19 12:37:15
500101125,30,9,21,2024-12-19 12:37:15
500107076,30,9,21,2024-12-19 09:21:15
500106078,30,8,22,2024-12-19 10:26:14
500108049,30,7,22,2024-12-19 11:49:16
500119074,30,7,22,2024-12-19 09:36:15
500105028,30,7,23,2024-12-19 12:21:15
500106078,30,7,23,2024-12-19 11:03:15
500107076,30,7,23,2024-12-19 12:21:15
500108049,30,6,23,2024-12-19 09:09:15
500108049,30,6,23,2024-12-19 11:18:16
500110040,30,5,23,2024-12-19 09:46:16
500111015,30,7,23,2024-12-19 12:28:15
500111015,30,7,23,2024-12-19 12:45:16
500110061,30,6,24,2024-12-19 11:36:15
500104074,30,3,25,2024-12-19 09:24:15
500106078,30,5,25,2024-12-19 11:53:16
500106084,30,5,25,2024-12-19 11:08:15
500109079,30,4,25,2024-12-19 12:53:15
500112067,30,4,25,2024-12-19 11:43:15
500112067,30,4,25,2024-12-19 11:28:16
500101026,30,4,26,2024-12-19 11:18:16
500104051,30,4,26,2024-12-19 11:58:16
500104123,30,4,26,2024-12-19 11:25:15
500107114,30,3,26,2024-12-19 12:18:15
500110061,30,4,26,2024-12-19 11:56:16
500104051,30,3,27,2024-12-19 13:07:15
500104051,30,3,27,2024-12-19 09:27:15
500104123,30,3,27,2024-12-19 12:05:17
500109010,30,3,27,2024-12-19 12:30:16
500109010,30,3,27,2024-12-19 12:50:15
500110040,30,1,27,2024-12-19 11:44:15
500110076,30,3,27,2024-12-19 09:44:15
500101125,30,2,28,2024-12-19 09:25:16
500104035,30,2,28,2024-12-19 11:18:15
500108045,30,1,28,2024-12-19 10:58:16
500108049,30,1,28,2024-12-19 10:47:16
500109079,30,1,28,2024-12-19 10:48:15
500109086,30,2,28,2024-12-19 11:44:15
500109079,30,0,29,2024-12-19 09:56:16
500110076,30,1,29,2024-12-19 10:33:15
500111035,30,1,29,2024-12-19 10:00:18
500107076,30,0,30,2024-12-19 11:25:16
500109003,30,0,30,2024-12-19 11:06:15
500111035,30,0,30,2024-12-19 09:38:17
500119009,30,0,30,2024-12-19 09:00:20
500101159,30,30,0,2024-12-19 19:55:16
500104035,30,30,0,2024-12-19 21:02:16
500109024,30,21,0,2024-12-19 18:56:15
500112070,30,30,0,2024-12-19 17:58:16
500101159,30,29,1,2024-12-19 19:28:15
500111035,30,28,2,2024-12-19 19:37:16
500111035,30,26,4,2024-12-19 19:18:15
500101125,30,24,6,2024-12-19 19:28:15
500112070,30,23,7,2024-12-19 17:48:15
500110032,30,19,8,2024-12-19 17:45:16
500109079,30,20,9,2024-12-19 19:03:14
500109079,30,20,9,2024-12-19 19:36:15
500104035,30,19,11,2024-12-19 19:19:14
500104074,30,18,11,2024-12-19 19:03:15
500105069,30,19,11,2024-12-19 19:27:15
500109079,30,18,11,2024-12-19 18:09:16
500110040,30,18,11,2024-12-19 20:38:15
500110040,30,18,11,2024-12-19 20:45:16
500110066,30,19,11,2024-12-19 18:28:15
500101026,30,18,12,2024-12-19 18:53:15
500104074,30,17,12,2024-12-19 18:46:15
500111010,30,18,12,2024-12-19 20:30:17
500111012,30,18,12,2024-12-19 17:59:14
500104074,30,16,13,2024-12-19 18:56:15
500110040,30,16,13,2024-12-19 17:33:16
500110076,30,17,13,2024-12-19 19:12:15
500111011,30,17,13,2024-12-19 18:33:16
500112070,30,17,13,2024-12-19 18:58:16
500107076,30,16,14,2024-12-19 19:00:18
500109079,30,15,14,2024-12-19 17:46:15
500112067,30,15,14,2024-12-19 19:28:14
500103025,30,14,15,2024-12-19 19:27:15
500105010,30,15,15,2024-12-19 19:21:15
500107015,30,15,15,2024-12-19 20:29:15
500107076,30,15,15,2024-12-19 18:37:15
500109010,30,15,15,2024-12-19 18:12:16
500112067,30,14,15,2024-12-19 19:05:15
500108043,30,13,16,2024-12-19 17:42:15
500108045,30,14,16,2024-12-19 20:41:15
500109010,30,14,16,2024-12-19 17:59:15
500104051,30,13,17,2024-12-19 20:58:15
500104074,30,12,17,2024-12-19 17:28:15
500119074,30,13,17,2024-12-19 17:46:15
500101125,30,9,18,2024-12-19 20:49:15
500107076,30,12,18,2024-12-19 18:25:17
500111011,30,12,18,2024-12-19 19:31:15
500111015,30,12,18,2024-12-19 20:05:16
500106084,30,11,19,2024-12-19 19:19:15
500107015,30,11,19,2024-12-19 18:02:15
500113036,30,10,19,2024-12-19 17:12:16
500106084,30,10,20,2024-12-19 19:46:15
500108045,30,10,20,2024-12-19 17:47:16
500108045,30,10,20,2024-12-19 18:56:15
500108049,30,10,20,2024-12-19 18:47:16
500108186,30,9,20,2024-12-19 18:11:16
500113036,30,9,20,2024-12-19 21:01:15
500113041,30,10,20,2024-12-19 20:44:15
500119087,30,10,20,2024-12-19 19:24:15
500106084,30,9,21,2024-12-19 18:18:16
500107015,30,9,21,2024-12-19 18:21:16
500108045,30,9,21,2024-12-19 18:06:15
500108049,30,9,21,2024-12-19 18:10:17
500109066,30,9,21,2024-12-19 18:53:15
500109086,30,9,21,2024-12-19 19:32:15
500109092,30,9,21,2024-12-19 19:49:15
500109092,30,9,21,2024-12-19 18:14:15
500119047,30,9,21,2024-12-19 19:23:15
500104051,30,8,22,2024-12-19 18:42:16
500107076,30,8,22,2024-12-19 20:10:17
500107115,30,8,22,2024-12-19 20:24:15
500109003,30,8,22,2024-12-19 19:41:16
500109086,30,8,22,2024-12-19 20:15:16
500109086,30,8,22,2024-12-19 18:58:16
500109092,30,8,22,2024-12-19 18:25:17
500113041,30,7,23,2024-12-19 19:47:15
500104123,30,6,24,2024-12-19 19:20:17
500109086,30,6,24,2024-12-19 17:40:17
500103001,30,5,25,2024-12-19 19:07:15
500103001,30,5,25,2024-12-19 20:49:15
500104123,30,5,25,2024-12-19 19:07:15
500107060,30,5,25,2024-12-19 17:55:17
500107114,30,4,25,2024-12-19 17:28:15
500109003,30,5,25,2024-12-19 18:56:15
500119009,30,5,25,2024-12-19 20:28:15
500119087,30,5,25,2024-12-19 19:37:16
500111010,30,4,26,2024-12-19 18:58:16
500111011,30,4,26,2024-12-19 17:48:15
500119009,30,4,26,2024-12-19 19:29:15
500109003,30,3,27,2024-12-19 18:43:15
500113041,30,3,27,2024-12-19 18:00:18
500105028,30,2,28,2024-12-19 20:23:15
500105028,30,2,28,2024-12-19 18:03:15
500107060,30,2,28,2024-12-19 18:18:16
500112070,30,2,28,2024-12-19 20:09:15
500107114,30,0,29,2024-12-19 17:59:16
500110063,30,1,29,2024-12-19 18:38:16
500119087,30,1,29,2024-12-19 20:31:19
500101142,30,0,30,2024-12-19 19:29:15
500101142,30,0,30,2024-12-19 18:47:16
500105028,30,0,30,2024-12-19 18:18:16
500107060,30,0,30,2024-12-19 20:23:16
500108027,30,0,30,2024-12-19 19:29:16
500112070,30,0,30,2024-12-19 21:08:15
500119074,30,0,30,2024-12-19 20:30:20
500119087,30,0,30,2024-12-19 20:59:17
500105069,30,28,2,2024-12-19 15:17:16
500107113,30,25,3,2024-12-19 14:58:15
500119047,30,23,3,2024-12-19 14:46:15
500110063,30,26,4,2024-12-19 13:46:16
500110066,30,26,4,2024-12-19 13:40:16
500101159,30,24,6,2024-12-19 13:33:15
500119074,30,24,6,2024-12-19 13:36:16
500101159,30,23,7,2024-12-19 14:05:16
500107115,30,23,7,2024-12-19 17:06:16
500108043,30,22,7,2024-12-19 13:27:15
500110032,30,18,7,2024-12-19 14:58:15
500119074,30,23,7,2024-12-19 16:35:15
500101159,30,22,8,2024-12-19 14:09:16
500108083,30,22,8,2024-12-19 14:14:15
500108083,30,22,8,2024-12-19 14:37:14
500101026,30,21,9,2024-12-19 14:57:15
500112070,30,21,9,2024-12-19 16:38:15
500108083,30,20,10,2024-12-19 13:10:16
500109024,30,8,10,2024-12-19 17:17:16
500112067,30,19,10,2024-12-19 17:15:17
500112070,30,18,11,2024-12-19 13:25:16
500101026,30,16,14,2024-12-19 16:13:15
500112070,30,14,15,2024-12-19 15:28:14
500113069,30,15,15,2024-12-19 17:00:17
500104035,30,14,16,2024-12-19 16:43:15
500104074,30,13,16,2024-12-19 15:55:16
500110061,30,14,16,2024-12-19 16:16:15
500110066,30,14,16,2024-12-19 16:16:15
500112070,30,14,16,2024-12-19 16:18:15
500104041,30,12,18,2024-12-19 15:08:15
500113069,30,11,18,2024-12-19 15:31:15
500108027,30,11,19,2024-12-19 13:33:15
500111010,30,11,19,2024-12-19 17:18:16
500111011,30,11,19,2024-12-19 17:03:16
500111015,30,11,19,2024-12-19 17:08:16
500113036,30,10,19,2024-12-19 15:58:15
500113036,30,10,19,2024-12-19 14:21:15
500113069,30,11,19,2024-12-19 16:15:16
500104035,30,10,20,2024-12-19 15:59:15
500104041,30,10,20,2024-12-19 16:37:15
500104041,30,10,20,2024-12-19 15:28:14
500104041,30,10,20,2024-12-19 14:13:15
500106084,30,10,20,2024-12-19 15:37:15
500110063,30,10,20,2024-12-19 16:37:15
500113036,30,9,20,2024-12-19 15:09:15
500104035,30,9,21,2024-12-19 17:08:16
500104035,30,9,21,2024-12-19 15:04:15
500104035,30,9,21,2024-12-19 14:26:15
500107076,30,9,21,2024-12-19 15:21:15
500107076,30,9,21,2024-12-19 16:27:16
500107076,30,9,21,2024-12-19 13:31:15
500111010,30,9,21,2024-12-19 14:09:15
500111035,30,9,21,2024-12-19 14:08:15
500110061,30,8,22,2024-12-19 16:58:15
500110063,30,8,22,2024-12-19 17:07:15
500111010,30,8,22,2024-12-19 14:19:15
500101125,30,7,23,2024-12-19 14:24:15
500109066,30,7,23,2024-12-19 16:27:16
500110061,30,7,23,2024-12-19 17:08:16
500110076,30,7,23,2024-12-19 16:46:15
500111035,30,7,23,2024-12-19 16:13:15
500119054,30,3,23,2024-12-19 14:35:15
500103025,30,5,24,2024-12-19 13:34:15
500109003,30,6,24,2024-12-19 16:13:15
500107114,30,4,25,2024-12-19 14:55:16
500103025,30,3,26,2024-12-19 14:35:15
500106078,30,4,26,2024-12-19 13:31:15
500109003,30,4,26,2024-12-19 17:05:17
500103025,30,2,27,2024-12-19 14:45:15
500104123,30,3,27,2024-12-19 16:10:16
500108049,30,2,27,2024-12-19 14:27:15
500119009,30,3,27,2024-12-19 17:16:16
500106078,30,2,28,2024-12-19 17:07:15
500106078,30,2,28,2024-12-19 14:19:14
500109010,30,2,28,2024-12-19 14:24:15
500113041,30,2,28,2024-12-19 13:18:15
500119009,30,2,28,2024-12-19 13:37:15
500106078,30,1,29,2024-12-19 17:15:17
500119009,30,1,29,2024-12-19 14:06:15
500110032,30,3,27,2024-12-19 02:57:14
500111011,30,4,26,2024-12-19 21:44:15
500112067,30,10,19,2024-12-19 21:44:15
500108049,30,14,16,2024-12-19 21:49:14
500110066,30,14,16,2024-12-19 21:48:16
500104074,30,28,0,2024-12-19 05:47:15
500110063,30,30,0,2024-12-19 07:27:15
500119047,30,30,0,2024-12-19 08:45:16
500103025,30,27,2,2024-12-19 08:37:15
500110076,30,27,3,2024-12-19 04:54:15
500103001,30,26,4,2024-12-19 05:40:15
500101125,30,10,6,2024-12-19 06:01:14
500111035,30,24,6,2024-12-19 06:25:15
500109079,30,21,7,2024-12-19 05:49:15
500110063,30,23,7,2024-12-19 08:54:15
500110076,30,23,7,2024-12-19 06:54:16
500110066,30,22,8,2024-12-19 07:57:16
500104035,30,21,9,2024-12-19 06:22:14
500110061,30,21,9,2024-12-19 07:17:14
500110066,30,20,10,2024-12-19 08:22:14
500110066,30,20,10,2024-12-19 07:12:15
500101125,30,7,11,2024-12-19 07:15:17
500105010,30,18,11,2024-12-19 06:45:16
500110061,30,19,11,2024-12-19 07:36:15
500107015,30,18,12,2024-12-19 06:53:15
500107113,30,16,12,2024-12-19 08:25:15
500104074,30,15,13,2024-12-19 07:57:16
500107015,30,17,13,2024-12-19 06:38:15
500110040,30,15,13,2024-12-19 06:23:15
500113041,30,17,13,2024-12-19 07:35:16
500101159,30,16,14,2024-12-19 06:48:15
500106078,30,16,14,2024-12-19 07:37:15
500107114,30,16,14,2024-12-19 07:36:15
500108095,30,16,14,2024-12-19 06:08:14
500111010,30,16,14,2024-12-19 06:56:15
500113036,30,14,14,2024-12-19 06:41:15
500101026,30,15,15,2024-12-19 07:50:16
500101159,30,15,15,2024-12-19 06:57:15
500107114,30,15,15,2024-12-19 05:22:15
500108083,30,15,15,2024-12-19 08:35:16
500112067,30,14,15,2024-12-19 06:28:15
500113041,30,15,15,2024-12-19 08:22:15
500109066,30,14,16,2024-12-19 06:39:15
500110066,30,14,16,2024-12-19 08:44:16
500108043,30,12,17,2024-12-19 08:35:16
500109066,30,13,17,2024-12-19 07:09:15
500105010,30,11,18,2024-12-19 06:56:15
500108095,30,12,18,2024-12-19 07:36:15
500101026,30,11,19,2024-12-19 07:35:16
500101142,30,11,19,2024-12-19 05:48:14
500101159,30,11,19,2024-12-19 07:26:15
500104074,30,9,19,2024-12-19 08:17:15
500108083,30,11,19,2024-12-19 08:17:15
500109066,30,11,19,2024-12-19 07:26:15
500104123,30,10,20,2024-12-19 08:36:15
500106084,30,10,20,2024-12-19 07:09:15
500111015,30,10,20,2024-12-19 08:47:15
500112070,30,9,20,2024-12-19 08:36:14
500112070,30,9,20,2024-12-19 06:20:15
500104123,30,9,21,2024-12-19 08:43:15
500106078,30,9,21,2024-12-19 08:47:15
500101026,30,8,22,2024-12-19 06:02:15
500104051,30,8,22,2024-12-19 06:48:15
500105028,30,8,22,2024-12-19 08:37:15
500106084,30,8,22,2024-12-19 07:45:16
500107060,30,8,22,2024-12-19 07:34:15
500109086,30,8,22,2024-12-19 06:48:15
500104041,30,7,23,2024-12-19 08:47:15
500108083,30,7,23,2024-12-19 07:56:15
500110073,30,7,23,2024-12-19 07:27:15
500119087,30,7,23,2024-12-19 08:01:15
500105069,30,6,24,2024-12-19 07:16:15
500105069,30,6,24,2024-12-19 07:26:15
500107114,30,6,24,2024-12-19 08:17:15
500108140,30,6,24,2024-12-19 07:16:15
500110073,30,6,24,2024-12-19 07:11:15
500119074,30,5,24,2024-12-19 08:22:15
500104051,30,5,25,2024-12-19 07:25:15
500104074,30,3,25,2024-12-19 08:45:16
500107060,30,5,25,2024-12-19 07:02:15
500107113,30,3,25,2024-12-19 05:12:14
500108083,30,5,25,2024-12-19 06:30:17
500109010,30,5,25,2024-12-19 08:43:15
500105028,30,4,26,2024-12-19 07:59:15
500107060,30,4,26,2024-12-19 06:41:15
500108045,30,3,26,2024-12-19 06:45:15
500109010,30,4,26,2024-12-19 08:16:15
500110073,30,4,26,2024-12-19 05:23:15
500111012,30,3,26,2024-12-19 06:51:15
500106084,30,3,27,2024-12-19 08:12:15
500119009,30,3,27,2024-12-19 08:36:15
500107076,30,2,28,2024-12-19 08:47:15
500109086,30,2,28,2024-12-19 08:16:15
500109092,30,2,28,2024-12-19 07:14:15
500105010,30,0,29,2024-12-19 07:13:16
500108045,30,0,29,2024-12-19 07:23:14
500119047,30,1,29,2024-12-19 06:02:15
500108186,30,0,30,2024-12-19 08:38:15
500111035,30,0,30,2024-12-19 08:17:15
500112070,30,6,24,2024-12-19 00:53:15
500101125,30,4,15,2024-12-19 23:46:15
500119087,30,0,30,2024-12-19 00:37:15
500119047,30,0,30,2024-12-19 22:11:16
500112067,30,7,22,2024-12-19 23:36:15
500109066,30,12,18,2024-12-19 23:20:15
500104035,30,15,15,2024-12-19 23:58:14
500109092,30,3,27,2024-12-19 00:01:15
500112067,30,17,12,2024-12-19 00:02:15
500101142,30,18,12,2024-12-19 00:57:15
500108027,30,18,12,2024-12-19 00:21:14
500113041,30,19,11,2024-12-19 00:33:15
500111015,30,23,7,2024-12-19 01:02:15
500107114,30,28,2,2024-12-19 01:06:15
500107130,30,8,22,2024-12-19 22:53:15
500109010,30,10,20,2024-12-19 23:13:14
500110040,30,13,13,2024-12-19 23:09:15
500119054,30,2,28,2024-12-19 22:25:15
500108043,30,3,26,2024-12-19 21:35:16
500111011,30,3,27,2024-12-19 21:53:15
500110061,30,4,26,2024-12-19 22:21:15
500107076,30,9,21,2024-12-19 22:25:16
500106084,30,17,13,2024-12-19 22:39:15
500119074,30,0,30,2024-12-19 21:01:21
500111011,30,5,25,2024-12-19 21:37:15
500108027,30,10,20,2024-12-19 21:20:16
500108045,30,15,15,2024-12-19 21:29:15
500107060,30,1,29,2024-12-19 01:27:16
500101125,30,12,4,2024-12-19 02:43:14
500105069,30,13,17,2024-12-19 01:18:15
500101142,30,15,15,2024-12-19 03:07:15
500112070,30,4,25,2024-12-19 04:10:15
500106084,30,4,26,2024-12-19 03:13:15
500109024,30,12,14,2024-12-19 03:51:15
500110063,30,13,17,2024-12-19 03:56:14
500107015,30,16,14,2024-12-19 03:40:15
500103025,30,20,9,2024-12-19 03:52:14
500110076,30,26,4,2024-12-19 04:26:15
500107130,30,8,22,2024-12-19 22:09:15
500109010,30,13,17,2024-12-19 22:09:15
500104051,30,14,16,2024-12-19 22:08:15
500107015,30,15,15,2024-12-19 21:49:15
500104074,30,25,4,2024-12-19 22:05:15
500108188,30,6,24,2024-12-19 01:20:15
500110061,30,5,25,2024-12-19 21:58:15
500101125,30,9,10,2024-12-19 21:57:15
500101026,30,18,12,2024-12-19 21:59:15
500110076,30,18,12,2024-12-19 21:44:15
500105010,30,25,5,2024-12-19 23:25:16
500112070,30,4,26,2024-12-19 01:06:15
500105028,30,11,19,2024-12-19 01:35:15
500107076,30,16,14,2024-12-19 02:46:14
500107076,30,8,22,2024-12-19 22:40:15
500103025,30,2,27,2024-12-19 22:19:15
500107076,30,9,21,2024-12-19 22:16:15
500101026,30,16,14,2024-12-19 22:12:14
500119009,30,24,6,2024-12-19 22:19:15
500112070,30,0,30,2024-12-19 22:20:17
500104035,30,16,14,2024-12-19 22:25:16
500108045,30,16,13,2024-12-19 22:56:15
500119009,30,28,2,2024-12-19 03:34:15
500101125,30,3,16,2024-12-19 23:27:15
500109086,30,4,26,2024-12-19 23:27:14
500107115,30,30,0,2024-12-19 11:48:15
500119047,30,26,0,2024-12-19 10:44:16
500107115,30,29,1,2024-12-19 09:46:15
500110073,30,29,1,2024-12-19 13:01:15
500119047,30,25,1,2024-12-19 12:34:15
500119047,30,25,1,2024-12-19 09:43:15
500107115,30,28,2,2024-12-19 12:04:15
500111011,30,28,2,2024-12-19 11:21:15
500101142,30,27,3,2024-12-19 10:12:15
500110063,30,27,3,2024-12-19 09:05:16
500101142,30,26,4,2024-12-19 10:38:15
500105069,30,26,4,2024-12-19 09:37:15
500108140,30,24,6,2024-12-19 10:08:15
500110066,30,24,6,2024-12-19 12:57:14
500108140,30,23,7,2024-12-19 10:35:16
500111011,30,23,7,2024-12-19 11:57:16
500119087,30,18,7,2024-12-19 10:43:16
500101026,30,21,9,2024-12-19 13:03:15
500101142,30,21,9,2024-12-19 09:06:15
500110032,30,16,9,2024-12-19 11:37:15
500109024,30,7,11,2024-12-19 12:46:15
500109092,30,18,12,2024-12-19 10:30:16
500101026,30,17,13,2024-12-19 12:27:15
500103025,30,16,13,2024-12-19 09:25:16
500110032,30,12,13,2024-12-19 11:54:15
500109055,30,16,14,2024-12-19 09:12:16
500109092,30,16,14,2024-12-19 09:20:16
500110032,30,11,14,2024-12-19 09:26:15
500105069,30,15,15,2024-12-19 11:30:17
500119054,30,11,15,2024-12-19 10:59:15
500119074,30,14,15,2024-12-19 09:53:15
500108186,30,13,16,2024-12-19 12:18:15
500110066,30,14,16,2024-12-19 09:03:14
500104054,30,13,17,2024-12-19 12:48:15
500104074,30,11,17,2024-12-19 12:40:17
500107015,30,13,17,2024-12-19 09:03:14
500107015,30,13,17,2024-12-19 10:28:15
500107060,30,13,17,2024-12-19 10:45:16
500107060,30,12,18,2024-12-19 12:37:15
500110032,30,7,18,2024-12-19 09:09:15
500119054,30,8,18,2024-12-19 11:58:15
500103025,30,10,19,2024-12-19 11:58:16
500104123,30,11,19,2024-12-19 09:47:15
500119054,30,7,19,2024-12-19 13:04:16
500103025,30,9,20,2024-12-19 11:32:15
500106084,30,10,20,2024-12-19 09:32:15
500107113,30,8,20,2024-12-19 11:34:15
500108083,30,10,20,2024-12-19 10:23:15
500103001,30,9,21,2024-12-19 12:52:15
500105028,30,9,21,2024-12-19 11:01:16
500103001,30,8,22,2024-12-19 09:00:18
500105028,30,8,22,2024-12-19 12:31:15
500105028,30,8,22,2024-12-19 12:14:15
500106084,30,8,22,2024-12-19 11:26:15
500110040,30,5,23,2024-12-19 11:06:15
500110061,30,7,23,2024-12-19 11:28:15
500112067,30,6,23,2024-12-19 12:38:15
500113069,30,6,23,2024-12-19 11:08:15
500104035,30,6,24,2024-12-19 12:18:15
500107076,30,6,24,2024-12-19 12:16:15
500108049,30,5,24,2024-12-19 12:22:16
500109010,30,6,24,2024-12-19 09:27:15
500110040,30,4,24,2024-12-19 12:19:16
500110061,30,6,24,2024-12-19 12:51:15
500110076,30,6,24,2024-12-19 10:59:15
500111035,30,6,24,2024-12-19 11:17:15
500112067,30,5,24,2024-12-19 09:06:15
500113069,30,5,24,2024-12-19 10:58:16
500103025,30,4,25,2024-12-19 13:05:16
500106084,30,5,25,2024-12-19 10:58:16
500112067,30,4,25,2024-12-19 11:56:15
500113041,30,5,25,2024-12-19 11:27:15
500101026,30,4,26,2024-12-19 10:49:16
500104051,30,4,26,2024-12-19 09:58:15
500109086,30,4,26,2024-12-19 12:47:15
500112067,30,3,26,2024-12-19 10:25:16
500101026,30,3,27,2024-12-19 11:55:18
500101026,30,3,27,2024-12-19 11:23:15
500101125,30,3,27,2024-12-19 10:07:16
500104035,30,3,27,2024-12-19 10:38:15
500104035,30,3,27,2024-12-19 11:02:15
500107076,30,3,27,2024-12-19 11:37:15
500107076,30,3,27,2024-12-19 10:46:15
500109066,30,3,27,2024-12-19 10:03:15
500112067,30,2,27,2024-12-19 10:18:15
500113041,30,3,27,2024-12-19 13:04:16
500101026,30,2,28,2024-12-19 12:04:16
500101125,30,2,28,2024-12-19 10:12:15
500105010,30,1,28,2024-12-19 12:33:15
500105010,30,1,28,2024-12-19 09:07:15
500107130,30,2,28,2024-12-19 09:55:17
500109010,30,2,28,2024-12-19 11:14:15
500112067,30,1,28,2024-12-19 09:58:15
500105010,30,0,29,2024-12-19 09:37:16
500107130,30,1,29,2024-12-19 11:12:16
500111035,30,1,29,2024-12-19 10:37:15
500109003,30,0,30,2024-12-19 10:57:15
500109086,30,0,30,2024-12-19 09:54:15
500110076,30,0,30,2024-12-19 09:21:17
500101159,30,29,1,2024-12-19 20:54:15
500111035,30,29,1,2024-12-19 18:17:15
500111035,30,29,1,2024-12-19 18:29:15
500101159,30,26,4,2024-12-19 17:38:16
500109079,30,24,5,2024-12-19 20:36:15
500113069,30,25,5,2024-12-19 19:18:15
500103001,30,24,6,2024-12-19 18:11:16
500109079,30,23,6,2024-12-19 20:10:17
500108140,30,23,7,2024-12-19 17:55:17
500109079,30,22,7,2024-12-19 20:15:15
500110040,30,22,7,2024-12-19 18:48:15
500113069,30,23,7,2024-12-19 18:38:16
500110040,30,21,8,2024-12-19 18:38:16
500109024,30,12,9,2024-12-19 20:50:16
500110073,30,21,9,2024-12-19 18:45:16
500103025,30,19,10,2024-12-19 18:17:15
500105069,30,20,10,2024-12-19 19:19:15
500109055,30,20,10,2024-12-19 18:44:16
500101125,30,19,11,2024-12-19 18:58:16
500108095,30,19,11,2024-12-19 18:07:16
500111010,30,19,11,2024-12-19 20:24:15
500112067,30,18,11,2024-12-19 19:48:15
500101125,30,15,12,2024-12-19 21:20:16
500109079,30,17,12,2024-12-19 18:07:16
500112067,30,17,12,2024-12-19 20:29:15
500103025,30,16,13,2024-12-19 19:01:15
500104074,30,16,13,2024-12-19 19:38:15
500110040,30,16,13,2024-12-19 17:27:16
500110066,30,17,13,2024-12-19 18:46:15
500110076,30,17,13,2024-12-19 17:57:15
500112067,30,16,13,2024-12-19 18:07:16
500104041,30,16,14,2024-12-19 19:48:15
500107015,30,16,14,2024-12-19 21:17:15
500108027,30,16,14,2024-12-19 17:34:15
500108083,30,16,14,2024-12-19 20:16:16
500110066,30,16,14,2024-12-19 18:49:16
500110076,30,16,14,2024-12-19 19:34:15
500110076,30,16,14,2024-12-19 18:46:15
500113069,30,16,14,2024-12-19 17:51:16
500119074,30,16,14,2024-12-19 17:37:16
500104054,30,15,15,2024-12-19 17:40:17
500105010,30,14,16,2024-12-19 19:16:15
500105010,30,14,16,2024-12-19 21:15:16
500101026,30,13,17,2024-12-19 21:04:15
500108043,30,12,17,2024-12-19 18:03:15
500112070,30,13,17,2024-12-19 18:48:15
500101026,30,12,18,2024-12-19 20:23:15
500101125,30,9,18,2024-12-19 20:59:15
500104051,30,12,18,2024-12-19 20:24:15
500105069,30,12,18,2024-12-19 20:40:15
500108045,30,12,18,2024-12-19 18:37:15
500110040,30,11,18,2024-12-19 19:18:15
500110040,30,11,18,2024-12-19 18:58:16
500113036,30,11,18,2024-12-19 20:15:16
500119047,30,12,18,2024-12-19 18:57:15
500107113,30,9,19,2024-12-19 18:58:16
500108043,30,10,19,2024-12-19 18:50:16
500109092,30,11,19,2024-12-19 19:02:15
500111010,30,11,19,2024-12-19 17:48:15
500111015,30,11,19,2024-12-19 19:29:15
500113036,30,10,19,2024-12-19 20:58:15
500119074,30,11,19,2024-12-19 17:59:15
500119087,30,11,19,2024-12-19 18:08:16
500104035,30,10,20,2024-12-19 17:59:14
500107015,30,10,20,2024-12-19 18:31:15
500107113,30,8,20,2024-12-19 18:48:15
500108045,30,10,20,2024-12-19 20:28:15
500110066,30,10,20,2024-12-19 20:33:15
500111010,30,10,20,2024-12-19 17:33:16
500111010,30,10,20,2024-12-19 18:18:16
500103025,30,8,21,2024-12-19 19:58:14
500104051,30,9,21,2024-12-19 19:48:15
500107113,30,7,21,2024-12-19 20:19:15
500107113,30,7,21,2024-12-19 20:43:15
500108027,30,9,21,2024-12-19 21:18:15
500109086,30,9,21,2024-12-19 20:03:15
500109086,30,9,21,2024-12-19 17:54:15
500119047,30,9,21,2024-12-19 19:56:15
500101125,30,8,22,2024-12-19 18:24:16
500103025,30,7,22,2024-12-19 17:35:16
500106084,30,8,22,2024-12-19 19:07:15
500107113,30,6,22,2024-12-19 18:29:15
500109003,30,8,22,2024-12-19 20:59:15
500109092,30,8,22,2024-12-19 18:50:16
500112070,30,8,22,2024-12-19 19:28:15
500105010,30,7,23,2024-12-19 17:37:16
500107113,30,5,23,2024-12-19 18:38:16
500119054,30,6,24,2024-12-19 17:28:15
500101125,30,5,25,2024-12-19 18:18:16
500103001,30,5,25,2024-12-19 18:38:16
500107060,30,5,25,2024-12-19 20:47:15
500107114,30,4,25,2024-12-19 19:58:15
500107060,30,4,26,2024-12-19 20:55:16
500107130,30,4,26,2024-12-19 19:55:16
500110063,30,4,26,2024-12-19 20:05:16
500119087,30,4,26,2024-12-19 18:58:16
500101142,30,3,27,2024-12-19 17:59:15
500104051,30,3,27,2024-12-19 17:27:16
500104051,30,3,27,2024-12-19 18:07:16
500109003,30,3,27,2024-12-19 18:03:15
500119009,30,3,27,2024-12-19 19:36:15
500105028,30,2,28,2024-12-19 17:48:15
500107130,30,2,28,2024-12-19 18:16:16
500109003,30,2,28,2024-12-19 18:35:16
500119009,30,2,28,2024-12-19 19:07:15
500119087,30,1,29,2024-12-19 21:08:15
500101142,30,0,30,2024-12-19 19:46:14
500119054,30,0,30,2024-12-19 21:11:16
500119074,30,0,30,2024-12-19 18:58:16
500105069,30,29,1,2024-12-19 16:15:15
500105069,30,29,1,2024-12-19 15:02:15
500105069,30,28,2,2024-12-19 14:10:16
500119047,30,24,2,2024-12-19 16:38:14
500119087,30,21,2,2024-12-19 13:57:15
500119047,30,23,3,2024-12-19 15:52:15
500107113,30,23,5,2024-12-19 13:24:14
500101142,30,24,6,2024-12-19 14:06:15
500105069,30,24,6,2024-12-19 17:08:16
500107113,30,22,6,2024-12-19 14:24:14
500108095,30,24,6,2024-12-19 14:18:15
500110063,30,24,6,2024-12-19 15:14:15
500110073,30,24,6,2024-12-19 15:44:15
500111011,30,24,6,2024-12-19 13:48:16
500108095,30,23,7,2024-12-19 16:37:15
500112070,30,23,7,2024-12-19 17:18:16
500119087,30,15,8,2024-12-19 15:57:15
500101142,30,21,9,2024-12-19 16:08:15
500108083,30,21,9,2024-12-19 13:22:15
500109024,30,9,9,2024-12-19 16:42:15
500111011,30,21,9,2024-12-19 14:57:15
500112070,30,20,9,2024-12-19 13:18:14
500101026,30,20,10,2024-12-19 13:15:15
500109092,30,20,10,2024-12-19 14:47:15
500112070,30,20,10,2024-12-19 16:26:15
500109024,30,7,11,2024-12-19 16:30:16
500110032,30,14,11,2024-12-19 14:02:14
500109024,30,6,12,2024-12-19 17:08:16
500112070,30,17,12,2024-12-19 14:26:15
500110040,30,16,13,2024-12-19 16:56:15
500103025,30,15,14,2024-12-19 16:07:15
500107060,30,16,14,2024-12-19 16:27:16
500110032,30,11,14,2024-12-19 13:28:16
500110040,30,15,14,2024-12-19 17:18:16
500104035,30,15,15,2024-12-19 16:36:15
500111012,30,15,15,2024-12-19 15:32:15
500106084,30,14,16,2024-12-19 14:02:14
500111012,30,14,16,2024-12-19 13:53:15
500103025,30,12,17,2024-12-19 15:04:14
500104041,30,13,17,2024-12-19 13:27:15
500104074,30,12,17,2024-12-19 16:06:15
500110061,30,13,17,2024-12-19 15:40:16
500112067,30,12,17,2024-12-19 16:13:15
500108027,30,12,18,2024-12-19 14:51:15
500110061,30,12,18,2024-12-19 17:15:17
500119087,30,5,18,2024-12-19 16:57:16
500104035,30,11,19,2024-12-19 15:34:15
500104041,30,11,19,2024-12-19 13:48:15
500104074,30,10,19,2024-12-19 16:37:15
500111015,30,11,19,2024-12-19 16:08:16
500105028,30,10,20,2024-12-19 14:43:15
500111011,30,10,20,2024-12-19 17:13:15
500104035,30,9,21,2024-12-19 14:05:15
500104041,30,9,21,2024-12-19 14:47:15
500109003,30,9,21,2024-12-19 16:58:15
500110063,30,9,21,2024-12-19 16:46:14
500111010,30,9,21,2024-12-19 13:15:15
500119009,30,9,21,2024-12-19 16:37:15
500107076,30,8,22,2024-12-19 14:08:15
500110061,30,8,22,2024-12-19 14:04:15
500119009,30,8,22,2024-12-19 15:48:15
500119054,30,4,22,2024-12-19 14:28:15
500108188,30,7,23,2024-12-19 17:02:15
500104123,30,6,24,2024-12-19 14:43:14
500107076,30,6,24,2024-12-19 16:55:17
500110061,30,6,24,2024-12-19 13:17:15
500119009,30,6,24,2024-12-19 16:27:15
500106078,30,5,25,2024-12-19 13:27:15
500107114,30,4,25,2024-12-19 16:25:16
500107114,30,4,25,2024-12-19 14:03:15
500104051,30,4,26,2024-12-19 16:57:16
500105010,30,4,26,2024-12-19 15:20:15
500107114,30,3,26,2024-12-19 15:44:15
500107114,30,3,26,2024-12-19 14:35:15
500108049,30,3,26,2024-12-19 13:56:14
500109003,30,4,26,2024-12-19 15:24:15
500111035,30,4,26,2024-12-19 16:26:15
500104051,30,3,27,2024-12-19 16:37:15
500106078,30,3,27,2024-12-19 13:44:15
500107114,30,2,27,2024-12-19 16:52:15
500107130,30,3,27,2024-12-19 14:06:15
500109066,30,3,27,2024-12-19 16:50:17
500106078,30,2,28,2024-12-19 14:49:15
500101026,30,1,29,2024-12-19 17:08:16
500119009,30,1,29,2024-12-19 13:43:15
500119009,30,1,29,2024-12-19 14:18:15
500106078,30,0,30,2024-12-19 16:24:17
500119009,30,0,30,2024-12-19 14:37:15
500112070,30,8,22,2024-12-19 02:51:15
500113069,30,11,19,2024-12-19 21:43:15
500107115,30,30,0,2024-12-19 08:40:19
500107115,30,28,2,2024-12-19 06:35:15
500103025,30,26,3,2024-12-19 07:23:15
500107115,30,27,3,2024-12-19 06:11:14
500110040,30,25,3,2024-12-19 08:02:15
500119054,30,27,3,2024-12-19 08:44:16
500103001,30,26,4,2024-12-19 05:57:15
500110063,30,26,4,2024-12-19 07:57:16
500103001,30,25,5,2024-12-19 06:34:15
500104074,30,23,5,2024-12-19 06:51:15
500104074,30,23,5,2024-12-19 07:47:15
500110063,30,25,5,2024-12-19 08:42:15
500111035,30,25,5,2024-12-19 06:37:15
500111035,30,25,5,2024-12-19 06:40:16
500103001,30,22,7,2024-12-19 07:16:15
500119009,30,23,7,2024-12-19 06:43:15
500109055,30,22,8,2024-12-19 04:55:16
500111015,30,21,8,2024-12-19 05:50:15
500119009,30,22,8,2024-12-19 06:55:15
500103025,30,20,9,2024-12-19 05:50:15
500111012,30,21,9,2024-12-19 08:57:15
500111015,30,20,9,2024-12-19 06:47:15
500104041,30,19,11,2024-12-19 07:27:15
500108027,30,19,11,2024-12-19 05:13:15
500104123,30,18,12,2024-12-19 07:37:15
500108083,30,18,12,2024-12-19 08:47:15
500109055,30,18,12,2024-12-19 08:08:16
500111011,30,18,12,2024-12-19 08:57:15
500111012,30,17,12,2024-12-19 08:17:14
500111015,30,17,12,2024-12-19 07:14:14
500119009,30,18,12,2024-12-19 07:47:15
500107114,30,17,13,2024-12-19 07:26:15
500111015,30,16,13,2024-12-19 07:27:15
500108027,30,16,14,2024-12-19 06:56:15
500108049,30,15,14,2024-12-19 06:53:15
500109079,30,14,14,2024-12-19 06:53:15
500105069,30,15,15,2024-12-19 07:56:15
500108027,30,15,15,2024-12-19 08:57:15
500110040,30,13,15,2024-12-19 06:36:14
500110040,30,13,15,2024-12-19 07:14:14
500110066,30,15,15,2024-12-19 08:36:15
500119009,30,15,15,2024-12-19 07:57:16
500104123,30,14,16,2024-12-19 08:16:15
500108045,30,13,16,2024-12-19 07:55:17
500108140,30,14,16,2024-12-19 08:45:16
500110063,30,14,16,2024-12-19 04:49:15
500104041,30,13,17,2024-12-19 06:27:15
500106078,30,13,17,2024-12-19 07:44:15
500119009,30,13,17,2024-12-19 08:03:15
500105069,30,12,18,2024-12-19 08:14:16
500108049,30,10,19,2024-12-19 07:16:15
500109024,30,6,20,2024-12-19 06:54:16
500104051,30,9,21,2024-12-19 06:46:15
500108043,30,8,21,2024-12-19 08:17:15
500101026,30,8,22,2024-12-19 06:36:14
500105069,30,8,22,2024-12-19 07:36:15
500107113,30,6,22,2024-12-19 06:27:15
500108045,30,7,22,2024-12-19 05:49:15
500108045,30,7,22,2024-12-19 06:09:15
500108186,30,8,22,2024-12-19 08:10:17
500110076,30,8,22,2024-12-19 07:56:15
500104041,30,7,23,2024-12-19 08:03:15
500105028,30,7,23,2024-12-19 08:54:15
500105028,30,7,23,2024-12-19 06:51:15
500108078,30,7,23,2024-12-19 06:24:15
500110061,30,7,23,2024-12-19 08:27:16
500107113,30,4,24,2024-12-19 06:17:14
500109010,30,6,24,2024-12-19 08:22:15
500110032,30,6,24,2024-12-19 07:34:14
500110040,30,4,24,2024-12-19 07:47:15
500111012,30,6,24,2024-12-19 08:37:15
500101159,30,5,25,2024-12-19 08:03:15
500106084,30,5,25,2024-12-19 08:45:15
500108049,30,4,25,2024-12-19 07:42:15
500108078,30,4,26,2024-12-19 07:33:15
500109086,30,4,26,2024-12-19 08:24:15
500112067,30,2,27,2024-12-19 08:57:15
500112067,30,2,27,2024-12-19 07:57:16
500105010,30,1,28,2024-12-19 07:27:15
500105028,30,2,28,2024-12-19 07:43:15
500109086,30,2,28,2024-12-19 07:47:15
500112067,30,1,28,2024-12-19 08:10:16
500101125,30,1,29,2024-12-19 08:41:15
500111035,30,1,29,2024-12-19 07:26:15
500119009,30,1,29,2024-12-19 08:17:15
500107076,30,0,30,2024-12-19 08:08:15
500109003,30,0,30,2024-12-19 08:30:20
500107114,30,28,2,2024-12-19 00:47:15
500110061,30,21,9,2024-12-19 00:15:16
500111010,30,21,9,2024-12-19 00:07:15
500111035,30,21,9,2024-12-19 00:15:15
500112070,30,7,23,2024-12-19 00:03:15
500119074,30,1,28,2024-12-19 00:15:16
500104041,30,5,25,2024-12-19 23:47:14
500110061,30,16,14,2024-12-19 23:41:14
500104041,30,2,28,2024-12-19 00:18:14
500107114,30,28,2,2024-12-19 00:34:15
500119054,30,0,30,2024-12-19 23:59:15
500108045,30,18,11,2024-12-19 23:59:15
500108095,30,22,8,2024-12-19 22:37:15
500101142,30,5,25,2024-12-19 23:59:15
500108049,30,12,17,2024-12-19 22:52:15
500105028,30,18,12,2024-12-19 22:27:15
500110076,30,27,3,2024-12-19 01:12:15
500108043,30,5,24,2024-12-19 00:41:14
500104035,30,22,8,2024-12-19 00:44:15
500108049,30,22,8,2024-12-19 00:24:14
500105010,30,26,4,2024-12-19 00:25:16
500107076,30,8,22,2024-12-19 23:16:15
500109066,30,11,19,2024-12-19 22:13:15
500110076,30,19,11,2024-12-19 22:57:14
500105010,30,24,6,2024-12-19 23:18:15
500109079,30,29,0,2024-12-19 23:06:16
500107060,30,3,27,2024-12-19 22:03:15
500108045,30,15,14,2024-12-19 22:37:15
500103025,30,2,27,2024-12-19 21:39:15
500106078,30,3,27,2024-12-19 21:37:15
500107060,30,4,26,2024-12-19 21:33:16
500107113,30,6,22,2024-12-19 21:37:15
500108140,30,7,23,2024-12-19 20:24:15
500113069,30,10,20,2024-12-19 21:37:15
500107114,30,11,18,2024-12-19 21:39:15
500108049,30,14,16,2024-12-19 21:23:16
500111015,30,16,14,2024-12-19 21:34:15
500104041,30,17,13,2024-12-19 21:39:15
500104074,30,22,7,2024-12-19 21:21:15
500105028,30,14,16,2024-12-19 02:37:15
500107115,30,28,2,2024-12-19 02:45:16
500104051,30,11,19,2024-12-19 03:23:15
500107076,30,15,15,2024-12-19 04:21:15
500108095,30,18,12,2024-12-19 03:47:14
500110040,30,19,9,2024-12-19 04:02:15
500101142,30,10,20,2024-12-19 22:08:15
500107115,30,11,19,2024-12-19 21:57:15
500104035,30,17,13,2024-12-19 22:08:15
500112070,30,6,24,2024-12-19 01:23:15
500104035,30,21,9,2024-12-19 01:18:15
500107114,30,12,17,2024-12-19 21:58:15
500104074,30,24,5,2024-12-19 21:50:17
500107115,30,27,3,2024-12-19 03:42:14
500101026,30,6,24,2024-12-19 23:57:15
500106078,30,15,15,2024-12-19 00:09:14
500101026,30,18,12,2024-12-19 00:38:14
500108083,30,8,22,2024-12-19 01:44:14
500105028,30,13,17,2024-12-19 02:02:15
500103025,30,20,9,2024-12-19 01:55:16
500112067,30,7,22,2024-12-19 22:40:15
500119009,30,24,6,2024-12-19 04:28:15
500101125,30,9,10,2024-12-19 22:15:15
500111035,30,11,19,2024-12-19 22:16:15
500111015,30,20,10,2024-12-19 22:10:17
500112067,30,7,22,2024-12-19 22:23:15
500113041,30,14,16,2024-12-19 22:59:15
500101026,30,5,25,2024-12-19 23:31:15
500104051,30,14,16,2024-12-19 23:28:15
500111035,30,20,10,2024-12-19 23:32:14
500110032,30,25,0,2024-12-19 10:35:16
500119047,30,26,0,2024-12-19 13:01:17
500119047,30,25,1,2024-12-19 10:32:16
500105069,30,28,2,2024-12-19 10:14:15
500107115,30,28,2,2024-12-19 12:13:16
500107115,30,28,2,2024-12-19 11:57:16
500107115,30,28,2,2024-12-19 10:26:14
500101142,30,27,3,2024-12-19 11:18:16
500111011,30,27,3,2024-12-19 12:39:15
500111011,30,27,3,2024-12-19 12:15:16
500119047,30,27,3,2024-12-19 09:07:15
500107060,30,26,4,2024-12-19 09:34:15
500109024,30,15,4,2024-12-19 10:26:14
500110063,30,26,4,2024-12-19 12:48:15
500110063,30,26,4,2024-12-19 09:23:15
500110063,30,26,4,2024-12-19 12:09:16
500108095,30,25,5,2024-12-19 09:24:15
500101142,30,24,6,2024-12-19 09:31:15
500107115,30,24,6,2024-12-19 11:37:15
500110073,30,24,6,2024-12-19 09:15:15
500109024,30,19,7,2024-12-19 09:09:15
500110032,30,18,7,2024-12-19 10:04:16
500110032,30,18,7,2024-12-19 10:48:15
500110063,30,23,7,2024-12-19 11:40:17
500110066,30,23,7,2024-12-19 10:31:16
500108043,30,21,8,2024-12-19 10:27:16
500104074,30,19,9,2024-12-19 10:26:14
500108043,30,20,9,2024-12-19 11:14:15
500109092,30,21,9,2024-12-19 11:32:15
500101026,30,20,10,2024-12-19 12:43:15
500104074,30,18,10,2024-12-19 10:39:16
500109024,30,16,10,2024-12-19 10:11:15
500109092,30,20,10,2024-12-19 12:47:15
500110032,30,15,10,2024-12-19 09:47:15
500119074,30,19,10,2024-12-19 10:11:15
500103025,30,18,11,2024-12-19 10:17:16
500103025,30,17,12,2024-12-19 09:37:15
500109024,30,6,12,2024-12-19 11:36:15
500110032,30,13,12,2024-12-19 09:37:15
500109024,30,5,13,2024-12-19 12:38:14
500119074,30,16,13,2024-12-19 12:16:15
500105069,30,16,14,2024-12-19 10:37:16
500107113,30,14,14,2024-12-19 09:05:16
500108186,30,14,15,2024-12-19 11:09:15
500104041,30,14,16,2024-12-19 12:32:15
500107113,30,12,16,2024-12-19 10:22:16
500108188,30,14,16,2024-12-19 11:57:16
500110032,30,9,16,2024-12-19 12:25:16
500110040,30,11,17,2024-12-19 09:03:14
500108083,30,12,18,2024-12-19 09:47:15
500108083,30,12,18,2024-12-19 10:32:15
500108188,30,12,18,2024-12-19 10:26:14
500112070,30,11,18,2024-12-19 11:55:18
500106084,30,11,19,2024-12-19 09:21:15
500107060,30,11,19,2024-12-19 10:56:14
500101125,30,10,20,2024-12-19 12:48:15
500104041,30,10,20,2024-12-19 12:07:16
500109079,30,9,20,2024-12-19 11:23:14
500111010,30,10,20,2024-12-19 10:10:16
500111012,30,10,20,2024-12-19 10:01:16
500112070,30,9,20,2024-12-19 12:08:15
500113069,30,9,20,2024-12-19 12:05:17
500104041,30,9,21,2024-12-19 09:05:16
500110040,30,7,21,2024-12-19 09:54:15
500111010,30,9,21,2024-12-19 11:13:15
500101159,30,8,22,2024-12-19 10:48:15
500106078,30,8,22,2024-12-19 10:02:15
500108049,30,7,22,2024-12-19 08:59:15
500109079,30,7,22,2024-12-19 11:17:17
500111012,30,8,22,2024-12-19 12:18:15
500111035,30,8,22,2024-12-19 12:04:16
500113069,30,7,22,2024-12-19 11:56:15
500119054,30,4,22,2024-12-19 10:06:14
500103001,30,7,23,2024-12-19 11:58:16
500106084,30,7,23,2024-12-19 10:47:16
500111015,30,7,23,2024-12-19 09:26:15
500104041,30,6,24,2024-12-19 11:48:15
500104041,30,6,24,2024-12-19 11:03:16
500106084,30,6,24,2024-12-19 10:05:16
500106084,30,6,24,2024-12-19 11:16:15
500109010,30,6,24,2024-12-19 09:00:18
500111012,30,6,24,2024-12-19 12:55:15
500101125,30,5,25,2024-12-19 13:02:15
500104035,30,5,25,2024-12-19 11:48:15
500105010,30,4,25,2024-12-19 12:13:15
500106084,30,5,25,2024-12-19 10:26:14
500108049,30,4,25,2024-12-19 09:19:15
500111035,30,5,25,2024-12-19 12:38:15
500112070,30,4,25,2024-12-19 10:06:14
500104041,30,4,26,2024-12-19 09:09:15
500107076,30,4,26,2024-12-19 09:54:15
500113069,30,3,26,2024-12-19 09:17:16
500101125,30,3,27,2024-12-19 12:08:15
500104051,30,3,27,2024-12-19 11:04:15
500109010,30,3,27,2024-12-19 10:06:15
500110061,30,3,27,2024-12-19 12:27:15
500112067,30,2,27,2024-12-19 09:24:15
500111035,30,2,28,2024-12-19 10:27:16
500113041,30,2,28,2024-12-19 12:19:16
500108045,30,0,29,2024-12-19 10:00:18
500108049,30,0,29,2024-12-19 10:21:16
500109003,30,1,29,2024-12-19 11:58:16
500110076,30,1,29,2024-12-19 10:03:15
500119009,30,1,29,2024-12-19 11:38:15
500109003,30,0,30,2024-12-19 09:17:16
500111035,30,0,30,2024-12-19 10:45:16
500119009,30,0,30,2024-12-19 09:38:17
500109024,30,21,0,2024-12-19 18:24:15
500109024,30,20,1,2024-12-19 19:07:15
500110032,30,24,3,2024-12-19 18:08:16
500111012,30,27,3,2024-12-19 18:45:16
500109024,30,17,4,2024-12-19 19:37:16
500113069,30,26,4,2024-12-19 19:01:15
500101159,30,25,5,2024-12-19 21:09:16
500107113,30,23,5,2024-12-19 17:28:15
500101125,30,24,6,2024-12-19 19:34:15
500101159,30,24,6,2024-12-19 21:10:16
500109024,30,15,6,2024-12-19 20:13:15
500105069,30,23,7,2024-12-19 17:36:15
500108027,30,23,7,2024-12-19 18:08:16
500109024,30,11,7,2024-12-19 17:48:15
500108095,30,22,8,2024-12-19 17:16:16
500109079,30,21,8,2024-12-19 19:59:16
500110040,30,21,8,2024-12-19 18:17:15
500104041,30,21,9,2024-12-19 20:37:16
500104074,30,20,9,2024-12-19 20:58:14
500111011,30,21,9,2024-12-19 17:59:15
500104041,30,20,10,2024-12-19 20:48:15
500110040,30,19,10,2024-12-19 21:19:16
500110073,30,20,10,2024-12-19 18:38:16
500109055,30,19,11,2024-12-19 18:02:15
500110073,30,19,11,2024-12-19 18:02:15
500111010,30,19,11,2024-12-19 19:48:15
500105069,30,18,12,2024-12-19 18:46:15
500110040,30,17,12,2024-12-19 20:10:17
500110073,30,18,12,2024-12-19 17:54:15
500110073,30,18,12,2024-12-19 19:29:15
500111010,30,18,12,2024-12-19 20:59:15
500104041,30,17,13,2024-12-19 19:06:16
500107076,30,17,13,2024-12-19 18:57:15
500109055,30,17,13,2024-12-19 17:32:15
500104074,30,15,14,2024-12-19 20:21:15
500104074,30,15,14,2024-12-19 18:08:15
500110073,30,16,14,2024-12-19 19:34:15
500108045,30,15,15,2024-12-19 20:55:17
500109079,30,14,15,2024-12-19 17:34:15
500111015,30,15,15,2024-12-19 20:59:15
500101125,30,14,16,2024-12-19 18:36:16
500106084,30,14,16,2024-12-19 20:09:15
500110066,30,14,16,2024-12-19 19:07:15
500110076,30,14,16,2024-12-19 17:36:15
500110076,30,14,16,2024-12-19 19:00:18
500105010,30,13,17,2024-12-19 18:56:15
500105069,30,13,17,2024-12-19 20:08:15
500106084,30,13,17,2024-12-19 17:33:16
500108043,30,12,17,2024-12-19 18:15:17
500110032,30,13,17,2024-12-19 19:43:15
500112067,30,13,17,2024-12-19 18:58:16
500104041,30,12,18,2024-12-19 17:47:16
500104041,30,12,18,2024-12-19 18:16:16
500108045,30,12,18,2024-12-19 20:34:15
500108045,30,12,18,2024-12-19 18:46:15
500109079,30,11,18,2024-12-19 17:13:15
500110032,30,12,18,2024-12-19 20:32:15
500110032,30,12,18,2024-12-19 20:45:16
500103025,30,10,19,2024-12-19 21:20:16
500104123,30,11,19,2024-12-19 20:39:15
500107113,30,9,19,2024-12-19 18:11:15
500110073,30,11,19,2024-12-19 20:43:15
500111015,30,11,19,2024-12-19 18:18:16
500113036,30,10,19,2024-12-19 19:55:16
500104041,30,10,20,2024-12-19 17:59:15
500104123,30,10,20,2024-12-19 20:09:15
500108186,30,9,20,2024-12-19 19:01:15
500109092,30,10,20,2024-12-19 20:06:14
500111012,30,10,20,2024-12-19 18:18:16
500113036,30,9,20,2024-12-19 19:33:15
500113041,30,10,20,2024-12-19 20:28:15
500119047,30,10,20,2024-12-19 19:19:15
500101125,30,6,21,2024-12-19 20:39:15
500109086,30,9,21,2024-12-19 20:33:15
500109092,30,9,21,2024-12-19 20:25:15
500110032,30,9,21,2024-12-19 20:55:17
500113041,30,9,21,2024-12-19 19:53:15
500108043,30,7,22,2024-12-19 20:19:15
500110063,30,8,22,2024-12-19 20:59:15
500103001,30,7,23,2024-12-19 19:34:15
500107114,30,6,23,2024-12-19 19:46:15
500111015,30,7,23,2024-12-19 18:34:15
500119009,30,7,23,2024-12-19 20:58:15
500119047,30,7,23,2024-12-19 20:38:15
500119074,30,7,23,2024-12-19 18:18:16
500104051,30,6,24,2024-12-19 18:29:16
500108043,30,5,24,2024-12-19 21:16:15
500101125,30,2,25,2024-12-19 19:48:15
500107114,30,4,25,2024-12-19 18:18:16
500107130,30,5,25,2024-12-19 20:31:15
500110063,30,5,25,2024-12-19 18:42:16
500111011,30,5,25,2024-12-19 17:38:16
500106078,30,4,26,2024-12-19 17:36:15
500107060,30,4,26,2024-12-19 18:35:16
500109003,30,4,26,2024-12-19 19:07:15
500111010,30,4,26,2024-12-19 18:36:16
500113041,30,4,26,2024-12-19 17:40:17
500113041,30,4,26,2024-12-19 18:32:16
500119054,30,4,26,2024-12-19 19:37:16
500119087,30,4,26,2024-12-19 19:07:15
500119087,30,4,26,2024-12-19 19:45:15
500103001,30,3,27,2024-12-19 18:42:17
500103025,30,2,27,2024-12-19 17:45:16
500108027,30,3,27,2024-12-19 18:33:16
500109003,30,3,27,2024-12-19 17:28:14
500110061,30,3,27,2024-12-19 19:37:16
500101142,30,2,28,2024-12-19 19:07:16
500107060,30,2,28,2024-12-19 19:58:14
500110061,30,2,28,2024-12-19 18:07:15
500110063,30,2,28,2024-12-19 19:56:16
500113041,30,2,28,2024-12-19 18:18:16
500119009,30,2,28,2024-12-19 18:58:16
500119054,30,2,28,2024-12-19 20:20:16
500119087,30,2,28,2024-12-19 21:19:16
500101026,30,1,29,2024-12-19 18:07:16
500105028,30,1,29,2024-12-19 19:18:15
500110061,30,1,29,2024-12-19 19:20:17
500101026,30,0,30,2024-12-19 17:37:16
500101142,30,0,30,2024-12-19 20:36:15
500105028,30,0,30,2024-12-19 19:52:16
500108188,30,0,30,2024-12-19 20:00:20
500119054,30,0,30,2024-12-19 21:09:16
500119087,30,0,30,2024-12-19 20:08:15
500119074,30,30,0,2024-12-19 16:00:21
500119047,30,25,1,2024-12-19 13:46:16
500101142,30,28,2,2024-12-19 14:51:15
500110073,30,28,2,2024-12-19 14:28:15
500107115,30,26,4,2024-12-19 13:42:15
500110073,30,26,4,2024-12-19 14:58:15
500119054,30,26,4,2024-12-19 16:46:15
500101142,30,25,5,2024-12-19 15:15:15
500101159,30,25,5,2024-12-19 16:53:15
500111011,30,25,5,2024-12-19 13:27:15
500101159,30,24,6,2024-12-19 15:47:14
500107115,30,24,6,2024-12-19 16:30:16
500110063,30,23,7,2024-12-19 15:53:14
500110063,30,23,7,2024-12-19 14:59:15
500111035,30,23,7,2024-12-19 17:16:16
500108083,30,21,9,2024-12-19 13:40:16
500110032,30,16,9,2024-12-19 15:20:15
500108043,30,19,10,2024-12-19 16:31:15
500101142,30,19,11,2024-12-19 16:56:15
500108043,30,18,11,2024-12-19 17:08:16
500110032,30,14,11,2024-12-19 16:38:15
500103025,30,16,13,2024-12-19 15:58:15
500112067,30,16,13,2024-12-19 16:43:14
500112070,30,16,13,2024-12-19 14:55:16
500112070,30,14,15,2024-12-19 15:18:15
500110066,30,14,16,2024-12-19 14:08:15
500108186,30,12,17,2024-12-19 15:53:14
500110066,30,13,17,2024-12-19 14:24:15
500113069,30,12,17,2024-12-19 13:42:15
500104035,30,12,18,2024-12-19 15:15:16
500108027,30,12,18,2024-12-19 15:37:15
500108027,30,12,18,2024-12-19 16:55:17
500108188,30,12,18,2024-12-19 16:21:14
500109010,30,12,18,2024-12-19 16:56:15
500111015,30,12,18,2024-12-19 17:10:17
500119087,30,5,18,2024-12-19 17:03:16
500104035,30,11,19,2024-12-19 16:56:15
500106084,30,11,19,2024-12-19 16:25:16
500108027,30,11,19,2024-12-19 15:26:15
500107076,30,10,20,2024-12-19 15:51:15
500110040,30,9,20,2024-12-19 15:10:15
500111012,30,10,20,2024-12-19 17:08:16
500112067,30,9,20,2024-12-19 15:19:16
500109003,30,9,21,2024-12-19 16:36:15
500110040,30,8,21,2024-12-19 16:22:16
500111010,30,9,21,2024-12-19 17:06:16
500112067,30,8,21,2024-12-19 13:25:15
500119009,30,9,21,2024-12-19 16:57:16
500110076,30,8,22,2024-12-19 17:16:16
500111015,30,8,22,2024-12-19 15:18:15
500112067,30,7,22,2024-12-19 13:55:16
500112067,30,7,22,2024-12-19 14:15:16
500106078,30,6,24,2024-12-19 13:10:16
500109066,30,6,24,2024-12-19 16:12:15
500110063,30,6,24,2024-12-19 17:17:16
500110076,30,6,24,2024-12-19 14:36:16
500105010,30,5,25,2024-12-19 16:28:14
500108049,30,5,25,2024-12-19 17:08:16
500109066,30,5,25,2024-12-19 17:07:15
500105010,30,3,27,2024-12-19 15:18:15
500105028,30,3,27,2024-12-19 15:55:16
500105028,30,3,27,2024-12-19 16:25:16
500106078,30,3,27,2024-12-19 14:40:15
500108049,30,3,27,2024-12-19 16:16:15
500109066,30,3,27,2024-12-19 15:36:15
500109079,30,2,27,2024-12-19 16:27:16
500109086,30,3,27,2024-12-19 17:00:17
500104123,30,2,28,2024-12-19 15:36:15
500109079,30,1,28,2024-12-19 15:08:14
500109079,30,1,28,2024-12-19 14:13:15
500109086,30,2,28,2024-12-19 16:55:16
500113041,30,2,28,2024-12-19 15:27:15
500109079,30,0,29,2024-12-19 14:58:15
500101026,30,0,30,2024-12-19 16:58:16
500106078,30,0,30,2024-12-19 16:45:17
500103025,30,28,1,2024-12-19 08:03:15
500107115,30,27,3,2024-12-19 05:36:15
500101125,30,12,6,2024-12-19 06:55:16
500105010,30,23,6,2024-12-19 06:27:15
500111035,30,24,6,2024-12-19 04:51:15
500119047,30,24,6,2024-12-19 08:24:15
500109003,30,23,7,2024-12-19 05:34:15
500101125,30,15,8,2024-12-19 07:27:15
500101125,30,8,8,2024-12-19 06:11:14
500103025,30,21,8,2024-12-19 06:11:14
500109079,30,20,8,2024-12-19 06:19:15
500104035,30,21,9,2024-12-19 05:50:15
500113041,30,21,9,2024-12-19 05:19:14
500103025,30,19,10,2024-12-19 05:28:14
500110032,30,20,10,2024-12-19 08:17:15
500110061,30,20,10,2024-12-19 04:53:14
500113041,30,20,10,2024-12-19 05:56:14
500104035,30,18,12,2024-12-19 08:36:15
500108027,30,18,12,2024-12-19 06:36:14
500109086,30,18,12,2024-12-19 05:43:14
500111012,30,18,12,2024-12-19 08:47:15
500101142,30,17,13,2024-12-19 07:59:15
500104035,30,17,13,2024-12-19 07:25:15
500104123,30,17,13,2024-12-19 07:54:15
500107060,30,17,13,2024-12-19 08:15:15
500109055,30,17,13,2024-12-19 07:46:15
500113041,30,17,13,2024-12-19 07:20:16
500119047,30,17,13,2024-12-19 08:15:16
500101142,30,16,14,2024-12-19 07:31:16
500104041,30,16,14,2024-12-19 07:16:15
500110073,30,16,14,2024-12-19 08:25:16
500113041,30,16,14,2024-12-19 08:14:16
500107114,30,15,15,2024-12-19 08:57:14
500111010,30,15,15,2024-12-19 07:59:15
500113036,30,13,15,2024-12-19 07:10:16
500101026,30,14,16,2024-12-19 08:11:16
500101142,30,14,16,2024-12-19 06:39:15
500104041,30,14,16,2024-12-19 07:56:15
500108095,30,14,16,2024-12-19 07:15:17
500110063,30,14,16,2024-12-19 06:05:16
500110073,30,14,16,2024-12-19 08:13:15
500111011,30,14,16,2024-12-19 07:46:15
500104035,30,13,17,2024-12-19 08:55:16
500107015,30,13,17,2024-12-19 08:27:16
500109066,30,13,17,2024-12-19 07:57:16
500110040,30,11,17,2024-12-19 07:25:15
500103001,30,11,18,2024-12-19 07:56:15
500104054,30,10,18,2024-12-19 07:54:15
500107113,30,10,18,2024-12-19 08:14:16
500119087,30,12,18,2024-12-19 08:13:15
500104054,30,9,19,2024-12-19 06:56:15
500119047,30,11,19,2024-12-19 08:03:15
500119074,30,10,19,2024-12-19 08:37:15
500111011,30,10,20,2024-12-19 07:17:14
500113069,30,9,20,2024-12-19 07:53:16
500106084,30,9,21,2024-12-19 06:46:15
500108186,30,9,21,2024-12-19 07:56:15
500109024,30,5,21,2024-12-19 06:45:16
500112070,30,8,21,2024-12-19 06:55:16
500108188,30,8,22,2024-12-19 06:44:14
500110032,30,8,22,2024-12-19 07:16:14
500112070,30,7,22,2024-12-19 06:46:15
500107113,30,5,23,2024-12-19 07:05:15
500108027,30,7,23,2024-12-19 08:25:16
500107113,30,4,24,2024-12-19 08:36:14
500108078,30,6,24,2024-12-19 06:43:15
500109066,30,6,24,2024-12-19 08:15:15
500110061,30,6,24,2024-12-19 08:54:15
500111011,30,6,24,2024-12-19 06:56:15
500113069,30,5,24,2024-12-19 08:15:16
500119074,30,5,24,2024-12-19 08:46:15
500104041,30,5,25,2024-12-19 08:26:15
500109079,30,3,25,2024-12-19 07:42:15
500109086,30,5,25,2024-12-19 07:27:15
500106084,30,4,26,2024-12-19 07:56:15
500113069,30,3,26,2024-12-19 08:49:15
500101159,30,3,27,2024-12-19 08:36:14
500108049,30,2,27,2024-12-19 07:56:15
500109079,30,1,27,2024-12-19 08:47:15
500110073,30,3,27,2024-12-19 06:25:15
500110073,30,2,28,2024-12-19 04:44:14
500111035,30,2,28,2024-12-19 08:47:15
500119074,30,1,28,2024-12-19 08:57:16
500105028,30,1,29,2024-12-19 07:36:15
500110076,30,0,30,2024-12-19 08:46:14
500104041,30,1,29,2024-12-19 00:26:15
500109079,30,26,2,2024-12-19 00:02:15
500113036,30,19,10,2024-12-19 00:26:15
500119087,30,1,29,2024-12-19 00:17:15
500109086,30,5,25,2024-12-19 23:41:14
500107015,30,16,14,2024-12-19 23:42:15
500110032,30,2,28,2024-12-19 00:26:15
500108083,30,7,23,2024-12-19 00:17:15
500106078,30,16,14,2024-12-19 01:15:15
500113036,30,21,8,2024-12-19 01:04:14
500119009,30,30,0,2024-12-19 01:01:20
500109086,30,4,26,2024-12-19 23:15:14
500111010,30,19,11,2024-12-19 22:26:15
500119087,30,0,30,2024-12-19 21:28:16
500109010,30,12,18,2024-12-19 22:31:16
500110032,30,15,15,2024-12-19 22:33:15
500101142,30,5,25,2024-12-19 21:35:16
500107130,30,7,23,2024-12-19 21:37:15
500109066,30,9,21,2024-12-19 19:51:15
500110066,30,13,17,2024-12-19 21:33:16
500105028,30,15,15,2024-12-19 21:32:15
500108083,30,15,15,2024-12-19 21:23:16
500104035,30,21,9,2024-12-19 21:39:15
500111035,30,22,8,2024-12-19 21:38:14
500108140,30,3,27,2024-12-19 01:54:15
500108083,30,4,26,2024-12-19 01:59:15
500112070,30,7,23,2024-12-19 02:59:15
500111010,30,18,12,2024-12-19 04:03:14
500113036,30,19,9,2024-12-19 03:51:15
500112070,30,0,30,2024-12-19 22:09:15
500109003,30,7,23,2024-12-19 21:46:15
500101125,30,10,9,2024-12-19 22:09:15
500111010,30,18,12,2024-12-19 21:55:17
500103001,30,23,7,2024-12-19 01:23:15
500110032,30,12,18,2024-12-19 21:53:15
500104051,30,13,17,2024-12-19 21:40:16
500108083,30,15,15,2024-12-19 21:53:15
500104035,30,18,12,2024-12-19 21:58:14
500111015,30,18,12,2024-12-19 21:59:15
500113069,30,11,19,2024-12-19 03:09:15
500110076,30,18,12,2024-12-19 23:31:15
500110076,30,28,2,2024-12-19 00:40:16
500110073,30,1,29,2024-12-19 01:43:15
500107114,30,29,1,2024-12-19 02:08:15
500101142,30,9,21,2024-12-19 22:40:15
500110032,30,16,14,2024-12-19 22:49:15
500113069,30,9,21,2024-12-19 23:05:15
500112070,30,0,30,2024-12-19 22:19:15
500110032,30,14,16,2024-12-19 22:15:16
500101159,30,23,7,2024-12-19 22:13:15
500112070,30,5,24,2024-12-19 04:05:15
500103025,30,3,26,2024-12-19 22:21:14
500103025,30,0,29,2024-12-19 23:30:19
500103001,30,9,21,2024-12-19 23:29:14
500119054,30,26,0,2024-12-19 09:24:15
500119087,30,25,0,2024-12-19 12:19:15
500107115,30,29,1,2024-12-19 10:15:16
500108027,30,28,2,2024-12-19 11:07:16
500119047,30,24,2,2024-12-19 11:06:15
500108027,30,27,3,2024-12-19 09:44:15
500110063,30,27,3,2024-12-19 09:35:16
500119074,30,26,3,2024-12-19 11:47:16
500119074,30,26,3,2024-12-19 10:46:14
500107113,30,24,4,2024-12-19 12:36:15
500108027,30,26,4,2024-12-19 09:06:15
500105069,30,25,5,2024-12-19 09:05:16
500105069,30,25,5,2024-12-19 09:39:15
500107113,30,23,5,2024-12-19 12:28:15
500110063,30,25,5,2024-12-19 09:57:15
500110063,30,25,5,2024-12-19 10:38:15
500105069,30,24,6,2024-12-19 12:06:16
500108027,30,24,6,2024-12-19 12:02:15
500110032,30,19,6,2024-12-19 11:27:15
500110063,30,24,6,2024-12-19 10:46:15
500111011,30,24,6,2024-12-19 09:06:15
500101142,30,23,7,2024-12-19 09:27:15
500108140,30,23,7,2024-12-19 09:23:15
500101159,30,22,8,2024-12-19 13:06:14
500104074,30,20,8,2024-12-19 10:18:15
500110066,30,22,8,2024-12-19 12:19:15
500110073,30,22,8,2024-12-19 11:42:16
500108043,30,20,9,2024-12-19 12:47:15
500108043,30,20,9,2024-12-19 10:01:16
500110066,30,21,9,2024-12-19 12:24:16
500110066,30,21,9,2024-12-19 11:36:15
500119087,30,16,9,2024-12-19 11:04:15
500104074,30,17,11,2024-12-19 09:56:16
500107114,30,19,11,2024-12-19 09:09:15
500108083,30,19,11,2024-12-19 12:26:15
500112070,30,18,11,2024-12-19 11:38:15
500107113,30,16,12,2024-12-19 09:24:15
500108043,30,17,12,2024-12-19 09:44:15
500109024,30,13,13,2024-12-19 09:46:16
500119074,30,16,13,2024-12-19 10:07:16
500103025,30,14,15,2024-12-19 10:45:16
500104041,30,15,15,2024-12-19 12:17:16
500104054,30,15,15,2024-12-19 09:26:15
500106084,30,15,15,2024-12-19 12:45:16
500109055,30,15,15,2024-12-19 12:03:14
500119054,30,11,15,2024-12-19 11:17:15
500112070,30,13,16,2024-12-19 11:08:15
500119054,30,10,16,2024-12-19 10:57:15
500108188,30,13,17,2024-12-19 10:42:15
500103001,30,12,18,2024-12-19 09:59:15
500107015,30,12,18,2024-12-19 12:35:16
500113069,30,11,18,2024-12-19 13:07:15
500119074,30,11,18,2024-12-19 09:45:15
500106084,30,11,19,2024-12-19 09:47:15
500101125,30,10,20,2024-12-19 12:28:15
500105028,30,10,20,2024-12-19 10:39:16
500106084,30,10,20,2024-12-19 11:43:15
500107113,30,8,20,2024-12-19 11:04:15
500108083,30,10,20,2024-12-19 09:36:14
500109079,30,9,20,2024-12-19 09:03:14
500111010,30,10,20,2024-12-19 09:29:15
500101159,30,9,21,2024-12-19 11:16:15
500105028,30,9,21,2024-12-19 11:52:15
500108045,30,8,21,2024-12-19 11:13:15
500104123,30,8,22,2024-12-19 10:38:15
500105028,30,8,22,2024-12-19 11:17:15
500109079,30,7,22,2024-12-19 11:43:14
500110040,30,6,22,2024-12-19 10:48:15
500110061,30,8,22,2024-12-19 09:37:15
500111010,30,8,22,2024-12-19 12:04:16
500108049,30,6,23,2024-12-19 12:18:15
500110040,30,5,23,2024-12-19 10:38:15
500101159,30,6,24,2024-12-19 09:45:15
500105010,30,5,24,2024-12-19 11:38:15
500106078,30,6,24,2024-12-19 11:11:15
500107076,30,6,24,2024-12-19 09:44:15
500109079,30,5,24,2024-12-19 12:04:15
500111012,30,6,24,2024-12-19 12:36:14
500103025,30,4,25,2024-12-19 12:16:15
500105010,30,4,25,2024-12-19 11:23:15
500106078,30,5,25,2024-12-19 12:06:16
500110040,30,3,25,2024-12-19 11:26:15
500110061,30,5,25,2024-12-19 10:35:16
500110076,30,5,25,2024-12-19 10:56:15
500112067,30,4,25,2024-12-19 11:36:15
500104041,30,4,26,2024-12-19 09:24:15
500104041,30,4,26,2024-12-19 09:56:15
500104041,30,4,26,2024-12-19 10:24:15
500104051,30,4,26,2024-12-19 11:26:15
500107130,30,4,26,2024-12-19 12:54:15
500109066,30,4,26,2024-12-19 09:30:16
500113041,30,4,26,2024-12-19 12:06:16
500113041,30,4,26,2024-12-19 10:26:14
500107130,30,3,27,2024-12-19 09:39:15
500110061,30,3,27,2024-12-19 09:57:15
500112070,30,2,27,2024-12-19 09:06:15
500113036,30,2,27,2024-12-19 09:06:15
500104123,30,2,28,2024-12-19 11:40:17
500108045,30,1,28,2024-12-19 09:19:15
500110076,30,2,28,2024-12-19 09:55:17
500101125,30,1,29,2024-12-19 09:38:14
500101125,30,1,29,2024-12-19 11:48:15
500109003,30,1,29,2024-12-19 12:53:14
500109003,30,0,30,2024-12-19 09:07:16
500119009,30,0,30,2024-12-19 11:07:16
500111035,30,30,0,2024-12-19 18:36:16
500104035,30,29,1,2024-12-19 20:26:16
500111035,30,29,1,2024-12-19 18:08:16
500104035,30,27,3,2024-12-19 20:08:14
500111035,30,27,3,2024-12-19 19:29:15
500111035,30,27,3,2024-12-19 19:44:15
500109055,30,26,4,2024-12-19 19:58:15
500109079,30,25,4,2024-12-19 20:59:15
500111035,30,26,4,2024-12-19 20:23:15
500104074,30,23,6,2024-12-19 21:17:15
500109055,30,24,6,2024-12-19 18:56:15
500113069,30,24,6,2024-12-19 20:13:15
500103025,30,22,7,2024-12-19 18:23:16
500105069,30,22,8,2024-12-19 17:55:17
500104035,30,21,9,2024-12-19 19:49:15
500111010,30,20,10,2024-12-19 20:02:15
500111012,30,20,10,2024-12-19 21:08:15
500110073,30,19,11,2024-12-19 19:18:15
500112070,30,19,11,2024-12-19 19:07:15
500109055,30,18,12,2024-12-19 17:50:16
500112070,30,18,12,2024-12-19 18:37:15
500111011,30,17,13,2024-12-19 18:08:16
500111015,30,17,13,2024-12-19 17:36:15
500119047,30,17,13,2024-12-19 18:48:15
500104041,30,16,14,2024-12-19 20:57:16
500104074,30,15,14,2024-12-19 17:53:15
500108083,30,16,14,2024-12-19 19:47:15
500112067,30,15,14,2024-12-19 20:58:15
500113069,30,16,14,2024-12-19 20:38:15
500104041,30,15,15,2024-12-19 18:38:16
500104074,30,14,15,2024-12-19 17:39:15
500105010,30,15,15,2024-12-19 19:05:16
500108043,30,14,15,2024-12-19 17:26:15
500108045,30,15,15,2024-12-19 21:09:16
500108049,30,15,15,2024-12-19 21:05:16
500108083,30,15,15,2024-12-19 18:55:17
500108140,30,15,15,2024-12-19 18:17:15
500110066,30,15,15,2024-12-19 17:36:15
500110076,30,15,15,2024-12-19 21:18:15
500110076,30,15,15,2024-12-19 18:54:15
500111011,30,15,15,2024-12-19 18:45:16
500112067,30,14,15,2024-12-19 20:48:15
500103001,30,14,16,2024-12-19 17:25:16
500104054,30,14,16,2024-12-19 18:30:17
500110076,30,14,16,2024-12-19 20:30:17
500111011,30,14,16,2024-12-19 19:17:15
500101125,30,10,17,2024-12-19 21:07:16
500101125,30,13,17,2024-12-19 18:40:17
500103001,30,13,17,2024-12-19 20:16:16
500108140,30,13,17,2024-12-19 18:29:16
500110032,30,13,17,2024-12-19 19:56:16
500104041,30,12,18,2024-12-19 18:58:16
500107115,30,12,18,2024-12-19 18:17:15
500108043,30,11,18,2024-12-19 18:28:16
500108140,30,12,18,2024-12-19 18:32:15
500108186,30,10,19,2024-12-19 17:33:16
500110061,30,11,19,2024-12-19 17:28:15
500110066,30,11,19,2024-12-19 19:59:15
500104041,30,10,20,2024-12-19 18:06:15
500107076,30,10,20,2024-12-19 20:48:15
500109092,30,10,20,2024-12-19 19:28:15
500110032,30,10,20,2024-12-19 20:13:15
500105069,30,9,21,2024-12-19 21:18:15
500107115,30,9,21,2024-12-19 18:56:15
500111010,30,9,21,2024-12-19 17:59:15
500111011,30,9,21,2024-12-19 20:57:16
500111012,30,9,21,2024-12-19 18:29:16
500107060,30,8,22,2024-12-19 17:28:14
500108188,30,8,22,2024-12-19 17:26:15
500109066,30,8,22,2024-12-19 18:37:15
500110063,30,8,22,2024-12-19 21:07:16
500111012,30,8,22,2024-12-19 18:38:16
500101125,30,4,23,2024-12-19 20:12:15
500107076,30,7,23,2024-12-19 20:04:16
500104123,30,6,24,2024-12-19 16:46:14
500105010,30,6,24,2024-12-19 17:51:16
500107114,30,5,24,2024-12-19 19:28:15
500109003,30,6,24,2024-12-19 20:48:15
500107113,30,3,25,2024-12-19 18:08:16
500109086,30,4,26,2024-12-19 17:31:15
500110061,30,4,26,2024-12-19 20:27:14
500110061,30,4,26,2024-12-19 19:48:15
500119009,30,4,26,2024-12-19 20:48:15
500107060,30,3,27,2024-12-19 19:06:16
500107060,30,3,27,2024-12-19 21:13:16
500107060,30,3,27,2024-12-19 18:55:17
500107130,30,3,27,2024-12-19 17:18:16
500119009,30,3,27,2024-12-19 19:45:16
500119074,30,3,27,2024-12-19 20:06:15
500106078,30,2,28,2024-12-19 20:46:15
500108027,30,2,28,2024-12-19 18:56:15
500108188,30,2,28,2024-12-19 18:27:15
500110061,30,2,28,2024-12-19 19:19:15
500110063,30,2,28,2024-12-19 17:47:16
500101142,30,1,29,2024-12-19 18:25:17
500106078,30,1,29,2024-12-19 17:27:16
500107114,30,0,29,2024-12-19 18:28:15
500109003,30,1,29,2024-12-19 17:59:16
500119054,30,1,29,2024-12-19 20:59:17
500119054,30,1,29,2024-12-19 18:18:16
500101026,30,0,30,2024-12-19 17:58:16
500108188,30,0,30,2024-12-19 19:58:15
500108188,30,0,30,2024-12-19 18:36:16
500112070,30,0,30,2024-12-19 21:18:14
500119009,30,0,30,2024-12-19 18:48:16
500119054,30,0,30,2024-12-19 18:05:17
500119054,30,0,30,2024-12-19 18:43:15
500119087,30,0,30,2024-12-19 20:49:14
500107113,30,28,0,2024-12-19 15:17:16
500119087,30,23,0,2024-12-19 14:56:16
500119087,30,23,0,2024-12-19 15:05:17
500107113,30,27,1,2024-12-19 15:21:16
500119074,30,29,1,2024-12-19 14:58:15
500119087,30,22,1,2024-12-19 13:12:15
500119087,30,22,1,2024-12-19 13:27:16
500107113,30,24,4,2024-12-19 17:11:16
500108140,30,26,4,2024-12-19 16:51:15
500119047,30,22,4,2024-12-19 17:05:17
500101142,30,25,5,2024-12-19 14:12:14
500101159,30,25,5,2024-12-19 13:49:15
500107113,30,22,6,2024-12-19 13:17:15
500112070,30,24,6,2024-12-19 16:47:15
500108083,30,23,7,2024-12-19 15:25:15
500108083,30,23,7,2024-12-19 14:06:15
500108083,30,22,8,2024-12-19 13:35:15
500108083,30,22,8,2024-12-19 15:18:15
500110032,30,17,8,2024-12-19 15:07:15
500110063,30,22,8,2024-12-19 14:52:15
500111011,30,22,8,2024-12-19 14:19:15
500108043,30,20,9,2024-12-19 14:13:15
500108095,30,21,9,2024-12-19 17:04:15
500111011,30,20,10,2024-12-19 16:08:16
500112067,30,19,10,2024-12-19 16:58:15
500109092,30,19,11,2024-12-19 15:33:15
500110032,30,14,11,2024-12-19 14:28:15
500101026,30,18,12,2024-12-19 16:02:15
500108083,30,17,13,2024-12-19 17:00:17
500107060,30,16,14,2024-12-19 16:58:15
500108083,30,16,14,2024-12-19 17:10:17
500103025,30,14,15,2024-12-19 15:45:15
500112067,30,14,15,2024-12-19 16:32:15
500104074,30,13,16,2024-12-19 13:22:15
500107060,30,14,16,2024-12-19 17:05:17
500111012,30,14,16,2024-12-19 15:19:15
500108188,30,13,17,2024-12-19 16:38:14
500110066,30,13,17,2024-12-19 14:57:15
500113069,30,12,17,2024-12-19 13:10:16
500119054,30,9,17,2024-12-19 15:58:15
500106084,30,12,18,2024-12-19 14:40:15
500110061,30,12,18,2024-12-19 15:29:15
500103025,30,10,19,2024-12-19 16:32:15
500107015,30,11,19,2024-12-19 14:25:16
500110061,30,11,19,2024-12-19 15:19:16
500101125,30,10,20,2024-12-19 16:48:16
500104035,30,10,20,2024-12-19 14:15:16
500105028,30,10,20,2024-12-19 15:07:15
500106084,30,10,20,2024-12-19 16:46:15
500109010,30,10,20,2024-12-19 15:55:16
500109079,30,9,20,2024-12-19 17:07:15
500119054,30,6,20,2024-12-19 13:55:16
500101125,30,9,21,2024-12-19 15:58:15
500103001,30,9,21,2024-12-19 17:08:16
500104074,30,8,21,2024-12-19 16:52:15
500107076,30,9,21,2024-12-19 14:13:15
500110061,30,9,21,2024-12-19 14:39:16
500113036,30,8,21,2024-12-19 14:56:14
500119009,30,9,21,2024-12-19 15:35:16
500119054,30,5,21,2024-12-19 13:16:15
500119054,30,5,21,2024-12-19 14:16:16
500103001,30,8,22,2024-12-19 13:48:15
500104035,30,8,22,2024-12-19 17:15:16
500106084,30,8,22,2024-12-19 17:08:15
500106084,30,7,23,2024-12-19 15:47:15
500107076,30,7,23,2024-12-19 17:00:17
500108045,30,6,23,2024-12-19 14:19:15
500110040,30,6,23,2024-12-19 13:50:16
500111012,30,7,23,2024-12-19 16:57:15
500111035,30,7,23,2024-12-19 15:47:15
500111035,30,7,23,2024-12-19 13:29:15
500107076,30,6,24,2024-12-19 16:42:15
500111035,30,6,24,2024-12-19 15:36:15
500101125,30,5,25,2024-12-19 13:38:16
500105028,30,5,25,2024-12-19 16:52:15
500107114,30,4,25,2024-12-19 16:03:15
500107114,30,4,25,2024-12-19 13:46:16
500110076,30,5,25,2024-12-19 14:51:15
500113041,30,5,25,2024-12-19 14:44:15
500113041,30,4,26,2024-12-19 13:27:15
500104123,30,3,27,2024-12-19 15:27:15
500105028,30,3,27,2024-12-19 17:08:16
500109079,30,1,28,2024-12-19 15:10:18
500106078,30,1,29,2024-12-19 16:58:15
500119009,30,0,30,2024-12-19 15:08:16
500119009,30,0,30,2024-12-19 15:18:15
500110061,30,3,27,2024-12-19 21:48:15
500109024,30,26,0,2024-12-19 08:37:16
500109024,30,25,1,2024-12-19 08:27:16
500104074,30,26,2,2024-12-19 06:00:16
500101125,30,15,3,2024-12-19 06:37:15
500104074,30,25,3,2024-12-19 06:43:15
500110063,30,26,4,2024-12-19 07:46:15
500119047,30,26,4,2024-12-19 08:34:15
500101125,30,11,5,2024-12-19 04:55:16
500101125,30,13,5,2024-12-19 06:46:15
500103001,30,25,5,2024-12-19 06:52:15
500110063,30,25,5,2024-12-19 08:34:15
500111035,30,25,5,2024-12-19 05:11:15
500103025,30,23,6,2024-12-19 06:48:15
500110073,30,24,6,2024-12-19 08:56:16
500111011,30,24,6,2024-12-19 08:27:16
500119009,30,24,6,2024-12-19 07:12:15
500110061,30,22,8,2024-12-19 07:27:14
500110063,30,22,8,2024-12-19 07:17:14
500109055,30,21,9,2024-12-19 06:10:16
500110061,30,21,9,2024-12-19 06:53:15
500110066,30,21,9,2024-12-19 07:45:16
500110066,30,20,10,2024-12-19 06:54:16
500111015,30,19,10,2024-12-19 06:52:15
500107114,30,19,11,2024-12-19 06:22:14
500109024,30,15,11,2024-12-19 07:49:16
500101142,30,17,13,2024-12-19 07:11:15
500108049,30,16,13,2024-12-19 06:26:15
500109055,30,17,13,2024-12-19 07:51:15
500110061,30,17,13,2024-12-19 05:47:15
500101026,30,16,14,2024-12-19 08:26:14
500108045,30,15,14,2024-12-19 07:45:16
500108083,30,16,14,2024-12-19 08:27:16
500101026,30,15,15,2024-12-19 07:47:15
500101142,30,15,15,2024-12-19 08:25:16
500107060,30,15,15,2024-12-19 08:47:15
500108095,30,15,15,2024-12-19 06:54:15
500109003,30,15,15,2024-12-19 06:52:15
500110063,30,15,15,2024-12-19 06:13:14
500107076,30,14,16,2024-12-19 06:15:16
500110040,30,12,16,2024-12-19 06:47:15
500101026,30,13,17,2024-12-19 07:16:15
500104035,30,13,17,2024-12-19 08:45:16
500104123,30,13,17,2024-12-19 08:18:15
500110032,30,13,17,2024-12-19 08:03:15
500105069,30,12,18,2024-12-19 06:15:16
500107114,30,12,18,2024-12-19 07:47:15
500108049,30,11,18,2024-12-19 08:40:17
500113069,30,11,18,2024-12-19 07:37:15
500113069,30,11,18,2024-12-19 05:57:15
500108043,30,10,19,2024-12-19 08:27:16
500111010,30,11,19,2024-12-19 08:26:15
500101142,30,10,20,2024-12-19 06:20:15
500105028,30,10,20,2024-12-19 05:50:15
500107113,30,8,20,2024-12-19 06:41:15
500109066,30,10,20,2024-12-19 07:35:16
500111010,30,10,20,2024-12-19 08:37:15
500108027,30,9,21,2024-12-19 08:17:15
500108049,30,8,21,2024-12-19 08:57:15
500109086,30,9,21,2024-12-19 06:44:15
500110073,30,9,21,2024-12-19 07:34:15
500112070,30,8,21,2024-12-19 08:46:15
500104054,30,8,22,2024-12-19 08:39:15
500105028,30,8,22,2024-12-19 06:44:14
500107113,30,6,22,2024-12-19 08:45:16
500107130,30,8,22,2024-12-19 08:33:16
500109024,30,4,22,2024-12-19 06:34:15
500112070,30,7,22,2024-12-19 08:03:15
500108045,30,6,23,2024-12-19 08:26:15
500109003,30,7,23,2024-12-19 08:03:15
500110032,30,7,23,2024-12-19 07:27:15
500105010,30,5,24,2024-12-19 07:57:16
500107114,30,6,24,2024-12-19 08:27:16
500109010,30,6,24,2024-12-19 06:15:15
500109024,30,2,24,2024-12-19 06:04:14
500119087,30,6,24,2024-12-19 07:57:16
500107060,30,5,25,2024-12-19 06:32:15
500113069,30,4,25,2024-12-19 08:37:15
500105028,30,4,26,2024-12-19 07:25:15
500107060,30,4,26,2024-12-19 05:35:16
500107113,30,2,26,2024-12-19 07:56:15
500101125,30,3,27,2024-12-19 08:37:15
500108078,30,3,27,2024-12-19 08:16:15
500119087,30,3,27,2024-12-19 07:43:15
500119047,30,2,28,2024-12-19 05:50:15
500119087,30,2,28,2024-12-19 06:00:17
500105010,30,0,29,2024-12-19 08:41:15
500107076,30,1,29,2024-12-19 08:03:15
500109092,30,1,29,2024-12-19 07:28:15
500107076,30,0,30,2024-12-19 08:35:17
500108186,30,0,30,2024-12-19 08:36:15
500104035,30,20,10,2024-12-19 00:33:15
500105010,30,25,5,2024-12-19 00:03:16
500108027,30,17,13,2024-12-19 00:05:15
500111010,30,19,11,2024-12-19 00:10:15
500111015,30,22,8,2024-12-19 00:56:14
500113036,30,20,9,2024-12-19 00:54:15
500106084,30,7,23,2024-12-19 00:18:15
500119009,30,29,1,2024-12-19 00:57:15
500108078,30,2,28,2024-12-19 17:21:14
500101159,30,25,5,2024-12-19 23:02:14
500119087,30,0,30,2024-12-19 23:53:15
500109010,30,11,19,2024-12-19 23:37:14
500113069,30,10,20,2024-12-19 01:04:14
500111010,30,18,12,2024-12-19 00:40:16
500110040,30,19,9,2024-12-19 00:39:15
500103001,30,23,7,2024-12-19 01:16:15
500109003,30,23,7,2024-12-19 00:18:15
500119054,30,0,30,2024-12-19 22:57:16
500108140,30,4,26,2024-12-19 23:07:15
500107015,30,16,14,2024-12-19 23:16:15
500111035,30,22,8,2024-12-19 23:10:15
500110063,30,3,27,2024-12-19 22:02:15
500112070,30,3,27,2024-12-19 22:38:14
500113069,30,7,23,2024-12-19 22:24:14
500111012,30,17,13,2024-12-19 21:22:15
500113036,30,11,18,2024-12-19 21:18:15
500112067,30,13,16,2024-12-19 21:39:15
500110073,30,14,16,2024-12-19 21:34:15
500113041,30,14,16,2024-12-19 21:28:15
500101026,30,16,14,2024-12-19 21:36:15
500107015,30,18,12,2024-12-19 21:37:15
500101159,30,23,7,2024-12-19 21:29:15
500108095,30,24,6,2024-12-19 21:08:15
500101026,30,9,21,2024-12-19 02:04:15
500110063,30,14,16,2024-12-19 02:35:15
500107015,30,17,13,2024-12-19 02:42:15
500103025,30,19,10,2024-12-19 02:18:14
500108027,30,19,11,2024-12-19 01:34:15
500104035,30,20,10,2024-12-19 01:36:15
500110061,30,21,9,2024-12-19 02:33:15
500110076,30,25,5,2024-12-19 01:22:15
500108083,30,4,26,2024-12-19 03:17:15
500109066,30,15,15,2024-12-19 04:23:14
500101159,30,16,14,2024-12-19 04:23:14
500108049,30,21,8,2024-12-19 03:44:15
500119009,30,25,5,2024-12-19 03:58:15
500103025,30,3,26,2024-12-19 22:09:15
500106078,30,8,22,2024-12-19 22:09:15
500113069,30,9,21,2024-12-19 22:02:16
500110032,30,12,18,2024-12-19 22:07:15
500110076,30,18,12,2024-12-19 22:09:15
500110040,30,10,17,2024-12-19 21:57:15
500107076,30,12,18,2024-12-19 21:40:16
500103025,30,0,29,2024-12-19 23:52:15
500105028,30,12,18,2024-12-19 00:35:16
500103001,30,24,6,2024-12-19 00:59:15
500112070,30,5,25,2024-12-19 01:40:15
500101125,30,12,4,2024-12-19 01:30:16
500107076,30,16,14,2024-12-19 01:44:14
500108188,30,6,24,2024-12-19 02:44:15
500101125,30,13,3,2024-12-19 04:36:15
500110061,30,5,25,2024-12-19 22:18:14
500109086,30,6,24,2024-12-19 22:14:15
500104041,30,8,22,2024-12-19 22:14:15
500108045,30,16,14,2024-12-19 22:15:16
500109066,30,14,16,2024-12-19 04:42:14
500106078,30,16,14,2024-12-19 04:40:15
500108027,30,20,10,2024-12-19 04:39:15
500113069,30,8,22,2024-12-19 22:56:14
500107015,30,17,13,2024-12-19 23:26:15
500108083,30,30,0,2024-12-19 09:07:15
500119047,30,26,0,2024-12-19 09:57:15
500107115,30,29,1,2024-12-19 10:36:14
500108027,30,29,1,2024-12-19 11:16:15
500119047,30,25,1,2024-12-19 11:38:15
500119087,30,22,1,2024-12-19 13:07:15
500107115,30,28,2,2024-12-19 09:10:18
500105069,30,27,3,2024-12-19 12:43:15
500107113,30,25,3,2024-12-19 12:14:15
500119087,30,20,3,2024-12-19 12:44:15
500108027,30,26,4,2024-12-19 12:39:14
500107113,30,23,5,2024-12-19 12:59:16
500107115,30,25,5,2024-12-19 11:09:15
500108027,30,25,5,2024-12-19 12:16:15
500119047,30,21,5,2024-12-19 09:31:15
500107114,30,24,6,2024-12-19 10:17:16
500110063,30,24,6,2024-12-19 10:28:15
500110066,30,24,6,2024-12-19 13:08:15
500108095,30,23,7,2024-12-19 11:49:16
500110066,30,23,7,2024-12-19 12:42:14
500110066,30,23,7,2024-12-19 10:48:15
500108027,30,22,8,2024-12-19 13:08:15
500108043,30,21,8,2024-12-19 13:06:14
500110066,30,22,8,2024-12-19 12:32:16
500119047,30,22,8,2024-12-19 09:09:15
500119047,30,18,8,2024-12-19 09:26:15
500104074,30,19,9,2024-12-19 10:05:16
500108043,30,19,10,2024-12-19 10:10:16
500108083,30,19,11,2024-12-19 11:47:16
500101026,30,18,12,2024-12-19 12:36:15
500108083,30,18,12,2024-12-19 11:58:16
500109092,30,18,12,2024-12-19 09:51:14
500109092,30,18,12,2024-12-19 10:57:15
500105069,30,17,13,2024-12-19 10:26:14
500107113,30,15,13,2024-12-19 09:35:16
500119054,30,13,13,2024-12-19 11:48:15
500110032,30,11,14,2024-12-19 12:17:16
500104054,30,15,15,2024-12-19 11:32:15
500112070,30,14,15,2024-12-19 10:58:16
500104054,30,14,16,2024-12-19 09:28:15
500107015,30,14,16,2024-12-19 12:43:15
500107060,30,14,16,2024-12-19 13:05:16
500108188,30,14,16,2024-12-19 10:03:15
500109024,30,10,16,2024-12-19 09:27:15
500104041,30,13,17,2024-12-19 12:24:15
500108188,30,13,17,2024-12-19 09:37:15
500104054,30,12,18,2024-12-19 11:51:15
500104074,30,10,18,2024-12-19 12:07:16
500107015,30,12,18,2024-12-19 09:25:16
500108083,30,12,18,2024-12-19 10:13:16
500111010,30,12,18,2024-12-19 09:26:15
500112070,30,11,18,2024-12-19 10:28:15
500106078,30,11,19,2024-12-19 09:46:16
500107060,30,11,19,2024-12-19 12:07:16
500113069,30,10,19,2024-12-19 12:47:15
500105028,30,9,21,2024-12-19 12:43:15
500107060,30,9,21,2024-12-19 11:24:15
500107076,30,9,21,2024-12-19 12:50:15
500107113,30,7,21,2024-12-19 11:46:14
500111012,30,9,21,2024-12-19 09:46:16
500119054,30,5,21,2024-12-19 12:12:15
500101159,30,8,22,2024-12-19 10:23:15
500104054,30,8,22,2024-12-19 09:08:15
500105028,30,8,22,2024-12-19 13:00:16
500110040,30,6,22,2024-12-19 13:06:14
500110061,30,8,22,2024-12-19 09:26:15
500107114,30,6,23,2024-12-19 11:37:15
500107114,30,6,23,2024-12-19 11:18:16
500110040,30,5,23,2024-12-19 10:12:15
500111010,30,7,23,2024-12-19 12:37:15
500106078,30,6,24,2024-12-19 12:10:16
500106078,30,6,24,2024-12-19 10:18:15
500110061,30,6,24,2024-12-19 11:43:15
500111015,30,6,24,2024-12-19 13:07:15
500111015,30,6,24,2024-12-19 11:20:17
500111035,30,6,24,2024-12-19 11:54:15
500113069,30,5,24,2024-12-19 10:32:15
500103001,30,5,25,2024-12-19 09:23:15
500104035,30,5,25,2024-12-19 09:47:15
500104051,30,5,25,2024-12-19 10:40:16
500107130,30,5,25,2024-12-19 09:25:16
500108049,30,4,25,2024-12-19 12:55:16
500110061,30,5,25,2024-12-19 09:06:15
500113069,30,4,25,2024-12-19 09:02:15
500113069,30,4,25,2024-12-19 11:31:15
500104035,30,4,26,2024-12-19 10:47:16
500104035,30,4,26,2024-12-19 11:28:16
500104041,30,4,26,2024-12-19 11:11:15
500109066,30,4,26,2024-12-19 09:02:15
500110040,30,2,26,2024-12-19 12:06:16
500111035,30,4,26,2024-12-19 11:36:15
500113036,30,3,26,2024-12-19 09:51:14
500104041,30,3,27,2024-12-19 11:37:15
500107076,30,3,27,2024-12-19 12:00:19
500107114,30,2,27,2024-12-19 13:04:16
500107130,30,3,27,2024-12-19 12:31:15
500109079,30,2,27,2024-12-19 09:25:16
500111035,30,3,27,2024-12-19 11:08:15
500113036,30,2,27,2024-12-19 12:39:15
500113069,30,2,27,2024-12-19 11:18:16
500119009,30,3,27,2024-12-19 12:28:15
500119009,30,3,27,2024-12-19 12:35:16
500107130,30,2,28,2024-12-19 12:26:15
500108049,30,1,28,2024-12-19 09:53:15
500109086,30,2,28,2024-12-19 13:05:15
500111035,30,2,28,2024-12-19 09:56:15
500112067,30,1,28,2024-12-19 11:15:15
500113036,30,1,28,2024-12-19 10:05:16
500107114,30,0,29,2024-12-19 12:37:15
500109003,30,1,29,2024-12-19 09:31:15
500109079,30,0,29,2024-12-19 10:55:16
500119009,30,1,29,2024-12-19 12:19:16
500109003,30,0,30,2024-12-19 12:01:20
500109003,30,0,30,2024-12-19 12:38:14
500101159,30,30,0,2024-12-19 19:37:16
500111035,30,30,0,2024-12-19 17:41:16
500104035,30,29,1,2024-12-19 21:19:16
500111035,30,29,1,2024-12-19 17:38:16
500111035,30,28,2,2024-12-19 18:48:15
500101159,30,27,3,2024-12-19 19:19:15
500111012,30,27,3,2024-12-19 19:38:15
500109079,30,25,4,2024-12-19 20:45:16
500111035,30,26,4,2024-12-19 19:58:15
500111035,30,26,4,2024-12-19 20:13:15
500101159,30,25,5,2024-12-19 17:28:15
500101159,30,25,5,2024-12-19 18:57:15
500119087,30,25,5,2024-12-19 17:36:15
500110032,30,24,6,2024-12-19 18:46:15
500113069,30,24,6,2024-12-19 19:34:15
500109024,30,13,8,2024-12-19 20:40:16
500110032,30,22,8,2024-12-19 18:58:15
500110073,30,22,8,2024-12-19 18:14:15
500104041,30,20,10,2024-12-19 21:09:16
500103025,30,18,11,2024-12-19 18:43:15
500105069,30,19,11,2024-12-19 19:06:16
500108140,30,19,11,2024-12-19 18:07:16
500109055,30,19,11,2024-12-19 18:36:16
500110040,30,18,11,2024-12-19 18:08:16
500110040,30,18,11,2024-12-19 20:52:15
500104041,30,18,12,2024-12-19 21:19:16
500104074,30,17,12,2024-12-19 19:48:15
500104074,30,17,12,2024-12-19 20:49:15
500110040,30,17,12,2024-12-19 17:45:16
500111012,30,18,12,2024-12-19 21:18:15
500112067,30,17,12,2024-12-19 17:33:16
500104074,30,16,13,2024-12-19 19:25:15
500107076,30,17,13,2024-12-19 18:47:16
500110076,30,17,13,2024-12-19 18:23:16
500104035,30,16,14,2024-12-19 19:07:15
500104041,30,16,14,2024-12-19 18:29:16
500109092,30,16,14,2024-12-19 17:18:16
500111015,30,16,14,2024-12-19 17:26:15
500104041,30,15,15,2024-12-19 17:38:16
500108083,30,15,15,2024-12-19 20:01:15
500111011,30,15,15,2024-12-19 18:50:16
500113069,30,15,15,2024-12-19 18:07:16
500104041,30,14,16,2024-12-19 18:48:15
500110066,30,14,16,2024-12-19 19:37:16
500110073,30,14,16,2024-12-19 20:36:15
500110076,30,14,16,2024-12-19 21:08:15
500112067,30,13,16,2024-12-19 19:19:15
500119047,30,10,16,2024-12-19 17:27:15
500101026,30,13,17,2024-12-19 19:22:16
500108049,30,13,17,2024-12-19 20:28:15
500110066,30,13,17,2024-12-19 19:44:15
500119047,30,9,17,2024-12-19 17:29:16
500105010,30,12,18,2024-12-19 18:48:15
500106084,30,12,18,2024-12-19 18:07:16
500110032,30,12,18,2024-12-19 20:09:15
500104035,30,11,19,2024-12-19 18:38:16
500108049,30,11,19,2024-12-19 18:28:16
500109092,30,11,19,2024-12-19 18:05:16
500111015,30,11,19,2024-12-19 20:27:14
500103025,30,9,20,2024-12-19 20:06:14
500105010,30,10,20,2024-12-19 18:29:16
500107076,30,10,20,2024-12-19 21:11:15
500107114,30,9,20,2024-12-19 21:09:16
500109066,30,10,20,2024-12-19 19:42:15
500111015,30,10,20,2024-12-19 18:57:15
500111015,30,10,20,2024-12-19 18:24:16
500113036,30,9,20,2024-12-19 19:02:16
500119047,30,6,20,2024-12-19 17:57:15
500119047,30,6,20,2024-12-19 18:06:15
500119047,30,10,20,2024-12-19 19:06:16
500101142,30,9,21,2024-12-19 17:48:15
500104054,30,9,21,2024-12-19 18:48:15
500107076,30,9,21,2024-12-19 20:23:15
500113036,30,8,21,2024-12-19 17:48:15
500119047,30,9,21,2024-12-19 20:03:15
500119074,30,9,21,2024-12-19 18:08:16
500109086,30,8,22,2024-12-19 19:52:15
500109086,30,8,22,2024-12-19 18:48:15
500111011,30,8,22,2024-12-19 21:02:15
500119009,30,8,22,2024-12-19 20:12:15
500105010,30,7,23,2024-12-19 18:03:14
500106084,30,7,23,2024-12-19 21:17:15
500107076,30,7,23,2024-12-19 17:40:17
500107115,30,7,23,2024-12-19 19:05:16
500108043,30,6,23,2024-12-19 20:44:15
500109003,30,7,23,2024-12-19 20:28:15
500109086,30,7,23,2024-12-19 18:13:16
500110063,30,7,23,2024-12-19 20:49:15
500110063,30,7,23,2024-12-19 21:20:16
500103001,30,6,24,2024-12-19 19:08:15
500104123,30,6,24,2024-12-19 17:46:15
500107114,30,4,25,2024-12-19 17:47:16
500107114,30,4,25,2024-12-19 19:18:15
500108188,30,5,25,2024-12-19 18:13:16
500107060,30,4,26,2024-12-19 18:27:15
500107130,30,4,26,2024-12-19 20:26:16
500110061,30,4,26,2024-12-19 17:59:15
500112070,30,4,26,2024-12-19 20:12:15
500112070,30,4,26,2024-12-19 19:49:15
500105028,30,3,27,2024-12-19 17:58:16
500106078,30,3,27,2024-12-19 20:59:15
500107060,30,3,27,2024-12-19 19:31:15
500107114,30,2,27,2024-12-19 20:05:16
500106078,30,2,28,2024-12-19 19:00:18
500108027,30,2,28,2024-12-19 19:57:14
500119054,30,2,28,2024-12-19 19:10:17
500101142,30,1,29,2024-12-19 18:10:17
500105028,30,1,29,2024-12-19 20:38:15
500107114,30,0,29,2024-12-19 18:38:16
500110061,30,1,29,2024-12-19 20:49:15
500119009,30,1,29,2024-12-19 18:38:15
500119074,30,0,30,2024-12-19 19:48:16
500119087,30,23,0,2024-12-19 13:32:16
500107113,30,27,1,2024-12-19 15:05:16
500119087,30,22,1,2024-12-19 13:48:15
500119087,30,21,2,2024-12-19 14:46:15
500101142,30,27,3,2024-12-19 14:39:16
500110073,30,27,3,2024-12-19 16:04:15
500119047,30,23,3,2024-12-19 15:47:14
500119047,30,23,3,2024-12-19 16:48:16
500119047,30,23,3,2024-12-19 14:56:15
500119047,30,23,3,2024-12-19 15:27:15
500107113,30,24,4,2024-12-19 14:41:15
500119074,30,26,4,2024-12-19 14:28:15
500119087,30,19,4,2024-12-19 14:08:15
500110073,30,25,5,2024-12-19 17:05:17
500119054,30,24,6,2024-12-19 16:58:15
500101159,30,23,7,2024-12-19 16:16:14
500105069,30,23,7,2024-12-19 17:10:19
500112070,30,23,7,2024-12-19 17:08:16
500119087,30,16,7,2024-12-19 15:45:16
500101142,30,22,8,2024-12-19 13:36:15
500108043,30,20,9,2024-12-19 16:40:16
500109024,30,9,9,2024-12-19 13:56:14
500119087,30,14,9,2024-12-19 16:07:15
500108083,30,20,10,2024-12-19 14:45:15
500110032,30,14,11,2024-12-19 17:05:17
500119074,30,18,12,2024-12-19 17:17:16
500101026,30,16,14,2024-12-19 16:28:14
500112070,30,15,14,2024-12-19 15:00:17
500119087,30,9,14,2024-12-19 16:25:16
500111011,30,15,15,2024-12-19 16:58:15
500107060,30,14,16,2024-12-19 13:16:15
500107060,30,14,16,2024-12-19 14:58:15
500110066,30,14,16,2024-12-19 15:17:15
500104074,30,12,17,2024-12-19 16:25:16
500108188,30,13,17,2024-12-19 16:13:15
500108188,30,13,17,2024-12-19 13:33:15
500112070,30,12,17,2024-12-19 15:48:15
500104041,30,12,18,2024-12-19 16:02:15
500104054,30,12,18,2024-12-19 16:20:17
500108188,30,12,18,2024-12-19 14:50:16
500109010,30,12,18,2024-12-19 16:46:15
500112067,30,11,18,2024-12-19 15:45:16
500104041,30,11,19,2024-12-19 16:47:15
500106084,30,11,19,2024-12-19 15:05:16
500108188,30,11,19,2024-12-19 16:08:16
500113036,30,10,19,2024-12-19 16:31:15
500104041,30,10,20,2024-12-19 15:17:16
500106084,30,10,20,2024-12-19 17:16:16
500110040,30,9,20,2024-12-19 16:12:15
500111035,30,10,20,2024-12-19 16:48:16
500113036,30,9,20,2024-12-19 14:47:15
500110061,30,9,21,2024-12-19 13:54:15
500101125,30,8,22,2024-12-19 16:28:15
500106084,30,8,22,2024-12-19 15:56:15
500111010,30,8,22,2024-12-19 14:48:14
500101026,30,7,23,2024-12-19 16:47:15
500105028,30,7,23,2024-12-19 15:29:15
500111015,30,7,23,2024-12-19 13:22:15
500111035,30,7,23,2024-12-19 16:38:15
500112067,30,6,23,2024-12-19 13:37:14
500112067,30,6,23,2024-12-19 14:01:15
500119009,30,7,23,2024-12-19 15:59:15
500101125,30,6,24,2024-12-19 13:19:15
500101125,30,6,24,2024-12-19 14:04:15
500107114,30,5,24,2024-12-19 14:45:15
500109079,30,5,24,2024-12-19 16:54:16
500107114,30,4,25,2024-12-19 14:26:15
500109003,30,5,25,2024-12-19 15:47:15
500111035,30,5,25,2024-12-19 14:46:15
500111035,30,5,25,2024-12-19 15:01:16
500107114,30,3,26,2024-12-19 13:53:14
500107114,30,3,26,2024-12-19 15:15:16
500105010,30,2,27,2024-12-19 14:58:15
500104051,30,2,28,2024-12-19 16:22:16
500105028,30,2,28,2024-12-19 17:10:17
500106078,30,2,28,2024-12-19 15:54:14
500107114,30,1,28,2024-12-19 17:15:17
500101125,30,9,10,2024-12-19 21:48:16
500104041,30,16,14,2024-12-19 21:43:15
500119047,30,30,0,2024-12-19 08:57:15
500110063,30,29,1,2024-12-19 07:37:15
500107115,30,28,2,2024-12-19 08:01:15
500101125,30,24,3,2024-12-19 07:53:16
500108095,30,27,3,2024-12-19 08:36:15
500110032,30,27,3,2024-12-19 08:37:15
500103025,30,25,4,2024-12-19 07:15:17
500111035,30,24,6,2024-12-19 06:14:14
500104035,30,22,8,2024-12-19 05:56:14
500104074,30,20,8,2024-12-19 07:16:15
500105069,30,22,8,2024-12-19 08:56:16
500104035,30,21,9,2024-12-19 07:46:15
500108027,30,21,9,2024-12-19 07:27:15
500105069,30,19,11,2024-12-19 08:44:16
500110040,30,17,11,2024-12-19 08:27:16
500110040,30,17,11,2024-12-19 06:01:14
500113036,30,17,11,2024-12-19 06:11:14
500108095,30,17,13,2024-12-19 06:07:15
500108188,30,17,13,2024-12-19 07:35:16
500101142,30,16,14,2024-12-19 08:16:15
500101142,30,16,14,2024-12-19 07:47:15
500110032,30,16,14,2024-12-19 07:56:15
500107114,30,15,15,2024-12-19 07:16:15
500113041,30,15,15,2024-12-19 06:56:15
500107114,30,14,16,2024-12-19 05:08:14
500111010,30,14,16,2024-12-19 07:27:15
500113069,30,13,16,2024-12-19 07:46:15
500105069,30,13,17,2024-12-19 08:02:15
500107114,30,13,17,2024-12-19 05:02:15
500105069,30,12,18,2024-12-19 07:47:15
500107113,30,10,18,2024-12-19 08:55:16
500110032,30,12,18,2024-12-19 07:46:15
500113041,30,12,18,2024-12-19 08:37:15
500104041,30,11,19,2024-12-19 06:56:15
500107130,30,11,19,2024-12-19 05:47:15
500109079,30,9,19,2024-12-19 07:20:16
500110032,30,11,19,2024-12-19 08:47:15
500111010,30,11,19,2024-12-19 08:17:15
500111035,30,11,19,2024-12-19 07:16:15
500113041,30,11,19,2024-12-19 08:39:15
500119087,30,9,19,2024-12-19 08:56:15
500101159,30,10,20,2024-12-19 07:47:15
500104074,30,8,20,2024-12-19 08:36:15
500107076,30,10,20,2024-12-19 06:34:15
500108186,30,10,20,2024-12-19 07:58:15
500110061,30,10,20,2024-12-19 08:17:15
500113036,30,8,20,2024-12-19 07:46:15
500104054,30,9,21,2024-12-19 08:37:15
500104074,30,7,21,2024-12-19 08:26:15
500107076,30,9,21,2024-12-19 06:40:16
500108186,30,9,21,2024-12-19 06:52:15
500109003,30,9,21,2024-12-19 07:35:16
500106078,30,8,22,2024-12-19 08:29:15
500107076,30,8,22,2024-12-19 06:51:15
500108043,30,7,22,2024-12-19 07:13:15
500108043,30,7,22,2024-12-19 06:18:15
500108049,30,7,22,2024-12-19 07:23:15
500113036,30,6,22,2024-12-19 07:56:15
500119074,30,7,22,2024-12-19 07:52:15
500107130,30,7,23,2024-12-19 07:09:15
500108043,30,6,23,2024-12-19 06:34:15
500109092,30,7,23,2024-12-19 08:36:15
500104051,30,6,24,2024-12-19 07:11:14
500105028,30,6,24,2024-12-19 08:47:15
500106078,30,6,24,2024-12-19 08:17:15
500107130,30,6,24,2024-12-19 08:41:15
500111015,30,6,24,2024-12-19 08:35:16
500108043,30,4,25,2024-12-19 05:15:15
500111035,30,5,25,2024-12-19 08:03:15
500113036,30,4,25,2024-12-19 08:32:15
500108083,30,4,26,2024-12-19 07:17:14
500104041,30,2,28,2024-12-19 08:16:15
500104051,30,2,28,2024-12-19 07:52:15
500109079,30,0,28,2024-12-19 07:51:15
500109092,30,2,28,2024-12-19 07:51:14
500110032,30,2,28,2024-12-19 06:40:16
500112070,30,1,28,2024-12-19 07:25:15
500119047,30,2,28,2024-12-19 06:28:15
500119087,30,1,29,2024-12-19 05:46:14
500109003,30,0,30,2024-12-19 08:57:16
500103025,30,0,29,2024-12-19 23:28:15
500111035,30,21,9,2024-12-19 23:23:14
500101026,30,17,13,2024-12-19 00:11:14
500101125,30,9,7,2024-12-19 00:04:16
500107076,30,19,11,2024-12-19 00:17:15
500109003,30,23,7,2024-12-19 00:16:15
500112070,30,8,22,2024-12-19 00:18:14
500103025,30,1,28,2024-12-19 23:49:15
500103001,30,24,6,2024-12-19 00:33:15
500104041,30,2,28,2024-12-19 00:43:15
500107115,30,14,16,2024-12-19 22:20:15
500104041,30,3,27,2024-12-19 23:58:14
500111010,30,18,12,2024-12-19 23:49:15
500101026,30,17,13,2024-12-19 01:17:15
500107015,30,19,11,2024-12-19 00:23:14
500111035,30,19,11,2024-12-19 01:05:16
500109079,30,22,6,2024-12-19 00:13:15
500103025,30,0,29,2024-12-19 23:06:16
500112070,30,0,30,2024-12-19 23:15:16
500104035,30,16,14,2024-12-19 23:14:15
500108027,30,19,11,2024-12-19 22:49:15
500101125,30,4,15,2024-12-19 22:39:15
500108027,30,18,12,2024-12-19 22:26:15
500101159,30,25,5,2024-12-19 22:39:15
500107115,30,10,20,2024-12-19 21:31:15
500104051,30,12,18,2024-12-19 21:32:15
500113069,30,10,20,2024-12-19 02:45:16
500110040,30,21,7,2024-12-19 01:34:15
500104054,30,12,17,2024-12-19 03:39:14
500107130,30,12,18,2024-12-19 03:24:15
500101125,30,14,2,2024-12-19 04:14:15
500106078,30,17,13,2024-12-19 03:27:15
500103001,30,23,7,2024-12-19 03:39:14
500107115,30,28,2,2024-12-19 04:12:14
500112067,30,7,22,2024-12-19 22:03:15
500109086,30,7,23,2024-12-19 21:47:15
500107076,30,9,21,2024-12-19 22:07:15
500110066,30,13,17,2024-12-19 21:57:15
500108027,30,14,16,2024-12-19 22:07:15
500111015,30,19,11,2024-12-19 22:08:14
500101159,30,22,8,2024-12-19 22:06:15
500119054,30,5,25,2024-12-19 21:56:15
500104054,30,8,22,2024-12-19 21:58:14
500110061,30,18,12,2024-12-19 03:28:14
500104074,30,26,2,2024-12-19 03:39:14
500101125,30,9,7,2024-12-19 00:51:14
500101026,30,19,11,2024-12-19 22:49:15
500107114,30,13,17,2024-12-19 04:34:15
500111015,30,22,7,2024-12-19 04:34:15
500110032,30,15,15,2024-12-19 22:57:15
500113069,30,8,22,2024-12-19 22:19:15
500107015,30,16,14,2024-12-19 22:16:15
500106084,30,22,8,2024-12-19 22:19:15
500101125,30,13,3,2024-12-19 03:51:15
500107114,30,19,11,2024-12-19 04:07:15
500104041,30,7,23,2024-12-19 22:26:15
500101159,30,25,5,2024-12-19 22:24:15
500101125,30,3,16,2024-12-19 22:58:15
500119047,30,26,0,2024-12-19 11:47:15
500119074,30,29,0,2024-12-19 11:15:17
500119047,30,25,1,2024-12-19 11:58:15
500119047,30,25,1,2024-12-19 10:07:16
500119054,30,25,1,2024-12-19 09:36:15
500101142,30,28,2,2024-12-19 11:48:15
500111012,30,28,2,2024-12-19 09:07:15
500108027,30,27,3,2024-12-19 09:27:15
500107114,30,26,4,2024-12-19 10:28:15
500110073,30,26,4,2024-12-19 11:58:16
500110073,30,26,4,2024-12-19 09:48:15
500111011,30,26,4,2024-12-19 09:36:15
500119087,30,21,4,2024-12-19 12:08:15
500105069,30,25,5,2024-12-19 12:26:15
500105069,30,25,5,2024-12-19 12:37:15
500110066,30,25,5,2024-12-19 11:17:15
500110073,30,25,5,2024-12-19 09:31:15
500111011,30,25,5,2024-12-19 12:07:16
500119074,30,24,5,2024-12-19 11:57:16
500119074,30,24,5,2024-12-19 10:28:15
500110063,30,24,6,2024-12-19 11:57:16
500110066,30,24,6,2024-12-19 11:26:15
500101142,30,23,7,2024-12-19 12:05:16
500110063,30,23,7,2024-12-19 10:53:16
500110063,30,22,8,2024-12-19 11:35:17
500110063,30,22,8,2024-12-19 10:18:15
500107060,30,21,9,2024-12-19 09:00:18
500119087,30,19,9,2024-12-19 09:49:15
500119087,30,16,9,2024-12-19 10:37:15
500101026,30,20,10,2024-12-19 10:25:15
500107114,30,20,10,2024-12-19 09:25:16
500108043,30,19,10,2024-12-19 12:31:15
500109024,30,16,10,2024-12-19 09:36:15
500119074,30,19,10,2024-12-19 12:55:16
500101142,30,19,11,2024-12-19 12:39:15
500101159,30,19,11,2024-12-19 12:43:15
500103025,30,18,11,2024-12-19 09:07:15
500119087,30,13,12,2024-12-19 10:28:16
500110066,30,17,13,2024-12-19 09:37:15
500112070,30,16,13,2024-12-19 11:17:15
500108186,30,15,14,2024-12-19 09:23:15
500103025,30,14,15,2024-12-19 10:38:15
500104041,30,15,15,2024-12-19 12:58:15
500104074,30,13,15,2024-12-19 09:47:14
500107113,30,13,15,2024-12-19 09:59:16
500107114,30,14,15,2024-12-19 10:58:16
500109092,30,15,15,2024-12-19 09:34:15
500112070,30,14,15,2024-12-19 11:45:15
500104074,30,12,16,2024-12-19 12:36:15
500104074,30,11,16,2024-12-19 13:06:14
500107015,30,14,16,2024-12-19 11:48:15
500107015,30,14,16,2024-12-19 10:58:16
500108140,30,14,16,2024-12-19 10:55:17
500112070,30,13,16,2024-12-19 12:38:15
500108140,30,13,17,2024-12-19 10:45:16
500108188,30,13,17,2024-12-19 13:06:14
500119087,30,11,17,2024-12-19 09:16:15
500107060,30,12,18,2024-12-19 11:44:15
500107114,30,11,18,2024-12-19 11:02:15
500119054,30,8,18,2024-12-19 10:48:15
500103001,30,11,19,2024-12-19 11:38:14
500105028,30,10,20,2024-12-19 09:51:14
500107076,30,10,20,2024-12-19 09:06:15
500101159,30,9,21,2024-12-19 10:29:15
500105028,30,9,21,2024-12-19 10:03:15
500106078,30,9,21,2024-12-19 09:57:15
500110040,30,7,21,2024-12-19 09:27:14
500111010,30,9,21,2024-12-19 10:04:16
500111035,30,9,21,2024-12-19 13:02:15
500101159,30,8,22,2024-12-19 11:45:15
500108045,30,7,22,2024-12-19 12:53:15
500110040,30,6,22,2024-12-19 09:35:16
500111035,30,8,22,2024-12-19 12:16:15
500103001,30,7,23,2024-12-19 12:45:15
500112067,30,6,23,2024-12-19 12:26:15
500113069,30,6,23,2024-12-19 11:48:15
500110040,30,4,24,2024-12-19 12:41:15
500110040,30,4,24,2024-12-19 11:16:15
500110076,30,6,24,2024-12-19 12:16:15
500111015,30,6,24,2024-12-19 11:56:16
500112067,30,5,24,2024-12-19 12:03:15
500113041,30,6,24,2024-12-19 10:08:15
500103025,30,4,25,2024-12-19 12:28:15
500103025,30,4,25,2024-12-19 12:33:15
500104035,30,5,25,2024-12-19 11:30:17
500104041,30,5,25,2024-12-19 09:58:15
500106084,30,5,25,2024-12-19 10:30:16
500101026,30,4,26,2024-12-19 11:38:15
500107130,30,4,26,2024-12-19 09:32:15
500109010,30,4,26,2024-12-19 12:48:14
500110061,30,4,26,2024-12-19 12:19:16
500111035,30,4,26,2024-12-19 11:44:15
500113036,30,3,26,2024-12-19 09:15:15
500101125,30,3,27,2024-12-19 11:00:18
500107076,30,3,27,2024-12-19 10:38:15
500107114,30,2,27,2024-12-19 12:44:14
500108049,30,2,27,2024-12-19 09:43:15
500113069,30,2,27,2024-12-19 09:28:15
500101026,30,2,28,2024-12-19 10:48:15
500104041,30,2,28,2024-12-19 11:28:16
500108049,30,1,28,2024-12-19 10:58:16
500108049,30,1,28,2024-12-19 11:00:19
500119009,30,2,28,2024-12-19 13:07:15
500101125,30,1,29,2024-12-19 08:50:16
500109086,30,1,29,2024-12-19 11:33:16
500109086,30,1,29,2024-12-19 10:04:16
500109003,30,0,30,2024-12-19 09:46:15
500111035,30,0,30,2024-12-19 09:36:15
500119009,30,0,30,2024-12-19 12:08:15
500119009,30,0,30,2024-12-19 10:27:17
500119009,30,0,30,2024-12-19 10:37:15
500112070,30,30,0,2024-12-19 18:18:16
500112070,30,30,0,2024-12-19 18:29:15
500110032,30,26,1,2024-12-19 18:28:16
500104035,30,28,2,2024-12-19 21:20:16
500109079,30,27,2,2024-12-19 21:14:15
500104035,30,27,3,2024-12-19 19:59:16
500111035,30,26,4,2024-12-19 17:27:16
500111035,30,25,5,2024-12-19 18:58:16
500105069,30,24,6,2024-12-19 17:47:16
500110032,30,21,6,2024-12-19 17:38:16
500103001,30,23,7,2024-12-19 18:07:16
500109079,30,21,8,2024-12-19 20:05:16
500108095,30,21,9,2024-12-19 17:36:15
500108095,30,21,9,2024-12-19 18:49:16
500113069,30,21,9,2024-12-19 18:27:15
500110032,30,17,10,2024-12-19 17:59:15
500111035,30,20,10,2024-12-19 20:48:15
500111035,30,20,10,2024-12-19 21:07:15
500101125,30,19,11,2024-12-19 19:04:15
500103025,30,18,11,2024-12-19 18:37:15
500110040,30,18,11,2024-12-19 20:28:15
500104035,30,18,12,2024-12-19 19:36:15
500107115,30,18,12,2024-12-19 17:34:15
500109024,30,6,12,2024-12-19 17:38:16
500110040,30,17,12,2024-12-19 19:48:15
500104074,30,16,13,2024-12-19 18:27:15
500107015,30,17,13,2024-12-19 20:12:15
500110032,30,17,13,2024-12-19 19:15:16
500110040,30,16,13,2024-12-19 19:53:14
500111011,30,17,13,2024-12-19 18:17:15
500113069,30,17,13,2024-12-19 17:46:15
500107015,30,16,14,2024-12-19 19:59:16
500110032,30,16,14,2024-12-19 19:21:15
500111011,30,16,14,2024-12-19 18:27:15
500112070,30,16,14,2024-12-19 19:18:15
500101026,30,14,16,2024-12-19 19:19:15
500104074,30,13,16,2024-12-19 17:36:15
500107015,30,14,16,2024-12-19 20:47:15
500110032,30,14,16,2024-12-19 19:35:16
500110066,30,14,16,2024-12-19 17:45:16
500111012,30,14,16,2024-12-19 18:05:16
500101142,30,13,17,2024-12-19 17:38:15
500108045,30,13,17,2024-12-19 21:18:14
500110066,30,13,17,2024-12-19 17:27:16
500111015,30,13,17,2024-12-19 21:18:14
500113069,30,13,17,2024-12-19 20:56:15
500101026,30,12,18,2024-12-19 20:38:15
500111011,30,12,18,2024-12-19 20:28:15
500105010,30,11,19,2024-12-19 20:57:15
500105069,30,11,19,2024-12-19 20:37:16
500105069,30,11,19,2024-12-19 20:52:15
500107076,30,11,19,2024-12-19 20:58:15
500113036,30,10,19,2024-12-19 20:09:15
500113036,30,10,19,2024-12-19 19:23:15
500119047,30,11,19,2024-12-19 19:34:15
500104051,30,10,20,2024-12-19 20:12:15
500106084,30,10,20,2024-12-19 17:53:15
500107115,30,10,20,2024-12-19 18:34:15
500108043,30,9,20,2024-12-19 18:35:16
500108186,30,9,20,2024-12-19 17:42:15
500108186,30,9,20,2024-12-19 17:59:15
500109086,30,10,20,2024-12-19 19:17:15
500111010,30,10,20,2024-12-19 18:07:16
500104051,30,9,21,2024-12-19 18:35:16
500106084,30,9,21,2024-12-19 18:28:15
500108045,30,9,21,2024-12-19 17:34:15
500108186,30,8,21,2024-12-19 18:26:16
500110076,30,9,21,2024-12-19 17:23:15
500112067,30,9,21,2024-12-19 18:18:16
500103001,30,8,22,2024-12-19 19:48:15
500104123,30,8,22,2024-12-19 19:47:15
500107113,30,6,22,2024-12-19 21:08:15
500107114,30,7,22,2024-12-19 19:31:15
500107114,30,7,22,2024-12-19 20:49:15
500107114,30,7,22,2024-12-19 18:58:16
500119047,30,4,22,2024-12-19 18:14:15
500107060,30,7,23,2024-12-19 17:36:15
500107115,30,7,23,2024-12-19 19:15:16
500108188,30,7,23,2024-12-19 17:38:16
500109066,30,7,23,2024-12-19 17:52:15
500110063,30,7,23,2024-12-19 20:18:15
500119009,30,7,23,2024-12-19 20:06:15
500107114,30,5,24,2024-12-19 17:35:15
500112067,30,6,24,2024-12-19 18:29:16
500119009,30,6,24,2024-12-19 17:57:15
500112070,30,5,25,2024-12-19 19:38:15
500104051,30,4,26,2024-12-19 17:35:16
500104123,30,4,26,2024-12-19 18:45:16
500107114,30,2,27,2024-12-19 20:39:16
500110061,30,3,27,2024-12-19 19:55:16
500119054,30,3,27,2024-12-19 19:23:15
500101142,30,2,28,2024-12-19 18:37:15
500105028,30,2,28,2024-12-19 19:24:15
500106078,30,2,28,2024-12-19 18:35:16
500108027,30,2,28,2024-12-19 18:29:16
500112070,30,2,28,2024-12-19 20:49:15
500119074,30,2,28,2024-12-19 20:12:15
500101142,30,1,29,2024-12-19 20:11:16
500106078,30,1,29,2024-12-19 18:06:15
500119054,30,1,29,2024-12-19 18:37:15
500119074,30,1,29,2024-12-19 19:07:16
500119074,30,1,29,2024-12-19 20:48:15
500119087,30,1,29,2024-12-19 20:29:15
500101026,30,0,30,2024-12-19 18:26:16
500101142,30,0,30,2024-12-19 19:56:15
500106078,30,0,30,2024-12-19 19:34:16
500110063,30,0,30,2024-12-19 19:37:16
500110063,30,0,30,2024-12-19 19:39:16
500110063,30,0,30,2024-12-19 18:17:16
500112070,30,0,30,2024-12-19 19:59:16
500119054,30,0,30,2024-12-19 20:34:16
500119054,30,0,30,2024-12-19 17:48:16
500107113,30,27,1,2024-12-19 16:36:16
500119074,30,29,1,2024-12-19 16:18:16
500105069,30,28,2,2024-12-19 16:06:15
500107113,30,26,2,2024-12-19 16:54:16
500110073,30,28,2,2024-12-19 14:08:15
500101142,30,27,3,2024-12-19 15:02:15
500105069,30,27,3,2024-12-19 15:33:15
500119087,30,20,3,2024-12-19 15:28:14
500101142,30,26,4,2024-12-19 14:25:16
500119074,30,26,4,2024-12-19 13:44:15
500101142,30,25,5,2024-12-19 15:38:15
500101159,30,25,5,2024-12-19 15:16:15
500110073,30,25,5,2024-12-19 16:48:16
500110073,30,25,5,2024-12-19 15:01:16
500119074,30,23,6,2024-12-19 13:17:15
500101142,30,23,7,2024-12-19 13:42:15
500101159,30,23,7,2024-12-19 14:45:15
500111011,30,23,7,2024-12-19 14:03:16
500101159,30,22,8,2024-12-19 17:13:15
500107115,30,22,8,2024-12-19 17:16:16
500110032,30,17,8,2024-12-19 14:42:15
500112070,30,19,10,2024-12-19 13:34:16
500101026,30,19,11,2024-12-19 15:33:15
500110032,30,14,11,2024-12-19 14:12:14
500112070,30,18,11,2024-12-19 13:55:16
500107060,30,18,12,2024-12-19 16:17:15
500108083,30,18,12,2024-12-19 16:58:15
500112067,30,17,12,2024-12-19 17:07:15
500107060,30,16,14,2024-12-19 16:37:15
500107060,30,16,14,2024-12-19 15:08:15
500106084,30,15,15,2024-12-19 13:50:16
500110040,30,14,15,2024-12-19 16:48:16
500110063,30,15,15,2024-12-19 16:28:15
500104041,30,14,16,2024-12-19 13:17:15
500110066,30,14,16,2024-12-19 15:49:15
500112067,30,13,16,2024-12-19 16:20:17
500112070,30,13,16,2024-12-19 16:05:16
500112070,30,13,16,2024-12-19 15:33:15
500119087,30,7,16,2024-12-19 16:33:15
500106084,30,13,17,2024-12-19 14:34:14
500111035,30,13,17,2024-12-19 16:57:16
500113069,30,12,17,2024-12-19 15:12:15
500107015,30,12,18,2024-12-19 14:59:15
500110040,30,11,18,2024-12-19 15:26:15
500110066,30,12,18,2024-12-19 17:14:16
500110066,30,12,18,2024-12-19 15:04:15
500103025,30,9,20,2024-12-19 17:05:17
500104041,30,9,21,2024-12-19 17:18:16
500105028,30,9,21,2024-12-19 13:13:15
500106084,30,9,21,2024-12-19 16:58:15
500110061,30,9,21,2024-12-19 16:37:15
500101125,30,8,22,2024-12-19 14:52:15
500104041,30,8,22,2024-12-19 17:08:16
500111035,30,8,22,2024-12-19 13:43:14
500104041,30,7,23,2024-12-19 16:56:15
500104123,30,7,23,2024-12-19 13:48:16
500109003,30,7,23,2024-12-19 16:23:15
500110040,30,5,23,2024-12-19 13:27:15
500110040,30,6,23,2024-12-19 14:21:14
500110061,30,7,23,2024-12-19 13:24:14
500110061,30,7,23,2024-12-19 16:48:16
500119054,30,3,23,2024-12-19 15:46:16
500119054,30,3,23,2024-12-19 15:12:15
500119054,30,3,23,2024-12-19 15:35:16
500105010,30,6,24,2024-12-19 17:14:16
500107076,30,6,24,2024-12-19 14:58:15
500119054,30,2,24,2024-12-19 14:49:15
500104051,30,4,26,2024-12-19 13:17:15
500107114,30,3,26,2024-12-19 16:48:16
500107114,30,3,26,2024-12-19 17:07:15
500113041,30,4,26,2024-12-19 17:12:16
500105028,30,3,27,2024-12-19 16:34:16
500109010,30,3,27,2024-12-19 14:04:15
500109003,30,1,29,2024-12-19 17:14:16
500109079,30,0,29,2024-12-19 14:07:15
500109010,30,0,30,2024-12-19 15:27:15
500109086,30,0,30,2024-12-19 16:15:17
500112070,30,2,28,2024-12-19 21:49:15
500110040,30,10,17,2024-12-19 21:49:15
500107114,30,13,16,2024-12-19 21:49:15
500103025,30,28,1,2024-12-19 07:57:16
500107115,30,28,2,2024-12-19 05:57:14
500111012,30,27,2,2024-12-19 08:03:15
500104074,30,24,4,2024-12-19 07:24:16
500111035,30,26,4,2024-12-19 05:24:14
500110032,30,25,5,2024-12-19 08:27:16
500110063,30,25,5,2024-12-19 08:27:16
500108188,30,24,6,2024-12-19 08:30:16
500103025,30,22,7,2024-12-19 08:47:15
500109024,30,19,7,2024-12-19 08:17:15
500108188,30,22,8,2024-12-19 08:17:15
500109024,30,18,8,2024-12-19 07:58:15
500110061,30,22,8,2024-12-19 06:47:15
500111011,30,22,8,2024-12-19 08:10:17
500110040,30,19,9,2024-12-19 08:17:15
500101142,30,20,10,2024-12-19 08:57:15
500110040,30,18,10,2024-12-19 05:16:14
500103001,30,17,12,2024-12-19 07:37:15
500105010,30,17,12,2024-12-19 07:34:15
500106078,30,18,12,2024-12-19 06:07:15
500109024,30,14,12,2024-12-19 07:32:15
500109079,30,16,12,2024-12-19 06:41:15
500106078,30,17,13,2024-12-19 06:40:16
500107015,30,17,13,2024-12-19 07:31:16
500109003,30,17,13,2024-12-19 06:47:15
500113036,30,15,13,2024-12-19 06:36:14
500101142,30,16,14,2024-12-19 06:52:15
500103001,30,15,14,2024-12-19 07:41:15
500104035,30,16,14,2024-12-19 08:27:16
500107015,30,16,14,2024-12-19 07:38:15
500108188,30,16,14,2024-12-19 07:50:16
500110076,30,16,14,2024-12-19 07:26:15
500110076,30,16,14,2024-12-19 07:36:15
500101026,30,15,15,2024-12-19 08:00:17
500104074,30,13,15,2024-12-19 08:01:14
500107076,30,15,15,2024-12-19 05:31:14
500108049,30,14,15,2024-12-19 08:27:16
500112067,30,14,15,2024-12-19 06:50:16
500104035,30,14,16,2024-12-19 07:37:15
500107060,30,14,16,2024-12-19 07:57:16
500107114,30,14,16,2024-12-19 04:51:15
500110073,30,14,16,2024-12-19 08:01:15
500113041,30,14,16,2024-12-19 07:44:15
500101142,30,13,17,2024-12-19 05:04:15
500105028,30,13,17,2024-12-19 04:56:15
500107060,30,13,17,2024-12-19 07:47:15
500108045,30,12,17,2024-12-19 08:02:15
500109003,30,13,17,2024-12-19 07:17:14
500111010,30,13,17,2024-12-19 07:17:14
500113069,30,12,17,2024-12-19 07:26:15
500101142,30,12,18,2024-12-19 05:30:15
500108027,30,12,18,2024-12-19 08:00:17
500109086,30,12,18,2024-12-19 06:36:14
500109092,30,12,18,2024-12-19 08:55:15
500119054,30,12,18,2024-12-19 08:17:15
500112070,30,10,19,2024-12-19 08:16:15
500119087,30,9,19,2024-12-19 08:36:15
500107076,30,10,20,2024-12-19 08:54:15
500108043,30,9,20,2024-12-19 08:47:15
500113069,30,9,20,2024-12-19 07:11:14
500101026,30,9,21,2024-12-19 06:47:15
500106078,30,9,21,2024-12-19 07:57:16
500108027,30,9,21,2024-12-19 07:15:16
500111011,30,9,21,2024-12-19 08:35:16
500111015,30,9,21,2024-12-19 08:49:15
500106078,30,8,22,2024-12-19 08:52:16
500107060,30,8,22,2024-12-19 08:36:15
500119054,30,8,22,2024-12-19 07:54:14
500103001,30,7,23,2024-12-19 08:20:17
500106078,30,7,23,2024-12-19 08:26:14
500106084,30,7,23,2024-12-19 07:25:15
500108043,30,6,23,2024-12-19 05:45:15
500108045,30,6,23,2024-12-19 08:42:15
500108186,30,7,23,2024-12-19 08:26:15
500112070,30,6,23,2024-12-19 07:44:14
500113036,30,5,23,2024-12-19 08:02:15
500108045,30,5,24,2024-12-19 06:35:15
500108083,30,6,24,2024-12-19 07:47:15
500109010,30,6,24,2024-12-19 06:54:16
500112070,30,4,25,2024-12-19 07:37:15
500101159,30,4,26,2024-12-19 08:54:15
500104074,30,2,26,2024-12-19 08:54:15
500108140,30,4,26,2024-12-19 06:33:15
500111011,30,4,26,2024-12-19 06:16:15
500119054,30,4,26,2024-12-19 07:26:14
500105028,30,3,27,2024-12-19 07:50:16
500109086,30,3,27,2024-12-19 08:37:15
500110061,30,3,27,2024-12-19 08:36:15
500111035,30,1,29,2024-12-19 07:57:16
500104051,30,0,30,2024-12-19 08:19:16
500107076,30,0,30,2024-12-19 07:52:15
500101026,30,6,24,2024-12-19 23:29:14
500106084,30,5,25,2024-12-19 00:23:14
500108049,30,23,7,2024-12-19 00:13:15
500110032,30,2,28,2024-12-19 00:03:15
500111035,30,19,11,2024-12-19 00:36:15
500112070,30,1,29,2024-12-19 23:48:15
500101125,30,10,6,2024-12-19 00:33:15
500110063,30,5,25,2024-12-19 23:13:14
500108083,30,14,16,2024-12-19 22:06:15
500110073,30,14,16,2024-12-19 23:46:15
500109079,30,27,2,2024-12-19 23:47:14
500108140,30,3,27,2024-12-19 23:37:14
500109055,30,18,11,2024-12-19 22:29:14
500112070,30,0,30,2024-12-19 23:59:15
500107113,30,7,21,2024-12-19 23:15:14
500113041,30,19,11,2024-12-19 23:09:15
500112070,30,5,25,2024-12-19 01:11:15
500101125,30,11,5,2024-12-19 01:17:15
500110063,30,14,16,2024-12-19 00:20:15
500110061,30,17,13,2024-12-19 01:02:15
500103025,30,19,10,2024-12-19 00:26:15
500104051,30,23,7,2024-12-19 00:26:15
500110061,30,1,29,2024-12-19 23:13:15
500109003,30,8,22,2024-12-19 23:07:15
500112067,30,6,23,2024-12-19 22:33:15
500107130,30,7,23,2024-12-19 22:36:15
500109086,30,7,23,2024-12-19 22:29:14
500108188,30,11,19,2024-12-19 22:23:14
500108049,30,13,16,2024-12-19 21:53:15
500110040,30,15,12,2024-12-19 22:29:14
500110076,30,18,12,2024-12-19 22:24:14
500101026,30,19,11,2024-12-19 22:36:15
500105010,30,22,8,2024-12-19 22:34:15
500103001,30,6,24,2024-12-19 21:22:15
500109092,30,7,23,2024-12-19 21:30:16
500107076,30,11,19,2024-12-19 21:35:16
500109010,30,14,16,2024-12-19 20:59:15
500110073,30,0,30,2024-12-19 01:56:15
500104051,30,25,5,2024-12-19 01:51:14
500107114,30,12,18,2024-12-19 04:10:15
500109092,30,6,24,2024-12-19 21:50:17
500109024,30,12,9,2024-12-19 22:01:15
500104041,30,12,18,2024-12-19 22:07:15
500104123,30,14,16,2024-12-19 21:50:17
500119009,30,24,6,2024-12-19 22:03:15
500112067,30,16,13,2024-12-19 01:18:15
500110061,30,18,12,2024-12-19 01:23:15
500119074,30,1,29,2024-12-19 21:56:15
500107113,30,4,24,2024-12-19 21:57:15
500113069,30,10,20,2024-12-19 21:54:15
500101142,30,11,19,2024-12-19 21:58:15
500119009,30,26,4,2024-12-19 21:53:15
500107130,30,9,21,2024-12-19 23:47:14
500103001,30,10,20,2024-12-19 23:55:16
500110040,30,14,12,2024-12-19 23:20:16
500111011,30,3,27,2024-12-19 00:10:15
500108188,30,8,22,2024-12-19 00:53:15
500107076,30,19,11,2024-12-19 00:59:15
500101026,30,13,17,2024-12-19 01:46:14
500107114,30,28,2,2024-12-19 02:38:14
500110063,30,13,17,2024-12-19 02:08:15
500107076,30,17,13,2024-12-19 02:04:15
500107114,30,16,13,2024-12-19 22:48:15
500113036,30,18,10,2024-12-19 04:37:14
500112070,30,1,29,2024-12-19 23:09:16
500107114,30,15,14,2024-12-19 22:53:15
500107076,30,14,16,2024-12-19 04:42:14
500104123,30,13,17,2024-12-19 22:26:15
500110061,30,3,27,2024-12-19 22:53:15
500108140,30,5,25,2024-12-19 22:57:14
500119009,30,30,0,2024-12-19 22:59:15
500101026,30,12,18,2024-12-19 01:56:14
500112070,30,6,24,2024-12-19 02:02:15
500112070,30,4,26,2024-12-19 01:36:15
500119047,30,25,1,2024-12-19 12:53:16
500105069,30,28,2,2024-12-19 12:52:15
500111011,30,28,2,2024-12-19 10:06:15
500119047,30,24,2,2024-12-19 12:00:19
500107115,30,27,3,2024-12-19 12:54:15
500109024,30,23,3,2024-12-19 09:06:15
500110063,30,27,3,2024-12-19 09:47:15
500110066,30,27,3,2024-12-19 10:57:15
500110073,30,27,3,2024-12-19 12:38:15
500110073,30,27,3,2024-12-19 10:16:15
500119047,30,23,3,2024-12-19 11:23:14
500108027,30,26,4,2024-12-19 11:35:17
500110032,30,21,4,2024-12-19 10:17:16
500110073,30,26,4,2024-12-19 10:02:15
500110063,30,25,5,2024-12-19 12:38:15
500119054,30,20,6,2024-12-19 09:57:15
500101142,30,23,7,2024-12-19 09:56:16
500107060,30,23,7,2024-12-19 09:26:15
500108095,30,23,7,2024-12-19 11:35:17
500110066,30,23,7,2024-12-19 12:03:15
500107113,30,20,8,2024-12-19 11:58:15
500108140,30,22,8,2024-12-19 09:05:16
500101159,30,20,10,2024-12-19 12:58:15
500107114,30,20,10,2024-12-19 10:07:16
500108083,30,20,10,2024-12-19 12:37:15
500109024,30,8,10,2024-12-19 13:07:15
500103025,30,18,11,2024-12-19 10:02:15
500109092,30,19,11,2024-12-19 11:28:16
500112070,30,18,11,2024-12-19 11:27:15
500103025,30,17,12,2024-12-19 09:46:16
500107114,30,18,12,2024-12-19 09:07:15
500107114,30,18,12,2024-12-19 09:55:17
500109024,30,14,12,2024-12-19 10:04:16
500109024,30,6,12,2024-12-19 11:23:15
500119054,30,18,12,2024-12-19 09:09:15
500112070,30,16,13,2024-12-19 12:48:15
500119074,30,16,13,2024-12-19 12:46:15
500108140,30,16,14,2024-12-19 13:00:17
500108140,30,16,14,2024-12-19 11:05:16
500109092,30,16,14,2024-12-19 09:42:15
500108186,30,14,15,2024-12-19 09:06:15
500112070,30,14,15,2024-12-19 12:28:15
500108188,30,14,16,2024-12-19 11:44:15
500103025,30,12,17,2024-12-19 10:57:15
500104041,30,13,17,2024-12-19 12:39:15
500104074,30,11,17,2024-12-19 11:38:15
500107113,30,11,17,2024-12-19 09:09:15
500108188,30,13,17,2024-12-19 09:03:14
500108188,30,13,17,2024-12-19 09:22:15
500112070,30,12,17,2024-12-19 10:37:16
500101159,30,12,18,2024-12-19 12:19:16
500103025,30,11,18,2024-12-19 11:40:17
500106084,30,12,18,2024-12-19 12:27:15
500107015,30,12,18,2024-12-19 11:05:16
500108188,30,12,18,2024-12-19 11:08:15
500103025,30,10,19,2024-12-19 11:27:15
500107060,30,11,19,2024-12-19 12:10:16
500111035,30,11,19,2024-12-19 12:57:15
500112070,30,9,20,2024-12-19 12:19:16
500104054,30,9,21,2024-12-19 08:50:15
500108083,30,9,21,2024-12-19 09:55:17
500110032,30,4,21,2024-12-19 09:05:16
500111012,30,9,21,2024-12-19 12:08:15
500112070,30,8,21,2024-12-19 10:18:15
500111010,30,8,22,2024-12-19 11:21:15
500111012,30,8,22,2024-12-19 12:26:15
500111012,30,8,22,2024-12-19 13:04:16
500113069,30,7,22,2024-12-19 10:47:16
500119054,30,4,22,2024-12-19 12:58:15
500101159,30,7,23,2024-12-19 10:12:15
500104035,30,7,23,2024-12-19 09:27:15
500104041,30,7,23,2024-12-19 11:58:16
500105028,30,7,23,2024-12-19 09:07:15
500106084,30,7,23,2024-12-19 09:07:15
500107076,30,7,23,2024-12-19 12:38:15
500110040,30,5,23,2024-12-19 10:26:14
500110061,30,7,23,2024-12-19 09:42:15
500110076,30,7,23,2024-12-19 11:40:17
500101026,30,6,24,2024-12-19 11:08:15
500101159,30,6,24,2024-12-19 12:07:16
500101159,30,6,24,2024-12-19 09:55:17
500103001,30,6,24,2024-12-19 12:35:16
500104035,30,6,24,2024-12-19 12:58:15
500119009,30,6,24,2024-12-19 12:47:15
500119009,30,6,24,2024-12-19 12:56:15
500104041,30,5,25,2024-12-19 10:38:15
500104123,30,5,25,2024-12-19 12:27:14
500106078,30,5,25,2024-12-19 12:59:16
500110076,30,5,25,2024-12-19 12:50:15
500112067,30,4,25,2024-12-19 10:53:16
500109079,30,3,26,2024-12-19 13:00:16
500110061,30,4,26,2024-12-19 12:01:16
500110061,30,4,26,2024-12-19 11:03:16
500113069,30,3,26,2024-12-19 11:28:16
500119074,30,3,26,2024-12-19 09:07:15
500101026,30,3,27,2024-12-19 11:47:16
500104123,30,3,27,2024-12-19 11:33:16
500109066,30,3,27,2024-12-19 12:51:15
500109066,30,3,27,2024-12-19 09:26:15
500113036,30,2,27,2024-12-19 09:28:15
500101125,30,2,28,2024-12-19 09:34:14
500104051,30,2,28,2024-12-19 08:59:15
500108078,30,2,28,2024-12-19 08:50:16
500109010,30,2,28,2024-12-19 11:42:16
500108078,30,1,29,2024-12-19 09:37:15
500109003,30,1,29,2024-12-19 10:21:16
500109010,30,1,29,2024-12-19 11:23:15
500109010,30,1,29,2024-12-19 11:52:15
500109079,30,0,29,2024-12-19 09:58:15
500109003,30,0,30,2024-12-19 10:04:16
500109086,30,0,30,2024-12-19 08:57:16
500107076,30,16,14,2024-12-19 04:09:15
500101159,30,30,0,2024-12-19 18:15:17
500101159,30,29,1,2024-12-19 20:17:15
500109024,30,20,1,2024-12-19 18:18:16
500110032,30,26,1,2024-12-19 18:16:16
500111012,30,29,1,2024-12-19 17:28:16
500101159,30,28,2,2024-12-19 18:36:16
500109024,30,16,2,2024-12-19 17:59:15
500109024,30,19,2,2024-12-19 19:10:17
500109055,30,27,3,2024-12-19 21:04:15
500111012,30,26,4,2024-12-19 19:27:15
500113069,30,26,4,2024-12-19 19:55:16
500109024,30,15,6,2024-12-19 19:46:15
500111035,30,24,6,2024-12-19 20:37:16
500113069,30,24,6,2024-12-19 18:47:16
500109024,30,14,7,2024-12-19 20:23:15
500107115,30,22,8,2024-12-19 17:22:15
500104041,30,21,9,2024-12-19 20:27:15
500108027,30,21,9,2024-12-19 17:59:15
500109024,30,12,9,2024-12-19 21:02:15
500103001,30,20,10,2024-12-19 17:46:15
500104041,30,20,10,2024-12-19 20:07:15
500105069,30,20,10,2024-12-19 18:35:16
500107076,30,20,10,2024-12-19 19:19:15
500101026,30,19,11,2024-12-19 19:07:15
500101125,30,16,11,2024-12-19 21:19:16
500107113,30,17,11,2024-12-19 17:35:15
500110032,30,14,11,2024-12-19 17:27:16
500112070,30,19,11,2024-12-19 17:28:15
500103025,30,16,13,2024-12-19 19:18:15
500104074,30,16,13,2024-12-19 19:56:15
500104035,30,16,14,2024-12-19 19:24:15
500104074,30,15,14,2024-12-19 20:07:15
500104123,30,15,15,2024-12-19 21:08:15
500110076,30,15,15,2024-12-19 20:28:15
500101142,30,14,16,2024-12-19 17:28:15
500104035,30,14,16,2024-12-19 18:58:16
500110076,30,14,16,2024-12-19 20:57:16
500111011,30,14,16,2024-12-19 19:00:18
500119009,30,14,16,2024-12-19 21:15:16
500105069,30,13,17,2024-12-19 20:24:15
500109010,30,13,17,2024-12-19 17:31:15
500110066,30,13,17,2024-12-19 19:25:15
500113041,30,13,17,2024-12-19 21:20:16
500101026,30,12,18,2024-12-19 20:56:15
500109092,30,12,18,2024-12-19 17:53:15
500110066,30,12,18,2024-12-19 20:54:15
500103001,30,11,19,2024-12-19 19:58:14
500104035,30,11,19,2024-12-19 18:07:16
500108043,30,10,19,2024-12-19 19:12:15
500111011,30,11,19,2024-12-19 19:41:16
500111011,30,11,19,2024-12-19 20:36:15
500113036,30,10,19,2024-12-19 18:14:14
500103025,30,9,20,2024-12-19 19:49:15
500105010,30,10,20,2024-12-19 20:41:15
500110066,30,10,20,2024-12-19 20:47:15
500101125,30,6,21,2024-12-19 20:29:15
500104035,30,9,21,2024-12-19 17:47:16
500105010,30,9,21,2024-12-19 19:46:15
500108045,30,9,21,2024-12-19 17:13:15
500108140,30,9,21,2024-12-19 18:47:16
500108186,30,8,21,2024-12-19 18:05:16
500105010,30,8,22,2024-12-19 20:03:15
500108027,30,8,22,2024-12-19 20:49:15
500108045,30,8,22,2024-12-19 18:17:15
500106084,30,7,23,2024-12-19 20:46:15
500104035,30,6,24,2024-12-19 18:26:16
500106084,30,6,24,2024-12-19 18:35:16
500108140,30,6,24,2024-12-19 19:43:15
500109003,30,6,24,2024-12-19 20:39:16
500110061,30,6,24,2024-12-19 18:37:15
500113041,30,6,24,2024-12-19 19:38:15
500103001,30,5,25,2024-12-19 21:00:16
500109003,30,5,25,2024-12-19 21:12:15
500110061,30,5,25,2024-12-19 18:17:15
500119047,30,5,25,2024-12-19 20:49:15
500104051,30,4,26,2024-12-19 17:55:17
500112067,30,4,26,2024-12-19 18:38:16
500112070,30,4,26,2024-12-19 20:59:15
500119074,30,4,26,2024-12-19 19:36:15
500119074,30,4,26,2024-12-19 18:27:15
500119087,30,4,26,2024-12-19 18:29:16
500104123,30,3,27,2024-12-19 18:33:16
500119047,30,3,27,2024-12-19 20:55:17
500119054,30,3,27,2024-12-19 17:59:16
500106078,30,2,28,2024-12-19 21:18:15
500107114,30,1,28,2024-12-19 18:07:16
500108188,30,2,28,2024-12-19 19:37:15
500110063,30,2,28,2024-12-19 19:07:15
500101142,30,1,29,2024-12-19 20:28:15
500101142,30,1,29,2024-12-19 18:54:16
500105028,30,1,29,2024-12-19 19:46:15
500106078,30,1,29,2024-12-19 18:18:16
500106078,30,1,29,2024-12-19 18:46:15
500119009,30,1,29,2024-12-19 18:17:15
500119087,30,1,29,2024-12-19 21:20:16
500105028,30,0,30,2024-12-19 19:07:16
500108188,30,0,30,2024-12-19 18:48:16
500105069,30,30,0,2024-12-19 16:24:17
500105069,30,28,2,2024-12-19 13:24:15
500111012,30,28,2,2024-12-19 17:18:16
500110066,30,27,3,2024-12-19 13:37:15
500119074,30,27,3,2024-12-19 16:28:15
500101159,30,26,4,2024-12-19 15:04:15
500108140,30,26,4,2024-12-19 15:38:15
500119047,30,22,4,2024-12-19 15:37:16
500101142,30,25,5,2024-12-19 15:26:15
500112070,30,25,5,2024-12-19 16:58:15
500110073,30,24,6,2024-12-19 17:15:17
500119074,30,24,6,2024-12-19 16:50:17
500101159,30,23,7,2024-12-19 17:07:15
500101142,30,21,9,2024-12-19 16:25:16
500119074,30,21,9,2024-12-19 13:25:16
500108043,30,19,10,2024-12-19 15:20:15
500108043,30,19,10,2024-12-19 14:34:15
500119087,30,12,11,2024-12-19 17:18:16
500109092,30,18,12,2024-12-19 16:56:15
500110032,30,12,13,2024-12-19 13:17:15
500119054,30,17,13,2024-12-19 17:17:16
500107060,30,16,14,2024-12-19 13:24:15
500107060,30,15,15,2024-12-19 14:37:14
500110066,30,15,15,2024-12-19 16:43:15
500103025,30,13,16,2024-12-19 16:10:16
500106084,30,14,16,2024-12-19 14:12:14
500110040,30,13,16,2024-12-19 15:42:15
500110061,30,14,16,2024-12-19 16:25:16
500110066,30,13,17,2024-12-19 15:28:14
500111012,30,13,17,2024-12-19 14:31:15
500111035,30,13,17,2024-12-19 17:05:16
500101125,30,12,18,2024-12-19 16:57:15
500103025,30,11,18,2024-12-19 16:45:17
500104054,30,12,18,2024-12-19 16:34:15
500107015,30,12,18,2024-12-19 13:45:15
500107015,30,12,18,2024-12-19 16:29:15
500110040,30,11,18,2024-12-19 16:08:16
500113036,30,11,18,2024-12-19 16:07:15
500113036,30,11,18,2024-12-19 17:04:15
500113069,30,12,18,2024-12-19 16:23:15
500101026,30,11,19,2024-12-19 16:37:15
500101125,30,11,19,2024-12-19 17:18:16
500104041,30,11,19,2024-12-19 13:34:16
500110061,30,11,19,2024-12-19 15:04:15
500113036,30,10,19,2024-12-19 13:22:15
500101125,30,10,20,2024-12-19 16:00:17
500104035,30,10,20,2024-12-19 13:55:16
500104041,30,10,20,2024-12-19 15:33:15
500108045,30,10,20,2024-12-19 16:53:15
500110040,30,9,20,2024-12-19 14:36:15
500111010,30,10,20,2024-12-19 13:19:15
500111035,30,10,20,2024-12-19 13:55:16
500119054,30,6,20,2024-12-19 13:44:15
500104041,30,9,21,2024-12-19 13:58:16
500111010,30,9,21,2024-12-19 16:44:15
500101125,30,8,22,2024-12-19 15:09:15
500103001,30,8,22,2024-12-19 16:22:16
500104035,30,8,22,2024-12-19 13:18:15
500108188,30,8,22,2024-12-19 16:46:15
500107076,30,7,23,2024-12-19 16:37:15
500108045,30,7,23,2024-12-19 16:09:14
500112067,30,6,23,2024-12-19 13:44:15
500101125,30,6,24,2024-12-19 14:36:16
500108188,30,6,24,2024-12-19 17:11:15
500110040,30,5,24,2024-12-19 14:04:14
500110076,30,6,24,2024-12-19 15:24:15
500104051,30,5,25,2024-12-19 14:09:16
500105010,30,5,25,2024-12-19 15:48:15
500107114,30,4,25,2024-12-19 16:37:15
500110076,30,5,25,2024-12-19 15:43:15
500119009,30,5,25,2024-12-19 16:14:14
500104051,30,4,26,2024-12-19 16:42:15
500104051,30,4,26,2024-12-19 15:17:15
500107114,30,3,26,2024-12-19 13:16:14
500109066,30,4,26,2024-12-19 16:44:15
500109079,30,3,26,2024-12-19 16:36:15
500119009,30,4,26,2024-12-19 17:08:16
500113036,30,2,27,2024-12-19 13:18:15
500106078,30,2,28,2024-12-19 15:45:17
500106078,30,1,29,2024-12-19 16:17:14
500106078,30,1,29,2024-12-19 15:09:15
500108027,30,11,19,2024-12-19 21:45:15
500101026,30,16,14,2024-12-19 21:47:15
500104035,30,18,12,2024-12-19 21:48:16
500119009,30,24,6,2024-12-19 21:48:16
500103025,30,27,2,2024-12-19 07:28:15
500109024,30,24,2,2024-12-19 08:56:16
500107115,30,27,3,2024-12-19 06:56:15
500110063,30,27,3,2024-12-19 08:02:15
500105010,30,25,4,2024-12-19 05:48:14
500107115,30,26,4,2024-12-19 07:06:15
500107115,30,26,4,2024-12-19 07:33:15
500119009,30,25,5,2024-12-19 07:35:16
500110076,30,24,6,2024-12-19 06:34:15
500119009,30,23,7,2024-12-19 05:24:14
500103025,30,21,8,2024-12-19 06:23:15
500119009,30,22,8,2024-12-19 06:10:16
500104041,30,21,9,2024-12-19 07:36:15
500108049,30,20,9,2024-12-19 05:48:14
500110066,30,20,10,2024-12-19 05:27:15
500104123,30,19,11,2024-12-19 07:07:15
500109003,30,19,11,2024-12-19 06:22:14
500110066,30,19,11,2024-12-19 07:24:15
500111012,30,18,11,2024-12-19 07:37:15
500107114,30,18,12,2024-12-19 06:07:15
500111035,30,18,12,2024-12-19 06:56:15
500112067,30,17,12,2024-12-19 05:45:15
500104035,30,17,13,2024-12-19 07:55:17
500101142,30,16,14,2024-12-19 08:47:15
500106078,30,16,14,2024-12-19 07:14:15
500109055,30,16,14,2024-12-19 08:21:16
500107114,30,15,15,2024-12-19 05:34:15
500110040,30,13,15,2024-12-19 08:43:15
500111012,30,14,15,2024-12-19 07:27:15
500108188,30,14,16,2024-12-19 07:42:15
500112067,30,13,16,2024-12-19 06:44:15
500101026,30,13,17,2024-12-19 07:27:15
500107114,30,13,17,2024-12-19 08:47:15
500111010,30,13,17,2024-12-19 07:55:16
500111012,30,12,17,2024-12-19 08:27:16
500109066,30,12,18,2024-12-19 07:41:15
500110073,30,12,18,2024-12-19 07:54:15
500110076,30,12,18,2024-12-19 07:46:15
500104041,30,11,19,2024-12-19 06:37:15
500105069,30,11,19,2024-12-19 06:36:14
500107114,30,11,19,2024-12-19 07:57:16
500111010,30,11,19,2024-12-19 08:56:16
500111011,30,11,19,2024-12-19 07:30:16
500101159,30,10,20,2024-12-19 07:55:17
500109092,30,10,20,2024-12-19 08:47:15
500110073,30,10,20,2024-12-19 07:44:15
500107113,30,7,21,2024-12-19 06:49:15
500108140,30,9,21,2024-12-19 08:01:15
500111015,30,9,21,2024-12-19 08:25:15
500107060,30,8,22,2024-12-19 07:27:15
500108083,30,8,22,2024-12-19 08:01:15
500108186,30,8,22,2024-12-19 07:34:15
500108188,30,8,22,2024-12-19 06:32:15
500101125,30,7,23,2024-12-19 08:27:16
500105028,30,7,23,2024-12-19 08:26:15
500107114,30,7,23,2024-12-19 08:37:15
500107130,30,7,23,2024-12-19 08:52:16
500111010,30,7,23,2024-12-19 08:46:15
500107113,30,4,24,2024-12-19 07:25:15
500119074,30,5,24,2024-12-19 06:34:15
500104041,30,5,25,2024-12-19 05:38:14
500107060,30,5,25,2024-12-19 08:27:16
500113069,30,4,25,2024-12-19 08:03:15
500109086,30,4,26,2024-12-19 07:54:15
500110076,30,4,26,2024-12-19 08:16:15
500113036,30,3,26,2024-12-19 08:51:15
500101159,30,3,27,2024-12-19 08:14:16
500104051,30,3,27,2024-12-19 07:47:15
500109003,30,3,27,2024-12-19 07:45:16
500110061,30,3,27,2024-12-19 08:45:16
500111035,30,3,27,2024-12-19 07:37:15
500109086,30,1,29,2024-12-19 08:03:14
500109092,30,1,29,2024-12-19 08:14:16
500109092,30,1,29,2024-12-19 07:46:15
500111035,30,1,29,2024-12-19 08:56:16
500119009,30,1,29,2024-12-19 08:26:15
500104051,30,0,30,2024-12-19 08:17:15
500119009,30,0,30,2024-12-19 08:47:15
500103001,30,23,7,2024-12-19 00:40:16
500104051,30,23,7,2024-12-19 00:14:14
500105028,30,12,18,2024-12-19 00:18:14
500106084,30,8,22,2024-12-19 00:12:15
500108043,30,13,16,2024-12-19 00:36:15
500110061,30,23,7,2024-12-19 00:06:15
500119009,30,26,4,2024-12-19 00:07:15
500119087,30,1,29,2024-12-19 23:49:15
500110076,30,25,5,2024-12-19 00:20:15
500111035,30,17,13,2024-12-19 00:52:15
500111012,30,5,25,2024-12-19 23:23:14
500108027,30,20,10,2024-12-19 23:27:14
500101125,30,4,15,2024-12-19 23:56:14
500107076,30,9,21,2024-12-19 23:32:15
500104054,30,11,19,2024-12-19 22:11:15
500106078,30,11,19,2024-12-19 22:49:15
500107113,30,4,24,2024-12-19 00:13:15
500108078,30,6,24,2024-12-19 00:22:15
500108188,30,7,23,2024-12-19 01:11:15
500119074,30,8,21,2024-12-19 01:00:19
500119087,30,1,29,2024-12-19 23:15:16
500108043,30,2,27,2024-12-19 22:56:15
500113069,30,10,20,2024-12-19 23:16:15
500104051,30,14,16,2024-12-19 22:26:15
500109003,30,8,22,2024-12-19 22:14:15
500111035,30,9,21,2024-12-19 22:35:16
500110066,30,13,17,2024-12-19 22:15:16
500104035,30,15,15,2024-12-19 22:30:16
500107015,30,15,15,2024-12-19 22:20:15
500119009,30,28,2,2024-12-19 22:35:15
500119054,30,0,30,2024-12-19 21:36:15
500101125,30,7,12,2024-12-19 21:38:15
500109024,30,13,8,2024-12-19 21:26:16
500110076,30,18,12,2024-12-19 21:33:15
500111010,30,18,12,2024-12-19 21:05:16
500110040,30,20,9,2024-12-19 21:39:15
500109079,30,28,1,2024-12-19 21:38:15
500112067,30,17,12,2024-12-19 02:14:15
500113041,30,20,10,2024-12-19 01:40:15
500103001,30,24,6,2024-12-19 02:35:15
500113069,30,10,19,2024-12-19 03:51:15
500110061,30,3,27,2024-12-19 22:09:15
500107113,30,5,23,2024-12-19 22:01:15
500108188,30,11,19,2024-12-19 21:54:14
500113036,30,12,17,2024-12-19 22:07:15
500110032,30,3,27,2024-12-19 01:24:14
500104051,30,24,6,2024-12-19 01:18:15
500112067,30,8,21,2024-12-19 21:59:15
500108027,30,12,18,2024-12-19 21:52:15
500111035,30,18,12,2024-12-19 21:57:15
500110061,30,19,11,2024-12-19 03:20:15
500104051,30,15,15,2024-12-19 23:34:14
500112070,30,7,23,2024-12-19 02:17:15
500113069,30,11,19,2024-12-19 02:16:15
500101125,30,13,3,2024-12-19 01:54:15
500109003,30,9,21,2024-12-19 22:41:15
500119074,30,6,23,2024-12-19 04:30:15
500103001,30,27,3,2024-12-19 04:31:15
500111012,30,15,15,2024-12-19 22:58:15
500111035,30,21,9,2024-12-19 23:09:15
500107114,30,13,16,2024-12-19 22:16:14
500108083,30,30,0,2024-12-19 09:09:16
500119087,30,25,0,2024-12-19 11:57:15
500107060,30,29,1,2024-12-19 09:53:15
500108027,30,29,1,2024-12-19 11:23:15
500111011,30,29,1,2024-12-19 10:19:16
500119087,30,24,1,2024-12-19 11:48:16
500101142,30,28,2,2024-12-19 10:06:15
500108027,30,28,2,2024-12-19 10:27:15
500110073,30,28,2,2024-12-19 12:55:16
500105069,30,27,3,2024-12-19 13:03:15
500110063,30,26,4,2024-12-19 12:24:16
500119074,30,25,4,2024-12-19 10:31:16
500110032,30,20,5,2024-12-19 10:58:16
500107114,30,24,6,2024-12-19 10:37:16
500107115,30,24,6,2024-12-19 11:04:15
500119074,30,23,6,2024-12-19 13:07:15
500105069,30,23,7,2024-12-19 11:56:16
500110073,30,23,7,2024-12-19 09:05:16
500101142,30,22,8,2024-12-19 12:56:15
500108095,30,22,8,2024-12-19 11:43:15
500101142,30,21,9,2024-12-19 12:35:16
500108043,30,20,9,2024-12-19 09:57:15
500109092,30,21,9,2024-12-19 12:08:15
500103025,30,18,11,2024-12-19 09:57:15
500109024,30,7,11,2024-12-19 12:58:15
500110066,30,18,12,2024-12-19 10:02:14
500109024,30,13,13,2024-12-19 09:56:16
500109055,30,17,13,2024-12-19 08:30:16
500109092,30,17,13,2024-12-19 10:24:15
500110032,30,12,13,2024-12-19 12:07:15
500101026,30,16,14,2024-12-19 09:01:15
500105069,30,16,14,2024-12-19 11:04:15
500112070,30,15,14,2024-12-19 13:08:15
500119087,30,14,14,2024-12-19 09:36:15
500101026,30,15,15,2024-12-19 09:26:15
500101159,30,15,15,2024-12-19 12:28:15
500104054,30,15,15,2024-12-19 09:56:16
500104074,30,13,15,2024-12-19 11:28:15
500108083,30,15,15,2024-12-19 11:13:15
500119054,30,15,15,2024-12-19 09:07:15
500106084,30,14,16,2024-12-19 12:37:15
500106084,30,14,16,2024-12-19 12:57:14
500107015,30,14,16,2024-12-19 09:49:15
500108083,30,14,16,2024-12-19 10:55:17
500103025,30,12,17,2024-12-19 11:06:15
500104041,30,13,17,2024-12-19 13:03:15
500108188,30,13,17,2024-12-19 11:36:15
500113041,30,13,17,2024-12-19 08:55:16
500107060,30,12,18,2024-12-19 12:28:15
500107076,30,12,18,2024-12-19 09:09:15
500107113,30,10,18,2024-12-19 10:45:15
500113041,30,12,18,2024-12-19 09:08:15
500110032,30,6,19,2024-12-19 12:37:15
500119054,30,7,19,2024-12-19 12:46:15
500119054,30,7,19,2024-12-19 10:18:15
500106084,30,10,20,2024-12-19 12:19:15
500107114,30,9,20,2024-12-19 11:47:16
500107114,30,9,20,2024-12-19 11:57:16
500119054,30,6,20,2024-12-19 10:22:15
500119054,30,6,20,2024-12-19 10:38:15
500105028,30,9,21,2024-12-19 09:40:16
500106084,30,9,21,2024-12-19 11:49:16
500107113,30,7,21,2024-12-19 11:24:15
500107130,30,9,21,2024-12-19 09:02:15
500119054,30,5,21,2024-12-19 12:08:15
500101159,30,8,22,2024-12-19 11:22:16
500107060,30,8,22,2024-12-19 11:18:15
500107076,30,8,22,2024-12-19 12:47:15
500111010,30,8,22,2024-12-19 12:55:16
500119074,30,7,22,2024-12-19 09:09:15
500110040,30,5,23,2024-12-19 12:29:16
500111015,30,7,23,2024-12-19 09:01:15
500111015,30,7,23,2024-12-19 11:17:15
500101125,30,6,24,2024-12-19 12:57:15
500110040,30,4,24,2024-12-19 12:57:15
500110061,30,6,24,2024-12-19 12:38:15
500110061,30,6,24,2024-12-19 10:21:15
500101159,30,5,25,2024-12-19 09:35:16
500104035,30,5,25,2024-12-19 11:54:15
500106078,30,5,25,2024-12-19 12:47:15
500110076,30,5,25,2024-12-19 11:10:17
500104035,30,4,26,2024-12-19 09:56:16
500104035,30,4,26,2024-12-19 10:56:14
500104051,30,4,26,2024-12-19 10:31:16
500104123,30,4,26,2024-12-19 12:11:16
500106078,30,4,26,2024-12-19 12:56:15
500109086,30,4,26,2024-12-19 12:29:16
500104035,30,3,27,2024-12-19 10:14:15
500107076,30,3,27,2024-12-19 10:13:16
500107130,30,3,27,2024-12-19 12:59:16
500109010,30,3,27,2024-12-19 10:51:16
500112067,30,2,27,2024-12-19 09:55:17
500112070,30,2,27,2024-12-19 09:55:16
500113036,30,2,27,2024-12-19 10:17:15
500107076,30,2,28,2024-12-19 11:52:15
500112067,30,1,28,2024-12-19 09:41:15
500113036,30,1,28,2024-12-19 12:51:15
500101125,30,1,29,2024-12-19 10:28:15
500110076,30,1,29,2024-12-19 09:05:16
500111035,30,0,30,2024-12-19 09:03:15
500119009,30,0,30,2024-12-19 11:48:15
500119009,30,0,30,2024-12-19 10:00:18
500109024,30,21,0,2024-12-19 18:05:17
500101159,30,27,3,2024-12-19 17:48:15
500101159,30,27,3,2024-12-19 19:06:16
500104035,30,27,3,2024-12-19 20:49:15
500111012,30,27,3,2024-12-19 19:12:15
500111035,30,27,3,2024-12-19 19:06:16
500101159,30,26,4,2024-12-19 18:48:15
500111012,30,26,4,2024-12-19 19:47:15
500113069,30,26,4,2024-12-19 19:44:14
500103001,30,25,5,2024-12-19 18:26:16
500109024,30,16,5,2024-12-19 19:28:15
500111012,30,24,6,2024-12-19 17:47:16
500108095,30,23,7,2024-12-19 19:43:15
500109079,30,22,7,2024-12-19 19:18:15
500110040,30,22,7,2024-12-19 18:28:16
500109079,30,21,8,2024-12-19 19:39:15
500110032,30,21,9,2024-12-19 19:06:15
500110073,30,21,9,2024-12-19 17:32:15
500111015,30,21,9,2024-12-19 17:48:15
500112067,30,20,9,2024-12-19 17:59:15
500103025,30,19,10,2024-12-19 18:54:15
500105069,30,20,10,2024-12-19 18:11:16
500105069,30,20,10,2024-12-19 18:29:16
500111035,30,20,10,2024-12-19 21:19:16
500105069,30,19,11,2024-12-19 18:57:15
500112067,30,18,11,2024-12-19 19:56:16
500105069,30,18,12,2024-12-19 19:46:15
500110040,30,17,12,2024-12-19 21:03:15
500101125,30,17,13,2024-12-19 18:08:16
500104074,30,16,13,2024-12-19 18:14:15
500110040,30,16,13,2024-12-19 17:57:15
500110073,30,17,13,2024-12-19 19:40:15
500103001,30,16,14,2024-12-19 17:32:15
500104074,30,15,14,2024-12-19 19:13:15
500108083,30,16,14,2024-12-19 17:59:15
500113069,30,16,14,2024-12-19 20:49:14
500105069,30,15,15,2024-12-19 19:57:14
500112067,30,14,15,2024-12-19 20:39:16
500104054,30,14,16,2024-12-19 17:36:15
500108049,30,14,16,2024-12-19 20:33:15
500109010,30,14,16,2024-12-19 17:05:16
500111015,30,13,17,2024-12-19 19:41:16
500111015,30,13,17,2024-12-19 20:37:16
500113069,30,13,17,2024-12-19 21:15:15
500101026,30,12,18,2024-12-19 19:45:16
500101125,30,12,18,2024-12-19 17:25:16
500103025,30,11,18,2024-12-19 19:35:16
500106084,30,12,18,2024-12-19 19:31:15
500107015,30,12,18,2024-12-19 17:30:16
500108045,30,12,18,2024-12-19 17:56:16
500110032,30,12,18,2024-12-19 20:20:16
500110073,30,12,18,2024-12-19 20:58:15
500113041,30,12,18,2024-12-19 21:17:15
500113069,30,12,18,2024-12-19 21:08:15
500104035,30,11,19,2024-12-19 18:48:15
500106084,30,11,19,2024-12-19 20:29:15
500106084,30,11,19,2024-12-19 19:28:15
500107015,30,11,19,2024-12-19 17:24:16
500107113,30,9,19,2024-12-19 17:59:15
500107113,30,9,19,2024-12-19 19:19:15
500110066,30,11,19,2024-12-19 19:18:15
500113041,30,11,19,2024-12-19 20:39:16
500103025,30,9,20,2024-12-19 20:26:16
500104035,30,10,20,2024-12-19 18:13:15
500104051,30,10,20,2024-12-19 18:59:15
500107015,30,10,20,2024-12-19 18:46:15
500107113,30,8,20,2024-12-19 19:41:15
500109086,30,10,20,2024-12-19 18:32:16
500111011,30,10,20,2024-12-19 20:00:17
500111011,30,10,20,2024-12-19 17:22:16
500113036,30,9,20,2024-12-19 17:36:15
500113036,30,9,20,2024-12-19 17:56:15
500119047,30,10,20,2024-12-19 19:47:15
500104035,30,9,21,2024-12-19 17:21:15
500104051,30,9,21,2024-12-19 18:50:16
500107114,30,8,21,2024-12-19 21:19:16
500112067,30,9,21,2024-12-19 18:48:15
500107076,30,8,22,2024-12-19 17:34:15
500108049,30,8,22,2024-12-19 17:36:15
500109086,30,8,22,2024-12-19 18:20:17
500109092,30,8,22,2024-12-19 21:15:16
500110061,30,8,22,2024-12-19 17:48:15
500119087,30,8,22,2024-12-19 18:18:16
500101125,30,4,23,2024-12-19 19:58:15
500101125,30,4,23,2024-12-19 20:05:16
500107076,30,7,23,2024-12-19 19:37:16
500108049,30,7,23,2024-12-19 17:13:14
500108140,30,7,23,2024-12-19 18:51:16
500108188,30,7,23,2024-12-19 17:43:16
500109003,30,7,23,2024-12-19 20:02:15
500110063,30,7,23,2024-12-19 20:37:16
500113041,30,7,23,2024-12-19 19:26:15
500119047,30,3,23,2024-12-19 18:26:16
500105010,30,6,24,2024-12-19 17:43:15
500108027,30,6,24,2024-12-19 20:30:17
500111010,30,6,24,2024-12-19 18:44:16
500109086,30,5,25,2024-12-19 21:19:16
500111010,30,5,25,2024-12-19 18:26:16
500119009,30,5,25,2024-12-19 18:06:15
500119087,30,4,26,2024-12-19 19:57:15
500104123,30,3,27,2024-12-19 18:29:16
500107130,30,3,27,2024-12-19 19:48:15
500110061,30,3,27,2024-12-19 20:06:15
500110061,30,3,27,2024-12-19 19:00:18
500119009,30,3,27,2024-12-19 20:37:16
500119074,30,3,27,2024-12-19 18:33:16
500101142,30,2,28,2024-12-19 20:07:15
500107060,30,2,28,2024-12-19 19:16:15
500107130,30,2,28,2024-12-19 18:56:15
500119047,30,2,28,2024-12-19 21:05:16
500101026,30,1,29,2024-12-19 18:16:16
500107060,30,1,29,2024-12-19 20:12:15
500107060,30,1,29,2024-12-19 20:33:16
500110063,30,1,29,2024-12-19 17:59:15
500110063,30,0,30,2024-12-19 18:29:15
500112070,30,0,30,2024-12-19 21:20:19
500119074,30,0,30,2024-12-19 20:28:15
500119074,30,0,30,2024-12-19 20:59:15
500119074,30,30,0,2024-12-19 14:34:16
500119047,30,24,2,2024-12-19 14:37:14
500105069,30,27,3,2024-12-19 14:01:15
500110073,30,27,3,2024-12-19 14:12:15
500110073,30,27,3,2024-12-19 14:45:15
500119047,30,22,4,2024-12-19 16:53:15
500101159,30,25,5,2024-12-19 14:58:15
500108140,30,25,5,2024-12-19 16:07:15
500108140,30,25,5,2024-12-19 17:10:17
500119087,30,18,5,2024-12-19 14:17:15
500119087,30,18,5,2024-12-19 14:36:16
500110073,30,24,6,2024-12-19 15:34:15
500101159,30,23,7,2024-12-19 13:09:15
500101159,30,23,7,2024-12-19 13:22:15
500110063,30,23,7,2024-12-19 14:48:14
500119054,30,23,7,2024-12-19 16:38:14
500119074,30,23,7,2024-12-19 14:16:16
500108043,30,21,8,2024-12-19 14:06:15
500110032,30,17,8,2024-12-19 15:31:15
500101026,30,21,9,2024-12-19 13:19:15
500108043,30,20,9,2024-12-19 14:52:16
500101026,30,20,10,2024-12-19 15:10:15
500109024,30,8,10,2024-12-19 14:01:15
500110032,30,14,11,2024-12-19 16:27:15
500119047,30,15,11,2024-12-19 17:18:16
500107060,30,18,12,2024-12-19 15:22:15
500101142,30,17,13,2024-12-19 17:00:17
500110032,30,12,13,2024-12-19 16:42:15
500112070,30,16,13,2024-12-19 14:48:15
500101142,30,15,15,2024-12-19 17:18:16
500110066,30,15,15,2024-12-19 16:53:15
500113069,30,14,16,2024-12-19 16:53:14
500104074,30,12,17,2024-12-19 14:45:15
500110040,30,12,17,2024-12-19 15:51:14
500111012,30,13,17,2024-12-19 13:35:16
500113069,30,12,17,2024-12-19 14:03:16
500113036,30,11,18,2024-12-19 13:40:16
500113069,30,11,18,2024-12-19 14:34:15
500104035,30,11,19,2024-12-19 14:58:15
500104035,30,11,19,2024-12-19 15:21:15
500104035,30,11,19,2024-12-19 14:31:15
500104041,30,11,19,2024-12-19 14:56:14
500104041,30,10,20,2024-12-19 16:26:15
500110063,30,10,20,2024-12-19 16:55:16
500119009,30,10,20,2024-12-19 15:25:15
500101125,30,9,21,2024-12-19 15:08:15
500107060,30,9,21,2024-12-19 17:18:16
500111012,30,9,21,2024-12-19 16:41:14
500112067,30,8,21,2024-12-19 15:10:15
500110061,30,8,22,2024-12-19 14:20:16
500111010,30,8,22,2024-12-19 16:32:15
500111035,30,8,22,2024-12-19 14:14:14
500103001,30,7,23,2024-12-19 16:38:15
500109079,30,6,23,2024-12-19 16:45:17
500110076,30,7,23,2024-12-19 17:03:16
500104051,30,5,25,2024-12-19 17:10:17
500105010,30,5,25,2024-12-19 16:56:15
500105028,30,5,25,2024-12-19 15:47:14
500104123,30,4,26,2024-12-19 14:58:15
500105010,30,4,26,2024-12-19 16:59:15
500105028,30,4,26,2024-12-19 16:44:15
500107114,30,3,26,2024-12-19 15:35:16
500107130,30,4,26,2024-12-19 13:28:16
500107130,30,4,26,2024-12-19 16:31:15
500108049,30,4,26,2024-12-19 16:57:16
500109010,30,4,26,2024-12-19 13:35:15
500113041,30,4,26,2024-12-19 15:05:16
500104051,30,3,27,2024-12-19 15:30:17
500104051,30,3,27,2024-12-19 14:52:16
500109079,30,2,27,2024-12-19 13:11:15
500105010,30,2,28,2024-12-19 16:30:16
500107130,30,2,28,2024-12-19 14:43:14
500109079,30,1,28,2024-12-19 13:19:15
500109079,30,0,29,2024-12-19 15:28:15
500119009,30,1,29,2024-12-19 14:26:15
500109003,30,0,30,2024-12-19 13:27:15
500106078,30,4,26,2024-12-19 21:43:15
500108083,30,14,16,2024-12-19 21:41:15
500107115,30,30,0,2024-12-19 08:10:19
500111012,30,29,0,2024-12-19 07:47:15
500111012,30,29,0,2024-12-19 07:49:17
500110063,30,28,2,2024-12-19 08:17:14
500103001,30,27,3,2024-12-19 04:47:14
500108083,30,26,4,2024-12-19 08:55:16
500110076,30,26,4,2024-12-19 05:54:14
500105010,30,24,5,2024-12-19 05:37:15
500119009,30,23,7,2024-12-19 06:37:15
500105010,30,21,8,2024-12-19 06:33:15
500101125,30,7,9,2024-12-19 06:24:15
500104035,30,20,10,2024-12-19 08:03:15
500107060,30,20,10,2024-12-19 08:54:15
500109003,30,20,10,2024-12-19 06:16:15
500110076,30,20,10,2024-12-19 07:10:16
500104035,30,19,11,2024-12-19 08:17:15
500108027,30,19,11,2024-12-19 07:37:15
500110066,30,19,11,2024-12-19 05:52:14
500107114,30,18,12,2024-12-19 06:17:14
500109055,30,18,12,2024-12-19 07:27:15
500110066,30,18,12,2024-12-19 06:35:15
500119087,30,18,12,2024-12-19 08:27:16
500101142,30,17,13,2024-12-19 07:57:16
500104123,30,17,13,2024-12-19 07:40:15
500109003,30,17,13,2024-12-19 06:36:14
500109024,30,13,13,2024-12-19 07:38:15
500109086,30,17,13,2024-12-19 05:56:14
500108027,30,16,14,2024-12-19 07:45:16
500108186,30,15,14,2024-12-19 08:54:15
500110061,30,16,14,2024-12-19 08:03:15
500110063,30,16,14,2024-12-19 06:22:14
500112067,30,15,14,2024-12-19 06:26:15
500112070,30,15,14,2024-12-19 08:27:16
500113036,30,14,14,2024-12-19 07:22:15
500105069,30,15,15,2024-12-19 08:37:15
500107015,30,15,15,2024-12-19 07:55:17
500110040,30,13,15,2024-12-19 08:56:16
500101125,30,7,16,2024-12-19 07:36:15
500108027,30,14,16,2024-12-19 07:52:15
500110040,30,12,16,2024-12-19 08:35:16
500111010,30,14,16,2024-12-19 07:41:15
500113036,30,12,16,2024-12-19 07:37:15
500119054,30,14,16,2024-12-19 08:26:15
500107076,30,13,17,2024-12-19 06:24:15
500108188,30,13,17,2024-12-19 08:56:16
500111035,30,13,17,2024-12-19 07:47:15
500105028,30,12,18,2024-12-19 05:16:14
500105069,30,12,18,2024-12-19 06:51:15
500108043,30,11,18,2024-12-19 07:20:16
500104054,30,9,19,2024-12-19 07:44:15
500104054,30,9,19,2024-12-19 08:01:15
500105028,30,11,19,2024-12-19 05:44:15
500108045,30,10,19,2024-12-19 08:08:16
500112067,30,10,19,2024-12-19 07:27:15
500113069,30,10,19,2024-12-19 06:22:14
500101026,30,10,20,2024-12-19 06:55:16
500111015,30,9,20,2024-12-19 07:42:15
500106078,30,9,21,2024-12-19 08:01:15
500106084,30,9,21,2024-12-19 06:27:15
500107113,30,7,21,2024-12-19 06:35:15
500108045,30,8,21,2024-12-19 06:02:15
500108188,30,9,21,2024-12-19 06:56:15
500104041,30,7,23,2024-12-19 06:16:15
500107113,30,5,23,2024-12-19 06:05:16
500108188,30,7,23,2024-12-19 05:17:15
500109010,30,7,23,2024-12-19 06:34:15
500105028,30,6,24,2024-12-19 07:13:15
500106084,30,6,24,2024-12-19 07:33:15
500107130,30,6,24,2024-12-19 08:15:16
500109086,30,6,24,2024-12-19 07:12:15
500113036,30,5,24,2024-12-19 08:17:15
500119047,30,6,24,2024-12-19 07:25:15
500106084,30,5,25,2024-12-19 05:08:14
500107113,30,3,25,2024-12-19 07:29:15
500108045,30,4,25,2024-12-19 08:54:15
500109003,30,5,25,2024-12-19 08:15:15
500112067,30,4,25,2024-12-19 07:36:15
500107060,30,4,26,2024-12-19 04:55:16
500119074,30,3,26,2024-12-19 06:56:15
500109086,30,3,27,2024-12-19 08:43:15
500109092,30,3,27,2024-12-19 08:27:15
500112067,30,2,27,2024-12-19 08:42:14
500105010,30,1,28,2024-12-19 08:03:14
500107076,30,2,28,2024-12-19 07:16:15
500107076,30,2,28,2024-12-19 07:47:15
500109003,30,2,28,2024-12-19 08:27:16
500109079,30,0,28,2024-12-19 08:51:18
500110032,30,2,28,2024-12-19 08:56:16
500112070,30,1,28,2024-12-19 07:57:16
500119009,30,2,28,2024-12-19 08:57:15
500110032,30,1,29,2024-12-19 05:45:16
500110032,30,0,30,2024-12-19 06:26:15
500110076,30,0,30,2024-12-19 08:26:15
500112070,30,2,28,2024-12-19 23:29:14
500101142,30,16,14,2024-12-19 00:14:14
500107076,30,19,11,2024-12-19 00:28:14
500107114,30,28,2,2024-12-19 00:07:16
500119009,30,28,2,2024-12-19 00:17:15
500119009,30,27,3,2024-12-19 00:36:15
500119074,30,0,29,2024-12-19 00:36:15
500119087,30,1,29,2024-12-19 00:49:15
500107076,30,18,12,2024-12-19 00:56:14
500110040,30,20,8,2024-12-19 00:34:15
500112070,30,9,21,2024-12-19 00:14:14
500119074,30,0,29,2024-12-19 00:38:15
500109013,31,12,19,2024-12-19 22:36:15
500110037,31,6,24,2024-12-19 01:11:15
500106110,31,3,28,2024-12-19 23:13:15
500109081,31,15,13,2024-12-19 22:38:15
500109045,31,1,30,2024-12-19 21:10:15
500106126,31,5,26,2024-12-19 21:33:16
500107007,31,6,25,2024-12-19 21:30:16
500112010,31,6,24,2024-12-19 02:24:14
500103037,31,13,16,2024-12-19 02:12:16
500112055,31,20,11,2024-12-19 04:05:15
500103037,31,10,19,2024-12-19 01:22:15
500105032,31,19,12,2024-12-19 21:58:15
500112038,31,0,31,2024-12-19 02:47:15
500106110,31,2,29,2024-12-19 23:03:15
500110042,31,13,18,2024-12-19 22:52:15
500106083,31,6,25,2024-12-19 22:11:15
500109081,31,16,12,2024-12-19 22:21:15
500112038,31,28,3,2024-12-19 09:09:15
500110037,31,26,4,2024-12-19 11:28:16
500106091,31,21,9,2024-12-19 12:02:16
500103037,31,21,10,2024-12-19 11:46:15
500106091,31,19,11,2024-12-19 11:26:15
500106110,31,20,11,2024-12-19 13:07:15
500103037,31,19,12,2024-12-19 11:28:16
500109045,31,19,12,2024-12-19 11:45:15
500109081,31,8,12,2024-12-19 11:17:15
500109045,31,18,13,2024-12-19 12:42:15
500109081,31,7,13,2024-12-19 11:56:16
500103037,31,17,14,2024-12-19 10:28:15
500103037,31,17,14,2024-12-19 10:37:15
500104060,31,14,14,2024-12-19 09:19:15
500104060,31,14,14,2024-12-19 09:36:15
500109045,31,17,14,2024-12-19 09:29:15
500109081,31,6,14,2024-12-19 11:33:16
500109045,31,16,15,2024-12-19 09:17:15
500106126,31,15,16,2024-12-19 10:04:16
500112038,31,15,16,2024-12-19 10:06:15
500112038,31,14,17,2024-12-19 09:57:15
500110042,31,13,18,2024-12-19 09:04:14
500103034,31,10,21,2024-12-19 09:08:14
500105020,31,10,21,2024-12-19 09:56:16
500103034,31,9,22,2024-12-19 09:37:15
500112038,31,7,24,2024-12-19 10:59:15
500112038,31,7,24,2024-12-19 11:18:15
500107007,31,6,25,2024-12-19 11:28:16
500109013,31,6,25,2024-12-19 12:45:16
500109013,31,6,25,2024-12-19 09:55:17
500110042,31,6,25,2024-12-19 10:16:15
500110042,31,6,25,2024-12-19 10:54:15
500109013,31,5,26,2024-12-19 11:08:15
500110042,31,5,26,2024-12-19 11:56:16
500103034,31,4,27,2024-12-19 11:15:15
500112010,31,4,27,2024-12-19 11:24:15
500112055,31,4,27,2024-12-19 10:11:15
500105103,31,3,28,2024-12-19 09:34:15
500106083,31,3,28,2024-12-19 11:26:15
500103034,31,2,29,2024-12-19 11:27:15
500108026,31,2,29,2024-12-19 11:53:16
500112055,31,2,29,2024-12-19 10:23:15
500105032,31,1,30,2024-12-19 09:06:15
500106110,31,1,30,2024-12-19 10:38:15
500105032,31,0,31,2024-12-19 12:39:14
500106110,31,0,31,2024-12-19 10:13:16
500112010,31,0,31,2024-12-19 10:26:15
500109081,31,26,2,2024-12-19 20:45:18
500109081,31,21,5,2024-12-19 19:58:15
500119050,31,22,9,2024-12-19 17:59:15
500104060,31,19,11,2024-12-19 20:44:15
500109081,31,8,12,2024-12-19 17:57:15
500119050,31,9,14,2024-12-19 17:48:15
500103034,31,16,15,2024-12-19 18:38:16
500106126,31,15,16,2024-12-19 17:47:16
500105032,31,14,17,2024-12-19 18:40:17
500110042,31,14,17,2024-12-19 18:55:17
500104060,31,11,19,2024-12-19 18:35:16
500106037,31,11,20,2024-12-19 20:36:15
500107007,31,11,20,2024-12-19 18:36:16
500106037,31,10,21,2024-12-19 20:05:16
500110037,31,8,22,2024-12-19 17:47:16
500103034,31,8,23,2024-12-19 17:47:16
500105103,31,8,23,2024-12-19 16:45:17
500106126,31,8,23,2024-12-19 18:41:15
500110037,31,7,23,2024-12-19 18:08:16
500105020,31,7,24,2024-12-19 21:17:15
500110060,31,7,24,2024-12-19 20:36:15
500112038,31,7,24,2024-12-19 20:39:16
500105020,31,6,25,2024-12-19 20:29:15
500105020,31,6,25,2024-12-19 21:07:16
500109013,31,5,26,2024-12-19 18:16:16
500109045,31,5,26,2024-12-19 18:56:15
500106037,31,3,28,2024-12-19 16:57:16
500109013,31,3,28,2024-12-19 17:32:15
500109013,31,3,28,2024-12-19 18:39:16
500110060,31,3,28,2024-12-19 17:38:16
500112010,31,3,28,2024-12-19 20:34:14
500106110,31,1,30,2024-12-19 17:38:16
500110060,31,1,30,2024-12-19 21:09:16
500119050,31,1,30,2024-12-19 19:28:15
500112010,31,0,31,2024-12-19 21:20:16
500119050,31,0,31,2024-12-19 19:51:16
500119050,31,0,31,2024-12-19 20:09:15
500103037,31,29,2,2024-12-19 13:26:15
500103037,31,28,3,2024-12-19 13:43:15
500110037,31,27,3,2024-12-19 14:57:15
500110037,31,22,8,2024-12-19 13:17:15
500103037,31,22,9,2024-12-19 14:55:16
500103037,31,21,10,2024-12-19 16:46:15
500110037,31,20,10,2024-12-19 14:25:16
500112038,31,21,10,2024-12-19 15:41:15
500112038,31,21,10,2024-12-19 14:07:16
500119050,31,7,10,2024-12-19 15:47:15
500104060,31,16,11,2024-12-19 13:58:16
500106110,31,20,11,2024-12-19 16:08:16
500112038,31,20,11,2024-12-19 16:38:15
500119050,31,12,11,2024-12-19 17:08:16
500106091,31,18,12,2024-12-19 16:20:17
500109081,31,8,12,2024-12-19 13:48:16
500108026,31,15,16,2024-12-19 16:57:16
500119050,31,6,17,2024-12-19 16:58:15
500108026,31,13,18,2024-12-19 13:37:15
500103034,31,11,20,2024-12-19 16:02:15
500103034,31,11,20,2024-12-19 14:28:15
500119050,31,3,20,2024-12-19 16:37:15
500109045,31,8,23,2024-12-19 17:16:16
500110042,31,4,27,2024-12-19 16:37:15
500105032,31,3,28,2024-12-19 14:56:14
500109013,31,3,28,2024-12-19 16:24:15
500108026,31,2,29,2024-12-19 13:10:16
500112010,31,2,29,2024-12-19 15:33:15
500112010,31,1,30,2024-12-19 13:51:15
500106126,31,2,29,2024-12-19 21:48:16
500110060,31,3,28,2024-12-19 21:46:15
500109081,31,25,0,2024-12-19 07:36:15
500110042,31,27,4,2024-12-19 06:51:15
500106083,31,25,6,2024-12-19 07:37:15
500106037,31,23,7,2024-12-19 04:59:14
500110042,31,19,12,2024-12-19 07:47:15
500106126,31,17,14,2024-12-19 08:56:16
500106091,31,15,15,2024-12-19 08:17:15
500106126,31,15,16,2024-12-19 06:45:16
500106126,31,14,17,2024-12-19 08:36:15
500106126,31,13,18,2024-12-19 07:57:16
500106091,31,11,19,2024-12-19 08:37:15
500109045,31,11,20,2024-12-19 08:03:14
500103034,31,9,22,2024-12-19 08:57:15
500106091,31,8,22,2024-12-19 06:45:15
500110037,31,8,22,2024-12-19 06:24:15
500112010,31,9,22,2024-12-19 05:44:15
500112038,31,9,22,2024-12-19 07:57:16
500103034,31,8,23,2024-12-19 07:45:16
500103034,31,7,24,2024-12-19 08:17:15
500105020,31,5,26,2024-12-19 06:32:15
500106037,31,4,26,2024-12-19 08:41:15
500110037,31,4,26,2024-12-19 07:27:15
500106110,31,4,27,2024-12-19 07:44:14
500107007,31,4,27,2024-12-19 08:07:15
500109013,31,3,28,2024-12-19 06:29:15
500106110,31,1,30,2024-12-19 05:34:14
500103034,31,24,7,2024-12-19 00:06:15
500106091,31,2,28,2024-12-19 00:28:14
500112038,31,1,30,2024-12-19 00:45:15
500112038,31,1,30,2024-12-19 00:07:15
500112038,31,2,29,2024-12-19 00:36:15
500112038,31,0,31,2024-12-19 23:54:16
500106126,31,1,30,2024-12-19 23:57:15
500106091,31,9,21,2024-12-19 22:43:15
500105021,31,3,28,2024-12-19 00:32:15
500112055,31,22,9,2024-12-19 01:07:15
500106126,31,3,28,2024-12-19 23:01:15
500109081,31,11,17,2024-12-19 23:16:15
500103034,31,28,3,2024-12-19 23:13:14
500109045,31,0,31,2024-12-19 22:37:17
500108026,31,17,13,2024-12-19 22:39:15
500112038,31,0,31,2024-12-19 21:38:16
500112010,31,1,30,2024-12-19 21:37:16
500119050,31,1,30,2024-12-19 21:39:16
500104060,31,8,21,2024-12-19 21:34:15
500105021,31,16,15,2024-12-19 21:34:14
500103034,31,24,7,2024-12-19 21:38:14
500106037,31,15,16,2024-12-19 21:46:15
500112010,31,4,26,2024-12-19 01:22:15
500107007,31,8,23,2024-12-19 21:57:15
500104060,31,9,20,2024-12-19 21:41:15
500112010,31,2,29,2024-12-19 23:56:14
500106083,31,16,15,2024-12-19 01:39:15
500103034,31,20,11,2024-12-19 01:26:15
500110042,31,15,16,2024-12-19 02:05:16
500103037,31,28,1,2024-12-19 04:39:15
500112010,31,1,30,2024-12-19 22:25:17
500106110,31,3,28,2024-12-19 23:33:15
500104060,31,11,18,2024-12-19 23:29:14
500119050,31,17,0,2024-12-19 09:27:15
500119050,31,17,0,2024-12-19 10:58:15
500119050,31,16,1,2024-12-19 09:47:15
500119050,31,16,1,2024-12-19 10:28:16
500109081,31,11,9,2024-12-19 12:19:15
500103037,31,20,11,2024-12-19 11:38:15
500109081,31,9,11,2024-12-19 12:36:15
500106126,31,19,12,2024-12-19 09:07:15
500109081,31,9,12,2024-12-19 10:35:16
500109081,31,8,12,2024-12-19 11:04:16
500103037,31,18,13,2024-12-19 11:08:15
500112038,31,18,13,2024-12-19 10:17:16
500106091,31,16,14,2024-12-19 09:45:15
500106126,31,17,14,2024-12-19 12:58:15
500106126,31,14,17,2024-12-19 12:42:14
500106126,31,12,19,2024-12-19 09:37:15
500103034,31,11,20,2024-12-19 09:07:15
500103034,31,11,20,2024-12-19 09:25:16
500110060,31,11,20,2024-12-19 09:41:15
500110060,31,11,20,2024-12-19 10:53:15
500103034,31,9,22,2024-12-19 09:53:15
500103034,31,8,23,2024-12-19 13:06:15
500106083,31,8,23,2024-12-19 09:25:16
500109013,31,8,23,2024-12-19 10:06:15
500109013,31,7,24,2024-12-19 10:17:16
500103034,31,5,26,2024-12-19 10:57:15
500108026,31,5,26,2024-12-19 09:56:16
500109013,31,5,26,2024-12-19 11:57:15
500110042,31,5,26,2024-12-19 12:58:15
500110042,31,5,26,2024-12-19 10:36:14
500106083,31,4,27,2024-12-19 12:09:15
500110042,31,3,28,2024-12-19 11:38:14
500112010,31,1,30,2024-12-19 10:47:16
500106110,31,0,31,2024-12-19 10:07:16
500109081,31,21,5,2024-12-19 19:37:16
500103034,31,23,8,2024-12-19 21:07:16
500106110,31,23,8,2024-12-19 21:16:15
500103034,31,21,10,2024-12-19 18:58:16
500112038,31,21,10,2024-12-19 18:55:17
500103034,31,19,12,2024-12-19 19:28:14
500109081,31,6,14,2024-12-19 17:38:15
500103034,31,16,15,2024-12-19 20:26:15
500106083,31,16,15,2024-12-19 19:02:16
500108026,31,16,15,2024-12-19 17:32:15
500106083,31,15,16,2024-12-19 19:16:15
500106083,31,15,16,2024-12-19 18:57:15
500103037,31,13,18,2024-12-19 20:29:15
500106083,31,13,18,2024-12-19 19:58:15
500108026,31,12,18,2024-12-19 20:42:15
500104060,31,9,20,2024-12-19 21:18:15
500119050,31,11,20,2024-12-19 18:38:16
500112055,31,10,21,2024-12-19 17:46:15
500106126,31,9,22,2024-12-19 18:37:15
500106083,31,8,23,2024-12-19 20:57:16
500107007,31,8,23,2024-12-19 20:38:15
500106126,31,7,24,2024-12-19 20:06:15
500110060,31,7,24,2024-12-19 20:11:16
500112055,31,7,24,2024-12-19 20:31:15
500112055,31,6,25,2024-12-19 20:42:15
500112055,31,6,25,2024-12-19 18:29:16
500109045,31,5,26,2024-12-19 17:28:15
500110060,31,5,26,2024-12-19 18:54:15
500106126,31,4,27,2024-12-19 20:35:16
500109013,31,4,27,2024-12-19 18:32:16
500112010,31,4,27,2024-12-19 17:48:14
500106091,31,2,28,2024-12-19 20:37:16
500109045,31,2,29,2024-12-19 20:24:15
500112010,31,2,29,2024-12-19 17:59:15
500112010,31,2,29,2024-12-19 19:48:14
500119050,31,1,30,2024-12-19 21:19:16
500109045,31,0,31,2024-12-19 18:27:18
500119050,31,0,31,2024-12-19 19:11:15
500103037,31,28,3,2024-12-19 16:56:15
500103037,31,27,4,2024-12-19 17:06:16
500109081,31,15,5,2024-12-19 16:25:16
500110037,31,25,5,2024-12-19 15:45:16
500110037,31,25,5,2024-12-19 15:33:15
500103037,31,21,10,2024-12-19 15:38:15
500106110,31,21,10,2024-12-19 13:56:15
500106110,31,21,10,2024-12-19 14:38:15
500103037,31,20,11,2024-12-19 16:32:15
500106110,31,20,11,2024-12-19 13:37:15
500106126,31,20,11,2024-12-19 15:46:15
500109081,31,9,11,2024-12-19 16:48:16
500109081,31,8,12,2024-12-19 13:20:17
500106091,31,16,14,2024-12-19 16:52:15
500106110,31,17,14,2024-12-19 16:28:15
500106091,31,15,15,2024-12-19 15:13:16
500106126,31,16,15,2024-12-19 14:36:15
500106126,31,15,16,2024-12-19 13:15:15
500110037,31,14,16,2024-12-19 17:17:16
500106126,31,14,17,2024-12-19 17:03:16
500108026,31,13,18,2024-12-19 14:43:15
500119050,31,5,18,2024-12-19 16:48:16
500105020,31,12,19,2024-12-19 16:14:15
500109045,31,12,19,2024-12-19 16:28:14
500103034,31,8,23,2024-12-19 17:18:16
500112010,31,7,24,2024-12-19 16:38:15
500110060,31,6,25,2024-12-19 13:14:15
500109013,31,5,26,2024-12-19 13:23:15
500110042,31,5,26,2024-12-19 13:42:15
500110042,31,4,27,2024-12-19 15:15:16
500106083,31,3,28,2024-12-19 13:36:16
500119050,31,0,31,2024-12-19 21:44:15
500103037,31,25,4,2024-12-19 08:17:15
500106083,31,26,5,2024-12-19 08:03:15
500106083,31,23,8,2024-12-19 06:49:15
500110060,31,23,8,2024-12-19 08:27:16
500119050,31,9,8,2024-12-19 08:17:15
500106037,31,20,10,2024-12-19 06:43:15
500110042,31,19,12,2024-12-19 08:26:15
500112010,31,19,12,2024-12-19 07:27:15
500106037,31,16,14,2024-12-19 08:00:17
500109081,31,10,15,2024-12-19 06:46:15
500110060,31,16,15,2024-12-19 08:03:15
500112010,31,16,15,2024-12-19 06:17:14
500105032,31,15,16,2024-12-19 07:14:15
500106083,31,15,16,2024-12-19 04:55:16
500105021,31,14,17,2024-12-19 07:48:15
500106083,31,14,17,2024-12-19 05:11:15
500110037,31,13,17,2024-12-19 08:16:15
500110042,31,14,17,2024-12-19 08:47:15
500112055,31,14,17,2024-12-19 06:56:14
500112055,31,14,17,2024-12-19 07:46:15
500106126,31,13,18,2024-12-19 06:15:16
500103034,31,12,19,2024-12-19 06:53:15
500104060,31,7,19,2024-12-19 08:29:15
500109081,31,4,21,2024-12-19 06:35:15
500112038,31,10,21,2024-12-19 08:26:15
500109045,31,8,23,2024-12-19 07:57:16
500112055,31,8,23,2024-12-19 07:59:15
500108026,31,5,24,2024-12-19 06:47:15
500112038,31,6,25,2024-12-19 08:17:15
500112055,31,6,25,2024-12-19 08:34:15
500107007,31,5,26,2024-12-19 08:03:15
500112038,31,3,28,2024-12-19 05:51:14
500106110,31,1,30,2024-12-19 06:55:16
500109013,31,1,30,2024-12-19 07:30:16
500112038,31,1,30,2024-12-19 06:15:16
500110037,31,7,23,2024-12-19 23:41:14
500110042,31,18,13,2024-12-19 00:18:14
500109045,31,3,28,2024-12-19 23:54:16
500105020,31,6,25,2024-12-19 01:06:15
500103037,31,10,19,2024-12-19 00:55:16
500107007,31,6,25,2024-12-19 23:17:14
500112038,31,0,31,2024-12-19 22:38:16
500110042,31,12,19,2024-12-19 22:37:15
500110037,31,2,28,2024-12-19 21:37:15
500106110,31,1,30,2024-12-19 02:18:15
500106126,31,9,22,2024-12-19 02:47:15
500110060,31,5,26,2024-12-19 22:09:15
500109013,31,9,22,2024-12-19 22:03:15
500106110,31,10,21,2024-12-19 22:09:15
500106110,31,10,21,2024-12-19 21:58:15
500103034,31,27,4,2024-12-19 21:59:15
500106110,31,3,28,2024-12-19 03:42:14
500110037,31,5,25,2024-12-19 00:49:15
500105103,31,23,8,2024-12-19 01:07:15
500110037,31,5,25,2024-12-19 01:45:15
500106110,31,1,30,2024-12-19 02:16:15
500104060,31,16,10,2024-12-19 04:30:15
500112010,31,0,31,2024-12-19 23:21:15
500106110,31,1,30,2024-12-19 01:30:16
500109081,31,21,0,2024-12-19 09:25:17
500119050,31,17,0,2024-12-19 09:57:15
500109081,31,19,2,2024-12-19 10:15:16
500106091,31,24,6,2024-12-19 12:17:16
500110037,31,24,6,2024-12-19 09:37:15
500110037,31,23,7,2024-12-19 12:55:16
500106110,31,23,8,2024-12-19 12:31:15
500110037,31,22,8,2024-12-19 12:33:15
500119050,31,9,8,2024-12-19 11:38:15
500109045,31,19,12,2024-12-19 11:57:16
500109045,31,19,12,2024-12-19 10:05:16
500103037,31,18,13,2024-12-19 11:16:15
500109081,31,6,14,2024-12-19 11:46:15
500105021,31,16,15,2024-12-19 09:04:15
500110060,31,16,15,2024-12-19 10:13:16
500105021,31,15,16,2024-12-19 12:14:15
500106126,31,15,16,2024-12-19 10:28:15
500109045,31,14,17,2024-12-19 09:05:15
500105020,31,12,19,2024-12-19 10:03:15
500110060,31,10,21,2024-12-19 11:01:16
500110060,31,10,21,2024-12-19 11:12:16
500112038,31,10,21,2024-12-19 11:56:16
500110060,31,9,22,2024-12-19 11:46:14
500103034,31,7,24,2024-12-19 12:25:16
500107007,31,7,24,2024-12-19 11:10:17
500110060,31,7,24,2024-12-19 13:01:15
500109013,31,5,26,2024-12-19 11:30:17
500106110,31,4,27,2024-12-19 09:57:15
500110042,31,4,27,2024-12-19 11:03:16
500112055,31,4,27,2024-12-19 12:56:15
500106110,31,3,28,2024-12-19 09:07:15
500106083,31,2,29,2024-12-19 11:10:17
500108026,31,2,29,2024-12-19 10:04:16
500112010,31,2,29,2024-12-19 10:07:16
500112010,31,2,29,2024-12-19 10:18:15
500112055,31,1,30,2024-12-19 10:31:16
500106037,31,0,31,2024-12-19 11:28:15
500106110,31,0,31,2024-12-19 09:26:15
500109081,31,26,0,2024-12-19 18:58:16
500106110,31,26,5,2024-12-19 20:37:15
500109081,31,21,5,2024-12-19 19:19:15
500103037,31,24,7,2024-12-19 17:48:15
500106110,31,24,7,2024-12-19 19:58:15
500109081,31,19,7,2024-12-19 19:24:15
500103034,31,23,8,2024-12-19 20:59:15
500103037,31,23,8,2024-12-19 18:07:16
500103034,31,22,9,2024-12-19 20:45:16
500103034,31,19,12,2024-12-19 19:18:15
500103037,31,19,12,2024-12-19 19:19:15
500104060,31,16,14,2024-12-19 19:47:15
500105032,31,17,14,2024-12-19 19:56:16
500103037,31,16,15,2024-12-19 19:33:15
500110042,31,16,15,2024-12-19 19:19:15
500105021,31,15,16,2024-12-19 19:00:18
500103037,31,14,17,2024-12-19 18:56:15
500112038,31,13,18,2024-12-19 19:49:15
500105020,31,12,19,2024-12-19 17:46:15
500105021,31,12,19,2024-12-19 19:45:16
500106083,31,12,19,2024-12-19 20:00:17
500112038,31,12,19,2024-12-19 18:07:16
500103034,31,11,20,2024-12-19 17:58:16
500107007,31,11,20,2024-12-19 17:56:15
500110037,31,10,20,2024-12-19 19:29:15
500110042,31,11,20,2024-12-19 21:09:16
500105020,31,9,22,2024-12-19 17:11:16
500107007,31,9,22,2024-12-19 18:52:15
500110037,31,8,22,2024-12-19 20:57:16
500110037,31,8,22,2024-12-19 21:09:16
500106126,31,8,23,2024-12-19 19:26:15
500107007,31,8,23,2024-12-19 19:19:15
500110037,31,7,23,2024-12-19 20:22:15
500110037,31,7,23,2024-12-19 20:49:15
500110037,31,7,23,2024-12-19 18:18:16
500110037,31,7,23,2024-12-19 18:48:15
500106091,31,5,25,2024-12-19 19:52:16
500106126,31,6,25,2024-12-19 19:59:15
500106126,31,6,25,2024-12-19 21:09:16
500109045,31,6,25,2024-12-19 19:19:15
500110037,31,5,25,2024-12-19 18:29:16
500106110,31,5,26,2024-12-19 18:08:16
500112010,31,5,26,2024-12-19 18:08:16
500112038,31,5,26,2024-12-19 20:57:16
500112038,31,5,26,2024-12-19 21:20:16
500110037,31,3,27,2024-12-19 18:58:16
500110060,31,4,27,2024-12-19 19:14:16
500112010,31,4,27,2024-12-19 20:45:16
500110060,31,3,28,2024-12-19 18:29:16
500106091,31,1,29,2024-12-19 20:59:17
500109045,31,1,30,2024-12-19 17:58:16
500110060,31,1,30,2024-12-19 17:48:15
500112010,31,1,30,2024-12-19 20:08:15
500112010,31,1,30,2024-12-19 20:24:15
500110037,31,24,6,2024-12-19 15:58:14
500119050,31,11,6,2024-12-19 13:58:16
500110037,31,23,7,2024-12-19 13:46:16
500106110,31,21,10,2024-12-19 15:35:16
500103037,31,20,11,2024-12-19 15:55:16
500106091,31,19,11,2024-12-19 13:31:15
500109081,31,9,11,2024-12-19 16:57:16
500106110,31,19,12,2024-12-19 16:18:15
500112038,31,19,12,2024-12-19 16:58:15
500106110,31,18,13,2024-12-19 15:47:14
500109045,31,18,13,2024-12-19 14:57:16
500112038,31,18,13,2024-12-19 13:35:15
500105021,31,16,15,2024-12-19 15:42:15
500106126,31,15,16,2024-12-19 16:37:15
500106126,31,14,17,2024-12-19 16:58:15
500108026,31,12,19,2024-12-19 15:06:14
500110060,31,7,24,2024-12-19 13:43:15
500105032,31,6,25,2024-12-19 16:42:15
500107007,31,6,25,2024-12-19 15:36:15
500106083,31,4,27,2024-12-19 16:28:15
500106110,31,4,27,2024-12-19 17:08:16
500109013,31,3,28,2024-12-19 17:08:16
500110042,31,3,28,2024-12-19 14:38:15
500106037,31,2,29,2024-12-19 14:57:15
500109013,31,2,29,2024-12-19 16:33:15
500110060,31,0,31,2024-12-19 16:31:15
500112010,31,0,31,2024-12-19 14:21:16
500112010,31,1,30,2024-12-19 21:49:15
500112038,31,1,30,2024-12-19 21:46:15
500103037,31,29,0,2024-12-19 05:37:15
500109045,31,31,0,2024-12-19 06:56:16
500109081,31,19,2,2024-12-19 08:50:16
500110060,31,28,3,2024-12-19 06:36:14
500112010,31,24,7,2024-12-19 08:37:15
500106083,31,22,9,2024-12-19 06:36:14
500104060,31,14,12,2024-12-19 06:00:17
500104060,31,13,13,2024-12-19 06:54:16
500103034,31,17,14,2024-12-19 06:04:14
500104060,31,12,14,2024-12-19 07:10:16
500106037,31,16,14,2024-12-19 07:44:15
500110042,31,17,14,2024-12-19 08:01:15
500104060,31,10,16,2024-12-19 07:56:15
500112010,31,15,16,2024-12-19 07:37:15
500105021,31,14,17,2024-12-19 07:29:14
500104060,31,8,18,2024-12-19 08:02:15
500103034,31,12,19,2024-12-19 08:37:15
500106083,31,12,19,2024-12-19 08:47:15
500108026,31,11,20,2024-12-19 07:46:15
500105032,31,10,21,2024-12-19 07:26:15
500110037,31,8,22,2024-12-19 07:16:15
500106037,31,6,24,2024-12-19 08:33:16
500112010,31,7,24,2024-12-19 08:57:15
500112038,31,7,24,2024-12-19 07:17:14
500112038,31,7,24,2024-12-19 07:27:15
500112038,31,6,25,2024-12-19 06:46:14
500105103,31,5,26,2024-12-19 06:17:14
500106110,31,5,26,2024-12-19 07:37:15
500112038,31,5,26,2024-12-19 08:03:15
500106110,31,3,28,2024-12-19 06:18:15
500112038,31,2,29,2024-12-19 05:27:15
500106110,31,1,30,2024-12-19 08:17:15
500109013,31,1,30,2024-12-19 08:46:16
500106110,31,0,31,2024-12-19 07:17:14
500106126,31,1,30,2024-12-19 23:28:15
500105020,31,7,24,2024-12-19 00:44:15
500106110,31,2,29,2024-12-19 00:35:16
500110037,31,7,23,2024-12-19 00:13:15
500110037,31,7,23,2024-12-19 00:33:15
500109081,31,9,19,2024-12-19 23:44:15
500105103,31,8,23,2024-12-19 01:17:14
500110042,31,17,14,2024-12-19 01:11:15
500109045,31,1,30,2024-12-19 22:42:16
500106126,31,0,31,2024-12-19 22:20:17
500103034,31,29,2,2024-12-19 22:29:16
500106083,31,7,24,2024-12-19 21:20:16
500109013,31,8,23,2024-12-19 21:32:15
500112055,31,12,19,2024-12-19 21:35:16
500103037,31,13,18,2024-12-19 21:38:14
500105021,31,1,30,2024-12-19 02:45:16
500109013,31,8,23,2024-12-19 04:00:17
500112010,31,0,31,2024-12-19 22:09:15
500103034,31,29,2,2024-12-19 22:07:15
500112010,31,0,31,2024-12-19 21:59:15
500119050,31,1,30,2024-12-19 21:55:17
500108026,31,14,16,2024-12-19 21:44:15
500110042,31,18,13,2024-12-19 00:30:16
500103034,31,19,12,2024-12-19 02:01:16
500106126,31,0,31,2024-12-19 22:18:15
500109081,31,16,12,2024-12-19 22:14:15
500103034,31,31,0,2024-12-19 22:25:17
500103037,31,15,14,2024-12-19 03:32:15
500119050,31,17,0,2024-12-19 10:32:16
500119050,31,15,2,2024-12-19 10:18:15
500110037,31,27,3,2024-12-19 10:36:14
500106110,31,26,5,2024-12-19 11:18:16
500106091,31,24,6,2024-12-19 12:38:15
500106110,31,24,7,2024-12-19 10:55:17
500109081,31,8,9,2024-12-19 10:54:15
500106091,31,20,10,2024-12-19 10:31:16
500103037,31,20,11,2024-12-19 11:53:16
500106091,31,19,11,2024-12-19 11:46:14
500106126,31,20,11,2024-12-19 10:56:15
500109045,31,20,11,2024-12-19 10:09:16
500119050,31,6,11,2024-12-19 12:38:15
500119050,31,6,11,2024-12-19 11:08:15
500104060,31,16,12,2024-12-19 10:37:15
500112038,31,19,12,2024-12-19 09:27:15
500109045,31,18,13,2024-12-19 09:45:15
500112038,31,18,13,2024-12-19 12:56:15
500110042,31,17,14,2024-12-19 09:25:16
500103037,31,16,15,2024-12-19 10:40:15
500106126,31,16,15,2024-12-19 13:08:15
500110060,31,16,15,2024-12-19 10:04:16
500106091,31,13,17,2024-12-19 09:32:15
500110042,31,13,18,2024-12-19 09:35:16
500112038,31,12,19,2024-12-19 12:14:16
500105020,31,11,20,2024-12-19 09:39:15
500106083,31,10,21,2024-12-19 08:53:15
500106083,31,10,21,2024-12-19 09:30:16
500103034,31,6,25,2024-12-19 10:16:15
500106083,31,6,25,2024-12-19 10:00:18
500106110,31,6,25,2024-12-19 09:44:15
500109013,31,6,25,2024-12-19 10:45:16
500110042,31,6,25,2024-12-19 10:03:15
500107007,31,5,26,2024-12-19 08:54:15
500107007,31,4,27,2024-12-19 11:41:14
500112055,31,4,27,2024-12-19 09:43:15
500103034,31,3,28,2024-12-19 11:03:16
500112010,31,3,28,2024-12-19 09:07:15
500112010,31,3,28,2024-12-19 11:38:15
500106083,31,2,29,2024-12-19 12:36:15
500106083,31,2,29,2024-12-19 11:37:15
500112010,31,2,29,2024-12-19 12:14:16
500112010,31,2,29,2024-12-19 12:56:15
500112010,31,2,29,2024-12-19 09:26:15
500112055,31,2,29,2024-12-19 09:24:15
500105032,31,1,30,2024-12-19 09:29:15
500106037,31,0,30,2024-12-19 09:53:17
500106037,31,0,30,2024-12-19 10:06:15
500112010,31,1,30,2024-12-19 11:48:15
500106110,31,27,4,2024-12-19 19:06:16
500104060,31,23,7,2024-12-19 17:42:15
500119050,31,22,9,2024-12-19 18:18:16
500109081,31,10,10,2024-12-19 17:27:16
500108026,31,17,14,2024-12-19 18:36:16
500110042,31,17,14,2024-12-19 19:50:16
500103037,31,16,15,2024-12-19 18:38:16
500105032,31,16,15,2024-12-19 19:47:15
500108026,31,16,15,2024-12-19 18:28:16
500110042,31,16,15,2024-12-19 19:42:15
500105021,31,15,16,2024-12-19 18:20:17
500112055,31,13,18,2024-12-19 17:28:15
500104060,31,9,21,2024-12-19 18:12:16
500106091,31,9,21,2024-12-19 18:08:16
500106091,31,9,21,2024-12-19 21:09:16
500112038,31,10,21,2024-12-19 19:59:16
500112038,31,10,21,2024-12-19 20:04:16
500107007,31,9,22,2024-12-19 20:26:15
500110037,31,8,22,2024-12-19 19:56:16
500105020,31,8,23,2024-12-19 19:57:14
500108026,31,7,23,2024-12-19 19:59:16
500110060,31,8,23,2024-12-19 20:47:15
500112010,31,7,24,2024-12-19 19:07:15
500106037,31,6,25,2024-12-19 18:20:17
500112010,31,6,25,2024-12-19 19:19:15
500112055,31,6,25,2024-12-19 18:58:16
500109045,31,5,26,2024-12-19 19:38:14
500109013,31,4,27,2024-12-19 18:05:16
500112038,31,4,27,2024-12-19 18:27:15
500109013,31,2,29,2024-12-19 17:17:15
500112010,31,2,29,2024-12-19 20:57:15
500119050,31,17,0,2024-12-19 13:17:15
500103037,31,30,1,2024-12-19 13:34:15
500109081,31,14,6,2024-12-19 16:15:16
500110037,31,24,6,2024-12-19 15:04:15
500110037,31,21,9,2024-12-19 16:23:15
500110037,31,21,9,2024-12-19 14:16:16
500106126,31,21,10,2024-12-19 15:54:14
500112038,31,21,10,2024-12-19 16:21:15
500119050,31,7,10,2024-12-19 15:28:14
500104060,31,19,11,2024-12-19 16:51:15
500106091,31,18,12,2024-12-19 13:21:16
500106126,31,18,13,2024-12-19 15:17:15
500119050,31,10,13,2024-12-19 16:28:15
500106091,31,16,14,2024-12-19 14:50:15
500119050,31,2,15,2024-12-19 16:00:17
500103034,31,13,18,2024-12-19 15:35:16
500103034,31,11,20,2024-12-19 15:42:15
500106091,31,8,22,2024-12-19 17:18:16
500103034,31,8,23,2024-12-19 16:46:15
500112010,31,7,24,2024-12-19 16:28:15
500106083,31,3,28,2024-12-19 15:24:15
500106037,31,1,30,2024-12-19 15:11:15
500103034,31,23,8,2024-12-19 21:41:14
500119050,31,17,0,2024-12-19 08:43:15
500110042,31,28,3,2024-12-19 06:27:15
500110060,31,27,4,2024-12-19 06:21:15
500110042,31,26,5,2024-12-19 05:13:15
500106037,31,23,7,2024-12-19 06:05:16
500106083,31,23,8,2024-12-19 07:07:15
500110042,31,22,9,2024-12-19 07:15:17
500106083,31,21,10,2024-12-19 08:16:15
500110060,31,21,10,2024-12-19 08:43:15
500112010,31,20,11,2024-12-19 08:16:15
500103037,31,17,12,2024-12-19 08:47:15
500104060,31,12,14,2024-12-19 07:32:15
500106091,31,16,14,2024-12-19 08:27:16
500110042,31,17,14,2024-12-19 07:57:16
500106083,31,16,15,2024-12-19 06:03:15
500110037,31,15,15,2024-12-19 08:36:15
500112055,31,16,15,2024-12-19 06:45:16
500110042,31,15,16,2024-12-19 08:53:15
500112055,31,14,17,2024-12-19 07:21:15
500106083,31,13,18,2024-12-19 05:33:15
500106091,31,12,18,2024-12-19 08:03:15
500109045,31,13,18,2024-12-19 08:46:15
500109081,31,7,18,2024-12-19 08:03:15
500110060,31,13,18,2024-12-19 07:27:15
500119050,31,13,18,2024-12-19 07:17:14
500103034,31,12,19,2024-12-19 07:11:15
500107007,31,6,25,2024-12-19 06:39:15
500105103,31,4,27,2024-12-19 07:03:15
500106110,31,3,28,2024-12-19 06:37:14
500106110,31,2,29,2024-12-19 06:17:14
500103034,31,22,9,2024-12-19 00:39:15
500106083,31,17,14,2024-12-19 00:10:15
500106083,31,6,25,2024-12-19 23:20:15
500107007,31,7,24,2024-12-19 23:33:15
500105020,31,7,24,2024-12-19 22:52:15
500106037,31,16,15,2024-12-19 22:13:15
500106110,31,2,29,2024-12-19 01:09:14
500112010,31,5,25,2024-12-19 01:04:14
500106083,31,17,14,2024-12-19 00:50:16
500110042,31,14,17,2024-12-19 23:15:15
500105020,31,8,23,2024-12-19 21:54:15
500106091,31,10,20,2024-12-19 22:30:16
500103037,31,10,21,2024-12-19 22:39:15
500112055,31,14,17,2024-12-19 22:18:15
500110060,31,3,28,2024-12-19 21:26:16
500106037,31,24,6,2024-12-19 03:42:14
500106083,31,5,26,2024-12-19 21:55:17
500104060,31,10,19,2024-12-19 22:01:15
500110037,31,5,25,2024-12-19 01:20:15
500110042,31,15,16,2024-12-19 01:21:15
500103037,31,13,18,2024-12-19 21:58:15
500110042,31,12,19,2024-12-19 03:27:15
500110042,31,13,18,2024-12-19 23:31:15
500106110,31,1,30,2024-12-19 01:41:15
500103037,31,11,18,2024-12-19 01:39:15
500110042,31,17,14,2024-12-19 01:45:15
500106037,31,24,7,2024-12-19 01:30:16
500112038,31,2,29,2024-12-19 22:17:15
500110060,31,6,25,2024-12-19 22:15:16
500106091,31,9,21,2024-12-19 22:19:15
500112010,31,5,25,2024-12-19 03:46:15
500110042,31,19,12,2024-12-19 04:07:15
500110042,31,16,15,2024-12-19 01:57:15
500106126,31,1,30,2024-12-19 23:30:19
500112055,31,13,18,2024-12-19 23:22:15
500109081,31,21,0,2024-12-19 09:47:15
500110037,31,28,2,2024-12-19 11:07:16
500110037,31,27,3,2024-12-19 11:17:15
500103037,31,26,5,2024-12-19 12:48:14
500106110,31,23,8,2024-12-19 12:43:15
500106110,31,23,8,2024-12-19 11:07:16
500104060,31,17,11,2024-12-19 11:04:15
500106091,31,18,12,2024-12-19 10:04:16
500110060,31,19,12,2024-12-19 09:01:15
500104060,31,15,13,2024-12-19 09:51:14
500106126,31,18,13,2024-12-19 09:09:15
500106126,31,18,13,2024-12-19 11:05:17
500109045,31,18,13,2024-12-19 09:53:15
500119050,31,4,13,2024-12-19 12:19:16
500105021,31,17,14,2024-12-19 09:40:16
500106126,31,17,14,2024-12-19 11:37:15
500105021,31,16,15,2024-12-19 11:34:15
500106126,31,16,15,2024-12-19 11:18:16
500106126,31,14,17,2024-12-19 12:07:15
500110042,31,12,19,2024-12-19 09:46:16
500106126,31,11,20,2024-12-19 09:41:15
500103034,31,10,21,2024-12-19 10:05:16
500105020,31,9,22,2024-12-19 09:19:15
500103034,31,8,23,2024-12-19 12:44:15
500106110,31,8,23,2024-12-19 10:48:15
500108026,31,7,24,2024-12-19 09:44:15
500103034,31,6,25,2024-12-19 12:37:15
500110042,31,6,25,2024-12-19 12:05:17
500109013,31,4,27,2024-12-19 09:21:15
500106037,31,1,29,2024-12-19 08:56:16
500105032,31,1,30,2024-12-19 09:08:16
500108026,31,1,30,2024-12-19 12:03:14
500105032,31,0,31,2024-12-19 09:44:15
500103037,31,15,14,2024-12-19 04:14:15
500103037,31,31,0,2024-12-19 17:17:15
500106110,31,27,4,2024-12-19 20:59:15
500103037,31,22,9,2024-12-19 18:17:15
500103034,31,20,11,2024-12-19 20:38:15
500112038,31,18,13,2024-12-19 19:07:15
500103034,31,16,15,2024-12-19 19:48:15
500105032,31,15,16,2024-12-19 18:57:15
500110037,31,14,16,2024-12-19 17:35:16
500110037,31,13,17,2024-12-19 19:35:16
500119050,31,6,17,2024-12-19 17:28:15
500105020,31,13,18,2024-12-19 18:00:18
500106091,31,11,19,2024-12-19 18:13:16
500106091,31,11,19,2024-12-19 18:47:16
500110042,31,12,19,2024-12-19 21:15:16
500103034,31,11,20,2024-12-19 18:29:16
500103037,31,11,20,2024-12-19 20:48:15
500106037,31,11,20,2024-12-19 20:13:15
500106126,31,11,20,2024-12-19 17:36:15
500108026,31,10,20,2024-12-19 20:36:15
500110042,31,11,20,2024-12-19 20:47:15
500104060,31,8,21,2024-12-19 21:09:15
500112055,31,10,21,2024-12-19 20:59:15
500105020,31,9,22,2024-12-19 19:13:15
500105020,31,9,22,2024-12-19 19:27:15
500105103,31,9,22,2024-12-19 19:59:16
500106037,31,9,22,2024-12-19 19:59:16
500103034,31,7,24,2024-12-19 18:08:16
500105020,31,7,24,2024-12-19 20:11:16
500106037,31,7,24,2024-12-19 18:48:15
500108026,31,6,24,2024-12-19 19:49:15
500106083,31,6,25,2024-12-19 17:38:16
500109045,31,6,25,2024-12-19 19:00:18
500112010,31,6,25,2024-12-19 17:27:16
500106091,31,3,27,2024-12-19 17:38:16
500106110,31,4,27,2024-12-19 17:53:16
500109013,31,4,27,2024-12-19 18:55:17
500112038,31,3,28,2024-12-19 20:25:15
500106110,31,2,29,2024-12-19 17:28:16
500109045,31,2,29,2024-12-19 17:44:15
500110060,31,2,29,2024-12-19 18:08:16
500112010,31,2,29,2024-12-19 18:29:16
500106091,31,0,30,2024-12-19 20:48:15
500106110,31,1,30,2024-12-19 18:18:16
500109045,31,27,4,2024-12-19 16:08:15
500119050,31,13,4,2024-12-19 15:36:15
500119050,31,12,5,2024-12-19 14:17:15
500110037,31,23,7,2024-12-19 16:08:15
500110037,31,23,7,2024-12-19 16:42:15
500110037,31,22,8,2024-12-19 16:56:15
500106110,31,22,9,2024-12-19 14:42:15
500103037,31,21,10,2024-12-19 16:21:15
500103037,31,21,10,2024-12-19 14:48:14
500104060,31,20,10,2024-12-19 16:04:15
500109081,31,10,10,2024-12-19 15:43:15
500104060,31,18,11,2024-12-19 14:01:15
500109045,31,18,13,2024-12-19 13:12:15
500109045,31,18,13,2024-12-19 16:37:15
500119050,31,4,13,2024-12-19 13:37:14
500106091,31,14,16,2024-12-19 17:08:16
500119050,31,1,16,2024-12-19 15:08:15
500106110,31,14,17,2024-12-19 16:56:15
500110060,31,13,18,2024-12-19 15:25:15
500108026,31,12,19,2024-12-19 16:48:16
500108026,31,12,19,2024-12-19 14:27:14
500109045,31,12,19,2024-12-19 16:58:15
500112055,31,12,19,2024-12-19 16:07:15
500109045,31,11,20,2024-12-19 17:02:15
500112055,31,11,20,2024-12-19 15:43:15
500103034,31,10,21,2024-12-19 14:08:15
500112010,31,9,22,2024-12-19 17:17:16
500107007,31,5,26,2024-12-19 15:09:15
500112055,31,5,26,2024-12-19 13:46:16
500105032,31,4,27,2024-12-19 16:18:16
500106083,31,4,27,2024-12-19 14:49:15
500106083,31,4,27,2024-12-19 14:07:16
500109013,31,4,27,2024-12-19 13:31:15
500110042,31,3,28,2024-12-19 16:39:15
500110042,31,3,28,2024-12-19 14:05:16
500110042,31,2,29,2024-12-19 14:24:15
500112010,31,2,29,2024-12-19 13:48:16
500112010,31,1,30,2024-12-19 15:58:14
500106037,31,0,31,2024-12-19 16:30:18
500106083,31,6,25,2024-12-19 21:44:15
500106110,31,13,18,2024-12-19 21:48:15
500110060,31,28,3,2024-12-19 06:47:15
500109081,31,18,7,2024-12-19 07:56:15
500109045,31,21,10,2024-12-19 06:47:15
500106037,31,19,11,2024-12-19 07:21:15
500112010,31,18,13,2024-12-19 06:47:15
500119050,31,4,13,2024-12-19 08:57:15
500104060,31,11,15,2024-12-19 07:38:15
500104060,31,8,18,2024-12-19 08:14:16
500106126,31,13,18,2024-12-19 07:47:15
500106126,31,11,20,2024-12-19 07:16:14
500106091,31,9,21,2024-12-19 07:16:15
500108026,31,8,21,2024-12-19 06:27:15
500110037,31,9,21,2024-12-19 07:57:16
500109081,31,3,22,2024-12-19 06:00:16
500106091,31,7,23,2024-12-19 06:27:15
500119050,31,6,25,2024-12-19 07:47:15
500105020,31,5,26,2024-12-19 07:26:15
500112055,31,5,26,2024-12-19 08:17:15
500106110,31,3,28,2024-12-19 08:03:15
500109013,31,3,28,2024-12-19 07:25:15
500106110,31,2,29,2024-12-19 08:27:16
500109013,31,7,23,2024-12-19 03:45:15
500112055,31,22,9,2024-12-19 00:52:15
500106110,31,3,28,2024-12-19 23:44:15
500106091,31,0,30,2024-12-19 00:16:15
500110060,31,25,6,2024-12-19 00:08:15
500109081,31,0,25,2024-12-19 00:07:15
500107007,31,7,24,2024-12-19 01:10:16
500112038,31,0,31,2024-12-19 23:04:15
500106110,31,2,29,2024-12-19 22:35:15
500105020,31,8,23,2024-12-19 21:21:14
500108026,31,12,18,2024-12-19 20:58:14
500105032,31,17,14,2024-12-19 21:34:15
500109013,31,9,22,2024-12-19 01:28:14
500106083,31,15,16,2024-12-19 02:59:15
500104060,31,18,9,2024-12-19 01:39:15
500103034,31,18,13,2024-12-19 02:54:15
500107007,31,7,24,2024-12-19 03:47:14
500106126,31,10,21,2024-12-19 04:21:15
500105021,31,18,13,2024-12-19 04:14:15
500119050,31,1,30,2024-12-19 22:07:15
500103037,31,13,18,2024-12-19 22:08:15
500112038,31,0,31,2024-12-19 21:59:15
500106126,31,1,30,2024-12-19 21:51:15
500106126,31,10,21,2024-12-19 03:22:14
500106110,31,2,29,2024-12-19 23:50:15
500112055,31,14,17,2024-12-19 22:46:15
500103034,31,31,0,2024-12-19 23:08:15
500112010,31,0,31,2024-12-19 22:19:15
500109045,31,1,30,2024-12-19 22:16:15
500106110,31,4,27,2024-12-19 22:18:14
500110042,31,11,20,2024-12-19 22:17:15
500106110,31,3,28,2024-12-19 22:26:15
500112038,31,1,30,2024-12-19 22:58:15
500103034,31,31,0,2024-12-19 22:56:15
500119050,31,17,0,2024-12-19 13:07:15
500110037,31,29,1,2024-12-19 10:26:14
500106110,31,29,2,2024-12-19 11:47:16
500110037,31,27,3,2024-12-19 09:57:15
500110037,31,27,3,2024-12-19 10:05:16
500106091,31,23,7,2024-12-19 12:39:15
500110037,31,23,7,2024-12-19 11:36:15
500110037,31,22,8,2024-12-19 12:19:15
500119050,31,9,8,2024-12-19 12:48:14
500109081,31,10,10,2024-12-19 12:25:16
500109081,31,9,11,2024-12-19 12:48:15
500119050,31,6,11,2024-12-19 11:18:16
500109045,31,18,13,2024-12-19 11:32:15
500106126,31,15,16,2024-12-19 10:15:16
500112038,31,14,17,2024-12-19 10:37:16
500110060,31,13,18,2024-12-19 09:27:15
500105020,31,11,20,2024-12-19 11:06:15
500110060,31,11,20,2024-12-19 11:23:14
500112038,31,11,20,2024-12-19 12:06:16
500103037,31,10,21,2024-12-19 09:07:15
500110060,31,9,22,2024-12-19 12:00:19
500103037,31,7,24,2024-12-19 10:07:16
500103034,31,6,25,2024-12-19 11:55:17
500103034,31,6,25,2024-12-19 12:08:15
500110060,31,6,25,2024-12-19 12:58:15
500107007,31,5,26,2024-12-19 12:05:17
500110042,31,5,26,2024-12-19 11:45:15
500106083,31,4,27,2024-12-19 10:38:15
500107007,31,4,27,2024-12-19 11:53:16
500110042,31,4,27,2024-12-19 12:33:15
500103034,31,3,28,2024-12-19 10:36:14
500105103,31,3,28,2024-12-19 09:42:15
500106110,31,1,30,2024-12-19 09:08:15
500106110,31,28,3,2024-12-19 20:28:15
500109081,31,21,5,2024-12-19 20:09:15
500106110,31,25,6,2024-12-19 20:44:15
500104060,31,22,8,2024-12-19 17:15:17
500109081,31,12,8,2024-12-19 17:48:15
500119050,31,22,9,2024-12-19 18:06:15
500119050,31,21,10,2024-12-19 18:29:16
500103034,31,18,13,2024-12-19 19:36:15
500105032,31,17,14,2024-12-19 19:20:16
500105021,31,15,16,2024-12-19 21:08:15
500106083,31,14,17,2024-12-19 19:24:15
500109081,31,3,17,2024-12-19 18:08:16
500106091,31,12,18,2024-12-19 18:26:16
500106083,31,12,19,2024-12-19 18:10:17
500112010,31,12,19,2024-12-19 18:18:15
500103037,31,11,20,2024-12-19 20:57:16
500110042,31,11,20,2024-12-19 18:17:15
500112055,31,11,20,2024-12-19 21:17:14
500108026,31,9,21,2024-12-19 20:28:15
500112055,31,10,21,2024-12-19 18:17:15
500108026,31,8,22,2024-12-19 20:10:16
500110037,31,8,22,2024-12-19 21:16:15
500110060,31,9,22,2024-12-19 20:52:15
500112055,31,9,22,2024-12-19 17:54:15
500119050,31,9,22,2024-12-19 18:48:15
500106091,31,7,23,2024-12-19 19:01:15
500108026,31,7,23,2024-12-19 18:58:16
500110037,31,7,23,2024-12-19 20:06:15
500112055,31,8,23,2024-12-19 20:12:15
500103034,31,7,24,2024-12-19 17:24:16
500106091,31,6,24,2024-12-19 19:44:15
500107007,31,7,24,2024-12-19 20:46:16
500112055,31,7,24,2024-12-19 20:04:16
500106037,31,6,25,2024-12-19 19:15:16
500106126,31,6,25,2024-12-19 20:58:15
500110060,31,6,25,2024-12-19 19:50:16
500112055,31,6,25,2024-12-19 19:27:15
500106037,31,5,26,2024-12-19 18:56:15
500106091,31,4,26,2024-12-19 20:16:16
500106091,31,4,26,2024-12-19 19:17:14
500106126,31,5,26,2024-12-19 21:12:15
500106037,31,4,27,2024-12-19 17:32:15
500109045,31,4,27,2024-12-19 19:54:15
500110060,31,4,27,2024-12-19 19:05:16
500112038,31,4,27,2024-12-19 21:07:16
500106091,31,1,29,2024-12-19 17:41:16
500112010,31,2,29,2024-12-19 21:06:15
500119050,31,2,29,2024-12-19 19:38:16
500109045,31,1,30,2024-12-19 20:33:15
500119050,31,1,30,2024-12-19 18:53:15
500110060,31,0,31,2024-12-19 17:08:16
500119050,31,17,0,2024-12-19 13:28:16
500119050,31,22,1,2024-12-19 16:17:15
500119050,31,16,1,2024-12-19 14:48:14
500109045,31,29,2,2024-12-19 15:54:14
500119050,31,14,3,2024-12-19 14:57:15
500106110,31,24,7,2024-12-19 14:17:15
500106110,31,23,8,2024-12-19 15:27:15
500110037,31,22,8,2024-12-19 13:27:15
500119050,31,13,10,2024-12-19 17:18:16
500109081,31,9,11,2024-12-19 15:14:15
500112038,31,20,11,2024-12-19 16:43:15
500103037,31,19,12,2024-12-19 16:02:15
500103037,31,19,12,2024-12-19 13:58:16
500106126,31,17,14,2024-12-19 16:46:15
500105021,31,16,15,2024-12-19 16:30:16
500106110,31,16,15,2024-12-19 16:46:15
500106126,31,16,15,2024-12-19 14:55:16
500105021,31,15,16,2024-12-19 16:24:15
500112055,31,13,18,2024-12-19 15:52:15
500103034,31,8,23,2024-12-19 16:36:15
500107007,31,8,23,2024-12-19 16:06:15
500112055,31,8,23,2024-12-19 15:16:15
500112055,31,8,23,2024-12-19 15:23:15
500105032,31,5,26,2024-12-19 16:21:15
500110060,31,5,26,2024-12-19 14:53:15
500110060,31,5,26,2024-12-19 14:04:14
500110042,31,4,27,2024-12-19 13:17:15
500110060,31,3,28,2024-12-19 16:57:16
500112010,31,2,29,2024-12-19 15:48:15
500112010,31,1,30,2024-12-19 16:54:16
500112010,31,0,31,2024-12-19 14:33:16
500110037,31,1,29,2024-12-19 21:42:15
500105032,31,18,13,2024-12-19 21:44:15
500103037,31,29,0,2024-12-19 07:37:15
500109081,31,25,0,2024-12-19 07:23:14
500109081,31,24,1,2024-12-19 07:12:16
500110060,31,28,3,2024-12-19 05:55:15
500110042,31,27,4,2024-12-19 06:37:15
500112010,31,24,7,2024-12-19 08:03:15
500112010,31,21,10,2024-12-19 07:17:14
500109081,31,14,11,2024-12-19 06:56:15
500110042,31,20,11,2024-12-19 07:26:15
500110042,31,20,11,2024-12-19 07:35:16
500105021,31,19,12,2024-12-19 06:41:15
500105032,31,19,12,2024-12-19 06:36:14
500112010,31,19,12,2024-12-19 06:56:15
500112010,31,18,13,2024-12-19 06:25:15
500112038,31,18,13,2024-12-19 08:37:15
500112055,31,18,13,2024-12-19 05:48:14
500110042,31,17,14,2024-12-19 08:14:16
500105021,31,16,15,2024-12-19 07:14:15
500106037,31,14,16,2024-12-19 08:11:16
500112055,31,15,16,2024-12-19 07:05:15
500106091,31,13,17,2024-12-19 07:49:15
500106126,31,14,17,2024-12-19 05:42:15
500109045,31,14,17,2024-12-19 08:35:17
500103034,31,13,18,2024-12-19 06:31:14
500105021,31,13,18,2024-12-19 07:39:15
500108026,31,11,18,2024-12-19 07:37:15
500103034,31,11,20,2024-12-19 07:27:15
500106126,31,11,20,2024-12-19 07:30:16
500109081,31,5,20,2024-12-19 06:19:15
500109081,31,4,21,2024-12-19 06:13:14
500112038,31,9,22,2024-12-19 06:54:16
500108026,31,6,23,2024-12-19 06:37:14
500112010,31,8,23,2024-12-19 05:30:15
500112010,31,7,24,2024-12-19 05:21:14
500105020,31,6,25,2024-12-19 07:31:16
500110037,31,5,25,2024-12-19 07:36:15
500103034,31,5,26,2024-12-19 08:42:14
500105020,31,5,26,2024-12-19 05:05:16
500105103,31,5,26,2024-12-19 08:16:15
500106110,31,2,29,2024-12-19 05:53:15
500108026,31,2,29,2024-12-19 08:17:15
500105032,31,1,30,2024-12-19 08:52:15
500106110,31,1,30,2024-12-19 23:27:14
500103037,31,10,19,2024-12-19 00:26:15
500106126,31,5,26,2024-12-19 00:08:15
500112010,31,9,21,2024-12-19 00:39:15
500112010,31,1,30,2024-12-19 23:45:17
500106083,31,18,13,2024-12-19 00:01:15
500106083,31,18,13,2024-12-19 00:43:15
500110060,31,13,18,2024-12-19 23:17:14
500106037,31,25,6,2024-12-19 01:11:15
500110037,31,7,23,2024-12-19 22:14:15
500106110,31,21,10,2024-12-19 21:38:15
500112010,31,6,25,2024-12-19 04:15:15
500103037,31,14,15,2024-12-19 04:21:15
500110042,31,26,5,2024-12-19 04:10:15
500112038,31,0,31,2024-12-19 22:09:15
500110042,31,11,20,2024-12-19 21:58:14
500109081,31,19,9,2024-12-19 21:58:15
500103037,31,14,15,2024-12-19 03:20:15
500109081,31,1,24,2024-12-19 04:36:15
500103037,31,9,22,2024-12-19 23:04:15
500108026,31,16,14,2024-12-19 22:14:14
500103037,31,11,20,2024-12-19 22:59:14
500110042,31,17,14,2024-12-19 01:35:15
500119050,31,17,0,2024-12-19 12:08:15
500110037,31,26,4,2024-12-19 11:48:15
500119050,31,12,5,2024-12-19 11:58:16
500109081,31,15,6,2024-12-19 10:28:15
500106091,31,23,7,2024-12-19 12:21:15
500110037,31,23,7,2024-12-19 11:58:16
500119050,31,9,8,2024-12-19 11:27:15
500106110,31,22,9,2024-12-19 12:24:16
500106110,31,22,9,2024-12-19 12:58:15
500110037,31,21,9,2024-12-19 09:25:16
500109081,31,10,10,2024-12-19 13:08:15
500106091,31,19,11,2024-12-19 12:55:16
500109081,31,9,11,2024-12-19 12:08:15
500104060,31,14,12,2024-12-19 09:07:15
500109045,31,18,13,2024-12-19 12:58:15
500110037,31,17,13,2024-12-19 09:08:15
500110060,31,15,16,2024-12-19 10:42:15
500106126,31,14,17,2024-12-19 12:35:16
500106091,31,12,18,2024-12-19 09:09:15
500108026,31,13,18,2024-12-19 09:27:14
500103037,31,12,19,2024-12-19 09:39:15
500106126,31,11,20,2024-12-19 09:56:16
500108026,31,11,20,2024-12-19 09:32:15
500103034,31,10,21,2024-12-19 12:56:15
500105020,31,10,21,2024-12-19 09:35:16
500110060,31,10,21,2024-12-19 11:57:16
500112038,31,8,23,2024-12-19 10:45:16
500112038,31,8,23,2024-12-19 10:56:14
500106083,31,7,24,2024-12-19 09:57:15
500107007,31,6,25,2024-12-19 10:51:16
500110060,31,6,25,2024-12-19 12:44:14
500105103,31,4,27,2024-12-19 08:41:15
500107007,31,4,27,2024-12-19 09:18:15
500109013,31,4,27,2024-12-19 11:44:15
500110042,31,4,27,2024-12-19 12:23:16
500110042,31,4,27,2024-12-19 10:20:16
500110042,31,3,28,2024-12-19 12:19:16
500106037,31,1,29,2024-12-19 09:27:15
500105032,31,1,30,2024-12-19 09:51:16
500112010,31,1,30,2024-12-19 09:36:15
500112010,31,0,31,2024-12-19 09:56:15
500112010,31,0,31,2024-12-19 11:09:15
500106110,31,27,4,2024-12-19 19:16:15
500106110,31,26,5,2024-12-19 20:09:15
500103034,31,24,7,2024-12-19 21:20:16
500106110,31,24,7,2024-12-19 20:12:15
500106110,31,23,8,2024-12-19 18:38:16
500103037,31,22,9,2024-12-19 17:58:16
500103034,31,20,11,2024-12-19 19:57:15
500103034,31,20,11,2024-12-19 19:06:16
500104060,31,18,12,2024-12-19 20:33:15
500104060,31,17,13,2024-12-19 20:22:15
500105032,31,18,13,2024-12-19 21:05:16
500103037,31,17,14,2024-12-19 20:13:15
500103037,31,15,16,2024-12-19 20:09:15
500108026,31,15,16,2024-12-19 17:39:15
500106083,31,13,18,2024-12-19 17:58:16
500105020,31,12,19,2024-12-19 17:58:16
500106083,31,12,19,2024-12-19 18:45:16
500106091,31,11,19,2024-12-19 18:36:16
500106126,31,12,19,2024-12-19 17:54:15
500107007,31,12,19,2024-12-19 17:34:15
500106126,31,11,20,2024-12-19 18:06:15
500107007,31,11,20,2024-12-19 17:43:16
500105020,31,10,21,2024-12-19 17:32:15
500105032,31,10,21,2024-12-19 17:33:16
500106083,31,9,22,2024-12-19 17:47:16
500110042,31,9,22,2024-12-19 17:58:16
500105020,31,8,23,2024-12-19 19:48:15
500110037,31,7,23,2024-12-19 19:19:15
500105020,31,7,24,2024-12-19 20:56:15
500106037,31,7,24,2024-12-19 19:36:15
500106083,31,7,24,2024-12-19 20:48:15
500112038,31,7,24,2024-12-19 20:12:15
500108026,31,4,26,2024-12-19 18:46:15
500112010,31,5,26,2024-12-19 18:37:15
500106126,31,4,27,2024-12-19 20:22:15
500106091,31,2,28,2024-12-19 17:28:15
500109045,31,3,28,2024-12-19 19:47:15
500110060,31,3,28,2024-12-19 18:13:16
500109045,31,2,29,2024-12-19 20:59:15
500112038,31,2,29,2024-12-19 18:38:16
500109045,31,1,30,2024-12-19 18:05:16
500110060,31,1,30,2024-12-19 17:54:15
500110060,31,1,30,2024-12-19 18:34:15
500112010,31,1,30,2024-12-19 21:19:15
500106110,31,0,31,2024-12-19 17:48:16
500119050,31,0,31,2024-12-19 20:22:15
500106110,31,23,8,2024-12-19 15:13:16
500109081,31,12,8,2024-12-19 16:08:15
500110037,31,21,9,2024-12-19 16:12:15
500112038,31,22,9,2024-12-19 14:15:16
500112038,31,20,11,2024-12-19 14:29:15
500104060,31,15,12,2024-12-19 13:39:16
500106091,31,18,12,2024-12-19 13:41:15
500106091,31,17,13,2024-12-19 14:42:15
500103037,31,17,14,2024-12-19 14:00:17
500119050,31,3,14,2024-12-19 15:58:15
500105021,31,15,16,2024-12-19 16:52:15
500112055,31,15,16,2024-12-19 17:02:15
500109045,31,14,17,2024-12-19 16:48:16
500108026,31,13,18,2024-12-19 16:27:16
500103034,31,11,20,2024-12-19 14:45:15
500103034,31,11,20,2024-12-19 15:06:15
500105020,31,11,20,2024-12-19 16:22:16
500103034,31,10,21,2024-12-19 15:26:14
500112055,31,10,21,2024-12-19 16:15:16
500112055,31,10,21,2024-12-19 15:31:15
500110042,31,8,23,2024-12-19 17:08:16
500107007,31,7,24,2024-12-19 13:46:16
500110060,31,7,24,2024-12-19 13:36:16
500112010,31,7,24,2024-12-19 17:08:16
500103034,31,6,25,2024-12-19 16:57:16
500105032,31,6,25,2024-12-19 16:56:15
500106110,31,6,25,2024-12-19 17:16:16
500105032,31,5,26,2024-12-19 17:00:17
500106083,31,5,26,2024-12-19 14:48:14
500106037,31,4,27,2024-12-19 13:44:15
500110060,31,4,27,2024-12-19 16:18:15
500110060,31,4,27,2024-12-19 14:23:15
500105103,31,3,28,2024-12-19 15:28:14
500105032,31,2,29,2024-12-19 13:47:15
500106037,31,1,30,2024-12-19 13:30:18
500105020,31,7,24,2024-12-19 21:41:15
500110042,31,9,22,2024-12-19 21:48:16
500103037,31,29,0,2024-12-19 06:04:16
500103037,31,28,1,2024-12-19 07:16:15
500103037,31,28,1,2024-12-19 05:46:14
500103037,31,27,2,2024-12-19 06:55:16
500119050,31,14,3,2024-12-19 08:24:15
500110060,31,27,4,2024-12-19 06:15:16
500109081,31,13,8,2024-12-19 08:17:15
500110060,31,23,8,2024-12-19 08:17:15
500109045,31,22,9,2024-12-19 07:27:15
500106037,31,20,10,2024-12-19 07:05:15
500106083,31,20,11,2024-12-19 08:26:15
500105032,31,18,13,2024-12-19 06:53:15
500103037,31,15,14,2024-12-19 08:55:16
500109045,31,17,14,2024-12-19 07:37:15
500112010,31,17,14,2024-12-19 06:37:15
500103034,31,16,15,2024-12-19 06:17:14
500110037,31,15,15,2024-12-19 08:46:15
500110060,31,16,15,2024-12-19 07:16:15
500106126,31,15,16,2024-12-19 08:17:15
500106126,31,14,17,2024-12-19 06:37:15
500109045,31,12,19,2024-12-19 06:32:15
500110037,31,11,19,2024-12-19 08:01:15
500106037,31,10,20,2024-12-19 08:25:16
500119050,31,11,20,2024-12-19 07:37:15
500112010,31,10,21,2024-12-19 08:47:15
500110037,31,8,22,2024-12-19 07:44:15
500112055,31,9,22,2024-12-19 08:51:15
500105032,31,7,24,2024-12-19 07:37:15
500108026,31,7,24,2024-12-19 07:59:15
500105020,31,6,25,2024-12-19 08:13:15
500105020,31,6,25,2024-12-19 05:21:14
500112055,31,6,25,2024-12-19 08:27:16
500109013,31,4,27,2024-12-19 06:01:14
500105032,31,0,31,2024-12-19 08:08:15
500105032,31,0,31,2024-12-19 08:36:15
500105032,31,0,31,2024-12-19 08:38:15
500106110,31,0,31,2024-12-19 05:22:15
500109013,31,0,31,2024-12-19 07:55:16
500112038,31,1,30,2024-12-19 23:37:15
500103034,31,24,7,2024-12-19 00:26:15
500112010,31,8,22,2024-12-19 00:56:14
500112010,31,4,26,2024-12-19 00:37:15
500105103,31,11,20,2024-12-19 22:23:15
500104060,31,12,17,2024-12-19 23:41:15
500119050,31,0,31,2024-12-19 22:15:16
500112055,31,12,19,2024-12-19 23:57:15
500106091,31,3,27,2024-12-19 00:52:15
500119050,31,3,28,2024-12-19 01:13:15
500106126,31,8,23,2024-12-19 00:27:15
500109013,31,10,21,2024-12-19 01:12:15
500103034,31,21,10,2024-12-19 00:53:15
500112010,31,0,31,2024-12-19 23:19:15
500112055,31,12,19,2024-12-19 22:58:15
500112010,31,0,31,2024-12-19 22:30:18
500110060,31,10,21,2024-12-19 22:34:15
500105032,31,20,11,2024-12-19 22:05:16
500106091,31,8,22,2024-12-19 21:14:15
500106037,31,15,16,2024-12-19 21:38:15
500109081,31,24,4,2024-12-19 21:37:15
500112038,31,0,31,2024-12-19 02:49:15
500119050,31,2,29,2024-12-19 02:06:15
500110042,31,13,18,2024-12-19 03:07:15
500106037,31,25,6,2024-12-19 02:21:15
500103034,31,19,12,2024-12-19 04:22:15
500109045,31,0,31,2024-12-19 21:44:15
500106091,31,8,22,2024-12-19 22:00:16
500110042,31,12,19,2024-12-19 22:06:14
500109081,31,18,10,2024-12-19 22:04:15
500110037,31,4,26,2024-12-19 21:57:15
500112055,31,12,19,2024-12-19 21:53:15
500109013,31,8,23,2024-12-19 03:40:15
500106126,31,11,20,2024-12-19 03:31:14
500103037,31,16,13,2024-12-19 03:39:14
500112055,31,22,9,2024-12-19 01:30:16
500106126,31,8,23,2024-12-19 02:23:15
500110060,31,10,21,2024-12-19 22:48:15
500103037,31,14,15,2024-12-19 04:01:16
500110060,31,9,22,2024-12-19 22:23:14
500106110,31,0,31,2024-12-19 02:07:15
500103037,31,10,19,2024-12-19 01:37:14
500109081,31,19,2,2024-12-19 10:07:16
500112038,31,28,3,2024-12-19 09:06:15
500110037,31,23,7,2024-12-19 13:06:15
500119050,31,9,8,2024-12-19 11:47:15
500103037,31,22,9,2024-12-19 12:23:15
500104060,31,18,10,2024-12-19 11:36:15
500106091,31,20,10,2024-12-19 11:57:16
500110037,31,20,10,2024-12-19 12:28:15
500106091,31,19,11,2024-12-19 11:06:15
500104060,31,16,12,2024-12-19 11:18:16
500112038,31,19,12,2024-12-19 10:24:15
500104060,31,15,13,2024-12-19 09:08:16
500109081,31,7,13,2024-12-19 11:19:15
500104060,31,14,14,2024-12-19 10:27:16
500104060,31,13,15,2024-12-19 10:03:15
500112038,31,14,17,2024-12-19 12:47:15
500106091,31,11,19,2024-12-19 09:26:15
500103037,31,11,20,2024-12-19 09:25:16
500105020,31,11,20,2024-12-19 10:18:15
500110060,31,8,23,2024-12-19 09:55:16
500107007,31,7,24,2024-12-19 10:30:15
500110060,31,7,24,2024-12-19 12:18:15
500103034,31,6,25,2024-12-19 11:48:15
500109013,31,6,25,2024-12-19 11:22:15
500110060,31,6,25,2024-12-19 12:35:15
500107007,31,5,26,2024-12-19 09:39:15
500106083,31,3,28,2024-12-19 11:46:15
500106083,31,3,28,2024-12-19 10:40:15
500110042,31,3,28,2024-12-19 13:05:16
500103034,31,2,29,2024-12-19 10:41:15
500108026,31,1,30,2024-12-19 08:22:15
500112010,31,0,31,2024-12-19 11:55:17
500109081,31,24,4,2024-12-19 20:58:15
500106110,31,25,6,2024-12-19 18:47:16
500109081,31,17,9,2024-12-19 20:39:16
500105032,31,20,11,2024-12-19 20:56:15
500103034,31,18,13,2024-12-19 20:13:15
500103034,31,18,13,2024-12-19 18:44:16
500110042,31,17,14,2024-12-19 20:05:16
500103037,31,16,15,2024-12-19 19:49:15
500110042,31,16,15,2024-12-19 20:28:15
500103037,31,15,16,2024-12-19 19:05:15
500108026,31,15,16,2024-12-19 17:53:15
500108026,31,15,16,2024-12-19 18:15:17
500109081,31,3,17,2024-12-19 18:38:16
500112038,31,14,17,2024-12-19 19:29:15
500103037,31,13,18,2024-12-19 21:17:14
500103037,31,13,18,2024-12-19 18:48:15
500105021,31,13,18,2024-12-19 20:34:15
500105021,31,13,18,2024-12-19 19:29:15
500112038,31,13,18,2024-12-19 17:36:15
500103037,31,12,19,2024-12-19 21:07:16
500105032,31,12,19,2024-12-19 18:23:15
500110042,31,12,19,2024-12-19 18:32:15
500105032,31,11,20,2024-12-19 17:40:17
500110042,31,11,20,2024-12-19 20:58:15
500112038,31,11,20,2024-12-19 17:58:16
500112055,31,11,20,2024-12-19 18:04:15
500110037,31,9,21,2024-12-19 17:59:15
500110042,31,9,22,2024-12-19 18:29:16
500106126,31,7,24,2024-12-19 20:13:15
500106126,31,7,24,2024-12-19 18:29:16
500112055,31,7,24,2024-12-19 19:02:16
500110060,31,6,25,2024-12-19 20:23:15
500106126,31,5,26,2024-12-19 20:49:15
500110042,31,5,26,2024-12-19 17:36:15
500110060,31,5,26,2024-12-19 19:30:17
500112038,31,5,26,2024-12-19 18:18:16
500106037,31,4,27,2024-12-19 18:04:16
500112010,31,4,27,2024-12-19 17:37:16
500110060,31,3,28,2024-12-19 18:46:15
500112010,31,3,28,2024-12-19 19:29:15
500112010,31,1,30,2024-12-19 18:58:15
500119050,31,1,30,2024-12-19 19:05:16
500112010,31,0,31,2024-12-19 19:38:16
500119050,31,14,3,2024-12-19 14:35:15
500119050,31,12,5,2024-12-19 14:26:15
500110037,31,24,6,2024-12-19 16:37:15
500110037,31,23,7,2024-12-19 14:46:15
500106110,31,23,8,2024-12-19 14:23:15
500110037,31,22,8,2024-12-19 13:53:15
500110037,31,22,8,2024-12-19 14:33:15
500106110,31,22,9,2024-12-19 13:47:15
500109081,31,11,9,2024-12-19 13:09:15
500109081,31,11,9,2024-12-19 17:17:16
500112038,31,22,9,2024-12-19 16:07:15
500106110,31,21,10,2024-12-19 14:07:15
500109081,31,10,10,2024-12-19 17:07:15
500103037,31,20,11,2024-12-19 16:15:16
500106126,31,20,11,2024-12-19 16:07:14
500112038,31,19,12,2024-12-19 14:42:15
500106091,31,17,13,2024-12-19 15:42:15
500106091,31,16,14,2024-12-19 15:05:16
500110037,31,16,14,2024-12-19 17:08:16
500106126,31,15,16,2024-12-19 13:39:16
500110060,31,15,16,2024-12-19 15:54:15
500119050,31,1,16,2024-12-19 15:17:16
500108026,31,13,18,2024-12-19 13:22:15
500108026,31,13,18,2024-12-19 13:43:15
500105020,31,12,19,2024-12-19 14:12:15
500108026,31,11,20,2024-12-19 15:48:15
500103034,31,10,21,2024-12-19 14:36:16
500105032,31,9,22,2024-12-19 17:17:16
500107007,31,9,22,2024-12-19 15:45:16
500112055,31,9,22,2024-12-19 16:32:15
500107007,31,7,24,2024-12-19 16:26:15
500112055,31,7,24,2024-12-19 14:46:15
500107007,31,6,25,2024-12-19 13:53:15
500112055,31,6,25,2024-12-19 14:35:15
500110042,31,5,26,2024-12-19 16:57:16
500110042,31,4,27,2024-12-19 15:34:15
500110060,31,4,27,2024-12-19 15:01:16
500105032,31,2,29,2024-12-19 13:49:14
500106037,31,2,29,2024-12-19 15:48:15
500110060,31,2,29,2024-12-19 16:47:15
500106037,31,1,30,2024-12-19 16:48:16
500112010,31,1,30,2024-12-19 15:08:14
500103037,31,27,2,2024-12-19 07:46:15
500103037,31,26,3,2024-12-19 07:24:15
500109081,31,17,4,2024-12-19 08:37:15
500112038,31,27,4,2024-12-19 08:46:15
500106037,31,24,6,2024-12-19 05:42:15
500106037,31,18,12,2024-12-19 07:32:15
500106083,31,19,12,2024-12-19 06:16:15
500110060,31,19,12,2024-12-19 08:57:14
500106083,31,18,13,2024-12-19 08:37:15
500110042,31,18,13,2024-12-19 08:33:16
500112010,31,18,13,2024-12-19 07:47:15
500104060,31,12,14,2024-12-19 06:45:16
500105032,31,17,14,2024-12-19 06:27:15
500112055,31,17,14,2024-12-19 05:53:15
500112055,31,14,17,2024-12-19 07:32:15
500106126,31,13,18,2024-12-19 08:43:15
500106126,31,13,18,2024-12-19 08:03:15
500106091,31,11,19,2024-12-19 07:26:15
500110060,31,11,20,2024-12-19 07:47:15
500110060,31,10,21,2024-12-19 07:37:15
500106126,31,9,22,2024-12-19 07:26:15
500110037,31,8,22,2024-12-19 05:33:15
500110037,31,7,23,2024-12-19 04:51:15
500109013,31,7,24,2024-12-19 05:49:15
500107007,31,6,25,2024-12-19 07:24:15
500110037,31,5,25,2024-12-19 06:56:15
500112038,31,6,25,2024-12-19 07:47:15
500119050,31,6,25,2024-12-19 08:03:15
500105020,31,5,26,2024-12-19 08:03:15
500119050,31,5,26,2024-12-19 06:26:15
500105020,31,4,27,2024-12-19 07:41:15
500105032,31,3,28,2024-12-19 08:00:17
500106110,31,3,28,2024-12-19 08:55:16
500105032,31,2,29,2024-12-19 07:55:16
500106110,31,2,29,2024-12-19 07:57:16
500109013,31,2,29,2024-12-19 06:58:15
500105032,31,1,30,2024-12-19 08:21:18
500119050,31,1,30,2024-12-19 05:10:15
500103037,31,8,21,2024-12-19 00:12:14
500103037,31,8,21,2024-12-19 00:03:15
500105032,31,21,10,2024-12-19 22:46:15
500110037,31,6,24,2024-12-19 23:58:14
500112038,31,0,31,2024-12-19 01:11:15
500110060,31,28,3,2024-12-19 00:33:15
500106083,31,5,26,2024-12-19 22:25:16
500110037,31,6,24,2024-12-19 23:13:15
500103037,31,10,21,2024-12-19 23:14:15
500104060,31,11,18,2024-12-19 22:27:15
500107007,31,7,24,2024-12-19 22:00:16
500110042,31,12,19,2024-12-19 21:36:15
500110037,31,6,24,2024-12-19 02:00:17
500107007,31,8,23,2024-12-19 01:33:15
500109045,31,8,23,2024-12-19 01:25:15
500105032,31,19,12,2024-12-19 01:53:15
500112055,31,21,10,2024-12-19 01:50:15
500106110,31,2,29,2024-12-19 04:24:15
500104060,31,17,9,2024-12-19 03:39:14
500110037,31,6,24,2024-12-19 22:03:15
500112055,31,13,18,2024-12-19 22:07:15
500106126,31,9,22,2024-12-19 01:20:15
500110060,31,7,24,2024-12-19 21:59:15
500103034,31,27,4,2024-12-19 23:22:15
500106110,31,1,30,2024-12-19 00:53:15
500112010,31,5,25,2024-12-19 02:08:15
500109081,31,13,15,2024-12-19 22:46:15
500106083,31,14,17,2024-12-19 04:37:14
500110060,31,12,19,2024-12-19 23:09:15
500103034,31,30,1,2024-12-19 22:18:15
500106110,31,3,28,2024-12-19 22:53:15
500110037,31,29,1,2024-12-19 10:50:16
500106110,31,28,3,2024-12-19 11:36:15
500119050,31,14,3,2024-12-19 12:57:15
500106110,31,26,5,2024-12-19 12:08:15
500103037,31,24,7,2024-12-19 12:33:15
500106110,31,23,8,2024-12-19 12:19:16
500106091,31,21,9,2024-12-19 10:21:15
500110037,31,21,9,2024-12-19 12:43:15
500104060,31,18,10,2024-12-19 12:19:16
500103037,31,20,11,2024-12-19 12:19:16
500104060,31,17,11,2024-12-19 12:22:16
500104060,31,16,11,2024-12-19 13:05:16
500104060,31,17,11,2024-12-19 11:26:15
500109045,31,19,12,2024-12-19 13:00:17
500106126,31,16,15,2024-12-19 09:27:15
500110037,31,15,15,2024-12-19 09:06:15
500106126,31,14,17,2024-12-19 11:58:16
500106126,31,13,18,2024-12-19 12:28:15
500105020,31,11,20,2024-12-19 12:51:15
500110060,31,10,21,2024-12-19 09:35:16
500112038,31,10,21,2024-12-19 12:37:15
500103037,31,9,22,2024-12-19 09:09:15
500112038,31,9,22,2024-12-19 12:26:15
500112055,31,9,22,2024-12-19 09:07:15
500106083,31,7,24,2024-12-19 10:18:15
500107007,31,6,25,2024-12-19 10:22:16
500103034,31,5,26,2024-12-19 11:37:15
500107007,31,5,26,2024-12-19 09:56:16
500105103,31,4,27,2024-12-19 10:10:16
500112010,31,4,27,2024-12-19 09:44:15
500112055,31,3,28,2024-12-19 12:19:16
500112055,31,2,29,2024-12-19 11:51:16
500112055,31,2,29,2024-12-19 12:06:15
500106037,31,1,30,2024-12-19 10:38:15
500105032,31,0,31,2024-12-19 12:37:15
500106037,31,0,31,2024-12-19 10:28:16
500112010,31,0,31,2024-12-19 10:57:15
500106110,31,28,3,2024-12-19 19:49:15
500106110,31,28,3,2024-12-19 21:07:16
500109081,31,24,4,2024-12-19 21:07:16
500106110,31,23,8,2024-12-19 18:29:16
500103034,31,18,13,2024-12-19 20:09:15
500103037,31,17,14,2024-12-19 19:28:14
500105032,31,16,15,2024-12-19 19:07:15
500109081,31,5,15,2024-12-19 18:13:16
500109081,31,5,15,2024-12-19 18:27:15
500103037,31,15,16,2024-12-19 19:58:15
500108026,31,15,16,2024-12-19 17:12:16
500112038,31,15,16,2024-12-19 17:25:16
500112038,31,15,16,2024-12-19 19:19:15
500105021,31,14,17,2024-12-19 20:53:15
500112038,31,14,17,2024-12-19 19:35:16
500110042,31,13,18,2024-12-19 20:37:16
500110042,31,12,19,2024-12-19 18:08:16
500104060,31,10,20,2024-12-19 18:23:16
500106083,31,11,20,2024-12-19 20:11:16
500103034,31,10,21,2024-12-19 18:15:17
500105020,31,10,21,2024-12-19 18:27:15
500106037,31,10,21,2024-12-19 20:14:15
500105020,31,9,22,2024-12-19 18:57:15
500106091,31,8,22,2024-12-19 17:56:16
500107007,31,9,22,2024-12-19 20:06:15
500106037,31,8,23,2024-12-19 19:47:15
500106126,31,8,23,2024-12-19 19:38:15
500119050,31,0,23,2024-12-19 17:38:16
500106126,31,7,24,2024-12-19 18:53:15
500110042,31,7,24,2024-12-19 17:47:16
500112055,31,7,24,2024-12-19 19:11:15
500109013,31,6,25,2024-12-19 19:45:15
500110042,31,6,25,2024-12-19 17:15:17
500106083,31,5,26,2024-12-19 17:27:16
500103034,31,4,27,2024-12-19 17:38:16
500112010,31,3,28,2024-12-19 20:13:15
500109045,31,2,29,2024-12-19 17:33:16
500119050,31,2,29,2024-12-19 21:20:16
500119050,31,0,31,2024-12-19 19:49:15
500103037,31,30,1,2024-12-19 13:15:15
500109081,31,12,8,2024-12-19 16:38:15
500106110,31,22,9,2024-12-19 14:56:15
500103037,31,21,10,2024-12-19 15:18:15
500104060,31,19,10,2024-12-19 15:42:15
500106110,31,21,10,2024-12-19 13:17:15
500112038,31,20,11,2024-12-19 15:01:16
500109045,31,19,12,2024-12-19 15:10:15
500109081,31,8,12,2024-12-19 14:08:15
500106091,31,17,13,2024-12-19 16:46:15
500106126,31,18,13,2024-12-19 15:04:15
500106126,31,18,13,2024-12-19 15:38:15
500112038,31,17,14,2024-12-19 13:12:15
500112038,31,17,14,2024-12-19 17:07:15
500106091,31,15,15,2024-12-19 16:11:15
500112038,31,15,16,2024-12-19 17:14:16
500108026,31,14,17,2024-12-19 17:05:17
500103034,31,12,19,2024-12-19 15:55:16
500105020,31,10,21,2024-12-19 16:33:15
500109045,31,8,23,2024-12-19 16:18:16
500110060,31,7,24,2024-12-19 16:08:16
500103034,31,6,25,2024-12-19 17:07:15
500107007,31,6,25,2024-12-19 13:38:16
500110042,31,5,26,2024-12-19 16:02:15
500112055,31,4,27,2024-12-19 13:18:15
500106037,31,3,28,2024-12-19 14:18:15
500112010,31,3,28,2024-12-19 16:17:14
500112010,31,3,28,2024-12-19 13:15:15
500112010,31,3,28,2024-12-19 16:47:15
500110060,31,1,30,2024-12-19 16:28:15
500112010,31,1,30,2024-12-19 13:21:16
500107007,31,7,24,2024-12-19 21:48:16
500103037,31,28,1,2024-12-19 07:57:16
500110042,31,28,3,2024-12-19 06:45:16
500112038,31,28,3,2024-12-19 08:57:15
500110060,31,27,4,2024-12-19 06:53:15
500109081,31,16,5,2024-12-19 08:26:14
500106083,31,24,7,2024-12-19 07:20:16
500109045,31,23,8,2024-12-19 08:27:15
500112010,31,23,8,2024-12-19 08:26:15
500110060,31,21,10,2024-12-19 08:34:15
500112010,31,21,10,2024-12-19 07:57:16
500103034,31,20,11,2024-12-19 05:41:14
500119050,31,20,11,2024-12-19 07:27:15
500104060,31,13,13,2024-12-19 06:34:15
500104060,31,11,15,2024-12-19 07:26:15
500103034,31,15,16,2024-12-19 06:27:15
500105021,31,15,16,2024-12-19 08:55:16
500106083,31,15,16,2024-12-19 05:42:15
500110037,31,14,16,2024-12-19 08:27:15
500103034,31,13,18,2024-12-19 06:44:15
500105021,31,13,18,2024-12-19 08:17:15
500108026,31,11,18,2024-12-19 06:17:14
500109045,31,13,18,2024-12-19 08:56:16
500104060,31,7,19,2024-12-19 08:51:15
500106091,31,11,19,2024-12-19 07:45:16
500110060,31,11,20,2024-12-19 07:55:17
500103034,31,10,21,2024-12-19 07:37:15
500106091,31,9,21,2024-12-19 06:48:15
500112055,31,10,21,2024-12-19 07:57:16
500103034,31,9,22,2024-12-19 08:02:15
500108026,31,9,22,2024-12-19 07:54:14
500110037,31,8,22,2024-12-19 06:04:14
500103034,31,8,23,2024-12-19 08:27:16
500105103,31,8,23,2024-12-19 05:24:14
500109081,31,2,23,2024-12-19 05:31:14
500112055,31,8,23,2024-12-19 08:44:16
500108026,31,5,24,2024-12-19 06:56:15
500105020,31,6,25,2024-12-19 07:51:14
500119050,31,6,25,2024-12-19 06:33:14
500103034,31,5,26,2024-12-19 07:55:17
500105032,31,5,26,2024-12-19 07:41:15
500105020,31,4,27,2024-12-19 06:52:15
500108026,31,1,28,2024-12-19 07:16:15
500112038,31,3,28,2024-12-19 06:28:15
500112038,31,2,29,2024-12-19 06:27:15
500106110,31,0,31,2024-12-19 07:27:15
500112055,31,23,8,2024-12-19 00:14:15
500108026,31,17,12,2024-12-19 22:48:15
500105021,31,17,14,2024-12-19 21:44:15
500109045,31,7,24,2024-12-19 01:06:15
500104060,31,19,8,2024-12-19 00:30:18
500105103,31,10,21,2024-12-19 20:42:15
500106126,31,1,30,2024-12-19 22:09:15
500108026,31,15,15,2024-12-19 22:08:15
500106091,31,7,23,2024-12-19 21:46:15
500112038,31,1,30,2024-12-19 00:54:15
500110042,31,14,17,2024-12-19 02:30:16
500106126,31,2,29,2024-12-19 22:47:15
500103037,31,24,5,2024-12-19 04:37:14
500109081,31,1,24,2024-12-19 04:38:15
500103037,31,11,20,2024-12-19 22:24:14
500103037,31,12,17,2024-12-19 02:04:15
500119050,31,17,0,2024-12-19 09:06:17
500119050,31,17,0,2024-12-19 10:05:17
500119050,31,16,1,2024-12-19 09:37:16
500106110,31,29,2,2024-12-19 11:28:15
500110037,31,28,2,2024-12-19 10:42:15
500109081,31,18,3,2024-12-19 09:05:15
500110037,31,27,3,2024-12-19 09:45:15
500109081,31,17,4,2024-12-19 09:09:15
500109081,31,12,5,2024-12-19 10:44:16
500103037,31,25,6,2024-12-19 12:06:15
500106110,31,25,6,2024-12-19 11:55:18
500106126,31,23,8,2024-12-19 10:47:16
500110037,31,20,10,2024-12-19 12:05:16
500119050,31,7,10,2024-12-19 12:27:15
500106091,31,19,11,2024-12-19 10:15:15
500109045,31,19,12,2024-12-19 11:18:16
500106126,31,18,13,2024-12-19 10:35:16
500103037,31,17,14,2024-12-19 10:53:16
500106126,31,16,15,2024-12-19 11:46:15
500106126,31,16,15,2024-12-19 12:15:16
500106091,31,13,17,2024-12-19 08:56:16
500103037,31,13,18,2024-12-19 10:18:15
500105020,31,12,19,2024-12-19 10:38:15
500103037,31,11,20,2024-12-19 09:50:16
500112038,31,11,20,2024-12-19 09:42:15
500112038,31,11,20,2024-12-19 11:41:15
500110042,31,10,21,2024-12-19 09:53:15
500103034,31,9,22,2024-12-19 09:47:15
500105020,31,9,22,2024-12-19 12:37:15
500112038,31,8,23,2024-12-19 11:38:14
500112038,31,8,23,2024-12-19 11:25:15
500112055,31,8,23,2024-12-19 09:09:15
500103034,31,7,24,2024-12-19 10:28:15
500105020,31,7,24,2024-12-19 08:47:15
500112038,31,5,26,2024-12-19 09:36:15
500112055,31,5,26,2024-12-19 09:48:15
500103034,31,3,28,2024-12-19 12:16:15
500105032,31,3,28,2024-12-19 09:25:16
500112010,31,3,28,2024-12-19 12:30:16
500112010,31,3,28,2024-12-19 13:05:15
500106037,31,1,29,2024-12-19 09:45:16
500106110,31,2,29,2024-12-19 10:21:16
500108026,31,2,29,2024-12-19 11:27:15
500109013,31,2,29,2024-12-19 09:02:15
500112055,31,2,29,2024-12-19 09:31:15
500106037,31,0,30,2024-12-19 09:32:15
500108026,31,1,30,2024-12-19 11:33:16
500108026,31,1,30,2024-12-19 10:15:15
500112010,31,1,30,2024-12-19 12:42:14
500112055,31,1,30,2024-12-19 10:57:15
500105032,31,0,31,2024-12-19 12:23:16
500106037,31,0,31,2024-12-19 10:47:16
500106110,31,0,31,2024-12-19 09:36:15
500112010,31,0,31,2024-12-19 11:07:16
500106110,31,30,1,2024-12-19 19:28:15
500106110,31,28,3,2024-12-19 18:58:16
500109081,31,18,8,2024-12-19 20:28:15
500109081,31,10,10,2024-12-19 18:48:15
500103037,31,20,11,2024-12-19 18:29:16
500112038,31,20,11,2024-12-19 18:48:16
500104060,31,18,12,2024-12-19 17:58:16
500105032,31,19,12,2024-12-19 20:37:16
500104060,31,15,15,2024-12-19 19:27:15
500105021,31,16,15,2024-12-19 17:24:16
500105021,31,16,15,2024-12-19 18:38:16
500110037,31,15,15,2024-12-19 17:28:15
500106083,31,15,16,2024-12-19 19:31:15
500106126,31,14,17,2024-12-19 17:28:15
500105032,31,13,18,2024-12-19 18:36:16
500103037,31,12,19,2024-12-19 20:35:15
500105020,31,12,19,2024-12-19 18:10:17
500106037,31,12,19,2024-12-19 21:00:16
500110037,31,11,19,2024-12-19 19:48:15
500112038,31,12,19,2024-12-19 17:45:16
500104060,31,10,20,2024-12-19 18:03:15
500105032,31,11,20,2024-12-19 18:16:16
500105032,31,10,21,2024-12-19 17:28:15
500106126,31,10,21,2024-12-19 18:16:16
500105020,31,9,22,2024-12-19 18:44:16
500107007,31,9,22,2024-12-19 17:28:15
500105103,31,8,23,2024-12-19 18:02:15
500106083,31,8,23,2024-12-19 20:25:15
500106091,31,7,23,2024-12-19 18:57:15
500110037,31,7,23,2024-12-19 20:35:16
500105020,31,7,24,2024-12-19 19:06:16
500105103,31,7,24,2024-12-19 17:47:16
500107007,31,7,24,2024-12-19 19:51:15
500107007,31,7,24,2024-12-19 21:17:14
500109013,31,7,24,2024-12-19 20:55:17
500110037,31,6,24,2024-12-19 19:06:16
500106037,31,6,25,2024-12-19 19:23:15
500112038,31,6,25,2024-12-19 21:19:16
500106037,31,5,26,2024-12-19 17:55:17
500109013,31,5,26,2024-12-19 19:19:15
500110037,31,2,28,2024-12-19 18:38:16
500112010,31,3,28,2024-12-19 19:56:16
500112010,31,0,31,2024-12-19 18:48:15
500119050,31,13,4,2024-12-19 13:48:15
500119050,31,10,7,2024-12-19 14:08:15
500112038,31,21,10,2024-12-19 14:19:15
500106110,31,20,11,2024-12-19 15:06:14
500106126,31,20,11,2024-12-19 16:18:16
500112038,31,20,11,2024-12-19 15:36:15
500103037,31,18,13,2024-12-19 14:17:15
500106126,31,16,15,2024-12-19 13:27:15
500106110,31,15,16,2024-12-19 16:38:15
500106126,31,14,17,2024-12-19 17:17:16
500112055,31,14,17,2024-12-19 16:54:15
500108026,31,12,19,2024-12-19 16:37:15
500103034,31,11,20,2024-12-19 14:10:16
500112055,31,11,20,2024-12-19 16:46:15
500103034,31,9,22,2024-12-19 13:45:15
500110060,31,6,25,2024-12-19 13:52:15
500109013,31,3,28,2024-12-19 16:45:17
500106037,31,1,30,2024-12-19 13:28:16
500112010,31,1,30,2024-12-19 15:10:18
500106037,31,0,31,2024-12-19 16:28:15
500112010,31,0,31,2024-12-19 16:08:16
500103037,31,28,1,2024-12-19 08:03:15
500110060,31,30,1,2024-12-19 05:16:14
500119050,31,16,1,2024-12-19 08:29:15
500109081,31,19,2,2024-12-19 08:42:15
500109045,31,26,5,2024-12-19 07:17:14
500106037,31,21,9,2024-12-19 06:33:15
500103037,31,19,10,2024-12-19 08:27:16
500109045,31,21,10,2024-12-19 08:17:15
500105021,31,20,11,2024-12-19 04:44:14
500106083,31,20,11,2024-12-19 06:22:14
500103037,31,17,12,2024-12-19 08:35:16
500110037,31,18,12,2024-12-19 08:57:15
500112055,31,19,12,2024-12-19 05:29:15
500106037,31,17,13,2024-12-19 07:53:16
500105021,31,15,16,2024-12-19 08:31:16
500106126,31,15,16,2024-12-19 08:26:15
500106091,31,13,17,2024-12-19 08:45:16
500106126,31,14,17,2024-12-19 06:50:16
500105021,31,13,18,2024-12-19 08:23:15
500106126,31,12,19,2024-12-19 05:38:14
500109045,31,11,20,2024-12-19 07:47:15
500112010,31,11,20,2024-12-19 05:55:15
500119050,31,10,21,2024-12-19 06:55:16
500119050,31,9,22,2024-12-19 07:57:16
500119050,31,8,23,2024-12-19 06:45:16
500105020,31,7,24,2024-12-19 08:27:16
500105103,31,7,24,2024-12-19 05:56:14
500106110,31,7,24,2024-12-19 08:47:15
500110037,31,6,24,2024-12-19 06:44:15
500105020,31,6,25,2024-12-19 06:19:15
500106091,31,5,25,2024-12-19 05:38:14
500107007,31,6,25,2024-12-19 07:09:15
500105020,31,5,26,2024-12-19 06:07:15
500105020,31,4,27,2024-12-19 07:11:15
500108026,31,0,29,2024-12-19 07:20:18
500106110,31,1,30,2024-12-19 08:37:15
500106110,31,1,30,2024-12-19 06:47:15
500112038,31,1,30,2024-12-19 04:55:16
500110042,31,17,14,2024-12-19 00:05:15
500106126,31,0,31,2024-12-19 23:45:17
500110037,31,8,22,2024-12-19 00:04:16
500106077,32,19,11,2024-12-19 23:58:14
500107093,32,19,13,2024-12-19 23:16:15
500101148,32,19,13,2024-12-19 00:48:14
500105012,32,19,12,2024-12-19 22:49:14
500104023,32,19,13,2024-12-19 23:07:15
500112069,32,11,21,2024-12-19 22:30:16
500113046,32,7,24,2024-12-19 21:36:15
500106058,32,13,19,2024-12-19 21:30:16
500112068,32,23,8,2024-12-19 21:30:16
500107034,32,8,24,2024-12-19 02:44:15
500101196,32,8,24,2024-12-19 04:13:15
500105012,32,16,14,2024-12-19 04:19:15
500110045,32,24,8,2024-12-19 04:17:15
500103050,32,14,14,2024-12-19 01:46:14
500107034,32,13,19,2024-12-19 22:40:15
500107093,32,19,13,2024-12-19 22:25:16
500112068,32,22,9,2024-12-19 22:24:15
500103050,32,17,12,2024-12-19 23:28:15
500112068,32,29,3,2024-12-19 01:32:14
500106077,32,32,0,2024-12-19 09:46:16
500104112,32,26,6,2024-12-19 12:31:15
500112069,32,26,6,2024-12-19 11:53:16
500104112,32,25,7,2024-12-19 12:27:15
500108161,32,22,9,2024-12-19 11:08:15
500110045,32,23,9,2024-12-19 09:50:15
500104112,32,22,10,2024-12-19 09:46:15
500103050,32,19,12,2024-12-19 12:18:15
500110045,32,20,12,2024-12-19 12:27:15
500103050,32,18,13,2024-12-19 13:00:16
500106058,32,18,14,2024-12-19 12:47:15
500104023,32,17,15,2024-12-19 11:21:15
500106058,32,16,16,2024-12-19 11:37:15
500106077,32,15,16,2024-12-19 11:48:15
500101196,32,13,19,2024-12-19 10:51:16
500107034,32,13,19,2024-12-19 09:07:15
500106069,32,12,20,2024-12-19 12:25:16
500101196,32,10,22,2024-12-19 12:34:14
500101196,32,10,22,2024-12-19 09:57:15
500101196,32,10,22,2024-12-19 10:20:16
500107020,32,9,23,2024-12-19 10:07:16
500107093,32,9,23,2024-12-19 12:37:15
500101196,32,7,25,2024-12-19 12:28:15
500101250,32,6,26,2024-12-19 09:18:15
500107093,32,6,26,2024-12-19 12:07:16
500112068,32,6,26,2024-12-19 11:58:15
500104023,32,5,27,2024-12-19 09:26:15
500106068,32,2,29,2024-12-19 09:07:15
500106068,32,2,29,2024-12-19 11:06:15
500106069,32,3,29,2024-12-19 11:11:15
500107093,32,3,29,2024-12-19 09:03:14
500106069,32,2,30,2024-12-19 11:08:15
500106069,32,2,30,2024-12-19 11:24:15
500101250,32,1,31,2024-12-19 12:41:16
500106068,32,28,4,2024-12-19 20:17:15
500106068,32,27,5,2024-12-19 20:37:16
500103050,32,22,8,2024-12-19 19:38:15
500106068,32,23,9,2024-12-19 18:48:15
500110045,32,23,9,2024-12-19 18:46:15
500112068,32,22,9,2024-12-19 20:28:15
500112068,32,22,9,2024-12-19 21:09:16
500112068,32,21,10,2024-12-19 20:10:17
500112068,32,20,11,2024-12-19 18:58:16
500106068,32,20,12,2024-12-19 17:38:16
500107034,32,18,14,2024-12-19 19:06:16
500101196,32,13,19,2024-12-19 19:55:16
500105012,32,11,20,2024-12-19 18:58:16
500106077,32,10,21,2024-12-19 21:09:16
500108161,32,10,21,2024-12-19 18:08:16
500105012,32,9,22,2024-12-19 17:20:17
500105012,32,9,22,2024-12-19 18:18:16
500107020,32,10,22,2024-12-19 17:28:15
500104112,32,9,23,2024-12-19 18:27:15
500112069,32,9,23,2024-12-19 17:14:16
500106077,32,5,26,2024-12-19 19:28:15
500107093,32,6,26,2024-12-19 19:07:15
500112069,32,4,28,2024-12-19 18:01:16
500107093,32,2,30,2024-12-19 18:37:15
500106077,32,0,31,2024-12-19 18:20:19
500104023,32,29,3,2024-12-19 16:36:15
500104112,32,26,6,2024-12-19 13:32:15
500104112,32,26,6,2024-12-19 14:49:15
500106069,32,24,8,2024-12-19 16:38:15
500103050,32,21,10,2024-12-19 17:18:16
500104112,32,21,11,2024-12-19 17:15:17
500106069,32,21,11,2024-12-19 14:36:16
500106077,32,20,11,2024-12-19 14:53:14
500103050,32,18,13,2024-12-19 14:02:15
500106069,32,16,16,2024-12-19 13:17:15
500101196,32,15,17,2024-12-19 14:18:15
500106058,32,13,19,2024-12-19 13:40:16
500106077,32,12,19,2024-12-19 16:37:15
500101196,32,12,20,2024-12-19 15:51:15
500106058,32,11,21,2024-12-19 15:24:15
500106058,32,10,22,2024-12-19 15:33:15
500107093,32,5,27,2024-12-19 16:11:15
500101250,32,4,28,2024-12-19 14:22:15
500105012,32,3,28,2024-12-19 15:52:15
500101148,32,3,29,2024-12-19 16:16:15
500101250,32,3,29,2024-12-19 16:06:15
500101148,32,2,30,2024-12-19 17:18:16
500113046,32,1,30,2024-12-19 16:44:15
500101148,32,1,31,2024-12-19 14:58:15
500101148,32,1,31,2024-12-19 14:26:15
500106068,32,1,31,2024-12-19 16:51:15
500107034,32,13,19,2024-12-19 21:43:15
500101148,32,32,0,2024-12-19 07:47:15
500104023,32,25,7,2024-12-19 05:50:15
500108046,32,23,9,2024-12-19 07:15:17
500106077,32,22,10,2024-12-19 08:27:16
500103050,32,15,11,2024-12-19 07:44:15
500107020,32,19,13,2024-12-19 06:31:15
500103050,32,12,14,2024-12-19 06:32:15
500106069,32,18,14,2024-12-19 07:25:15
500103050,32,11,15,2024-12-19 06:44:14
500106058,32,16,16,2024-12-19 08:47:15
500105012,32,13,17,2024-12-19 06:22:14
500108161,32,14,17,2024-12-19 08:17:15
500113046,32,14,17,2024-12-19 07:33:15
500104112,32,14,18,2024-12-19 07:16:15
500105012,32,11,19,2024-12-19 06:55:16
500103050,32,6,20,2024-12-19 08:35:16
500104023,32,12,20,2024-12-19 08:57:15
500101196,32,11,21,2024-12-19 07:26:15
500103050,32,5,21,2024-12-19 08:53:15
500106069,32,11,21,2024-12-19 08:17:15
500107034,32,11,21,2024-12-19 08:57:15
500112069,32,11,21,2024-12-19 05:57:15
500108046,32,10,22,2024-12-19 08:35:16
500101196,32,9,23,2024-12-19 06:00:17
500113046,32,8,23,2024-12-19 05:55:16
500106058,32,8,24,2024-12-19 08:15:16
500107034,32,7,25,2024-12-19 06:28:15
500107034,32,7,25,2024-12-19 06:39:15
500105012,32,5,26,2024-12-19 08:24:15
500105012,32,5,26,2024-12-19 08:33:16
500112069,32,5,27,2024-12-19 07:56:15
500101250,32,3,29,2024-12-19 08:15:16
500101250,32,3,29,2024-12-19 08:55:16
500104112,32,3,29,2024-12-19 05:47:15
500106058,32,1,31,2024-12-19 07:27:15
500107020,32,1,31,2024-12-19 08:36:15
500107093,32,0,32,2024-12-19 08:22:15
500106077,32,17,15,2024-12-19 00:41:14
500113046,32,11,20,2024-12-19 00:13:15
500106069,32,2,30,2024-12-19 01:17:15
500106058,32,4,28,2024-12-19 00:26:15
500106077,32,18,14,2024-12-19 01:14:14
500101148,32,9,23,2024-12-19 23:10:15
500101196,32,10,22,2024-12-19 23:08:15
500107034,32,15,17,2024-12-19 23:09:15
500112068,32,25,6,2024-12-19 23:11:15
500107093,32,18,14,2024-12-19 22:39:15
500107020,32,19,13,2024-12-19 21:38:15
500106068,32,20,10,2024-12-19 21:35:16
500107093,32,9,23,2024-12-19 02:40:16
500112069,32,11,21,2024-12-19 02:50:16
500107020,32,18,14,2024-12-19 02:08:15
500101250,32,5,27,2024-12-19 21:45:14
500101196,32,12,20,2024-12-19 23:41:15
500107034,32,17,15,2024-12-19 23:57:15
500106058,32,3,29,2024-12-19 01:39:15
500107020,32,17,15,2024-12-19 01:43:15
500106077,32,20,12,2024-12-19 02:19:15
500112068,32,29,3,2024-12-19 02:13:15
500113046,32,8,23,2024-12-19 22:55:16
500106077,32,17,13,2024-12-19 23:06:15
500104112,32,3,29,2024-12-19 22:13:15
500106058,32,6,26,2024-12-19 22:14:15
500112069,32,10,22,2024-12-19 22:14:15
500107020,32,21,11,2024-12-19 22:11:15
500107020,32,19,13,2024-12-19 03:36:15
500106077,32,30,2,2024-12-19 09:27:15
500106077,32,27,5,2024-12-19 11:08:15
500112069,32,25,7,2024-12-19 12:47:15
500112069,32,25,7,2024-12-19 11:36:15
500106077,32,24,8,2024-12-19 11:25:15
500110045,32,22,10,2024-12-19 10:14:15
500108161,32,20,11,2024-12-19 09:33:15
500103050,32,19,12,2024-12-19 12:40:17
500107034,32,19,13,2024-12-19 09:57:15
500106058,32,18,14,2024-12-19 09:47:15
500101148,32,16,16,2024-12-19 09:51:14
500101196,32,13,19,2024-12-19 10:38:15
500106058,32,12,20,2024-12-19 11:57:15
500101196,32,11,21,2024-12-19 11:14:15
500106058,32,11,21,2024-12-19 12:25:16
500107034,32,10,22,2024-12-19 12:35:16
500101196,32,9,23,2024-12-19 11:22:15
500104023,32,9,23,2024-12-19 09:07:15
500107093,32,8,24,2024-12-19 12:53:14
500107020,32,7,25,2024-12-19 11:47:16
500107020,32,7,25,2024-12-19 10:55:17
500107034,32,7,25,2024-12-19 12:22:16
500108046,32,7,25,2024-12-19 12:38:15
500108046,32,7,25,2024-12-19 09:54:15
500112068,32,7,25,2024-12-19 10:49:15
500113046,32,4,27,2024-12-19 09:47:15
500106069,32,4,28,2024-12-19 09:56:15
500113046,32,3,28,2024-12-19 12:42:15
500107093,32,3,29,2024-12-19 09:36:15
500101148,32,2,30,2024-12-19 11:48:15
500101148,32,2,30,2024-12-19 11:57:15
500107093,32,2,30,2024-12-19 09:46:16
500107093,32,2,30,2024-12-19 10:16:15
500101148,32,1,31,2024-12-19 12:39:14
500101148,32,0,32,2024-12-19 12:04:15
500103050,32,31,0,2024-12-19 17:58:16
500103050,32,28,3,2024-12-19 18:57:15
500103050,32,26,5,2024-12-19 18:45:15
500106069,32,27,5,2024-12-19 19:14:16
500110045,32,26,6,2024-12-19 19:02:15
500110045,32,25,7,2024-12-19 20:52:15
500112068,32,24,7,2024-12-19 19:40:15
500106069,32,24,8,2024-12-19 18:57:15
500110045,32,24,8,2024-12-19 19:38:15
500112068,32,20,11,2024-12-19 19:04:15
500104112,32,20,12,2024-12-19 18:43:14
500106058,32,20,12,2024-12-19 19:58:15
500106058,32,20,12,2024-12-19 20:09:15
500107020,32,19,13,2024-12-19 21:06:15
500106068,32,18,14,2024-12-19 21:16:15
500104023,32,17,15,2024-12-19 20:13:15
500104023,32,17,15,2024-12-19 18:17:15
500106077,32,13,18,2024-12-19 21:18:15
500104112,32,13,19,2024-12-19 19:12:15
500106058,32,13,19,2024-12-19 21:16:15
500101196,32,12,20,2024-12-19 20:48:15
500104112,32,12,20,2024-12-19 18:08:16
500106058,32,12,20,2024-12-19 19:06:16
500103050,32,9,21,2024-12-19 20:08:15
500105012,32,10,21,2024-12-19 17:56:16
500104112,32,10,22,2024-12-19 18:16:16
500104112,32,9,23,2024-12-19 20:13:15
500104112,32,8,24,2024-12-19 20:50:16
500106077,32,7,24,2024-12-19 19:37:16
500101148,32,7,25,2024-12-19 19:46:14
500101250,32,7,25,2024-12-19 20:42:15
500107093,32,6,26,2024-12-19 18:56:15
500108161,32,5,26,2024-12-19 19:34:15
500106068,32,5,27,2024-12-19 17:21:15
500112069,32,5,27,2024-12-19 18:16:16
500101196,32,4,28,2024-12-19 18:29:16
500106077,32,3,28,2024-12-19 18:55:16
500108161,32,3,28,2024-12-19 19:58:15
500101148,32,2,30,2024-12-19 18:18:16
500106077,32,1,30,2024-12-19 17:25:16
500101148,32,1,31,2024-12-19 20:58:15
500101148,32,1,31,2024-12-19 21:20:16
500101250,32,1,31,2024-12-19 18:04:16
500101148,32,0,32,2024-12-19 21:07:17
500104112,32,27,5,2024-12-19 15:37:16
500104112,32,27,5,2024-12-19 16:26:15
500106069,32,22,10,2024-12-19 15:54:15
500106069,32,22,10,2024-12-19 15:32:15
500112069,32,21,11,2024-12-19 15:08:15
500112069,32,18,14,2024-12-19 16:13:15
500103050,32,16,15,2024-12-19 13:32:15
500106077,32,15,16,2024-12-19 15:46:16
500101196,32,13,19,2024-12-19 13:24:15
500101196,32,13,19,2024-12-19 15:03:15
500101196,32,12,20,2024-12-19 16:55:17
500101196,32,11,21,2024-12-19 15:44:14
500101196,32,11,21,2024-12-19 17:06:16
500106058,32,10,22,2024-12-19 15:44:15
500112069,32,9,23,2024-12-19 17:06:16
500107093,32,8,24,2024-12-19 14:17:15
500105012,32,6,25,2024-12-19 17:08:16
500112068,32,6,26,2024-12-19 16:35:15
500105012,32,4,27,2024-12-19 15:44:14
500101148,32,4,28,2024-12-19 15:47:15
500106068,32,3,29,2024-12-19 15:36:15
500113046,32,2,29,2024-12-19 16:37:15
500113046,32,1,30,2024-12-19 16:52:15
500101148,32,0,32,2024-12-19 15:03:15
500101148,32,0,32,2024-12-19 14:18:15
500101250,32,0,32,2024-12-19 17:11:17
500101148,32,5,27,2024-12-19 21:46:14
500106077,32,10,21,2024-12-19 21:49:14
500104112,32,10,22,2024-12-19 21:49:14
500106069,32,23,9,2024-12-19 21:49:15
500106077,32,27,5,2024-12-19 08:44:16
500106068,32,25,6,2024-12-19 06:28:14
500110045,32,25,7,2024-12-19 07:27:15
500101148,32,23,9,2024-12-19 06:56:14
500110045,32,23,9,2024-12-19 05:45:15
500103050,32,16,10,2024-12-19 07:26:15
500107020,32,20,12,2024-12-19 05:52:14
500108161,32,17,14,2024-12-19 08:50:16
500104023,32,17,15,2024-12-19 06:35:15
500104112,32,15,17,2024-12-19 08:37:15
500108046,32,15,17,2024-12-19 07:54:15
500113046,32,14,17,2024-12-19 07:27:15
500104112,32,14,18,2024-12-19 07:51:15
500107020,32,14,18,2024-12-19 07:34:15
500106069,32,11,21,2024-12-19 06:17:14
500106058,32,9,23,2024-12-19 08:03:15
500113046,32,8,23,2024-12-19 08:10:17
500107034,32,8,24,2024-12-19 05:37:15
500104112,32,7,25,2024-12-19 06:55:16
500104112,32,6,26,2024-12-19 06:45:16
500107034,32,6,26,2024-12-19 08:36:15
500108161,32,5,26,2024-12-19 06:40:16
500101196,32,5,27,2024-12-19 08:33:16
500106068,32,4,27,2024-12-19 08:17:15
500106068,32,4,27,2024-12-19 08:23:15
500113046,32,4,27,2024-12-19 08:47:15
500101196,32,4,28,2024-12-19 08:45:16
500105012,32,2,29,2024-12-19 08:56:16
500106069,32,2,30,2024-12-19 05:30:15
500107034,32,2,30,2024-12-19 08:24:15
500104023,32,1,31,2024-12-19 08:06:16
500106069,32,1,31,2024-12-19 05:41:14
500101148,32,19,13,2024-12-19 00:30:16
500108161,32,2,29,2024-12-19 20:11:16
500107020,32,16,16,2024-12-19 23:39:14
500107034,32,7,25,2024-12-19 01:15:15
500101196,32,8,24,2024-12-19 01:02:15
500112069,32,8,24,2024-12-19 00:56:14
500106068,32,28,4,2024-12-19 00:29:15
500106058,32,8,24,2024-12-19 23:04:15
500106077,32,15,15,2024-12-19 23:14:15
500106069,32,23,8,2024-12-19 23:18:15
500106058,32,7,25,2024-12-19 22:31:16
500113046,32,8,23,2024-12-19 22:37:15
500105012,32,18,13,2024-12-19 21:48:16
500106069,32,24,7,2024-12-19 22:25:16
500106077,32,19,13,2024-12-19 03:04:14
500110045,32,25,7,2024-12-19 02:47:15
500106077,32,9,22,2024-12-19 22:06:15
500106069,32,22,9,2024-12-19 23:49:15
500106077,32,18,14,2024-12-19 01:06:15
500101196,32,5,27,2024-12-19 01:44:14
500112069,32,10,22,2024-12-19 01:25:15
500113046,32,9,22,2024-12-19 02:15:15
500106077,32,12,19,2024-12-19 22:25:16
500107034,32,14,18,2024-12-19 22:56:14
500106077,32,19,12,2024-12-19 22:59:14
500106077,32,31,1,2024-12-19 10:56:15
500106077,32,29,3,2024-12-19 09:35:16
500106077,32,28,4,2024-12-19 10:38:15
500106077,32,28,4,2024-12-19 11:16:15
500112069,32,27,5,2024-12-19 09:30:16
500112069,32,25,7,2024-12-19 11:48:15
500104023,32,22,10,2024-12-19 12:54:15
500108161,32,21,10,2024-12-19 09:38:14
500101148,32,19,13,2024-12-19 09:35:16
500103050,32,18,13,2024-12-19 11:56:16
500104023,32,18,14,2024-12-19 10:08:15
500106058,32,18,14,2024-12-19 11:15:15
500101148,32,17,15,2024-12-19 09:25:16
500104023,32,17,15,2024-12-19 12:06:16
500112068,32,14,18,2024-12-19 09:07:15
500107020,32,12,20,2024-12-19 09:23:15
500107093,32,12,20,2024-12-19 11:35:17
500101148,32,11,21,2024-12-19 10:17:16
500107093,32,10,22,2024-12-19 12:40:17
500101196,32,9,23,2024-12-19 11:37:15
500107093,32,9,23,2024-12-19 11:46:15
500107020,32,8,24,2024-12-19 12:28:15
500107020,32,8,24,2024-12-19 11:38:15
500107020,32,8,24,2024-12-19 09:57:15
500108046,32,8,24,2024-12-19 10:01:16
500107020,32,7,25,2024-12-19 10:22:16
500106069,32,6,26,2024-12-19 10:45:16
500107093,32,6,26,2024-12-19 11:56:16
500101196,32,5,27,2024-12-19 09:07:15
500106069,32,5,27,2024-12-19 10:37:15
500113046,32,3,28,2024-12-19 09:37:15
500112068,32,3,29,2024-12-19 12:25:15
500113046,32,2,29,2024-12-19 11:48:15
500107093,32,2,30,2024-12-19 09:57:15
500107093,32,2,30,2024-12-19 10:06:15
500107093,32,2,30,2024-12-19 10:36:14
500106069,32,25,7,2024-12-19 19:38:15
500103050,32,21,9,2024-12-19 19:49:15
500104023,32,23,9,2024-12-19 21:08:15
500112068,32,22,9,2024-12-19 18:07:16
500106069,32,21,11,2024-12-19 17:28:15
500104023,32,20,12,2024-12-19 20:25:15
500107020,32,18,14,2024-12-19 20:57:15
500107034,32,18,14,2024-12-19 17:27:16
500107034,32,18,14,2024-12-19 17:58:16
500105012,32,16,15,2024-12-19 20:56:15
500107020,32,17,15,2024-12-19 19:28:15
500107034,32,17,15,2024-12-19 17:48:15
500103050,32,14,16,2024-12-19 19:59:16
500107093,32,16,16,2024-12-19 20:45:16
500107093,32,15,17,2024-12-19 20:59:15
500108046,32,15,17,2024-12-19 19:11:15
500101196,32,13,19,2024-12-19 20:57:16
500106077,32,12,19,2024-12-19 20:59:15
500106058,32,12,20,2024-12-19 18:00:18
500113046,32,11,20,2024-12-19 17:46:15
500104112,32,11,21,2024-12-19 19:51:15
500106058,32,11,21,2024-12-19 18:40:17
500112068,32,10,21,2024-12-19 17:28:15
500103050,32,7,23,2024-12-19 21:05:16
500101196,32,8,24,2024-12-19 17:27:16
500113046,32,7,24,2024-12-19 18:14:15
500113046,32,6,25,2024-12-19 20:58:15
500101148,32,6,26,2024-12-19 19:07:15
500107093,32,6,26,2024-12-19 17:46:15
500107093,32,6,26,2024-12-19 19:38:15
500113046,32,5,26,2024-12-19 20:10:17
500112069,32,5,27,2024-12-19 20:13:15
500112069,32,4,28,2024-12-19 20:09:15
500101148,32,2,30,2024-12-19 19:57:15
500101148,32,2,30,2024-12-19 18:57:15
500104112,32,27,5,2024-12-19 14:32:15
500104112,32,26,6,2024-12-19 14:04:15
500104112,32,22,10,2024-12-19 17:06:16
500106069,32,22,10,2024-12-19 16:25:16
500103050,32,19,12,2024-12-19 15:48:15
500110045,32,20,12,2024-12-19 16:45:17
500106077,32,18,13,2024-12-19 15:24:15
500106058,32,14,18,2024-12-19 14:13:15
500106077,32,11,20,2024-12-19 16:16:15
500107034,32,12,20,2024-12-19 16:38:15
500106058,32,11,21,2024-12-19 14:47:15
500106077,32,10,21,2024-12-19 16:45:17
500107034,32,10,22,2024-12-19 15:04:15
500106058,32,9,23,2024-12-19 16:47:15
500107034,32,9,23,2024-12-19 14:07:16
500107093,32,9,23,2024-12-19 15:06:15
500107020,32,8,24,2024-12-19 13:45:16
500107020,32,8,24,2024-12-19 17:01:16
500107093,32,8,24,2024-12-19 13:58:16
500106068,32,4,28,2024-12-19 14:39:16
500105012,32,2,29,2024-12-19 15:04:15
500101148,32,2,30,2024-12-19 15:17:16
500101250,32,1,31,2024-12-19 17:08:16
500107020,32,20,12,2024-12-19 21:42:15
500101148,32,29,3,2024-12-19 08:03:15
500110045,32,26,6,2024-12-19 07:07:15
500106068,32,24,7,2024-12-19 06:52:15
500110045,32,25,7,2024-12-19 06:42:14
500110045,32,25,7,2024-12-19 07:45:16
500101148,32,22,10,2024-12-19 08:17:15
500103050,32,13,13,2024-12-19 07:59:15
500103050,32,11,15,2024-12-19 08:16:15
500112068,32,17,15,2024-12-19 07:37:15
500107020,32,16,16,2024-12-19 07:15:17
500107020,32,15,17,2024-12-19 07:21:15
500107093,32,15,17,2024-12-19 07:36:14
500106068,32,13,18,2024-12-19 07:41:15
500101148,32,12,20,2024-12-19 06:27:15
500101196,32,10,22,2024-12-19 05:36:15
500101196,32,10,22,2024-12-19 07:36:15
500112069,32,10,22,2024-12-19 06:13:14
500105012,32,8,23,2024-12-19 07:59:15
500112069,32,8,24,2024-12-19 06:45:16
500101250,32,7,25,2024-12-19 07:51:15
500106058,32,7,25,2024-12-19 07:37:15
500107034,32,7,25,2024-12-19 05:47:15
500108161,32,6,25,2024-12-19 06:52:15
500112069,32,7,25,2024-12-19 08:02:15
500107020,32,6,26,2024-12-19 07:54:15
500101250,32,4,28,2024-12-19 05:47:15
500104112,32,4,28,2024-12-19 06:30:17
500105012,32,3,28,2024-12-19 08:39:15
500106058,32,3,29,2024-12-19 06:32:15
500106069,32,3,29,2024-12-19 06:01:14
500106069,32,1,31,2024-12-19 05:23:15
500107034,32,1,31,2024-12-19 07:36:14
500106058,32,5,27,2024-12-19 00:01:15
500106069,32,1,31,2024-12-19 00:18:14
500106077,32,17,15,2024-12-19 00:16:15
500106077,32,17,13,2024-12-19 23:38:15
500101196,32,11,21,2024-12-19 00:50:16
500113046,32,8,23,2024-12-19 00:47:15
500103050,32,15,13,2024-12-19 00:58:14
500110045,32,24,8,2024-12-19 00:26:15
500107020,32,22,10,2024-12-19 22:38:15
500106077,32,11,20,2024-12-19 21:35:16
500108046,32,25,7,2024-12-19 21:27:15
500104112,32,2,30,2024-12-19 01:27:16
500106058,32,2,30,2024-12-19 01:59:15
500112068,32,26,6,2024-12-19 03:55:16
500106068,32,27,5,2024-12-19 04:13:15
500101196,32,12,20,2024-12-19 22:02:16
500106068,32,22,8,2024-12-19 21:48:16
500107020,32,22,10,2024-12-19 21:55:17
500101196,32,7,25,2024-12-19 01:23:15
500105012,32,18,13,2024-12-19 23:39:14
500101196,32,7,25,2024-12-19 02:45:16
500106077,32,19,13,2024-12-19 02:03:15
500113046,32,7,24,2024-12-19 22:45:16
500103050,32,18,12,2024-12-19 22:46:15
500101196,32,9,23,2024-12-19 04:30:15
500103050,32,12,14,2024-12-19 04:29:15
500112068,32,24,7,2024-12-19 22:50:16
500103050,32,14,16,2024-12-19 22:24:15
500106077,32,16,14,2024-12-19 23:26:15
500112069,32,29,3,2024-12-19 10:15:16
500112069,32,29,3,2024-12-19 10:55:17
500106077,32,28,4,2024-12-19 09:09:15
500106077,32,24,7,2024-12-19 12:58:15
500104112,32,24,8,2024-12-19 12:10:16
500104112,32,24,8,2024-12-19 09:52:15
500106077,32,23,9,2024-12-19 10:07:16
500104112,32,22,10,2024-12-19 10:38:15
500107034,32,21,11,2024-12-19 10:36:14
500110045,32,21,11,2024-12-19 11:16:14
500103050,32,18,13,2024-12-19 12:37:15
500104023,32,19,13,2024-12-19 10:03:15
500101148,32,18,14,2024-12-19 09:06:15
500106058,32,18,14,2024-12-19 11:21:15
500106077,32,17,14,2024-12-19 12:28:15
500104023,32,17,15,2024-12-19 11:52:15
500104023,32,16,16,2024-12-19 11:16:15
500112068,32,14,18,2024-12-19 09:26:15
500106058,32,13,19,2024-12-19 12:06:16
500106069,32,13,19,2024-12-19 12:54:15
500101148,32,12,20,2024-12-19 10:07:16
500106069,32,12,20,2024-12-19 12:39:15
500106058,32,11,21,2024-12-19 12:19:16
500107034,32,10,22,2024-12-19 11:55:18
500107034,32,10,22,2024-12-19 12:08:15
500107034,32,10,22,2024-12-19 11:28:16
500107093,32,7,25,2024-12-19 13:04:16
500101148,32,6,26,2024-12-19 11:38:15
500101250,32,6,26,2024-12-19 10:11:15
500107020,32,6,26,2024-12-19 11:58:16
500101196,32,4,28,2024-12-19 09:27:15
500105012,32,3,28,2024-12-19 09:03:14
500106069,32,3,29,2024-12-19 09:47:15
500113046,32,2,29,2024-12-19 12:17:15
500113046,32,2,29,2024-12-19 09:17:16
500101250,32,2,30,2024-12-19 11:35:17
500106068,32,1,30,2024-12-19 09:53:15
500103050,32,26,4,2024-12-19 19:19:15
500106068,32,24,8,2024-12-19 19:34:15
500112068,32,23,8,2024-12-19 21:19:16
500106069,32,23,9,2024-12-19 20:53:15
500106068,32,22,10,2024-12-19 18:50:16
500110045,32,21,11,2024-12-19 17:25:16
500112068,32,20,11,2024-12-19 18:46:15
500107034,32,20,12,2024-12-19 18:06:15
500106058,32,19,13,2024-12-19 20:13:15
500106069,32,19,13,2024-12-19 18:18:16
500106069,32,18,14,2024-12-19 17:58:16
500107020,32,18,14,2024-12-19 19:55:16
500107034,32,18,14,2024-12-19 19:19:15
500107034,32,16,16,2024-12-19 20:51:16
500107034,32,16,16,2024-12-19 18:38:16
500108046,32,16,16,2024-12-19 18:40:17
500104112,32,15,17,2024-12-19 17:37:16
500107093,32,15,17,2024-12-19 21:17:15
500101196,32,14,18,2024-12-19 20:13:15
500105012,32,13,18,2024-12-19 20:18:15
500108046,32,14,18,2024-12-19 17:35:16
500104112,32,13,19,2024-12-19 18:38:16
500104112,32,12,20,2024-12-19 19:44:14
500106058,32,12,20,2024-12-19 18:14:15
500106058,32,12,20,2024-12-19 18:37:15
500106077,32,11,20,2024-12-19 20:48:15
500103050,32,8,22,2024-12-19 20:48:15
500106077,32,9,22,2024-12-19 20:05:15
500101196,32,9,23,2024-12-19 18:58:16
500104112,32,9,23,2024-12-19 21:00:16
500113046,32,8,23,2024-12-19 20:38:15
500113046,32,8,23,2024-12-19 18:35:16
500106077,32,6,25,2024-12-19 18:47:16
500108161,32,6,25,2024-12-19 18:41:15
500107093,32,6,26,2024-12-19 17:52:15
500113046,32,4,27,2024-12-19 18:56:15
500107093,32,3,29,2024-12-19 18:47:16
500101148,32,1,31,2024-12-19 17:58:16
500106077,32,25,6,2024-12-19 13:34:16
500106077,32,24,7,2024-12-19 13:25:15
500103050,32,22,9,2024-12-19 16:46:15
500104112,32,23,9,2024-12-19 16:54:15
500106069,32,23,9,2024-12-19 14:57:15
500103050,32,21,10,2024-12-19 17:05:17
500103050,32,21,10,2024-12-19 15:38:15
500106069,32,22,10,2024-12-19 17:07:15
500106069,32,22,10,2024-12-19 15:00:17
500106077,32,21,10,2024-12-19 14:42:15
500110045,32,21,11,2024-12-19 15:34:15
500103050,32,19,12,2024-12-19 15:10:15
500106077,32,19,12,2024-12-19 15:07:15
500106077,32,19,12,2024-12-19 15:14:15
500110045,32,20,12,2024-12-19 14:25:16
500112069,32,20,12,2024-12-19 15:42:15
500106069,32,19,13,2024-12-19 13:45:15
500107034,32,16,16,2024-12-19 17:13:15
500112069,32,15,17,2024-12-19 16:47:15
500113046,32,12,19,2024-12-19 17:16:16
500107034,32,11,21,2024-12-19 16:47:15
500112068,32,11,21,2024-12-19 15:15:16
500107034,32,10,22,2024-12-19 14:19:15
500101196,32,9,23,2024-12-19 17:15:17
500107093,32,7,25,2024-12-19 16:26:15
500107093,32,7,25,2024-12-19 15:35:16
500112068,32,7,25,2024-12-19 15:46:16
500107020,32,6,26,2024-12-19 15:56:15
500107093,32,6,26,2024-12-19 13:17:15
500112068,32,4,28,2024-12-19 13:26:16
500101250,32,3,29,2024-12-19 14:06:15
500106068,32,3,29,2024-12-19 15:54:14
500113046,32,2,29,2024-12-19 14:26:15
500101250,32,2,30,2024-12-19 13:33:15
500112068,32,24,7,2024-12-19 21:49:15
500108046,32,22,10,2024-12-19 07:26:15
500101148,32,17,15,2024-12-19 04:57:14
500103050,32,11,15,2024-12-19 07:15:17
500112068,32,17,15,2024-12-19 08:37:15
500106077,32,14,18,2024-12-19 08:01:15
500108046,32,13,19,2024-12-19 08:14:16
500101196,32,11,21,2024-12-19 07:57:16
500101196,32,11,21,2024-12-19 08:03:15
500101196,32,10,22,2024-12-19 06:50:16
500112068,32,10,22,2024-12-19 08:02:15
500113046,32,9,22,2024-12-19 05:49:15
500101196,32,9,23,2024-12-19 07:41:15
500107034,32,9,23,2024-12-19 08:47:15
500101196,32,8,24,2024-12-19 08:17:15
500107034,32,8,24,2024-12-19 06:27:15
500108161,32,7,24,2024-12-19 07:33:14
500105012,32,4,26,2024-12-19 07:36:15
500107034,32,3,29,2024-12-19 08:16:15
500104023,32,2,30,2024-12-19 07:27:15
500107020,32,2,30,2024-12-19 08:09:15
500107020,32,2,30,2024-12-19 08:22:15
500107093,32,1,31,2024-12-19 08:56:16
500103050,32,18,10,2024-12-19 00:16:15
500112068,32,27,5,2024-12-19 00:09:14
500101148,32,17,15,2024-12-19 00:07:15
500101196,32,12,20,2024-12-19 00:02:15
500103050,32,17,11,2024-12-19 00:26:15
500113046,32,6,25,2024-12-19 23:36:15
500101148,32,6,26,2024-12-19 22:13:15
500107034,32,12,20,2024-12-19 22:35:16
500105012,32,17,14,2024-12-19 21:28:15
500101196,32,7,25,2024-12-19 02:58:15
500106058,32,1,31,2024-12-19 04:05:15
500104112,32,4,28,2024-12-19 22:08:15
500107034,32,11,21,2024-12-19 21:58:14
500101196,32,14,18,2024-12-19 21:49:14
500107093,32,20,12,2024-12-19 21:57:15
500106077,32,20,12,2024-12-19 01:46:14
500112068,32,30,2,2024-12-19 02:18:14
500113046,32,6,25,2024-12-19 22:12:15
500103050,32,11,19,2024-12-19 22:15:16
500101148,32,16,16,2024-12-19 04:41:15
500107034,32,13,19,2024-12-19 22:23:15
500107020,32,21,11,2024-12-19 22:53:15
500112068,32,30,2,2024-12-19 03:30:16
500106077,32,31,1,2024-12-19 10:46:15
500104112,32,27,5,2024-12-19 12:41:15
500112069,32,27,5,2024-12-19 09:24:15
500104112,32,25,7,2024-12-19 11:53:16
500106058,32,23,9,2024-12-19 09:07:15
500108161,32,22,9,2024-12-19 10:36:14
500103050,32,16,13,2024-12-19 11:25:15
500108161,32,18,13,2024-12-19 09:01:15
500108161,32,18,13,2024-12-19 12:07:16
500103050,32,15,14,2024-12-19 11:31:14
500106058,32,18,14,2024-12-19 11:08:15
500108161,32,16,15,2024-12-19 12:33:15
500106058,32,14,18,2024-12-19 12:35:16
500107034,32,13,19,2024-12-19 11:38:14
500104112,32,12,20,2024-12-19 09:09:15
500112068,32,11,21,2024-12-19 10:03:15
500107020,32,10,22,2024-12-19 09:34:15
500108046,32,10,22,2024-12-19 09:47:15
500101196,32,9,23,2024-12-19 09:45:15
500107020,32,8,24,2024-12-19 11:28:16
500106069,32,7,25,2024-12-19 11:58:16
500107020,32,6,26,2024-12-19 10:38:15
500112068,32,6,26,2024-12-19 11:08:15
500106069,32,4,28,2024-12-19 09:05:16
500106069,32,4,28,2024-12-19 12:07:16
500106069,32,3,29,2024-12-19 10:05:15
500112068,32,3,29,2024-12-19 12:30:16
500113046,32,2,29,2024-12-19 12:53:14
500113046,32,2,29,2024-12-19 10:50:15
500101148,32,2,30,2024-12-19 13:06:15
500106068,32,1,30,2024-12-19 09:34:15
500107093,32,2,30,2024-12-19 11:17:15
500113046,32,1,30,2024-12-19 09:57:15
500113046,32,0,31,2024-12-19 10:12:16
500104023,32,31,1,2024-12-19 17:57:16
500103050,32,29,2,2024-12-19 18:06:15
500104023,32,22,10,2024-12-19 19:49:15
500104023,32,21,11,2024-12-19 18:42:16
500104023,32,19,13,2024-12-19 18:26:16
500106069,32,17,15,2024-12-19 18:08:16
500107034,32,16,16,2024-12-19 19:38:15
500108161,32,15,16,2024-12-19 17:05:17
500101196,32,14,18,2024-12-19 20:24:15
500104112,32,14,18,2024-12-19 17:43:16
500107034,32,14,18,2024-12-19 21:04:15
500107093,32,14,18,2024-12-19 21:03:15
500101196,32,13,19,2024-12-19 19:35:16
500106058,32,13,19,2024-12-19 17:47:16
500112068,32,12,19,2024-12-19 17:48:15
500113046,32,12,19,2024-12-19 17:24:16
500101196,32,12,20,2024-12-19 21:00:16
500106058,32,12,20,2024-12-19 17:27:16
500107020,32,12,20,2024-12-19 18:08:16
500106058,32,11,21,2024-12-19 18:24:16
500107020,32,11,21,2024-12-19 17:59:15
500113046,32,9,22,2024-12-19 18:07:16
500105012,32,8,23,2024-12-19 18:08:16
500106077,32,8,23,2024-12-19 20:38:15
500107093,32,9,23,2024-12-19 17:38:16
500112069,32,9,23,2024-12-19 20:39:16
500113046,32,8,23,2024-12-19 20:28:15
500101250,32,8,24,2024-12-19 20:56:15
500106077,32,7,24,2024-12-19 20:29:15
500107093,32,8,24,2024-12-19 20:09:15
500101196,32,5,27,2024-12-19 18:18:16
500106077,32,4,27,2024-12-19 19:06:16
500112069,32,5,27,2024-12-19 18:58:16
500113046,32,4,27,2024-12-19 20:09:15
500112069,32,4,28,2024-12-19 19:06:16
500112069,32,4,28,2024-12-19 19:15:16
500113046,32,3,28,2024-12-19 19:06:16
500113046,32,3,28,2024-12-19 19:45:16
500107093,32,3,29,2024-12-19 18:18:16
500112069,32,2,30,2024-12-19 19:58:15
500107093,32,1,31,2024-12-19 18:26:16
500104023,32,31,1,2024-12-19 16:46:15
500104023,32,24,8,2024-12-19 13:33:15
500103050,32,21,10,2024-12-19 16:56:15
500103050,32,18,13,2024-12-19 16:37:15
500101196,32,14,18,2024-12-19 16:38:15
500108046,32,14,18,2024-12-19 17:08:16
500106058,32,12,20,2024-12-19 15:55:16
500106077,32,11,20,2024-12-19 16:51:15
500112068,32,12,20,2024-12-19 15:08:14
500105012,32,8,23,2024-12-19 17:18:16
500107093,32,9,23,2024-12-19 16:57:16
500106058,32,8,24,2024-12-19 16:37:15
500107093,32,8,24,2024-12-19 13:47:15
500112068,32,6,26,2024-12-19 15:49:15
500105012,32,4,27,2024-12-19 16:07:15
500112068,32,5,27,2024-12-19 14:47:15
500101148,32,2,30,2024-12-19 17:08:16
500101250,32,2,30,2024-12-19 16:52:15
500101250,32,1,31,2024-12-19 16:35:15
500101148,32,28,4,2024-12-19 07:11:15
500104112,32,28,4,2024-12-19 07:35:16
500110045,32,25,7,2024-12-19 08:22:15
500110045,32,24,8,2024-12-19 08:33:16
500110045,32,24,8,2024-12-19 07:57:15
500107093,32,23,9,2024-12-19 06:50:16
500104112,32,22,10,2024-12-19 07:46:15
500108046,32,22,10,2024-12-19 06:31:15
500104023,32,20,12,2024-12-19 06:26:15
500107020,32,20,12,2024-12-19 05:05:16
500107020,32,19,13,2024-12-19 05:46:15
500101148,32,16,16,2024-12-19 05:00:16
500105012,32,14,16,2024-12-19 06:09:15
500108161,32,15,16,2024-12-19 08:37:15
500113046,32,15,16,2024-12-19 07:42:15
500112068,32,15,17,2024-12-19 08:57:14
500101148,32,14,18,2024-12-19 08:36:15
500106069,32,14,18,2024-12-19 07:15:17
500106058,32,11,21,2024-12-19 07:56:15
500112069,32,11,21,2024-12-19 05:06:15
500113046,32,10,21,2024-12-19 08:03:15
500106069,32,6,26,2024-12-19 08:56:15
500107034,32,5,27,2024-12-19 06:53:15
500108161,32,4,27,2024-12-19 06:16:15
500106068,32,3,28,2024-12-19 08:35:16
500107034,32,2,30,2024-12-19 07:15:17
500106058,32,6,26,2024-12-19 00:09:14
500101250,32,3,29,2024-12-19 00:08:15
500107020,32,19,13,2024-12-19 00:45:15
500106077,32,15,16,2024-12-19 22:39:15
500104023,32,20,12,2024-12-19 22:18:15
500113046,32,8,23,2024-12-19 02:46:14
500103050,32,13,15,2024-12-19 02:04:15
500107034,32,7,25,2024-12-19 03:08:15
500112069,32,10,22,2024-12-19 04:09:15
500106058,32,7,25,2024-12-19 21:58:15
500112069,32,9,23,2024-12-19 01:19:15
500104112,32,6,26,2024-12-19 21:57:15
500112069,32,10,22,2024-12-19 21:47:15
500113046,32,9,22,2024-12-19 03:43:14
500112068,32,29,3,2024-12-19 03:08:15
500101148,32,18,14,2024-12-19 04:37:14
500110045,32,24,8,2024-12-19 04:37:14
500107093,32,17,15,2024-12-19 23:08:15
500112068,32,21,10,2024-12-19 22:12:15
500107020,32,21,11,2024-12-19 22:25:16
500112069,32,31,1,2024-12-19 09:56:15
500112069,32,29,3,2024-12-19 10:07:16
500104112,32,26,6,2024-12-19 11:48:15
500106077,32,26,6,2024-12-19 10:13:15
500112069,32,26,6,2024-12-19 11:24:15
500110045,32,25,7,2024-12-19 09:01:15
500110045,32,23,9,2024-12-19 11:07:16
500112069,32,23,9,2024-12-19 12:59:15
500106077,32,21,10,2024-12-19 12:38:15
500110045,32,21,11,2024-12-19 12:00:18
500104112,32,19,13,2024-12-19 09:35:16
500103050,32,17,14,2024-12-19 11:47:16
500104023,32,18,14,2024-12-19 09:53:15
500107034,32,18,14,2024-12-19 10:16:15
500103050,32,13,16,2024-12-19 11:17:15
500104023,32,16,16,2024-12-19 10:27:16
500106058,32,14,18,2024-12-19 10:07:16
500107034,32,13,19,2024-12-19 11:18:15
500101196,32,12,20,2024-12-19 12:54:15
500106069,32,11,21,2024-12-19 12:17:16
500108046,32,11,21,2024-12-19 09:05:16
500101196,32,10,22,2024-12-19 11:43:15
500107020,32,10,22,2024-12-19 09:46:16
500112068,32,8,24,2024-12-19 11:19:15
500108046,32,7,25,2024-12-19 11:00:18
500112068,32,6,26,2024-12-19 11:37:15
500105012,32,4,27,2024-12-19 09:17:16
500101250,32,3,29,2024-12-19 11:26:15
500107093,32,3,29,2024-12-19 09:09:15
500107093,32,3,29,2024-12-19 10:27:16
500105012,32,1,30,2024-12-19 10:27:16
500106068,32,1,30,2024-12-19 11:52:15
500101250,32,0,32,2024-12-19 12:05:16
500103050,32,27,4,2024-12-19 19:07:15
500106068,32,26,6,2024-12-19 19:54:15
500112068,32,23,8,2024-12-19 18:36:16
500104023,32,23,9,2024-12-19 19:58:15
500104023,32,23,9,2024-12-19 20:51:15
500110045,32,23,9,2024-12-19 20:38:15
500112068,32,22,9,2024-12-19 20:04:16
500104023,32,22,10,2024-12-19 19:33:15
500104023,32,22,10,2024-12-19 20:46:16
500106068,32,22,10,2024-12-19 19:07:15
500106069,32,22,10,2024-12-19 19:57:15
500104023,32,21,11,2024-12-19 18:37:15
500110045,32,21,11,2024-12-19 17:57:15
500104023,32,19,13,2024-12-19 19:07:15
500107020,32,19,13,2024-12-19 20:06:15
500106069,32,18,14,2024-12-19 17:47:16
500107020,32,18,14,2024-12-19 18:56:15
500107020,32,18,14,2024-12-19 18:38:15
500108046,32,17,15,2024-12-19 20:55:17
500105012,32,14,17,2024-12-19 20:41:14
500107020,32,15,17,2024-12-19 18:13:16
500108046,32,15,17,2024-12-19 17:22:16
500101196,32,12,20,2024-12-19 21:14:15
500104112,32,11,21,2024-12-19 21:15:15
500106077,32,9,22,2024-12-19 19:58:15
500106077,32,6,25,2024-12-19 19:19:15
500101196,32,5,27,2024-12-19 17:56:16
500107093,32,5,27,2024-12-19 19:16:15
500112069,32,5,27,2024-12-19 17:37:16
500101148,32,4,28,2024-12-19 20:04:16
500101196,32,4,28,2024-12-19 18:05:16
500101148,32,3,29,2024-12-19 20:38:15
500101148,32,3,29,2024-12-19 18:48:15
500107093,32,3,29,2024-12-19 18:08:16
500112069,32,2,30,2024-12-19 19:28:14
500101148,32,0,32,2024-12-19 18:08:16
500106077,32,24,7,2024-12-19 14:01:15
500106077,32,23,8,2024-12-19 13:14:15
500106077,32,23,8,2024-12-19 13:43:15
500103050,32,20,11,2024-12-19 15:51:14
500110045,32,21,11,2024-12-19 17:01:16
500112069,32,17,15,2024-12-19 16:27:16
500106077,32,13,18,2024-12-19 15:59:15
500107034,32,13,19,2024-12-19 16:57:15
500101196,32,12,20,2024-12-19 13:09:15
500106058,32,12,20,2024-12-19 14:54:15
500107093,32,10,22,2024-12-19 14:58:15
500107020,32,7,25,2024-12-19 13:31:15
500107093,32,7,25,2024-12-19 13:26:16
500101148,32,6,26,2024-12-19 16:00:17
500106068,32,4,28,2024-12-19 17:17:16
500113046,32,3,28,2024-12-19 14:18:15
500101250,32,2,30,2024-12-19 16:15:16
500106068,32,2,30,2024-12-19 15:48:15
500101196,32,8,24,2024-12-19 02:54:15
500104023,32,16,16,2024-12-19 21:49:15
500112069,32,32,0,2024-12-19 08:54:18
500112069,32,31,1,2024-12-19 08:47:15
500107093,32,25,7,2024-12-19 05:46:14
500110045,32,23,9,2024-12-19 08:43:15
500106069,32,21,11,2024-12-19 07:56:15
500108046,32,21,11,2024-12-19 05:55:15
500103050,32,12,14,2024-12-19 05:50:15
500108046,32,18,14,2024-12-19 07:37:15
500112069,32,18,14,2024-12-19 08:27:16
500106077,32,16,16,2024-12-19 06:45:16
500106077,32,16,16,2024-12-19 07:38:15
500101148,32,14,18,2024-12-19 06:17:14
500104112,32,14,18,2024-12-19 08:16:15
500106077,32,14,18,2024-12-19 07:17:14
500112069,32,14,18,2024-12-19 08:13:15
500108046,32,12,20,2024-12-19 08:38:15
500105012,32,9,22,2024-12-19 07:51:15
500113046,32,9,22,2024-12-19 06:25:15
500106068,32,8,23,2024-12-19 08:02:15
500106069,32,9,23,2024-12-19 08:45:16
500112068,32,9,23,2024-12-19 07:57:16
500112069,32,9,23,2024-12-19 06:55:16
500113046,32,8,23,2024-12-19 06:41:15
500101250,32,7,25,2024-12-19 07:42:15
500101250,32,4,28,2024-12-19 08:37:15
500101250,32,4,28,2024-12-19 06:46:15
500101250,32,2,30,2024-12-19 08:40:17
500104023,32,2,30,2024-12-19 07:54:15
500107093,32,2,30,2024-12-19 07:56:15
500106058,32,1,31,2024-12-19 06:56:14
500107034,32,1,31,2024-12-19 07:57:16
500103050,32,16,12,2024-12-19 00:44:15
500106077,32,18,14,2024-12-19 00:56:14
500106077,32,16,16,2024-12-19 00:35:16
500112068,32,26,6,2024-12-19 00:01:14
500104112,32,0,32,2024-12-19 22:36:16
500107020,32,20,12,2024-12-19 23:09:15
500101148,32,2,30,2024-12-19 21:38:14
500103050,32,9,21,2024-12-19 21:15:16
500112069,32,9,23,2024-12-19 21:33:15
500101196,32,14,18,2024-12-19 21:39:15
500104023,32,15,17,2024-12-19 21:36:15
500107034,32,15,17,2024-12-19 21:26:16
500107093,32,19,13,2024-12-19 21:37:15
500110045,32,24,8,2024-12-19 21:07:16
500106069,32,3,29,2024-12-19 02:15:15
500103050,32,10,20,2024-12-19 22:08:14
500104023,32,17,15,2024-12-19 21:57:15
500112068,32,20,11,2024-12-19 22:06:15
500101148,32,7,25,2024-12-19 21:51:15
500106058,32,6,26,2024-12-19 23:43:14
500112068,32,28,4,2024-12-19 01:39:15
500106077,32,19,13,2024-12-19 02:47:15
500107034,32,7,25,2024-12-19 01:53:15
500101196,32,7,25,2024-12-19 02:03:15
500106058,32,9,23,2024-12-19 22:44:15
500112069,32,12,20,2024-12-19 22:46:15
500107093,32,16,16,2024-12-19 22:49:14
500104023,32,27,5,2024-12-19 04:40:15
500107093,32,21,11,2024-12-19 04:07:15
500104112,32,1,31,2024-12-19 22:22:15
500106058,32,6,26,2024-12-19 22:24:14
500106058,32,7,25,2024-12-19 23:27:15
500112069,32,30,2,2024-12-19 09:07:15
500112069,32,30,2,2024-12-19 09:45:15
500112069,32,29,3,2024-12-19 10:32:15
500112069,32,28,4,2024-12-19 10:21:15
500112069,32,26,6,2024-12-19 12:10:16
500112069,32,24,8,2024-12-19 12:29:15
500106077,32,22,10,2024-12-19 11:33:15
500106077,32,21,11,2024-12-19 09:57:15
500104023,32,19,13,2024-12-19 09:47:15
500108161,32,18,13,2024-12-19 09:20:16
500103050,32,15,14,2024-12-19 09:29:15
500104023,32,16,16,2024-12-19 10:36:14
500107034,32,16,16,2024-12-19 09:36:15
500107034,32,16,16,2024-12-19 10:04:15
500104023,32,15,17,2024-12-19 10:56:15
500106058,32,15,17,2024-12-19 09:57:15
500103050,32,11,18,2024-12-19 09:57:15
500106058,32,14,18,2024-12-19 10:38:15
500112068,32,12,20,2024-12-19 09:47:14
500101196,32,11,21,2024-12-19 11:51:16
500107020,32,8,24,2024-12-19 10:12:15
500112068,32,8,24,2024-12-19 10:23:15
500108046,32,7,25,2024-12-19 10:08:15
500101148,32,5,27,2024-12-19 11:18:16
500112068,32,4,28,2024-12-19 12:19:16
500101250,32,3,29,2024-12-19 09:00:18
500105012,32,1,30,2024-12-19 09:44:15
500113046,32,1,30,2024-12-19 10:04:16
500113046,32,1,30,2024-12-19 10:47:16
500106068,32,0,31,2024-12-19 10:02:15
500106069,32,1,31,2024-12-19 09:25:16
500101250,32,0,32,2024-12-19 11:46:14
500103050,32,28,3,2024-12-19 18:18:16
500103050,32,26,5,2024-12-19 17:33:16
500106068,32,27,5,2024-12-19 20:45:16
500110045,32,25,7,2024-12-19 19:25:15
500106068,32,24,8,2024-12-19 18:28:16
500112068,32,23,8,2024-12-19 19:14:16
500106068,32,23,9,2024-12-19 19:26:15
500106069,32,22,10,2024-12-19 20:06:15
500112068,32,21,10,2024-12-19 20:48:15
500106069,32,21,11,2024-12-19 19:06:16
500106069,32,21,11,2024-12-19 18:28:16
500110045,32,21,11,2024-12-19 18:28:16
500107020,32,18,14,2024-12-19 20:40:16
500107034,32,18,14,2024-12-19 20:09:15
500107034,32,18,14,2024-12-19 19:24:15
500108046,32,18,14,2024-12-19 21:17:15
500104112,32,17,15,2024-12-19 17:28:15
500106058,32,16,16,2024-12-19 20:28:15
500107034,32,16,16,2024-12-19 18:46:15
500108046,32,16,16,2024-12-19 17:43:16
500108161,32,14,17,2024-12-19 17:37:15
500104112,32,14,18,2024-12-19 18:58:16
500106058,32,14,18,2024-12-19 19:17:15
500107034,32,14,18,2024-12-19 20:39:15
500108161,32,13,18,2024-12-19 17:58:16
500106058,32,13,19,2024-12-19 20:46:16
500106058,32,12,20,2024-12-19 21:20:16
500107093,32,8,24,2024-12-19 19:55:16
500107093,32,8,24,2024-12-19 17:27:16
500101148,32,7,25,2024-12-19 19:19:15
500101148,32,5,27,2024-12-19 20:13:15
500113046,32,4,27,2024-12-19 19:10:16
500106077,32,3,28,2024-12-19 18:07:16
500106077,32,2,29,2024-12-19 17:38:16
500101148,32,2,30,2024-12-19 18:29:16
500101148,32,0,32,2024-12-19 17:47:16
500101148,32,0,32,2024-12-19 18:38:16
500104023,32,26,6,2024-12-19 14:45:15
500104112,32,26,6,2024-12-19 15:50:16
500112069,32,24,8,2024-12-19 13:54:15
500112069,32,24,8,2024-12-19 14:16:15
500103050,32,19,12,2024-12-19 14:14:15
500110045,32,20,12,2024-12-19 16:16:15
500103050,32,18,13,2024-12-19 14:50:16
500106077,32,17,14,2024-12-19 15:30:17
500108046,32,14,18,2024-12-19 13:49:15
500108046,32,13,19,2024-12-19 14:36:15
500107034,32,12,20,2024-12-19 15:56:15
500107093,32,8,24,2024-12-19 15:47:15
500101148,32,4,28,2024-12-19 16:34:16
500106068,32,3,29,2024-12-19 13:18:14
500101148,32,1,31,2024-12-19 15:38:15
500101148,32,0,32,2024-12-19 14:48:14
500101148,32,32,0,2024-12-19 07:37:15
500101148,32,30,2,2024-12-19 07:25:15
500101148,32,30,2,2024-12-19 07:57:16
500106077,32,29,3,2024-12-19 08:53:15
500110045,32,25,7,2024-12-19 08:17:14
500112068,32,25,7,2024-12-19 06:42:15
500112069,32,24,8,2024-12-19 08:37:15
500104023,32,23,9,2024-12-19 05:54:14
500106069,32,23,9,2024-12-19 08:01:15
500106068,32,18,13,2024-12-19 07:17:14
500106077,32,18,14,2024-12-19 06:32:15
500101148,32,17,15,2024-12-19 08:44:16
500104112,32,17,15,2024-12-19 08:27:16
500106077,32,17,15,2024-12-19 07:37:15
500104023,32,14,18,2024-12-19 08:46:14
500106058,32,14,18,2024-12-19 08:27:16
500106069,32,14,18,2024-12-19 06:21:15
500107093,32,14,18,2024-12-19 07:26:15
500112068,32,14,18,2024-12-19 08:46:15
500106077,32,13,19,2024-12-19 07:56:15
500103050,32,6,20,2024-12-19 08:45:16
500108046,32,12,20,2024-12-19 08:19:15
500105012,32,9,21,2024-12-19 07:16:15
500112069,32,10,22,2024-12-19 06:26:15
500108161,32,8,23,2024-12-19 07:39:15
500112069,32,9,23,2024-12-19 07:27:15
500112069,32,8,24,2024-12-19 07:45:16
500101250,32,6,26,2024-12-19 07:05:15
500101196,32,5,27,2024-12-19 08:27:16
500107020,32,4,28,2024-12-19 08:02:15
500107093,32,1,31,2024-12-19 08:17:15
500107020,32,19,13,2024-12-19 00:35:16
500113046,32,9,22,2024-12-19 00:37:15
500106068,32,23,7,2024-12-19 22:39:15
500110045,32,27,5,2024-12-19 23:57:15
500108046,32,25,7,2024-12-19 22:09:15
500112068,32,23,8,2024-12-19 22:33:15
500113046,32,8,23,2024-12-19 03:49:14
500103050,32,11,15,2024-12-19 03:36:15
500107020,32,20,12,2024-12-19 03:37:14
500108046,32,22,10,2024-12-19 03:31:14
500107093,32,25,7,2024-12-19 04:08:14
500101148,32,5,27,2024-12-19 22:01:15
500113046,32,7,24,2024-12-19 21:47:15
500112068,32,22,9,2024-12-19 21:57:15
500106069,32,23,8,2024-12-19 21:58:15
500107034,32,6,26,2024-12-19 00:42:15
500101196,32,8,24,2024-12-19 02:21:15
500106077,32,17,14,2024-12-19 22:47:15
500110045,32,25,7,2024-12-19 22:21:14
500101196,32,6,26,2024-12-19 01:27:15
500106077,32,28,4,2024-12-19 09:03:14
500104112,32,24,8,2024-12-19 11:10:17
500104112,32,24,8,2024-12-19 10:58:16
500104023,32,21,11,2024-12-19 12:43:15
500108161,32,20,11,2024-12-19 09:53:15
500110045,32,21,11,2024-12-19 12:51:15
500107034,32,18,14,2024-12-19 10:56:14
500108161,32,17,14,2024-12-19 12:19:15
500108161,32,17,14,2024-12-19 12:56:15
500104023,32,16,16,2024-12-19 11:42:16
500104023,32,16,16,2024-12-19 11:00:18
500106058,32,16,16,2024-12-19 13:03:15
500106058,32,16,16,2024-12-19 10:57:15
500107034,32,15,17,2024-12-19 11:07:16
500106058,32,14,18,2024-12-19 11:48:15
500103050,32,10,19,2024-12-19 10:44:16
500104112,32,13,19,2024-12-19 09:05:16
500103050,32,9,20,2024-12-19 10:55:17
500106058,32,12,20,2024-12-19 10:26:14
500112068,32,11,21,2024-12-19 09:53:15
500106069,32,10,22,2024-12-19 12:37:15
500107093,32,10,22,2024-12-19 12:26:15
500108046,32,8,24,2024-12-19 10:26:14
500101148,32,7,25,2024-12-19 10:27:16
500101196,32,7,25,2024-12-19 09:37:15
500112068,32,7,25,2024-12-19 11:40:17
500107093,32,6,26,2024-12-19 10:47:16
500101250,32,5,27,2024-12-19 09:55:17
500101250,32,5,27,2024-12-19 10:05:15
500113046,32,4,27,2024-12-19 08:55:15
500101148,32,4,28,2024-12-19 11:24:15
500106068,32,3,28,2024-12-19 12:33:15
500101250,32,3,29,2024-12-19 10:27:16
500105012,32,2,29,2024-12-19 09:30:16
500105012,32,2,29,2024-12-19 10:01:16
500112068,32,3,29,2024-12-19 12:07:16
500106069,32,2,30,2024-12-19 11:36:15
500107020,32,2,30,2024-12-19 08:58:15
500107093,32,2,30,2024-12-19 10:56:14
500101148,32,1,31,2024-12-19 12:37:15
500104023,32,32,0,2024-12-19 17:03:16
500106069,32,27,5,2024-12-19 18:45:16
500103050,32,23,7,2024-12-19 19:27:15
500106069,32,25,7,2024-12-19 20:48:15
500110045,32,25,7,2024-12-19 18:49:16
500106068,32,24,8,2024-12-19 19:48:14
500112068,32,23,8,2024-12-19 19:54:15
500103050,32,22,9,2024-12-19 18:29:16
500103050,32,22,9,2024-12-19 18:37:15
500106068,32,22,10,2024-12-19 17:57:15
500106069,32,22,10,2024-12-19 20:29:15
500106069,32,22,10,2024-12-19 21:06:15
500110045,32,22,10,2024-12-19 18:33:16
500112068,32,21,10,2024-12-19 20:35:16
500104023,32,21,11,2024-12-19 19:28:14
500106068,32,21,11,2024-12-19 17:39:15
500107093,32,21,11,2024-12-19 20:25:15
500110045,32,21,11,2024-12-19 20:28:15
500112068,32,19,12,2024-12-19 17:58:16
500104023,32,19,13,2024-12-19 18:08:16
500107034,32,19,13,2024-12-19 17:37:16
500107034,32,18,14,2024-12-19 18:18:16
500107034,32,18,14,2024-12-19 18:55:17
500107020,32,17,15,2024-12-19 19:18:15
500108046,32,17,15,2024-12-19 18:18:15
500108046,32,17,15,2024-12-19 18:32:16
500107034,32,16,16,2024-12-19 19:49:15
500108046,32,16,16,2024-12-19 20:16:16
500101196,32,15,17,2024-12-19 20:08:15
500106058,32,14,18,2024-12-19 17:35:16
500106058,32,14,18,2024-12-19 21:00:16
500101196,32,13,19,2024-12-19 19:18:15
500105012,32,12,19,2024-12-19 20:08:14
500106058,32,12,20,2024-12-19 18:57:15
500105012,32,10,21,2024-12-19 19:14:16
500106058,32,11,21,2024-12-19 17:58:16
500106077,32,8,23,2024-12-19 18:34:15
500101148,32,8,24,2024-12-19 19:29:14
500112069,32,8,24,2024-12-19 20:46:16
500113046,32,7,24,2024-12-19 20:46:16
500104112,32,7,25,2024-12-19 20:39:16
500112069,32,7,25,2024-12-19 20:29:15
500101250,32,6,26,2024-12-19 20:33:15
500101148,32,5,27,2024-12-19 19:36:15
500112069,32,4,28,2024-12-19 17:47:16
500101250,32,3,29,2024-12-19 19:23:15
500112069,32,3,29,2024-12-19 18:29:16
500101148,32,2,30,2024-12-19 20:49:15
500101148,32,0,32,2024-12-19 17:26:16
500104112,32,25,7,2024-12-19 13:46:16
500104023,32,23,9,2024-12-19 13:24:15
500106069,32,23,9,2024-12-19 16:54:15
500112069,32,23,9,2024-12-19 13:21:15
500106069,32,22,10,2024-12-19 15:48:15
500103050,32,18,13,2024-12-19 15:08:15
500110045,32,19,13,2024-12-19 16:19:15
500103050,32,17,14,2024-12-19 13:41:15
500106069,32,18,14,2024-12-19 13:26:15
500112069,32,18,14,2024-12-19 16:35:15
500108161,32,16,15,2024-12-19 16:57:16
500108046,32,14,18,2024-12-19 15:16:15
500101196,32,13,19,2024-12-19 16:26:15
500106058,32,13,19,2024-12-19 16:56:15
500107034,32,12,20,2024-12-19 15:41:15
500107034,32,12,20,2024-12-19 17:07:15
500101196,32,11,21,2024-12-19 15:37:16
500107034,32,11,21,2024-12-19 15:17:16
500106058,32,10,22,2024-12-19 16:17:15
500106058,32,10,22,2024-12-19 15:07:15
500107093,32,10,22,2024-12-19 14:28:15
500107093,32,9,23,2024-12-19 16:48:15
500107093,32,9,23,2024-12-19 17:08:16
500112068,32,8,23,2024-12-19 17:18:16
500105012,32,7,24,2024-12-19 16:45:17
500107020,32,8,24,2024-12-19 16:58:15
500107020,32,8,24,2024-12-19 14:57:15
500107093,32,7,25,2024-12-19 15:53:14
500106077,32,5,26,2024-12-19 17:17:16
500107020,32,6,26,2024-12-19 15:21:15
500107093,32,6,26,2024-12-19 16:00:17
500112068,32,6,26,2024-12-19 16:28:15
500106068,32,5,27,2024-12-19 13:20:16
500112068,32,4,27,2024-12-19 17:08:16
500101250,32,3,29,2024-12-19 14:52:15
500106068,32,2,30,2024-12-19 16:37:15
500101148,32,1,31,2024-12-19 13:47:15
500101148,32,1,31,2024-12-19 16:52:15
500106077,32,18,14,2024-12-19 02:57:14
500107093,32,26,6,2024-12-19 06:10:16
500112068,32,26,6,2024-12-19 06:52:15
500110045,32,24,8,2024-12-19 08:48:15
500110045,32,24,8,2024-12-19 05:38:14
500110045,32,24,8,2024-12-19 06:37:15
500107093,32,23,9,2024-12-19 06:41:15
500112068,32,18,14,2024-12-19 08:27:16
500112068,32,18,14,2024-12-19 07:27:15
500106069,32,17,15,2024-12-19 07:37:15
500112068,32,16,16,2024-12-19 07:47:15
500101148,32,15,17,2024-12-19 05:37:15
500104112,32,14,18,2024-12-19 08:02:15
500103050,32,7,19,2024-12-19 08:27:16
500112068,32,13,19,2024-12-19 08:15:16
500113046,32,12,19,2024-12-19 07:50:16
500106069,32,12,20,2024-12-19 06:33:14
500112069,32,12,20,2024-12-19 07:35:16
500105012,32,10,21,2024-12-19 07:47:15
500101196,32,10,22,2024-12-19 05:00:16
500106068,32,9,22,2024-12-19 07:56:15
500107020,32,10,22,2024-12-19 07:47:15
500104023,32,9,23,2024-12-19 06:56:14
500106069,32,9,23,2024-12-19 08:26:15
500112069,32,9,23,2024-12-19 07:10:16
500101196,32,6,26,2024-12-19 08:57:15
500101250,32,5,27,2024-12-19 06:36:14
500101250,32,5,27,2024-12-19 06:50:16
500106058,32,2,30,2024-12-19 06:25:15
500106068,32,1,30,2024-12-19 08:42:15
500107093,32,2,30,2024-12-19 08:47:15
500107034,32,0,32,2024-12-19 07:21:16
500107034,32,0,32,2024-12-19 07:47:15
500106058,32,5,27,2024-12-19 00:18:14
500112069,32,6,26,2024-12-19 00:05:15
500101148,32,7,25,2024-12-19 23:36:15
500101148,32,8,24,2024-12-19 23:57:15
500103050,32,16,13,2024-12-19 23:51:15
500104023,32,25,7,2024-12-19 23:52:15
500113046,32,7,24,2024-12-19 23:16:15
500112069,32,11,21,2024-12-19 23:05:15
500110045,32,26,6,2024-12-19 22:34:14
500101196,32,11,21,2024-12-19 22:17:15
500103050,32,15,15,2024-12-19 22:30:15
500104112,32,11,21,2024-12-19 21:26:16
500106069,32,22,10,2024-12-19 21:37:15
500101148,32,20,12,2024-12-19 01:22:15
500107034,32,13,19,2024-12-19 22:06:14
500106069,32,23,8,2024-12-19 22:04:15
500107034,32,6,26,2024-12-19 01:20:15
500112068,32,28,4,2024-12-19 03:41:15
500107093,32,8,24,2024-12-19 01:30:17
500101148,32,8,24,2024-12-19 23:05:15
500106068,32,21,9,2024-12-19 22:14:15
500106068,32,26,5,2024-12-19 04:40:15
500101148,32,8,24,2024-12-19 23:26:15
500112069,32,27,5,2024-12-19 12:04:16
500112069,32,27,5,2024-12-19 11:18:16
500106077,32,25,6,2024-12-19 13:08:15
500103050,32,19,10,2024-12-19 09:06:17
500106077,32,21,10,2024-12-19 12:45:16
500108161,32,21,10,2024-12-19 11:30:17
500104112,32,21,11,2024-12-19 10:05:16
500110045,32,21,11,2024-12-19 11:41:15
500104112,32,20,12,2024-12-19 10:15:16
500104112,32,20,12,2024-12-19 10:26:14
500107034,32,20,12,2024-12-19 09:46:16
500107034,32,20,12,2024-12-19 10:47:16
500110045,32,20,12,2024-12-19 11:49:16
500107034,32,18,14,2024-12-19 10:23:15
500103050,32,14,15,2024-12-19 09:41:15
500106058,32,17,15,2024-12-19 12:58:15
500106058,32,15,17,2024-12-19 10:43:16
500106077,32,14,17,2024-12-19 11:58:16
500103050,32,11,18,2024-12-19 11:05:17
500101196,32,13,19,2024-12-19 13:03:15
500112068,32,12,20,2024-12-19 09:35:16
500108046,32,10,22,2024-12-19 09:18:15
500107093,32,8,24,2024-12-19 12:19:16
500108046,32,8,24,2024-12-19 10:40:16
500108046,32,7,25,2024-12-19 10:38:15
500101148,32,5,27,2024-12-19 11:04:15
500106069,32,5,27,2024-12-19 10:15:16
500112068,32,5,27,2024-12-19 12:48:15
500113046,32,4,27,2024-12-19 11:21:15
500106068,32,3,28,2024-12-19 09:09:15
500107093,32,2,30,2024-12-19 11:06:15
500106069,32,1,31,2024-12-19 09:08:14
500113046,32,0,31,2024-12-19 11:57:16
500103050,32,27,4,2024-12-19 17:45:16
500106068,32,28,4,2024-12-19 20:54:15
500106069,32,25,7,2024-12-19 19:42:15
500103050,32,23,8,2024-12-19 17:27:16
500106069,32,24,8,2024-12-19 20:37:16
500106069,32,24,8,2024-12-19 18:38:16
500112068,32,23,8,2024-12-19 18:14:15
500112068,32,23,8,2024-12-19 18:29:15
500106068,32,18,12,2024-12-19 21:20:19
500106069,32,20,12,2024-12-19 17:37:16
500104023,32,18,14,2024-12-19 18:55:17
500107034,32,18,14,2024-12-19 19:54:15
500107034,32,17,15,2024-12-19 20:11:15
500106058,32,16,16,2024-12-19 19:28:14
500107034,32,15,17,2024-12-19 21:16:15
500103050,32,11,19,2024-12-19 20:24:15
500105012,32,11,20,2024-12-19 18:28:16
500101196,32,11,21,2024-12-19 19:06:16
500104112,32,10,22,2024-12-19 20:02:15
500108161,32,8,23,2024-12-19 18:27:15
500108161,32,7,24,2024-12-19 18:38:15
500112069,32,8,24,2024-12-19 21:08:15
500113046,32,7,24,2024-12-19 18:41:15
500101196,32,6,26,2024-12-19 18:40:17
500107093,32,6,26,2024-12-19 19:42:15
500101196,32,5,27,2024-12-19 18:37:15
500112069,32,3,29,2024-12-19 18:37:15
500101148,32,2,30,2024-12-19 20:28:15
500106077,32,1,30,2024-12-19 17:57:16
500112069,32,2,30,2024-12-19 17:56:15
500113046,32,1,30,2024-12-19 19:56:16
500101250,32,1,31,2024-12-19 19:13:15
500101250,32,0,32,2024-12-19 17:26:16
500101250,32,0,32,2024-12-19 19:01:18
500104023,32,26,6,2024-12-19 16:06:15
500104023,32,25,7,2024-12-19 14:15:16
500106077,32,22,9,2024-12-19 14:26:15
500106069,32,21,11,2024-12-19 16:17:15
500108161,32,18,13,2024-12-19 16:24:15
500103050,32,17,14,2024-12-19 13:27:15
500108046,32,15,17,2024-12-19 13:13:15
500106058,32,12,20,2024-12-19 14:27:15
500106058,32,11,21,2024-12-19 16:05:16
500106077,32,10,21,2024-12-19 17:00:17
500107034,32,10,22,2024-12-19 13:26:16
500107093,32,8,24,2024-12-19 15:15:16
500107020,32,7,25,2024-12-19 14:23:15
500112068,32,7,25,2024-12-19 16:39:15
500105012,32,5,26,2024-12-19 16:25:15
500101148,32,4,28,2024-12-19 16:46:15
500113046,32,3,28,2024-12-19 15:34:15
500113046,32,3,28,2024-12-19 14:37:14
500113046,32,2,29,2024-12-19 15:16:15
500101148,32,1,31,2024-12-19 13:12:15
500101148,32,1,31,2024-12-19 13:49:14
500101148,32,0,32,2024-12-19 13:23:15
500104023,32,26,6,2024-12-19 05:11:15
500112068,32,26,6,2024-12-19 05:18:15
500106068,32,24,7,2024-12-19 06:12:15
500112068,32,25,7,2024-12-19 05:29:15
500104112,32,24,8,2024-12-19 07:25:15
500103050,32,16,10,2024-12-19 07:56:15
500104023,32,22,10,2024-12-19 06:16:15
500103050,32,15,11,2024-12-19 07:35:16
500103050,32,12,14,2024-12-19 06:09:14
500101148,32,17,15,2024-12-19 06:47:15
500106068,32,16,15,2024-12-19 07:20:16
500101148,32,15,17,2024-12-19 06:33:14
500106077,32,15,17,2024-12-19 07:25:15
500104112,32,12,20,2024-12-19 08:47:15
500104112,32,12,20,2024-12-19 08:54:15
500108161,32,11,20,2024-12-19 07:57:16
500104023,32,11,21,2024-12-19 06:47:15
500113046,32,10,21,2024-12-19 07:08:15
500101196,32,9,23,2024-12-19 07:12:15
500107034,32,9,23,2024-12-19 06:04:14
500107034,32,9,23,2024-12-19 06:15:16
500107093,32,9,23,2024-12-19 07:46:15
500106058,32,8,24,2024-12-19 07:41:15
500106069,32,6,26,2024-12-19 08:36:15
500104023,32,5,27,2024-12-19 07:14:15
500107093,32,2,30,2024-12-19 08:37:15
500107034,32,1,31,2024-12-19 08:03:15
500107093,32,0,32,2024-12-19 08:00:20
500101148,32,18,14,2024-12-19 00:11:14
500101250,32,4,28,2024-12-19 22:39:15
500112068,32,28,4,2024-12-19 00:20:15
500103050,32,19,11,2024-12-19 22:51:15
500101250,32,7,25,2024-12-19 21:35:16
500104023,32,28,4,2024-12-19 01:44:14
500112068,32,30,2,2024-12-19 02:54:15
500112069,32,9,23,2024-12-19 22:09:15
500107093,32,19,13,2024-12-19 22:08:15
500106077,32,6,25,2024-12-19 21:59:15
500106069,32,1,31,2024-12-19 00:30:16
500101148,32,7,25,2024-12-19 22:48:15
500107093,32,20,12,2024-12-19 22:10:17
500101196,32,11,21,2024-12-19 23:21:15
500107020,32,19,13,2024-12-19 23:22:15
500106077,32,28,4,2024-12-19 10:28:15
500112069,32,28,4,2024-12-19 11:08:15
500104112,32,26,6,2024-12-19 12:08:15
500104112,32,25,7,2024-12-19 11:07:16
500112069,32,25,7,2024-12-19 12:22:16
500110045,32,24,8,2024-12-19 09:27:15
500108161,32,21,10,2024-12-19 10:16:15
500110045,32,22,10,2024-12-19 11:31:15
500106058,32,21,11,2024-12-19 09:27:15
500101148,32,20,12,2024-12-19 09:09:15
500103050,32,16,13,2024-12-19 09:26:15
500104023,32,19,13,2024-12-19 12:18:15
500106077,32,18,13,2024-12-19 12:08:15
500106077,32,18,13,2024-12-19 12:18:15
500106058,32,18,14,2024-12-19 09:34:15
500101148,32,17,15,2024-12-19 09:44:15
500104023,32,17,15,2024-12-19 10:40:16
500104112,32,17,15,2024-12-19 09:26:15
500103050,32,13,16,2024-12-19 10:07:16
500107034,32,16,16,2024-12-19 09:27:15
500101196,32,15,17,2024-12-19 10:48:15
500103050,32,11,18,2024-12-19 10:20:16
500106058,32,14,18,2024-12-19 10:15:16
500106069,32,14,18,2024-12-19 13:02:15
500107034,32,14,18,2024-12-19 09:09:15
500101196,32,12,20,2024-12-19 11:59:16
500103050,32,9,20,2024-12-19 10:36:14
500107034,32,12,20,2024-12-19 11:48:15
500104023,32,9,23,2024-12-19 09:37:15
500101196,32,8,24,2024-12-19 12:16:15
500101196,32,8,24,2024-12-19 10:07:16
500107034,32,8,24,2024-12-19 12:19:16
500107020,32,7,25,2024-12-19 12:16:15
500101148,32,6,26,2024-12-19 10:35:16
500108046,32,6,26,2024-12-19 11:21:14
500107020,32,5,27,2024-12-19 12:03:15
500113046,32,3,28,2024-12-19 10:59:15
500106068,32,2,29,2024-12-19 09:23:15
500107093,32,3,29,2024-12-19 11:28:16
500101148,32,2,30,2024-12-19 12:27:15
500101148,32,2,30,2024-12-19 12:58:15
500106068,32,1,30,2024-12-19 10:32:16
500113046,32,1,30,2024-12-19 12:07:16
500107093,32,1,31,2024-12-19 09:24:14
500101148,32,0,32,2024-12-19 12:19:16
500106069,32,0,32,2024-12-19 09:37:16
500106068,32,27,5,2024-12-19 20:13:15
500112068,32,22,9,2024-12-19 20:50:16
500106068,32,22,10,2024-12-19 18:38:15
500104023,32,20,12,2024-12-19 20:39:16
500104023,32,20,12,2024-12-19 19:18:15
500107093,32,19,13,2024-12-19 20:38:15
500106058,32,17,15,2024-12-19 19:30:16
500107020,32,17,15,2024-12-19 19:43:15
500107020,32,17,15,2024-12-19 18:25:17
500104023,32,16,16,2024-12-19 20:07:16
500104112,32,16,16,2024-12-19 19:04:15
500107020,32,16,16,2024-12-19 19:38:14
500107034,32,16,16,2024-12-19 20:16:16
500107034,32,16,16,2024-12-19 18:29:16
500106058,32,15,17,2024-12-19 20:39:16
500107034,32,15,17,2024-12-19 20:45:16
500101196,32,14,18,2024-12-19 19:26:15
500112068,32,13,18,2024-12-19 17:34:15
500113046,32,11,20,2024-12-19 17:57:15
500106077,32,8,23,2024-12-19 19:49:15
500106077,32,7,24,2024-12-19 20:13:15
500101196,32,7,25,2024-12-19 17:45:16
500112069,32,3,29,2024-12-19 18:48:15
500106077,32,0,31,2024-12-19 18:18:16
500104023,32,28,4,2024-12-19 16:22:16
500104112,32,26,6,2024-12-19 16:38:15
500104023,32,25,7,2024-12-19 15:09:15
500106069,32,24,8,2024-12-19 16:44:15
500106077,32,23,8,2024-12-19 14:18:15
500106069,32,23,9,2024-12-19 17:17:15
500106069,32,23,9,2024-12-19 15:11:14
500112069,32,22,10,2024-12-19 13:17:15
500106069,32,20,12,2024-12-19 13:54:15
500103050,32,17,14,2024-12-19 13:10:16
500101196,32,16,16,2024-12-19 14:06:15
500101196,32,15,17,2024-12-19 13:46:16
500108046,32,15,17,2024-12-19 16:49:15
500101196,32,14,18,2024-12-19 13:38:16
500106058,32,14,18,2024-12-19 13:33:15
500106058,32,13,19,2024-12-19 17:16:16
500107034,32,12,20,2024-12-19 16:24:15
500106058,32,11,21,2024-12-19 17:07:15
500106058,32,7,25,2024-12-19 16:26:15
500101148,32,5,27,2024-12-19 15:56:15
500112068,32,4,27,2024-12-19 16:57:16
500101250,32,4,28,2024-12-19 15:19:16
500113046,32,3,28,2024-12-19 17:08:16
500101148,32,2,30,2024-12-19 15:27:15
500101250,32,2,30,2024-12-19 15:48:15
500106058,32,12,20,2024-12-19 21:40:16
500107093,32,19,13,2024-12-19 21:43:15
500106077,32,27,5,2024-12-19 08:35:15
500106068,32,25,6,2024-12-19 05:46:15
500112068,32,26,6,2024-12-19 05:46:15
500112068,32,25,7,2024-12-19 04:58:15
500112068,32,25,7,2024-12-19 06:00:16
500101148,32,22,10,2024-12-19 08:57:15
500106069,32,22,10,2024-12-19 07:47:15
500112068,32,22,10,2024-12-19 07:16:15
500106058,32,21,11,2024-12-19 08:57:15
500106077,32,21,11,2024-12-19 08:17:15
500108046,32,21,11,2024-12-19 05:26:15
500101148,32,19,13,2024-12-19 08:26:15
500106058,32,19,13,2024-12-19 08:36:15
500103050,32,12,14,2024-12-19 06:56:15
500103050,32,11,15,2024-12-19 05:45:15
500103050,32,11,15,2024-12-19 06:05:16
500107093,32,17,15,2024-12-19 07:17:14
500108161,32,16,15,2024-12-19 08:41:15
500106077,32,15,17,2024-12-19 06:52:15
500105012,32,12,18,2024-12-19 06:43:15
500106069,32,13,19,2024-12-19 06:54:16
500101196,32,11,21,2024-12-19 05:28:14
500105012,32,7,23,2024-12-19 07:27:15
500112069,32,9,23,2024-12-19 06:37:15
500105012,32,6,25,2024-12-19 08:10:17
500113046,32,3,28,2024-12-19 08:37:15
500104023,32,3,29,2024-12-19 07:36:15
500104023,32,2,30,2024-12-19 07:43:15
500106058,32,2,30,2024-12-19 06:45:16
500106058,32,2,30,2024-12-19 07:17:14
500104023,32,1,31,2024-12-19 08:24:15
500104023,32,1,31,2024-12-19 08:35:16
500112069,32,7,25,2024-12-19 00:11:14
500107034,32,16,16,2024-12-19 23:48:14
500101148,32,20,12,2024-12-19 00:45:15
500109036,33,5,28,2024-12-19 00:48:14
500113040,33,9,22,2024-12-19 01:04:14
500105025,33,18,15,2024-12-19 01:12:15
500105025,33,16,17,2024-12-19 23:09:15
500106112,33,16,15,2024-12-19 22:35:16
500101171,33,8,25,2024-12-19 21:39:15
500110024,33,8,25,2024-12-19 21:34:15
500110024,33,9,24,2024-12-19 21:59:15
500106112,33,17,14,2024-12-19 21:55:17
500109036,33,7,26,2024-12-19 23:49:15
500101172,33,15,18,2024-12-19 23:44:15
500105025,33,17,16,2024-12-19 00:00:16
500119095,33,8,24,2024-12-19 01:30:16
500119095,33,7,25,2024-12-19 02:24:14
500107059,33,9,23,2024-12-19 22:26:15
500101128,33,27,6,2024-12-19 22:26:15
500113040,33,10,21,2024-12-19 01:56:14
500101171,33,33,0,2024-12-19 09:27:15
500101171,33,33,0,2024-12-19 10:07:16
500101171,33,33,0,2024-12-19 11:05:17
500101203,33,31,0,2024-12-19 10:28:16
500109036,33,31,0,2024-12-19 13:01:17
500112103,33,32,0,2024-12-19 10:17:16
500119095,33,31,0,2024-12-19 09:27:15
500107059,33,29,3,2024-12-19 12:36:15
500101138,33,29,4,2024-12-19 10:16:15
500112103,33,28,4,2024-12-19 09:35:16
500113040,33,22,4,2024-12-19 12:26:15
500101203,33,26,5,2024-12-19 12:41:15
500101138,33,27,6,2024-12-19 10:04:16
500101171,33,27,6,2024-12-19 12:28:15
500119095,33,25,6,2024-12-19 09:37:15
500107059,33,24,8,2024-12-19 12:07:16
500119095,33,18,8,2024-12-19 12:58:15
500119095,33,17,9,2024-12-19 11:56:16
500113040,33,16,10,2024-12-19 10:27:16
500106085,33,21,11,2024-12-19 09:53:15
500106085,33,21,11,2024-12-19 10:41:15
500106112,33,21,11,2024-12-19 09:03:15
500106085,33,20,12,2024-12-19 10:14:15
500109036,33,19,12,2024-12-19 11:18:16
500106085,33,19,13,2024-12-19 11:57:16
500113040,33,17,14,2024-12-19 10:18:15
500110024,33,16,15,2024-12-19 10:07:15
500110024,33,16,15,2024-12-19 10:32:15
500119095,33,11,15,2024-12-19 12:04:16
500113017,33,17,16,2024-12-19 10:03:15
500119058,33,17,16,2024-12-19 12:08:15
500110024,33,14,17,2024-12-19 11:06:15
500106112,33,8,24,2024-12-19 12:43:15
500107059,33,7,25,2024-12-19 09:05:16
500110024,33,6,25,2024-12-19 11:50:16
500101128,33,7,26,2024-12-19 09:04:15
500106085,33,6,26,2024-12-19 12:26:15
500101128,33,6,27,2024-12-19 11:45:15
500101191,33,6,27,2024-12-19 11:35:17
500101128,33,5,28,2024-12-19 11:55:17
500101128,33,5,28,2024-12-19 12:15:16
500101172,33,4,29,2024-12-19 10:38:15
500101191,33,4,29,2024-12-19 12:15:16
500109068,33,1,31,2024-12-19 12:27:15
500101172,33,1,32,2024-12-19 11:46:14
500101191,33,1,32,2024-12-19 12:26:15
500107059,33,30,2,2024-12-19 18:07:15
500107059,33,30,2,2024-12-19 18:28:16
500110036,33,26,7,2024-12-19 18:13:16
500110036,33,26,7,2024-12-19 18:46:15
500112103,33,24,8,2024-12-19 17:55:16
500101128,33,23,10,2024-12-19 19:07:15
500107059,33,22,10,2024-12-19 19:18:15
500112103,33,21,11,2024-12-19 18:38:16
500113017,33,22,11,2024-12-19 19:45:15
500113017,33,21,12,2024-12-19 20:59:15
500109068,33,20,13,2024-12-19 20:07:15
500113017,33,20,13,2024-12-19 19:07:15
500107171,33,19,14,2024-12-19 20:35:16
500106112,33,17,15,2024-12-19 18:08:16
500106112,33,16,16,2024-12-19 18:47:16
500112103,33,16,16,2024-12-19 20:39:15
500110024,33,16,17,2024-12-19 18:57:15
500107171,33,15,18,2024-12-19 17:31:15
500119058,33,15,18,2024-12-19 19:16:15
500101171,33,14,19,2024-12-19 17:55:17
500105025,33,14,19,2024-12-19 17:53:15
500101138,33,13,20,2024-12-19 17:37:16
500110024,33,9,24,2024-12-19 20:42:15
500113040,33,4,24,2024-12-19 18:17:15
500119095,33,8,25,2024-12-19 19:57:15
500101171,33,7,26,2024-12-19 19:51:15
500113040,33,2,26,2024-12-19 17:37:16
500106085,33,6,27,2024-12-19 19:49:15
500109036,33,6,27,2024-12-19 18:48:15
500113040,33,1,27,2024-12-19 17:58:16
500101138,33,5,28,2024-12-19 18:47:15
500106085,33,4,29,2024-12-19 19:32:15
500106112,33,3,29,2024-12-19 20:28:15
500113040,33,4,29,2024-12-19 19:49:15
500106085,33,3,30,2024-12-19 21:14:15
500119095,33,2,31,2024-12-19 20:24:15
500106085,33,1,32,2024-12-19 18:21:16
500113040,33,0,33,2024-12-19 20:55:17
500101203,33,30,1,2024-12-19 13:47:15
500101203,33,31,2,2024-12-19 16:17:15
500113040,33,26,2,2024-12-19 16:28:15
500119058,33,31,2,2024-12-19 14:58:15
500101203,33,30,3,2024-12-19 15:08:15
500108009,33,30,3,2024-12-19 13:43:14
500119095,33,22,4,2024-12-19 13:27:15
500101191,33,28,5,2024-12-19 15:48:15
500119058,33,28,5,2024-12-19 16:27:16
500101138,33,27,6,2024-12-19 15:38:15
500101171,33,27,6,2024-12-19 16:55:17
500108009,33,27,6,2024-12-19 16:12:15
500110036,33,23,7,2024-12-19 15:59:15
500119095,33,20,7,2024-12-19 14:55:16
500113040,33,18,8,2024-12-19 13:35:15
500112103,33,23,9,2024-12-19 17:17:16
500101138,33,23,10,2024-12-19 13:12:15
500101191,33,23,10,2024-12-19 13:24:15
500110024,33,23,10,2024-12-19 16:22:16
500119058,33,23,10,2024-12-19 16:57:16
500101138,33,22,11,2024-12-19 13:25:16
500101191,33,22,11,2024-12-19 13:09:15
500101172,33,16,17,2024-12-19 14:24:14
500109036,33,16,17,2024-12-19 16:43:15
500101172,33,15,18,2024-12-19 13:47:15
500106112,33,12,20,2024-12-19 16:31:15
500113017,33,13,20,2024-12-19 16:37:15
500106112,33,10,22,2024-12-19 13:25:16
500106112,33,10,22,2024-12-19 16:54:16
500101128,33,9,24,2024-12-19 17:05:17
500106112,33,8,24,2024-12-19 14:35:15
500113017,33,8,25,2024-12-19 17:04:15
500113040,33,3,25,2024-12-19 17:18:16
500101128,33,6,27,2024-12-19 16:28:15
500109068,33,6,27,2024-12-19 16:36:15
500110024,33,4,27,2024-12-19 13:20:17
500106085,33,0,32,2024-12-19 16:30:18
500106112,33,31,0,2024-12-19 08:27:15
500109036,33,27,4,2024-12-19 08:25:16
500109036,33,26,5,2024-12-19 07:26:15
500113040,33,26,5,2024-12-19 07:27:15
500101171,33,24,9,2024-12-19 07:36:15
500101128,33,21,12,2024-12-19 06:26:15
500101138,33,21,12,2024-12-19 07:27:15
500113017,33,16,12,2024-12-19 06:05:15
500107171,33,19,14,2024-12-19 08:34:15
500105025,33,18,15,2024-12-19 06:18:15
500101172,33,17,16,2024-12-19 06:26:15
500110024,33,16,17,2024-12-19 04:54:15
500112103,33,15,17,2024-12-19 08:44:15
500113040,33,12,19,2024-12-19 06:15:16
500106112,33,11,20,2024-12-19 05:46:14
500109068,33,10,20,2024-12-19 06:27:15
500110024,33,13,20,2024-12-19 06:44:15
500109036,33,10,21,2024-12-19 06:46:15
500110024,33,12,21,2024-12-19 08:57:15
500109068,33,10,22,2024-12-19 07:57:16
500110036,33,10,23,2024-12-19 07:45:16
500112103,33,9,23,2024-12-19 07:27:15
500101191,33,7,26,2024-12-19 07:17:14
500107059,33,5,27,2024-12-19 08:26:15
500108009,33,4,29,2024-12-19 06:07:15
500112103,33,2,30,2024-12-19 05:07:15
500101172,33,2,31,2024-12-19 08:56:16
500110036,33,11,22,2024-12-19 00:01:14
500113040,33,0,32,2024-12-19 23:48:14
500112103,33,0,32,2024-12-19 00:14:15
500113040,33,1,30,2024-12-19 00:30:16
500107059,33,0,32,2024-12-19 00:51:15
500106085,33,6,27,2024-12-19 23:18:15
500106112,33,15,16,2024-12-19 23:15:15
500110036,33,17,16,2024-12-19 23:10:16
500113017,33,20,13,2024-12-19 23:17:14
500106085,33,5,28,2024-12-19 21:33:16
500107059,33,17,15,2024-12-19 21:38:15
500107171,33,18,15,2024-12-19 20:51:15
500113040,33,8,23,2024-12-19 03:58:15
500113040,33,0,33,2024-12-19 22:08:16
500119095,33,9,23,2024-12-19 01:22:15
500112103,33,16,16,2024-12-19 21:55:17
500110036,33,29,4,2024-12-19 21:59:15
500106112,33,16,15,2024-12-19 23:38:15
500106112,33,4,27,2024-12-19 01:41:15
500107059,33,8,24,2024-12-19 01:42:14
500107059,33,7,25,2024-12-19 02:23:15
500106112,33,5,26,2024-12-19 01:52:15
500106112,33,17,14,2024-12-19 22:49:14
500101128,33,26,7,2024-12-19 22:17:15
500101203,33,4,29,2024-12-19 22:53:15
500119095,33,11,22,2024-12-19 23:20:16
500101171,33,33,0,2024-12-19 11:38:15
500101171,33,33,0,2024-12-19 11:26:15
500112103,33,32,0,2024-12-19 11:49:15
500101203,33,30,1,2024-12-19 09:37:15
500112103,33,31,1,2024-12-19 11:03:15
500101138,33,31,2,2024-12-19 11:38:15
500107059,33,30,2,2024-12-19 12:45:16
500112103,33,30,2,2024-12-19 10:06:15
500113040,33,29,2,2024-12-19 09:07:15
500109036,33,28,3,2024-12-19 12:34:14
500113040,33,22,4,2024-12-19 13:08:15
500119095,33,19,7,2024-12-19 11:35:17
500113040,33,18,8,2024-12-19 11:57:16
500119095,33,18,8,2024-12-19 11:28:16
500101138,33,24,9,2024-12-19 09:46:16
500113040,33,17,9,2024-12-19 10:58:16
500119095,33,17,9,2024-12-19 11:18:16
500110036,33,19,11,2024-12-19 11:38:15
500110024,33,16,15,2024-12-19 10:16:15
500110024,33,16,15,2024-12-19 10:40:16
500107171,33,17,16,2024-12-19 09:13:15
500109036,33,15,16,2024-12-19 10:28:15
500110036,33,14,16,2024-12-19 10:55:17
500113017,33,16,17,2024-12-19 12:19:16
500119095,33,9,17,2024-12-19 12:27:15
500119058,33,15,18,2024-12-19 12:58:15
500107059,33,13,19,2024-12-19 10:52:15
500113017,33,14,19,2024-12-19 09:43:15
500107059,33,12,20,2024-12-19 09:43:15
500107059,33,10,22,2024-12-19 10:44:16
500110036,33,5,22,2024-12-19 10:45:15
500101128,33,8,25,2024-12-19 09:35:16
500110024,33,6,25,2024-12-19 11:46:15
500101128,33,7,26,2024-12-19 09:57:15
500101191,33,7,26,2024-12-19 11:15:15
500101191,33,6,27,2024-12-19 11:45:15
500110024,33,4,27,2024-12-19 12:40:17
500101128,33,5,28,2024-12-19 10:12:15
500101172,33,4,29,2024-12-19 10:56:15
500109068,33,1,31,2024-12-19 12:54:15
500109068,33,1,31,2024-12-19 09:20:15
500101191,33,1,32,2024-12-19 10:18:15
500109036,33,7,25,2024-12-19 04:08:14
500101172,33,31,2,2024-12-19 18:08:16
500101128,33,22,11,2024-12-19 19:16:15
500109068,33,22,11,2024-12-19 21:00:16
500112103,33,21,11,2024-12-19 17:26:15
500110024,33,21,12,2024-12-19 17:28:14
500113017,33,21,12,2024-12-19 20:17:15
500101138,33,20,13,2024-12-19 17:26:15
500106112,33,17,14,2024-12-19 21:08:15
500107171,33,19,14,2024-12-19 20:48:15
500101171,33,18,15,2024-12-19 17:38:16
500108009,33,17,16,2024-12-19 20:29:15
500112103,33,15,17,2024-12-19 20:57:16
500106112,33,14,18,2024-12-19 19:27:15
500109068,33,15,18,2024-12-19 19:23:15
500110024,33,15,18,2024-12-19 17:44:15
500105025,33,14,19,2024-12-19 17:41:15
500110024,33,14,19,2024-12-19 19:35:16
500113017,33,14,19,2024-12-19 18:02:15
500101138,33,13,20,2024-12-19 19:38:14
500106112,33,12,20,2024-12-19 19:49:15
500110024,33,12,21,2024-12-19 19:43:15
500119058,33,12,21,2024-12-19 19:35:16
500106112,33,10,22,2024-12-19 20:09:15
500119095,33,11,22,2024-12-19 17:28:15
500101171,33,9,24,2024-12-19 18:18:16
500101171,33,8,25,2024-12-19 19:04:15
500101171,33,8,25,2024-12-19 20:44:15
500110024,33,7,26,2024-12-19 21:09:16
500101191,33,6,27,2024-12-19 19:27:15
500101203,33,6,27,2024-12-19 19:06:16
500101171,33,5,28,2024-12-19 21:07:16
500101203,33,5,28,2024-12-19 20:39:15
500101171,33,4,29,2024-12-19 20:58:15
500101191,33,4,29,2024-12-19 19:16:15
500106085,33,4,29,2024-12-19 20:28:15
500101138,33,3,30,2024-12-19 18:34:15
500101191,33,2,31,2024-12-19 20:39:16
500106085,33,2,31,2024-12-19 18:51:16
500113040,33,2,31,2024-12-19 19:58:14
500119095,33,2,31,2024-12-19 20:40:16
500119095,33,2,31,2024-12-19 18:21:16
500101191,33,1,32,2024-12-19 21:18:15
500101191,33,0,33,2024-12-19 19:06:16
500101171,33,33,0,2024-12-19 16:23:17
500101203,33,31,0,2024-12-19 13:52:15
500101203,33,33,0,2024-12-19 14:37:15
500119058,33,33,0,2024-12-19 15:38:15
500101138,33,32,1,2024-12-19 16:19:15
500101171,33,32,1,2024-12-19 15:30:16
500109036,33,32,1,2024-12-19 14:02:14
500119058,33,32,1,2024-12-19 15:28:14
500108009,33,31,2,2024-12-19 14:50:16
500112103,33,30,2,2024-12-19 15:04:15
500101138,33,30,3,2024-12-19 16:46:15
500101138,33,30,3,2024-12-19 16:56:15
500101171,33,27,6,2024-12-19 17:07:15
500110036,33,24,6,2024-12-19 13:50:16
500110036,33,24,6,2024-12-19 15:32:14
500113040,33,20,6,2024-12-19 13:24:15
500101171,33,26,7,2024-12-19 14:18:15
500110036,33,23,7,2024-12-19 16:54:16
500101138,33,25,8,2024-12-19 13:54:15
500101171,33,25,8,2024-12-19 16:45:17
500101191,33,25,8,2024-12-19 14:07:15
500108009,33,24,9,2024-12-19 16:55:17
500110036,33,21,9,2024-12-19 17:08:16
500107171,33,22,11,2024-12-19 15:20:16
500107171,33,22,11,2024-12-19 13:32:15
500110024,33,22,11,2024-12-19 16:33:15
500110024,33,22,11,2024-12-19 17:06:16
500119095,33,15,12,2024-12-19 15:59:15
500107171,33,20,13,2024-12-19 16:28:15
500101172,33,19,14,2024-12-19 17:18:16
500109036,33,17,16,2024-12-19 17:08:15
500101172,33,16,17,2024-12-19 13:50:16
500105025,33,15,18,2024-12-19 13:24:15
500113017,33,15,18,2024-12-19 15:09:15
500106112,33,12,20,2024-12-19 15:56:15
500113017,33,12,21,2024-12-19 16:40:16
500110024,33,7,24,2024-12-19 13:36:16
500110024,33,6,25,2024-12-19 15:54:15
500110024,33,5,26,2024-12-19 16:00:17
500101191,33,3,30,2024-12-19 16:47:15
500106085,33,1,31,2024-12-19 16:46:15
500101172,33,1,32,2024-12-19 13:28:15
500108009,33,27,6,2024-12-19 08:14:16
500113040,33,25,6,2024-12-19 07:37:15
500106112,33,23,8,2024-12-19 07:47:15
500109036,33,23,8,2024-12-19 08:33:16
500108009,33,22,11,2024-12-19 07:47:15
500101191,33,21,12,2024-12-19 08:57:15
500101128,33,20,13,2024-12-19 06:38:15
500101172,33,19,14,2024-12-19 06:39:14
500101128,33,18,15,2024-12-19 08:17:15
500101128,33,18,15,2024-12-19 07:42:15
500108009,33,18,15,2024-12-19 08:33:16
500113017,33,18,15,2024-12-19 08:26:15
500113017,33,18,15,2024-12-19 08:43:14
500112103,33,15,17,2024-12-19 08:17:14
500110024,33,15,18,2024-12-19 07:59:15
500119058,33,14,19,2024-12-19 08:25:16
500113017,33,8,20,2024-12-19 07:12:15
500101172,33,12,21,2024-12-19 06:16:15
500107059,33,7,25,2024-12-19 06:56:15
500107059,33,6,26,2024-12-19 05:56:14
500110024,33,7,26,2024-12-19 07:37:15
500106085,33,6,27,2024-12-19 06:51:15
500109068,33,2,28,2024-12-19 06:48:15
500101172,33,4,29,2024-12-19 08:47:15
500101172,33,13,20,2024-12-19 00:35:16
500119058,33,1,32,2024-12-19 23:11:15
500110024,33,10,23,2024-12-19 23:49:15
500110036,33,16,17,2024-12-19 23:55:16
500108009,33,2,31,2024-12-19 00:53:15
500107059,33,7,25,2024-12-19 22:59:15
500110024,33,10,23,2024-12-19 22:37:15
500108009,33,11,22,2024-12-19 21:43:15
500113040,33,0,33,2024-12-19 22:38:16
500109036,33,1,32,2024-12-19 22:36:16
500101128,33,28,5,2024-12-19 22:28:15
500106112,33,20,11,2024-12-19 21:39:15
500110036,33,27,6,2024-12-19 21:30:16
500101203,33,6,25,2024-12-19 01:40:15
500107059,33,6,26,2024-12-19 02:33:15
500101172,33,13,20,2024-12-19 04:02:15
500101172,33,11,22,2024-12-19 01:19:15
500101171,33,11,22,2024-12-19 21:58:15
500113040,33,9,22,2024-12-19 03:38:15
500101171,33,16,17,2024-12-19 00:54:15
500107059,33,8,24,2024-12-19 22:41:15
500108009,33,3,30,2024-12-19 04:29:15
500101172,33,13,20,2024-12-19 04:34:15
500110024,33,15,18,2024-12-19 04:30:15
500110036,33,17,16,2024-12-19 23:27:14
500101171,33,33,0,2024-12-19 11:58:15
500113040,33,31,0,2024-12-19 09:46:16
500112103,33,31,1,2024-12-19 13:00:17
500101171,33,31,2,2024-12-19 09:07:15
500107059,33,30,2,2024-12-19 12:52:15
500101203,33,27,4,2024-12-19 11:46:15
500106112,33,28,4,2024-12-19 10:07:15
500101203,33,24,7,2024-12-19 12:28:15
500119095,33,19,7,2024-12-19 11:48:15
500113040,33,18,8,2024-12-19 11:08:15
500119095,33,22,9,2024-12-19 10:07:16
500101171,33,23,10,2024-12-19 12:46:15
500106085,33,21,11,2024-12-19 09:34:16
500108009,33,22,11,2024-12-19 12:06:16
500109036,33,20,11,2024-12-19 09:46:16
500106085,33,20,12,2024-12-19 11:42:16
500109036,33,19,12,2024-12-19 11:36:15
500109036,33,19,12,2024-12-19 11:54:15
500112103,33,20,12,2024-12-19 09:08:15
500106085,33,20,13,2024-12-19 08:55:16
500106085,33,20,13,2024-12-19 09:26:15
500106085,33,19,13,2024-12-19 11:22:16
500106085,33,18,14,2024-12-19 11:38:15
500107171,33,19,14,2024-12-19 10:00:18
500107171,33,18,15,2024-12-19 10:53:16
500113017,33,17,16,2024-12-19 11:37:15
500107059,33,15,17,2024-12-19 11:47:16
500110036,33,10,17,2024-12-19 09:47:14
500113017,33,16,17,2024-12-19 11:12:16
500119058,33,16,17,2024-12-19 13:04:16
500113017,33,15,18,2024-12-19 12:25:16
500110024,33,12,19,2024-12-19 11:25:15
500119058,33,14,19,2024-12-19 10:55:17
500119058,33,12,21,2024-12-19 09:52:15
500106085,33,10,22,2024-12-19 12:19:16
500106112,33,10,22,2024-12-19 12:07:16
500110036,33,5,22,2024-12-19 10:07:16
500107059,33,8,24,2024-12-19 09:27:14
500110036,33,3,24,2024-12-19 10:38:15
500101191,33,8,25,2024-12-19 10:49:16
500101128,33,7,26,2024-12-19 10:51:16
500107059,33,6,26,2024-12-19 11:15:16
500101191,33,6,27,2024-12-19 09:25:16
500101191,33,3,30,2024-12-19 09:46:16
500109068,33,2,30,2024-12-19 12:33:15
500110024,33,1,30,2024-12-19 12:22:16
500101172,33,2,31,2024-12-19 11:58:15
500109068,33,0,32,2024-12-19 12:18:15
500101172,33,33,0,2024-12-19 18:24:15
500107059,33,27,5,2024-12-19 18:47:16
500110036,33,28,5,2024-12-19 21:10:16
500108009,33,26,7,2024-12-19 18:37:15
500110036,33,26,7,2024-12-19 19:17:14
500101172,33,24,9,2024-12-19 20:10:16
500101172,33,24,9,2024-12-19 21:08:15
500107059,33,23,9,2024-12-19 19:28:15
500101128,33,23,10,2024-12-19 18:48:15
500110036,33,20,10,2024-12-19 17:28:15
500101128,33,21,12,2024-12-19 18:34:15
500101203,33,21,12,2024-12-19 17:16:16
500113017,33,20,13,2024-12-19 18:38:16
500106112,33,18,14,2024-12-19 17:48:15
500112103,33,17,15,2024-12-19 19:59:16
500112103,33,17,15,2024-12-19 19:04:15
500110036,33,14,16,2024-12-19 17:48:15
500112103,33,16,16,2024-12-19 20:09:15
500113017,33,17,16,2024-12-19 18:29:16
500113040,33,16,17,2024-12-19 18:58:16
500101203,33,13,20,2024-12-19 19:53:15
500106112,33,12,20,2024-12-19 17:38:16
500107059,33,12,20,2024-12-19 20:09:15
500119058,33,13,20,2024-12-19 19:07:15
500110024,33,12,21,2024-12-19 18:16:16
500106112,33,10,22,2024-12-19 17:28:15
500109068,33,11,22,2024-12-19 18:08:16
500108009,33,10,23,2024-12-19 20:39:16
500101191,33,9,24,2024-12-19 19:56:16
500110024,33,9,24,2024-12-19 18:29:16
500101138,33,8,25,2024-12-19 18:18:15
500101171,33,8,25,2024-12-19 18:45:16
500101203,33,8,25,2024-12-19 18:38:16
500113040,33,3,25,2024-12-19 17:27:16
500101171,33,7,26,2024-12-19 18:38:16
500101203,33,7,26,2024-12-19 18:48:15
500119058,33,7,26,2024-12-19 18:06:15
500119058,33,7,26,2024-12-19 18:18:16
500119095,33,7,26,2024-12-19 19:26:15
500119095,33,6,27,2024-12-19 21:06:15
500106112,33,4,28,2024-12-19 20:46:16
500101191,33,4,29,2024-12-19 18:29:16
500101203,33,4,29,2024-12-19 20:41:14
500106085,33,4,29,2024-12-19 21:20:16
500109036,33,4,29,2024-12-19 18:08:16
500101191,33,1,32,2024-12-19 18:18:15
500109036,33,1,32,2024-12-19 20:08:15
500113040,33,0,33,2024-12-19 20:48:15
500101203,33,31,2,2024-12-19 15:29:15
500101138,33,30,3,2024-12-19 16:30:16
500101203,33,30,3,2024-12-19 16:23:15
500112103,33,29,3,2024-12-19 16:34:16
500119095,33,24,3,2024-12-19 14:16:16
500110036,33,26,4,2024-12-19 13:38:15
500119095,33,23,4,2024-12-19 14:24:15
500101171,33,28,5,2024-12-19 14:55:16
500101203,33,28,5,2024-12-19 16:50:17
500107059,33,27,5,2024-12-19 16:14:15
500101171,33,27,6,2024-12-19 14:35:15
500101191,33,27,6,2024-12-19 15:53:14
500101191,33,27,6,2024-12-19 15:16:15
500110036,33,24,6,2024-12-19 16:16:14
500113040,33,20,6,2024-12-19 13:09:15
500101138,33,24,9,2024-12-19 14:21:15
500113040,33,18,10,2024-12-19 16:57:16
500119095,33,15,12,2024-12-19 15:37:15
500113017,33,16,17,2024-12-19 13:17:15
500101172,33,14,19,2024-12-19 14:44:15
500106112,33,13,19,2024-12-19 16:22:16
500113017,33,14,19,2024-12-19 15:03:15
500106112,33,10,22,2024-12-19 13:56:15
500106112,33,9,23,2024-12-19 14:48:14
500106085,33,8,24,2024-12-19 17:08:16
500101128,33,6,27,2024-12-19 16:57:16
500109068,33,6,27,2024-12-19 16:23:15
500101128,33,5,28,2024-12-19 13:09:15
500106085,33,4,28,2024-12-19 13:12:15
500101191,33,3,30,2024-12-19 16:56:15
500109068,33,2,31,2024-12-19 14:18:15
500101172,33,19,14,2024-12-19 21:48:15
500101138,33,33,0,2024-12-19 08:31:15
500101171,33,33,0,2024-12-19 08:26:15
500113040,33,30,1,2024-12-19 08:17:15
500108009,33,29,4,2024-12-19 08:02:15
500101171,33,28,5,2024-12-19 07:55:17
500110024,33,26,7,2024-12-19 08:27:16
500106112,33,21,10,2024-12-19 07:27:15
500105025,33,19,14,2024-12-19 07:22:15
500110036,33,18,15,2024-12-19 08:37:15
500101138,33,16,17,2024-12-19 07:47:15
500113017,33,16,17,2024-12-19 07:46:15
500112103,33,14,18,2024-12-19 08:18:15
500101172,33,14,19,2024-12-19 04:51:15
500109068,33,11,19,2024-12-19 05:21:14
500110036,33,14,19,2024-12-19 08:56:16
500112103,33,13,19,2024-12-19 08:36:15
500105025,33,13,20,2024-12-19 07:42:15
500101171,33,12,21,2024-12-19 06:45:15
500110024,33,12,21,2024-12-19 07:16:15
500113040,33,10,21,2024-12-19 06:02:14
500106085,33,11,22,2024-12-19 07:24:15
500110036,33,11,22,2024-12-19 08:27:16
500119095,33,10,22,2024-12-19 07:55:17
500101191,33,10,23,2024-12-19 07:56:15
500101171,33,9,24,2024-12-19 06:25:15
500101191,33,8,25,2024-12-19 07:35:15
500107059,33,7,25,2024-12-19 06:23:15
500101203,33,5,26,2024-12-19 07:15:17
500107059,33,6,26,2024-12-19 08:15:16
500110036,33,7,26,2024-12-19 08:17:15
500107059,33,5,27,2024-12-19 07:17:14
500110036,33,4,29,2024-12-19 07:15:17
500110036,33,3,30,2024-12-19 07:27:15
500109068,33,0,32,2024-12-19 08:54:18
500101203,33,7,24,2024-12-19 03:52:14
500112103,33,1,31,2024-12-19 00:47:15
500101128,33,28,5,2024-12-19 23:46:15
500113040,33,1,31,2024-12-19 23:14:15
500101128,33,27,6,2024-12-19 22:58:15
500101138,33,1,32,2024-12-19 21:38:15
500119095,33,3,30,2024-12-19 21:31:15
500108009,33,10,23,2024-12-19 21:25:16
500113017,33,19,14,2024-12-19 21:34:15
500108009,33,4,29,2024-12-19 01:19:15
500110036,33,10,23,2024-12-19 02:53:15
500105025,33,19,14,2024-12-19 01:40:15
500109036,33,4,29,2024-12-19 22:07:15
500101171,33,12,21,2024-12-19 22:03:14
500101128,33,24,9,2024-12-19 21:58:15
500101171,33,10,23,2024-12-19 23:29:14
500110036,33,9,24,2024-12-19 01:44:14
500101172,33,10,23,2024-12-19 01:37:14
500106112,33,5,26,2024-12-19 01:37:14
500101203,33,30,1,2024-12-19 09:07:16
500112103,33,30,2,2024-12-19 12:52:15
500107059,33,27,5,2024-12-19 12:19:16
500110036,33,25,5,2024-12-19 12:32:16
500110036,33,25,5,2024-12-19 12:19:16
500113040,33,20,6,2024-12-19 12:38:14
500106112,33,25,7,2024-12-19 10:28:15
500110036,33,23,7,2024-12-19 12:28:15
500119095,33,18,8,2024-12-19 13:08:15
500101138,33,24,9,2024-12-19 13:04:16
500113040,33,21,10,2024-12-19 09:57:15
500109036,33,17,14,2024-12-19 10:07:16
500110024,33,19,14,2024-12-19 09:09:15
500107171,33,17,16,2024-12-19 11:38:15
500107171,33,17,16,2024-12-19 12:04:16
500106112,33,15,17,2024-12-19 11:38:15
500110036,33,13,17,2024-12-19 11:15:16
500110024,33,13,18,2024-12-19 09:45:15
500119058,33,15,18,2024-12-19 12:32:16
500113017,33,14,19,2024-12-19 11:55:17
500101128,33,10,23,2024-12-19 09:44:15
500110024,33,5,26,2024-12-19 12:03:15
500101128,33,6,27,2024-12-19 09:25:16
500101128,33,5,28,2024-12-19 12:25:16
500101172,33,4,29,2024-12-19 12:56:15
500109068,33,3,29,2024-12-19 09:06:15
500101128,33,2,31,2024-12-19 12:08:15
500101172,33,2,31,2024-12-19 13:07:15
500101191,33,2,31,2024-12-19 10:07:16
500101191,33,0,33,2024-12-19 09:37:15
500110036,33,8,25,2024-12-19 02:29:14
500101172,33,32,1,2024-12-19 17:59:15
500107059,33,29,3,2024-12-19 18:17:15
500110036,33,30,3,2024-12-19 19:45:16
500107059,33,26,6,2024-12-19 17:46:15
500110036,33,27,6,2024-12-19 21:01:15
500101172,33,26,7,2024-12-19 20:22:15
500112103,33,25,7,2024-12-19 18:15:17
500101172,33,25,8,2024-12-19 19:47:15
500101128,33,24,9,2024-12-19 20:43:15
500108009,33,24,9,2024-12-19 17:25:16
500101128,33,21,12,2024-12-19 20:53:15
500109068,33,21,12,2024-12-19 20:42:15
500110024,33,21,12,2024-12-19 18:44:16
500113017,33,21,12,2024-12-19 19:21:15
500119095,33,21,12,2024-12-19 17:48:15
500101128,33,20,13,2024-12-19 18:07:16
500107171,33,20,13,2024-12-19 19:09:15
500119095,33,19,14,2024-12-19 17:59:15
500107059,33,16,16,2024-12-19 19:57:15
500107171,33,17,16,2024-12-19 18:28:16
500107059,33,15,17,2024-12-19 20:49:15
500101171,33,14,19,2024-12-19 17:46:15
500107059,33,13,19,2024-12-19 20:38:15
500110024,33,13,20,2024-12-19 19:14:15
500119058,33,13,20,2024-12-19 18:57:15
500119095,33,13,20,2024-12-19 19:04:15
500109068,33,12,21,2024-12-19 19:07:15
500108009,33,8,25,2024-12-19 20:41:15
500101138,33,7,26,2024-12-19 18:54:15
500109068,33,7,26,2024-12-19 17:07:15
500109036,33,6,27,2024-12-19 18:56:15
500101138,33,4,29,2024-12-19 20:46:16
500101138,33,4,29,2024-12-19 21:08:15
500101191,33,4,29,2024-12-19 18:38:15
500101138,33,3,30,2024-12-19 20:37:16
500101171,33,2,31,2024-12-19 18:26:16
500101191,33,2,31,2024-12-19 18:07:16
500101191,33,2,31,2024-12-19 18:56:15
500101203,33,2,31,2024-12-19 21:08:15
500109036,33,2,31,2024-12-19 19:51:15
500109036,33,2,31,2024-12-19 17:33:16
500101191,33,1,32,2024-12-19 18:48:15
500101203,33,30,1,2024-12-19 13:18:15
500109036,33,32,1,2024-12-19 15:33:15
500109036,33,30,1,2024-12-19 13:41:16
500109036,33,32,1,2024-12-19 15:18:16
500119058,33,32,1,2024-12-19 14:44:15
500101203,33,31,2,2024-12-19 15:43:15
500107059,33,29,3,2024-12-19 13:47:15
500119095,33,24,3,2024-12-19 14:07:16
500112103,33,28,4,2024-12-19 15:55:16
500113040,33,24,4,2024-12-19 15:23:15
500101171,33,28,5,2024-12-19 16:37:15
500113040,33,23,5,2024-12-19 15:48:15
500113040,33,23,5,2024-12-19 16:16:15
500113040,33,22,6,2024-12-19 15:10:15
500119058,33,27,6,2024-12-19 14:22:15
500101191,33,26,7,2024-12-19 15:36:15
500112103,33,25,7,2024-12-19 17:02:15
500110036,33,22,8,2024-12-19 16:28:15
500101171,33,23,10,2024-12-19 17:15:17
500119058,33,23,10,2024-12-19 16:47:15
500113040,33,17,11,2024-12-19 13:43:14
500113040,33,17,11,2024-12-19 13:53:15
500110024,33,20,13,2024-12-19 17:15:17
500110024,33,13,18,2024-12-19 16:17:15
500101172,33,14,19,2024-12-19 15:02:15
500101172,33,13,20,2024-12-19 16:46:15
500105025,33,12,21,2024-12-19 15:29:15
500101128,33,8,25,2024-12-19 16:48:16
500106112,33,7,25,2024-12-19 14:11:16
500106085,33,5,27,2024-12-19 15:08:15
500106085,33,4,28,2024-12-19 14:58:15
500109068,33,2,30,2024-12-19 13:36:16
500106085,33,0,32,2024-12-19 16:28:15
500101203,33,31,0,2024-12-19 08:40:19
500106112,33,31,0,2024-12-19 08:45:16
500109036,33,31,0,2024-12-19 07:57:16
500106085,33,30,3,2024-12-19 08:03:15
500101203,33,25,6,2024-12-19 08:17:14
500106112,33,25,6,2024-12-19 07:17:14
500101172,33,26,7,2024-12-19 07:47:15
500106085,33,26,7,2024-12-19 07:57:16
500110024,33,26,7,2024-12-19 08:37:15
500106112,33,23,8,2024-12-19 07:37:15
500109036,33,23,8,2024-12-19 08:45:15
500101128,33,22,11,2024-12-19 07:26:15
500106112,33,20,12,2024-12-19 08:57:15
500109036,33,19,12,2024-12-19 08:56:16
500101172,33,19,14,2024-12-19 07:57:16
500101191,33,19,14,2024-12-19 08:43:15
500113017,33,14,14,2024-12-19 06:31:14
500119095,33,17,15,2024-12-19 08:22:14
500119095,33,17,15,2024-12-19 08:35:16
500101172,33,17,16,2024-12-19 07:17:14
500101203,33,14,17,2024-12-19 08:03:15
500113040,33,14,17,2024-12-19 06:37:15
500101191,33,15,18,2024-12-19 08:02:15
500113040,33,13,18,2024-12-19 06:26:15
500112103,33,12,20,2024-12-19 07:56:15
500105025,33,12,21,2024-12-19 08:03:14
500101171,33,11,22,2024-12-19 05:50:15
500112103,33,10,22,2024-12-19 07:46:15
500112103,33,10,22,2024-12-19 08:02:15
500109036,33,8,23,2024-12-19 05:49:15
500110036,33,9,24,2024-12-19 07:36:15
500113040,33,7,24,2024-12-19 04:45:15
500106085,33,8,25,2024-12-19 07:09:15
500109068,33,7,25,2024-12-19 08:02:15
500110036,33,8,25,2024-12-19 06:35:15
500119058,33,8,25,2024-12-19 08:02:15
500101191,33,6,27,2024-12-19 06:54:15
500106085,33,5,28,2024-12-19 06:35:15
500106112,33,3,28,2024-12-19 05:01:14
500109068,33,0,30,2024-12-19 07:11:15
500101138,33,2,31,2024-12-19 06:19:15
500101191,33,2,31,2024-12-19 05:37:15
500109068,33,1,31,2024-12-19 08:22:15
500101171,33,14,19,2024-12-19 00:19:15
500113040,33,1,30,2024-12-19 00:01:16
500113040,33,0,31,2024-12-19 00:45:17
500119095,33,8,24,2024-12-19 00:16:15
500119095,33,11,21,2024-12-19 00:36:15
500101171,33,15,18,2024-12-19 00:00:16
500101138,33,5,28,2024-12-19 23:31:15
500101128,33,32,1,2024-12-19 00:08:14
500110024,33,16,17,2024-12-19 00:51:14
500101128,33,23,10,2024-12-19 21:38:15
500101171,33,10,23,2024-12-19 03:00:16
500101138,33,4,29,2024-12-19 22:09:15
500112103,33,15,17,2024-12-19 22:08:15
500113017,33,19,14,2024-12-19 22:08:15
500101128,33,25,8,2024-12-19 22:09:15
500106112,33,6,25,2024-12-19 01:24:14
500101171,33,13,20,2024-12-19 02:40:16
500110036,33,30,3,2024-12-19 22:15:16
500109036,33,1,32,2024-12-19 22:25:17
500101172,33,21,12,2024-12-19 22:26:15
500101171,33,9,24,2024-12-19 22:54:14
500113040,33,0,32,2024-12-19 23:28:16
500109036,33,8,25,2024-12-19 23:32:15
500101203,33,30,1,2024-12-19 09:39:16
500112103,33,31,1,2024-12-19 12:48:15
500101203,33,29,2,2024-12-19 11:30:17
500109036,33,29,2,2024-12-19 12:58:15
500101138,33,29,4,2024-12-19 10:28:15
500101203,33,27,4,2024-12-19 13:04:16
500113040,33,27,4,2024-12-19 09:09:15
500101138,33,28,5,2024-12-19 09:37:15
500101203,33,26,5,2024-12-19 12:56:15
500113040,33,21,5,2024-12-19 12:05:17
500113040,33,20,6,2024-12-19 12:19:16
500113040,33,20,6,2024-12-19 11:12:16
500106085,33,21,11,2024-12-19 09:46:16
500110024,33,21,12,2024-12-19 09:05:16
500106085,33,19,13,2024-12-19 10:22:15
500109036,33,17,14,2024-12-19 10:46:15
500119095,33,12,14,2024-12-19 12:10:16
500109036,33,16,15,2024-12-19 09:53:15
500119095,33,11,15,2024-12-19 10:40:16
500119095,33,10,16,2024-12-19 10:37:16
500108009,33,16,17,2024-12-19 09:34:14
500113017,33,16,17,2024-12-19 11:45:15
500113017,33,16,17,2024-12-19 10:15:16
500110036,33,9,18,2024-12-19 09:56:16
500119058,33,15,18,2024-12-19 09:08:15
500119058,33,15,18,2024-12-19 11:04:15
500110036,33,8,19,2024-12-19 09:36:15
500105025,33,13,20,2024-12-19 09:30:16
500119058,33,13,20,2024-12-19 10:36:14
500110024,33,9,22,2024-12-19 11:38:14
500106112,33,9,23,2024-12-19 13:01:15
500106112,33,8,24,2024-12-19 11:58:16
500106112,33,7,25,2024-12-19 12:57:15
500101172,33,5,28,2024-12-19 12:39:15
500106112,33,3,29,2024-12-19 12:35:16
500101172,33,3,30,2024-12-19 11:16:15
500101172,33,2,31,2024-12-19 12:08:15
500101128,33,1,32,2024-12-19 12:34:14
500101172,33,1,32,2024-12-19 11:04:15
500109068,33,0,32,2024-12-19 09:48:15
500101172,33,28,5,2024-12-19 17:38:16
500108009,33,27,6,2024-12-19 18:43:15
500110036,33,27,6,2024-12-19 18:58:16
500101128,33,26,7,2024-12-19 19:54:15
500101128,33,26,7,2024-12-19 20:08:15
500107059,33,25,7,2024-12-19 21:19:16
500108009,33,25,8,2024-12-19 18:26:16
500101128,33,24,9,2024-12-19 21:06:15
500113017,33,23,10,2024-12-19 19:59:16
500106112,33,19,12,2024-12-19 21:19:16
500101128,33,20,13,2024-12-19 17:58:16
500105025,33,19,14,2024-12-19 19:48:14
500112103,33,18,14,2024-12-19 19:43:15
500107171,33,18,15,2024-12-19 19:03:15
500112103,33,17,15,2024-12-19 20:24:15
500105025,33,17,16,2024-12-19 19:35:16
500105025,33,16,17,2024-12-19 17:32:15
500105025,33,16,17,2024-12-19 19:23:14
500105025,33,16,17,2024-12-19 18:43:15
500107171,33,16,17,2024-12-19 17:26:14
500110024,33,16,17,2024-12-19 17:38:16
500105025,33,14,19,2024-12-19 16:43:15
500105025,33,14,19,2024-12-19 20:55:17
500119058,33,13,20,2024-12-19 20:07:15
500119058,33,13,20,2024-12-19 20:33:15
500119058,33,13,20,2024-12-19 17:28:15
500101171,33,12,21,2024-12-19 18:08:16
500101203,33,12,21,2024-12-19 19:29:15
500101203,33,12,21,2024-12-19 18:16:16
500106112,33,9,23,2024-12-19 19:59:16
500101138,33,9,24,2024-12-19 17:57:15
500108009,33,9,24,2024-12-19 21:13:16
500113017,33,9,24,2024-12-19 17:36:15
500113040,33,9,24,2024-12-19 19:26:15
500101203,33,8,25,2024-12-19 20:25:15
500101171,33,7,26,2024-12-19 18:56:15
500101138,33,6,27,2024-12-19 20:09:15
500101171,33,6,27,2024-12-19 20:27:14
500101138,33,5,28,2024-12-19 18:28:16
500109036,33,5,28,2024-12-19 19:17:15
500109036,33,4,29,2024-12-19 19:07:15
500101138,33,2,31,2024-12-19 20:58:15
500101191,33,2,31,2024-12-19 20:09:15
500101191,33,1,32,2024-12-19 17:15:17
500101191,33,1,32,2024-12-19 21:20:19
500119058,33,33,0,2024-12-19 15:39:15
500113040,33,27,1,2024-12-19 16:48:15
500119058,33,31,2,2024-12-19 14:34:14
500101203,33,28,3,2024-12-19 13:30:16
500107059,33,29,3,2024-12-19 15:05:16
500113040,33,25,3,2024-12-19 15:36:15
500119058,33,30,3,2024-12-19 15:06:14
500119095,33,23,3,2024-12-19 13:16:14
500101138,33,29,4,2024-12-19 16:04:15
500119058,33,29,4,2024-12-19 15:18:15
500119095,33,23,4,2024-12-19 16:58:15
500101171,33,28,5,2024-12-19 14:48:15
500110036,33,25,5,2024-12-19 15:24:15
500119095,33,22,5,2024-12-19 14:36:16
500113040,33,22,6,2024-12-19 15:50:16
500101138,33,26,7,2024-12-19 17:07:15
500101171,33,26,7,2024-12-19 13:21:16
500110036,33,23,7,2024-12-19 16:34:16
500107059,33,24,8,2024-12-19 16:24:15
500101138,33,24,9,2024-12-19 17:16:16
500101138,33,23,10,2024-12-19 14:51:15
500107171,33,23,10,2024-12-19 13:56:14
500107171,33,21,12,2024-12-19 13:20:16
500109036,33,20,13,2024-12-19 16:03:15
500119058,33,20,13,2024-12-19 17:06:16
500101172,33,16,17,2024-12-19 17:07:15
500106112,33,13,19,2024-12-19 16:08:16
500109036,33,14,19,2024-12-19 16:38:15
500101172,33,13,20,2024-12-19 16:38:15
500106112,33,12,20,2024-12-19 16:15:15
500109036,33,13,20,2024-12-19 16:58:15
500101172,33,12,21,2024-12-19 15:44:15
500113017,33,11,22,2024-12-19 16:05:16
500113017,33,9,24,2024-12-19 17:17:16
500119095,33,3,24,2024-12-19 16:37:15
500106085,33,1,31,2024-12-19 16:54:16
500119095,33,1,32,2024-12-19 21:41:15
500119058,33,7,26,2024-12-19 21:49:15
500101171,33,33,0,2024-12-19 08:16:15
500101203,33,31,0,2024-12-19 08:56:16
500101203,33,30,1,2024-12-19 08:36:17
500113040,33,30,1,2024-12-19 07:17:14
500113040,33,23,8,2024-12-19 08:03:15
500108009,33,20,13,2024-12-19 08:27:15
500112103,33,19,13,2024-12-19 08:56:16
500105025,33,18,15,2024-12-19 07:14:15
500107171,33,18,15,2024-12-19 06:29:15
500106085,33,17,16,2024-12-19 07:47:15
500113017,33,17,16,2024-12-19 07:52:15
500108009,33,16,17,2024-12-19 08:52:16
500101128,33,15,18,2024-12-19 08:03:15
500109068,33,12,18,2024-12-19 05:32:15
500106085,33,13,20,2024-12-19 07:33:15
500105025,33,11,22,2024-12-19 08:37:15
500101191,33,9,24,2024-12-19 07:42:15
500107059,33,8,24,2024-12-19 07:46:15
500107059,33,7,25,2024-12-19 07:36:15
500112103,33,7,25,2024-12-19 07:37:15
500101203,33,5,26,2024-12-19 06:44:15
500107059,33,6,26,2024-12-19 08:55:16
500109036,33,5,26,2024-12-19 06:36:14
500113017,33,2,26,2024-12-19 07:36:15
500110036,33,4,29,2024-12-19 08:03:15
500101138,33,2,31,2024-12-19 05:41:14
500119058,33,2,31,2024-12-19 07:16:16
500101138,33,3,30,2024-12-19 00:24:15
500107059,33,0,32,2024-12-19 00:07:15
500101138,33,3,30,2024-12-19 00:17:15
500101191,33,0,33,2024-12-19 22:27:14
500108009,33,12,21,2024-12-19 23:22:15
500113017,33,20,13,2024-12-19 23:49:15
500113040,33,0,32,2024-12-19 23:50:17
500107171,33,20,13,2024-12-19 22:37:15
500101171,33,17,16,2024-12-19 01:15:15
500109036,33,0,33,2024-12-19 22:55:17
500119095,33,0,33,2024-12-19 21:59:16
500107059,33,7,25,2024-12-19 22:39:15
500101171,33,10,23,2024-12-19 22:18:14
500112103,33,13,19,2024-12-19 22:11:15
500105025,33,15,18,2024-12-19 21:14:15
500101191,33,0,33,2024-12-19 21:38:16
500101203,33,3,30,2024-12-19 21:38:15
500119095,33,6,26,2024-12-19 02:44:15
500107171,33,19,14,2024-12-19 02:27:14
500109068,33,22,9,2024-12-19 01:27:15
500101191,33,1,32,2024-12-19 03:56:15
500109036,33,6,25,2024-12-19 04:21:15
500119058,33,1,32,2024-12-19 22:03:14
500110024,33,8,25,2024-12-19 22:05:16
500101203,33,5,26,2024-12-19 01:22:15
500110036,33,8,25,2024-12-19 01:23:15
500107171,33,18,15,2024-12-19 21:54:15
500106112,33,6,25,2024-12-19 00:57:15
500110024,33,9,24,2024-12-19 22:15:15
500106112,33,15,16,2024-12-19 22:23:15
500119095,33,14,19,2024-12-19 22:54:14
500101172,33,16,17,2024-12-19 22:58:15
500110036,33,11,22,2024-12-19 01:35:15
500101171,33,33,0,2024-12-19 10:09:16
500112103,33,32,0,2024-12-19 12:37:15
500112103,33,32,0,2024-12-19 11:47:16
500106112,33,31,1,2024-12-19 09:43:15
500109036,33,29,2,2024-12-19 12:23:16
500112103,33,30,2,2024-12-19 09:46:16
500107059,33,29,3,2024-12-19 13:06:14
500113040,33,23,3,2024-12-19 12:47:15
500101138,33,28,5,2024-12-19 11:57:16
500106112,33,27,5,2024-12-19 10:18:15
500112103,33,24,8,2024-12-19 09:27:15
500106085,33,20,12,2024-12-19 11:05:17
500108009,33,21,12,2024-12-19 10:14:14
500109036,33,19,12,2024-12-19 09:26:15
500119095,33,18,13,2024-12-19 09:08:15
500106112,33,17,15,2024-12-19 11:07:16
500119095,33,11,15,2024-12-19 10:56:15
500106112,33,16,16,2024-12-19 10:52:15
500106112,33,15,17,2024-12-19 11:28:16
500110024,33,14,17,2024-12-19 09:54:15
500107059,33,14,18,2024-12-19 11:38:15
500108009,33,15,18,2024-12-19 10:00:18
500113017,33,15,18,2024-12-19 10:20:16
500119058,33,15,18,2024-12-19 10:42:15
500106085,33,13,19,2024-12-19 12:08:15
500119058,33,13,20,2024-12-19 09:46:16
500105025,33,12,21,2024-12-19 09:05:15
500107059,33,10,22,2024-12-19 10:05:16
500107059,33,8,24,2024-12-19 09:08:15
500106112,33,7,25,2024-12-19 12:28:15
500119058,33,7,26,2024-12-19 10:02:15
500101128,33,6,27,2024-12-19 10:43:16
500101128,33,5,28,2024-12-19 11:17:15
500110024,33,3,28,2024-12-19 12:17:15
500101172,33,4,29,2024-12-19 12:36:15
500101172,33,3,30,2024-12-19 11:38:15
500107059,33,2,30,2024-12-19 11:08:15
500101172,33,1,32,2024-12-19 09:53:15
500101172,33,1,32,2024-12-19 10:25:15
500101191,33,1,32,2024-12-19 09:57:15
500101191,33,1,32,2024-12-19 10:26:15
500101172,33,0,33,2024-12-19 10:03:17
500110036,33,29,4,2024-12-19 20:17:15
500110036,33,29,4,2024-12-19 19:29:15
500110036,33,28,5,2024-12-19 18:37:15
500101172,33,27,6,2024-12-19 19:59:16
500110036,33,26,7,2024-12-19 18:28:16
500107059,33,24,8,2024-12-19 19:07:15
500108009,33,25,8,2024-12-19 19:21:15
500109068,33,24,9,2024-12-19 21:19:16
500110036,33,21,9,2024-12-19 17:37:16
500108009,33,23,10,2024-12-19 17:53:15
500107059,33,21,11,2024-12-19 19:37:16
500109068,33,22,11,2024-12-19 20:29:15
500112103,33,21,11,2024-12-19 18:26:16
500109068,33,21,12,2024-12-19 20:13:15
500113017,33,21,12,2024-12-19 21:11:15
500107059,33,19,13,2024-12-19 19:48:15
500113040,33,20,13,2024-12-19 18:37:15
500106112,33,17,15,2024-12-19 18:58:16
500107059,33,17,15,2024-12-19 20:56:15
500112103,33,17,15,2024-12-19 18:55:17
500112103,33,16,16,2024-12-19 19:25:15
500106112,33,15,17,2024-12-19 18:18:16
500106112,33,15,17,2024-12-19 18:35:16
500107059,33,15,17,2024-12-19 20:29:15
500110024,33,16,17,2024-12-19 17:58:16
500110024,33,13,20,2024-12-19 20:12:15
500110024,33,13,20,2024-12-19 19:29:15
500101138,33,11,22,2024-12-19 19:04:15
500110024,33,10,23,2024-12-19 20:25:15
500101203,33,8,25,2024-12-19 18:26:16
500109036,33,6,27,2024-12-19 18:23:16
500109068,33,6,27,2024-12-19 17:36:15
500113040,33,1,27,2024-12-19 18:08:16
500101138,33,4,29,2024-12-19 20:25:15
500101191,33,1,32,2024-12-19 17:45:16
500101191,33,1,32,2024-12-19 17:59:15
500106085,33,0,33,2024-12-19 17:26:16
500101171,33,32,1,2024-12-19 16:17:15
500109036,33,32,1,2024-12-19 15:01:18
500101203,33,29,2,2024-12-19 13:28:16
500107059,33,30,2,2024-12-19 14:05:16
500107059,33,29,3,2024-12-19 14:55:16
500112103,33,29,3,2024-12-19 14:45:15
500119095,33,22,4,2024-12-19 13:45:16
500101191,33,28,5,2024-12-19 14:16:16
500110036,33,25,5,2024-12-19 13:13:15
500101203,33,27,6,2024-12-19 16:31:15
500101138,33,26,7,2024-12-19 14:37:14
500101171,33,26,7,2024-12-19 13:53:14
500119095,33,20,7,2024-12-19 15:26:15
500101171,33,25,8,2024-12-19 13:12:15
500119058,33,25,8,2024-12-19 13:48:16
500119095,33,19,8,2024-12-19 14:59:15
500101138,33,24,9,2024-12-19 15:08:14
500119058,33,20,13,2024-12-19 13:21:16
500107171,33,19,14,2024-12-19 16:35:15
500101172,33,16,17,2024-12-19 13:38:16
500101172,33,15,18,2024-12-19 14:01:15
500113017,33,14,19,2024-12-19 13:24:15
500101172,33,13,20,2024-12-19 15:15:16
500105025,33,13,20,2024-12-19 14:46:15
500106112,33,11,21,2024-12-19 15:48:15
500101191,33,11,22,2024-12-19 16:28:15
500101172,33,10,23,2024-12-19 16:16:14
500101128,33,7,26,2024-12-19 16:36:15
500110024,33,5,26,2024-12-19 15:21:15
500106085,33,5,27,2024-12-19 13:39:15
500101128,33,5,28,2024-12-19 14:38:15
500101191,33,5,28,2024-12-19 16:38:15
500101128,33,4,29,2024-12-19 15:06:15
500110024,33,9,24,2024-12-19 21:48:16
500101128,33,24,9,2024-12-19 21:40:16
500106112,33,31,0,2024-12-19 08:37:16
500109036,33,31,0,2024-12-19 08:02:17
500113040,33,30,1,2024-12-19 08:27:16
500108009,33,25,8,2024-12-19 07:57:16
500109068,33,21,9,2024-12-19 04:56:15
500101128,33,22,11,2024-12-19 07:09:15
500113017,33,17,11,2024-12-19 05:44:15
500101172,33,20,13,2024-12-19 07:27:15
500101138,33,19,14,2024-12-19 07:17:14
500101172,33,19,14,2024-12-19 08:01:15
500105025,33,19,14,2024-12-19 06:06:14
500106085,33,19,14,2024-12-19 08:47:15
500101172,33,18,15,2024-12-19 06:36:14
500107171,33,18,15,2024-12-19 07:38:15
500109068,33,17,15,2024-12-19 07:36:15
500105025,33,17,16,2024-12-19 06:44:15
500109068,33,13,17,2024-12-19 05:15:15
500110024,33,15,18,2024-12-19 05:32:15
500101203,33,12,19,2024-12-19 07:54:15
500109068,33,11,19,2024-12-19 06:12:15
500101138,33,13,20,2024-12-19 07:36:15
500101203,33,11,20,2024-12-19 07:47:15
500109036,33,10,21,2024-12-19 06:54:16
500101203,33,7,24,2024-12-19 07:27:15
500107059,33,8,24,2024-12-19 07:55:17
500109036,33,7,24,2024-12-19 04:57:14
500119095,33,7,24,2024-12-19 08:57:15
500101128,33,8,25,2024-12-19 08:54:15
500107059,33,7,25,2024-12-19 06:46:15
500108009,33,8,25,2024-12-19 06:56:15
500110036,33,7,26,2024-12-19 05:58:15
500108009,33,3,30,2024-12-19 06:16:15
500119095,33,7,25,2024-12-19 03:45:15
500101138,33,1,32,2024-12-19 00:01:14
500110036,33,8,25,2024-12-19 00:31:14
500112103,33,0,32,2024-12-19 00:56:14
500106112,33,5,26,2024-12-19 01:15:15
500101203,33,6,25,2024-12-19 01:09:14
500110036,33,9,24,2024-12-19 00:46:15
500119095,33,10,22,2024-12-19 00:56:14
500119095,33,10,23,2024-12-19 23:09:15
500119058,33,2,31,2024-12-19 22:38:14
500101203,33,3,30,2024-12-19 22:07:15
500110036,33,31,2,2024-12-19 22:39:15
500112103,33,14,18,2024-12-19 21:16:15
500106112,33,2,29,2024-12-19 03:56:14
500101203,33,6,25,2024-12-19 04:05:15
500107171,33,19,14,2024-12-19 22:07:15
500110036,33,28,5,2024-12-19 22:04:15
500101172,33,21,12,2024-12-19 21:58:15
500119095,33,9,24,2024-12-19 23:56:14
500113040,33,0,33,2024-12-19 22:47:15
500106112,33,16,15,2024-12-19 23:03:14
500109036,33,1,32,2024-12-19 22:18:15
500113040,33,1,32,2024-12-19 22:14:15
500109068,33,21,9,2024-12-19 03:45:15
500101191,33,0,33,2024-12-19 22:25:17
500106112,33,15,16,2024-12-19 22:55:16
500101172,33,16,17,2024-12-19 23:24:15
500101138,33,33,0,2024-12-19 10:43:15
500101171,33,32,1,2024-12-19 11:45:16
500112103,33,31,1,2024-12-19 09:54:15
500101138,33,31,2,2024-12-19 09:24:15
500101138,33,31,2,2024-12-19 11:47:16
500101171,33,30,3,2024-12-19 12:08:15
500101171,33,29,4,2024-12-19 12:15:16
500107059,33,28,4,2024-12-19 12:28:15
500110036,33,26,4,2024-12-19 11:57:16
500101138,33,28,5,2024-12-19 09:55:17
500106112,33,27,5,2024-12-19 09:25:16
500109036,33,26,5,2024-12-19 12:19:15
500110036,33,25,5,2024-12-19 13:07:15
500113040,33,21,5,2024-12-19 11:48:15
500101138,33,26,7,2024-12-19 12:47:15
500110036,33,23,7,2024-12-19 12:48:15
500106112,33,23,9,2024-12-19 09:09:15
500101138,33,23,10,2024-12-19 12:08:15
500101171,33,23,10,2024-12-19 13:05:16
500107059,33,21,11,2024-12-19 11:58:15
500108009,33,21,12,2024-12-19 11:11:15
500109036,33,19,12,2024-12-19 09:07:15
500107171,33,20,13,2024-12-19 13:07:15
500119095,33,13,13,2024-12-19 11:07:16
500107171,33,19,14,2024-12-19 12:53:15
500109036,33,17,14,2024-12-19 10:53:16
500119095,33,17,14,2024-12-19 09:07:15
500107171,33,18,15,2024-12-19 12:40:16
500106112,33,16,16,2024-12-19 10:38:15
500106112,33,15,17,2024-12-19 11:17:15
500113017,33,16,17,2024-12-19 09:35:16
500119058,33,16,17,2024-12-19 11:31:14
500113017,33,15,18,2024-12-19 09:21:15
500107059,33,13,19,2024-12-19 10:16:15
500107059,33,13,19,2024-12-19 10:38:15
500113017,33,14,19,2024-12-19 13:08:15
500110036,33,4,23,2024-12-19 10:13:16
500101191,33,7,26,2024-12-19 10:47:16
500101128,33,5,28,2024-12-19 11:28:16
500106085,33,4,28,2024-12-19 12:52:15
500101128,33,4,29,2024-12-19 12:51:15
500101172,33,4,29,2024-12-19 10:43:16
500101172,33,3,30,2024-12-19 09:27:15
500109068,33,1,31,2024-12-19 11:52:15
500110036,33,31,2,2024-12-19 19:37:15
500110036,33,28,5,2024-12-19 20:55:17
500101128,33,27,6,2024-12-19 20:13:15
500107059,33,26,6,2024-12-19 17:58:16
500101128,33,26,7,2024-12-19 20:21:15
500101172,33,26,7,2024-12-19 21:18:14
500107059,33,25,7,2024-12-19 17:28:15
500101128,33,25,8,2024-12-19 20:36:15
500101172,33,24,9,2024-12-19 20:59:15
500101128,33,21,12,2024-12-19 19:37:16
500101172,33,20,13,2024-12-19 19:36:15
500113017,33,20,13,2024-12-19 21:04:15
500113017,33,19,14,2024-12-19 18:52:15
500101203,33,18,15,2024-12-19 17:40:17
500119095,33,15,18,2024-12-19 18:58:16
500119058,33,14,19,2024-12-19 20:46:16
500101128,33,13,20,2024-12-19 17:35:16
500109068,33,13,20,2024-12-19 19:11:15
500119058,33,13,20,2024-12-19 19:28:15
500101191,33,11,22,2024-12-19 19:49:15
500101203,33,11,22,2024-12-19 20:09:15
500119058,33,11,22,2024-12-19 19:47:15
500109068,33,8,25,2024-12-19 17:54:15
500119095,33,8,25,2024-12-19 19:37:16
500101171,33,7,26,2024-12-19 20:13:15
500109036,33,7,26,2024-12-19 18:35:16
500101171,33,6,27,2024-12-19 20:37:16
500109036,33,6,27,2024-12-19 18:17:15
500109036,33,5,28,2024-12-19 19:37:16
500119095,33,4,29,2024-12-19 21:13:15
500101191,33,3,30,2024-12-19 21:09:16
500101203,33,3,30,2024-12-19 19:18:15
500109036,33,3,30,2024-12-19 17:56:16
500109036,33,3,30,2024-12-19 19:47:15
500113040,33,2,31,2024-12-19 21:09:15
500101191,33,1,32,2024-12-19 17:32:15
500101203,33,1,32,2024-12-19 21:11:15
500109036,33,0,33,2024-12-19 21:18:15
500109036,33,0,33,2024-12-19 21:20:19
500101171,33,33,0,2024-12-19 15:58:16
500101203,33,32,1,2024-12-19 14:47:15
500101171,33,30,3,2024-12-19 15:22:15
500113040,33,23,5,2024-12-19 14:48:15
500119095,33,21,5,2024-12-19 13:37:15
500101191,33,27,6,2024-12-19 15:27:15
500113040,33,22,6,2024-12-19 14:54:15
500113040,33,21,7,2024-12-19 15:00:17
500119058,33,26,7,2024-12-19 14:03:15
500110036,33,22,8,2024-12-19 17:15:17
500113040,33,20,8,2024-12-19 14:17:15
500119095,33,25,8,2024-12-19 17:08:15
500101138,33,23,10,2024-12-19 13:45:16
500101138,33,23,10,2024-12-19 14:14:15
500119058,33,21,12,2024-12-19 13:31:15
500119058,33,17,16,2024-12-19 13:18:15
500119095,33,11,16,2024-12-19 16:28:14
500101172,33,15,18,2024-12-19 14:34:14
500105025,33,14,19,2024-12-19 14:13:15
500106112,33,11,21,2024-12-19 13:16:15
500101172,33,10,23,2024-12-19 15:52:15
500101172,33,10,23,2024-12-19 16:23:15
500106112,33,8,24,2024-12-19 15:25:15
500106112,33,6,26,2024-12-19 15:04:15
500110024,33,4,27,2024-12-19 15:30:17
500101128,33,5,28,2024-12-19 14:57:15
500106085,33,3,29,2024-12-19 17:17:16
500101171,33,11,22,2024-12-19 02:51:15
500113040,33,0,33,2024-12-19 21:49:15
500109036,33,2,31,2024-12-19 21:49:15
500106085,33,33,0,2024-12-19 08:24:15
500101138,33,32,1,2024-12-19 08:25:16
500106085,33,32,1,2024-12-19 08:16:15
500106112,33,30,1,2024-12-19 08:16:14
500106112,33,28,3,2024-12-19 08:03:15
500113040,33,26,5,2024-12-19 08:37:15
500101128,33,24,9,2024-12-19 04:51:15
500113040,33,22,9,2024-12-19 07:45:16
500101171,33,23,10,2024-12-19 07:47:15
500113040,33,21,10,2024-12-19 06:46:14
500106112,33,19,12,2024-12-19 06:56:15
500106112,33,18,13,2024-12-19 06:35:15
500113017,33,15,13,2024-12-19 06:41:15
500101128,33,18,15,2024-12-19 08:27:16
500106112,33,16,15,2024-12-19 06:20:15
500113017,33,17,16,2024-12-19 08:36:15
500101128,33,16,17,2024-12-19 07:57:16
500107171,33,16,17,2024-12-19 07:53:16
500119058,33,15,18,2024-12-19 08:29:15
500101171,33,14,19,2024-12-19 06:48:15
500105025,33,13,20,2024-12-19 08:56:16
500108009,33,12,21,2024-12-19 07:17:14
500101171,33,11,22,2024-12-19 06:17:14
500106112,33,9,22,2024-12-19 05:36:15
500110024,33,11,22,2024-12-19 07:43:15
500101203,33,8,23,2024-12-19 07:35:16
500119095,33,9,23,2024-12-19 07:21:15
500113040,33,7,24,2024-12-19 05:30:15
500119095,33,8,24,2024-12-19 07:04:15
500101172,33,8,25,2024-12-19 08:17:15
500101138,33,7,26,2024-12-19 06:45:16
500106112,33,5,26,2024-12-19 05:26:15
500112103,33,6,26,2024-12-19 06:55:16
500107059,33,5,27,2024-12-19 08:47:15
500101191,33,5,28,2024-12-19 06:44:15
500101191,33,3,30,2024-12-19 05:58:15
500109036,33,7,26,2024-12-19 23:28:16
500106112,33,14,17,2024-12-19 23:24:14
500110024,33,15,18,2024-12-19 00:37:15
500110036,33,8,25,2024-12-19 00:16:15
500119095,33,10,23,2024-12-19 23:34:14
500101171,33,13,20,2024-12-19 00:17:15
500101172,33,15,18,2024-12-19 00:16:15
500109068,33,26,7,2024-12-19 22:17:15
500112103,33,12,20,2024-12-19 22:56:14
500101138,33,5,28,2024-12-19 00:48:14
500107171,33,17,16,2024-12-19 01:11:15
500113017,33,19,9,2024-12-19 00:59:15
500101171,33,9,24,2024-12-19 23:19:15
500106085,33,7,26,2024-12-19 22:03:14
500106112,33,4,27,2024-12-19 02:21:15
500101172,33,21,12,2024-12-19 22:07:15
500101203,33,1,32,2024-12-19 21:49:15
500119058,33,3,30,2024-12-19 21:57:15
500107059,33,15,17,2024-12-19 21:47:15
500101172,33,12,21,2024-12-19 03:11:15
500101171,33,15,18,2024-12-19 02:16:15
500101171,33,10,23,2024-12-19 22:43:15
500112103,33,14,18,2024-12-19 22:44:15
500119095,33,15,18,2024-12-19 22:45:16
500110036,33,18,15,2024-12-19 22:46:15
500113040,33,9,22,2024-12-19 04:36:15
500107059,33,11,21,2024-12-19 22:19:15
500106112,33,15,16,2024-12-19 23:30:16
500101171,33,33,0,2024-12-19 09:09:15
500101171,33,33,0,2024-12-19 10:45:16
500101171,33,33,0,2024-12-19 10:58:15
500106112,33,32,0,2024-12-19 09:56:15
500112103,33,32,0,2024-12-19 10:19:15
500113040,33,31,0,2024-12-19 09:27:15
500101171,33,32,1,2024-12-19 09:47:15
500101203,33,30,1,2024-12-19 09:25:16
500101203,33,30,1,2024-12-19 09:57:15
500112103,33,31,1,2024-12-19 11:31:15
500101138,33,31,2,2024-12-19 11:17:17
500113040,33,22,4,2024-12-19 11:22:16
500113040,33,21,5,2024-12-19 12:54:15
500101138,33,26,7,2024-12-19 12:33:15
500101138,33,24,9,2024-12-19 12:27:15
500119095,33,22,9,2024-12-19 09:55:17
500101191,33,23,10,2024-12-19 13:08:15
500101138,33,22,11,2024-12-19 12:15:16
500108009,33,20,13,2024-12-19 10:28:15
500109036,33,18,13,2024-12-19 11:04:15
500109036,33,17,14,2024-12-19 09:32:15
500101191,33,17,16,2024-12-19 09:06:14
500110036,33,14,16,2024-12-19 11:25:15
500101191,33,16,17,2024-12-19 09:09:15
500119058,33,16,17,2024-12-19 12:11:15
500105025,33,15,18,2024-12-19 09:46:16
500113017,33,15,18,2024-12-19 09:54:15
500107059,33,13,19,2024-12-19 09:37:15
500113040,33,12,19,2024-12-19 10:07:15
500119058,33,12,21,2024-12-19 09:35:16
500110036,33,2,25,2024-12-19 10:21:15
500101191,33,7,26,2024-12-19 11:55:18
500110024,33,3,28,2024-12-19 12:36:14
500101128,33,4,29,2024-12-19 10:24:15
500106085,33,3,29,2024-12-19 13:06:14
500101128,33,3,30,2024-12-19 12:42:15
500101172,33,3,30,2024-12-19 09:06:15
500109068,33,2,30,2024-12-19 09:09:15
500101172,33,2,31,2024-12-19 09:46:16
500101172,33,33,0,2024-12-19 18:17:16
500107059,33,29,3,2024-12-19 18:38:16
500107059,33,29,3,2024-12-19 18:58:16
500110036,33,29,4,2024-12-19 19:57:15
500110036,33,29,4,2024-12-19 20:48:15
500110036,33,28,5,2024-12-19 19:07:15
500110036,33,27,6,2024-12-19 20:38:15
500112103,33,26,6,2024-12-19 18:01:16
500108009,33,26,7,2024-12-19 18:51:16
500101172,33,22,11,2024-12-19 19:16:15
500113017,33,22,11,2024-12-19 20:02:15
500113040,33,17,11,2024-12-19 18:29:16
500101171,33,19,14,2024-12-19 17:27:16
500105025,33,18,15,2024-12-19 20:02:15
500101203,33,17,16,2024-12-19 17:37:16
500105025,33,17,16,2024-12-19 20:19:14
500101172,33,16,17,2024-12-19 18:57:15
500106112,33,15,17,2024-12-19 19:38:15
500112103,33,15,17,2024-12-19 19:14:16
500112103,33,15,17,2024-12-19 20:47:15
500105025,33,15,18,2024-12-19 18:52:15
500106112,33,14,18,2024-12-19 19:19:14
500101203,33,14,19,2024-12-19 19:34:15
500110024,33,14,19,2024-12-19 19:06:16
500110036,33,11,19,2024-12-19 17:58:16
500101138,33,13,20,2024-12-19 19:19:15
500105025,33,13,20,2024-12-19 18:14:15
500105025,33,13,20,2024-12-19 18:33:16
500110024,33,12,21,2024-12-19 20:07:15
500113017,33,12,21,2024-12-19 17:48:15
500119058,33,11,22,2024-12-19 18:37:15
500113040,33,10,23,2024-12-19 19:06:16
500119058,33,10,23,2024-12-19 17:36:15
500101138,33,9,24,2024-12-19 19:58:15
500113040,33,9,24,2024-12-19 19:19:15
500101138,33,7,26,2024-12-19 18:07:16
500101171,33,7,26,2024-12-19 19:29:15
500101171,33,7,26,2024-12-19 19:48:15
500101171,33,6,27,2024-12-19 20:05:16
500101171,33,6,27,2024-12-19 19:31:15
500113040,33,0,28,2024-12-19 17:48:16
500113040,33,5,28,2024-12-19 19:36:15
500101191,33,4,29,2024-12-19 20:29:15
500106085,33,3,30,2024-12-19 20:33:15
500109036,33,2,31,2024-12-19 20:27:15
500109036,33,2,31,2024-12-19 20:49:15
500101191,33,1,32,2024-12-19 20:13:15
500113040,33,0,33,2024-12-19 20:05:17
500109036,33,33,0,2024-12-19 14:45:16
500101203,33,32,1,2024-12-19 14:15:16
500112103,33,31,1,2024-12-19 14:08:15
500101171,33,31,2,2024-12-19 15:09:15
500108009,33,30,3,2024-12-19 15:48:15
500107059,33,28,4,2024-12-19 15:58:15
500110036,33,25,5,2024-12-19 14:25:16
500119058,33,28,5,2024-12-19 16:38:14
500119095,33,22,5,2024-12-19 14:48:15
500101171,33,27,6,2024-12-19 13:43:15
500110036,33,24,6,2024-12-19 14:49:15
500113040,33,22,6,2024-12-19 14:30:16
500101171,33,26,7,2024-12-19 14:06:15
500107059,33,25,7,2024-12-19 16:33:15
500110036,33,23,7,2024-12-19 14:08:15
500113040,33,21,7,2024-12-19 14:27:15
500101191,33,25,8,2024-12-19 16:05:16
500101203,33,25,8,2024-12-19 17:07:15
500108009,33,25,8,2024-12-19 16:40:15
500110036,33,22,8,2024-12-19 15:12:15
500119095,33,18,9,2024-12-19 15:12:15
500110024,33,23,10,2024-12-19 16:49:15
500101191,33,20,13,2024-12-19 16:18:16
500119095,33,19,14,2024-12-19 17:16:16
500119058,33,16,17,2024-12-19 17:12:16
500101172,33,13,20,2024-12-19 15:38:15
500101128,33,12,21,2024-12-19 17:16:15
500106112,33,9,23,2024-12-19 14:06:15
500106112,33,8,24,2024-12-19 15:18:15
500110024,33,6,25,2024-12-19 13:43:14
500101128,33,6,27,2024-12-19 14:23:15
500109036,33,6,27,2024-12-19 17:16:16
500101128,33,5,28,2024-12-19 14:05:15
500109068,33,2,30,2024-12-19 13:48:15
500107171,33,17,16,2024-12-19 21:48:16
500106112,33,21,10,2024-12-19 21:48:16
500109036,33,31,0,2024-12-19 07:35:16
500109036,33,30,1,2024-12-19 07:46:15
500106112,33,27,4,2024-12-19 07:57:16
500101138,33,25,8,2024-12-19 08:15:16
500101172,33,23,10,2024-12-19 07:36:15
500101128,33,22,11,2024-12-19 05:48:14
500106112,33,20,11,2024-12-19 06:47:15
500105025,33,20,13,2024-12-19 05:49:15
500106112,33,18,13,2024-12-19 06:06:14
500101191,33,19,14,2024-12-19 08:37:15
500107171,33,18,15,2024-12-19 07:12:15
500101138,33,17,16,2024-12-19 08:01:15
500105025,33,16,17,2024-12-19 07:34:15
500119095,33,14,18,2024-12-19 08:15:16
500101172,33,13,20,2024-12-19 06:01:14
500101171,33,12,21,2024-12-19 06:07:15
500101171,33,11,22,2024-12-19 06:37:15
500105025,33,11,22,2024-12-19 08:09:15
500101128,33,10,23,2024-12-19 08:47:15
500107059,33,9,23,2024-12-19 06:37:14
500113017,33,5,23,2024-12-19 07:27:15
500110024,33,8,25,2024-12-19 08:47:15
500119095,33,7,25,2024-12-19 06:27:15
500110036,33,7,26,2024-12-19 06:46:15
500110036,33,7,26,2024-12-19 06:54:16
500101138,33,2,31,2024-12-19 05:54:15
500101128,33,32,1,2024-12-19 00:06:15
500101172,33,16,17,2024-12-19 00:07:16
500106112,33,7,24,2024-12-19 00:44:15
500113040,33,3,28,2024-12-19 00:16:15
500101203,33,3,30,2024-12-19 23:04:15
500107059,33,12,20,2024-12-19 23:28:16
500112103,33,0,32,2024-12-19 00:58:16
500101138,33,4,29,2024-12-19 23:17:14
500101138,33,2,31,2024-12-19 22:19:15
500101172,33,21,12,2024-12-19 22:38:14
500101172,33,20,13,2024-12-19 21:39:15
500109068,33,25,8,2024-12-19 21:25:16
500101138,33,4,29,2024-12-19 01:38:15
500101172,33,11,22,2024-12-19 02:18:14
500119095,33,6,26,2024-12-19 03:58:15
500110036,33,9,24,2024-12-19 04:27:14
500109068,33,22,8,2024-12-19 04:11:15
500101191,33,0,33,2024-12-19 21:40:17
500107059,33,16,16,2024-12-19 22:07:15
500106085,33,6,27,2024-12-19 21:44:15
500109036,33,6,27,2024-12-19 21:58:15
500109036,33,6,26,2024-12-19 03:36:15
500110036,33,9,24,2024-12-19 02:46:14
500101171,33,8,25,2024-12-19 23:01:15
500110036,33,32,1,2024-12-19 22:26:15
500113017,33,19,14,2024-12-19 23:21:15
500101171,33,33,0,2024-12-19 10:36:15
500101203,33,31,0,2024-12-19 10:00:18
500112103,33,30,2,2024-12-19 11:21:15
500101203,33,27,4,2024-12-19 11:52:15
500101203,33,26,5,2024-12-19 12:08:15
500106112,33,27,5,2024-12-19 09:32:15
500110036,33,25,5,2024-12-19 12:06:16
500101203,33,25,6,2024-12-19 12:17:16
500101203,33,24,7,2024-12-19 12:36:15
500110036,33,22,8,2024-12-19 11:45:15
500101171,33,24,9,2024-12-19 12:50:15
500113040,33,17,9,2024-12-19 10:35:16
500113040,33,17,9,2024-12-19 10:48:15
500101191,33,23,10,2024-12-19 12:53:15
500119095,33,21,10,2024-12-19 09:47:15
500106085,33,20,12,2024-12-19 10:37:16
500119095,33,14,12,2024-12-19 12:43:15
500112103,33,19,13,2024-12-19 09:03:14
500107171,33,19,14,2024-12-19 12:18:15
500107059,33,17,15,2024-12-19 10:27:16
500110024,33,16,15,2024-12-19 10:19:16
500119095,33,11,15,2024-12-19 12:38:15
500113017,33,17,16,2024-12-19 08:54:15
500105025,33,16,17,2024-12-19 09:50:16
500107059,33,14,18,2024-12-19 09:57:15
500105025,33,14,19,2024-12-19 11:46:15
500106112,33,13,19,2024-12-19 11:48:15
500107059,33,10,22,2024-12-19 11:28:15
500106112,33,9,23,2024-12-19 12:18:15
500110024,33,10,23,2024-12-19 09:27:15
500110024,33,10,23,2024-12-19 09:36:15
500119058,33,8,25,2024-12-19 10:15:15
500101191,33,7,26,2024-12-19 11:24:15
500110024,33,3,28,2024-12-19 12:50:15
500110036,33,5,28,2024-12-19 09:08:15
500101172,33,4,29,2024-12-19 09:09:15
500101172,33,2,31,2024-12-19 09:37:15
500109068,33,1,31,2024-12-19 10:15:16
500101172,33,32,1,2024-12-19 17:48:15
500110036,33,28,5,2024-12-19 20:11:16
500101128,33,25,8,2024-12-19 19:48:15
500110036,33,20,10,2024-12-19 18:08:16
500101128,33,22,11,2024-12-19 18:56:15
500101172,33,22,11,2024-12-19 19:29:15
500106112,33,21,11,2024-12-19 17:59:15
500110024,33,22,11,2024-12-19 18:38:16
500101128,33,21,12,2024-12-19 19:25:15
500106112,33,19,13,2024-12-19 19:07:15
500101128,33,19,14,2024-12-19 18:18:16
500101172,33,19,14,2024-12-19 17:27:16
500112103,33,18,14,2024-12-19 20:11:15
500101128,33,18,15,2024-12-19 17:48:15
500106112,33,17,15,2024-12-19 18:29:16
500109068,33,18,15,2024-12-19 19:53:15
500112103,33,17,15,2024-12-19 19:35:16
500109068,33,17,16,2024-12-19 19:49:15
500105025,33,16,17,2024-12-19 20:34:15
500110024,33,16,17,2024-12-19 18:08:16
500113040,33,16,17,2024-12-19 21:19:16
500119058,33,15,18,2024-12-19 20:12:14
500101128,33,14,19,2024-12-19 17:25:16
500119058,33,13,20,2024-12-19 18:48:15
500101138,33,12,21,2024-12-19 19:48:14
500119095,33,11,22,2024-12-19 19:18:15
500101138,33,10,23,2024-12-19 17:47:15
500113017,33,8,25,2024-12-19 17:24:16
500109036,33,5,28,2024-12-19 19:25:15
500106112,33,3,29,2024-12-19 20:34:15
500106112,33,3,29,2024-12-19 20:51:16
500106085,33,3,30,2024-12-19 19:20:17
500109036,33,2,31,2024-12-19 17:28:15
500109036,33,1,32,2024-12-19 17:48:16
500109036,33,33,0,2024-12-19 14:13:15
500101203,33,32,1,2024-12-19 15:23:15
500109036,33,32,1,2024-12-19 14:37:15
500112103,33,31,1,2024-12-19 13:42:15
500112103,33,30,2,2024-12-19 13:30:16
500101203,33,30,3,2024-12-19 14:28:15
500119058,33,28,5,2024-12-19 15:58:16
500110036,33,24,6,2024-12-19 16:48:16
500101171,33,26,7,2024-12-19 14:21:14
500108009,33,26,7,2024-12-19 16:25:15
500101138,33,24,9,2024-12-19 14:05:16
500113040,33,19,9,2024-12-19 14:02:15
500101191,33,23,10,2024-12-19 13:55:16
500119095,33,16,11,2024-12-19 15:51:15
500101172,33,15,18,2024-12-19 16:58:15
500101172,33,15,18,2024-12-19 14:58:15
500113040,33,10,18,2024-12-19 17:08:16
500101172,33,14,19,2024-12-19 15:25:15
500106112,33,13,19,2024-12-19 16:45:17
500105025,33,13,20,2024-12-19 16:08:15
500113017,33,12,21,2024-12-19 15:28:14
500113017,33,11,22,2024-12-19 15:52:15
500106112,33,9,23,2024-12-19 17:16:16
500106112,33,8,24,2024-12-19 15:37:16
500110024,33,7,24,2024-12-19 14:28:15
500110024,33,6,25,2024-12-19 14:59:15
500113017,33,8,25,2024-12-19 16:57:16
500110024,33,5,26,2024-12-19 15:43:15
500109068,33,5,28,2024-12-19 14:24:15
500101171,33,33,0,2024-12-19 08:56:16
500101171,33,32,1,2024-12-19 08:37:15
500101171,33,32,1,2024-12-19 08:01:15
500101203,33,30,1,2024-12-19 08:27:16
500101138,33,31,2,2024-12-19 08:47:15
500101171,33,29,4,2024-12-19 08:47:15
500113040,33,23,8,2024-12-19 06:56:15
500110036,33,24,9,2024-12-19 08:47:15
500109036,33,20,11,2024-12-19 07:17:14
500110024,33,22,11,2024-12-19 08:16:15
500113017,33,17,11,2024-12-19 06:55:16
500101128,33,21,12,2024-12-19 07:36:15
500109068,33,17,13,2024-12-19 05:05:16
500113017,33,20,13,2024-12-19 08:02:15
500113017,33,15,13,2024-12-19 06:24:15
500101171,33,18,15,2024-12-19 07:14:14
500101172,33,18,15,2024-12-19 06:53:15
500107171,33,18,15,2024-12-19 08:17:15
500107171,33,18,15,2024-12-19 08:19:15
500108009,33,18,15,2024-12-19 07:37:15
500107171,33,15,18,2024-12-19 08:03:15
500119095,33,13,19,2024-12-19 08:03:14
500110024,33,13,20,2024-12-19 06:34:15
500119095,33,12,20,2024-12-19 08:46:15
500101128,33,11,22,2024-12-19 08:37:15
500109068,33,8,22,2024-12-19 06:37:15
500113040,33,8,23,2024-12-19 05:41:14
500110024,33,9,24,2024-12-19 07:26:15
500107059,33,7,25,2024-12-19 07:27:14
500113040,33,6,25,2024-12-19 05:14:15
500107059,33,6,26,2024-12-19 05:36:15
500109036,33,5,26,2024-12-19 06:27:15
500101203,33,4,27,2024-12-19 06:53:15
500101138,33,3,30,2024-12-19 05:50:15
500109068,33,1,31,2024-12-19 08:33:16
500101138,33,1,32,2024-12-19 06:12:15
500106112,33,6,25,2024-12-19 00:36:15
500109036,33,6,27,2024-12-19 00:35:16
500107059,33,1,31,2024-12-19 00:30:18
500106085,33,7,26,2024-12-19 23:20:16
500101172,33,12,21,2024-12-19 01:02:15
500101172,33,15,18,2024-12-19 23:05:15
500113017,33,20,13,2024-12-19 22:31:16
500109036,33,1,32,2024-12-19 21:36:15
500113040,33,3,30,2024-12-19 21:39:15
500119058,33,6,27,2024-12-19 21:38:15
500113040,33,10,21,2024-12-19 02:05:16
500113017,33,18,10,2024-12-19 02:57:14
500107059,33,7,25,2024-12-19 03:15:15
500106112,33,13,18,2024-12-19 22:09:15
500113040,33,1,32,2024-12-19 21:59:16
500101138,33,2,31,2024-12-19 21:47:15
500101203,33,5,26,2024-12-19 00:12:14
500101171,33,16,17,2024-12-19 01:38:15
500107171,33,18,15,2024-12-19 01:41:15
500101172,33,19,14,2024-12-19 22:49:15
500119058,33,0,33,2024-12-19 04:31:21
500101138,33,4,29,2024-12-19 23:09:15
500113017,33,19,14,2024-12-19 22:52:15
500113040,33,8,23,2024-12-19 04:43:15
500113040,33,0,33,2024-12-19 22:26:16
500107059,33,9,23,2024-12-19 01:34:15
500101138,33,33,0,2024-12-19 08:56:16
500101138,33,33,0,2024-12-19 11:26:15
500101171,33,33,0,2024-12-19 09:55:16
500101171,33,33,0,2024-12-19 11:17:17
500113040,33,31,0,2024-12-19 09:37:16
500101138,33,32,1,2024-12-19 10:35:16
500101171,33,32,1,2024-12-19 09:37:15
500101203,33,30,1,2024-12-19 10:44:16
500112103,33,30,2,2024-12-19 11:18:15
500113040,33,21,5,2024-12-19 11:38:14
500119095,33,26,5,2024-12-19 10:25:15
500110036,33,24,6,2024-12-19 12:56:15
500101171,33,26,7,2024-12-19 12:38:15
500101138,33,25,8,2024-12-19 12:55:16
500119095,33,22,9,2024-12-19 10:13:16
500109036,33,21,10,2024-12-19 12:08:15
500107171,33,18,15,2024-12-19 08:56:15
500107171,33,18,15,2024-12-19 11:53:16
500106112,33,16,16,2024-12-19 10:47:16
500108009,33,17,16,2024-12-19 09:04:14
500110024,33,15,16,2024-12-19 10:52:15
500113017,33,16,17,2024-12-19 10:29:15
500119058,33,16,17,2024-12-19 08:47:15
500119058,33,16,17,2024-12-19 11:58:15
500105025,33,15,18,2024-12-19 10:06:15
500113017,33,15,18,2024-12-19 10:46:15
500119058,33,15,18,2024-12-19 09:23:15
500105025,33,14,19,2024-12-19 11:58:16
500110036,33,7,20,2024-12-19 09:25:16
500113017,33,13,20,2024-12-19 12:07:16
500119058,33,12,21,2024-12-19 10:28:15
500110024,33,5,26,2024-12-19 13:07:15
500101128,33,6,27,2024-12-19 09:08:14
500101128,33,6,27,2024-12-19 10:01:16
500106085,33,5,27,2024-12-19 12:39:15
500110036,33,6,27,2024-12-19 09:07:15
500101128,33,5,28,2024-12-19 11:03:16
500101191,33,5,28,2024-12-19 12:07:16
500101191,33,3,30,2024-12-19 10:29:15
500109068,33,2,30,2024-12-19 10:36:14
500101191,33,2,31,2024-12-19 12:40:17
500101172,33,1,32,2024-12-19 10:18:15
500109068,33,0,32,2024-12-19 09:46:15
500101172,33,0,33,2024-12-19 12:19:15
500101172,33,32,1,2024-12-19 18:38:16
500110036,33,29,4,2024-12-19 20:05:16
500107059,33,26,6,2024-12-19 17:38:16
500101172,33,25,8,2024-12-19 20:09:15
500108009,33,25,8,2024-12-19 18:11:16
500101172,33,24,9,2024-12-19 20:38:15
500101172,33,24,9,2024-12-19 20:48:15
500108009,33,24,9,2024-12-19 19:30:17
500108009,33,24,9,2024-12-19 17:38:16
500108009,33,24,9,2024-12-19 18:06:15
500112103,33,22,10,2024-12-19 17:38:16
500119095,33,23,10,2024-12-19 18:47:16
500113017,33,22,11,2024-12-19 20:45:16
500101172,33,21,12,2024-12-19 18:48:15
500112103,33,19,13,2024-12-19 18:48:15
500101128,33,19,14,2024-12-19 18:29:16
500101172,33,18,15,2024-12-19 19:07:15
500113040,33,17,16,2024-12-19 18:48:15
500101203,33,15,18,2024-12-19 17:58:16
500101203,33,15,18,2024-12-19 18:06:15
500107059,33,14,18,2024-12-19 21:07:16
500113017,33,15,18,2024-12-19 17:57:15
500107059,33,13,19,2024-12-19 20:10:16
500119058,33,13,20,2024-12-19 20:52:15
500119058,33,12,21,2024-12-19 20:23:15
500119058,33,12,21,2024-12-19 18:29:16
500109068,33,11,22,2024-12-19 18:23:16
500109068,33,11,22,2024-12-19 18:48:15
500119058,33,11,22,2024-12-19 19:58:15
500101191,33,9,24,2024-12-19 19:38:15
500119095,33,9,24,2024-12-19 17:37:16
500119095,33,9,24,2024-12-19 18:08:16
500101171,33,7,26,2024-12-19 21:16:15
500119095,33,7,26,2024-12-19 18:17:15
500101171,33,6,27,2024-12-19 19:18:15
500119058,33,6,27,2024-12-19 17:48:15
500119095,33,4,29,2024-12-19 20:52:14
500101203,33,3,30,2024-12-19 20:58:15
500119095,33,3,30,2024-12-19 18:37:15
500119095,33,2,31,2024-12-19 20:07:15
500101191,33,1,32,2024-12-19 20:46:16
500101191,33,1,32,2024-12-19 20:58:15
500113040,33,1,32,2024-12-19 20:29:15
500119095,33,1,32,2024-12-19 20:38:15
500109036,33,0,33,2024-12-19 21:05:17
500113040,33,0,33,2024-12-19 20:36:15
500101171,33,33,0,2024-12-19 15:46:16
500101171,33,32,1,2024-12-19 15:07:15
500101203,33,32,1,2024-12-19 14:56:15
500101203,33,31,1,2024-12-19 14:08:15
500101138,33,31,2,2024-12-19 16:16:15
500119095,33,24,2,2024-12-19 13:57:15
500107059,33,29,3,2024-12-19 15:16:15
500112103,33,29,3,2024-12-19 15:28:14
500113040,33,25,3,2024-12-19 16:38:15
500107059,33,28,4,2024-12-19 15:40:16
500112103,33,28,4,2024-12-19 16:55:16
500119058,33,29,4,2024-12-19 15:59:15
500108009,33,28,5,2024-12-19 15:58:15
500107059,33,25,7,2024-12-19 16:44:15
500107059,33,25,7,2024-12-19 17:03:16
500107059,33,25,7,2024-12-19 17:14:16
500110036,33,23,7,2024-12-19 15:42:15
500101138,33,25,8,2024-12-19 15:21:15
500101171,33,25,8,2024-12-19 13:36:16
500110036,33,22,8,2024-12-19 15:57:15
500101138,33,24,9,2024-12-19 14:48:15
500101138,33,22,11,2024-12-19 13:36:15
500119095,33,16,11,2024-12-19 15:40:16
500119095,33,13,14,2024-12-19 16:17:14
500107171,33,17,16,2024-12-19 17:02:15
500109036,33,17,16,2024-12-19 16:18:16
500105025,33,14,19,2024-12-19 16:16:15
500109036,33,14,19,2024-12-19 16:22:16
500113017,33,13,20,2024-12-19 14:55:16
500119095,33,2,25,2024-12-19 16:46:15
500101128,33,6,27,2024-12-19 15:46:16
500106112,33,5,27,2024-12-19 17:07:15
500101128,33,5,28,2024-12-19 15:22:15
500101191,33,5,28,2024-12-19 17:07:15
500101128,33,4,29,2024-12-19 13:45:15
500109068,33,1,31,2024-12-19 13:51:15
500101171,33,11,22,2024-12-19 21:47:15
500112103,33,14,18,2024-12-19 21:49:15
500113040,33,31,0,2024-12-19 08:47:15
500109036,33,28,3,2024-12-19 08:16:15
500113040,33,27,4,2024-12-19 08:57:15
500113040,33,24,7,2024-12-19 07:57:16
500101128,33,21,12,2024-12-19 06:51:15
500113017,33,20,13,2024-12-19 08:15:16
500107171,33,19,14,2024-12-19 07:22:15
500101191,33,18,15,2024-12-19 08:15:16
500101171,33,17,16,2024-12-19 07:26:15
500106112,33,15,16,2024-12-19 06:14:14
500101138,33,16,17,2024-12-19 07:57:16
500110024,33,16,17,2024-12-19 07:57:16
500108009,33,14,19,2024-12-19 07:27:15
500109068,33,13,19,2024-12-19 07:47:15
500119058,33,11,22,2024-12-19 08:16:15
500107059,33,8,24,2024-12-19 08:02:15
500109036,33,7,24,2024-12-19 06:08:14
500112103,33,8,24,2024-12-19 07:11:15
500110036,33,8,25,2024-12-19 05:02:15
500101172,33,7,26,2024-12-19 08:27:16
500101203,33,5,26,2024-12-19 05:56:14
500101191,33,6,27,2024-12-19 07:26:15
500109068,33,5,27,2024-12-19 08:14:15
500109068,33,3,27,2024-12-19 06:45:16
500119058,33,6,27,2024-12-19 07:56:15
500112103,33,4,28,2024-12-19 06:07:15
500101172,33,4,29,2024-12-19 08:37:15
500101138,33,3,30,2024-12-19 06:28:14
500107059,33,2,30,2024-12-19 08:37:15
500110036,33,0,33,2024-12-19 07:57:16
500110024,33,14,19,2024-12-19 00:06:15
500110003,34,13,20,2024-12-19 23:07:14
500111016,34,25,8,2024-12-19 00:40:16
500101107,34,31,1,2024-12-19 01:08:16
500105003,34,3,31,2024-12-19 22:39:15
500106007,34,10,24,2024-12-19 22:37:15
500111016,34,31,3,2024-12-19 22:11:15
500105061,34,3,31,2024-12-19 21:32:15
500107017,34,10,24,2024-12-19 03:01:16
500101091,34,20,14,2024-12-19 02:22:15
500103023,34,11,23,2024-12-19 22:01:15
500106007,34,11,23,2024-12-19 21:58:15
500101107,34,31,1,2024-12-19 03:37:15
500107017,34,8,26,2024-12-19 03:23:15
500107109,34,9,25,2024-12-19 00:04:16
500101107,34,30,2,2024-12-19 01:07:15
500112023,34,27,6,2024-12-19 04:43:15
500105061,34,9,25,2024-12-19 22:26:15
500105061,34,9,25,2024-12-19 22:57:15
500101150,34,7,27,2024-12-19 23:26:15
500101107,34,32,0,2024-12-19 10:43:15
500101030,34,33,1,2024-12-19 11:35:17
500106047,34,30,3,2024-12-19 09:54:15
500110048,34,19,4,2024-12-19 13:03:15
500101091,34,27,7,2024-12-19 10:21:15
500106047,34,26,7,2024-12-19 12:19:16
500112024,34,25,8,2024-12-19 09:44:15
500101091,34,25,9,2024-12-19 09:09:15
500101107,34,23,9,2024-12-19 09:09:15
500112024,34,23,10,2024-12-19 12:12:15
500112024,34,21,12,2024-12-19 11:40:16
500108084,34,8,13,2024-12-19 11:38:15
500119071,34,10,13,2024-12-19 12:38:14
500108084,34,7,14,2024-12-19 11:18:16
500101107,34,14,18,2024-12-19 11:58:16
500105003,34,16,18,2024-12-19 09:37:15
500106047,34,15,18,2024-12-19 11:56:15
500108084,34,2,19,2024-12-19 12:19:15
500106047,34,12,21,2024-12-19 11:42:16
500111016,34,13,21,2024-12-19 12:33:15
500111016,34,12,22,2024-12-19 13:04:16
500105003,34,11,23,2024-12-19 10:24:15
500112023,34,10,23,2024-12-19 11:48:15
500103023,34,10,24,2024-12-19 12:34:14
500111016,34,10,24,2024-12-19 09:12:16
500103023,34,8,25,2024-12-19 09:17:15
500103023,34,8,25,2024-12-19 09:35:16
500105003,34,8,26,2024-12-19 11:37:15
500105003,34,8,26,2024-12-19 10:53:16
500106007,34,7,26,2024-12-19 09:05:16
500107017,34,6,28,2024-12-19 12:27:15
500103023,34,3,31,2024-12-19 12:08:15
500105061,34,2,32,2024-12-19 09:20:16
500101150,34,1,33,2024-12-19 11:05:17
500103023,34,1,33,2024-12-19 11:38:15
500107017,34,32,1,2024-12-19 19:59:16
500107017,34,31,2,2024-12-19 21:08:15
500107017,34,30,3,2024-12-19 21:17:14
500101107,34,30,4,2024-12-19 21:19:16
500101150,34,26,8,2024-12-19 19:28:15
500101107,34,25,9,2024-12-19 20:09:15
500101107,34,25,9,2024-12-19 20:38:15
500113039,34,23,10,2024-12-19 19:38:15
500101107,34,23,11,2024-12-19 19:59:16
500110048,34,18,11,2024-12-19 20:35:15
500113057,34,21,13,2024-12-19 20:01:15
500111016,34,20,14,2024-12-19 17:21:15
500111016,34,20,14,2024-12-19 18:49:16
500111016,34,19,15,2024-12-19 18:33:16
500110003,34,17,17,2024-12-19 17:21:15
500112023,34,16,17,2024-12-19 17:14:16
500112023,34,15,18,2024-12-19 20:57:16
500113039,34,15,18,2024-12-19 18:45:16
500107017,34,13,20,2024-12-19 18:28:16
500103023,34,13,21,2024-12-19 20:32:15
500106007,34,13,21,2024-12-19 20:48:15
500112016,34,5,21,2024-12-19 19:07:15
500112016,34,2,24,2024-12-19 18:47:16
500105061,34,6,28,2024-12-19 18:36:16
500107109,34,5,29,2024-12-19 18:17:15
500105003,34,4,30,2024-12-19 20:07:15
500105061,34,3,31,2024-12-19 18:58:16
500106047,34,2,31,2024-12-19 17:25:16
500112024,34,3,31,2024-12-19 20:30:17
500112024,34,3,31,2024-12-19 19:48:14
500119071,34,3,31,2024-12-19 18:00:18
500106047,34,1,32,2024-12-19 18:22:15
500101030,34,1,33,2024-12-19 19:06:15
500119071,34,1,33,2024-12-19 19:18:15
500101091,34,0,34,2024-12-19 18:18:16
500112024,34,0,34,2024-12-19 20:11:15
500110048,34,22,1,2024-12-19 17:01:16
500112024,34,32,2,2024-12-19 16:18:16
500110048,34,20,3,2024-12-19 16:48:16
500112024,34,30,4,2024-12-19 15:04:15
500110048,34,18,5,2024-12-19 13:13:14
500101091,34,22,12,2024-12-19 16:39:15
500119071,34,22,12,2024-12-19 17:07:15
500101030,34,21,13,2024-12-19 16:37:15
500101030,34,21,13,2024-12-19 16:50:17
500110003,34,19,15,2024-12-19 16:58:15
500108084,34,10,16,2024-12-19 13:16:16
500108084,34,10,16,2024-12-19 14:35:15
500110003,34,18,16,2024-12-19 17:05:17
500106047,34,16,17,2024-12-19 14:47:15
500107017,34,15,18,2024-12-19 17:18:16
500106047,34,14,19,2024-12-19 13:48:15
500107017,34,14,19,2024-12-19 16:16:15
500103023,34,14,20,2024-12-19 13:29:15
500113039,34,13,20,2024-12-19 17:08:16
500113039,34,13,20,2024-12-19 17:18:16
500111016,34,13,21,2024-12-19 14:24:14
500112023,34,12,21,2024-12-19 16:23:15
500113039,34,12,21,2024-12-19 16:48:16
500106007,34,12,22,2024-12-19 16:42:15
500106007,34,12,22,2024-12-19 17:12:16
500112023,34,11,22,2024-12-19 15:34:15
500106007,34,11,23,2024-12-19 15:57:15
500108068,34,11,23,2024-12-19 16:55:17
500113039,34,8,25,2024-12-19 14:17:15
500113057,34,9,25,2024-12-19 16:44:15
500101107,34,6,26,2024-12-19 14:27:15
500105003,34,8,26,2024-12-19 16:48:16
500106047,34,7,26,2024-12-19 17:17:16
500101107,34,7,27,2024-12-19 15:57:15
500101150,34,6,28,2024-12-19 16:08:16
500105003,34,6,28,2024-12-19 16:12:15
500105061,34,6,28,2024-12-19 17:03:16
500105061,34,5,29,2024-12-19 14:21:14
500113057,34,5,29,2024-12-19 14:31:15
500101107,34,4,30,2024-12-19 15:26:14
500110067,34,3,31,2024-12-19 15:20:15
500107017,34,28,5,2024-12-19 21:46:14
500112024,34,32,1,2024-12-19 08:16:15
500112023,34,31,2,2024-12-19 06:25:15
500101091,34,28,6,2024-12-19 07:37:15
500106047,34,25,8,2024-12-19 08:17:15
500110067,34,26,8,2024-12-19 05:49:15
500110067,34,26,8,2024-12-19 06:25:15
500106007,34,24,9,2024-12-19 07:43:15
500112024,34,24,9,2024-12-19 08:01:15
500106007,34,23,10,2024-12-19 07:56:15
500106007,34,22,11,2024-12-19 08:46:15
500110003,34,23,11,2024-12-19 06:47:15
500111016,34,22,11,2024-12-19 06:36:14
500111016,34,22,11,2024-12-19 07:16:15
500106007,34,21,12,2024-12-19 06:47:15
500112024,34,21,12,2024-12-19 07:56:15
500108068,34,21,13,2024-12-19 08:33:16
500112016,34,18,13,2024-12-19 05:29:15
500106007,34,19,14,2024-12-19 08:37:15
500111016,34,19,14,2024-12-19 07:46:15
500112016,34,17,14,2024-12-19 05:16:14
500101107,34,16,16,2024-12-19 08:03:15
500113057,34,15,19,2024-12-19 07:45:16
500108068,34,14,20,2024-12-19 08:11:16
500108056,34,12,21,2024-12-19 08:12:15
500108084,34,13,21,2024-12-19 07:57:16
500113039,34,12,21,2024-12-19 08:27:16
500105003,34,12,22,2024-12-19 07:37:15
500112016,34,8,23,2024-12-19 07:16:15
500110048,34,8,26,2024-12-19 06:53:15
500107109,34,7,27,2024-12-19 05:54:14
500105061,34,6,28,2024-12-19 05:33:15
500108084,34,6,28,2024-12-19 06:30:17
500107109,34,3,31,2024-12-19 07:36:15
500110048,34,3,31,2024-12-19 07:26:15
500119071,34,3,31,2024-12-19 06:14:15
500105061,34,2,32,2024-12-19 08:56:16
500112024,34,1,32,2024-12-19 06:42:15
500101030,34,1,33,2024-12-19 07:12:16
500110048,34,0,34,2024-12-19 06:07:15
500101150,34,6,28,2024-12-19 00:02:15
500107017,34,17,17,2024-12-19 00:16:15
500110003,34,12,22,2024-12-19 00:03:15
500113039,34,22,11,2024-12-19 23:38:15
500108068,34,20,14,2024-12-19 22:46:15
500110048,34,11,23,2024-12-19 23:29:14
500108068,34,29,5,2024-12-19 00:08:15
500101030,34,2,32,2024-12-19 01:02:15
500113039,34,4,29,2024-12-19 01:14:14
500107109,34,8,26,2024-12-19 01:16:15
500107017,34,20,14,2024-12-19 01:12:15
500110067,34,28,6,2024-12-19 00:40:16
500105061,34,11,23,2024-12-19 23:15:14
500110048,34,12,22,2024-12-19 23:15:15
500112016,34,14,12,2024-12-19 23:19:15
500108056,34,22,12,2024-12-19 22:07:15
500112024,34,6,28,2024-12-19 22:24:15
500110003,34,17,17,2024-12-19 22:25:15
500107017,34,30,3,2024-12-19 22:39:15
500108084,34,1,33,2024-12-19 02:06:15
500119071,34,2,32,2024-12-19 03:20:17
500113057,34,29,5,2024-12-19 21:58:14
500101030,34,1,33,2024-12-19 21:50:17
500112016,34,12,14,2024-12-19 21:54:14
500113039,34,6,27,2024-12-19 01:06:15
500112016,34,18,13,2024-12-19 00:52:15
500106007,34,17,16,2024-12-19 01:39:15
500107017,34,18,16,2024-12-19 01:45:15
500101107,34,32,0,2024-12-19 01:52:15
500106007,34,1,33,2024-12-19 23:09:15
500110067,34,25,9,2024-12-19 23:09:15
500106007,34,8,26,2024-12-19 22:17:15
500101107,34,29,5,2024-12-19 22:19:15
500106007,34,8,26,2024-12-19 22:59:14
500110003,34,15,18,2024-12-19 22:59:15
500110067,34,16,18,2024-12-19 22:59:15
500103023,34,14,20,2024-12-19 23:32:15
500101030,34,30,4,2024-12-19 12:47:15
500101107,34,28,4,2024-12-19 09:36:15
500101091,34,29,5,2024-12-19 12:25:15
500106047,34,28,5,2024-12-19 09:24:15
500101091,34,26,8,2024-12-19 10:02:15
500106047,34,25,8,2024-12-19 12:28:15
500112024,34,25,8,2024-12-19 10:04:16
500101030,34,23,11,2024-12-19 10:05:16
500112024,34,22,11,2024-12-19 12:07:16
500110048,34,16,12,2024-12-19 09:07:15
500110048,34,11,12,2024-12-19 11:54:15
500101030,34,20,14,2024-12-19 09:05:16
500108068,34,18,16,2024-12-19 12:40:17
500112023,34,17,16,2024-12-19 09:56:15
500105003,34,17,17,2024-12-19 09:09:15
500108068,34,17,17,2024-12-19 12:29:16
500108068,34,17,17,2024-12-19 10:17:16
500108068,34,16,18,2024-12-19 10:51:16
500101107,34,13,19,2024-12-19 12:36:15
500108084,34,2,19,2024-12-19 10:36:15
500110003,34,15,19,2024-12-19 11:24:15
500106047,34,13,20,2024-12-19 10:33:15
500111016,34,14,20,2024-12-19 12:08:15
500106047,34,12,21,2024-12-19 11:00:18
500106007,34,12,22,2024-12-19 12:58:15
500106047,34,11,22,2024-12-19 11:38:15
500110067,34,12,22,2024-12-19 09:27:15
500111016,34,12,22,2024-12-19 09:43:15
500113039,34,11,22,2024-12-19 10:28:15
500103023,34,8,25,2024-12-19 09:43:15
500112016,34,8,25,2024-12-19 11:58:16
500107109,34,8,26,2024-12-19 10:05:15
500103023,34,7,27,2024-12-19 12:18:15
500105003,34,7,27,2024-12-19 11:47:16
500103023,34,5,28,2024-12-19 10:07:16
500106007,34,6,28,2024-12-19 11:58:16
500107109,34,4,30,2024-12-19 10:45:16
500105061,34,3,31,2024-12-19 09:09:15
500105061,34,2,32,2024-12-19 10:14:15
500101150,34,0,33,2024-12-19 09:46:15
500101150,34,0,34,2024-12-19 12:28:15
500107017,34,32,1,2024-12-19 20:46:16
500110048,34,19,4,2024-12-19 17:35:16
500101150,34,28,6,2024-12-19 19:58:15
500107017,34,27,6,2024-12-19 19:17:15
500110048,34,22,7,2024-12-19 19:18:15
500110048,34,22,7,2024-12-19 19:33:15
500111016,34,24,10,2024-12-19 19:10:17
500112023,34,21,12,2024-12-19 17:59:15
500112023,34,20,13,2024-12-19 18:55:17
500113039,34,20,13,2024-12-19 19:28:15
500101150,34,20,14,2024-12-19 20:28:15
500110048,34,15,14,2024-12-19 20:49:15
500113057,34,20,14,2024-12-19 18:32:16
500113057,34,19,15,2024-12-19 18:20:17
500108068,34,17,17,2024-12-19 18:14:15
500106007,34,16,18,2024-12-19 19:17:15
500106047,34,15,18,2024-12-19 20:59:15
500112023,34,15,18,2024-12-19 20:04:16
500101150,34,15,19,2024-12-19 20:39:16
500108068,34,15,19,2024-12-19 17:28:14
500110003,34,15,19,2024-12-19 17:37:16
500110067,34,15,19,2024-12-19 20:25:15
500108084,34,8,20,2024-12-19 18:05:16
500101150,34,13,21,2024-12-19 20:57:15
500106007,34,13,21,2024-12-19 18:03:15
500108084,34,13,21,2024-12-19 18:37:15
500110003,34,13,21,2024-12-19 18:45:15
500103023,34,12,22,2024-12-19 17:22:16
500103023,34,12,22,2024-12-19 18:57:15
500106007,34,12,22,2024-12-19 18:18:16
500106007,34,12,22,2024-12-19 18:23:16
500101107,34,11,23,2024-12-19 17:48:15
500107109,34,11,23,2024-12-19 20:35:15
500107109,34,10,24,2024-12-19 20:15:16
500108068,34,10,24,2024-12-19 19:27:15
500101107,34,9,25,2024-12-19 18:57:15
500101030,34,8,26,2024-12-19 17:48:15
500105061,34,7,27,2024-12-19 18:28:15
500107109,34,6,28,2024-12-19 18:43:15
500106047,34,3,30,2024-12-19 19:47:15
500105003,34,3,31,2024-12-19 18:58:16
500105003,34,3,31,2024-12-19 19:38:15
500112024,34,3,31,2024-12-19 19:17:15
500101091,34,2,32,2024-12-19 21:20:16
500105003,34,2,32,2024-12-19 18:07:16
500105061,34,1,33,2024-12-19 20:44:15
500112024,34,1,33,2024-12-19 20:29:16
500112024,34,1,33,2024-12-19 21:10:16
500101030,34,33,1,2024-12-19 14:08:15
500110048,34,22,1,2024-12-19 16:57:16
500101030,34,30,4,2024-12-19 13:32:15
500110048,34,18,5,2024-12-19 13:34:16
500101030,34,28,6,2024-12-19 13:17:15
500101091,34,23,11,2024-12-19 16:30:16
500119071,34,13,11,2024-12-19 13:48:16
500106047,34,19,14,2024-12-19 13:16:15
500106047,34,17,16,2024-12-19 13:26:15
500106047,34,16,17,2024-12-19 15:16:15
500108084,34,11,17,2024-12-19 17:17:16
500113039,34,15,18,2024-12-19 16:58:15
500112023,34,12,21,2024-12-19 15:27:15
500112023,34,11,22,2024-12-19 15:07:15
500106007,34,11,23,2024-12-19 16:35:15
500107017,34,11,23,2024-12-19 13:51:15
500112023,34,9,24,2024-12-19 14:58:15
500101107,34,7,25,2024-12-19 14:13:15
500101150,34,8,26,2024-12-19 16:37:15
500105003,34,7,27,2024-12-19 15:36:15
500105003,34,7,27,2024-12-19 13:28:16
500113039,34,5,28,2024-12-19 16:17:15
500101150,34,5,29,2024-12-19 15:40:16
500101150,34,5,29,2024-12-19 17:07:15
500113039,34,4,29,2024-12-19 14:57:15
500107109,34,4,30,2024-12-19 14:45:15
500105061,34,3,31,2024-12-19 15:57:15
500101150,34,1,33,2024-12-19 13:19:15
500101150,34,0,34,2024-12-19 13:34:15
500105003,34,0,34,2024-12-19 17:09:16
500101030,34,2,32,2024-12-19 21:40:16
500105003,34,2,32,2024-12-19 21:40:15
500105061,34,5,29,2024-12-19 21:46:15
500108068,34,12,22,2024-12-19 21:41:15
500106047,34,33,0,2024-12-19 08:47:15
500112024,34,31,2,2024-12-19 08:36:15
500101107,34,28,4,2024-12-19 05:30:15
500101091,34,26,8,2024-12-19 05:10:15
500106007,34,24,9,2024-12-19 08:25:16
500111016,34,23,10,2024-12-19 05:46:15
500106047,34,22,11,2024-12-19 08:02:15
500106007,34,21,12,2024-12-19 08:13:15
500106007,34,20,13,2024-12-19 06:36:14
500107017,34,20,14,2024-12-19 05:12:14
500110067,34,20,14,2024-12-19 07:06:15
500110003,34,19,15,2024-12-19 07:39:15
500108068,34,18,16,2024-12-19 07:47:15
500110067,34,17,17,2024-12-19 07:37:15
500110003,34,16,18,2024-12-19 08:52:15
500112016,34,13,18,2024-12-19 06:47:15
500112016,34,12,19,2024-12-19 06:37:14
500113057,34,15,19,2024-12-19 06:10:16
500101150,34,11,22,2024-12-19 08:36:15
500103023,34,10,24,2024-12-19 05:54:15
500119071,34,8,26,2024-12-19 07:57:16
500110048,34,7,27,2024-12-19 07:53:16
500113057,34,7,27,2024-12-19 08:14:16
500107109,34,5,29,2024-12-19 06:33:14
500108084,34,5,29,2024-12-19 06:23:14
500112016,34,2,29,2024-12-19 07:45:15
500106047,34,3,30,2024-12-19 05:57:15
500107017,34,4,30,2024-12-19 08:03:15
500110048,34,4,30,2024-12-19 06:27:15
500112023,34,2,31,2024-12-19 08:57:15
500106047,34,1,32,2024-12-19 05:02:15
500107109,34,1,33,2024-12-19 07:45:16
500112023,34,24,9,2024-12-19 00:09:14
500103023,34,9,25,2024-12-19 00:06:15
500112024,34,5,29,2024-12-19 23:04:15
500107109,34,9,25,2024-12-19 22:27:15
500103023,34,10,24,2024-12-19 00:12:14
500101150,34,6,28,2024-12-19 23:16:15
500108084,34,10,24,2024-12-19 22:52:14
500108084,34,11,23,2024-12-19 22:23:15
500108068,34,17,17,2024-12-19 22:12:15
500101107,34,27,7,2024-12-19 22:39:15
500112016,34,13,13,2024-12-19 21:39:15
500112023,34,20,13,2024-12-19 21:37:15
500105061,34,5,29,2024-12-19 02:42:15
500110003,34,25,9,2024-12-19 02:37:15
500112023,34,26,7,2024-12-19 03:27:15
500107017,34,31,2,2024-12-19 22:08:15
500101107,34,33,1,2024-12-19 22:09:15
500112016,34,21,10,2024-12-19 01:23:15
500103023,34,12,22,2024-12-19 21:58:15
500110003,34,15,19,2024-12-19 21:48:16
500101150,34,16,17,2024-12-19 03:34:15
500101107,34,14,20,2024-12-19 23:59:15
500108068,34,29,5,2024-12-19 02:41:15
500106007,34,18,15,2024-12-19 01:48:15
500113039,34,0,33,2024-12-19 02:01:17
500107017,34,28,5,2024-12-19 22:47:14
500113057,34,29,5,2024-12-19 22:47:14
500112023,34,22,11,2024-12-19 22:53:15
500110003,34,16,18,2024-12-19 22:19:15
500107017,34,23,11,2024-12-19 04:07:15
500101150,34,5,29,2024-12-19 22:25:16
500107017,34,32,1,2024-12-19 22:22:15
500101107,34,25,9,2024-12-19 22:58:15
500101107,34,22,12,2024-12-19 23:32:14
500101107,34,32,0,2024-12-19 10:24:15
500112024,34,33,0,2024-12-19 08:52:15
500101107,34,29,3,2024-12-19 11:08:15
500110048,34,24,4,2024-12-19 09:37:15
500101091,34,27,7,2024-12-19 10:35:16
500112024,34,26,7,2024-12-19 09:37:15
500101091,34,26,8,2024-12-19 09:24:15
500101030,34,25,9,2024-12-19 09:54:15
500119071,34,13,10,2024-12-19 12:48:15
500101107,34,21,11,2024-12-19 11:45:15
500108084,34,6,11,2024-12-19 10:18:15
500110048,34,12,11,2024-12-19 11:27:15
500112024,34,21,12,2024-12-19 12:23:16
500108084,34,6,15,2024-12-19 11:04:15
500108084,34,8,16,2024-12-19 12:48:15
500112023,34,15,18,2024-12-19 09:45:15
500112023,34,14,19,2024-12-19 10:13:15
500113039,34,14,19,2024-12-19 09:26:15
500113039,34,14,19,2024-12-19 09:57:15
500112023,34,12,21,2024-12-19 11:37:15
500108084,34,11,23,2024-12-19 09:27:15
500111016,34,11,23,2024-12-19 10:16:15
500112016,34,10,23,2024-12-19 12:12:15
500112023,34,10,23,2024-12-19 12:54:15
500113039,34,10,23,2024-12-19 12:08:15
500107017,34,10,24,2024-12-19 09:07:15
500112023,34,8,25,2024-12-19 13:07:15
500107017,34,8,26,2024-12-19 12:38:15
500107017,34,8,26,2024-12-19 09:54:15
500110067,34,8,26,2024-12-19 11:58:16
500105003,34,6,28,2024-12-19 12:37:15
500110067,34,6,28,2024-12-19 12:18:15
500110067,34,6,28,2024-12-19 12:08:15
500106007,34,5,29,2024-12-19 11:45:15
500101150,34,3,30,2024-12-19 09:07:15
500107017,34,4,30,2024-12-19 09:27:15
500112016,34,3,30,2024-12-19 09:05:16
500101150,34,3,31,2024-12-19 11:15:15
500103023,34,3,31,2024-12-19 11:53:16
500106007,34,3,31,2024-12-19 10:31:15
500107109,34,3,31,2024-12-19 12:28:15
500107109,34,3,31,2024-12-19 12:53:15
500107017,34,2,32,2024-12-19 11:48:15
500107109,34,2,32,2024-12-19 09:22:15
500101150,34,0,34,2024-12-19 11:57:15
500105061,34,0,34,2024-12-19 11:34:15
500105061,34,0,34,2024-12-19 12:07:16
500105061,34,0,34,2024-12-19 10:43:15
500107017,34,0,34,2024-12-19 10:38:15
500113039,34,33,0,2024-12-19 21:08:15
500113039,34,32,1,2024-12-19 20:13:15
500113039,34,31,2,2024-12-19 21:18:15
500107017,34,30,3,2024-12-19 19:33:15
500110048,34,18,5,2024-12-19 17:28:15
500110048,34,18,5,2024-12-19 17:46:15
500110048,34,24,5,2024-12-19 18:46:15
500110048,34,28,6,2024-12-19 21:08:15
500111016,34,27,7,2024-12-19 21:17:15
500112016,34,26,7,2024-12-19 17:30:16
500101150,34,26,8,2024-12-19 19:07:15
500110048,34,21,8,2024-12-19 19:55:16
500110048,34,26,8,2024-12-19 21:19:16
500110048,34,20,9,2024-12-19 20:26:15
500113057,34,25,9,2024-12-19 21:07:16
500101150,34,24,10,2024-12-19 20:06:15
500107017,34,23,10,2024-12-19 18:56:15
500110048,34,13,10,2024-12-19 18:07:16
500112023,34,23,10,2024-12-19 18:29:16
500108056,34,23,11,2024-12-19 20:37:16
500112023,34,22,11,2024-12-19 18:04:15
500107017,34,19,14,2024-12-19 17:58:16
500107017,34,19,14,2024-12-19 18:48:15
500112023,34,18,15,2024-12-19 17:35:16
500108068,34,18,16,2024-12-19 19:05:16
500108084,34,18,16,2024-12-19 20:40:16
500113057,34,17,17,2024-12-19 17:57:15
500107017,34,15,18,2024-12-19 17:37:16
500112016,34,8,18,2024-12-19 19:49:15
500112023,34,15,18,2024-12-19 21:06:15
500106007,34,14,20,2024-12-19 19:03:15
500106007,34,14,20,2024-12-19 21:08:15
500113039,34,13,20,2024-12-19 17:58:16
500101107,34,13,21,2024-12-19 18:38:16
500101030,34,12,22,2024-12-19 17:27:16
500106007,34,12,22,2024-12-19 17:53:15
500108068,34,11,23,2024-12-19 20:43:15
500110067,34,11,23,2024-12-19 19:18:15
500112016,34,3,23,2024-12-19 18:13:16
500103023,34,10,24,2024-12-19 19:46:15
500106007,34,10,24,2024-12-19 17:48:15
500107109,34,10,24,2024-12-19 21:15:16
500108084,34,10,24,2024-12-19 18:48:15
500108084,34,3,25,2024-12-19 17:38:16
500119071,34,9,25,2024-12-19 17:38:16
500108068,34,8,26,2024-12-19 20:09:15
500105003,34,6,28,2024-12-19 19:26:15
500105061,34,6,28,2024-12-19 18:48:15
500101107,34,4,30,2024-12-19 18:06:15
500105003,34,4,30,2024-12-19 20:35:16
500105061,34,4,30,2024-12-19 20:56:15
500105003,34,3,31,2024-12-19 17:38:16
500105061,34,3,31,2024-12-19 19:28:15
500106047,34,2,31,2024-12-19 20:06:15
500106047,34,2,31,2024-12-19 18:58:16
500112024,34,3,31,2024-12-19 19:36:15
500105061,34,2,32,2024-12-19 20:09:15
500106047,34,1,32,2024-12-19 17:55:17
500112024,34,2,32,2024-12-19 18:57:15
500119071,34,2,32,2024-12-19 21:10:16
500101107,34,1,33,2024-12-19 18:18:16
500110048,34,19,4,2024-12-19 13:24:15
500101030,34,29,5,2024-12-19 13:25:16
500110048,34,17,6,2024-12-19 16:28:15
500101091,34,26,8,2024-12-19 14:37:14
500110048,34,13,10,2024-12-19 14:46:15
500119071,34,11,13,2024-12-19 14:05:15
500110003,34,20,14,2024-12-19 15:09:15
500119071,34,9,15,2024-12-19 14:27:15
500101091,34,18,16,2024-12-19 17:07:15
500106047,34,17,16,2024-12-19 16:00:17
500112016,34,17,16,2024-12-19 15:33:15
500107017,34,17,17,2024-12-19 15:25:15
500112016,34,16,17,2024-12-19 14:51:15
500101030,34,16,18,2024-12-19 17:05:17
500103023,34,14,20,2024-12-19 13:55:16
500112023,34,13,20,2024-12-19 15:58:15
500103023,34,13,21,2024-12-19 15:04:15
500108068,34,12,22,2024-12-19 17:08:16
500111016,34,12,22,2024-12-19 13:20:17
500101107,34,11,23,2024-12-19 17:05:17
500106007,34,11,23,2024-12-19 16:55:16
500112024,34,10,24,2024-12-19 13:40:16
500106007,34,9,25,2024-12-19 16:28:15
500101107,34,6,26,2024-12-19 14:56:14
500113039,34,7,26,2024-12-19 14:34:14
500105061,34,7,27,2024-12-19 17:15:17
500105061,34,6,28,2024-12-19 16:57:16
500113057,34,6,28,2024-12-19 16:02:15
500101150,34,5,29,2024-12-19 16:58:15
500113039,34,4,29,2024-12-19 16:00:17
500105061,34,4,30,2024-12-19 15:46:15
500105061,34,4,30,2024-12-19 13:54:15
500110067,34,4,30,2024-12-19 14:50:15
500113039,34,3,30,2024-12-19 15:35:16
500105061,34,3,31,2024-12-19 16:19:15
500107109,34,3,31,2024-12-19 16:20:17
500107109,34,2,32,2024-12-19 13:58:16
500107109,34,1,33,2024-12-19 17:05:16
500112024,34,0,34,2024-12-19 16:56:15
500112024,34,4,30,2024-12-19 21:49:15
500101091,34,5,29,2024-12-19 21:45:15
500110048,34,20,14,2024-12-19 21:49:14
500101107,34,34,0,2024-12-19 21:46:16
500101150,34,29,4,2024-12-19 06:23:14
500112023,34,29,4,2024-12-19 05:51:14
500108068,34,29,5,2024-12-19 05:55:16
500101091,34,28,6,2024-12-19 06:46:15
500113039,34,27,6,2024-12-19 07:15:17
500101091,34,27,7,2024-12-19 05:54:15
500101107,34,23,9,2024-12-19 08:37:15
500101150,34,24,9,2024-12-19 06:46:15
500111016,34,24,9,2024-12-19 05:04:15
500106007,34,23,10,2024-12-19 08:00:17
500101107,34,21,11,2024-12-19 07:37:15
500110003,34,23,11,2024-12-19 07:09:15
500110003,34,22,12,2024-12-19 06:49:15
500105003,34,19,15,2024-12-19 08:03:15
500110003,34,19,15,2024-12-19 08:01:14
500101107,34,16,16,2024-12-19 07:56:15
500107017,34,18,16,2024-12-19 07:15:17
500101030,34,17,17,2024-12-19 08:55:16
500108056,34,15,18,2024-12-19 06:23:14
500113057,34,16,18,2024-12-19 06:07:15
500112016,34,14,19,2024-12-19 07:59:15
500111016,34,12,21,2024-12-19 08:27:16
500112023,34,11,22,2024-12-19 08:14:15
500119071,34,10,24,2024-12-19 08:03:15
500112016,34,6,25,2024-12-19 07:24:15
500103023,34,7,26,2024-12-19 08:00:17
500106047,34,6,27,2024-12-19 06:15:15
500112023,34,6,27,2024-12-19 08:47:15
500105061,34,5,29,2024-12-19 06:36:14
500107017,34,5,29,2024-12-19 08:57:15
500113057,34,5,29,2024-12-19 07:16:15
500105061,34,4,30,2024-12-19 07:24:15
500107017,34,4,30,2024-12-19 08:06:16
500107017,34,4,30,2024-12-19 08:44:16
500101030,34,2,32,2024-12-19 07:30:18
500107109,34,1,33,2024-12-19 08:54:18
500105061,34,31,3,2024-12-19 00:05:15
500113039,34,9,24,2024-12-19 00:43:15
500105003,34,3,31,2024-12-19 23:36:15
500101150,34,9,25,2024-12-19 23:37:14
500105061,34,12,22,2024-12-19 23:38:15
500101107,34,29,3,2024-12-19 00:57:15
500110048,34,1,33,2024-12-19 00:16:15
500113057,34,30,4,2024-12-19 23:40:15
500111016,34,27,7,2024-12-19 23:33:15
500105061,34,11,23,2024-12-19 01:12:15
500106007,34,18,15,2024-12-19 01:14:14
500113057,34,18,16,2024-12-19 00:25:16
500105003,34,1,33,2024-12-19 23:18:15
500110067,34,24,10,2024-12-19 23:19:15
500113057,34,30,4,2024-12-19 22:57:15
500112016,34,11,15,2024-12-19 22:25:15
500101030,34,3,31,2024-12-19 21:36:15
500108068,34,13,21,2024-12-19 21:27:15
500113057,34,27,7,2024-12-19 21:35:15
500101107,34,30,4,2024-12-19 21:39:15
500108084,34,2,32,2024-12-19 04:03:14
500101150,34,32,1,2024-12-19 04:20:16
500101030,34,2,32,2024-12-19 22:02:16
500108068,34,15,19,2024-12-19 21:57:15
500112023,34,23,10,2024-12-19 22:05:16
500107017,34,19,15,2024-12-19 01:18:15
500107109,34,6,28,2024-12-19 21:49:14
500110048,34,15,19,2024-12-19 21:58:15
500107017,34,28,5,2024-12-19 21:55:17
500101107,34,33,1,2024-12-19 21:53:15
500101150,34,17,17,2024-12-19 03:27:15
500105061,34,13,21,2024-12-19 23:58:14
500105061,34,6,28,2024-12-19 01:40:15
500105003,34,2,32,2024-12-19 22:48:15
500101107,34,27,7,2024-12-19 22:49:14
500101091,34,18,16,2024-12-19 23:06:15
500113039,34,28,5,2024-12-19 23:03:15
500103023,34,11,23,2024-12-19 22:19:15
500110048,34,12,22,2024-12-19 22:10:17
500101150,34,2,32,2024-12-19 22:50:16
500113039,34,2,31,2024-12-19 01:34:15
500105061,34,7,27,2024-12-19 01:25:15
500101030,34,31,3,2024-12-19 12:24:16
500101030,34,29,5,2024-12-19 10:44:16
500106047,34,28,5,2024-12-19 09:37:15
500110048,34,18,5,2024-12-19 12:47:15
500101091,34,28,6,2024-12-19 09:53:15
500101091,34,28,6,2024-12-19 10:49:15
500119071,34,23,7,2024-12-19 09:26:15
500110048,34,14,9,2024-12-19 11:18:16
500101091,34,23,11,2024-12-19 09:03:14
500119071,34,19,11,2024-12-19 09:08:15
500106047,34,21,12,2024-12-19 10:18:15
500119071,34,18,12,2024-12-19 09:07:15
500119071,34,11,12,2024-12-19 11:08:15
500119071,34,10,13,2024-12-19 12:28:15
500106047,34,19,14,2024-12-19 13:08:15
500108084,34,6,15,2024-12-19 10:48:15
500108068,34,18,16,2024-12-19 11:36:15
500108068,34,17,17,2024-12-19 09:29:15
500112023,34,15,18,2024-12-19 10:05:16
500112023,34,15,18,2024-12-19 11:25:15
500105003,34,15,19,2024-12-19 09:02:15
500108084,34,2,19,2024-12-19 12:08:15
500110003,34,15,19,2024-12-19 12:33:15
500108084,34,14,20,2024-12-19 09:09:15
500112023,34,13,20,2024-12-19 09:35:16
500108084,34,12,22,2024-12-19 09:37:15
500119071,34,1,22,2024-12-19 11:46:14
500110067,34,11,23,2024-12-19 09:43:15
500106007,34,10,24,2024-12-19 12:39:15
500112016,34,8,25,2024-12-19 10:22:15
500101150,34,7,26,2024-12-19 10:44:16
500103023,34,7,26,2024-12-19 09:05:16
500103023,34,7,26,2024-12-19 09:57:15
500106007,34,8,26,2024-12-19 12:27:14
500112016,34,7,26,2024-12-19 10:38:15
500105003,34,7,27,2024-12-19 12:49:15
500101150,34,5,28,2024-12-19 10:07:16
500106007,34,5,29,2024-12-19 10:16:15
500107017,34,5,29,2024-12-19 12:08:15
500105061,34,4,30,2024-12-19 10:05:16
500107109,34,4,30,2024-12-19 12:29:15
500107017,34,3,31,2024-12-19 10:18:15
500107109,34,3,31,2024-12-19 09:35:16
500103023,34,2,32,2024-12-19 11:47:16
500107017,34,2,32,2024-12-19 10:51:16
500107109,34,2,32,2024-12-19 09:39:15
500107017,34,1,33,2024-12-19 10:45:16
500101150,34,30,3,2024-12-19 04:14:15
500107017,34,32,1,2024-12-19 20:24:15
500110048,34,17,6,2024-12-19 17:55:17
500110048,34,21,8,2024-12-19 19:47:15
500101150,34,25,9,2024-12-19 18:58:15
500108056,34,25,9,2024-12-19 20:10:17
500111016,34,23,11,2024-12-19 19:07:15
500113057,34,23,11,2024-12-19 20:48:15
500108084,34,22,12,2024-12-19 20:13:15
500111016,34,21,13,2024-12-19 17:35:16
500113057,34,20,14,2024-12-19 19:36:15
500112023,34,18,15,2024-12-19 19:18:15
500106047,34,16,17,2024-12-19 20:47:14
500112023,34,16,17,2024-12-19 19:24:15
500107017,34,15,18,2024-12-19 17:28:15
500108068,34,14,20,2024-12-19 17:37:16
500108084,34,8,20,2024-12-19 17:59:15
500108084,34,14,20,2024-12-19 21:08:15
500106047,34,12,21,2024-12-19 21:06:15
500108084,34,13,21,2024-12-19 21:15:16
500112016,34,5,21,2024-12-19 18:56:15
500106007,34,12,22,2024-12-19 20:38:15
500106007,34,12,22,2024-12-19 19:37:16
500103023,34,10,24,2024-12-19 19:15:16
500101150,34,9,25,2024-12-19 21:19:15
500101107,34,7,27,2024-12-19 18:28:16
500105061,34,7,27,2024-12-19 18:10:17
500107109,34,7,27,2024-12-19 19:48:15
500108068,34,6,28,2024-12-19 19:32:15
500105003,34,5,29,2024-12-19 19:54:15
500106047,34,4,29,2024-12-19 19:16:15
500119071,34,4,30,2024-12-19 17:57:14
500101091,34,3,31,2024-12-19 19:33:15
500105003,34,3,31,2024-12-19 20:12:15
500105003,34,3,31,2024-12-19 17:56:16
500105003,34,3,31,2024-12-19 19:49:15
500105061,34,3,31,2024-12-19 21:19:16
500106047,34,2,31,2024-12-19 19:29:15
500101091,34,1,33,2024-12-19 19:59:16
500119071,34,1,33,2024-12-19 18:28:16
500112024,34,0,34,2024-12-19 17:39:16
500101030,34,33,1,2024-12-19 13:52:15
500101030,34,30,4,2024-12-19 15:44:15
500112024,34,30,4,2024-12-19 15:55:16
500101091,34,27,7,2024-12-19 13:15:15
500101091,34,27,7,2024-12-19 14:09:16
500110048,34,16,7,2024-12-19 15:53:14
500101091,34,24,10,2024-12-19 16:23:15
500112024,34,21,13,2024-12-19 14:26:15
500106047,34,16,17,2024-12-19 14:01:15
500119071,34,7,17,2024-12-19 14:37:14
500112024,34,15,18,2024-12-19 13:38:15
500101030,34,13,21,2024-12-19 17:17:16
500111016,34,13,21,2024-12-19 15:22:15
500103023,34,12,22,2024-12-19 16:58:15
500108068,34,11,23,2024-12-19 15:06:16
500112023,34,9,24,2024-12-19 13:27:15
500105003,34,9,25,2024-12-19 14:40:16
500106007,34,9,25,2024-12-19 14:04:15
500101150,34,8,26,2024-12-19 16:24:15
500105003,34,8,26,2024-12-19 13:17:15
500112024,34,7,27,2024-12-19 16:28:14
500113039,34,6,27,2024-12-19 16:28:15
500113057,34,7,27,2024-12-19 16:31:15
500101107,34,4,28,2024-12-19 15:08:15
500101107,34,5,29,2024-12-19 15:48:15
500105061,34,5,29,2024-12-19 16:48:16
500105061,34,4,30,2024-12-19 14:06:15
500112024,34,1,33,2024-12-19 17:07:15
500101107,34,31,1,2024-12-19 04:51:15
500106047,34,30,3,2024-12-19 08:51:18
500101107,34,26,6,2024-12-19 06:26:15
500101150,34,25,8,2024-12-19 06:33:15
500112023,34,24,9,2024-12-19 07:46:15
500101107,34,19,13,2024-12-19 07:47:15
500101150,34,20,13,2024-12-19 07:26:15
500119071,34,20,14,2024-12-19 08:25:16
500108084,34,16,18,2024-12-19 07:37:15
500101150,34,14,19,2024-12-19 08:17:15
500110003,34,15,19,2024-12-19 08:46:15
500113057,34,15,19,2024-12-19 06:24:15
500106007,34,13,20,2024-12-19 08:57:15
500108056,34,13,20,2024-12-19 07:47:15
500113039,34,13,20,2024-12-19 08:44:16
500108084,34,13,21,2024-12-19 08:03:14
500110067,34,13,21,2024-12-19 08:27:16
500105003,34,12,22,2024-12-19 07:16:15
500113039,34,11,22,2024-12-19 08:37:15
500108084,34,11,23,2024-12-19 07:47:15
500110067,34,11,23,2024-12-19 08:35:16
500110067,34,10,24,2024-12-19 08:47:15
500101150,34,8,25,2024-12-19 08:27:16
500105003,34,7,27,2024-12-19 06:25:15
500103023,34,5,28,2024-12-19 08:17:15
500110048,34,6,28,2024-12-19 07:45:16
500107109,34,5,29,2024-12-19 07:23:15
500111016,34,2,31,2024-12-19 08:52:16
500112016,34,2,31,2024-12-19 08:42:15
500113039,34,5,28,2024-12-19 00:32:15
500119071,34,1,33,2024-12-19 00:36:15
500106007,34,20,13,2024-12-19 00:15:15
500101091,34,18,16,2024-12-19 00:50:16
500101091,34,17,17,2024-12-19 23:19:15
500101150,34,0,34,2024-12-19 22:39:15
500107017,34,28,5,2024-12-19 21:37:15
500111016,34,28,6,2024-12-19 21:33:16
500108068,34,30,4,2024-12-19 02:54:15
500101107,34,31,1,2024-12-19 02:25:16
500105003,34,5,29,2024-12-19 03:25:15
500113039,34,29,4,2024-12-19 04:12:14
500101150,34,4,30,2024-12-19 21:59:15
500105061,34,6,28,2024-12-19 21:52:15
500107017,34,9,25,2024-12-19 03:40:15
500106007,34,2,32,2024-12-19 23:42:15
500108056,34,11,23,2024-12-19 01:29:15
500110003,34,25,9,2024-12-19 01:44:14
500101107,34,32,0,2024-12-19 04:06:15
500101091,34,13,21,2024-12-19 22:24:15
500105003,34,4,30,2024-12-19 01:54:14
500113039,34,25,8,2024-12-19 23:32:14
500101107,34,32,0,2024-12-19 10:32:16
500101107,34,31,1,2024-12-19 09:47:15
500112024,34,32,1,2024-12-19 09:09:15
500110048,34,26,2,2024-12-19 09:47:15
500101091,34,28,6,2024-12-19 12:36:15
500110048,34,17,6,2024-12-19 11:03:16
500101030,34,26,8,2024-12-19 10:24:14
500112024,34,25,8,2024-12-19 10:35:16
500106047,34,24,9,2024-12-19 12:37:15
500106047,34,22,11,2024-12-19 12:52:15
500110048,34,11,12,2024-12-19 10:32:15
500112024,34,21,12,2024-12-19 11:57:16
500119071,34,14,12,2024-12-19 10:18:15
500110048,34,10,13,2024-12-19 10:14:15
500105003,34,18,16,2024-12-19 09:26:15
500119071,34,5,18,2024-12-19 11:25:15
500105003,34,14,20,2024-12-19 09:47:15
500101107,34,11,21,2024-12-19 12:52:15
500108056,34,12,21,2024-12-19 10:53:16
500111016,34,13,21,2024-12-19 09:05:16
500113039,34,12,21,2024-12-19 10:18:15
500107017,34,11,23,2024-12-19 12:56:15
500110067,34,11,23,2024-12-19 09:28:15
500112016,34,9,24,2024-12-19 11:28:15
500113039,34,8,25,2024-12-19 12:38:15
500113039,34,7,26,2024-12-19 12:19:16
500105003,34,6,28,2024-12-19 12:41:15
500101150,34,4,29,2024-12-19 10:18:15
500105061,34,4,30,2024-12-19 09:35:16
500113039,34,3,30,2024-12-19 11:54:15
500106007,34,3,31,2024-12-19 10:02:15
500107109,34,3,31,2024-12-19 09:55:17
500105061,34,2,32,2024-12-19 13:07:15
500105061,34,2,32,2024-12-19 09:04:15
500106007,34,1,32,2024-12-19 09:20:16
500107017,34,2,32,2024-12-19 11:05:17
500107017,34,2,32,2024-12-19 11:12:16
500112023,34,1,32,2024-12-19 08:59:15
500107017,34,1,33,2024-12-19 10:26:14
500113057,34,1,33,2024-12-19 12:08:15
500107017,34,32,1,2024-12-19 20:35:16
500101107,34,27,7,2024-12-19 20:48:15
500101150,34,27,7,2024-12-19 19:17:15
500108084,34,27,7,2024-12-19 19:51:15
500110048,34,22,7,2024-12-19 20:09:15
500110048,34,22,7,2024-12-19 18:37:15
500108056,34,26,8,2024-12-19 18:02:15
500108084,34,26,8,2024-12-19 19:38:14
500101107,34,25,9,2024-12-19 21:09:15
500111016,34,25,9,2024-12-19 20:04:16
500112016,34,23,10,2024-12-19 17:48:15
500101107,34,23,11,2024-12-19 20:27:15
500112023,34,19,14,2024-12-19 17:47:16
500108084,34,19,15,2024-12-19 20:17:15
500112023,34,16,17,2024-12-19 19:58:15
500101150,34,16,18,2024-12-19 20:49:15
500112023,34,15,18,2024-12-19 20:36:15
500103023,34,14,20,2024-12-19 18:48:15
500113039,34,12,21,2024-12-19 18:08:16
500103023,34,12,22,2024-12-19 20:25:15
500106007,34,12,22,2024-12-19 18:57:15
500110067,34,9,25,2024-12-19 18:52:15
500113039,34,7,26,2024-12-19 18:17:15
500119071,34,8,26,2024-12-19 17:43:16
500101107,34,7,27,2024-12-19 17:20:17
500101150,34,7,27,2024-12-19 17:47:16
500107109,34,7,27,2024-12-19 19:02:16
500107109,34,5,29,2024-12-19 18:27:15
500101030,34,4,30,2024-12-19 17:59:15
500106047,34,3,30,2024-12-19 17:36:16
500106047,34,3,30,2024-12-19 17:44:15
500107109,34,4,30,2024-12-19 17:36:14
500101030,34,3,31,2024-12-19 20:46:16
500106047,34,2,31,2024-12-19 18:07:16
500105061,34,1,33,2024-12-19 20:21:15
500112024,34,1,33,2024-12-19 18:59:15
500101030,34,0,34,2024-12-19 19:10:20
500119071,34,23,0,2024-12-19 13:20:18
500101091,34,27,7,2024-12-19 13:23:15
500108056,34,25,9,2024-12-19 16:31:14
500110048,34,14,9,2024-12-19 14:33:16
500101091,34,24,10,2024-12-19 15:22:15
500108056,34,23,10,2024-12-19 14:29:15
500108056,34,24,10,2024-12-19 16:13:15
500119071,34,24,10,2024-12-19 16:46:15
500101030,34,22,12,2024-12-19 16:48:16
500112016,34,20,13,2024-12-19 16:04:15
500108084,34,11,15,2024-12-19 13:55:16
500108084,34,11,15,2024-12-19 15:04:15
500112024,34,19,15,2024-12-19 14:07:15
500112016,34,15,18,2024-12-19 15:08:15
500119071,34,16,18,2024-12-19 17:16:16
500103023,34,15,19,2024-12-19 14:25:16
500111016,34,14,20,2024-12-19 15:13:16
500119071,34,4,20,2024-12-19 14:48:15
500119071,34,2,22,2024-12-19 16:16:15
500108068,34,10,24,2024-12-19 13:44:15
500113039,34,8,25,2024-12-19 13:32:15
500101107,34,6,26,2024-12-19 13:28:16
500101150,34,8,26,2024-12-19 16:15:16
500105003,34,8,26,2024-12-19 14:27:15
500106007,34,8,26,2024-12-19 14:18:15
500105061,34,5,29,2024-12-19 15:01:16
500113039,34,4,29,2024-12-19 14:48:15
500113057,34,5,29,2024-12-19 15:16:15
500113039,34,3,30,2024-12-19 15:25:15
500113057,34,3,31,2024-12-19 15:08:15
500101150,34,2,32,2024-12-19 15:16:15
500110067,34,2,32,2024-12-19 17:08:16
500110067,34,2,32,2024-12-19 15:14:15
500113057,34,1,33,2024-12-19 14:27:16
500101107,34,29,3,2024-12-19 05:05:16
500101107,34,26,6,2024-12-19 08:27:16
500101091,34,27,7,2024-12-19 08:16:15
500101091,34,27,7,2024-12-19 08:25:15
500101091,34,27,7,2024-12-19 07:17:14
500108084,34,26,8,2024-12-19 08:37:15
500101107,34,23,9,2024-12-19 07:22:15
500110048,34,25,9,2024-12-19 08:32:15
500108084,34,23,11,2024-12-19 08:46:15
500105003,34,21,13,2024-12-19 08:25:16
500101150,34,19,14,2024-12-19 07:16:14
500110003,34,20,14,2024-12-19 07:23:15
500107017,34,19,15,2024-12-19 06:02:14
500113039,34,17,16,2024-12-19 08:01:15
500113039,34,16,17,2024-12-19 08:16:15
500110067,34,16,18,2024-12-19 07:53:16
500108056,34,14,19,2024-12-19 07:11:14
500112024,34,12,21,2024-12-19 07:37:15
500113057,34,13,21,2024-12-19 07:51:15
500112016,34,9,24,2024-12-19 08:15:16
500113057,34,10,24,2024-12-19 08:02:15
500119071,34,10,24,2024-12-19 08:37:15
500103023,34,8,25,2024-12-19 07:57:16
500108084,34,9,25,2024-12-19 07:17:14
500112023,34,7,26,2024-12-19 08:37:15
500103023,34,6,27,2024-12-19 08:41:15
500103023,34,6,27,2024-12-19 07:37:15
500105061,34,7,27,2024-12-19 06:26:14
500107109,34,6,28,2024-12-19 06:45:16
500101030,34,5,29,2024-12-19 08:05:17
500105061,34,5,29,2024-12-19 07:57:16
500107109,34,5,29,2024-12-19 07:13:15
500107017,34,4,30,2024-12-19 08:37:15
500110048,34,3,31,2024-12-19 07:37:15
500112016,34,2,31,2024-12-19 08:27:16
500112016,34,2,31,2024-12-19 08:36:15
500113057,34,3,31,2024-12-19 08:47:15
500107109,34,1,33,2024-12-19 08:37:16
500101030,34,0,34,2024-12-19 06:47:15
500101030,34,0,34,2024-12-19 07:26:15
500113057,34,0,34,2024-12-19 08:57:15
500101091,34,15,19,2024-12-19 00:13:15
500101107,34,22,10,2024-12-19 00:13:15
500101107,34,28,4,2024-12-19 00:47:15
500101150,34,6,28,2024-12-19 00:43:15
500107017,34,20,14,2024-12-19 00:57:15
500101150,34,9,25,2024-12-19 03:17:15
500112023,34,25,8,2024-12-19 03:17:15
500105061,34,8,26,2024-12-19 22:31:16
500119071,34,2,32,2024-12-19 21:26:16
500106047,34,6,27,2024-12-19 21:37:15
500113039,34,0,33,2024-12-19 02:33:16
500101030,34,2,32,2024-12-19 01:54:15
500105003,34,5,29,2024-12-19 02:02:15
500112024,34,2,31,2024-12-19 03:54:15
500110048,34,13,21,2024-12-19 22:04:15
500113039,34,33,0,2024-12-19 22:08:16
500110003,34,26,8,2024-12-19 01:22:15
500101091,34,6,28,2024-12-19 21:59:15
500107017,34,26,7,2024-12-19 23:42:15
500105061,34,12,22,2024-12-19 00:53:15
500113039,34,3,30,2024-12-19 01:46:14
500107017,34,11,23,2024-12-19 02:33:15
500105061,34,8,26,2024-12-19 22:19:15
500107017,34,31,2,2024-12-19 22:17:15
500101150,34,28,5,2024-12-19 03:51:15
500107109,34,8,26,2024-12-19 22:22:15
500101030,34,31,3,2024-12-19 12:08:15
500106047,34,30,3,2024-12-19 09:06:15
500101091,34,30,4,2024-12-19 12:08:15
500112024,34,26,7,2024-12-19 09:27:15
500110048,34,15,8,2024-12-19 10:58:16
500112024,34,25,8,2024-12-19 10:18:15
500119071,34,15,8,2024-12-19 13:02:15
500110048,34,14,9,2024-12-19 11:45:15
500101030,34,24,10,2024-12-19 10:14:15
500106047,34,22,11,2024-12-19 12:46:15
500112024,34,22,11,2024-12-19 11:27:15
500119071,34,11,12,2024-12-19 10:48:15
500119071,34,8,15,2024-12-19 11:15:15
500119071,34,7,16,2024-12-19 12:14:16
500108084,34,17,17,2024-12-19 09:07:15
500110003,34,17,17,2024-12-19 09:27:14
500113039,34,15,18,2024-12-19 09:09:15
500113039,34,14,19,2024-12-19 11:01:16
500112016,34,12,21,2024-12-19 12:35:15
500112016,34,12,21,2024-12-19 12:52:15
500113039,34,12,21,2024-12-19 10:31:16
500119071,34,9,21,2024-12-19 09:47:15
500103023,34,12,22,2024-12-19 12:44:15
500106047,34,11,22,2024-12-19 10:58:16
500111016,34,12,22,2024-12-19 11:43:15
500112016,34,11,22,2024-12-19 12:45:16
500113039,34,11,22,2024-12-19 10:06:14
500112023,34,10,23,2024-12-19 11:03:16
500105003,34,9,25,2024-12-19 10:30:16
500106007,34,9,25,2024-12-19 12:31:15
500112023,34,8,25,2024-12-19 11:16:15
500101107,34,6,26,2024-12-19 12:19:16
500110067,34,7,27,2024-12-19 10:04:16
500103023,34,5,29,2024-12-19 10:15:16
500107017,34,5,29,2024-12-19 10:05:15
500107109,34,5,29,2024-12-19 10:29:15
500101150,34,4,30,2024-12-19 12:35:16
500107109,34,4,30,2024-12-19 11:05:17
500105061,34,3,31,2024-12-19 09:38:14
500106007,34,3,31,2024-12-19 10:23:15
500107017,34,2,32,2024-12-19 11:38:15
500101150,34,1,33,2024-12-19 11:47:15
500101150,34,1,33,2024-12-19 12:17:16
500105061,34,1,33,2024-12-19 10:27:15
500105061,34,0,34,2024-12-19 11:51:15
500113057,34,0,34,2024-12-19 09:27:15
500113039,34,33,0,2024-12-19 20:38:15
500113039,34,33,0,2024-12-19 20:40:19
500107017,34,30,3,2024-12-19 20:13:15
500110048,34,20,3,2024-12-19 18:28:16
500110048,34,21,8,2024-12-19 20:12:15
500108056,34,25,9,2024-12-19 17:55:17
500111016,34,25,9,2024-12-19 19:26:15
500108056,34,24,10,2024-12-19 20:25:15
500108056,34,24,10,2024-12-19 16:49:15
500112023,34,22,11,2024-12-19 18:37:15
500110048,34,17,12,2024-12-19 20:51:15
500113057,34,21,13,2024-12-19 19:14:16
500113057,34,20,14,2024-12-19 18:18:16
500113057,34,19,15,2024-12-19 19:49:15
500113057,34,18,16,2024-12-19 18:07:16
500110048,34,6,17,2024-12-19 18:18:16
500110003,34,15,19,2024-12-19 21:04:15
500112023,34,14,19,2024-12-19 20:18:15
500113057,34,15,19,2024-12-19 17:43:16
500103023,34,13,21,2024-12-19 18:27:15
500105061,34,13,21,2024-12-19 17:57:15
500110067,34,13,21,2024-12-19 19:34:15
500101091,34,12,22,2024-12-19 17:38:16
500103023,34,11,23,2024-12-19 19:38:15
500106007,34,11,23,2024-12-19 20:58:15
500110067,34,11,23,2024-12-19 21:20:16
500105061,34,10,24,2024-12-19 17:28:15
500110067,34,10,24,2024-12-19 18:38:15
500110067,34,10,24,2024-12-19 18:45:16
500113057,34,10,24,2024-12-19 17:24:16
500101107,34,9,25,2024-12-19 17:59:15
500103023,34,9,25,2024-12-19 17:58:15
500105061,34,9,25,2024-12-19 18:08:16
500106007,34,9,25,2024-12-19 17:23:15
500108068,34,9,25,2024-12-19 20:37:16
500101107,34,8,26,2024-12-19 17:37:16
500103023,34,8,26,2024-12-19 18:02:15
500110067,34,7,27,2024-12-19 18:29:16
500101091,34,4,30,2024-12-19 17:59:15
500101091,34,4,30,2024-12-19 18:07:16
500101091,34,4,30,2024-12-19 19:06:16
500101091,34,4,30,2024-12-19 18:58:16
500110067,34,4,30,2024-12-19 17:25:16
500107109,34,3,31,2024-12-19 17:55:17
500101091,34,2,32,2024-12-19 20:42:16
500105061,34,2,32,2024-12-19 19:30:17
500105061,34,2,32,2024-12-19 19:06:16
500105003,34,1,33,2024-12-19 18:48:15
500112024,34,0,34,2024-12-19 20:09:15
500101030,34,32,2,2024-12-19 15:57:15
500110048,34,13,10,2024-12-19 15:29:15
500101091,34,23,11,2024-12-19 15:37:16
500108084,34,17,11,2024-12-19 17:08:15
500112024,34,22,11,2024-12-19 13:26:16
500112016,34,21,12,2024-12-19 16:21:14
500119071,34,12,12,2024-12-19 16:38:15
500112016,34,20,13,2024-12-19 16:58:15
500101091,34,20,14,2024-12-19 16:58:15
500108084,34,12,14,2024-12-19 14:55:16
500110003,34,20,14,2024-12-19 16:15:16
500106047,34,18,15,2024-12-19 15:58:15
500108084,34,11,15,2024-12-19 14:22:15
500108084,34,11,15,2024-12-19 14:41:15
500110003,34,19,15,2024-12-19 15:05:16
500111016,34,19,15,2024-12-19 17:18:16
500112016,34,18,15,2024-12-19 17:01:16
500107017,34,17,16,2024-12-19 16:58:15
500107017,34,16,17,2024-12-19 17:08:16
500107017,34,15,18,2024-12-19 16:32:15
500119071,34,6,18,2024-12-19 15:28:14
500107017,34,15,19,2024-12-19 15:58:15
500108068,34,15,19,2024-12-19 17:11:16
500103023,34,14,20,2024-12-19 14:39:16
500107017,34,14,20,2024-12-19 14:37:14
500111016,34,14,20,2024-12-19 16:31:15
500112023,34,13,20,2024-12-19 16:16:15
500108068,34,13,21,2024-12-19 16:29:15
500113057,34,11,23,2024-12-19 17:04:15
500105003,34,9,25,2024-12-19 16:38:15
500106007,34,9,25,2024-12-19 15:33:15
500105003,34,8,26,2024-12-19 13:38:16
500113039,34,7,26,2024-12-19 15:15:16
500105003,34,7,27,2024-12-19 16:00:17
500113039,34,6,27,2024-12-19 16:38:15
500113057,34,7,27,2024-12-19 16:12:15
500101107,34,6,28,2024-12-19 16:37:15
500101150,34,6,28,2024-12-19 15:55:16
500105061,34,4,30,2024-12-19 15:22:15
500113057,34,4,30,2024-12-19 14:44:15
500112024,34,2,32,2024-12-19 16:38:15
500112024,34,33,0,2024-12-19 08:26:15
500106047,34,31,2,2024-12-19 08:24:15
500112023,34,30,3,2024-12-19 06:35:14
500101107,34,28,4,2024-12-19 06:12:15
500113039,34,29,4,2024-12-19 06:04:14
500110067,34,27,7,2024-12-19 05:43:14
500110003,34,26,8,2024-12-19 04:51:15
500110067,34,24,10,2024-12-19 06:34:15
500112023,34,22,11,2024-12-19 07:17:14
500107017,34,22,12,2024-12-19 06:55:16
500108068,34,20,14,2024-12-19 07:36:14
500110003,34,20,14,2024-12-19 07:49:16
500107017,34,19,15,2024-12-19 06:41:15
500112023,34,18,15,2024-12-19 07:27:15
500111016,34,17,16,2024-12-19 08:02:15
500106047,34,12,21,2024-12-19 07:08:15
500112016,34,10,21,2024-12-19 06:14:15
500103023,34,9,25,2024-12-19 06:19:15
500110048,34,6,28,2024-12-19 06:43:15
500105061,34,5,29,2024-12-19 07:35:16
500113057,34,5,29,2024-12-19 08:27:16
500119071,34,4,30,2024-12-19 07:45:16
500101030,34,3,31,2024-12-19 07:57:16
500105061,34,3,31,2024-12-19 07:16:15
500113057,34,2,32,2024-12-19 07:23:15
500110048,34,1,33,2024-12-19 06:17:14
500112024,34,0,33,2024-12-19 05:50:17
500112024,34,0,33,2024-12-19 05:48:14
500107109,34,0,34,2024-12-19 07:53:16
500101107,34,21,11,2024-12-19 00:31:14
500105061,34,31,3,2024-12-19 00:34:14
500101107,34,30,2,2024-12-19 03:15:15
500101030,34,0,34,2024-12-19 23:48:15
500101030,34,3,31,2024-12-19 00:19:15
500103023,34,15,19,2024-12-19 23:58:14
500112023,34,22,11,2024-12-19 23:48:14
500110067,34,25,9,2024-12-19 23:45:16
500110048,34,0,34,2024-12-19 00:22:15
500101150,34,7,27,2024-12-19 01:10:16
500112016,34,19,12,2024-12-19 01:13:15
500101107,34,26,8,2024-12-19 23:11:14
500111016,34,28,6,2024-12-19 23:16:15
500101091,34,15,19,2024-12-19 22:32:15
500113039,34,31,2,2024-12-19 22:39:15
500106007,34,10,24,2024-12-19 21:35:15
500110003,34,13,21,2024-12-19 21:33:16
500110048,34,2,32,2024-12-19 04:11:17
500112016,34,17,14,2024-12-19 04:23:14
500101091,34,23,11,2024-12-19 04:17:15
500110003,34,27,7,2024-12-19 03:21:15
500105003,34,1,33,2024-12-19 21:52:14
500112016,34,13,13,2024-12-19 22:08:14
500110067,34,8,26,2024-12-19 21:41:15
500112023,34,22,11,2024-12-19 21:56:15
500101150,34,6,28,2024-12-19 00:56:14
500112016,34,20,11,2024-12-19 02:18:14
500105061,34,4,30,2024-12-19 02:12:16
500101150,34,1,33,2024-12-19 22:45:16
500106007,34,9,25,2024-12-19 22:48:15
500113039,34,29,4,2024-12-19 22:49:15
500110048,34,11,23,2024-12-19 23:08:15
500101107,34,25,9,2024-12-19 23:08:15
500101030,34,0,34,2024-12-19 22:19:15
500101150,34,5,29,2024-12-19 22:17:15
500112016,34,12,14,2024-12-19 22:19:15
500113039,34,33,0,2024-12-19 22:19:15
500113039,34,31,2,2024-12-19 22:24:15
500101107,34,31,1,2024-12-19 03:35:15
500105061,34,11,23,2024-12-19 23:31:15
500107017,34,27,6,2024-12-19 23:27:15
500101030,34,34,0,2024-12-19 11:54:14
500101107,34,30,2,2024-12-19 09:57:15
500101091,34,29,5,2024-12-19 11:37:15
500101091,34,28,6,2024-12-19 12:15:16
500119071,34,23,7,2024-12-19 09:37:15
500101091,34,25,9,2024-12-19 09:34:15
500101107,34,23,9,2024-12-19 11:37:15
500119071,34,12,11,2024-12-19 10:52:15
500110048,34,11,12,2024-12-19 10:07:16
500112024,34,21,12,2024-12-19 12:35:16
500112024,34,20,13,2024-12-19 12:56:15
500108068,34,19,15,2024-12-19 08:50:15
500108068,34,18,16,2024-12-19 09:44:15
500119071,34,10,16,2024-12-19 09:56:16
500110003,34,15,19,2024-12-19 10:24:15
500119071,34,4,19,2024-12-19 12:08:15
500110003,34,14,20,2024-12-19 11:32:14
500113039,34,13,20,2024-12-19 09:07:15
500110048,34,7,21,2024-12-19 09:57:15
500111016,34,13,21,2024-12-19 12:09:16
500111016,34,12,22,2024-12-19 11:15:15
500112023,34,11,22,2024-12-19 12:41:15
500108056,34,10,23,2024-12-19 08:47:15
500112023,34,10,23,2024-12-19 12:27:15
500112023,34,10,23,2024-12-19 12:31:15
500105003,34,10,24,2024-12-19 12:28:15
500112023,34,9,24,2024-12-19 12:17:16
500103023,34,9,25,2024-12-19 12:24:16
500106007,34,8,26,2024-12-19 12:17:16
500107017,34,7,27,2024-12-19 09:32:15
500110067,34,7,27,2024-12-19 12:52:15
500107017,34,5,29,2024-12-19 12:18:15
500107109,34,5,29,2024-12-19 11:56:15
500103023,34,4,30,2024-12-19 11:28:16
500105061,34,3,31,2024-12-19 12:45:16
500101150,34,1,32,2024-12-19 09:56:16
500105061,34,2,32,2024-12-19 12:38:14
500107017,34,2,32,2024-12-19 11:56:15
500101150,34,1,33,2024-12-19 11:32:15
500107017,34,1,33,2024-12-19 11:28:16
500113057,34,1,33,2024-12-19 09:06:17
500105061,34,0,34,2024-12-19 12:19:15
500113057,34,0,34,2024-12-19 12:25:15
500113039,34,0,33,2024-12-19 02:31:14
500110048,34,26,3,2024-12-19 18:57:15
500113039,34,29,4,2024-12-19 20:07:15
500112016,34,27,6,2024-12-19 17:27:16
500108056,34,26,8,2024-12-19 19:14:16
500101150,34,24,10,2024-12-19 18:29:16
500101150,34,24,10,2024-12-19 18:38:16
500107017,34,23,10,2024-12-19 19:05:15
500101107,34,22,12,2024-12-19 19:19:15
500108056,34,22,12,2024-12-19 20:47:15
500112016,34,13,13,2024-12-19 21:07:16
500112023,34,19,14,2024-12-19 21:17:14
500107017,34,18,15,2024-12-19 18:18:16
500112016,34,11,15,2024-12-19 20:14:14
500107017,34,16,17,2024-12-19 18:08:16
500110003,34,17,17,2024-12-19 20:13:15
500101091,34,15,19,2024-12-19 17:27:16
500111016,34,15,19,2024-12-19 18:18:15
500112016,34,14,19,2024-12-19 17:59:15
500112016,34,7,19,2024-12-19 18:28:16
500103023,34,14,20,2024-12-19 18:33:16
500106007,34,14,20,2024-12-19 19:59:16
500110067,34,14,20,2024-12-19 20:11:16
500101107,34,12,22,2024-12-19 18:47:16
500103023,34,12,22,2024-12-19 20:08:15
500106007,34,12,22,2024-12-19 20:05:16
500106007,34,12,22,2024-12-19 21:10:16
500107109,34,12,22,2024-12-19 20:49:14
500108068,34,12,22,2024-12-19 21:07:16
500110003,34,12,22,2024-12-19 18:29:16
500110067,34,12,22,2024-12-19 19:25:15
500103023,34,10,24,2024-12-19 17:43:16
500107109,34,8,26,2024-12-19 20:05:15
500105061,34,6,28,2024-12-19 17:38:15
500106047,34,4,29,2024-12-19 20:29:15
500113039,34,4,29,2024-12-19 18:28:16
500106047,34,2,31,2024-12-19 18:18:16
500112024,34,3,31,2024-12-19 18:23:16
500105003,34,2,32,2024-12-19 21:20:16
500108084,34,2,32,2024-12-19 19:07:15
500112024,34,2,32,2024-12-19 19:24:15
500112024,34,2,32,2024-12-19 20:40:16
500101030,34,1,33,2024-12-19 18:16:16
500101030,34,1,33,2024-12-19 18:55:17
500101091,34,1,33,2024-12-19 20:08:15
500105003,34,1,33,2024-12-19 17:47:16
500108084,34,0,34,2024-12-19 19:14:16
500112024,34,0,34,2024-12-19 17:37:16
500108084,34,28,0,2024-12-19 16:28:14
500119071,34,23,0,2024-12-19 13:18:15
500101030,34,29,5,2024-12-19 15:32:14
500110048,34,17,6,2024-12-19 13:39:16
500110048,34,15,8,2024-12-19 14:26:15
500110048,34,14,9,2024-12-19 14:57:15
500110048,34,14,9,2024-12-19 15:21:15
500101030,34,23,11,2024-12-19 16:28:15
500108056,34,22,11,2024-12-19 14:22:15
500112016,34,20,13,2024-12-19 16:41:15
500108084,34,12,14,2024-12-19 14:02:14
500119071,34,10,14,2024-12-19 14:18:15
500108084,34,11,15,2024-12-19 13:21:16
500106047,34,17,16,2024-12-19 15:21:15
500119071,34,5,19,2024-12-19 15:56:15
500107017,34,14,20,2024-12-19 14:18:15
500119071,34,4,20,2024-12-19 15:18:15
500119071,34,3,21,2024-12-19 15:08:15
500103023,34,12,22,2024-12-19 16:38:15
500108068,34,12,22,2024-12-19 16:27:16
500101107,34,9,23,2024-12-19 13:35:15
500108068,34,11,23,2024-12-19 16:16:15
500119071,34,1,23,2024-12-19 14:57:15
500106007,34,10,24,2024-12-19 15:14:15
500107017,34,10,24,2024-12-19 13:24:15
500105003,34,9,25,2024-12-19 15:25:15
500106007,34,9,25,2024-12-19 14:42:15
500105003,34,7,27,2024-12-19 16:24:15
500105003,34,7,27,2024-12-19 14:07:16
500106007,34,7,27,2024-12-19 14:32:15
500105003,34,6,28,2024-12-19 15:55:16
500113039,34,5,28,2024-12-19 15:08:15
500113057,34,5,29,2024-12-19 15:37:16
500101107,34,4,30,2024-12-19 16:13:15
500110067,34,4,30,2024-12-19 16:33:15
500112024,34,2,32,2024-12-19 17:18:16
500101150,34,1,33,2024-12-19 15:08:14
500101150,34,1,33,2024-12-19 14:37:14
500113057,34,0,34,2024-12-19 13:17:15
500106047,34,3,30,2024-12-19 21:48:16
500101150,34,8,26,2024-12-19 21:47:15
500101150,34,33,0,2024-12-19 05:56:14
500113039,34,31,2,2024-12-19 05:02:15
500101107,34,26,6,2024-12-19 08:17:15
500101091,34,27,7,2024-12-19 07:47:15
500108068,34,26,8,2024-12-19 07:15:17
500111016,34,25,8,2024-12-19 04:53:14
500101107,34,22,10,2024-12-19 07:11:15
500111016,34,22,11,2024-12-19 07:22:15
500101091,34,22,12,2024-12-19 08:46:15
500110048,34,22,12,2024-12-19 08:47:15
500105003,34,21,13,2024-12-19 08:46:15
500106007,34,20,13,2024-12-19 07:14:15
500108068,34,20,14,2024-12-19 08:46:15
500110067,34,20,14,2024-12-19 07:26:15
500106047,34,18,15,2024-12-19 07:56:15
500110003,34,19,15,2024-12-19 08:13:15
500112016,34,16,15,2024-12-19 05:46:15
500112024,34,18,15,2024-12-19 07:47:15
500108084,34,18,16,2024-12-19 08:56:16
500108068,34,15,19,2024-12-19 08:21:15
500110067,34,15,19,2024-12-19 08:17:15
500112016,34,12,19,2024-12-19 06:54:16
500107017,34,14,20,2024-12-19 07:26:15
500108056,34,13,20,2024-12-19 06:11:14
500108084,34,14,20,2024-12-19 08:17:15
500112023,34,13,20,2024-12-19 07:36:15
500105003,34,11,23,2024-12-19 06:55:16
500103023,34,9,24,2024-12-19 07:47:15
500119071,34,10,24,2024-12-19 08:44:16
500103023,34,9,25,2024-12-19 05:48:14
500106047,34,8,25,2024-12-19 06:45:16
500105003,34,8,26,2024-12-19 06:29:15
500103023,34,4,29,2024-12-19 08:20:17
500107017,34,5,29,2024-12-19 07:57:16
500101030,34,4,30,2024-12-19 08:26:15
500101030,34,4,30,2024-12-19 07:46:15
500106047,34,2,31,2024-12-19 05:33:15
500112024,34,1,32,2024-12-19 06:54:15
500113057,34,1,33,2024-12-19 07:36:15
500101030,34,0,34,2024-12-19 06:49:15
500107017,34,16,18,2024-12-19 00:47:15
500110003,34,10,24,2024-12-19 00:37:15
500113057,34,18,16,2024-12-19 00:06:15
500105003,34,4,30,2024-12-19 03:11:15
500101150,34,6,28,2024-12-19 00:28:14
500107017,34,21,13,2024-12-19 00:00:16
500110048,34,1,33,2024-12-19 00:18:15
500119071,34,1,33,2024-12-19 22:08:15
500105003,34,0,34,2024-12-19 00:09:15
500119071,34,0,34,2024-12-19 00:56:15
500101030,34,1,33,2024-12-19 23:16:15
500101030,34,0,34,2024-12-19 22:21:16
500112023,34,21,12,2024-12-19 22:25:16
500101091,34,6,28,2024-12-19 21:29:15
500101150,34,10,24,2024-12-19 21:38:15
500108056,34,12,22,2024-12-19 02:10:16
500112016,34,18,13,2024-12-19 02:59:15
500106007,34,19,14,2024-12-19 02:47:15
500111016,34,26,7,2024-12-19 02:01:16
500108056,34,11,22,2024-12-19 03:44:15
500107109,34,7,27,2024-12-19 22:09:15
500108084,34,10,24,2024-12-19 21:50:17
500106047,34,1,32,2024-12-19 21:52:15
500108056,34,22,12,2024-12-19 21:43:14
500113039,34,33,0,2024-12-19 21:58:15
500105003,34,1,33,2024-12-19 23:56:14
500106007,34,19,14,2024-12-19 00:47:15
500101091,34,16,18,2024-12-19 22:49:15
500107017,34,21,13,2024-12-19 04:35:15
500101150,34,4,30,2024-12-19 23:07:14
500101091,34,9,25,2024-12-19 22:15:16
500112023,34,21,12,2024-12-19 22:16:15
500110048,34,12,22,2024-12-19 22:50:15
500101091,34,17,17,2024-12-19 22:58:15
500113039,34,27,6,2024-12-19 22:59:15
500107017,34,16,18,2024-12-19 01:57:15
500101107,34,31,1,2024-12-19 09:26:15
500101091,34,31,3,2024-12-19 11:58:15
500101030,34,30,4,2024-12-19 12:19:15
500101030,34,27,7,2024-12-19 09:45:15
500110048,34,16,7,2024-12-19 12:19:16
500101107,34,23,9,2024-12-19 09:07:15
500110048,34,19,9,2024-12-19 09:26:15
500110048,34,14,9,2024-12-19 10:48:15
500101107,34,22,10,2024-12-19 11:26:15
500110048,34,13,10,2024-12-19 12:07:16
500112024,34,23,10,2024-12-19 11:17:15
500119071,34,16,10,2024-12-19 10:05:16
500108084,34,9,15,2024-12-19 13:04:16
500119071,34,8,15,2024-12-19 10:26:15
500108084,34,5,16,2024-12-19 12:27:15
500112023,34,17,16,2024-12-19 09:27:15
500108084,34,4,17,2024-12-19 11:46:15
500110003,34,16,18,2024-12-19 09:06:15
500113039,34,13,20,2024-12-19 10:57:15
500111016,34,13,21,2024-12-19 11:51:16
500112016,34,12,21,2024-12-19 12:22:16
500105003,34,12,22,2024-12-19 12:17:15
500111016,34,12,22,2024-12-19 12:24:16
500112023,34,11,22,2024-12-19 10:34:15
500113039,34,11,22,2024-12-19 12:27:15
500113039,34,11,22,2024-12-19 09:37:15
500113039,34,10,23,2024-12-19 11:38:15
500113039,34,10,23,2024-12-19 11:14:15
500112023,34,9,24,2024-12-19 10:53:16
500105003,34,9,25,2024-12-19 13:05:16
500110067,34,8,26,2024-12-19 09:56:16
500113039,34,7,26,2024-12-19 12:42:15
500113039,34,7,26,2024-12-19 11:48:15
500101150,34,4,29,2024-12-19 10:36:14
500106007,34,5,29,2024-12-19 10:46:15
500106007,34,4,30,2024-12-19 11:35:17
500101150,34,3,31,2024-12-19 11:24:15
500112016,34,1,32,2024-12-19 09:27:14
500101150,34,0,33,2024-12-19 09:36:15
500113057,34,0,34,2024-12-19 09:29:16
500113039,34,31,2,2024-12-19 20:59:17
500107017,34,30,3,2024-12-19 19:46:14
500101150,34,30,4,2024-12-19 19:47:15
500113039,34,29,4,2024-12-19 19:56:15
500101107,34,26,8,2024-12-19 20:57:16
500111016,34,26,8,2024-12-19 20:11:16
500108056,34,24,10,2024-12-19 19:38:14
500112023,34,23,10,2024-12-19 18:13:16
500101107,34,23,11,2024-12-19 19:49:15
500108084,34,23,11,2024-12-19 20:07:15
500101107,34,22,12,2024-12-19 20:12:15
500101150,34,22,12,2024-12-19 18:48:15
500111016,34,22,12,2024-12-19 17:52:15
500112016,34,12,14,2024-12-19 20:31:15
500112023,34,19,14,2024-12-19 18:43:15
500113057,34,20,14,2024-12-19 19:58:15
500107017,34,17,16,2024-12-19 17:48:15
500108084,34,17,17,2024-12-19 20:54:15
500106007,34,16,18,2024-12-19 19:26:15
500106007,34,16,18,2024-12-19 18:43:15
500101150,34,14,20,2024-12-19 18:08:16
500106007,34,14,20,2024-12-19 18:38:16
500106047,34,13,20,2024-12-19 20:39:16
500108084,34,8,20,2024-12-19 17:48:15
500110003,34,14,20,2024-12-19 19:02:16
500110003,34,14,20,2024-12-19 19:15:16
500110003,34,14,20,2024-12-19 21:13:16
500110067,34,14,20,2024-12-19 19:44:15
500103023,34,12,22,2024-12-19 19:57:15
500105061,34,12,22,2024-12-19 17:48:15
500112016,34,4,22,2024-12-19 19:29:15
500101150,34,10,24,2024-12-19 17:59:15
500103023,34,10,24,2024-12-19 18:11:16
500108068,34,7,27,2024-12-19 19:50:16
500105003,34,6,28,2024-12-19 19:18:15
500110067,34,6,28,2024-12-19 17:57:15
500101030,34,4,30,2024-12-19 21:15:16
500107109,34,4,30,2024-12-19 17:48:15
500105061,34,3,31,2024-12-19 20:11:16
500107109,34,3,31,2024-12-19 17:28:15
500101030,34,2,32,2024-12-19 19:37:16
500106047,34,1,32,2024-12-19 18:38:16
500112024,34,2,32,2024-12-19 19:56:16
500112024,34,2,32,2024-12-19 21:08:15
500101091,34,1,33,2024-12-19 20:29:14
500101091,34,1,33,2024-12-19 21:06:15
500101091,34,1,33,2024-12-19 18:47:16
500105061,34,1,33,2024-12-19 19:17:15
500101091,34,0,34,2024-12-19 20:37:16
500105003,34,0,34,2024-12-19 18:21:16
500112024,34,0,34,2024-12-19 17:57:16
500112024,34,0,34,2024-12-19 18:17:15
500108084,34,26,2,2024-12-19 15:38:15
500108084,34,26,2,2024-12-19 16:38:15
500101030,34,29,5,2024-12-19 14:53:15
500101091,34,28,6,2024-12-19 14:03:16
500101030,34,27,7,2024-12-19 14:17:15
500110048,34,15,8,2024-12-19 16:18:16
500101030,34,25,9,2024-12-19 16:17:14
500101091,34,25,9,2024-12-19 15:10:15
500112024,34,22,12,2024-12-19 14:15:16
500112016,34,18,15,2024-12-19 15:18:15
500112023,34,15,18,2024-12-19 16:49:15
500101091,34,15,19,2024-12-19 17:18:16
500103023,34,15,19,2024-12-19 13:39:16
500107017,34,14,19,2024-12-19 16:28:15
500112023,34,14,19,2024-12-19 16:48:16
500112016,34,13,20,2024-12-19 13:11:15
500103023,34,12,22,2024-12-19 15:13:16
500106047,34,10,23,2024-12-19 17:08:16
500108068,34,11,23,2024-12-19 14:58:15
500101107,34,10,24,2024-12-19 16:48:16
500101107,34,10,24,2024-12-19 16:58:15
500108068,34,10,24,2024-12-19 15:48:15
500112024,34,10,24,2024-12-19 13:54:15
500113039,34,9,24,2024-12-19 14:06:15
500107017,34,9,25,2024-12-19 13:16:15
500101107,34,6,26,2024-12-19 14:08:15
500101150,34,6,28,2024-12-19 16:43:15
500101107,34,3,29,2024-12-19 15:15:16
500110067,34,5,29,2024-12-19 16:22:15
500110067,34,5,29,2024-12-19 14:19:14
500113039,34,4,29,2024-12-19 15:55:16
500101150,34,4,30,2024-12-19 15:32:15
500101150,34,3,31,2024-12-19 15:19:16
500105061,34,3,31,2024-12-19 13:16:14
500110067,34,3,31,2024-12-19 15:00:17
500101150,34,2,32,2024-12-19 13:16:14
500101150,34,2,32,2024-12-19 14:08:15
500105061,34,2,32,2024-12-19 16:10:16
500101150,34,0,34,2024-12-19 14:18:15
500103023,34,11,23,2024-12-19 21:41:15
500101107,34,28,4,2024-12-19 05:46:14
500108068,34,28,6,2024-12-19 06:43:15
500101091,34,25,9,2024-12-19 08:02:15
500105003,34,24,10,2024-12-19 08:34:15
500111016,34,21,12,2024-12-19 07:33:15
500106007,34,19,14,2024-12-19 07:26:15
500110048,34,20,14,2024-12-19 08:27:16
500111016,34,18,15,2024-12-19 07:50:16
500119071,34,15,15,2024-12-19 08:57:15
500101030,34,18,16,2024-12-19 08:46:15
500112016,34,15,16,2024-12-19 05:49:15
500106047,34,16,17,2024-12-19 07:47:14
500110003,34,17,17,2024-12-19 08:27:16
500106047,34,14,19,2024-12-19 07:27:15
500110048,34,14,20,2024-12-19 08:17:15
500108056,34,12,21,2024-12-19 06:06:14
500105003,34,10,24,2024-12-19 06:45:16
500103023,34,7,26,2024-12-19 07:26:15
500110048,34,8,26,2024-12-19 08:57:15
500112024,34,7,26,2024-12-19 07:27:15
500101030,34,7,27,2024-12-19 08:33:15
500103023,34,5,28,2024-12-19 08:35:16
500107109,34,6,28,2024-12-19 06:19:15
500110048,34,6,28,2024-12-19 08:03:15
500111016,34,4,29,2024-12-19 08:36:15
500110048,34,4,30,2024-12-19 07:15:17
500119071,34,4,30,2024-12-19 07:37:15
500108084,34,3,31,2024-12-19 05:53:15
500101030,34,1,33,2024-12-19 06:18:15
500107109,34,1,33,2024-12-19 08:27:15
500105061,34,10,24,2024-12-19 23:23:15
500101107,34,22,12,2024-12-19 23:29:14
500113039,34,26,7,2024-12-19 23:26:15
500101107,34,23,9,2024-12-19 00:03:15
500113039,34,6,27,2024-12-19 00:13:15
500106047,34,0,33,2024-12-19 22:05:19
500101030,34,1,33,2024-12-19 23:55:15
500101091,34,16,18,2024-12-19 23:32:15
500113039,34,21,12,2024-12-19 23:51:15
500110003,34,27,7,2024-12-19 01:07:15
500112024,34,0,33,2024-12-19 00:32:14
500103023,34,12,22,2024-12-19 22:34:15
500112023,34,23,10,2024-12-19 23:13:14
500107017,34,26,7,2024-12-19 23:17:14
500110048,34,13,21,2024-12-19 22:20:15
500113057,34,30,4,2024-12-19 22:30:16
500107109,34,8,26,2024-12-19 21:34:15
500110067,34,10,24,2024-12-19 21:38:15
500108084,34,12,22,2024-12-19 21:23:16
500103023,34,13,21,2024-12-19 21:39:15
500108056,34,21,13,2024-12-19 21:26:16
500113039,34,29,4,2024-12-19 21:38:15
500112023,34,24,9,2024-12-19 01:41:15
500113057,34,17,17,2024-12-19 03:24:15
500101107,34,32,0,2024-12-19 04:08:16
500105061,34,7,27,2024-12-19 22:00:16
500101091,34,9,25,2024-12-19 22:06:15
500110067,34,9,25,2024-12-19 22:09:15
500110003,34,17,17,2024-12-19 22:09:15
500111016,34,30,4,2024-12-19 22:06:15
500101107,34,32,0,2024-12-19 03:26:14
500108084,34,2,32,2024-12-19 01:47:15
500105061,34,11,23,2024-12-19 23:09:15
500113039,34,30,3,2024-12-19 03:54:15
500106007,34,9,25,2024-12-19 22:25:16
500106007,34,1,33,2024-12-19 23:21:15
500101107,34,32,0,2024-12-19 10:58:16
500101107,34,31,1,2024-12-19 10:17:16
500101030,34,30,4,2024-12-19 12:38:15
500101030,34,30,4,2024-12-19 10:58:16
500101091,34,30,4,2024-12-19 11:25:15
500101091,34,29,5,2024-12-19 11:14:15
500110048,34,18,5,2024-12-19 12:32:16
500112024,34,26,7,2024-12-19 10:24:14
500101107,34,24,8,2024-12-19 11:18:16
500101091,34,25,9,2024-12-19 09:46:16
500108084,34,8,9,2024-12-19 10:25:15
500112024,34,22,11,2024-12-19 12:45:16
500101030,34,22,12,2024-12-19 09:12:16
500108084,34,13,12,2024-12-19 10:07:16
500106047,34,19,14,2024-12-19 12:08:15
500108068,34,18,16,2024-12-19 09:10:15
500108068,34,17,17,2024-12-19 11:08:15
500108056,34,13,20,2024-12-19 09:32:15
500119071,34,3,20,2024-12-19 11:36:15
500105003,34,12,22,2024-12-19 09:56:16
500108056,34,11,22,2024-12-19 09:14:15
500101107,34,8,24,2024-12-19 12:27:15
500101107,34,8,24,2024-12-19 13:07:15
500107017,34,10,24,2024-12-19 09:09:15
500112016,34,9,24,2024-12-19 12:05:17
500107017,34,9,25,2024-12-19 12:42:15
500107017,34,9,25,2024-12-19 13:08:15
500113039,34,8,25,2024-12-19 12:58:15
500101150,34,7,26,2024-12-19 10:28:15
500112023,34,7,26,2024-12-19 11:58:16
500107109,34,7,27,2024-12-19 10:13:15
500106007,34,6,28,2024-12-19 12:04:16
500112016,34,4,29,2024-12-19 09:44:15
500103023,34,4,30,2024-12-19 11:07:16
500103023,34,4,30,2024-12-19 11:18:16
500107109,34,3,31,2024-12-19 12:10:16
500101150,34,2,32,2024-12-19 13:07:15
500101150,34,1,32,2024-12-19 09:08:16
500101150,34,1,32,2024-12-19 09:27:15
500105061,34,1,33,2024-12-19 11:46:14
500107109,34,1,33,2024-12-19 09:07:15
500113057,34,1,33,2024-12-19 10:36:15
500101150,34,0,34,2024-12-19 12:07:15
500113057,34,0,34,2024-12-19 10:54:15
500107017,34,31,2,2024-12-19 20:08:15
500107017,34,30,3,2024-12-19 20:58:15
500107017,34,29,4,2024-12-19 19:26:15
500113039,34,26,7,2024-12-19 20:29:14
500110048,34,21,8,2024-12-19 19:26:15
500111016,34,26,8,2024-12-19 20:36:14
500113039,34,25,8,2024-12-19 19:46:15
500113057,34,26,8,2024-12-19 21:13:16
500101107,34,25,9,2024-12-19 19:26:15
500113057,34,24,10,2024-12-19 20:52:15
500101150,34,23,11,2024-12-19 20:10:17
500113039,34,21,12,2024-12-19 19:19:15
500108084,34,21,13,2024-12-19 19:29:15
500101107,34,20,14,2024-12-19 19:38:15
500108068,34,20,14,2024-12-19 19:16:15
500101150,34,19,15,2024-12-19 18:17:15
500107017,34,17,16,2024-12-19 18:38:16
500111016,34,18,16,2024-12-19 18:27:15
500110003,34,16,18,2024-12-19 20:02:14
500108084,34,9,19,2024-12-19 17:26:15
500108068,34,14,20,2024-12-19 18:08:16
500112016,34,6,20,2024-12-19 19:38:15
500119071,34,14,20,2024-12-19 17:27:16
500106007,34,13,21,2024-12-19 20:10:17
500110067,34,13,21,2024-12-19 20:39:16
500106007,34,12,22,2024-12-19 19:46:15
500112016,34,4,22,2024-12-19 19:13:15
500113057,34,12,22,2024-12-19 17:37:16
500106007,34,11,23,2024-12-19 20:20:16
500108084,34,4,24,2024-12-19 18:18:16
500107109,34,9,25,2024-12-19 19:56:16
500113039,34,8,25,2024-12-19 17:28:15
500101030,34,8,26,2024-12-19 17:37:16
500113039,34,7,26,2024-12-19 17:36:15
500112016,34,5,28,2024-12-19 18:05:16
500105061,34,5,29,2024-12-19 21:03:15
500108084,34,5,29,2024-12-19 18:58:16
500101150,34,4,30,2024-12-19 17:27:16
500105003,34,4,30,2024-12-19 20:50:16
500101030,34,3,31,2024-12-19 18:00:18
500101030,34,3,31,2024-12-19 18:40:17
500101150,34,3,31,2024-12-19 17:37:15
500101030,34,2,32,2024-12-19 18:32:16
500106047,34,1,32,2024-12-19 18:59:15
500105003,34,1,33,2024-12-19 17:28:15
500112024,34,1,33,2024-12-19 17:27:16
500112024,34,1,33,2024-12-19 20:58:15
500119071,34,1,33,2024-12-19 19:07:15
500101091,34,0,34,2024-12-19 18:20:19
500105061,34,0,34,2024-12-19 20:39:16
500101030,34,29,5,2024-12-19 15:20:15
500108084,34,22,6,2024-12-19 16:53:15
500110048,34,16,7,2024-12-19 13:55:16
500101030,34,26,8,2024-12-19 14:24:14
500110048,34,15,8,2024-12-19 15:14:15
500119071,34,15,8,2024-12-19 13:36:16
500111016,34,19,15,2024-12-19 17:07:15
500110003,34,17,17,2024-12-19 13:26:16
500119071,34,7,17,2024-12-19 16:28:15
500106047,34,15,18,2024-12-19 15:00:17
500107017,34,16,18,2024-12-19 14:57:15
500110003,34,16,18,2024-12-19 13:18:15
500119071,34,6,18,2024-12-19 15:38:15
500106047,34,14,19,2024-12-19 16:16:15
500112016,34,14,19,2024-12-19 13:56:15
500103023,34,13,21,2024-12-19 16:47:15
500106047,34,12,21,2024-12-19 16:57:16
500111016,34,13,21,2024-12-19 13:16:14
500106007,34,12,22,2024-12-19 17:00:17
500106007,34,11,23,2024-12-19 13:35:15
500106047,34,10,23,2024-12-19 16:28:15
500106007,34,10,24,2024-12-19 16:15:15
500113039,34,9,24,2024-12-19 13:15:15
500113039,34,9,24,2024-12-19 13:51:15
500101107,34,8,26,2024-12-19 15:36:15
500106007,34,8,26,2024-12-19 15:22:15
500106047,34,6,27,2024-12-19 16:37:15
500101107,34,6,28,2024-12-19 17:17:15
500110067,34,6,28,2024-12-19 13:40:16
500113057,34,6,28,2024-12-19 16:21:15
500110067,34,4,30,2024-12-19 15:36:15
500105003,34,3,31,2024-12-19 16:56:15
500107109,34,3,31,2024-12-19 13:59:15
500105061,34,2,32,2024-12-19 16:36:15
500107109,34,2,32,2024-12-19 16:45:17
500101150,34,0,34,2024-12-19 14:47:16
500106007,34,7,27,2024-12-19 21:49:15
500113039,34,32,1,2024-12-19 06:46:15
500113039,34,31,2,2024-12-19 06:54:16
500106047,34,30,3,2024-12-19 08:37:15
500112023,34,28,5,2024-12-19 05:13:15
500112023,34,28,5,2024-12-19 06:53:15
500110067,34,28,6,2024-12-19 04:47:14
500101091,34,27,7,2024-12-19 07:57:16
500101107,34,25,7,2024-12-19 06:50:16
500106007,34,23,10,2024-12-19 06:56:15
500113039,34,23,10,2024-12-19 07:27:15
500101091,34,23,11,2024-12-19 08:37:15
500105003,34,22,12,2024-12-19 08:16:14
500108068,34,22,12,2024-12-19 07:27:15
500113039,34,21,12,2024-12-19 07:46:15
500101091,34,21,13,2024-12-19 08:53:15
500106007,34,20,13,2024-12-19 06:26:15
500108084,34,21,13,2024-12-19 08:27:15
500112016,34,18,13,2024-12-19 04:47:14
500105003,34,20,14,2024-12-19 07:55:17
500107017,34,20,14,2024-12-19 06:35:15
500101150,34,17,16,2024-12-19 07:37:15
500111016,34,17,16,2024-12-19 08:14:16
500110067,34,17,17,2024-12-19 07:46:15
500112016,34,16,17,2024-12-19 07:57:16
500105003,34,16,18,2024-12-19 07:42:15
500108056,34,15,18,2024-12-19 06:56:15
500110003,34,16,18,2024-12-19 08:31:16
500112016,34,12,19,2024-12-19 06:04:14
500113039,34,14,19,2024-12-19 07:55:17
500108056,34,12,21,2024-12-19 08:03:14
500108056,34,11,22,2024-12-19 08:22:14
500110067,34,11,23,2024-12-19 08:53:15
500112023,34,10,23,2024-12-19 08:27:16
500106047,34,9,24,2024-12-19 06:52:15
500113057,34,10,24,2024-12-19 06:47:15
500107017,34,9,25,2024-12-19 07:46:15
500103023,34,8,26,2024-12-19 06:28:14
500113057,34,8,26,2024-12-19 06:55:16
500103023,34,6,27,2024-12-19 07:16:14
500107017,34,7,27,2024-12-19 08:27:16
500108084,34,7,27,2024-12-19 06:53:15
500105003,34,6,28,2024-12-19 05:50:15
500105061,34,6,28,2024-12-19 07:47:15
500101030,34,4,30,2024-12-19 08:00:17
500101150,34,3,30,2024-12-19 08:57:15
500110048,34,4,30,2024-12-19 06:35:14
500112016,34,2,31,2024-12-19 08:56:16
500105061,34,1,33,2024-12-19 08:06:15
500105061,34,1,33,2024-12-19 08:36:15
500107017,34,24,10,2024-12-19 03:51:15
500105003,34,0,34,2024-12-19 00:07:15
500107017,34,9,25,2024-12-19 03:13:15
500101091,34,17,17,2024-12-19 00:33:15
500105061,34,21,13,2024-12-19 00:45:15
500107017,34,18,16,2024-12-19 00:36:15
500113039,34,7,26,2024-12-19 00:56:14
500101150,34,10,24,2024-12-19 23:51:15
500112023,34,25,8,2024-12-19 00:43:15
500106007,34,2,32,2024-12-19 23:15:15
500113039,34,26,7,2024-12-19 23:17:14
500110067,34,8,26,2024-12-19 22:32:15
500105003,34,1,33,2024-12-19 21:26:16
500112024,34,2,32,2024-12-19 21:33:16
500110048,34,21,13,2024-12-19 21:36:15
500101150,34,6,28,2024-12-19 01:27:15
500110067,34,29,5,2024-12-19 01:36:15
500107017,34,22,12,2024-12-19 04:23:14
500101150,34,0,34,2024-12-19 22:09:15
500112024,34,6,28,2024-12-19 21:52:15
500106007,34,10,24,2024-12-19 22:05:16
500113039,34,15,18,2024-12-19 03:14:14
500107017,34,20,14,2024-12-19 01:02:15
500113039,34,3,30,2024-12-19 02:22:15
500107017,34,12,22,2024-12-19 02:24:14
500110003,34,26,8,2024-12-19 02:10:16
500107017,34,14,20,2024-12-19 02:15:15
500107017,34,29,4,2024-12-19 23:09:15
500101107,34,29,5,2024-12-19 22:26:15
500105061,34,5,29,2024-12-19 02:01:16
500112023,34,23,10,2024-12-19 01:28:14
500101107,34,31,1,2024-12-19 10:07:16
500108084,34,19,6,2024-12-19 09:57:15
500110048,34,17,6,2024-12-19 12:26:15
500101030,34,27,7,2024-12-19 10:29:15
500101091,34,27,7,2024-12-19 12:52:15
500101091,34,27,7,2024-12-19 13:05:16
500106047,34,25,8,2024-12-19 10:05:15
500101030,34,25,9,2024-12-19 11:08:15
500112024,34,24,9,2024-12-19 09:50:16
500119071,34,14,9,2024-12-19 12:50:15
500108084,34,15,10,2024-12-19 09:47:15
500110048,34,13,10,2024-12-19 10:27:16
500110048,34,11,12,2024-12-19 11:35:17
500101030,34,21,13,2024-12-19 11:16:15
500108084,34,8,13,2024-12-19 11:19:15
500112024,34,20,13,2024-12-19 11:37:15
500108084,34,7,14,2024-12-19 12:38:15
500101107,34,14,18,2024-12-19 12:47:15
500106047,34,15,18,2024-12-19 10:28:15
500108084,34,3,18,2024-12-19 11:57:16
500110003,34,16,18,2024-12-19 09:32:15
500110003,34,16,18,2024-12-19 11:16:15
500113039,34,15,18,2024-12-19 10:48:15
500113039,34,13,20,2024-12-19 09:47:14
500106047,34,12,21,2024-12-19 10:42:14
500119071,34,2,21,2024-12-19 11:54:15
500101107,34,10,22,2024-12-19 12:07:16
500108056,34,11,22,2024-12-19 11:13:15
500110067,34,12,22,2024-12-19 09:03:14
500111016,34,11,23,2024-12-19 11:30:17
500113039,34,9,24,2024-12-19 11:28:15
500111016,34,9,25,2024-12-19 09:29:15
500113039,34,8,25,2024-12-19 13:08:15
500105003,34,8,26,2024-12-19 12:08:15
500110067,34,8,26,2024-12-19 10:55:17
500112016,34,7,26,2024-12-19 11:38:15
500112016,34,7,26,2024-12-19 11:48:15
500105003,34,7,27,2024-12-19 11:27:15
500107109,34,7,27,2024-12-19 10:27:16
500110067,34,7,27,2024-12-19 11:40:17
500112016,34,6,27,2024-12-19 10:17:16
500103023,34,6,28,2024-12-19 10:46:15
500106007,34,4,30,2024-12-19 11:18:15
500106007,34,4,30,2024-12-19 11:25:15
500107109,34,4,30,2024-12-19 11:17:15
500107109,34,4,30,2024-12-19 12:02:16
500101150,34,2,32,2024-12-19 10:57:15
500105061,34,1,33,2024-12-19 12:28:15
500113057,34,1,33,2024-12-19 12:44:15
500101150,34,0,34,2024-12-19 12:57:14
500110048,34,26,3,2024-12-19 19:06:16
500108084,34,28,6,2024-12-19 19:43:16
500111016,34,27,7,2024-12-19 20:29:15
500101150,34,25,9,2024-12-19 19:36:15
500108056,34,25,9,2024-12-19 18:13:16
500113057,34,22,12,2024-12-19 20:13:15
500113057,34,21,13,2024-12-19 18:47:16
500112023,34,19,14,2024-12-19 19:03:15
500112016,34,10,16,2024-12-19 20:12:14
500113039,34,16,17,2024-12-19 18:58:16
500108084,34,10,18,2024-12-19 18:28:15
500112016,34,8,18,2024-12-19 20:04:16
500113039,34,15,18,2024-12-19 19:07:15
500110003,34,15,19,2024-12-19 19:49:15
500110067,34,15,19,2024-12-19 20:05:16
500112023,34,14,19,2024-12-19 20:13:15
500110003,34,14,20,2024-12-19 17:54:15
500113039,34,12,21,2024-12-19 17:48:15
500106007,34,12,22,2024-12-19 17:38:16
500110067,34,12,22,2024-12-19 20:48:15
500101091,34,11,23,2024-12-19 17:39:15
500101107,34,11,23,2024-12-19 19:06:16
500113039,34,10,23,2024-12-19 18:38:16
500112016,34,2,24,2024-12-19 18:37:15
500106047,34,8,25,2024-12-19 21:17:15
500112024,34,6,28,2024-12-19 18:47:15
500105003,34,5,29,2024-12-19 20:49:15
500106047,34,3,30,2024-12-19 20:11:16
500105003,34,3,31,2024-12-19 21:19:16
500101091,34,2,32,2024-12-19 20:12:15
500106047,34,1,32,2024-12-19 19:56:16
500106047,34,1,32,2024-12-19 18:43:15
500112024,34,2,32,2024-12-19 18:36:16
500119071,34,2,32,2024-12-19 18:14:15
500119071,34,2,32,2024-12-19 18:45:16
500119071,34,2,32,2024-12-19 18:58:16
500101091,34,1,33,2024-12-19 19:41:15
500105003,34,1,33,2024-12-19 18:18:16
500106047,34,0,33,2024-12-19 19:37:16
500105003,34,0,34,2024-12-19 18:36:16
500110048,34,21,2,2024-12-19 17:15:17
500108084,34,25,3,2024-12-19 16:45:17
500112024,34,29,5,2024-12-19 15:09:15
500110048,34,15,8,2024-12-19 15:45:16
500110048,34,15,8,2024-12-19 13:59:15
500112024,34,25,9,2024-12-19 14:58:15
500101091,34,24,10,2024-12-19 15:44:15
500110048,34,13,10,2024-12-19 15:08:15
500101091,34,23,11,2024-12-19 16:04:15
500112016,34,22,11,2024-12-19 17:17:16
500119071,34,23,11,2024-12-19 16:50:17
500112024,34,21,12,2024-12-19 13:18:14
500110003,34,21,13,2024-12-19 15:23:15
500119071,34,11,13,2024-12-19 13:57:15
500112016,34,19,14,2024-12-19 15:56:15
500110003,34,18,16,2024-12-19 13:32:15
500107017,34,17,17,2024-12-19 15:08:15
500106047,34,15,18,2024-12-19 13:31:15
500107017,34,16,18,2024-12-19 15:14:15
500111016,34,16,18,2024-12-19 16:58:15
500112016,34,15,18,2024-12-19 14:01:15
500107017,34,15,19,2024-12-19 15:42:15
500111016,34,15,19,2024-12-19 16:44:15
500103023,34,13,21,2024-12-19 15:38:15
500103023,34,13,21,2024-12-19 13:09:15
500108068,34,12,22,2024-12-19 16:45:16
500112023,34,10,23,2024-12-19 13:46:16
500113039,34,9,24,2024-12-19 14:25:16
500113057,34,10,24,2024-12-19 17:18:16
500101107,34,7,25,2024-12-19 13:11:15
500101150,34,9,25,2024-12-19 17:18:16
500106007,34,9,25,2024-12-19 15:06:15
500106047,34,8,25,2024-12-19 16:48:16
500105003,34,0,34,2024-12-19 17:07:15
500108084,34,11,23,2024-12-19 21:40:16
500113039,34,30,3,2024-12-19 21:49:15
500112024,34,32,1,2024-12-19 08:40:17
500113039,34,32,1,2024-12-19 06:37:15
500113039,34,28,5,2024-12-19 07:36:15
500101091,34,28,6,2024-12-19 07:26:15
500101150,34,27,6,2024-12-19 06:52:15
500101107,34,24,8,2024-12-19 08:57:15
500106007,34,25,8,2024-12-19 07:37:15
500101107,34,23,9,2024-12-19 08:47:15
500110003,34,24,10,2024-12-19 06:33:15
500105003,34,19,15,2024-12-19 08:56:16
500107017,34,19,15,2024-12-19 06:26:15
500112023,34,17,16,2024-12-19 07:55:17
500119071,34,17,17,2024-12-19 08:17:15
500108068,34,16,18,2024-12-19 07:54:15
500113039,34,15,18,2024-12-19 08:56:16
500110067,34,15,19,2024-12-19 08:03:15
500106047,34,13,20,2024-12-19 07:35:16
500108084,34,14,20,2024-12-19 07:25:15
500105003,34,12,22,2024-12-19 07:26:15
500107017,34,12,22,2024-12-19 07:33:15
500101150,34,10,23,2024-12-19 07:47:15
500101150,34,10,23,2024-12-19 08:01:15
500113057,34,11,23,2024-12-19 06:36:14
500101150,34,9,24,2024-12-19 07:56:15
500112024,34,9,24,2024-12-19 07:17:14
500103023,34,6,27,2024-12-19 08:56:16
500112016,34,4,27,2024-12-19 07:34:15
500101150,34,4,29,2024-12-19 08:46:15
500111016,34,3,30,2024-12-19 08:44:16
500107109,34,1,33,2024-12-19 08:17:15
500107109,34,0,34,2024-12-19 08:44:17
500113057,34,17,17,2024-12-19 00:18:14
500101107,34,20,14,2024-12-19 23:48:14
500119044,35,3,32,2024-12-19 23:19:15
500107155,35,16,19,2024-12-19 20:13:15
500111038,35,3,32,2024-12-19 23:49:15
500112018,35,2,33,2024-12-19 01:16:15
500105004,35,20,15,2024-12-19 00:44:15
500119088,35,1,34,2024-12-19 23:17:14
500106021,35,17,16,2024-12-19 22:36:15
500106021,35,15,18,2024-12-19 21:39:15
500106021,35,9,24,2024-12-19 04:23:14
500112051,35,28,5,2024-12-19 03:08:15
500119088,35,3,32,2024-12-19 22:09:15
500104046,35,6,28,2024-12-19 01:20:15
500119007,35,7,28,2024-12-19 01:22:15
500119088,35,2,33,2024-12-19 21:58:15
500104039,35,20,11,2024-12-19 03:37:14
500104046,35,6,28,2024-12-19 04:31:15
500104046,35,12,23,2024-12-19 23:09:15
500119088,35,0,35,2024-12-19 23:22:15
500112040,35,32,0,2024-12-19 09:43:16
500112040,35,32,0,2024-12-19 11:28:15
500112040,35,29,3,2024-12-19 10:04:16
500107155,35,29,6,2024-12-19 09:09:15
500119088,35,29,6,2024-12-19 10:28:15
500103021,35,23,9,2024-12-19 09:35:16
500103021,35,23,9,2024-12-19 11:00:18
500106021,35,24,10,2024-12-19 10:46:15
500113030,35,25,10,2024-12-19 10:00:18
500113030,35,24,11,2024-12-19 11:03:16
500104046,35,22,12,2024-12-19 10:07:16
500106021,35,22,12,2024-12-19 11:29:15
500103021,35,18,14,2024-12-19 12:54:15
500104039,35,20,14,2024-12-19 09:45:15
500107155,35,20,15,2024-12-19 10:36:14
500108110,35,20,15,2024-12-19 11:38:14
500104039,35,14,21,2024-12-19 12:36:15
500119088,35,12,23,2024-12-19 09:36:15
500113030,35,10,25,2024-12-19 09:02:15
500106021,35,7,26,2024-12-19 09:20:16
500111038,35,9,26,2024-12-19 11:58:16
500119044,35,9,26,2024-12-19 09:25:16
500119044,35,9,26,2024-12-19 10:16:15
500104046,35,6,28,2024-12-19 12:57:15
500104046,35,5,29,2024-12-19 11:56:15
500119007,35,2,32,2024-12-19 09:27:15
500119044,35,3,32,2024-12-19 11:34:15
500112051,35,0,33,2024-12-19 09:07:16
500119007,35,2,33,2024-12-19 10:42:14
500119007,35,0,35,2024-12-19 12:01:20
500119088,35,0,35,2024-12-19 12:28:15
500104039,35,26,9,2024-12-19 20:19:14
500104039,35,24,11,2024-12-19 18:08:16
500104039,35,22,13,2024-12-19 17:48:15
500111038,35,19,16,2024-12-19 17:38:16
500112040,35,17,16,2024-12-19 17:38:15
500105004,35,18,17,2024-12-19 18:57:15
500106021,35,17,17,2024-12-19 17:57:15
500112040,35,16,17,2024-12-19 19:28:15
500105004,35,17,18,2024-12-19 21:17:15
500106021,35,14,19,2024-12-19 20:01:15
500111038,35,16,19,2024-12-19 19:37:16
500119044,35,16,19,2024-12-19 18:18:16
500105004,35,14,21,2024-12-19 18:29:16
500112018,35,14,21,2024-12-19 21:08:15
500119044,35,14,21,2024-12-19 19:06:16
500103021,35,13,22,2024-12-19 19:06:16
500103021,35,12,23,2024-12-19 18:41:16
500119044,35,12,23,2024-12-19 17:46:15
500105004,35,11,24,2024-12-19 17:46:15
500112018,35,11,24,2024-12-19 20:58:15
500107155,35,10,25,2024-12-19 17:20:17
500107155,35,10,25,2024-12-19 18:55:16
500111038,35,8,27,2024-12-19 20:28:15
500111004,35,7,28,2024-12-19 17:38:16
500119088,35,7,28,2024-12-19 21:20:16
500108110,35,5,29,2024-12-19 20:55:16
500111004,35,6,29,2024-12-19 17:42:15
500108110,35,4,30,2024-12-19 21:08:15
500111004,35,5,30,2024-12-19 18:50:16
500104046,35,4,31,2024-12-19 18:48:16
500111004,35,4,31,2024-12-19 18:44:15
500119044,35,4,31,2024-12-19 21:03:15
500111004,35,2,33,2024-12-19 18:18:15
500119007,35,2,33,2024-12-19 18:40:17
500119088,35,0,35,2024-12-19 17:28:16
500119088,35,0,35,2024-12-19 17:37:16
500112040,35,28,5,2024-12-19 16:35:15
500103021,35,29,6,2024-12-19 17:08:16
500113030,35,26,9,2024-12-19 15:45:16
500113030,35,26,9,2024-12-19 15:30:16
500113030,35,25,10,2024-12-19 16:07:15
500112040,35,22,11,2024-12-19 15:33:15
500106021,35,21,13,2024-12-19 14:43:14
500111038,35,19,16,2024-12-19 15:40:16
500112018,35,17,16,2024-12-19 14:13:15
500103021,35,15,17,2024-12-19 13:36:16
500112018,35,16,17,2024-12-19 14:19:15
500119044,35,17,18,2024-12-19 16:26:15
500119044,35,16,19,2024-12-19 14:35:15
500104039,35,15,20,2024-12-19 15:27:15
500107155,35,15,20,2024-12-19 16:48:16
500105004,35,12,23,2024-12-19 15:36:15
500104046,35,10,24,2024-12-19 13:28:16
500119088,35,11,24,2024-12-19 14:04:15
500106021,35,9,25,2024-12-19 16:38:15
500104046,35,8,27,2024-12-19 14:55:16
500105004,35,8,27,2024-12-19 13:13:14
500111004,35,8,27,2024-12-19 17:02:15
500119088,35,8,27,2024-12-19 14:57:15
500111004,35,7,28,2024-12-19 14:28:15
500111004,35,7,28,2024-12-19 14:36:15
500119044,35,7,28,2024-12-19 17:08:16
500111004,35,6,29,2024-12-19 13:52:15
500112051,35,4,29,2024-12-19 13:28:15
500112051,35,3,30,2024-12-19 14:25:16
500106021,35,3,31,2024-12-19 17:15:17
500111004,35,4,31,2024-12-19 13:33:15
500106021,35,2,32,2024-12-19 17:07:15
500119044,35,3,32,2024-12-19 13:14:15
500119088,35,2,33,2024-12-19 16:05:16
500119088,35,0,35,2024-12-19 16:58:15
500119007,35,1,34,2024-12-19 21:44:15
500119088,35,7,28,2024-12-19 21:49:15
500112040,35,12,20,2024-12-19 21:48:16
500104046,35,31,3,2024-12-19 07:37:15
500104039,35,28,4,2024-12-19 07:37:15
500112040,35,24,4,2024-12-19 08:15:16
500111004,35,29,5,2024-12-19 05:37:15
500104039,35,23,9,2024-12-19 07:45:16
500113030,35,24,11,2024-12-19 08:15:16
500104046,35,20,14,2024-12-19 08:57:15
500112051,35,19,14,2024-12-19 06:16:15
500105004,35,20,15,2024-12-19 04:58:15
500112018,35,17,18,2024-12-19 08:27:16
500106021,35,14,19,2024-12-19 08:55:16
500113030,35,14,21,2024-12-19 07:57:16
500107155,35,13,22,2024-12-19 08:02:15
500112051,35,9,24,2024-12-19 08:02:15
500111004,35,9,25,2024-12-19 07:27:15
500103021,35,4,28,2024-12-19 08:14:16
500103021,35,3,29,2024-12-19 08:33:16
500104046,35,5,29,2024-12-19 05:23:15
500104046,35,5,29,2024-12-19 06:07:15
500112051,35,3,30,2024-12-19 07:27:15
500113030,35,4,31,2024-12-19 06:34:15
500119044,35,4,31,2024-12-19 08:37:15
500112051,35,1,32,2024-12-19 08:27:16
500113030,35,2,33,2024-12-19 06:09:15
500119088,35,2,33,2024-12-19 05:41:14
500119044,35,1,34,2024-12-19 08:17:15
500113030,35,0,35,2024-12-19 07:26:14
500119088,35,0,35,2024-12-19 08:14:16
500105004,35,17,18,2024-12-19 00:05:15
500104046,35,7,28,2024-12-19 23:49:15
500112040,35,21,3,2024-12-19 00:33:15
500112051,35,22,11,2024-12-19 00:50:16
500113030,35,7,28,2024-12-19 23:26:15
500104046,35,10,25,2024-12-19 23:12:15
500104046,35,0,35,2024-12-19 22:25:17
500112040,35,11,21,2024-12-19 21:39:15
500119007,35,10,25,2024-12-19 02:56:15
500119044,35,5,30,2024-12-19 21:56:15
500105004,35,23,12,2024-12-19 23:25:16
500112018,35,6,29,2024-12-19 22:47:14
500106021,35,18,15,2024-12-19 22:43:15
500119088,35,2,33,2024-12-19 23:05:17
500119007,35,8,26,2024-12-19 04:42:14
500112040,35,32,0,2024-12-19 12:05:16
500112040,35,30,2,2024-12-19 10:42:15
500112040,35,29,3,2024-12-19 11:37:15
500112040,35,19,9,2024-12-19 09:27:15
500106021,35,24,10,2024-12-19 09:49:15
500113030,35,25,10,2024-12-19 11:29:15
500104046,35,20,14,2024-12-19 09:08:15
500107155,35,17,18,2024-12-19 12:03:15
500107155,35,15,20,2024-12-19 12:15:16
500104039,35,13,22,2024-12-19 12:19:15
500112051,35,10,23,2024-12-19 09:56:16
500104046,35,10,24,2024-12-19 12:07:16
500113030,35,11,24,2024-12-19 09:35:16
500111038,35,10,25,2024-12-19 09:06:14
500112051,35,8,25,2024-12-19 09:43:15
500112051,35,6,27,2024-12-19 10:26:14
500105004,35,7,28,2024-12-19 12:38:15
500111038,35,7,28,2024-12-19 12:27:15
500112051,35,5,28,2024-12-19 09:37:15
500111004,35,5,29,2024-12-19 08:59:15
500119044,35,5,30,2024-12-19 12:40:17
500119088,35,5,30,2024-12-19 13:08:15
500119044,35,4,31,2024-12-19 12:36:15
500111004,35,3,32,2024-12-19 12:44:15
500105004,35,2,33,2024-12-19 09:56:15
500104046,35,0,34,2024-12-19 11:01:18
500112051,35,25,9,2024-12-19 17:56:16
500105004,35,25,10,2024-12-19 20:37:16
500103021,35,24,11,2024-12-19 18:21:16
500112018,35,24,11,2024-12-19 19:57:15
500105004,35,22,13,2024-12-19 19:58:15
500112040,35,18,15,2024-12-19 19:38:14
500112040,35,18,15,2024-12-19 18:58:16
500105004,35,19,16,2024-12-19 19:19:15
500105004,35,19,16,2024-12-19 19:28:15
500111038,35,19,16,2024-12-19 18:37:15
500108110,35,17,17,2024-12-19 17:46:15
500104039,35,17,18,2024-12-19 17:23:15
500108110,35,16,18,2024-12-19 18:40:17
500112040,35,15,18,2024-12-19 18:07:16
500119044,35,15,20,2024-12-19 18:57:15
500119044,35,14,21,2024-12-19 20:13:15
500111004,35,13,22,2024-12-19 19:40:15
500104039,35,7,23,2024-12-19 21:20:19
500112040,35,10,23,2024-12-19 18:18:16
500111004,35,11,24,2024-12-19 19:18:15
500113030,35,11,24,2024-12-19 18:06:15
500107155,35,10,25,2024-12-19 18:22:15
500108110,35,9,25,2024-12-19 19:38:15
500107155,35,9,26,2024-12-19 17:40:17
500111038,35,9,26,2024-12-19 20:13:15
500119088,35,9,26,2024-12-19 20:12:14
500107155,35,8,27,2024-12-19 18:15:17
500113030,35,7,28,2024-12-19 19:11:15
500111038,35,4,31,2024-12-19 21:18:15
500119007,35,3,32,2024-12-19 18:38:16
500119088,35,3,32,2024-12-19 18:29:16
500104046,35,2,33,2024-12-19 20:46:16
500112051,35,2,33,2024-12-19 19:49:15
500119044,35,0,35,2024-12-19 17:27:16
500112040,35,28,5,2024-12-19 16:44:15
500112040,35,24,9,2024-12-19 17:17:16
500103021,35,24,11,2024-12-19 16:53:15
500112018,35,17,16,2024-12-19 16:55:17
500112040,35,16,16,2024-12-19 13:48:16
500111038,35,18,17,2024-12-19 15:14:15
500112018,35,16,17,2024-12-19 16:22:16
500112018,35,16,17,2024-12-19 13:44:15
500112018,35,16,17,2024-12-19 16:31:15
500119044,35,18,17,2024-12-19 14:53:15
500104046,35,17,18,2024-12-19 15:44:14
500107155,35,17,18,2024-12-19 13:44:15
500112051,35,14,20,2024-12-19 17:07:15
500104039,35,14,21,2024-12-19 13:48:16
500105004,35,13,22,2024-12-19 15:55:16
500106021,35,12,22,2024-12-19 16:26:15
500112018,35,11,22,2024-12-19 13:22:15
500113030,35,13,22,2024-12-19 16:41:15
500119044,35,13,22,2024-12-19 16:32:15
500112051,35,8,25,2024-12-19 15:51:15
500105004,35,9,26,2024-12-19 15:03:15
500104046,35,8,27,2024-12-19 14:04:15
500111004,35,8,27,2024-12-19 17:13:15
500104046,35,7,28,2024-12-19 14:35:15
500112051,35,4,29,2024-12-19 13:38:15
500111038,35,5,30,2024-12-19 13:47:15
500119088,35,3,32,2024-12-19 15:48:15
500119007,35,2,33,2024-12-19 15:46:16
500119007,35,0,35,2024-12-19 14:58:15
500111038,35,2,33,2024-12-19 21:48:16
500104039,35,31,1,2024-12-19 07:17:14
500112040,35,23,5,2024-12-19 05:38:14
500104039,35,25,7,2024-12-19 06:34:15
500104039,35,24,8,2024-12-19 06:43:15
500113030,35,27,8,2024-12-19 08:35:16
500107155,35,24,11,2024-12-19 08:27:16
500112040,35,17,11,2024-12-19 06:36:14
500108110,35,23,12,2024-12-19 08:36:15
500113030,35,23,12,2024-12-19 08:57:15
500108110,35,22,13,2024-12-19 08:47:15
500105004,35,21,14,2024-12-19 07:24:15
500112040,35,13,15,2024-12-19 06:46:15
500108110,35,19,16,2024-12-19 08:15:16
500103021,35,16,17,2024-12-19 05:45:16
500105004,35,18,17,2024-12-19 06:52:15
500107155,35,18,17,2024-12-19 08:16:15
500111038,35,17,18,2024-12-19 07:57:16
500106021,35,12,21,2024-12-19 06:54:16
500103021,35,11,22,2024-12-19 07:27:15
500105004,35,12,23,2024-12-19 07:56:15
500112051,35,10,23,2024-12-19 08:07:15
500106021,35,9,24,2024-12-19 06:19:15
500119007,35,8,26,2024-12-19 07:10:16
500105004,35,8,27,2024-12-19 08:14:16
500107155,35,6,29,2024-12-19 06:17:14
500108110,35,5,30,2024-12-19 07:12:15
500111004,35,3,31,2024-12-19 07:47:15
500119044,35,4,31,2024-12-19 07:31:16
500119044,35,3,32,2024-12-19 08:22:14
500112040,35,19,5,2024-12-19 00:14:14
500112040,35,22,10,2024-12-19 23:43:14
500119044,35,2,33,2024-12-19 01:09:14
500119088,35,0,35,2024-12-19 22:31:15
500103021,35,25,10,2024-12-19 22:08:14
500119044,35,6,29,2024-12-19 21:38:15
500112018,35,12,23,2024-12-19 21:38:14
500104039,35,13,17,2024-12-19 22:08:15
500106021,35,17,16,2024-12-19 21:54:15
500112018,35,9,26,2024-12-19 21:46:14
500104039,35,12,18,2024-12-19 21:59:15
500104046,35,6,28,2024-12-19 03:18:14
500112018,35,5,30,2024-12-19 22:52:15
500112051,35,32,3,2024-12-19 22:56:15
500104046,35,7,28,2024-12-19 23:27:15
500112040,35,32,0,2024-12-19 12:28:15
500112040,35,31,1,2024-12-19 12:43:15
500112040,35,31,1,2024-12-19 13:07:15
500103021,35,24,8,2024-12-19 10:57:15
500112018,35,23,10,2024-12-19 09:27:15
500103021,35,20,12,2024-12-19 11:58:15
500103021,35,19,13,2024-12-19 12:08:15
500103021,35,18,14,2024-12-19 12:38:15
500106021,35,20,14,2024-12-19 12:08:15
500108110,35,20,15,2024-12-19 11:55:18
500104046,35,10,24,2024-12-19 13:06:15
500119044,35,11,24,2024-12-19 09:47:15
500104046,35,9,25,2024-12-19 12:24:15
500104046,35,9,25,2024-12-19 12:38:15
500105004,35,8,27,2024-12-19 09:09:15
500111038,35,7,28,2024-12-19 11:23:15
500112051,35,5,28,2024-12-19 10:16:15
500105004,35,6,29,2024-12-19 12:28:15
500112051,35,4,29,2024-12-19 11:28:15
500112051,35,4,29,2024-12-19 11:48:15
500112051,35,4,29,2024-12-19 12:04:15
500119044,35,6,29,2024-12-19 11:01:17
500119044,35,4,31,2024-12-19 13:03:15
500119044,35,4,31,2024-12-19 09:05:15
500105004,35,3,32,2024-12-19 10:26:14
500105004,35,2,33,2024-12-19 09:31:15
500105004,35,2,33,2024-12-19 10:12:15
500119044,35,2,33,2024-12-19 11:58:16
500119007,35,0,34,2024-12-19 08:51:18
500119007,35,0,34,2024-12-19 09:33:15
500119007,35,1,34,2024-12-19 10:38:15
500112051,35,32,2,2024-12-19 18:59:15
500112051,35,30,4,2024-12-19 18:56:15
500103021,35,27,8,2024-12-19 18:08:16
500104039,35,27,8,2024-12-19 18:34:15
500103021,35,26,9,2024-12-19 17:30:16
500104039,35,25,10,2024-12-19 18:17:15
500105004,35,22,13,2024-12-19 19:37:16
500112051,35,20,14,2024-12-19 18:07:16
500108110,35,16,18,2024-12-19 18:18:16
500108110,35,15,19,2024-12-19 18:08:16
500111038,35,15,20,2024-12-19 18:47:15
500111004,35,13,22,2024-12-19 19:28:15
500103021,35,12,23,2024-12-19 20:32:14
500112018,35,10,23,2024-12-19 17:48:15
500105004,35,11,24,2024-12-19 17:59:15
500107155,35,11,24,2024-12-19 18:59:15
500108110,35,7,27,2024-12-19 20:31:15
500112040,35,5,27,2024-12-19 21:06:15
500104039,35,7,28,2024-12-19 21:18:15
500107155,35,6,29,2024-12-19 17:58:16
500113030,35,6,29,2024-12-19 19:21:15
500111038,35,5,30,2024-12-19 21:09:16
500112018,35,3,30,2024-12-19 18:58:16
500104046,35,3,32,2024-12-19 17:28:15
500106021,35,2,32,2024-12-19 17:28:15
500112018,35,1,32,2024-12-19 18:05:16
500111004,35,2,33,2024-12-19 18:24:16
500119088,35,2,33,2024-12-19 18:48:15
500112051,35,1,34,2024-12-19 20:07:16
500119088,35,1,34,2024-12-19 17:58:16
500104046,35,0,35,2024-12-19 20:09:15
500112051,35,0,35,2024-12-19 20:38:16
500112040,35,31,1,2024-12-19 13:09:17
500112040,35,31,1,2024-12-19 13:38:15
500111038,35,33,2,2024-12-19 16:57:16
500111038,35,31,4,2024-12-19 17:07:15
500112040,35,23,10,2024-12-19 15:26:15
500106021,35,23,11,2024-12-19 13:28:16
500111038,35,21,14,2024-12-19 16:38:15
500112018,35,18,15,2024-12-19 13:58:16
500119044,35,20,15,2024-12-19 15:38:15
500104046,35,17,18,2024-12-19 16:48:16
500103021,35,15,19,2024-12-19 13:54:15
500104039,35,16,19,2024-12-19 15:40:16
500112018,35,14,19,2024-12-19 16:18:16
500107155,35,14,21,2024-12-19 14:12:15
500107155,35,13,22,2024-12-19 13:19:15
500104046,35,10,24,2024-12-19 13:17:15
500119044,35,11,24,2024-12-19 13:54:15
500104046,35,10,25,2024-12-19 13:46:16
500111004,35,8,27,2024-12-19 16:21:15
500111004,35,7,28,2024-12-19 16:43:15
500119088,35,6,29,2024-12-19 15:17:16
500111004,35,3,32,2024-12-19 13:18:14
500119088,35,1,34,2024-12-19 17:17:16
500119007,35,0,35,2024-12-19 13:20:18
500106021,35,15,18,2024-12-19 21:48:16
500103021,35,20,15,2024-12-19 21:47:15
500112040,35,24,4,2024-12-19 04:49:15
500112040,35,23,5,2024-12-19 05:11:15
500112051,35,27,6,2024-12-19 05:27:15
500112040,35,21,7,2024-12-19 08:37:15
500112040,35,21,7,2024-12-19 05:46:15
500111004,35,24,10,2024-12-19 06:37:15
500106021,35,21,12,2024-12-19 08:16:14
500112040,35,15,13,2024-12-19 08:02:15
500105004,35,20,15,2024-12-19 05:32:15
500103021,35,17,16,2024-12-19 05:56:14
500112040,35,11,17,2024-12-19 07:17:14
500112040,35,11,17,2024-12-19 07:47:15
500107155,35,13,22,2024-12-19 07:23:15
500106021,35,10,23,2024-12-19 06:46:14
500105004,35,11,24,2024-12-19 08:00:16
500112018,35,8,27,2024-12-19 06:56:14
500103021,35,3,29,2024-12-19 08:44:16
500103021,35,1,31,2024-12-19 08:26:15
500112018,35,2,33,2024-12-19 05:46:14
500119007,35,0,34,2024-12-19 08:27:15
500106021,35,11,23,2024-12-19 00:42:15
500112051,35,22,11,2024-12-19 00:15:16
500108110,35,3,31,2024-12-19 22:09:15
500104039,35,14,16,2024-12-19 22:33:15
500112051,35,27,6,2024-12-19 02:42:15
500119007,35,1,34,2024-12-19 22:03:15
500112018,35,8,27,2024-12-19 22:00:16
500119088,35,0,35,2024-12-19 23:50:17
500104046,35,5,30,2024-12-19 23:52:14
500103021,35,28,5,2024-12-19 04:32:14
500112040,35,31,1,2024-12-19 11:08:15
500112018,35,29,4,2024-12-19 09:36:15
500112040,35,22,6,2024-12-19 09:08:15
500119088,35,29,6,2024-12-19 10:16:15
500104046,35,24,10,2024-12-19 09:55:17
500106021,35,24,10,2024-12-19 11:16:14
500112018,35,23,10,2024-12-19 12:35:16
500104046,35,23,11,2024-12-19 09:35:16
500106021,35,23,11,2024-12-19 10:00:18
500112018,35,22,11,2024-12-19 12:54:15
500108110,35,23,12,2024-12-19 09:26:15
500103021,35,19,13,2024-12-19 12:39:15
500112018,35,19,14,2024-12-19 10:46:15
500103021,35,17,15,2024-12-19 12:25:15
500112018,35,17,16,2024-12-19 11:42:16
500112018,35,17,16,2024-12-19 11:26:15
500112018,35,16,17,2024-12-19 12:08:15
500104039,35,16,18,2024-12-19 10:04:16
500104039,35,15,20,2024-12-19 12:40:17
500104039,35,13,22,2024-12-19 12:21:15
500107155,35,13,22,2024-12-19 12:56:15
500112051,35,7,26,2024-12-19 10:34:15
500113030,35,9,26,2024-12-19 09:45:15
500104046,35,7,27,2024-12-19 11:27:15
500111038,35,8,27,2024-12-19 11:36:15
500119044,35,7,28,2024-12-19 10:34:14
500119044,35,7,28,2024-12-19 10:53:16
500111004,35,5,29,2024-12-19 10:38:15
500112051,35,4,29,2024-12-19 12:10:16
500112051,35,4,29,2024-12-19 12:46:15
500119044,35,5,30,2024-12-19 12:53:15
500119044,35,5,30,2024-12-19 09:08:15
500105004,35,4,31,2024-12-19 12:06:15
500111004,35,4,31,2024-12-19 12:58:15
500119007,35,4,31,2024-12-19 12:49:15
500119088,35,4,31,2024-12-19 09:08:15
500105004,35,3,32,2024-12-19 09:22:15
500111004,35,1,33,2024-12-19 11:22:16
500119044,35,2,33,2024-12-19 11:28:16
500105004,35,1,34,2024-12-19 09:47:15
500119044,35,1,34,2024-12-19 12:17:16
500119007,35,0,35,2024-12-19 12:15:16
500103021,35,29,6,2024-12-19 17:58:16
500104039,35,24,11,2024-12-19 17:50:16
500112051,35,23,11,2024-12-19 17:47:16
500112018,35,23,12,2024-12-19 19:36:15
500105004,35,21,14,2024-12-19 19:49:15
500105004,35,18,17,2024-12-19 21:20:16
500108110,35,17,17,2024-12-19 18:35:16
500104039,35,17,18,2024-12-19 21:09:16
500106021,35,15,18,2024-12-19 19:36:15
500112040,35,15,18,2024-12-19 17:59:15
500112040,35,14,19,2024-12-19 19:59:15
500103021,35,15,20,2024-12-19 21:11:15
500112040,35,13,20,2024-12-19 20:03:15
500106021,35,11,22,2024-12-19 21:11:15
500119044,35,11,24,2024-12-19 20:48:15
500112040,35,4,28,2024-12-19 20:44:14
500112018,35,4,29,2024-12-19 18:48:15
500104046,35,5,30,2024-12-19 18:07:16
500112051,35,5,30,2024-12-19 21:07:16
500119007,35,5,30,2024-12-19 20:28:15
500119088,35,5,30,2024-12-19 18:57:15
500112040,35,30,3,2024-12-19 17:07:15
500112040,35,27,6,2024-12-19 15:46:15
500112040,35,23,10,2024-12-19 15:15:15
500103021,35,23,12,2024-12-19 16:32:15
500112018,35,19,14,2024-12-19 15:26:14
500106021,35,19,15,2024-12-19 15:50:16
500108110,35,19,15,2024-12-19 13:29:14
500108110,35,19,15,2024-12-19 14:10:17
500103021,35,16,16,2024-12-19 13:28:15
500111038,35,19,16,2024-12-19 14:23:16
500104039,35,18,17,2024-12-19 17:07:15
500104046,35,18,17,2024-12-19 15:38:15
500112018,35,13,20,2024-12-19 17:18:16
500119088,35,13,22,2024-12-19 13:58:16
500104046,35,11,24,2024-12-19 13:38:16
500119088,35,11,24,2024-12-19 13:28:15
500119088,35,11,24,2024-12-19 13:37:15
500104046,35,9,26,2024-12-19 13:54:15
500105004,35,9,26,2024-12-19 15:16:15
500111004,35,8,27,2024-12-19 16:57:16
500119088,35,8,27,2024-12-19 14:43:15
500112051,35,4,29,2024-12-19 14:08:15
500119007,35,2,33,2024-12-19 13:54:15
500119007,35,2,33,2024-12-19 16:57:16
500112018,35,32,3,2024-12-19 08:17:15
500111004,35,30,4,2024-12-19 05:11:15
500112018,35,26,9,2024-12-19 08:02:15
500112051,35,23,10,2024-12-19 05:48:14
500108110,35,21,14,2024-12-19 07:53:16
500111038,35,20,15,2024-12-19 07:46:15
500103021,35,17,16,2024-12-19 05:07:15
500106021,35,17,16,2024-12-19 08:46:15
500103021,35,14,18,2024-12-19 08:57:14
500112051,35,14,19,2024-12-19 06:22:14
500111004,35,14,20,2024-12-19 07:13:15
500111038,35,15,20,2024-12-19 07:16:15
500112018,35,15,20,2024-12-19 07:42:15
500105004,35,14,21,2024-12-19 07:46:15
500104046,35,10,24,2024-12-19 06:47:15
500104046,35,8,26,2024-12-19 06:55:16
500111038,35,8,27,2024-12-19 08:17:15
500113030,35,8,27,2024-12-19 07:41:15
500103021,35,5,28,2024-12-19 07:59:15
500107155,35,7,28,2024-12-19 06:40:16
500104046,35,5,29,2024-12-19 06:25:15
500112051,35,1,32,2024-12-19 08:57:14
500119044,35,3,32,2024-12-19 07:27:15
500108110,35,2,33,2024-12-19 06:46:14
500112040,35,22,10,2024-12-19 23:58:14
500119007,35,6,29,2024-12-19 01:08:16
500112051,35,33,2,2024-12-19 22:36:14
500112018,35,1,34,2024-12-19 01:45:15
500111004,35,31,4,2024-12-19 02:47:15
500104046,35,7,27,2024-12-19 04:02:15
500104046,35,2,32,2024-12-19 01:07:15
500112040,35,18,14,2024-12-19 22:46:15
500112040,35,15,17,2024-12-19 22:19:15
500119007,35,2,33,2024-12-19 22:57:16
500111004,35,17,17,2024-12-19 23:22:15
500112040,35,23,9,2024-12-19 23:29:14
500112051,35,23,10,2024-12-19 01:35:15
500112018,35,32,1,2024-12-19 10:07:16
500112040,35,29,2,2024-12-19 09:34:16
500112018,35,30,3,2024-12-19 10:17:15
500113030,35,26,9,2024-12-19 12:19:16
500103021,35,22,10,2024-12-19 11:11:15
500103021,35,21,11,2024-12-19 10:25:16
500103021,35,20,12,2024-12-19 09:26:15
500119088,35,23,12,2024-12-19 10:48:15
500107155,35,22,13,2024-12-19 10:13:15
500108110,35,21,14,2024-12-19 09:02:15
500112018,35,18,15,2024-12-19 11:58:16
500112018,35,18,15,2024-12-19 10:55:17
500112018,35,17,16,2024-12-19 13:08:15
500104039,35,17,17,2024-12-19 10:43:16
500104039,35,16,19,2024-12-19 11:34:15
500107155,35,12,23,2024-12-19 13:07:15
500111038,35,10,25,2024-12-19 10:07:16
500104046,35,7,27,2024-12-19 12:19:16
500111038,35,8,27,2024-12-19 12:52:15
500112051,35,6,27,2024-12-19 10:05:16
500119044,35,6,29,2024-12-19 11:11:15
500104046,35,4,30,2024-12-19 11:16:15
500119044,35,2,33,2024-12-19 12:28:15
500111004,35,1,34,2024-12-19 11:38:15
500119007,35,0,35,2024-12-19 11:12:15
500111038,35,30,5,2024-12-19 17:24:16
500112018,35,22,11,2024-12-19 19:07:15
500112018,35,24,11,2024-12-19 19:17:15
500112051,35,20,14,2024-12-19 18:17:15
500112040,35,17,16,2024-12-19 19:07:15
500111038,35,18,17,2024-12-19 19:29:15
500119044,35,17,18,2024-12-19 18:27:15
500106021,35,15,19,2024-12-19 17:48:15
500119044,35,16,19,2024-12-19 20:07:15
500105004,35,15,20,2024-12-19 21:06:15
500105004,35,15,20,2024-12-19 18:44:16
500107155,35,14,21,2024-12-19 20:03:15
500112040,35,12,21,2024-12-19 18:29:16
500112051,35,13,21,2024-12-19 19:29:15
500111004,35,13,22,2024-12-19 21:17:15
500103021,35,12,23,2024-12-19 19:19:15
500103021,35,12,23,2024-12-19 19:35:16
500106021,35,9,24,2024-12-19 20:53:15
500107155,35,11,24,2024-12-19 18:37:15
500108110,35,10,24,2024-12-19 18:58:16
500111004,35,11,24,2024-12-19 21:20:16
500108110,35,8,26,2024-12-19 19:45:16
500112051,35,9,26,2024-12-19 21:18:14
500119088,35,9,26,2024-12-19 20:40:16
500104046,35,8,27,2024-12-19 19:27:15
500105004,35,8,27,2024-12-19 17:35:16
500113030,35,8,27,2024-12-19 19:07:15
500108110,35,6,28,2024-12-19 20:40:15
500111004,35,7,28,2024-12-19 17:57:15
500112018,35,4,29,2024-12-19 18:29:16
500104046,35,4,31,2024-12-19 17:59:15
500111004,35,4,31,2024-12-19 18:05:15
500119007,35,4,31,2024-12-19 20:47:14
500104046,35,2,33,2024-12-19 20:13:15
500104046,35,2,33,2024-12-19 19:37:16
500119044,35,0,35,2024-12-19 17:35:16
500112040,35,26,7,2024-12-19 15:50:16
500106021,35,23,11,2024-12-19 13:30:16
500108110,35,23,11,2024-12-19 14:56:14
500112040,35,22,11,2024-12-19 14:36:16
500106021,35,20,14,2024-12-19 15:37:16
500103021,35,15,17,2024-12-19 13:40:16
500103021,35,18,17,2024-12-19 15:07:15
500111038,35,18,17,2024-12-19 14:33:15
500112018,35,16,17,2024-12-19 15:42:15
500112018,35,16,17,2024-12-19 15:11:14
500112018,35,15,18,2024-12-19 14:36:16
500107155,35,16,19,2024-12-19 14:06:15
500119044,35,16,19,2024-12-19 16:16:15
500107155,35,15,20,2024-12-19 16:38:15
500112051,35,13,21,2024-12-19 17:18:16
500119044,35,14,21,2024-12-19 14:17:15
500104039,35,13,22,2024-12-19 14:09:16
500105004,35,11,24,2024-12-19 15:27:15
500119088,35,9,26,2024-12-19 14:26:15
500104046,35,8,27,2024-12-19 14:43:14
500111004,35,8,27,2024-12-19 15:55:16
500111004,35,7,28,2024-12-19 15:32:15
500104046,35,6,29,2024-12-19 15:16:15
500111004,35,6,29,2024-12-19 14:58:15
500119007,35,4,31,2024-12-19 17:18:16
500112051,35,1,32,2024-12-19 13:13:15
500119007,35,3,32,2024-12-19 15:58:15
500119044,35,3,32,2024-12-19 17:17:16
500119088,35,2,33,2024-12-19 16:48:16
500119007,35,1,34,2024-12-19 14:27:16
500119088,35,0,35,2024-12-19 17:07:15
500111004,35,15,20,2024-12-19 21:44:15
500112051,35,18,17,2024-12-19 21:48:15
500112040,35,25,3,2024-12-19 08:57:15
500104039,35,27,5,2024-12-19 05:50:15
500104039,35,27,5,2024-12-19 06:23:14
500112018,35,29,6,2024-12-19 08:47:15
500113030,35,25,10,2024-12-19 08:23:15
500105004,35,21,14,2024-12-19 07:15:18
500112040,35,13,15,2024-12-19 06:54:16
500103021,35,17,16,2024-12-19 06:54:16
500103021,35,16,17,2024-12-19 06:13:14
500108110,35,18,17,2024-12-19 08:53:15
500113030,35,16,19,2024-12-19 08:03:15
500107155,35,14,21,2024-12-19 07:56:15
500107155,35,13,22,2024-12-19 07:35:16
500119007,35,12,22,2024-12-19 06:27:15
500112051,35,10,23,2024-12-19 06:45:15
500119007,35,11,23,2024-12-19 06:44:15
500103021,35,8,25,2024-12-19 07:45:16
500119007,35,9,25,2024-12-19 06:17:14
500103021,35,6,27,2024-12-19 07:55:17
500104046,35,6,28,2024-12-19 05:08:14
500111004,35,6,28,2024-12-19 08:45:16
500104039,35,4,30,2024-12-19 08:15:16
500112018,35,5,30,2024-12-19 06:40:16
500113030,35,5,30,2024-12-19 06:42:15
500104039,35,3,31,2024-12-19 08:37:15
500112051,35,2,31,2024-12-19 08:36:14
500112018,35,3,32,2024-12-19 05:50:15
500112051,35,1,32,2024-12-19 07:14:14
500119088,35,1,34,2024-12-19 07:52:15
500112051,35,15,20,2024-12-19 23:23:15
500105004,35,18,17,2024-12-19 00:10:15
500119007,35,0,35,2024-12-19 23:32:16
500108110,35,3,31,2024-12-19 23:15:15
500111004,35,16,18,2024-12-19 23:52:14
500103021,35,27,8,2024-12-19 22:55:16
500104039,35,21,11,2024-12-19 00:54:15
500113030,35,6,29,2024-12-19 22:33:15
500111004,35,18,17,2024-12-19 22:15:16
500112040,35,21,11,2024-12-19 23:15:14
500112040,35,18,14,2024-12-19 22:35:15
500104046,35,1,34,2024-12-19 21:39:15
500111038,35,3,32,2024-12-19 21:24:15
500108110,35,4,30,2024-12-19 21:37:15
500119007,35,9,25,2024-12-19 03:52:14
500105004,35,20,15,2024-12-19 04:20:16
500104039,35,28,4,2024-12-19 03:56:15
500103021,35,29,5,2024-12-19 04:19:15
500113030,35,4,31,2024-12-19 21:48:15
500105004,35,20,15,2024-12-19 21:57:15
500103021,35,20,15,2024-12-19 21:57:15
500119044,35,5,30,2024-12-19 00:02:15
500119007,35,7,28,2024-12-19 00:05:15
500112051,35,25,8,2024-12-19 01:43:15
500119088,35,1,34,2024-12-19 22:46:15
500104046,35,0,35,2024-12-19 22:18:15
500112051,35,31,4,2024-12-19 22:16:14
500112040,35,30,2,2024-12-19 12:37:15
500112040,35,28,4,2024-12-19 09:57:15
500112018,35,28,5,2024-12-19 10:24:15
500112018,35,26,9,2024-12-19 09:08:14
500103021,35,22,10,2024-12-19 09:49:15
500103021,35,22,10,2024-12-19 10:48:15
500106021,35,24,10,2024-12-19 10:37:16
500106021,35,23,11,2024-12-19 11:24:15
500113030,35,24,11,2024-12-19 10:09:15
500119088,35,24,11,2024-12-19 10:38:15
500106021,35,22,12,2024-12-19 10:15:16
500107155,35,21,14,2024-12-19 11:17:15
500108110,35,21,14,2024-12-19 11:15:15
500104039,35,18,17,2024-12-19 11:20:16
500107155,35,18,17,2024-12-19 11:55:17
500104039,35,15,19,2024-12-19 09:26:15
500106021,35,11,22,2024-12-19 09:06:15
500111038,35,13,22,2024-12-19 10:17:16
500111038,35,13,22,2024-12-19 10:28:15
500119044,35,9,26,2024-12-19 09:34:15
500119044,35,8,27,2024-12-19 10:20:16
500111038,35,7,28,2024-12-19 12:13:15
500111038,35,6,29,2024-12-19 12:39:14
500112051,35,4,29,2024-12-19 11:54:15
500111038,35,5,30,2024-12-19 09:32:15
500105004,35,4,31,2024-12-19 11:52:15
500112051,35,2,31,2024-12-19 12:55:16
500112051,35,2,31,2024-12-19 09:26:15
500119088,35,4,31,2024-12-19 12:47:15
500105004,35,3,32,2024-12-19 11:35:17
500105004,35,2,33,2024-12-19 10:31:16
500119088,35,2,33,2024-12-19 12:38:15
500104046,35,0,34,2024-12-19 10:48:15
500105004,35,1,34,2024-12-19 10:00:18
500119007,35,0,35,2024-12-19 09:42:15
500112051,35,34,0,2024-12-19 19:19:16
500111038,35,32,3,2024-12-19 18:07:16
500112051,35,29,5,2024-12-19 18:46:15
500103021,35,28,7,2024-12-19 17:43:16
500111038,35,26,9,2024-12-19 17:48:15
500103021,35,25,10,2024-12-19 18:16:15
500104039,35,25,10,2024-12-19 20:30:17
500111038,35,23,12,2024-12-19 19:03:15
500111038,35,22,13,2024-12-19 18:29:16
500112051,35,20,14,2024-12-19 17:38:16
500111038,35,16,19,2024-12-19 19:47:15
500103021,35,15,20,2024-12-19 20:59:15
500106021,35,13,20,2024-12-19 18:34:15
500111038,35,15,20,2024-12-19 18:57:15
500103021,35,14,21,2024-12-19 20:48:15
500112040,35,11,22,2024-12-19 18:38:16
500103021,35,12,23,2024-12-19 20:28:15
500106021,35,10,23,2024-12-19 20:19:15
500111038,35,12,23,2024-12-19 19:59:15
500119088,35,10,25,2024-12-19 20:29:14
500113030,35,9,26,2024-12-19 18:57:15
500111038,35,6,29,2024-12-19 20:51:16
500119007,35,6,29,2024-12-19 19:39:15
500119088,35,6,29,2024-12-19 21:15:16
500112040,35,1,30,2024-12-19 20:39:16
500104046,35,2,33,2024-12-19 19:57:15
500119007,35,2,33,2024-12-19 18:16:16
500104046,35,1,34,2024-12-19 18:17:15
500104046,35,1,34,2024-12-19 18:58:16
500119007,35,1,34,2024-12-19 17:39:14
500104046,35,0,35,2024-12-19 17:47:16
500112051,35,0,35,2024-12-19 20:28:15
500111038,35,30,5,2024-12-19 17:11:16
500106021,35,20,14,2024-12-19 14:07:16
500108110,35,20,14,2024-12-19 16:31:15
500103021,35,18,16,2024-12-19 14:01:15
500103021,35,19,16,2024-12-19 15:15:16
500119044,35,19,16,2024-12-19 15:26:15
500112040,35,15,17,2024-12-19 14:06:15
500104046,35,17,18,2024-12-19 16:18:16
500105004,35,17,18,2024-12-19 16:47:15
500119044,35,17,18,2024-12-19 15:06:15
500119088,35,13,22,2024-12-19 13:46:16
500105004,35,12,23,2024-12-19 16:03:15
500113030,35,12,23,2024-12-19 16:32:15
500104046,35,10,25,2024-12-19 16:57:16
500119088,35,9,26,2024-12-19 15:06:14
500111038,35,8,27,2024-12-19 14:15:16
500111038,35,7,28,2024-12-19 13:27:15
500112051,35,4,29,2024-12-19 14:48:15
500111004,35,5,30,2024-12-19 15:07:15
500119007,35,1,34,2024-12-19 15:22:17
500104046,35,31,3,2024-12-19 07:27:15
500107155,35,30,5,2024-12-19 08:44:16
500106021,35,27,6,2024-12-19 07:26:15
500104046,35,26,8,2024-12-19 08:37:15
500106021,35,20,13,2024-12-19 07:17:14
500105004,35,19,16,2024-12-19 07:37:15
500111038,35,19,16,2024-12-19 07:37:15
500103021,35,16,17,2024-12-19 06:40:15
500105004,35,13,22,2024-12-19 08:27:16
500112051,35,11,22,2024-12-19 07:57:16
500106021,35,10,23,2024-12-19 05:07:15
500112018,35,12,23,2024-12-19 07:27:15
500103021,35,8,25,2024-12-19 07:36:15
500107155,35,10,25,2024-12-19 07:12:15
500104046,35,8,26,2024-12-19 06:37:15
500107155,35,9,26,2024-12-19 06:50:16
500111004,35,6,28,2024-12-19 07:57:16
500111038,35,6,29,2024-12-19 08:03:15
500119044,35,6,29,2024-12-19 07:57:16
500104046,35,4,30,2024-12-19 05:43:14
500107155,35,5,30,2024-12-19 05:23:15
500111004,35,3,31,2024-12-19 08:16:15
500111038,35,4,31,2024-12-19 06:35:15
500119088,35,2,33,2024-12-19 06:19:15
500119088,35,2,33,2024-12-19 07:42:15
500112051,35,23,10,2024-12-19 00:18:14
500119088,35,1,34,2024-12-19 00:27:15
500119088,35,0,35,2024-12-19 00:45:17
500112051,35,23,10,2024-12-19 01:07:15
500119007,35,1,34,2024-12-19 23:07:15
500119007,35,1,34,2024-12-19 22:34:15
500112018,35,5,30,2024-12-19 22:17:15
500113030,35,5,30,2024-12-19 20:34:15
500119088,35,10,25,2024-12-19 21:33:16
500111004,35,13,22,2024-12-19 21:39:15
500107155,35,6,29,2024-12-19 03:08:15
500112040,35,23,5,2024-12-19 03:49:14
500111004,35,30,4,2024-12-19 03:48:15
500111038,35,3,32,2024-12-19 21:58:15
500104046,35,0,35,2024-12-19 21:59:16
500119007,35,2,33,2024-12-19 21:59:15
500111004,35,32,3,2024-12-19 01:57:15
500111004,35,29,5,2024-12-19 04:37:14
500119007,35,0,35,2024-12-19 22:12:16
500119088,35,3,32,2024-12-19 22:25:15
500113030,35,5,30,2024-12-19 22:24:15
500106021,35,18,15,2024-12-19 22:22:15
500119088,35,0,35,2024-12-19 22:56:15
500112040,35,30,2,2024-12-19 11:57:16
500112040,35,29,3,2024-12-19 10:35:16
500103021,35,23,9,2024-12-19 09:41:15
500103021,35,23,9,2024-12-19 10:18:15
500104046,35,25,9,2024-12-19 09:47:15
500106021,35,24,10,2024-12-19 11:44:15
500106021,35,24,10,2024-12-19 10:28:15
500112018,35,23,10,2024-12-19 12:47:15
500103021,35,21,11,2024-12-19 10:37:16
500103021,35,20,12,2024-12-19 11:33:16
500103021,35,20,12,2024-12-19 11:26:15
500106021,35,22,12,2024-12-19 12:46:15
500119088,35,22,13,2024-12-19 11:36:15
500106021,35,20,14,2024-12-19 12:25:16
500119088,35,21,14,2024-12-19 09:57:15
500112018,35,18,15,2024-12-19 11:38:15
500104039,35,17,17,2024-12-19 11:18:16
500112018,35,15,18,2024-12-19 11:08:15
500104046,35,13,21,2024-12-19 10:18:15
500119044,35,10,25,2024-12-19 09:57:15
500105004,35,9,26,2024-12-19 08:54:15
500112051,35,7,26,2024-12-19 12:33:15
500119044,35,9,26,2024-12-19 10:03:15
500111004,35,6,28,2024-12-19 09:38:14
500111004,35,5,29,2024-12-19 09:26:15
500111004,35,4,30,2024-12-19 11:02:15
500111004,35,3,32,2024-12-19 11:50:15
500119007,35,2,33,2024-12-19 12:26:15
500119007,35,1,34,2024-12-19 11:54:14
500119007,35,0,35,2024-12-19 11:28:15
500104039,35,29,6,2024-12-19 19:47:15
500105004,35,23,12,2024-12-19 20:15:16
500112018,35,23,12,2024-12-19 19:28:14
500112040,35,18,15,2024-12-19 17:48:15
500108110,35,17,17,2024-12-19 17:58:16
500106021,35,14,19,2024-12-19 19:15:16
500112018,35,16,19,2024-12-19 20:09:15
500106021,35,12,21,2024-12-19 21:20:16
500106021,35,12,22,2024-12-19 18:08:16
500119044,35,12,23,2024-12-19 17:59:15
500119044,35,11,24,2024-12-19 20:16:16
500113030,35,10,25,2024-12-19 18:37:15
500108110,35,8,26,2024-12-19 20:22:15
500119088,35,9,26,2024-12-19 20:59:15
500112040,35,6,27,2024-12-19 20:29:15
500111038,35,7,28,2024-12-19 20:30:17
500112040,35,3,29,2024-12-19 21:15:16
500107155,35,5,30,2024-12-19 18:03:15
500112018,35,3,30,2024-12-19 18:16:16
500119088,35,5,30,2024-12-19 19:47:15
500119007,35,3,32,2024-12-19 18:26:16
500106021,35,1,33,2024-12-19 17:31:15
500111004,35,1,34,2024-12-19 18:37:15
500112051,35,1,34,2024-12-19 20:42:16
500119007,35,1,34,2024-12-19 20:57:16
500104046,35,0,35,2024-12-19 19:07:15
500119088,35,0,35,2024-12-19 18:06:15
500112040,35,26,7,2024-12-19 16:05:16
500113030,35,27,8,2024-12-19 13:31:15
500112040,35,22,11,2024-12-19 14:43:15
500108110,35,21,13,2024-12-19 16:53:15
500105004,35,21,14,2024-12-19 17:16:16
500108110,35,19,15,2024-12-19 17:01:16
500111038,35,20,15,2024-12-19 16:13:15
500111038,35,20,15,2024-12-19 14:56:15
500104039,35,17,18,2024-12-19 16:44:15
500104039,35,16,19,2024-12-19 17:18:16
500104046,35,16,19,2024-12-19 16:28:15
500104039,35,15,20,2024-12-19 14:59:15
500119044,35,15,20,2024-12-19 15:54:14
500104039,35,14,21,2024-12-19 14:47:15
500105004,35,12,23,2024-12-19 15:45:16
500112051,35,10,24,2024-12-19 16:13:15
500106021,35,8,26,2024-12-19 16:47:15
500119088,35,8,27,2024-12-19 13:16:15
500104046,35,7,28,2024-12-19 15:19:16
500119044,35,7,28,2024-12-19 13:28:15
500104046,35,4,31,2024-12-19 17:16:16
500119088,35,1,34,2024-12-19 15:36:15
500104046,35,1,34,2024-12-19 21:49:14
500111004,35,27,7,2024-12-19 06:07:15
500104046,35,26,8,2024-12-19 08:02:15
500111038,35,27,8,2024-12-19 08:57:15
500112051,35,25,8,2024-12-19 05:38:14
500104046,35,23,11,2024-12-19 08:27:16
500108110,35,23,12,2024-12-19 08:27:16
500105004,35,21,14,2024-12-19 04:57:14
500103021,35,17,16,2024-12-19 05:15:15
500103021,35,17,16,2024-12-19 06:33:15
500112018,35,16,19,2024-12-19 07:37:15
500112018,35,10,25,2024-12-19 07:16:15
500112051,35,8,25,2024-12-19 06:55:16
500113030,35,10,25,2024-12-19 06:52:15
500113030,35,10,25,2024-12-19 07:17:14
500111038,35,7,28,2024-12-19 06:54:15
500119044,35,6,29,2024-12-19 08:03:15
500111004,35,4,30,2024-12-19 08:37:15
500113030,35,5,30,2024-12-19 07:35:16
500108110,35,3,32,2024-12-19 06:27:15
500119007,35,1,33,2024-12-19 08:36:15
500119088,35,2,33,2024-12-19 08:26:15
500119088,35,1,34,2024-12-19 06:46:15
500106021,35,10,24,2024-12-19 00:49:15
500112040,35,25,4,2024-12-19 01:06:15
500105004,35,21,14,2024-12-19 22:39:15
500112051,35,17,18,2024-12-19 21:37:15
500105004,35,19,16,2024-12-19 21:22:15
500105004,35,21,14,2024-12-19 02:05:16
500112040,35,24,5,2024-12-19 01:42:14
500104046,35,0,35,2024-12-19 22:06:15
500119007,35,8,27,2024-12-19 02:23:15
500108110,35,4,30,2024-12-19 22:52:15
500119044,35,5,30,2024-12-19 22:55:16
500104046,35,14,21,2024-12-19 22:50:15
500112040,35,27,5,2024-12-19 10:17:16
500112018,35,27,8,2024-12-19 09:03:14
500113030,35,27,8,2024-12-19 12:29:16
500108110,35,23,12,2024-12-19 09:09:15
500104046,35,21,13,2024-12-19 09:27:15
500104039,35,17,17,2024-12-19 10:19:16
500119088,35,17,18,2024-12-19 09:47:14
500104039,35,13,22,2024-12-19 11:58:16
500111038,35,8,27,2024-12-19 09:45:15
500111038,35,8,27,2024-12-19 12:07:16
500119088,35,7,28,2024-12-19 12:18:15
500104039,35,5,29,2024-12-19 09:07:15
500111038,35,6,29,2024-12-19 09:09:15
500119088,35,6,29,2024-12-19 09:07:15
500119088,35,5,30,2024-12-19 12:58:15
500104046,35,1,33,2024-12-19 10:57:15
500111038,35,30,5,2024-12-19 18:18:15
500105004,35,26,9,2024-12-19 20:49:14
500112051,35,24,10,2024-12-19 18:38:16
500104039,35,24,11,2024-12-19 20:49:15
500105004,35,23,12,2024-12-19 20:59:15
500112040,35,18,15,2024-12-19 17:27:16
500108110,35,18,16,2024-12-19 17:20:17
500111038,35,19,16,2024-12-19 19:17:15
500112051,35,17,17,2024-12-19 17:26:15
500106021,35,15,18,2024-12-19 19:27:15
500112040,35,15,18,2024-12-19 18:48:15
500119044,35,17,18,2024-12-19 19:48:15
500119044,35,17,18,2024-12-19 18:32:16
500112018,35,16,19,2024-12-19 20:23:15
500111004,35,15,20,2024-12-19 20:52:14
500105004,35,14,21,2024-12-19 18:12:16
500106021,35,12,21,2024-12-19 18:28:16
500103021,35,13,22,2024-12-19 18:55:17
500103021,35,12,23,2024-12-19 19:29:15
500108110,35,10,24,2024-12-19 19:14:16
500103021,35,10,25,2024-12-19 20:06:15
500104046,35,9,26,2024-12-19 19:18:15
500119088,35,8,27,2024-12-19 19:55:16
500119088,35,8,27,2024-12-19 20:39:16
500119044,35,6,29,2024-12-19 20:58:15
500104046,35,5,30,2024-12-19 18:38:16
500112051,35,5,30,2024-12-19 20:55:17
500119007,35,4,31,2024-12-19 17:28:15
500104046,35,3,32,2024-12-19 20:39:16
500119007,35,2,33,2024-12-19 17:35:16
500119088,35,2,33,2024-12-19 18:18:16
500112040,35,27,6,2024-12-19 16:24:15
500113030,35,26,9,2024-12-19 13:22:15
500103021,35,23,12,2024-12-19 15:55:16
500105004,35,23,12,2024-12-19 16:57:16
500106021,35,22,12,2024-12-19 13:49:14
500105004,35,21,14,2024-12-19 17:02:15
500112040,35,18,14,2024-12-19 14:21:14
500108110,35,20,15,2024-12-19 13:15:15
500108110,35,19,15,2024-12-19 17:17:16
500111038,35,19,16,2024-12-19 15:04:15
500112018,35,17,16,2024-12-19 15:58:15
500113030,35,19,16,2024-12-19 16:18:16
500111038,35,18,17,2024-12-19 15:49:15
500111038,35,18,17,2024-12-19 16:08:16
500108110,35,16,18,2024-12-19 14:34:15
500119044,35,17,18,2024-12-19 15:47:15
500112018,35,14,19,2024-12-19 13:18:15
500119044,35,16,19,2024-12-19 15:18:15
500107155,35,15,20,2024-12-19 13:31:15
500112051,35,12,22,2024-12-19 16:37:15
500113030,35,13,22,2024-12-19 16:26:15
500107155,35,11,24,2024-12-19 17:04:15
500105004,35,9,26,2024-12-19 13:43:15
500119007,35,2,33,2024-12-19 16:23:15
500119007,35,1,34,2024-12-19 14:07:16
500104039,35,29,3,2024-12-19 07:27:15
500104039,35,29,3,2024-12-19 06:01:14
500112018,35,31,4,2024-12-19 08:56:15
500106021,35,28,5,2024-12-19 07:46:15
500111004,35,28,6,2024-12-19 05:46:15
500107155,35,28,7,2024-12-19 08:36:15
500104039,35,24,8,2024-12-19 07:48:15
500104046,35,26,8,2024-12-19 07:16:15
500104039,35,24,9,2024-12-19 08:02:15
500111004,35,24,10,2024-12-19 06:15:16
500104046,35,23,11,2024-12-19 08:17:15
500106021,35,21,12,2024-12-19 08:26:15
500112051,35,21,12,2024-12-19 07:47:15
500112051,35,21,12,2024-12-19 06:00:16
500106021,35,18,15,2024-12-19 08:34:15
500106021,35,11,22,2024-12-19 06:32:15
500111004,35,4,30,2024-12-19 08:55:16
500112018,35,5,30,2024-12-19 06:00:17
500119044,35,5,30,2024-12-19 07:40:16
500111038,35,3,32,2024-12-19 05:59:14
500112051,35,1,32,2024-12-19 08:47:15
500119007,35,1,33,2024-12-19 07:47:14
500119088,35,2,33,2024-12-19 08:56:16
500119007,35,0,34,2024-12-19 08:45:16
500119088,35,2,33,2024-12-19 00:13:15
500112018,35,4,31,2024-12-19 23:15:15
500106021,35,21,12,2024-12-19 23:57:15
500111038,35,5,30,2024-12-19 22:18:15
500112051,35,16,19,2024-12-19 23:17:14
500106021,35,19,14,2024-12-19 22:50:16
500104039,35,9,21,2024-12-19 21:37:15
500103021,35,18,17,2024-12-19 21:25:16
500119088,35,1,34,2024-12-19 02:37:15
500104046,35,5,29,2024-12-19 02:00:17
500103021,35,30,5,2024-12-19 01:24:14
500112040,35,11,21,2024-12-19 22:01:15
500112051,35,28,7,2024-12-19 22:08:14
500112040,35,12,20,2024-12-19 21:59:15
500112051,35,24,11,2024-12-19 21:56:15
500112040,35,19,13,2024-12-19 22:53:15
500112018,35,32,1,2024-12-19 09:47:15
500112040,35,31,1,2024-12-19 11:17:17
500112040,35,28,4,2024-12-19 10:24:14
500106021,35,25,9,2024-12-19 13:08:15
500106021,35,24,10,2024-12-19 12:57:15
500112018,35,23,10,2024-12-19 10:36:14
500107155,35,23,12,2024-12-19 09:45:15
500108110,35,23,12,2024-12-19 09:51:14
500119088,35,23,12,2024-12-19 11:07:16
500104039,35,21,13,2024-12-19 09:37:15
500104046,35,21,13,2024-12-19 09:06:15
500106021,35,20,14,2024-12-19 09:46:16
500108110,35,21,14,2024-12-19 12:17:15
500119088,35,21,14,2024-12-19 11:27:15
500103021,35,16,16,2024-12-19 09:09:15
500103021,35,15,17,2024-12-19 09:03:14
500119088,35,17,18,2024-12-19 11:48:15
500119088,35,16,19,2024-12-19 11:58:16
500104039,35,15,20,2024-12-19 11:39:15
500104039,35,12,23,2024-12-19 12:07:16
500112051,35,8,25,2024-12-19 11:11:15
500104046,35,8,26,2024-12-19 10:38:15
500106021,35,6,28,2024-12-19 09:33:15
500111004,35,6,28,2024-12-19 09:08:15
500111038,35,7,28,2024-12-19 13:04:16
500111004,35,2,32,2024-12-19 11:17:15
500119007,35,3,32,2024-12-19 12:44:15
500119007,35,3,32,2024-12-19 13:05:16
500111004,35,2,33,2024-12-19 12:05:16
500111004,35,2,33,2024-12-19 11:47:16
500119088,35,2,33,2024-12-19 09:27:14
500104039,35,28,7,2024-12-19 20:11:16
500104039,35,28,7,2024-12-19 18:58:15
500111038,35,28,7,2024-12-19 17:58:15
500103021,35,27,8,2024-12-19 17:17:16
500104039,35,19,16,2024-12-19 17:33:16
500112040,35,16,17,2024-12-19 19:49:15
500119044,35,18,17,2024-12-19 19:37:16
500106021,35,15,18,2024-12-19 19:43:15
500103021,35,16,19,2024-12-19 21:09:16
500103021,35,16,19,2024-12-19 21:20:16
500111004,35,16,19,2024-12-19 20:45:16
500111004,35,15,20,2024-12-19 21:08:15
500112018,35,13,20,2024-12-19 17:38:16
500105004,35,14,21,2024-12-19 17:28:15
500111004,35,14,21,2024-12-19 20:09:15
500112018,35,12,21,2024-12-19 17:28:15
500103021,35,13,22,2024-12-19 18:37:15
500106021,35,11,22,2024-12-19 18:09:16
500112018,35,13,22,2024-12-19 21:18:15
500113030,35,13,22,2024-12-19 17:22:16
500111004,35,12,23,2024-12-19 19:38:15
500108110,35,10,24,2024-12-19 19:05:16
500113030,35,11,24,2024-12-19 18:25:17
500111004,35,9,26,2024-12-19 17:28:15
500119088,35,6,29,2024-12-19 19:27:15
500112051,35,5,30,2024-12-19 19:38:15
500119088,35,5,30,2024-12-19 19:12:15
500119007,35,4,31,2024-12-19 19:07:15
500119088,35,4,31,2024-12-19 21:06:15
500104046,35,2,33,2024-12-19 20:26:15
500104046,35,2,33,2024-12-19 17:36:14
500119088,35,1,34,2024-12-19 18:38:16
500104046,35,0,35,2024-12-19 20:56:15
500112051,35,0,35,2024-12-19 19:58:15
500119088,35,0,35,2024-12-19 17:39:16
500112040,35,28,5,2024-12-19 16:58:15
500112040,35,25,8,2024-12-19 16:14:15
500108110,35,21,13,2024-12-19 16:18:16
500112040,35,17,15,2024-12-19 14:16:16
500108110,35,18,16,2024-12-19 13:42:15
500111038,35,19,16,2024-12-19 16:24:15
500104046,35,18,17,2024-12-19 15:58:15
500112018,35,16,17,2024-12-19 17:00:17
500104046,35,17,18,2024-12-19 16:07:15
500106021,35,16,18,2024-12-19 16:15:15
500112018,35,15,18,2024-12-19 14:59:15
500107155,35,15,20,2024-12-19 15:06:15
500119044,35,15,20,2024-12-19 16:08:15
500104039,35,14,21,2024-12-19 15:11:15
500105004,35,14,21,2024-12-19 16:18:16
500112051,35,13,21,2024-12-19 16:44:15
500119044,35,10,25,2024-12-19 13:45:16
500119044,35,10,25,2024-12-19 16:58:15
500119088,35,9,26,2024-12-19 14:15:16
500119088,35,9,26,2024-12-19 14:35:15
500119044,35,8,27,2024-12-19 13:35:15
500104046,35,7,28,2024-12-19 14:27:15
500111004,35,6,29,2024-12-19 15:12:15
500112051,35,3,30,2024-12-19 13:46:16
500119088,35,4,31,2024-12-19 15:27:15
500119007,35,3,32,2024-12-19 17:00:17
500119007,35,0,35,2024-12-19 13:18:15
500119088,35,0,35,2024-12-19 16:12:16
500104039,35,11,19,2024-12-19 21:48:16
500104046,35,31,3,2024-12-19 07:46:15
500107155,35,30,5,2024-12-19 08:55:16
500104039,35,22,10,2024-12-19 06:52:15
500112040,35,17,11,2024-12-19 06:26:14
500112018,35,23,12,2024-12-19 08:37:15
500112018,35,23,12,2024-12-19 07:55:17
500112040,35,15,13,2024-12-19 07:55:17
500105004,35,21,14,2024-12-19 05:24:14
500112040,35,14,14,2024-12-19 07:37:15
500112040,35,12,16,2024-12-19 07:27:15
500108110,35,18,17,2024-12-19 07:47:15
500111038,35,15,20,2024-12-19 08:27:16
500107155,35,14,21,2024-12-19 07:40:16
500108110,35,14,21,2024-12-19 07:36:15
500111038,35,14,21,2024-12-19 07:22:15
500105004,35,12,23,2024-12-19 08:37:15
500106021,35,8,25,2024-12-19 06:10:16
500104039,35,8,26,2024-12-19 08:27:16
500108110,35,7,28,2024-12-19 07:23:15
500111004,35,6,28,2024-12-19 07:32:14
500104046,35,5,29,2024-12-19 04:47:14
500104046,35,5,29,2024-12-19 06:17:14
500119007,35,5,29,2024-12-19 07:21:15
500111038,35,5,30,2024-12-19 06:39:15
500111038,35,5,30,2024-12-19 06:27:15
500119044,35,5,30,2024-12-19 08:56:16
500111004,35,1,33,2024-12-19 08:24:15
500119088,35,1,34,2024-12-19 06:03:15
500119088,35,0,35,2024-12-19 08:46:16
500112051,35,22,11,2024-12-19 00:37:15
500119088,35,3,32,2024-12-19 00:04:16
500104039,35,14,16,2024-12-19 22:49:15
500104046,35,7,27,2024-12-19 01:11:15
500111004,35,31,4,2024-12-19 00:02:15
500119044,35,6,29,2024-12-19 22:34:15
500119007,35,0,35,2024-12-19 21:04:16
500111004,35,17,18,2024-12-19 22:01:15
500111004,35,16,19,2024-12-19 21:59:15
500112051,35,14,21,2024-12-19 23:33:15
500112051,35,26,7,2024-12-19 01:55:16
500104046,35,13,22,2024-12-19 22:49:14
500106021,35,20,13,2024-12-19 23:23:14
500112040,35,30,2,2024-12-19 12:19:15
500112018,35,30,3,2024-12-19 09:56:16
500107155,35,31,4,2024-12-19 09:05:16
500112040,35,21,7,2024-12-19 09:07:15
500119088,35,28,7,2024-12-19 10:07:16
500112018,35,23,10,2024-12-19 12:28:15
500112018,35,23,10,2024-12-19 12:18:15
500113030,35,25,10,2024-12-19 11:44:15
500113030,35,25,10,2024-12-19 10:38:15
500107155,35,24,11,2024-12-19 09:24:15
500108110,35,24,11,2024-12-19 09:39:15
500119088,35,23,12,2024-12-19 10:54:15
500106021,35,21,13,2024-12-19 12:37:15
500103021,35,18,14,2024-12-19 12:17:16
500106021,35,19,15,2024-12-19 12:12:15
500108110,35,19,16,2024-12-19 10:13:16
500104039,35,17,17,2024-12-19 09:55:17
500112018,35,16,17,2024-12-19 11:17:15
500104039,35,16,18,2024-12-19 10:15:16
500104039,35,16,18,2024-12-19 10:29:15
500119088,35,13,22,2024-12-19 12:08:15
500104046,35,11,23,2024-12-19 10:27:16
500107155,35,12,23,2024-12-19 12:38:15
500111038,35,11,24,2024-12-19 11:17:15
500111038,35,10,25,2024-12-19 09:56:16
500104039,35,7,27,2024-12-19 09:08:15
500104046,35,7,27,2024-12-19 11:39:15
500104046,35,6,28,2024-12-19 12:47:15
500104046,35,6,28,2024-12-19 11:38:15
500111004,35,6,28,2024-12-19 10:21:15
500111004,35,5,29,2024-12-19 10:05:16
500119044,35,6,29,2024-12-19 10:46:15
500112051,35,3,30,2024-12-19 13:04:16
500111038,35,4,31,2024-12-19 09:25:16
500112051,35,0,33,2024-12-19 09:08:16
500119007,35,1,34,2024-12-19 11:05:17
500112018,35,25,10,2024-12-19 19:48:15
500112051,35,22,12,2024-12-19 18:29:15
500112040,35,18,15,2024-12-19 19:18:15
500108110,35,18,16,2024-12-19 18:27:15
500108110,35,17,17,2024-12-19 17:35:16
500119044,35,18,17,2024-12-19 18:45:16
500111004,35,17,18,2024-12-19 20:17:15
500111004,35,16,19,2024-12-19 20:13:15
500111004,35,16,19,2024-12-19 20:32:15
500112018,35,15,20,2024-12-19 20:13:15
500119044,35,15,20,2024-12-19 19:08:15
500106021,35,12,21,2024-12-19 20:11:15
500106021,35,12,21,2024-12-19 21:07:16
500112018,35,14,21,2024-12-19 20:38:15
500107155,35,13,22,2024-12-19 19:45:16
500119044,35,13,22,2024-12-19 18:06:15
500103021,35,11,24,2024-12-19 19:44:15
500111038,35,10,25,2024-12-19 20:07:15
500111004,35,9,26,2024-12-19 19:03:15
500112018,35,6,27,2024-12-19 17:59:15
500112018,35,5,28,2024-12-19 18:35:16
500112040,35,4,28,2024-12-19 20:58:15
500119007,35,5,30,2024-12-19 19:24:15
500104046,35,2,33,2024-12-19 19:48:16
500104046,35,2,33,2024-12-19 18:28:16
500112051,35,2,33,2024-12-19 20:13:15
500111038,35,27,8,2024-12-19 16:40:16
500103021,35,22,13,2024-12-19 15:39:15
500108110,35,21,13,2024-12-19 16:24:15
500103021,35,21,14,2024-12-19 15:22:15
500112018,35,17,16,2024-12-19 15:34:15
500108110,35,17,17,2024-12-19 14:27:15
500112018,35,16,17,2024-12-19 16:46:15
500112018,35,14,19,2024-12-19 14:42:15
500119044,35,16,19,2024-12-19 14:21:14
500105004,35,15,20,2024-12-19 16:29:15
500113030,35,14,21,2024-12-19 17:16:16
500119044,35,13,22,2024-12-19 14:08:15
500105004,35,10,25,2024-12-19 14:26:15
500112051,35,7,26,2024-12-19 15:30:16
500112051,35,6,27,2024-12-19 14:58:15
500112051,35,6,27,2024-12-19 15:20:16
500104046,35,7,28,2024-12-19 15:02:15
500112051,35,5,28,2024-12-19 15:03:15
500106021,35,4,30,2024-12-19 16:57:15
500104046,35,2,33,2024-12-19 17:08:16
500119007,35,1,34,2024-12-19 13:37:16
500119007,35,1,34,2024-12-19 14:37:14
500119088,35,1,34,2024-12-19 15:57:16
500119044,35,5,30,2024-12-19 21:43:14
500112040,35,27,1,2024-12-19 08:26:14
500111038,35,33,2,2024-12-19 08:46:15
500106021,35,28,5,2024-12-19 07:34:15
500104046,35,28,6,2024-12-19 08:47:15
500104046,35,28,6,2024-12-19 07:57:16
500106021,35,26,7,2024-12-19 07:57:15
500112040,35,20,8,2024-12-19 08:47:15
500111004,35,22,12,2024-12-19 06:56:15
500112040,35,16,12,2024-12-19 06:01:14
500108110,35,22,13,2024-12-19 08:01:15
500111038,35,22,13,2024-12-19 08:37:15
500112051,35,18,15,2024-12-19 07:37:15
500103021,35,13,20,2024-12-19 07:17:14
500112051,35,12,21,2024-12-19 06:37:15
500106021,35,9,24,2024-12-19 05:41:14
500105004,35,10,25,2024-12-19 08:47:15
500119007,35,7,27,2024-12-19 05:21:14
500111004,35,5,29,2024-12-19 08:00:17
500112018,35,6,29,2024-12-19 06:34:15
500119007,35,4,30,2024-12-19 07:37:15
500108110,35,3,32,2024-12-19 06:56:15
500108110,35,3,32,2024-12-19 06:06:14
500119007,35,2,32,2024-12-19 08:17:15
500119088,35,2,33,2024-12-19 07:37:15
500119088,35,1,34,2024-12-19 08:33:16
500119088,35,0,35,2024-12-19 23:48:15
500109020,36,26,10,2024-12-19 23:08:15
500109037,36,2,33,2024-12-19 23:35:15
500109037,36,2,33,2024-12-19 01:02:15
500103040,36,30,6,2024-12-19 01:03:15
500101168,36,5,31,2024-12-19 22:33:15
500107056,36,6,30,2024-12-19 22:29:14
500107056,36,5,31,2024-12-19 21:08:15
500103004,36,5,21,2024-12-19 01:36:15
500108007,36,8,28,2024-12-19 03:24:15
500106056,36,3,32,2024-12-19 22:02:16
500108007,36,12,24,2024-12-19 22:06:15
500101170,36,17,16,2024-12-19 22:06:15
500107010,36,19,17,2024-12-19 21:57:15
500110091,36,27,9,2024-12-19 21:53:15
500101192,36,12,24,2024-12-19 23:55:16
500103040,36,31,5,2024-12-19 01:36:15
500101168,36,4,32,2024-12-19 22:18:14
500105022,36,7,27,2024-12-19 22:19:15
500106092,36,8,26,2024-12-19 22:18:15
500106092,36,9,25,2024-12-19 22:20:15
500107144,36,10,26,2024-12-19 22:52:15
500111097,36,0,36,2024-12-19 01:55:16
500101168,36,29,5,2024-12-19 09:36:15
500110011,36,27,7,2024-12-19 11:25:15
500106056,36,27,8,2024-12-19 11:58:16
500109037,36,25,8,2024-12-19 09:37:15
500110011,36,26,8,2024-12-19 10:06:14
500106056,36,27,9,2024-12-19 10:03:15
500101192,36,23,13,2024-12-19 12:08:15
500110011,36,18,16,2024-12-19 12:33:15
500109037,36,16,17,2024-12-19 13:06:15
500101168,36,16,18,2024-12-19 09:47:14
500107056,36,17,19,2024-12-19 13:04:16
500101168,36,16,20,2024-12-19 12:19:16
500101170,36,16,20,2024-12-19 09:06:14
500108007,36,16,20,2024-12-19 09:35:16
500106022,36,15,21,2024-12-19 12:07:16
500106092,36,14,21,2024-12-19 11:35:17
500107056,36,14,22,2024-12-19 09:50:16
500103040,36,13,23,2024-12-19 12:07:15
500105022,36,12,23,2024-12-19 11:38:15
500105022,36,13,23,2024-12-19 10:44:16
500107056,36,13,23,2024-12-19 09:47:14
500113065,36,13,23,2024-12-19 12:33:15
500104036,36,12,24,2024-12-19 10:07:16
500103040,36,11,25,2024-12-19 11:46:15
500103040,36,11,25,2024-12-19 11:58:16
500107056,36,11,25,2024-12-19 09:28:15
500101170,36,10,26,2024-12-19 12:52:15
500104036,36,9,27,2024-12-19 09:43:15
500107144,36,9,27,2024-12-19 12:27:15
500109020,36,9,27,2024-12-19 11:29:15
500101170,36,8,28,2024-12-19 10:20:16
500107056,36,8,28,2024-12-19 12:17:16
500119093,36,8,28,2024-12-19 09:50:15
500101170,36,7,29,2024-12-19 11:46:15
500101170,36,7,29,2024-12-19 10:17:16
500119093,36,6,30,2024-12-19 10:46:15
500103004,36,1,32,2024-12-19 10:21:16
500110091,36,4,32,2024-12-19 11:53:16
500103004,36,0,33,2024-12-19 11:37:15
500103040,36,3,33,2024-12-19 09:04:15
500106022,36,2,34,2024-12-19 09:06:15
500106052,36,2,34,2024-12-19 11:15:16
500107010,36,2,34,2024-12-19 11:36:15
500107010,36,2,34,2024-12-19 11:47:15
500107010,36,2,34,2024-12-19 11:55:17
500107010,36,2,34,2024-12-19 10:18:15
500113065,36,2,34,2024-12-19 09:06:14
500106052,36,1,35,2024-12-19 09:30:16
500107010,36,1,35,2024-12-19 12:08:15
500111009,36,1,35,2024-12-19 09:25:16
500106092,36,0,36,2024-12-19 09:51:16
500106092,36,0,36,2024-12-19 10:38:15
500107010,36,33,3,2024-12-19 19:19:15
500101192,36,27,9,2024-12-19 17:59:15
500110091,36,27,9,2024-12-19 19:59:15
500106052,36,25,11,2024-12-19 19:48:15
500106056,36,22,13,2024-12-19 18:17:15
500110091,36,23,13,2024-12-19 18:29:16
500106092,36,21,14,2024-12-19 20:38:15
500110091,36,22,14,2024-12-19 18:43:15
500110091,36,21,15,2024-12-19 18:07:16
500106052,36,19,17,2024-12-19 18:29:16
500107010,36,19,17,2024-12-19 18:22:16
500110011,36,18,17,2024-12-19 20:56:15
500105022,36,17,18,2024-12-19 17:30:16
500105022,36,17,18,2024-12-19 18:52:15
500106056,36,17,18,2024-12-19 19:22:16
500105022,36,15,19,2024-12-19 20:32:14
500106056,36,16,19,2024-12-19 19:34:15
500107144,36,17,19,2024-12-19 18:38:16
500110011,36,16,19,2024-12-19 19:15:16
500105022,36,14,20,2024-12-19 20:53:15
500106056,36,15,20,2024-12-19 20:07:15
500106092,36,15,20,2024-12-19 21:08:15
500110011,36,15,20,2024-12-19 19:34:15
500119093,36,16,20,2024-12-19 17:33:16
500106056,36,14,21,2024-12-19 20:49:14
500106092,36,14,21,2024-12-19 17:48:15
500107144,36,15,21,2024-12-19 21:09:15
500111097,36,15,21,2024-12-19 17:38:16
500105033,36,14,22,2024-12-19 17:20:17
500111009,36,13,23,2024-12-19 18:36:16
500119093,36,10,26,2024-12-19 19:58:14
500101170,36,6,27,2024-12-19 20:58:15
500101192,36,9,27,2024-12-19 18:36:16
500107056,36,8,28,2024-12-19 18:43:15
500101192,36,7,29,2024-12-19 18:57:15
500108007,36,7,29,2024-12-19 19:09:15
500119093,36,7,29,2024-12-19 21:20:16
500106022,36,6,30,2024-12-19 19:45:16
500108007,36,6,30,2024-12-19 18:52:15
500101168,36,5,31,2024-12-19 18:18:16
500101192,36,3,33,2024-12-19 20:28:15
500108007,36,2,34,2024-12-19 17:52:14
500101168,36,1,35,2024-12-19 17:25:16
500108007,36,1,35,2024-12-19 17:22:16
500108007,36,1,35,2024-12-19 18:07:16
500113065,36,0,36,2024-12-19 18:20:19
500101192,36,31,5,2024-12-19 13:47:15
500106092,36,23,12,2024-12-19 17:16:16
500106022,36,22,14,2024-12-19 13:28:15
500106022,36,22,14,2024-12-19 14:37:14
500110011,36,19,15,2024-12-19 13:34:16
500106022,36,20,16,2024-12-19 17:09:15
500106092,36,19,16,2024-12-19 13:11:15
500109037,36,17,16,2024-12-19 14:56:15
500110011,36,18,17,2024-12-19 15:45:16
500101170,36,18,18,2024-12-19 16:48:16
500106052,36,17,19,2024-12-19 16:45:17
500106092,36,15,20,2024-12-19 15:33:15
500105022,36,14,21,2024-12-19 15:57:15
500105033,36,15,21,2024-12-19 17:17:16
500103040,36,14,22,2024-12-19 15:31:15
500101168,36,13,23,2024-12-19 16:47:15
500101170,36,11,25,2024-12-19 16:14:14
500107144,36,11,25,2024-12-19 14:26:15
500110091,36,11,25,2024-12-19 16:47:15
500113065,36,11,25,2024-12-19 15:58:14
500113065,36,10,26,2024-12-19 14:48:15
500107144,36,9,27,2024-12-19 13:36:16
500107144,36,8,28,2024-12-19 15:57:15
500113065,36,7,29,2024-12-19 16:15:16
500107010,36,5,31,2024-12-19 16:26:15
500104036,36,11,25,2024-12-19 21:47:15
500103040,36,31,5,2024-12-19 06:14:15
500107144,36,31,5,2024-12-19 07:56:15
500107144,36,28,8,2024-12-19 07:46:15
500101170,36,27,9,2024-12-19 06:36:14
500101170,36,26,10,2024-12-19 07:17:14
500107010,36,26,10,2024-12-19 06:15:15
500101168,36,22,12,2024-12-19 08:03:15
500103040,36,23,13,2024-12-19 06:25:15
500110011,36,19,15,2024-12-19 06:05:16
500109020,36,20,16,2024-12-19 06:24:15
500110011,36,17,17,2024-12-19 08:01:14
500101168,36,16,18,2024-12-19 07:26:15
500106022,36,14,22,2024-12-19 06:14:15
500109020,36,14,22,2024-12-19 07:50:16
500101192,36,13,23,2024-12-19 07:37:15
500105022,36,13,23,2024-12-19 06:29:14
500103040,36,12,24,2024-12-19 08:03:15
500106056,36,12,24,2024-12-19 07:43:15
500113065,36,12,24,2024-12-19 07:43:15
500105022,36,9,27,2024-12-19 07:47:15
500106056,36,9,27,2024-12-19 07:27:15
500108007,36,9,27,2024-12-19 08:35:16
500107056,36,6,30,2024-12-19 08:54:15
500106092,36,3,33,2024-12-19 07:25:15
500113065,36,3,33,2024-12-19 08:48:15
500106022,36,2,34,2024-12-19 08:00:17
500106092,36,2,34,2024-12-19 08:46:16
500108007,36,0,36,2024-12-19 07:17:14
500101170,36,34,2,2024-12-19 00:03:15
500108007,36,10,26,2024-12-19 00:27:15
500105033,36,2,34,2024-12-19 21:54:14
500105107,36,4,32,2024-12-19 18:36:16
500110011,36,26,9,2024-12-19 22:28:15
500101170,36,34,2,2024-12-19 01:15:15
500101192,36,2,34,2024-12-19 01:04:14
500113065,36,3,33,2024-12-19 00:45:15
500108007,36,4,32,2024-12-19 01:13:15
500104036,36,5,31,2024-12-19 00:07:15
500111097,36,4,32,2024-12-19 22:51:15
500107144,36,9,27,2024-12-19 23:18:15
500107010,36,23,13,2024-12-19 22:41:15
500110091,36,29,7,2024-12-19 23:06:15
500113065,36,0,36,2024-12-19 22:25:17
500105022,36,8,26,2024-12-19 22:21:15
500105033,36,1,35,2024-12-19 21:34:15
500103004,36,7,22,2024-12-19 21:37:15
500105022,36,13,21,2024-12-19 21:34:14
500111009,36,18,18,2024-12-19 21:20:16
500111097,36,1,35,2024-12-19 02:16:17
500104036,36,8,28,2024-12-19 02:49:15
500101170,36,35,1,2024-12-19 02:06:15
500105022,36,13,23,2024-12-19 04:22:15
500113065,36,3,33,2024-12-19 22:08:15
500106052,36,25,11,2024-12-19 22:09:15
500101168,36,0,35,2024-12-19 01:24:15
500106092,36,10,25,2024-12-19 21:58:15
500110011,36,23,12,2024-12-19 21:58:15
500104036,36,6,30,2024-12-19 02:10:16
500111097,36,5,31,2024-12-19 22:42:15
500107010,36,21,15,2024-12-19 22:18:15
500111097,36,36,0,2024-12-19 09:27:15
500104036,36,33,3,2024-12-19 11:09:15
500101192,36,26,10,2024-12-19 13:08:15
500104036,36,26,10,2024-12-19 11:08:15
500110011,36,24,10,2024-12-19 11:43:14
500101192,36,25,11,2024-12-19 12:58:15
500101192,36,25,11,2024-12-19 11:54:15
500101192,36,25,11,2024-12-19 10:37:16
500109037,36,20,13,2024-12-19 10:01:16
500101168,36,21,15,2024-12-19 11:48:15
500111097,36,21,15,2024-12-19 10:22:15
500108007,36,20,16,2024-12-19 11:35:17
500111097,36,20,16,2024-12-19 11:26:15
500110011,36,16,18,2024-12-19 12:22:16
500113065,36,18,18,2024-12-19 11:48:15
500108007,36,16,20,2024-12-19 11:58:16
500103040,36,15,21,2024-12-19 13:02:15
500107144,36,14,22,2024-12-19 12:08:15
500110091,36,12,24,2024-12-19 09:41:15
500104036,36,10,26,2024-12-19 09:54:15
500110091,36,9,27,2024-12-19 11:17:15
500107056,36,8,28,2024-12-19 09:05:16
500107056,36,8,28,2024-12-19 11:51:16
500119093,36,7,29,2024-12-19 09:25:16
500103004,36,3,30,2024-12-19 09:33:15
500119093,36,6,30,2024-12-19 11:29:15
500119093,36,6,30,2024-12-19 10:14:15
500105107,36,5,31,2024-12-19 09:21:14
500111009,36,4,32,2024-12-19 09:46:15
500103004,36,0,33,2024-12-19 10:57:15
500103004,36,0,33,2024-12-19 11:18:16
500107010,36,3,33,2024-12-19 09:46:15
500107144,36,3,33,2024-12-19 09:36:15
500106052,36,2,34,2024-12-19 09:18:15
500107010,36,2,34,2024-12-19 10:20:18
500107144,36,2,34,2024-12-19 10:25:16
500106052,36,1,35,2024-12-19 09:57:15
500107144,36,1,35,2024-12-19 09:20:15
500103004,36,25,11,2024-12-19 19:18:15
500103004,36,23,13,2024-12-19 19:05:15
500107010,36,21,15,2024-12-19 18:45:16
500106056,36,19,16,2024-12-19 17:46:14
500107010,36,19,17,2024-12-19 18:38:16
500110011,36,18,17,2024-12-19 17:34:15
500103004,36,18,18,2024-12-19 18:54:15
500105022,36,16,19,2024-12-19 17:28:15
500103004,36,16,20,2024-12-19 18:40:17
500107010,36,16,20,2024-12-19 21:18:15
500110011,36,15,20,2024-12-19 19:58:15
500110091,36,16,20,2024-12-19 17:57:15
500101170,36,15,21,2024-12-19 19:57:15
500111009,36,15,21,2024-12-19 18:44:16
500105022,36,13,22,2024-12-19 18:08:15
500106022,36,14,22,2024-12-19 18:29:15
500107144,36,14,22,2024-12-19 17:47:16
500119093,36,14,22,2024-12-19 17:43:16
500104036,36,13,23,2024-12-19 18:39:16
500105022,36,12,23,2024-12-19 18:15:17
500106092,36,12,23,2024-12-19 18:08:16
500110091,36,13,23,2024-12-19 17:26:15
500103004,36,12,24,2024-12-19 17:55:17
500103004,36,4,25,2024-12-19 21:13:16
500103040,36,11,25,2024-12-19 18:11:16
500107144,36,11,25,2024-12-19 17:28:15
500105033,36,9,27,2024-12-19 19:16:15
500108007,36,9,27,2024-12-19 20:11:16
500103004,36,1,28,2024-12-19 20:43:15
500105033,36,8,28,2024-12-19 19:44:15
500106022,36,7,29,2024-12-19 20:13:15
500101168,36,6,30,2024-12-19 17:56:16
500101170,36,6,30,2024-12-19 19:07:15
500109037,36,5,30,2024-12-19 21:19:16
500101168,36,5,31,2024-12-19 21:18:14
500106022,36,5,31,2024-12-19 20:25:15
500107010,36,5,31,2024-12-19 20:08:15
500113065,36,5,31,2024-12-19 20:40:16
500101168,36,3,33,2024-12-19 20:12:15
500108007,36,3,33,2024-12-19 18:27:15
500109020,36,3,33,2024-12-19 19:48:15
500113065,36,2,34,2024-12-19 18:47:16
500108007,36,0,36,2024-12-19 17:33:16
500104036,36,31,5,2024-12-19 13:19:15
500101192,36,30,6,2024-12-19 17:08:16
500104036,36,28,8,2024-12-19 16:18:16
500106022,36,26,10,2024-12-19 16:17:15
500106022,36,23,13,2024-12-19 14:59:14
500119093,36,21,15,2024-12-19 14:09:16
500106056,36,19,16,2024-12-19 13:45:16
500101170,36,19,17,2024-12-19 17:13:15
500119093,36,19,17,2024-12-19 16:45:17
500119093,36,19,17,2024-12-19 15:33:15
500106056,36,17,18,2024-12-19 15:40:16
500106092,36,16,19,2024-12-19 14:21:14
500111097,36,17,19,2024-12-19 17:11:16
500103040,36,15,21,2024-12-19 15:51:15
500105022,36,13,22,2024-12-19 16:51:16
500107144,36,12,24,2024-12-19 17:08:16
500103040,36,11,25,2024-12-19 14:55:16
500107010,36,11,25,2024-12-19 17:03:16
500109037,36,8,25,2024-12-19 17:08:16
500107144,36,10,26,2024-12-19 15:04:14
500103004,36,9,27,2024-12-19 16:36:15
500101170,36,8,28,2024-12-19 15:07:15
500109020,36,5,31,2024-12-19 17:12:16
500103004,36,2,34,2024-12-19 13:49:15
500113065,36,1,35,2024-12-19 21:49:15
500103004,36,9,20,2024-12-19 21:43:15
500105022,36,11,23,2024-12-19 21:47:15
500107144,36,34,2,2024-12-19 07:33:15
500101170,36,31,5,2024-12-19 06:55:15
500103004,36,27,6,2024-12-19 06:45:16
500101170,36,29,7,2024-12-19 06:19:15
500104036,36,29,7,2024-12-19 08:38:15
500104036,36,28,8,2024-12-19 08:22:15
500110091,36,24,8,2024-12-19 06:47:15
500101170,36,26,10,2024-12-19 07:41:15
500104036,36,26,10,2024-12-19 08:17:15
500105033,36,24,12,2024-12-19 08:13:15
500106056,36,24,12,2024-12-19 08:42:15
500111097,36,24,12,2024-12-19 08:25:15
500110091,36,23,13,2024-12-19 07:47:15
500101168,36,20,14,2024-12-19 07:34:15
500110011,36,20,14,2024-12-19 08:56:16
500110091,36,22,14,2024-12-19 07:53:16
500109020,36,21,15,2024-12-19 06:00:16
500110011,36,19,15,2024-12-19 07:52:15
500106052,36,20,16,2024-12-19 06:50:16
500106052,36,19,17,2024-12-19 07:01:14
500110011,36,17,17,2024-12-19 08:35:16
500105033,36,17,19,2024-12-19 07:35:16
500101192,36,15,21,2024-12-19 05:11:15
500105022,36,15,21,2024-12-19 08:32:15
500119093,36,15,21,2024-12-19 08:25:16
500110091,36,14,22,2024-12-19 08:46:15
500101192,36,13,23,2024-12-19 08:27:16
500106092,36,13,23,2024-12-19 06:09:14
500104036,36,12,24,2024-12-19 07:32:15
500111009,36,12,24,2024-12-19 07:37:15
500105022,36,10,26,2024-12-19 07:23:15
500105022,36,10,26,2024-12-19 07:57:16
500108007,36,9,27,2024-12-19 08:55:16
500107010,36,7,29,2024-12-19 08:02:15
500108007,36,7,29,2024-12-19 08:27:16
500103004,36,1,31,2024-12-19 08:47:15
500104036,36,4,32,2024-12-19 06:34:15
500113065,36,4,32,2024-12-19 08:47:15
500107056,36,3,33,2024-12-19 05:16:14
500108007,36,3,33,2024-12-19 08:17:15
500106022,36,2,34,2024-12-19 08:57:14
500113065,36,2,34,2024-12-19 05:48:14
500106022,36,1,35,2024-12-19 08:27:16
500106022,36,1,35,2024-12-19 07:57:16
500106092,36,1,35,2024-12-19 08:17:15
500103040,36,30,6,2024-12-19 00:24:15
500110011,36,21,14,2024-12-19 00:10:15
500101192,36,4,32,2024-12-19 00:56:14
500107056,36,5,30,2024-12-19 22:49:15
500103004,36,13,15,2024-12-19 23:16:15
500101192,36,17,19,2024-12-19 23:03:15
500101170,36,26,7,2024-12-19 23:19:15
500107144,36,10,26,2024-12-19 22:39:15
500107010,36,22,14,2024-12-19 22:30:16
500106022,36,16,20,2024-12-19 21:35:16
500105033,36,10,26,2024-12-19 01:52:15
500111009,36,24,12,2024-12-19 02:40:16
500103040,36,31,5,2024-12-19 02:44:15
500101168,36,1,33,2024-12-19 04:06:15
500106052,36,21,15,2024-12-19 03:23:15
500110011,36,24,11,2024-12-19 22:07:15
500110091,36,29,7,2024-12-19 22:04:15
500107144,36,13,23,2024-12-19 01:19:15
500106056,36,4,31,2024-12-19 21:59:15
500101192,36,6,30,2024-12-19 21:58:15
500108007,36,12,24,2024-12-19 21:49:15
500105033,36,9,27,2024-12-19 01:33:15
500101170,36,17,16,2024-12-19 22:15:16
500106056,36,2,33,2024-12-19 22:26:15
500107010,36,20,16,2024-12-19 22:23:15
500110011,36,25,10,2024-12-19 22:21:15
500106092,36,7,27,2024-12-19 22:52:14
500111097,36,36,0,2024-12-19 09:29:16
500110011,36,27,7,2024-12-19 10:27:16
500106056,36,28,8,2024-12-19 10:37:15
500101192,36,25,11,2024-12-19 11:27:15
500105033,36,25,11,2024-12-19 09:41:15
500109037,36,22,11,2024-12-19 10:39:16
500101168,36,24,12,2024-12-19 11:38:15
500106056,36,23,13,2024-12-19 09:47:15
500106022,36,22,14,2024-12-19 12:56:15
500106022,36,20,16,2024-12-19 10:21:15
500106056,36,20,16,2024-12-19 09:25:16
500111097,36,20,16,2024-12-19 11:03:15
500101168,36,18,18,2024-12-19 13:06:14
500107056,36,18,18,2024-12-19 12:56:15
500109037,36,15,18,2024-12-19 12:47:15
500113065,36,18,18,2024-12-19 10:47:16
500101168,36,17,19,2024-12-19 12:08:15
500101168,36,16,20,2024-12-19 12:57:15
500104036,36,16,20,2024-12-19 09:27:15
500119093,36,16,20,2024-12-19 12:45:16
500107056,36,15,21,2024-12-19 10:14:15
500107144,36,15,21,2024-12-19 11:47:15
500113065,36,14,22,2024-12-19 12:42:14
500105022,36,13,23,2024-12-19 10:04:16
500106092,36,12,23,2024-12-19 11:40:16
500108007,36,13,23,2024-12-19 09:07:15
500107144,36,12,24,2024-12-19 12:17:16
500107056,36,11,25,2024-12-19 11:25:15
500107144,36,11,25,2024-12-19 12:34:14
500108007,36,11,25,2024-12-19 12:41:15
500101168,36,10,26,2024-12-19 12:47:15
500101170,36,10,26,2024-12-19 10:05:16
500107144,36,10,26,2024-12-19 12:54:15
500101168,36,8,28,2024-12-19 12:32:16
500110091,36,8,28,2024-12-19 11:44:15
500107056,36,7,29,2024-12-19 11:37:15
500109020,36,7,29,2024-12-19 11:47:16
500107144,36,6,30,2024-12-19 10:07:16
500109020,36,6,30,2024-12-19 11:49:15
500103040,36,5,31,2024-12-19 09:09:15
500109020,36,5,31,2024-12-19 12:02:16
500103004,36,1,32,2024-12-19 09:46:15
500107144,36,3,33,2024-12-19 09:47:15
500103040,36,2,34,2024-12-19 10:36:14
500106092,36,1,34,2024-12-19 11:15:16
500107010,36,2,34,2024-12-19 12:33:15
500106092,36,1,35,2024-12-19 09:37:16
500103004,36,0,36,2024-12-19 12:54:15
500107010,36,29,7,2024-12-19 19:07:15
500106056,36,24,11,2024-12-19 17:27:16
500106092,36,22,13,2024-12-19 17:23:15
500106022,36,22,14,2024-12-19 17:46:15
500106022,36,21,15,2024-12-19 17:38:16
500105022,36,19,16,2024-12-19 18:59:14
500111009,36,19,17,2024-12-19 20:35:15
500103004,36,18,18,2024-12-19 17:33:16
500104036,36,18,18,2024-12-19 17:48:15
500106022,36,18,18,2024-12-19 21:18:14
500106056,36,17,18,2024-12-19 18:38:16
500110011,36,17,18,2024-12-19 17:47:16
500103040,36,16,20,2024-12-19 19:38:15
500111097,36,16,20,2024-12-19 17:23:15
500109037,36,14,21,2024-12-19 17:48:15
500111009,36,15,21,2024-12-19 19:35:16
500101168,36,14,22,2024-12-19 19:25:15
500101192,36,14,22,2024-12-19 18:18:16
500103004,36,14,22,2024-12-19 18:27:15
500103040,36,14,22,2024-12-19 19:06:15
500104036,36,14,22,2024-12-19 18:33:16
500106092,36,13,22,2024-12-19 21:19:15
500103040,36,13,23,2024-12-19 18:29:16
500103040,36,13,23,2024-12-19 18:52:15
500106056,36,12,23,2024-12-19 21:08:15
500101168,36,12,24,2024-12-19 19:07:15
500101168,36,12,24,2024-12-19 18:48:15
500101168,36,12,24,2024-12-19 18:58:16
500103040,36,12,24,2024-12-19 20:39:16
500103040,36,12,24,2024-12-19 18:07:16
500109037,36,11,24,2024-12-19 19:16:15
500101168,36,11,25,2024-12-19 19:34:15
500109037,36,10,25,2024-12-19 18:27:15
500109037,36,9,26,2024-12-19 18:45:16
500105022,36,8,27,2024-12-19 18:29:16
500105033,36,9,27,2024-12-19 18:46:15
500107056,36,9,27,2024-12-19 18:13:16
500106022,36,8,28,2024-12-19 19:35:16
500101170,36,7,29,2024-12-19 19:18:15
500107056,36,7,29,2024-12-19 18:38:16
500101192,36,6,30,2024-12-19 19:47:15
500107056,36,5,31,2024-12-19 19:44:15
500107056,36,4,32,2024-12-19 20:20:16
500101192,36,3,33,2024-12-19 20:59:15
500111097,36,2,34,2024-12-19 20:36:15
500113065,36,2,34,2024-12-19 19:55:16
500113065,36,2,34,2024-12-19 21:08:15
500108007,36,1,35,2024-12-19 17:48:14
500101192,36,32,4,2024-12-19 15:11:15
500101192,36,32,4,2024-12-19 14:19:15
500110011,36,20,14,2024-12-19 14:30:16
500109037,36,18,15,2024-12-19 14:06:15
500110011,36,19,15,2024-12-19 13:18:15
500119093,36,20,16,2024-12-19 15:53:14
500101168,36,19,17,2024-12-19 13:37:15
500106052,36,19,17,2024-12-19 13:52:15
500106056,36,18,17,2024-12-19 16:10:16
500106092,36,18,17,2024-12-19 16:08:15
500109037,36,16,17,2024-12-19 16:16:15
500109037,36,16,17,2024-12-19 13:15:15
500119093,36,19,17,2024-12-19 16:38:15
500105033,36,18,18,2024-12-19 16:41:15
500106092,36,17,18,2024-12-19 16:11:15
500106092,36,17,18,2024-12-19 13:50:16
500103040,36,16,20,2024-12-19 15:39:15
500103040,36,16,20,2024-12-19 16:28:15
500111097,36,15,21,2024-12-19 14:59:14
500107010,36,13,23,2024-12-19 17:18:16
500101170,36,12,24,2024-12-19 14:47:15
500107056,36,11,25,2024-12-19 16:40:16
500107144,36,10,26,2024-12-19 14:47:15
500108007,36,10,26,2024-12-19 13:41:15
500107056,36,9,27,2024-12-19 16:58:15
500101170,36,8,28,2024-12-19 15:29:15
500107144,36,8,28,2024-12-19 16:47:15
500107144,36,7,29,2024-12-19 16:17:15
500103004,36,3,33,2024-12-19 14:58:15
500108007,36,2,34,2024-12-19 15:39:15
500113065,36,0,36,2024-12-19 17:18:16
500101170,36,15,18,2024-12-19 21:49:15
500107010,36,16,20,2024-12-19 21:45:14
500110011,36,21,14,2024-12-19 21:45:15
500107144,36,36,0,2024-12-19 06:42:15
500107144,36,35,1,2024-12-19 06:55:16
500103004,36,28,5,2024-12-19 06:14:14
500101170,36,29,7,2024-12-19 06:47:15
500111097,36,28,8,2024-12-19 08:42:15
500111009,36,20,16,2024-12-19 06:37:15
500110011,36,17,17,2024-12-19 08:27:16
500110091,36,13,19,2024-12-19 07:37:15
500103004,36,11,22,2024-12-19 07:56:15
500105033,36,12,24,2024-12-19 07:17:14
500101168,36,9,25,2024-12-19 06:47:15
500119093,36,11,25,2024-12-19 08:53:15
500105022,36,10,26,2024-12-19 06:54:16
500103040,36,8,28,2024-12-19 08:25:16
500104036,36,6,30,2024-12-19 06:11:14
500103004,36,0,32,2024-12-19 08:35:17
500103040,36,4,32,2024-12-19 08:44:16
500104036,36,3,33,2024-12-19 06:39:15
500107010,36,2,34,2024-12-19 08:44:16
500103004,36,14,12,2024-12-19 00:08:15
500107010,36,19,17,2024-12-19 00:00:16
500119093,36,17,19,2024-12-19 00:11:14
500101192,36,18,18,2024-12-19 23:38:15
500101192,36,5,31,2024-12-19 00:43:15
500107144,36,15,21,2024-12-19 00:07:15
500106092,36,5,31,2024-12-19 01:16:15
500106092,36,8,26,2024-12-19 22:33:15
500109020,36,28,8,2024-12-19 22:38:14
500104036,36,10,26,2024-12-19 20:57:16
500110091,36,26,10,2024-12-19 21:32:15
500101192,36,1,35,2024-12-19 01:19:15
500113065,36,1,35,2024-12-19 02:58:15
500108007,36,8,28,2024-12-19 03:00:16
500107144,36,13,23,2024-12-19 02:48:14
500101170,36,36,0,2024-12-19 03:25:16
500101192,36,6,30,2024-12-19 22:07:15
500106022,36,14,22,2024-12-19 22:02:16
500106092,36,7,27,2024-12-19 23:25:16
500103040,36,19,17,2024-12-19 22:22:15
500101168,36,1,34,2024-12-19 23:22:15
500111097,36,35,1,2024-12-19 09:07:15
500106056,36,29,7,2024-12-19 11:15:15
500101168,36,28,8,2024-12-19 10:57:15
500106056,36,28,8,2024-12-19 10:25:16
500101168,36,27,9,2024-12-19 11:08:15
500101192,36,27,9,2024-12-19 09:47:14
500101168,36,24,10,2024-12-19 09:24:15
500106056,36,26,10,2024-12-19 09:57:15
500109037,36,22,11,2024-12-19 11:04:15
500105033,36,24,12,2024-12-19 12:43:15
500109037,36,21,12,2024-12-19 11:44:15
500106056,36,22,13,2024-12-19 12:18:15
500109037,36,20,13,2024-12-19 11:31:15
500109037,36,20,13,2024-12-19 11:15:15
500110011,36,21,13,2024-12-19 09:21:15
500101168,36,20,14,2024-12-19 09:54:15
500109037,36,19,14,2024-12-19 11:28:16
500110011,36,20,14,2024-12-19 09:09:15
500101192,36,21,15,2024-12-19 12:16:15
500106022,36,20,16,2024-12-19 12:47:15
500101168,36,19,17,2024-12-19 10:28:15
500101168,36,19,17,2024-12-19 10:36:14
500111097,36,19,17,2024-12-19 11:51:16
500108007,36,18,18,2024-12-19 11:28:16
500106022,36,17,19,2024-12-19 10:38:15
500105022,36,15,20,2024-12-19 12:38:15
500113065,36,15,21,2024-12-19 11:28:16
500103040,36,14,22,2024-12-19 12:54:15
500105022,36,14,22,2024-12-19 09:37:15
500107144,36,13,23,2024-12-19 11:27:15
500103040,36,12,24,2024-12-19 12:34:14
500101170,36,11,25,2024-12-19 09:27:15
500108007,36,11,25,2024-12-19 12:16:15
500109020,36,10,26,2024-12-19 09:23:15
500110091,36,10,26,2024-12-19 11:19:15
500109020,36,9,27,2024-12-19 11:01:17
500119093,36,9,27,2024-12-19 09:08:15
500101170,36,8,28,2024-12-19 11:37:15
500101170,36,8,28,2024-12-19 11:17:15
500101170,36,7,29,2024-12-19 12:07:15
500109020,36,6,30,2024-12-19 12:32:16
500103004,36,2,31,2024-12-19 09:20:15
500110091,36,5,31,2024-12-19 12:24:16
500119093,36,4,32,2024-12-19 11:56:16
500106022,36,3,33,2024-12-19 09:30:15
500106052,36,3,33,2024-12-19 12:21:15
500106052,36,3,33,2024-12-19 09:44:15
500106052,36,3,33,2024-12-19 11:06:15
500107010,36,2,34,2024-12-19 12:18:16
500111009,36,2,34,2024-12-19 11:16:15
500103040,36,1,35,2024-12-19 10:04:16
500106092,36,1,35,2024-12-19 09:22:16
500111009,36,1,35,2024-12-19 09:37:15
500107010,36,0,36,2024-12-19 09:24:15
500107010,36,0,36,2024-12-19 11:07:16
500101192,36,29,7,2024-12-19 17:28:15
500106052,36,25,11,2024-12-19 19:24:15
500106056,36,24,11,2024-12-19 17:33:16
500106052,36,24,12,2024-12-19 19:36:15
500106092,36,22,13,2024-12-19 19:47:15
500103004,36,22,14,2024-12-19 19:49:15
500106052,36,22,14,2024-12-19 17:50:16
500106056,36,18,17,2024-12-19 18:26:16
500110011,36,18,17,2024-12-19 21:16:15
500101192,36,18,18,2024-12-19 18:08:16
500106056,36,17,18,2024-12-19 17:55:17
500110011,36,17,18,2024-12-19 20:36:15
500103040,36,15,21,2024-12-19 17:56:16
500105022,36,13,21,2024-12-19 20:29:15
500107010,36,14,22,2024-12-19 17:48:15
500104036,36,13,23,2024-12-19 18:26:16
500105033,36,13,23,2024-12-19 17:34:15
500106092,36,12,23,2024-12-19 18:38:16
500107144,36,13,23,2024-12-19 20:48:15
500109037,36,12,23,2024-12-19 19:05:16
500110091,36,13,23,2024-12-19 17:46:15
500101170,36,9,24,2024-12-19 21:16:15
500104036,36,12,24,2024-12-19 20:00:17
500107144,36,12,24,2024-12-19 17:38:16
500106056,36,8,27,2024-12-19 21:19:16
500111009,36,9,27,2024-12-19 17:48:15
500119093,36,9,27,2024-12-19 20:10:17
500101170,36,5,28,2024-12-19 20:49:15
500111009,36,8,28,2024-12-19 17:54:15
500101170,36,7,29,2024-12-19 19:37:16
500106022,36,6,30,2024-12-19 19:27:15
500101168,36,5,31,2024-12-19 18:08:16
500107144,36,4,32,2024-12-19 20:09:15
500113065,36,4,32,2024-12-19 20:30:17
500101192,36,3,33,2024-12-19 21:07:16
500105033,36,3,33,2024-12-19 20:43:15
500111097,36,2,34,2024-12-19 20:21:15
500113065,36,1,35,2024-12-19 18:07:16
500113065,36,1,35,2024-12-19 19:33:15
500113065,36,0,36,2024-12-19 18:59:16
500101192,36,34,2,2024-12-19 16:46:15
500101192,36,33,3,2024-12-19 16:38:15
500104036,36,33,3,2024-12-19 13:46:16
500106022,36,24,12,2024-12-19 13:35:15
500106022,36,24,12,2024-12-19 14:52:16
500109037,36,17,16,2024-12-19 16:22:16
500110011,36,19,16,2024-12-19 16:33:15
500101168,36,19,17,2024-12-19 14:58:15
500104036,36,19,17,2024-12-19 17:02:15
500106092,36,18,17,2024-12-19 13:38:15
500110011,36,18,17,2024-12-19 16:22:16
500119093,36,19,17,2024-12-19 13:45:15
500109037,36,15,18,2024-12-19 16:49:15
500101170,36,17,19,2024-12-19 17:07:15
500111097,36,16,20,2024-12-19 14:10:17
500103040,36,14,22,2024-12-19 17:08:16
500101168,36,13,23,2024-12-19 16:27:16
500103040,36,13,23,2024-12-19 13:49:15
500103040,36,13,23,2024-12-19 16:45:17
500101170,36,11,25,2024-12-19 16:28:15
500101170,36,11,25,2024-12-19 14:27:14
500107144,36,11,25,2024-12-19 14:55:16
500113065,36,11,25,2024-12-19 14:07:15
500101170,36,10,26,2024-12-19 13:18:14
500103040,36,10,26,2024-12-19 15:00:17
500105022,36,9,26,2024-12-19 16:26:15
500107144,36,9,27,2024-12-19 16:58:15
500101168,36,8,28,2024-12-19 17:05:17
500107010,36,8,28,2024-12-19 16:46:15
500108007,36,6,30,2024-12-19 14:52:16
500103004,36,5,31,2024-12-19 15:43:15
500107010,36,1,35,2024-12-19 15:01:16
500107144,36,10,26,2024-12-19 21:49:14
500106022,36,14,22,2024-12-19 21:48:15
500101170,36,32,4,2024-12-19 05:57:14
500109037,36,28,7,2024-12-19 08:26:15
500101170,36,24,12,2024-12-19 07:27:15
500111009,36,24,12,2024-12-19 06:05:15
500101168,36,21,13,2024-12-19 08:15:16
500106056,36,21,15,2024-12-19 08:23:15
500110011,36,19,15,2024-12-19 05:45:15
500101170,36,20,16,2024-12-19 07:55:17
500111009,36,20,16,2024-12-19 06:41:15
500110091,36,16,20,2024-12-19 08:10:17
500101170,36,15,21,2024-12-19 08:57:15
500107144,36,15,21,2024-12-19 08:17:15
500103040,36,13,23,2024-12-19 07:56:15
500106022,36,13,23,2024-12-19 06:42:15
500110091,36,13,23,2024-12-19 08:48:15
500101192,36,12,24,2024-12-19 06:43:15
500106056,36,11,25,2024-12-19 08:57:15
500103004,36,5,27,2024-12-19 08:17:15
500106092,36,9,27,2024-12-19 06:56:15
500107010,36,9,27,2024-12-19 07:57:16
500109037,36,7,28,2024-12-19 07:37:15
500106022,36,7,29,2024-12-19 07:26:15
500106052,36,7,29,2024-12-19 07:37:15
500106056,36,5,31,2024-12-19 06:21:15
500103040,36,4,32,2024-12-19 08:55:16
500108007,36,3,33,2024-12-19 06:07:15
500108007,36,1,35,2024-12-19 07:25:17
500106092,36,0,36,2024-12-19 08:26:14
500101168,36,3,32,2024-12-19 00:06:15
500105033,36,7,29,2024-12-19 00:41:14
500106092,36,10,26,2024-12-19 00:37:15
500107144,36,10,26,2024-12-19 23:39:14
500101192,36,3,33,2024-12-19 00:31:14
500103040,36,31,5,2024-12-19 00:47:15
500111097,36,3,33,2024-12-19 23:32:15
500103004,36,12,16,2024-12-19 23:31:15
500106056,36,4,32,2024-12-19 01:17:14
500106052,36,8,28,2024-12-19 00:00:16
500104036,36,12,24,2024-12-19 21:59:15
500119093,36,25,11,2024-12-19 23:12:15
500111097,36,4,32,2024-12-19 21:51:15
500101192,36,5,31,2024-12-19 22:20:15
500119093,36,9,27,2024-12-19 21:56:15
500106022,36,16,20,2024-12-19 22:38:14
500108007,36,17,19,2024-12-19 22:38:15
500103004,36,19,10,2024-12-19 22:36:15
500110091,36,28,8,2024-12-19 22:24:15
500113065,36,1,35,2024-12-19 21:31:15
500109037,36,2,33,2024-12-19 21:37:15
500101168,36,3,33,2024-12-19 21:38:15
500106056,36,6,29,2024-12-19 21:33:16
500101192,36,6,30,2024-12-19 21:39:15
500107144,36,12,24,2024-12-19 21:36:15
500110011,36,20,15,2024-12-19 21:30:16
500106052,36,25,11,2024-12-19 21:26:16
500101168,36,2,33,2024-12-19 02:26:15
500106052,36,20,16,2024-12-19 03:06:14
500106092,36,13,23,2024-12-19 04:25:15
500110011,36,21,13,2024-12-19 03:46:15
500108007,36,20,16,2024-12-19 23:54:15
500108007,36,9,27,2024-12-19 01:07:15
500101170,36,33,3,2024-12-19 00:58:14
500111097,36,1,35,2024-12-19 01:44:14
500110011,36,21,14,2024-12-19 01:26:15
500101192,36,20,16,2024-12-19 22:48:15
500103004,36,16,13,2024-12-19 22:18:15
500108007,36,19,17,2024-12-19 23:27:14
500101170,36,27,6,2024-12-19 23:32:15
500101168,36,29,5,2024-12-19 09:07:15
500101168,36,25,9,2024-12-19 09:09:15
500101192,36,27,9,2024-12-19 09:06:15
500101192,36,26,10,2024-12-19 09:53:15
500101192,36,23,13,2024-12-19 09:33:15
500109037,36,19,14,2024-12-19 10:13:16
500108007,36,18,18,2024-12-19 10:18:15
500108007,36,17,19,2024-12-19 11:18:16
500113065,36,17,19,2024-12-19 12:07:16
500103040,36,16,20,2024-12-19 10:48:15
500106052,36,16,20,2024-12-19 12:58:15
500108007,36,16,20,2024-12-19 10:24:15
500107056,36,15,21,2024-12-19 11:05:17
500108007,36,15,21,2024-12-19 12:07:16
500107144,36,14,22,2024-12-19 11:37:15
500108007,36,14,22,2024-12-19 10:57:15
500101168,36,13,23,2024-12-19 12:28:15
500106022,36,13,23,2024-12-19 11:58:15
500113065,36,13,23,2024-12-19 12:26:15
500104036,36,12,24,2024-12-19 10:41:15
500107056,36,12,24,2024-12-19 12:37:15
500107144,36,12,24,2024-12-19 12:48:14
500104036,36,11,25,2024-12-19 10:17:15
500106092,36,10,25,2024-12-19 12:05:16
500110091,36,10,26,2024-12-19 09:54:15
500101170,36,9,27,2024-12-19 09:37:15
500113065,36,8,28,2024-12-19 10:38:15
500107056,36,6,30,2024-12-19 12:04:15
500119093,36,6,30,2024-12-19 09:33:15
500119093,36,6,30,2024-12-19 10:27:16
500103004,36,2,31,2024-12-19 12:18:15
500103004,36,1,32,2024-12-19 10:37:15
500103004,36,1,32,2024-12-19 11:27:15
500106022,36,4,32,2024-12-19 09:26:15
500107144,36,3,33,2024-12-19 10:37:15
500103004,36,1,35,2024-12-19 12:26:15
500106092,36,1,35,2024-12-19 09:08:16
500106092,36,1,35,2024-12-19 09:47:15
500107010,36,1,35,2024-12-19 09:35:16
500107010,36,1,35,2024-12-19 11:18:16
500111009,36,0,36,2024-12-19 12:38:14
500101170,36,31,5,2024-12-19 18:28:16
500110091,36,30,6,2024-12-19 20:32:15
500106056,36,21,14,2024-12-19 18:07:16
500110091,36,22,14,2024-12-19 20:49:15
500106092,36,20,15,2024-12-19 20:06:15
500106092,36,20,15,2024-12-19 20:29:15
500106022,36,19,17,2024-12-19 17:24:15
500109020,36,19,17,2024-12-19 20:35:16
500110011,36,17,18,2024-12-19 17:00:17
500101170,36,17,19,2024-12-19 20:09:15
500106092,36,16,19,2024-12-19 20:49:15
500119093,36,16,20,2024-12-19 18:27:15
500110011,36,14,21,2024-12-19 18:38:16
500111009,36,15,21,2024-12-19 18:57:15
500119093,36,15,21,2024-12-19 18:04:16
500103004,36,14,22,2024-12-19 18:18:16
500107144,36,14,22,2024-12-19 20:27:15
500103004,36,13,23,2024-12-19 18:07:16
500107144,36,13,23,2024-12-19 21:17:14
500103040,36,12,24,2024-12-19 18:48:15
500106092,36,11,24,2024-12-19 19:06:16
500109037,36,11,24,2024-12-19 18:05:16
500119093,36,11,25,2024-12-19 19:47:15
500109037,36,9,26,2024-12-19 20:06:15
500101170,36,9,27,2024-12-19 19:49:15
500106022,36,7,29,2024-12-19 19:53:14
500109037,36,4,29,2024-12-19 17:27:16
500108007,36,6,30,2024-12-19 19:07:15
500103004,36,5,31,2024-12-19 19:58:15
500107144,36,5,31,2024-12-19 20:13:15
500113065,36,5,31,2024-12-19 20:05:16
500107144,36,4,32,2024-12-19 19:28:14
500101168,36,3,33,2024-12-19 20:37:15
500107010,36,3,33,2024-12-19 19:56:16
500107144,36,3,33,2024-12-19 19:57:15
500109020,36,3,33,2024-12-19 18:27:15
500101192,36,32,4,2024-12-19 16:28:15
500101192,36,31,5,2024-12-19 14:51:15
500101192,36,29,7,2024-12-19 13:16:15
500105033,36,21,15,2024-12-19 16:18:15
500110011,36,19,15,2024-12-19 14:40:15
500110011,36,19,15,2024-12-19 14:23:15
500106092,36,19,16,2024-12-19 17:06:15
500119093,36,20,16,2024-12-19 16:50:17
500101168,36,19,17,2024-12-19 14:13:15
500101168,36,19,17,2024-12-19 14:37:14
500106022,36,19,17,2024-12-19 17:08:16
500106092,36,18,17,2024-12-19 16:39:15
500106092,36,18,17,2024-12-19 16:57:16
500119093,36,19,17,2024-12-19 15:43:15
500101168,36,18,18,2024-12-19 14:48:15
500106052,36,18,18,2024-12-19 17:06:16
500111097,36,18,18,2024-12-19 13:09:15
500101168,36,17,19,2024-12-19 16:02:15
500111097,36,17,19,2024-12-19 16:28:15
500111097,36,16,20,2024-12-19 17:08:16
500105022,36,13,22,2024-12-19 16:02:15
500101170,36,13,23,2024-12-19 14:52:16
500101170,36,11,25,2024-12-19 13:45:16
500107144,36,11,25,2024-12-19 14:04:15
500113065,36,11,25,2024-12-19 14:56:15
500101168,36,10,26,2024-12-19 16:38:15
500101170,36,10,26,2024-12-19 13:34:16
500107010,36,9,27,2024-12-19 16:35:15
500103004,36,8,28,2024-12-19 16:07:15
500109037,36,5,28,2024-12-19 17:16:16
500103004,36,6,30,2024-12-19 15:20:16
500101168,36,4,32,2024-12-19 17:15:17
500108007,36,3,33,2024-12-19 15:38:15
500111009,36,2,34,2024-12-19 15:18:15
500107010,36,1,35,2024-12-19 15:18:15
500106092,36,12,23,2024-12-19 21:40:16
500103004,36,30,3,2024-12-19 04:52:15
500103004,36,30,3,2024-12-19 06:26:15
500110091,36,23,9,2024-12-19 06:55:15
500110011,36,21,13,2024-12-19 06:12:14
500101170,36,22,14,2024-12-19 08:37:15
500103004,36,19,14,2024-12-19 07:17:14
500105033,36,22,14,2024-12-19 08:00:17
500105033,36,21,15,2024-12-19 07:44:15
500110011,36,19,15,2024-12-19 05:33:15
500103004,36,17,16,2024-12-19 07:27:15
500110011,36,18,16,2024-12-19 07:32:15
500107010,36,18,18,2024-12-19 06:43:15
500111009,36,16,20,2024-12-19 07:44:15
500103004,36,10,22,2024-12-19 08:03:15
500105022,36,14,22,2024-12-19 05:52:14
500106052,36,14,22,2024-12-19 07:27:15
500101192,36,13,23,2024-12-19 06:24:15
500106022,36,12,24,2024-12-19 07:17:14
500106092,36,12,24,2024-12-19 06:05:16
500113065,36,12,24,2024-12-19 07:35:16
500101192,36,11,25,2024-12-19 08:36:14
500107010,36,11,25,2024-12-19 06:56:14
500110091,36,7,25,2024-12-19 07:24:15
500105022,36,10,26,2024-12-19 07:17:14
500101168,36,7,27,2024-12-19 06:37:14
500101192,36,9,27,2024-12-19 07:10:16
500104036,36,9,27,2024-12-19 07:27:15
500107056,36,7,29,2024-12-19 07:35:16
500107144,36,6,30,2024-12-19 08:27:16
500108007,36,3,33,2024-12-19 08:01:15
500107010,36,2,34,2024-12-19 08:57:15
500106052,36,1,35,2024-12-19 08:36:15
500106092,36,1,35,2024-12-19 08:37:16
500106092,36,1,35,2024-12-19 07:37:15
500106092,36,1,35,2024-12-19 07:57:16
500113065,36,1,35,2024-12-19 06:16:15
500107010,36,0,36,2024-12-19 08:27:16
500111097,36,0,36,2024-12-19 07:33:15
500106092,36,14,22,2024-12-19 00:12:15
500101192,36,9,27,2024-12-19 03:17:15
500107144,36,14,22,2024-12-19 00:15:15
500106056,36,1,34,2024-12-19 22:29:14
500103004,36,15,11,2024-12-19 00:52:15
500106092,36,7,27,2024-12-19 23:09:15
500111009,36,19,17,2024-12-19 23:11:14
500103040,36,21,15,2024-12-19 23:06:15
500111009,36,18,18,2024-12-19 22:04:15
500119093,36,8,28,2024-12-19 21:22:15
500101170,36,9,24,2024-12-19 21:30:16
500108007,36,9,27,2024-12-19 21:35:16
500105022,36,13,23,2024-12-19 01:43:15
500105022,36,9,25,2024-12-19 22:05:15
500106092,36,9,25,2024-12-19 22:02:16
500107144,36,11,25,2024-12-19 21:59:15
500101170,36,17,16,2024-12-19 21:59:15
500101168,36,0,35,2024-12-19 00:42:15
500105022,36,13,23,2024-12-19 00:34:14
500108007,36,7,29,2024-12-19 02:37:15
500106052,36,6,30,2024-12-19 02:23:15
500101170,36,21,12,2024-12-19 22:48:15
500104036,36,7,29,2024-12-19 04:36:15
500101170,36,25,8,2024-12-19 23:04:15
500106022,36,15,21,2024-12-19 22:13:15
500103040,36,17,19,2024-12-19 22:18:15
500107144,36,21,15,2024-12-19 04:43:15
500101170,36,18,15,2024-12-19 22:26:15
500105022,36,7,27,2024-12-19 22:50:16
500103004,36,21,8,2024-12-19 22:58:15
500104036,36,32,4,2024-12-19 12:04:16
500106056,36,29,7,2024-12-19 11:05:17
500101168,36,28,8,2024-12-19 11:18:16
500101192,36,28,8,2024-12-19 11:37:15
500106056,36,28,8,2024-12-19 10:43:16
500109037,36,24,9,2024-12-19 09:45:15
500105033,36,26,10,2024-12-19 08:49:15
500101192,36,25,11,2024-12-19 10:05:16
500110011,36,23,11,2024-12-19 09:40:16
500101168,36,24,12,2024-12-19 10:46:14
500101192,36,23,13,2024-12-19 10:47:16
500110011,36,21,13,2024-12-19 09:34:15
500109037,36,18,15,2024-12-19 11:57:16
500101168,36,18,16,2024-12-19 10:07:16
500109037,36,16,17,2024-12-19 12:27:14
500106092,36,17,18,2024-12-19 12:48:15
500108007,36,15,21,2024-12-19 09:44:15
500105022,36,14,22,2024-12-19 10:30:16
500101170,36,13,23,2024-12-19 09:09:15
500103040,36,13,23,2024-12-19 12:17:16
500109020,36,13,23,2024-12-19 08:35:16
500101170,36,12,24,2024-12-19 09:56:16
500103040,36,12,24,2024-12-19 12:48:15
500105022,36,12,24,2024-12-19 10:58:16
500106056,36,12,24,2024-12-19 09:01:14
500108007,36,12,24,2024-12-19 12:36:15
500107144,36,11,25,2024-12-19 11:58:16
500104036,36,10,26,2024-12-19 09:31:15
500101170,36,9,27,2024-12-19 10:53:16
500101170,36,7,29,2024-12-19 11:56:16
500101170,36,7,29,2024-12-19 10:34:14
500101170,36,7,29,2024-12-19 11:08:15
500111009,36,7,29,2024-12-19 08:55:16
500103004,36,3,30,2024-12-19 09:09:15
500107144,36,6,30,2024-12-19 11:04:15
500110091,36,6,30,2024-12-19 13:02:15
500119093,36,5,31,2024-12-19 11:11:15
500107144,36,4,32,2024-12-19 10:57:15
500103004,36,0,33,2024-12-19 10:17:15
500106052,36,2,34,2024-12-19 10:36:14
500106092,36,2,34,2024-12-19 10:07:16
500107010,36,2,34,2024-12-19 11:27:15
500119093,36,1,35,2024-12-19 12:06:16
500107010,36,0,36,2024-12-19 09:05:16
500107010,36,0,36,2024-12-19 10:06:15
500107010,36,0,36,2024-12-19 10:33:15
500101192,36,32,4,2024-12-19 17:38:16
500107010,36,32,4,2024-12-19 19:21:15
500101192,36,29,7,2024-12-19 17:46:15
500101170,36,27,9,2024-12-19 18:07:16
500103004,36,27,9,2024-12-19 19:30:16
500106052,36,24,12,2024-12-19 20:24:15
500110091,36,24,12,2024-12-19 21:05:16
500110091,36,23,13,2024-12-19 20:58:15
500106092,36,21,14,2024-12-19 17:33:16
500106052,36,21,15,2024-12-19 17:41:15
500106052,36,21,15,2024-12-19 18:03:14
500101170,36,20,16,2024-12-19 17:28:15
500105022,36,19,16,2024-12-19 19:19:15
500111009,36,20,16,2024-12-19 21:19:16
500101170,36,18,18,2024-12-19 20:29:15
500105022,36,17,18,2024-12-19 20:08:15
500111009,36,18,18,2024-12-19 19:44:14
500109020,36,17,19,2024-12-19 20:45:16
500109037,36,16,19,2024-12-19 17:35:16
500110011,36,16,19,2024-12-19 20:29:15
500103004,36,16,20,2024-12-19 17:23:15
500105022,36,14,20,2024-12-19 21:14:15
500110011,36,15,20,2024-12-19 18:17:15
500103040,36,15,21,2024-12-19 19:47:15
500103040,36,14,22,2024-12-19 17:43:16
500103040,36,14,22,2024-12-19 19:28:15
500106092,36,13,22,2024-12-19 20:59:15
500119093,36,14,22,2024-12-19 18:37:15
500103040,36,13,23,2024-12-19 21:15:16
500103040,36,13,23,2024-12-19 18:35:16
500106092,36,12,23,2024-12-19 21:20:16
500119093,36,13,23,2024-12-19 18:43:15
500107010,36,12,24,2024-12-19 20:58:15
500109037,36,11,24,2024-12-19 18:57:15
500111097,36,12,24,2024-12-19 17:48:15
500106022,36,11,25,2024-12-19 18:45:16
500109037,36,10,25,2024-12-19 19:42:15
500105033,36,10,26,2024-12-19 18:12:16
500106092,36,9,26,2024-12-19 19:29:15
500108007,36,10,26,2024-12-19 20:56:15
500101170,36,9,27,2024-12-19 19:29:15
500105022,36,8,27,2024-12-19 18:37:15
500107056,36,9,27,2024-12-19 17:11:16
500107056,36,9,27,2024-12-19 18:00:17
500106022,36,8,28,2024-12-19 18:55:17
500106092,36,7,28,2024-12-19 18:18:16
500111009,36,8,28,2024-12-19 17:38:16
500101192,36,7,29,2024-12-19 19:38:15
500108007,36,7,29,2024-12-19 20:45:16
500101192,36,4,32,2024-12-19 19:58:15
500109020,36,4,32,2024-12-19 18:03:15
500111097,36,4,32,2024-12-19 18:01:16
500111097,36,4,32,2024-12-19 18:18:16
500109020,36,3,33,2024-12-19 17:44:15
500113065,36,1,35,2024-12-19 19:14:16
500108007,36,0,36,2024-12-19 18:11:15
500101192,36,33,3,2024-12-19 14:12:14
500104036,36,33,3,2024-12-19 15:06:15
500106022,36,22,14,2024-12-19 15:40:16
500106056,36,21,14,2024-12-19 13:52:15
500119093,36,22,14,2024-12-19 14:24:15
500104036,36,21,15,2024-12-19 17:17:16
500119093,36,21,15,2024-12-19 15:07:15
500119093,36,20,16,2024-12-19 13:34:15
500106092,36,18,17,2024-12-19 15:17:15
500101168,36,18,18,2024-12-19 15:24:15
500106052,36,18,18,2024-12-19 13:31:15
500106056,36,16,19,2024-12-19 13:23:15
500119093,36,17,19,2024-12-19 13:17:15
500105022,36,15,20,2024-12-19 17:15:17
500104036,36,15,21,2024-12-19 16:35:15
500101170,36,13,23,2024-12-19 16:38:15
500103004,36,13,23,2024-12-19 17:17:15
500105022,36,12,23,2024-12-19 16:14:15
500105022,36,12,23,2024-12-19 14:16:16
500107010,36,11,25,2024-12-19 16:57:16
500101170,36,10,26,2024-12-19 14:05:16
500110091,36,9,27,2024-12-19 16:37:15
500110091,36,8,28,2024-12-19 14:11:16
500110091,36,7,29,2024-12-19 14:41:15
500103004,36,3,33,2024-12-19 13:42:15
500101168,36,2,34,2024-12-19 21:48:15
500110091,36,27,9,2024-12-19 21:47:15
500111097,36,34,2,2024-12-19 08:57:14
500109037,36,30,5,2024-12-19 08:47:15
500110091,36,26,6,2024-12-19 06:25:15
500103004,36,26,7,2024-12-19 06:51:15
500110091,36,25,7,2024-12-19 05:23:15
500107144,36,27,9,2024-12-19 08:03:15
500101168,36,24,10,2024-12-19 07:57:16
500105033,36,25,11,2024-12-19 08:42:15
500103004,36,21,12,2024-12-19 07:37:15
500107010,36,24,12,2024-12-19 06:27:15
500110011,36,21,13,2024-12-19 08:47:15
500110011,36,20,14,2024-12-19 05:08:14
500110011,36,20,14,2024-12-19 07:18:15
500111097,36,22,14,2024-12-19 08:17:15
500110091,36,21,15,2024-12-19 08:02:15
500104036,36,19,17,2024-12-19 08:03:15
500109020,36,19,17,2024-12-19 06:43:15
500101192,36,17,19,2024-12-19 08:47:15
500105022,36,16,20,2024-12-19 08:17:15
500105022,36,16,20,2024-12-19 08:25:16
500106022,36,15,21,2024-12-19 05:59:14
500109020,36,15,21,2024-12-19 07:18:15
500101170,36,14,22,2024-12-19 08:17:15
500109020,36,14,22,2024-12-19 07:09:15
500110091,36,14,22,2024-12-19 08:34:14
500119093,36,14,22,2024-12-19 07:37:15
500106056,36,10,26,2024-12-19 07:37:15
500106092,36,10,26,2024-12-19 05:10:15
500108007,36,10,26,2024-12-19 08:46:15
500111009,36,10,26,2024-12-19 07:24:15
500107056,36,9,27,2024-12-19 08:17:15
500113065,36,9,27,2024-12-19 07:25:15
500106092,36,8,28,2024-12-19 06:41:14
500107056,36,7,29,2024-12-19 06:28:15
500107056,36,6,30,2024-12-19 07:27:15
500103004,36,1,31,2024-12-19 08:26:15
500107010,36,5,31,2024-12-19 08:17:15
500101168,36,2,32,2024-12-19 06:26:15
500106052,36,4,32,2024-12-19 07:46:15
500107056,36,4,32,2024-12-19 05:24:14
500113065,36,4,32,2024-12-19 08:36:15
500106092,36,3,33,2024-12-19 08:03:15
500109037,36,2,33,2024-12-19 06:56:15
500101168,36,0,34,2024-12-19 06:05:17
500107010,36,2,34,2024-12-19 07:17:14
500108007,36,1,35,2024-12-19 07:46:15
500109037,36,0,35,2024-12-19 06:46:15
500106092,36,0,36,2024-12-19 08:57:16
500111097,36,0,36,2024-12-19 06:20:17
500110091,36,25,7,2024-12-19 00:19:15
500101168,36,0,35,2024-12-19 23:38:16
500106092,36,13,23,2024-12-19 00:00:16
500107010,36,27,9,2024-12-19 00:13:15
500101168,36,1,34,2024-12-19 01:17:14
500111097,36,2,34,2024-12-19 00:01:14
500105022,36,14,22,2024-12-19 01:13:15
500106022,36,15,21,2024-12-19 00:30:16
500105022,36,7,27,2024-12-19 23:08:15
500106052,36,24,12,2024-12-19 23:01:15
500107010,36,15,21,2024-12-19 21:31:15
500106092,36,0,36,2024-12-19 01:20:16
500106022,36,14,22,2024-12-19 01:24:14
500110011,36,22,13,2024-12-19 02:31:14
500103040,36,15,21,2024-12-19 21:53:15
500109020,36,27,9,2024-12-19 21:40:16
500101168,36,2,34,2024-12-19 21:54:14
500113065,36,2,34,2024-12-19 21:59:15
500107144,36,9,27,2024-12-19 23:56:14
500106092,36,8,28,2024-12-19 00:42:15
500106052,36,4,32,2024-12-19 02:47:15
500106092,36,8,26,2024-12-19 22:47:15
500109020,36,27,9,2024-12-19 22:41:15
500103004,36,20,8,2024-12-19 23:03:14
500101192,36,4,32,2024-12-19 22:11:15
500106052,36,24,12,2024-12-19 22:10:17
500101192,36,16,20,2024-12-19 04:38:14
500106056,36,30,5,2024-12-19 11:48:15
500101192,36,28,8,2024-12-19 11:48:15
500101192,36,26,10,2024-12-19 10:22:16
500109037,36,23,10,2024-12-19 09:27:15
500101168,36,20,14,2024-12-19 10:16:15
500101168,36,20,16,2024-12-19 11:58:15
500101192,36,20,16,2024-12-19 12:24:16
500109037,36,17,16,2024-12-19 12:15:16
500110011,36,18,16,2024-12-19 12:07:16
500106056,36,18,17,2024-12-19 12:48:14
500106056,36,17,18,2024-12-19 12:33:15
500106092,36,17,18,2024-12-19 12:58:15
500113065,36,18,18,2024-12-19 11:57:16
500108007,36,17,19,2024-12-19 11:42:15
500113065,36,17,19,2024-12-19 11:05:17
500108007,36,16,20,2024-12-19 10:38:15
500113065,36,16,20,2024-12-19 11:38:15
500103040,36,14,22,2024-12-19 11:26:15
500108007,36,14,22,2024-12-19 09:26:15
500113065,36,13,23,2024-12-19 13:07:15
500107056,36,12,24,2024-12-19 11:14:15
500110091,36,10,26,2024-12-19 11:36:15
500110091,36,9,27,2024-12-19 10:06:15
500109020,36,8,28,2024-12-19 11:13:15
500109020,36,7,29,2024-12-19 12:51:15
500103004,36,2,31,2024-12-19 10:07:16
500111009,36,5,31,2024-12-19 10:03:15
500119093,36,5,31,2024-12-19 11:02:15
500103004,36,1,32,2024-12-19 11:45:16
500107144,36,4,32,2024-12-19 10:16:15
500113065,36,4,32,2024-12-19 09:54:15
500103004,36,0,33,2024-12-19 12:03:15
500103004,36,0,33,2024-12-19 11:08:15
500106022,36,3,33,2024-12-19 10:01:16
500107144,36,3,33,2024-12-19 10:48:15
500111009,36,3,33,2024-12-19 10:22:16
500106092,36,2,34,2024-12-19 10:16:15
500107010,36,2,34,2024-12-19 09:55:17
500107144,36,2,34,2024-12-19 09:08:14
500107010,36,1,35,2024-12-19 13:06:15
500103004,36,0,36,2024-12-19 12:37:15
500103040,36,0,36,2024-12-19 10:15:16
500106092,36,0,36,2024-12-19 09:06:15
500119093,36,0,36,2024-12-19 12:11:16
500107010,36,32,4,2024-12-19 19:37:16
500106052,36,26,10,2024-12-19 19:08:15
500107010,36,25,11,2024-12-19 18:58:16
500104036,36,23,13,2024-12-19 17:20:17
500110091,36,23,13,2024-12-19 18:57:15
500106052,36,22,14,2024-12-19 17:30:16
500106022,36,21,15,2024-12-19 20:39:16
500106022,36,20,16,2024-12-19 20:48:15
500106052,36,20,16,2024-12-19 17:23:15
500110011,36,19,16,2024-12-19 21:06:15
500110011,36,18,17,2024-12-19 20:46:16
500101170,36,18,18,2024-12-19 20:12:15
500106022,36,18,18,2024-12-19 20:59:15
500107010,36,18,18,2024-12-19 18:15:17
500106022,36,17,19,2024-12-19 17:58:16
500106056,36,16,19,2024-12-19 19:16:15
500107144,36,17,19,2024-12-19 18:08:16
500105022,36,15,20,2024-12-19 17:47:16
500106022,36,16,20,2024-12-19 18:04:16
500106056,36,15,20,2024-12-19 19:46:15
500110011,36,15,20,2024-12-19 18:08:15
500110011,36,14,21,2024-12-19 20:08:15
500103040,36,14,22,2024-12-19 19:19:15
500106022,36,14,22,2024-12-19 18:18:16
500109037,36,11,24,2024-12-19 19:33:14
500107010,36,10,26,2024-12-19 20:29:15
500103040,36,9,27,2024-12-19 17:28:15
500108007,36,9,27,2024-12-19 19:43:15
500101192,36,8,28,2024-12-19 19:12:15
500101192,36,8,28,2024-12-19 18:48:15
500105033,36,8,28,2024-12-19 18:59:15
500107056,36,8,28,2024-12-19 18:22:15
500108007,36,8,28,2024-12-19 19:35:16
500109037,36,7,28,2024-12-19 20:24:15
500109037,36,6,29,2024-12-19 21:20:16
500107056,36,6,30,2024-12-19 19:14:16
500105033,36,5,31,2024-12-19 20:02:14
500101168,36,4,32,2024-12-19 20:08:15
500111009,36,4,32,2024-12-19 17:24:16
500101192,36,2,34,2024-12-19 20:38:15
500105033,36,2,34,2024-12-19 20:38:15
500105033,36,2,34,2024-12-19 21:04:15
500113065,36,2,34,2024-12-19 17:48:14
500111097,36,1,35,2024-12-19 18:29:15
500113065,36,0,36,2024-12-19 17:27:16
500113065,36,0,36,2024-12-19 17:59:15
500113065,36,0,36,2024-12-19 18:18:15
500104036,36,34,2,2024-12-19 15:17:16
500101192,36,31,5,2024-12-19 15:03:15
500101192,36,29,7,2024-12-19 17:17:16
500106056,36,25,10,2024-12-19 16:28:15
500106022,36,24,12,2024-12-19 15:33:15
500106022,36,24,12,2024-12-19 14:26:15
500106022,36,23,13,2024-12-19 14:02:15
500119093,36,22,14,2024-12-19 14:54:15
500106052,36,21,15,2024-12-19 17:18:16
500119093,36,21,15,2024-12-19 15:18:15
500119093,36,20,16,2024-12-19 15:20:16
500110011,36,18,17,2024-12-19 16:54:16
500119093,36,19,17,2024-12-19 16:17:15
500101168,36,18,18,2024-12-19 13:16:15
500106052,36,18,18,2024-12-19 15:57:15
500106052,36,18,18,2024-12-19 16:38:15
500106092,36,17,18,2024-12-19 14:57:15
500106092,36,17,18,2024-12-19 15:28:14
500119093,36,18,18,2024-12-19 13:27:15
500106092,36,16,19,2024-12-19 15:07:15
500103040,36,16,20,2024-12-19 15:59:15
500103040,36,16,20,2024-12-19 16:56:15
500111097,36,16,20,2024-12-19 16:38:15
500103040,36,13,23,2024-12-19 15:26:15
500113065,36,12,24,2024-12-19 13:58:15
500113065,36,12,24,2024-12-19 15:00:17
500107056,36,10,26,2024-12-19 16:11:15
500110091,36,8,28,2024-12-19 15:47:14
500113065,36,5,31,2024-12-19 16:24:15
500107010,36,3,33,2024-12-19 15:45:16
500107010,36,0,36,2024-12-19 13:12:15
500101170,36,35,1,2024-12-19 05:41:15
500109037,36,33,2,2024-12-19 08:57:15
500103004,36,29,4,2024-12-19 05:25:15
500103040,36,31,5,2024-12-19 05:56:14
500107144,36,28,8,2024-12-19 05:33:15
500105033,36,25,11,2024-12-19 08:33:16
500106056,36,25,11,2024-12-19 08:36:15
500111009,36,25,11,2024-12-19 05:24:14
500103040,36,22,14,2024-12-19 06:32:15
500107010,36,21,15,2024-12-19 07:27:15
500110091,36,15,17,2024-12-19 07:14:15
500101170,36,18,18,2024-12-19 08:46:15
500101192,36,18,18,2024-12-19 08:16:15
500103040,36,18,18,2024-12-19 07:36:15
500109020,36,17,19,2024-12-19 06:54:16
500111009,36,17,19,2024-12-19 07:50:16
500103040,36,16,20,2024-12-19 07:44:15
500119093,36,15,21,2024-12-19 07:54:15
500105022,36,14,22,2024-12-19 08:55:16
500111009,36,14,22,2024-12-19 08:47:15
500119093,36,14,22,2024-12-19 07:59:15
500105022,36,12,24,2024-12-19 05:12:14
500119093,36,12,24,2024-12-19 08:45:16
500101192,36,10,26,2024-12-19 08:03:15
500105033,36,9,27,2024-12-19 06:56:15
500106092,36,4,32,2024-12-19 07:16:15
500106022,36,3,33,2024-12-19 07:33:15
500106092,36,2,34,2024-12-19 07:47:15
500107144,36,2,34,2024-12-19 08:47:15
500106022,36,0,36,2024-12-19 07:47:15
500103004,36,13,15,2024-12-19 23:27:15
500101170,36,33,3,2024-12-19 00:10:15
500107010,36,28,8,2024-12-19 00:41:14
500110011,36,20,15,2024-12-19 00:02:15
500113065,36,4,32,2024-12-19 00:31:14
500110011,36,20,15,2024-12-19 00:30:16
500103040,36,20,16,2024-12-19 22:30:15
500106052,36,23,13,2024-12-19 22:39:15
500106092,36,11,24,2024-12-19 21:36:15
500109037,36,1,34,2024-12-19 21:55:17
500105022,36,10,24,2024-12-19 21:58:15
500106092,36,15,21,2024-12-19 03:34:15
500113065,36,2,34,2024-12-19 02:39:15
500103004,36,20,9,2024-12-19 22:45:15
500119093,36,13,23,2024-12-19 23:09:15
500107144,36,11,25,2024-12-19 22:19:15
500108007,36,13,23,2024-12-19 22:18:15
500107144,36,9,27,2024-12-19 22:24:14
500113065,36,1,35,2024-12-19 22:57:15
500101192,36,19,17,2024-12-19 22:55:16
500106056,36,31,5,2024-12-19 11:34:15
500106056,36,29,7,2024-12-19 11:27:15
500109037,36,24,9,2024-12-19 09:07:15
500101192,36,26,10,2024-12-19 11:00:18
500109037,36,22,11,2024-12-19 09:57:15
500101192,36,23,13,2024-12-19 12:42:15
500109037,36,20,13,2024-12-19 10:24:15
500110011,36,21,13,2024-12-19 09:05:16
500106092,36,18,17,2024-12-19 13:08:15
500106056,36,16,19,2024-12-19 13:05:16
500111097,36,17,19,2024-12-19 12:39:15
500113065,36,17,19,2024-12-19 10:53:16
500106022,36,16,20,2024-12-19 12:38:15
500106092,36,15,20,2024-12-19 12:28:15
500103040,36,15,21,2024-12-19 11:13:15
500106022,36,15,21,2024-12-19 11:12:16
500105022,36,13,22,2024-12-19 12:25:16
500105022,36,14,22,2024-12-19 09:06:15
500105022,36,13,23,2024-12-19 09:45:15
500106022,36,13,23,2024-12-19 12:15:16
500110091,36,13,23,2024-12-19 09:05:16
500101170,36,11,25,2024-12-19 13:00:17
500107144,36,11,25,2024-12-19 09:57:15
500101170,36,8,28,2024-12-19 11:28:16
500101170,36,7,29,2024-12-19 12:37:15
500105107,36,6,30,2024-12-19 08:26:15
500109020,36,6,30,2024-12-19 13:02:14
500111009,36,5,31,2024-12-19 10:16:15
500101170,36,4,32,2024-12-19 12:18:15
500110091,36,4,32,2024-12-19 12:35:16
500113065,36,4,32,2024-12-19 10:12:15
500107010,36,3,33,2024-12-19 10:58:16
500106052,36,2,34,2024-12-19 11:54:15
500106092,36,2,34,2024-12-19 10:52:15
500103004,36,1,35,2024-12-19 12:48:14
500106092,36,1,35,2024-12-19 11:05:17
500111009,36,1,35,2024-12-19 11:19:15
500103040,36,0,36,2024-12-19 09:55:16
500101170,36,31,5,2024-12-19 18:15:16
500101170,36,27,9,2024-12-19 17:47:16
500110091,36,26,10,2024-12-19 19:49:15
500106052,36,25,11,2024-12-19 19:06:16
500110091,36,25,11,2024-12-19 19:38:15
500106052,36,24,12,2024-12-19 19:51:15
500107010,36,24,12,2024-12-19 18:08:16
500106052,36,23,13,2024-12-19 20:38:15
500107010,36,22,14,2024-12-19 17:59:15
500103004,36,21,15,2024-12-19 17:48:15
500106022,36,18,18,2024-12-19 21:07:16
500105022,36,15,20,2024-12-19 19:56:15
500106056,36,15,20,2024-12-19 20:59:15
500101168,36,15,21,2024-12-19 19:19:15
500103040,36,14,22,2024-12-19 20:07:15
500104036,36,14,22,2024-12-19 19:16:15
500111009,36,14,22,2024-12-19 19:00:18
500107144,36,13,23,2024-12-19 18:48:15
500109037,36,12,23,2024-12-19 18:11:16
500119093,36,12,24,2024-12-19 19:33:14
500101192,36,11,25,2024-12-19 18:29:16
500104036,36,11,25,2024-12-19 20:23:15
500106022,36,11,25,2024-12-19 18:38:16
500107010,36,11,25,2024-12-19 20:39:16
500103004,36,3,26,2024-12-19 20:36:15
500101168,36,9,27,2024-12-19 19:49:15
500109037,36,8,27,2024-12-19 19:59:16
500106092,36,7,28,2024-12-19 19:18:15
500108007,36,8,28,2024-12-19 19:55:16
500101170,36,7,29,2024-12-19 18:57:19
500101192,36,7,29,2024-12-19 19:06:16
500107144,36,6,30,2024-12-19 19:38:15
500108007,36,6,30,2024-12-19 20:38:15
500101168,36,4,32,2024-12-19 17:47:16
500107056,36,4,32,2024-12-19 19:28:15
500108007,36,4,32,2024-12-19 18:34:15
500109020,36,4,32,2024-12-19 17:22:16
500109020,36,4,32,2024-12-19 18:52:15
500101168,36,3,33,2024-12-19 20:58:14
500106092,36,1,34,2024-12-19 18:28:15
500113065,36,1,35,2024-12-19 17:38:16
500113065,36,0,36,2024-12-19 18:38:16
500101192,36,32,4,2024-12-19 16:18:15
500106056,36,23,12,2024-12-19 17:08:16
500106022,36,23,13,2024-12-19 13:13:15
500106022,36,22,14,2024-12-19 15:53:14
500106092,36,19,16,2024-12-19 16:28:14
500109037,36,17,16,2024-12-19 13:33:15
500110011,36,19,16,2024-12-19 15:16:15
500101168,36,19,17,2024-12-19 15:36:15
500101168,36,19,17,2024-12-19 14:27:14
500105033,36,18,18,2024-12-19 17:08:16
500101168,36,17,19,2024-12-19 15:06:14
500111097,36,17,19,2024-12-19 13:59:14
500106092,36,15,20,2024-12-19 15:55:16
500104036,36,15,21,2024-12-19 16:57:16
500105022,36,12,23,2024-12-19 14:42:15
500101168,36,12,24,2024-12-19 16:17:15
500105022,36,11,24,2024-12-19 16:37:15
500110091,36,12,24,2024-12-19 17:17:16
500101170,36,11,25,2024-12-19 13:28:16
500101170,36,11,25,2024-12-19 14:36:15
500107144,36,11,25,2024-12-19 15:44:15
500107144,36,11,25,2024-12-19 17:15:17
500113065,36,11,25,2024-12-19 15:31:15
500107144,36,10,26,2024-12-19 13:56:14
500107144,36,10,26,2024-12-19 15:24:15
500103040,36,9,27,2024-12-19 17:17:16
500108007,36,9,27,2024-12-19 14:37:14
500101170,36,8,28,2024-12-19 15:56:15
500107144,36,6,30,2024-12-19 16:22:16
500103004,36,5,31,2024-12-19 15:06:15
500107010,36,3,33,2024-12-19 15:56:15
500111009,36,2,34,2024-12-19 16:53:15
500108007,36,0,36,2024-12-19 16:18:16
500106056,36,5,30,2024-12-19 21:40:16
500103004,36,30,3,2024-12-19 05:40:15
500103004,36,29,4,2024-12-19 06:07:15
500103040,36,32,4,2024-12-19 05:42:15
500103004,36,28,5,2024-12-19 06:35:14
500107144,36,29,7,2024-12-19 04:46:15
500111097,36,27,9,2024-12-19 08:36:14
500111009,36,23,13,2024-12-19 06:22:14
500110011,36,20,14,2024-12-19 06:43:15
500106056,36,21,15,2024-12-19 08:14:16
500109037,36,20,15,2024-12-19 07:56:15
500103040,36,20,16,2024-12-19 06:56:15
500107010,36,20,16,2024-12-19 06:36:14
500111097,36,20,16,2024-12-19 08:02:15
500101170,36,19,17,2024-12-19 08:03:15
500110011,36,16,18,2024-12-19 08:13:15
500111009,36,18,18,2024-12-19 08:02:15
500111009,36,17,19,2024-12-19 08:21:16
500111097,36,17,19,2024-12-19 07:56:15
500111009,36,15,21,2024-12-19 08:35:16
500110091,36,14,22,2024-12-19 08:27:16
500119093,36,14,22,2024-12-19 08:37:15
500104036,36,13,23,2024-12-19 07:38:15
500101192,36,12,24,2024-12-19 07:45:16
500106022,36,12,24,2024-12-19 06:34:15
500101192,36,11,25,2024-12-19 07:26:15
500103040,36,11,25,2024-12-19 08:17:15
500104036,36,9,27,2024-12-19 07:16:15
500107056,36,8,28,2024-12-19 08:20:16
500105107,36,7,29,2024-12-19 08:10:17
500107056,36,6,30,2024-12-19 06:00:16
500103040,36,5,31,2024-12-19 08:36:15
500107144,36,4,32,2024-12-19 08:37:15
500107010,36,3,33,2024-12-19 08:36:17
500113065,36,3,33,2024-12-19 06:25:15
500106022,36,2,34,2024-12-19 08:17:15
500106052,36,2,34,2024-12-19 07:55:17
500113065,36,2,34,2024-12-19 06:32:15
500107144,36,1,35,2024-12-19 08:56:15
500111097,36,1,35,2024-12-19 07:05:15
500103040,36,31,5,2024-12-19 00:11:14
500108007,36,21,15,2024-12-19 00:18:15
500101168,36,1,34,2024-12-19 23:59:15
500103040,36,22,14,2024-12-19 23:32:15
500113065,36,0,36,2024-12-19 23:08:14
500101168,36,3,33,2024-12-19 23:06:15
500106022,36,12,24,2024-12-19 22:45:16
500108007,36,18,18,2024-12-19 23:04:15
500101170,36,20,13,2024-12-19 22:37:15
500103004,36,6,20,2024-12-19 04:06:15
500101192,36,15,21,2024-12-19 03:19:15
500109037,36,2,33,2024-12-19 22:03:15
500107010,36,20,16,2024-12-19 22:09:15
500101170,36,26,7,2024-12-19 23:39:14
500107010,36,27,9,2024-12-19 23:57:15
500106052,36,6,30,2024-12-19 01:46:14
500101168,36,1,34,2024-12-19 02:15:17
500106052,36,5,31,2024-12-19 02:15:15
500113065,36,3,33,2024-12-19 22:47:15
500107144,36,10,26,2024-12-19 23:05:15
500108007,36,16,20,2024-12-19 22:25:16
500101170,36,23,10,2024-12-19 22:57:15
500106052,36,7,29,2024-12-19 01:26:15
500101168,36,26,10,2024-12-19 11:28:15
500101192,36,26,10,2024-12-19 11:18:16
500106056,36,24,11,2024-12-19 12:08:15
500109037,36,21,12,2024-12-19 10:36:14
500106056,36,20,15,2024-12-19 12:24:15
500106056,36,20,16,2024-12-19 09:35:17
500103040,36,18,18,2024-12-19 10:56:15
500111097,36,18,18,2024-12-19 12:03:14
500119093,36,18,18,2024-12-19 13:00:17
500107056,36,17,19,2024-12-19 10:40:16
500108007,36,17,19,2024-12-19 11:05:17
500107056,36,16,20,2024-12-19 10:24:15
500108007,36,16,20,2024-12-19 10:05:16
500103040,36,15,21,2024-12-19 11:08:15
500108007,36,15,21,2024-12-19 12:27:15
500113065,36,15,21,2024-12-19 12:14:16
500105022,36,14,22,2024-12-19 09:55:16
500103040,36,13,23,2024-12-19 12:27:15
500103040,36,13,23,2024-12-19 11:35:17
500104036,36,13,23,2024-12-19 10:50:16
500106056,36,13,23,2024-12-19 09:08:15
500107056,36,13,23,2024-12-19 12:47:15
500106092,36,11,24,2024-12-19 11:51:16
500107056,36,12,24,2024-12-19 10:58:16
500101170,36,11,25,2024-12-19 09:45:15
500119093,36,10,26,2024-12-19 09:04:14
500119093,36,8,28,2024-12-19 10:04:15
500119093,36,7,29,2024-12-19 09:47:15
500111009,36,6,30,2024-12-19 09:08:14
500103004,36,1,32,2024-12-19 11:55:17
500103004,36,0,33,2024-12-19 09:57:15
500107010,36,2,34,2024-12-19 12:20:18
500113065,36,1,35,2024-12-19 09:25:16
500107010,36,0,36,2024-12-19 12:46:15
500101170,36,32,4,2024-12-19 17:59:15
500107010,36,31,5,2024-12-19 19:49:15
500110091,36,29,7,2024-12-19 20:26:16
500110091,36,26,10,2024-12-19 19:14:16
500110091,36,26,10,2024-12-19 21:18:15
500106052,36,24,12,2024-12-19 21:17:15
500110091,36,24,12,2024-12-19 19:07:15
500104036,36,23,13,2024-12-19 17:34:15
500106052,36,23,13,2024-12-19 18:48:15
500101170,36,20,16,2024-12-19 18:48:15
500106052,36,18,18,2024-12-19 18:37:15
500107144,36,18,18,2024-12-19 20:39:16
500110011,36,17,18,2024-12-19 20:12:14
500105022,36,16,19,2024-12-19 19:46:15
500105022,36,16,19,2024-12-19 18:45:15
500106092,36,16,19,2024-12-19 18:47:16
500106056,36,15,20,2024-12-19 18:53:15
500110011,36,15,20,2024-12-19 18:24:16
500105022,36,14,21,2024-12-19 17:56:16
500107010,36,15,21,2024-12-19 17:26:14
500110011,36,14,21,2024-12-19 19:06:16
500103004,36,14,22,2024-12-19 18:34:15
500107144,36,14,22,2024-12-19 17:58:16
500104036,36,13,23,2024-12-19 20:12:15
500107144,36,13,23,2024-12-19 18:58:16
500109037,36,12,23,2024-12-19 19:23:15
500105033,36,12,24,2024-12-19 17:48:15
500107144,36,12,24,2024-12-19 19:01:15
500101168,36,11,25,2024-12-19 18:38:16
500103040,36,11,25,2024-12-19 20:22:15
500107010,36,11,25,2024-12-19 20:49:14
500103004,36,3,26,2024-12-19 21:20:16
500107144,36,9,27,2024-12-19 19:15:16
500108007,36,8,28,2024-12-19 20:04:16
500108007,36,8,28,2024-12-19 21:08:15
500101168,36,7,29,2024-12-19 21:09:16
500105033,36,7,29,2024-12-19 19:54:15
500109037,36,6,29,2024-12-19 20:52:15
500101168,36,6,30,2024-12-19 18:29:16
500113065,36,6,30,2024-12-19 20:54:15
500106022,36,5,31,2024-12-19 19:04:15
500113065,36,5,31,2024-12-19 20:27:15
500109020,36,4,32,2024-12-19 20:05:16
500101192,36,3,33,2024-12-19 20:49:15
500101168,36,2,34,2024-12-19 17:36:15
500113065,36,0,36,2024-12-19 19:29:16
500101192,36,33,3,2024-12-19 16:55:17
500106022,36,22,14,2024-12-19 14:40:15
500109037,36,19,14,2024-12-19 14:28:15
500106056,36,19,16,2024-12-19 15:53:14
500119093,36,20,16,2024-12-19 13:57:15
500101168,36,18,18,2024-12-19 13:44:15
500109037,36,14,19,2024-12-19 16:48:15
500103040,36,14,22,2024-12-19 16:18:16
500105022,36,13,22,2024-12-19 15:35:16
500105022,36,13,22,2024-12-19 14:31:15
500107056,36,14,22,2024-12-19 13:31:15
500103040,36,13,23,2024-12-19 14:13:15
500107056,36,13,23,2024-12-19 13:47:15
500107056,36,12,24,2024-12-19 15:32:14
500107056,36,12,24,2024-12-19 14:52:16
500101168,36,11,25,2024-12-19 16:57:16
500101170,36,9,27,2024-12-19 16:03:15
500107144,36,9,27,2024-12-19 15:32:15
500110091,36,9,27,2024-12-19 16:25:16
500107056,36,8,28,2024-12-19 17:05:17
500110091,36,8,28,2024-12-19 14:23:15
500107010,36,4,32,2024-12-19 14:58:15
500107010,36,4,32,2024-12-19 14:06:15
500108007,36,4,32,2024-12-19 15:07:15
500111009,36,4,32,2024-12-19 15:01:18
500111009,36,3,33,2024-12-19 15:50:16
500107010,36,2,34,2024-12-19 15:36:15
500113065,36,2,34,2024-12-19 16:37:15
500101192,36,7,29,2024-12-19 21:47:15
500101168,36,34,0,2024-12-19 08:57:16
500107144,36,36,0,2024-12-19 07:23:14
500107144,36,33,3,2024-12-19 07:12:15
500107144,36,31,5,2024-12-19 06:27:15
500101168,36,24,10,2024-12-19 08:36:14
500107010,36,26,10,2024-12-19 05:57:15
500109037,36,25,10,2024-12-19 08:11:16
500101168,36,23,11,2024-12-19 07:42:15
500109037,36,23,12,2024-12-19 08:01:15
500110011,36,21,13,2024-12-19 07:15:17
500103004,36,15,18,2024-12-19 07:47:15
500103040,36,16,20,2024-12-19 07:12:15
500104036,36,16,20,2024-12-19 07:55:17
500101168,36,12,22,2024-12-19 07:16:15
500105022,36,14,22,2024-12-19 08:39:15
500105022,36,13,23,2024-12-19 05:39:15
500109020,36,13,23,2024-12-19 07:35:16
500101168,36,10,24,2024-12-19 06:54:16
500105022,36,12,24,2024-12-19 08:02:15
500109037,36,11,24,2024-12-19 07:45:16
500106092,36,10,26,2024-12-19 06:30:17
500107056,36,9,27,2024-12-19 06:54:16
500113065,36,9,27,2024-12-19 08:13:15
500107056,36,8,28,2024-12-19 07:43:15
500108007,36,8,28,2024-12-19 04:56:15
500111097,36,7,29,2024-12-19 07:47:15
500113065,36,7,29,2024-12-19 08:27:16
500103004,36,2,30,2024-12-19 08:53:15
500106056,36,6,30,2024-12-19 06:43:15
500104036,36,4,32,2024-12-19 06:55:16
500106052,36,3,33,2024-12-19 08:16:15
500106052,36,3,33,2024-12-19 08:27:15
500106022,36,1,35,2024-12-19 08:33:16
500105033,36,6,30,2024-12-19 00:03:15
500105033,36,7,29,2024-12-19 00:36:15
500107010,36,27,9,2024-12-19 00:20:17
500108007,36,13,23,2024-12-19 00:47:15
500101192,36,4,32,2024-12-19 00:14:14
500107010,36,27,9,2024-12-19 00:57:15
500111009,36,20,16,2024-12-19 23:24:14
500106052,36,23,13,2024-12-19 23:57:15
500106022,36,13,23,2024-12-19 23:22:15
500105033,36,8,28,2024-12-19 01:05:16
500107144,36,12,24,2024-12-19 00:35:16
500119093,36,15,21,2024-12-19 00:20:15
500110091,36,26,6,2024-12-19 00:39:15
500107010,36,26,10,2024-12-19 01:00:17
500109037,36,1,34,2024-12-19 22:32:14
500111097,36,3,33,2024-12-19 20:54:14
500103040,36,15,21,2024-12-19 21:32:15
500109020,36,28,8,2024-12-19 21:19:16
500109037,36,1,34,2024-12-19 02:01:16
500101168,36,3,33,2024-12-19 22:00:16
500107144,36,11,25,2024-12-19 22:09:15
500103004,36,12,17,2024-12-19 21:59:15
500106022,36,11,25,2024-12-19 21:59:15
500107144,36,12,24,2024-12-19 01:38:15
500107144,36,9,27,2024-12-19 22:48:15
500113065,36,1,35,2024-12-19 22:17:15
500106092,36,11,25,2024-12-19 04:43:15
500103004,36,17,12,2024-12-19 22:23:15
500107010,36,24,12,2024-12-19 23:28:15
500111097,36,32,4,2024-12-19 10:07:16
500104036,36,30,6,2024-12-19 08:54:15
500110011,36,28,6,2024-12-19 11:33:16
500110011,36,26,8,2024-12-19 11:58:15
500110011,36,26,8,2024-12-19 10:56:15
500110011,36,26,8,2024-12-19 11:05:17
500101192,36,25,11,2024-12-19 10:50:16
500109037,36,22,11,2024-12-19 10:58:16
500101192,36,24,12,2024-12-19 09:25:16
500111097,36,22,14,2024-12-19 10:12:15
500101192,36,20,16,2024-12-19 12:37:15
500109037,36,16,17,2024-12-19 12:08:15
500110011,36,17,17,2024-12-19 12:15:16
500106022,36,18,18,2024-12-19 10:39:16
500111097,36,18,18,2024-12-19 12:21:15
500106052,36,17,19,2024-12-19 12:59:16
500106056,36,16,19,2024-12-19 12:53:15
500111097,36,17,19,2024-12-19 12:19:16
500106022,36,16,20,2024-12-19 11:05:17
500106092,36,13,22,2024-12-19 11:28:16
500105022,36,13,23,2024-12-19 09:19:15
500106022,36,13,23,2024-12-19 12:28:15
500106092,36,12,23,2024-12-19 12:17:16
500110091,36,13,23,2024-12-19 09:24:15
500106022,36,10,26,2024-12-19 10:18:15
500107056,36,10,26,2024-12-19 12:25:15
500101170,36,9,27,2024-12-19 12:46:15
500101170,36,9,27,2024-12-19 10:46:15
500107056,36,9,27,2024-12-19 09:20:16
500107144,36,8,28,2024-12-19 11:13:15
500103004,36,2,31,2024-12-19 09:07:15
500106022,36,4,32,2024-12-19 09:39:15
500107144,36,4,32,2024-12-19 09:07:15
500113065,36,4,32,2024-12-19 10:01:16
500106052,36,2,34,2024-12-19 10:43:16
500107010,36,2,34,2024-12-19 12:56:15
500103040,36,1,35,2024-12-19 09:23:15
500106052,36,1,35,2024-12-19 08:53:14
500106092,36,1,35,2024-12-19 10:48:15
500107010,36,1,35,2024-12-19 10:47:16
500106092,36,0,36,2024-12-19 10:26:15
500101170,36,29,7,2024-12-19 18:37:15
500103004,36,26,10,2024-12-19 19:27:15
500101170,36,25,11,2024-12-19 17:38:16
500106052,36,23,13,2024-12-19 18:58:16
500106092,36,20,15,2024-12-19 19:53:15
500106092,36,20,15,2024-12-19 19:35:16
500105022,36,17,18,2024-12-19 19:38:15
500104036,36,17,19,2024-12-19 17:57:15
500107144,36,17,19,2024-12-19 18:29:16
500103040,36,16,20,2024-12-19 19:59:15
500107144,36,16,20,2024-12-19 18:18:16
500119093,36,16,20,2024-12-19 17:52:15
500105022,36,13,21,2024-12-19 21:09:16
500106092,36,14,21,2024-12-19 17:56:16
500107010,36,15,21,2024-12-19 17:33:16
500107144,36,15,21,2024-12-19 20:59:15
500104036,36,14,22,2024-12-19 18:10:17
500106092,36,13,22,2024-12-19 18:58:16
500110011,36,13,22,2024-12-19 18:40:17
500119093,36,14,22,2024-12-19 17:24:16
500101170,36,10,23,2024-12-19 21:20:16
500103040,36,13,23,2024-12-19 20:56:15
500101170,36,9,24,2024-12-19 21:07:16
500103004,36,5,24,2024-12-19 21:01:15
500103040,36,12,24,2024-12-19 17:36:15
500103040,36,12,24,2024-12-19 21:07:16
500110091,36,12,24,2024-12-19 17:31:15
500103004,36,5,25,2024-12-19 20:04:16
500103004,36,5,25,2024-12-19 20:29:15
500103004,36,4,25,2024-12-19 20:57:16
500101170,36,7,26,2024-12-19 20:37:16
500111009,36,10,26,2024-12-19 18:29:16
500106022,36,8,28,2024-12-19 20:06:15
500107056,36,8,28,2024-12-19 17:35:15
500119093,36,8,28,2024-12-19 20:22:15
500108007,36,7,29,2024-12-19 20:27:15
500108007,36,7,29,2024-12-19 21:17:15
500101168,36,6,30,2024-12-19 19:56:15
500107144,36,6,30,2024-12-19 19:49:15
500101192,36,5,31,2024-12-19 19:29:15
500111097,36,5,31,2024-12-19 17:59:15
500113065,36,2,34,2024-12-19 21:16:15
500113065,36,0,36,2024-12-19 18:58:16
500101192,36,32,4,2024-12-19 14:05:16
500106056,36,29,6,2024-12-19 17:18:16
500106022,36,28,8,2024-12-19 16:24:15
500106022,36,26,10,2024-12-19 16:38:15
500105033,36,23,13,2024-12-19 15:06:14
500106022,36,23,13,2024-12-19 16:41:15
500101170,36,21,15,2024-12-19 16:57:16
500101168,36,20,16,2024-12-19 13:56:15
500106056,36,19,16,2024-12-19 16:38:15
500106092,36,19,16,2024-12-19 16:37:15
500110011,36,19,16,2024-12-19 15:08:15
500110011,36,18,16,2024-12-19 14:16:16
500119093,36,20,16,2024-12-19 14:06:15
500105033,36,19,17,2024-12-19 16:38:15
500106056,36,18,17,2024-12-19 16:47:15
500106056,36,18,17,2024-12-19 15:17:16
500101168,36,18,18,2024-12-19 15:55:16
500104036,36,18,18,2024-12-19 16:28:15
500107056,36,18,18,2024-12-19 13:24:14
500111097,36,17,19,2024-12-19 16:48:16
500103040,36,15,21,2024-12-19 16:33:15
500106092,36,14,21,2024-12-19 15:43:15
500103040,36,14,22,2024-12-19 13:19:15
500105022,36,13,22,2024-12-19 15:46:16
500113065,36,14,22,2024-12-19 16:57:16
500105022,36,12,23,2024-12-19 16:44:15
500103040,36,12,24,2024-12-19 15:16:15
500107144,36,10,26,2024-12-19 16:38:15
500101170,36,9,27,2024-12-19 15:09:15
500103004,36,9,27,2024-12-19 16:24:15
500103004,36,9,27,2024-12-19 16:45:17
500107144,36,9,27,2024-12-19 15:09:15
500113065,36,8,28,2024-12-19 17:08:16
500108007,36,7,29,2024-12-19 14:48:15
500110091,36,7,29,2024-12-19 13:12:15
500107010,36,6,30,2024-12-19 14:42:15
500103004,36,5,31,2024-12-19 15:18:15
500107010,36,5,31,2024-12-19 14:35:15
500111009,36,3,33,2024-12-19 17:11:16
500113065,36,0,36,2024-12-19 16:48:16
500103040,36,16,20,2024-12-19 21:41:15
500107144,36,35,1,2024-12-19 06:36:14
500101168,36,29,5,2024-12-19 08:46:15
500109037,36,30,5,2024-12-19 08:36:15
500101168,36,24,10,2024-12-19 08:26:15
500101170,36,23,13,2024-12-19 07:37:15
500101170,36,22,14,2024-12-19 08:27:16
500105033,36,21,15,2024-12-19 07:57:16
500101192,36,19,17,2024-12-19 08:57:14
500111009,36,19,17,2024-12-19 06:49:15
500106056,36,17,19,2024-12-19 07:57:16
500101192,36,14,22,2024-12-19 06:32:15
500111009,36,14,22,2024-12-19 07:13:15
500107010,36,13,23,2024-12-19 07:37:15
500107010,36,12,24,2024-12-19 07:46:15
500101192,36,8,28,2024-12-19 07:55:17
500113065,36,8,28,2024-12-19 07:17:14
500113065,36,8,28,2024-12-19 07:57:16
500109037,36,6,29,2024-12-19 07:27:15
500113065,36,7,29,2024-12-19 08:03:15
500108007,36,6,30,2024-12-19 05:45:16
500107056,36,5,31,2024-12-19 05:42:15
500109037,36,3,32,2024-12-19 07:17:14
500108007,36,3,33,2024-12-19 07:57:16
500111097,36,1,35,2024-12-19 06:46:15
500111097,36,1,35,2024-12-19 07:26:15
500101170,36,34,2,2024-12-19 00:23:14
500107010,36,23,13,2024-12-19 23:35:15
500101168,36,1,34,2024-12-19 00:36:15
500101233,37,10,27,2024-12-19 23:57:15
500101233,37,9,28,2024-12-19 22:12:15
500109048,37,1,34,2024-12-19 21:20:16
500101095,37,15,21,2024-12-19 21:32:15
500107018,37,4,33,2024-12-19 03:46:15
500101233,37,5,32,2024-12-19 04:02:15
500107029,37,8,29,2024-12-19 04:05:15
500104075,37,17,19,2024-12-19 22:06:15
500119005,37,34,3,2024-12-19 03:34:15
500104075,37,14,22,2024-12-19 23:59:15
500110059,37,23,14,2024-12-19 23:34:14
500107029,37,34,3,2024-12-19 22:48:15
500119005,37,33,4,2024-12-19 01:55:16
500103057,37,3,34,2024-12-19 23:29:14
500103057,37,36,0,2024-12-19 11:38:15
500103057,37,36,0,2024-12-19 12:13:15
500103057,37,35,1,2024-12-19 10:26:15
500107029,37,36,1,2024-12-19 13:04:15
500103057,37,33,2,2024-12-19 09:27:15
500103057,37,33,3,2024-12-19 11:16:15
500103057,37,32,4,2024-12-19 12:27:15
500104010,37,33,4,2024-12-19 10:32:15
500107029,37,33,4,2024-12-19 10:56:15
500109048,37,27,8,2024-12-19 10:53:15
500109048,37,23,12,2024-12-19 11:28:15
500104075,37,24,13,2024-12-19 10:11:14
500109048,37,21,14,2024-12-19 11:36:15
500101095,37,21,15,2024-12-19 12:56:15
500104010,37,15,15,2024-12-19 12:18:15
500109048,37,20,15,2024-12-19 09:27:14
500104010,37,14,16,2024-12-19 11:40:17
500107029,37,19,18,2024-12-19 09:36:15
500108057,37,18,18,2024-12-19 11:22:16
500101095,37,17,19,2024-12-19 11:38:15
500104075,37,18,19,2024-12-19 10:56:15
500104010,37,15,22,2024-12-19 09:46:16
500104010,37,14,23,2024-12-19 10:48:15
500110059,37,14,23,2024-12-19 12:34:14
500110059,37,13,24,2024-12-19 12:51:15
500108033,37,10,25,2024-12-19 10:06:14
500108033,37,9,26,2024-12-19 10:15:15
500107018,37,10,27,2024-12-19 12:27:15
500108033,37,8,27,2024-12-19 11:34:15
500107018,37,8,29,2024-12-19 10:28:15
500101233,37,7,30,2024-12-19 12:15:16
500110041,37,5,31,2024-12-19 10:21:15
500119005,37,6,31,2024-12-19 12:43:15
500107041,37,5,32,2024-12-19 09:30:16
500109006,37,4,33,2024-12-19 11:46:15
500109006,37,3,34,2024-12-19 11:22:15
500112050,37,3,34,2024-12-19 09:18:15
500101095,37,2,35,2024-12-19 09:27:15
500110059,37,2,35,2024-12-19 10:58:16
500101095,37,1,36,2024-12-19 09:53:15
500101233,37,1,36,2024-12-19 09:25:16
500107018,37,1,36,2024-12-19 09:20:16
500112050,37,1,36,2024-12-19 09:09:15
500119005,37,0,37,2024-12-19 10:17:15
500107029,37,29,8,2024-12-19 17:48:15
500107029,37,28,9,2024-12-19 17:26:14
500104010,37,15,15,2024-12-19 18:46:15
500110041,37,20,16,2024-12-19 19:51:15
500103057,37,20,17,2024-12-19 18:17:15
500104075,37,18,18,2024-12-19 19:50:15
500103057,37,18,19,2024-12-19 19:38:14
500103008,37,14,20,2024-12-19 21:15:17
500110041,37,16,20,2024-12-19 19:26:15
500108033,37,14,21,2024-12-19 18:54:15
500108057,37,15,21,2024-12-19 20:07:15
500104075,37,14,22,2024-12-19 19:15:16
500101233,37,14,23,2024-12-19 17:18:16
500101233,37,14,23,2024-12-19 17:38:16
500101095,37,12,24,2024-12-19 21:08:15
500101095,37,12,24,2024-12-19 21:17:15
500107018,37,12,25,2024-12-19 20:35:16
500110041,37,10,26,2024-12-19 18:47:16
500101233,37,10,27,2024-12-19 20:59:15
500110041,37,7,29,2024-12-19 17:23:15
500107019,37,7,30,2024-12-19 18:50:16
500109048,37,4,31,2024-12-19 18:48:15
500101095,37,4,32,2024-12-19 18:23:16
500107019,37,5,32,2024-12-19 20:37:16
500109048,37,3,32,2024-12-19 18:16:15
500109048,37,2,33,2024-12-19 19:13:15
500107019,37,2,35,2024-12-19 17:34:15
500107019,37,2,35,2024-12-19 17:47:16
500119005,37,2,35,2024-12-19 18:46:15
500107029,37,37,0,2024-12-19 16:07:15
500107029,37,34,3,2024-12-19 13:09:15
500107029,37,34,3,2024-12-19 14:48:14
500107029,37,33,4,2024-12-19 14:27:15
500107029,37,32,5,2024-12-19 13:46:16
500108057,37,25,11,2024-12-19 13:30:16
500108057,37,21,15,2024-12-19 15:56:15
500108057,37,21,15,2024-12-19 14:14:15
500108057,37,20,16,2024-12-19 17:08:16
500101233,37,18,19,2024-12-19 17:05:16
500104010,37,10,20,2024-12-19 13:17:15
500103008,37,15,22,2024-12-19 17:13:15
500109048,37,12,23,2024-12-19 16:43:15
500110041,37,8,28,2024-12-19 13:44:15
500101233,37,8,29,2024-12-19 13:19:15
500109006,37,7,30,2024-12-19 16:09:15
500107041,37,5,32,2024-12-19 13:09:15
500107041,37,5,32,2024-12-19 13:48:15
500112050,37,3,34,2024-12-19 16:26:15
500119005,37,3,34,2024-12-19 13:17:15
500101095,37,0,36,2024-12-19 17:17:15
500119005,37,0,37,2024-12-19 14:55:16
500103008,37,12,22,2024-12-19 21:46:15
500103008,37,33,4,2024-12-19 06:16:15
500103057,37,31,5,2024-12-19 07:56:15
500104010,37,29,8,2024-12-19 08:46:15
500101095,37,27,10,2024-12-19 08:26:14
500119005,37,25,10,2024-12-19 06:56:15
500108033,37,24,11,2024-12-19 04:58:15
500103057,37,24,12,2024-12-19 08:03:14
500101095,37,24,13,2024-12-19 08:01:15
500101095,37,19,17,2024-12-19 08:57:15
500109006,37,17,20,2024-12-19 05:53:15
500103057,37,15,21,2024-12-19 05:48:14
500109048,37,14,21,2024-12-19 08:26:15
500107019,37,14,23,2024-12-19 08:27:16
500110059,37,14,23,2024-12-19 06:21:15
500112050,37,13,24,2024-12-19 08:02:15
500107041,37,12,25,2024-12-19 07:47:15
500108057,37,11,25,2024-12-19 07:45:16
500112050,37,11,26,2024-12-19 08:15:16
500107041,37,10,27,2024-12-19 07:24:15
500104010,37,9,28,2024-12-19 07:46:15
500108057,37,7,29,2024-12-19 06:34:15
500101233,37,7,30,2024-12-19 08:36:15
500107041,37,7,30,2024-12-19 06:06:14
500109048,37,5,30,2024-12-19 06:41:15
500104010,37,6,31,2024-12-19 07:26:15
500108057,37,5,31,2024-12-19 05:59:14
500108033,37,3,32,2024-12-19 08:39:15
500104075,37,3,34,2024-12-19 06:43:15
500107041,37,3,34,2024-12-19 08:17:15
500108033,37,1,34,2024-12-19 08:27:16
500108033,37,1,34,2024-12-19 07:55:17
500110059,37,3,34,2024-12-19 08:33:16
500110059,37,3,34,2024-12-19 08:46:15
500110041,37,1,35,2024-12-19 08:36:17
500101233,37,1,36,2024-12-19 08:52:16
500107029,37,1,36,2024-12-19 06:56:14
500103008,37,0,37,2024-12-19 08:27:16
500101095,37,11,26,2024-12-19 00:57:15
500101233,37,1,36,2024-12-19 00:09:14
500107029,37,6,31,2024-12-19 00:13:15
500104010,37,5,30,2024-12-19 22:43:15
500110041,37,30,6,2024-12-19 23:50:15
500109048,37,7,28,2024-12-19 00:13:15
500112050,37,19,18,2024-12-19 01:17:15
500112050,37,24,13,2024-12-19 22:35:15
500103008,37,11,23,2024-12-19 21:37:15
500110041,37,27,9,2024-12-19 21:37:15
500101233,37,6,31,2024-12-19 02:44:15
500104010,37,8,29,2024-12-19 01:56:14
500103057,37,15,21,2024-12-19 02:57:14
500119005,37,37,0,2024-12-19 02:12:16
500104010,37,9,28,2024-12-19 03:33:15
500107019,37,0,37,2024-12-19 21:56:15
500119005,37,30,7,2024-12-19 01:23:15
500119005,37,12,25,2024-12-19 21:56:15
500101095,37,13,24,2024-12-19 01:02:15
500103057,37,8,29,2024-12-19 22:49:15
500119005,37,19,18,2024-12-19 22:46:15
500119005,37,16,21,2024-12-19 22:19:15
500101233,37,6,31,2024-12-19 01:55:16
500103057,37,36,0,2024-12-19 10:17:15
500103057,37,35,1,2024-12-19 11:48:15
500103057,37,34,2,2024-12-19 11:52:15
500103057,37,33,3,2024-12-19 11:06:15
500107029,37,33,4,2024-12-19 11:43:15
500103057,37,28,7,2024-12-19 09:09:15
500108057,37,26,10,2024-12-19 13:01:15
500104010,37,16,16,2024-12-19 10:58:16
500109048,37,19,16,2024-12-19 09:07:15
500101095,37,18,19,2024-12-19 10:34:15
500104075,37,17,19,2024-12-19 11:46:15
500107019,37,10,27,2024-12-19 09:07:15
500103008,37,8,29,2024-12-19 12:34:14
500103008,37,7,30,2024-12-19 12:21:15
500107041,37,5,32,2024-12-19 09:03:14
500109006,37,5,32,2024-12-19 12:06:15
500110041,37,4,32,2024-12-19 12:08:15
500107041,37,4,33,2024-12-19 13:08:15
500110041,37,3,33,2024-12-19 10:17:16
500103008,37,3,34,2024-12-19 10:32:15
500107019,37,3,34,2024-12-19 12:28:15
500109006,37,2,35,2024-12-19 10:47:16
500101095,37,1,36,2024-12-19 09:43:16
500101095,37,1,36,2024-12-19 10:15:16
500103008,37,1,36,2024-12-19 10:09:16
500110059,37,1,36,2024-12-19 09:33:15
500112050,37,0,37,2024-12-19 12:18:16
500119005,37,0,37,2024-12-19 11:56:15
500103057,37,34,3,2024-12-19 18:38:16
500107029,37,29,8,2024-12-19 17:57:15
500103008,37,26,11,2024-12-19 19:57:15
500101233,37,23,14,2024-12-19 20:06:15
500103008,37,23,14,2024-12-19 19:26:15
500103057,37,22,15,2024-12-19 17:28:15
500103057,37,22,15,2024-12-19 20:59:15
500110041,37,21,15,2024-12-19 20:39:16
500107029,37,20,17,2024-12-19 18:15:17
500103057,37,19,18,2024-12-19 17:59:15
500109006,37,18,19,2024-12-19 20:05:15
500103008,37,17,20,2024-12-19 18:06:15
500103008,37,17,20,2024-12-19 18:16:16
500104075,37,16,20,2024-12-19 18:28:16
500110059,37,17,20,2024-12-19 20:52:15
500108033,37,13,22,2024-12-19 18:43:15
500112050,37,15,22,2024-12-19 21:09:16
500101233,37,14,23,2024-12-19 18:08:16
500104075,37,12,24,2024-12-19 17:58:16
500104075,37,12,24,2024-12-19 18:04:16
500110041,37,12,24,2024-12-19 18:57:15
500112050,37,11,26,2024-12-19 20:44:15
500107018,37,10,27,2024-12-19 20:44:14
500107019,37,7,30,2024-12-19 20:24:15
500108033,37,5,30,2024-12-19 21:00:16
500119005,37,6,31,2024-12-19 18:08:16
500119005,37,5,32,2024-12-19 20:39:16
500107041,37,4,33,2024-12-19 19:38:15
500112050,37,4,33,2024-12-19 18:27:15
500119005,37,4,33,2024-12-19 19:41:16
500101095,37,2,34,2024-12-19 19:37:16
500107041,37,2,35,2024-12-19 17:44:16
500107041,37,1,36,2024-12-19 18:37:15
500112050,37,1,36,2024-12-19 18:52:15
500107029,37,37,0,2024-12-19 15:48:15
500107029,37,34,3,2024-12-19 16:37:15
500107029,37,29,8,2024-12-19 17:14:16
500101095,37,25,11,2024-12-19 15:11:15
500103057,37,25,12,2024-12-19 16:36:15
500103057,37,22,15,2024-12-19 16:28:14
500101095,37,20,16,2024-12-19 13:17:15
500104010,37,13,17,2024-12-19 15:24:15
500108057,37,19,17,2024-12-19 15:13:16
500104075,37,17,19,2024-12-19 16:24:15
500103008,37,16,21,2024-12-19 16:16:15
500107018,37,15,22,2024-12-19 16:47:15
500101095,37,13,23,2024-12-19 16:25:16
500104075,37,11,25,2024-12-19 13:28:16
500110059,37,12,25,2024-12-19 16:47:15
500119005,37,12,25,2024-12-19 16:47:15
500103008,37,11,26,2024-12-19 13:55:16
500110059,37,11,26,2024-12-19 16:34:15
500101233,37,10,27,2024-12-19 15:42:15
500108033,37,8,27,2024-12-19 16:21:15
500110059,37,9,28,2024-12-19 16:58:15
500119005,37,9,28,2024-12-19 17:08:16
500110041,37,5,31,2024-12-19 13:16:14
500112050,37,3,34,2024-12-19 14:07:15
500112050,37,1,36,2024-12-19 16:58:15
500119005,37,1,36,2024-12-19 13:57:15
500103057,37,36,0,2024-12-19 07:47:15
500104075,37,32,5,2024-12-19 08:37:15
500104075,37,29,8,2024-12-19 08:25:16
500108033,37,23,12,2024-12-19 05:49:15
500108033,37,22,13,2024-12-19 06:04:14
500108033,37,21,14,2024-12-19 06:45:15
500110041,37,20,16,2024-12-19 06:25:15
500103057,37,16,20,2024-12-19 05:50:15
500112050,37,16,21,2024-12-19 07:44:15
500112050,37,15,22,2024-12-19 07:17:14
500104010,37,12,25,2024-12-19 08:01:15
500101233,37,9,28,2024-12-19 07:15:17
500107029,37,8,29,2024-12-19 08:27:16
500107041,37,8,29,2024-12-19 06:28:15
500108033,37,6,29,2024-12-19 07:15:17
500108057,37,7,29,2024-12-19 06:44:14
500101233,37,6,31,2024-12-19 07:47:15
500107018,37,5,32,2024-12-19 06:29:15
500101233,37,4,33,2024-12-19 08:47:15
500107018,37,3,34,2024-12-19 08:27:15
500108033,37,1,34,2024-12-19 08:53:15
500103008,37,0,37,2024-12-19 08:29:16
500119005,37,26,11,2024-12-19 00:49:15
500110041,37,29,7,2024-12-19 23:39:14
500119005,37,25,12,2024-12-19 00:25:16
500107041,37,6,31,2024-12-19 23:36:15
500103057,37,13,23,2024-12-19 00:46:15
500109048,37,4,31,2024-12-19 21:56:15
500110059,37,23,14,2024-12-19 22:37:15
500107041,37,5,32,2024-12-19 21:29:15
500107041,37,8,29,2024-12-19 01:49:14
500103008,37,12,22,2024-12-19 22:08:15
500107029,37,33,4,2024-12-19 21:53:15
500107029,37,7,30,2024-12-19 01:34:15
500107029,37,5,32,2024-12-19 04:37:14
500103057,37,10,27,2024-12-19 22:25:16
500110041,37,33,3,2024-12-19 22:54:14
500110059,37,24,13,2024-12-19 23:32:14
500107029,37,37,0,2024-12-19 09:06:15
500107029,37,37,0,2024-12-19 09:08:16
500107029,37,36,1,2024-12-19 12:45:16
500103057,37,34,2,2024-12-19 10:58:16
500103057,37,33,3,2024-12-19 10:33:15
500107029,37,34,3,2024-12-19 11:33:15
500103057,37,26,9,2024-12-19 09:02:15
500104075,37,27,10,2024-12-19 09:34:15
500104010,37,16,15,2024-12-19 11:07:16
500104010,37,20,17,2024-12-19 10:07:16
500104075,37,20,17,2024-12-19 09:08:15
500101095,37,18,18,2024-12-19 11:42:15
500104075,37,14,22,2024-12-19 12:19:15
500108033,37,13,22,2024-12-19 09:34:15
500108033,37,8,27,2024-12-19 10:33:15
500108033,37,5,30,2024-12-19 12:28:15
500108033,37,5,30,2024-12-19 11:18:16
500101233,37,2,35,2024-12-19 10:49:16
500112050,37,2,35,2024-12-19 09:31:15
500101095,37,1,36,2024-12-19 09:36:14
500101233,37,1,36,2024-12-19 09:50:18
500107019,37,1,36,2024-12-19 11:48:15
500112050,37,1,36,2024-12-19 08:57:16
500107041,37,0,37,2024-12-19 12:38:14
500103057,37,34,3,2024-12-19 18:47:16
500103057,37,29,8,2024-12-19 19:07:15
500107029,37,29,8,2024-12-19 19:04:15
500103057,37,27,10,2024-12-19 19:19:15
500107029,37,24,13,2024-12-19 18:08:16
500104010,37,21,14,2024-12-19 21:16:15
500108033,37,18,17,2024-12-19 20:27:14
500108057,37,18,18,2024-12-19 19:34:15
500107018,37,17,20,2024-12-19 17:57:15
500108033,37,14,21,2024-12-19 19:34:15
500110041,37,14,22,2024-12-19 19:18:15
500103057,37,13,24,2024-12-19 20:07:15
500103057,37,10,27,2024-12-19 20:10:17
500110041,37,8,28,2024-12-19 18:06:15
500103057,37,8,29,2024-12-19 20:49:15
500112050,37,8,29,2024-12-19 20:35:16
500108033,37,4,31,2024-12-19 20:59:17
500112050,37,5,32,2024-12-19 19:49:15
500109048,37,2,33,2024-12-19 19:54:15
500109048,37,2,33,2024-12-19 17:58:16
500109048,37,2,33,2024-12-19 19:32:15
500109048,37,2,33,2024-12-19 21:15:16
500101095,37,2,34,2024-12-19 18:55:17
500112050,37,3,34,2024-12-19 17:59:15
500107019,37,1,36,2024-12-19 18:08:16
500112050,37,0,37,2024-12-19 19:07:16
500104075,37,20,16,2024-12-19 15:51:15
500108057,37,20,16,2024-12-19 16:31:15
500109048,37,19,16,2024-12-19 15:05:16
500103057,37,19,17,2024-12-19 14:01:15
500103008,37,18,19,2024-12-19 15:26:15
500109048,37,14,21,2024-12-19 16:32:15
500104010,37,8,22,2024-12-19 17:08:16
500110059,37,13,24,2024-12-19 14:01:15
500101233,37,12,25,2024-12-19 16:15:16
500103008,37,12,25,2024-12-19 14:03:15
500101095,37,10,26,2024-12-19 17:06:15
500103057,37,11,26,2024-12-19 14:28:15
500101233,37,9,28,2024-12-19 15:06:15
500107019,37,9,28,2024-12-19 15:30:17
500119005,37,9,28,2024-12-19 16:04:15
500109006,37,7,30,2024-12-19 15:01:16
500110041,37,6,30,2024-12-19 16:53:15
500110041,37,5,31,2024-12-19 17:11:16
500107041,37,3,34,2024-12-19 14:40:16
500112050,37,3,34,2024-12-19 13:44:15
500119005,37,7,30,2024-12-19 21:44:15
500103008,37,31,6,2024-12-19 06:50:16
500103057,37,26,9,2024-12-19 08:47:15
500104010,37,27,10,2024-12-19 08:55:16
500108057,37,25,11,2024-12-19 08:17:15
500110041,37,20,16,2024-12-19 06:40:16
500110041,37,19,17,2024-12-19 05:17:15
500112050,37,19,18,2024-12-19 07:37:15
500101095,37,18,19,2024-12-19 07:27:15
500109006,37,17,20,2024-12-19 06:37:15
500109048,37,15,20,2024-12-19 08:35:16
500107019,37,15,22,2024-12-19 07:37:15
500107019,37,11,26,2024-12-19 08:57:15
500109048,37,9,26,2024-12-19 07:55:17
500109048,37,7,28,2024-12-19 05:11:15
500110059,37,9,28,2024-12-19 07:36:14
500112050,37,9,28,2024-12-19 08:27:16
500109048,37,6,29,2024-12-19 05:48:14
500107018,37,7,30,2024-12-19 07:57:16
500109006,37,7,30,2024-12-19 07:54:15
500109006,37,7,30,2024-12-19 08:03:15
500104010,37,6,31,2024-12-19 07:35:16
500104010,37,4,33,2024-12-19 07:17:14
500104075,37,4,33,2024-12-19 07:25:15
500107018,37,4,33,2024-12-19 06:50:16
500101233,37,3,34,2024-12-19 08:01:15
500104075,37,3,34,2024-12-19 06:16:15
500108033,37,0,35,2024-12-19 07:47:15
500101233,37,0,37,2024-12-19 08:12:16
500107029,37,0,37,2024-12-19 07:34:15
500108057,37,2,34,2024-12-19 00:19:15
500110059,37,1,36,2024-12-19 00:07:15
500107018,37,11,26,2024-12-19 22:17:15
500108057,37,3,33,2024-12-19 00:45:15
500104075,37,6,31,2024-12-19 00:38:14
500108033,37,26,9,2024-12-19 00:21:14
500101233,37,10,27,2024-12-19 23:17:14
500104010,37,4,31,2024-12-19 22:35:15
500104075,37,18,18,2024-12-19 22:34:15
500107019,37,4,33,2024-12-19 01:26:15
500107041,37,8,29,2024-12-19 03:25:15
500119005,37,31,4,2024-12-19 03:55:15
500101095,37,16,20,2024-12-19 22:07:15
500112050,37,22,15,2024-12-19 21:56:15
500103057,37,16,21,2024-12-19 21:56:15
500101233,37,7,30,2024-12-19 02:25:15
500103057,37,14,22,2024-12-19 04:30:15
500101233,37,10,27,2024-12-19 23:09:15
500107029,37,19,18,2024-12-19 23:05:15
500110059,37,22,15,2024-12-19 22:58:15
500104010,37,5,30,2024-12-19 22:17:15
500107029,37,37,0,2024-12-19 22:25:16
500103057,37,33,3,2024-12-19 09:45:15
500104010,37,33,4,2024-12-19 09:05:16
500108057,37,30,6,2024-12-19 09:08:15
500104010,37,29,8,2024-12-19 10:28:15
500107029,37,26,11,2024-12-19 10:05:16
500108057,37,25,11,2024-12-19 12:54:15
500107029,37,25,12,2024-12-19 09:57:15
500109048,37,23,12,2024-12-19 09:54:15
500104010,37,16,14,2024-12-19 11:18:16
500104075,37,23,14,2024-12-19 10:38:15
500104010,37,15,15,2024-12-19 11:19:15
500109048,37,20,15,2024-12-19 11:46:14
500109048,37,20,15,2024-12-19 11:58:15
500101095,37,20,16,2024-12-19 12:36:15
500109048,37,19,16,2024-12-19 12:31:15
500104075,37,17,20,2024-12-19 11:06:15
500104075,37,14,23,2024-12-19 11:23:15
500108033,37,11,24,2024-12-19 09:46:16
500104075,37,11,25,2024-12-19 12:31:15
500101233,37,8,29,2024-12-19 12:58:15
500101233,37,7,30,2024-12-19 11:56:15
500107018,37,7,30,2024-12-19 10:48:15
500107018,37,6,31,2024-12-19 10:36:14
500108033,37,3,32,2024-12-19 12:47:15
500110041,37,4,32,2024-12-19 13:05:15
500110041,37,4,32,2024-12-19 10:56:15
500119005,37,5,32,2024-12-19 12:37:15
500107019,37,4,33,2024-12-19 12:15:16
500109006,37,3,34,2024-12-19 09:38:14
500109006,37,3,34,2024-12-19 10:19:16
500110041,37,2,34,2024-12-19 12:31:15
500110041,37,2,34,2024-12-19 09:55:17
500110041,37,2,34,2024-12-19 10:06:15
500119005,37,1,34,2024-12-19 09:01:15
500103008,37,2,35,2024-12-19 11:57:16
500110059,37,2,35,2024-12-19 11:24:15
500101095,37,1,36,2024-12-19 10:01:16
500119005,37,1,36,2024-12-19 09:47:15
500112050,37,0,37,2024-12-19 11:05:17
500107029,37,33,4,2024-12-19 21:06:15
500107029,37,29,8,2024-12-19 20:47:14
500103008,37,28,9,2024-12-19 20:24:15
500104010,37,26,9,2024-12-19 19:38:15
500107029,37,28,9,2024-12-19 19:16:15
500103008,37,26,11,2024-12-19 20:07:15
500107029,37,24,13,2024-12-19 20:04:16
500110041,37,22,14,2024-12-19 21:18:15
500103057,37,21,16,2024-12-19 18:08:16
500103008,37,20,17,2024-12-19 19:04:15
500110059,37,19,18,2024-12-19 21:06:14
500103008,37,18,19,2024-12-19 18:31:15
500101233,37,17,20,2024-12-19 19:06:16
500104075,37,16,20,2024-12-19 19:25:15
500107018,37,16,21,2024-12-19 18:59:15
500104075,37,12,24,2024-12-19 17:31:15
500104075,37,12,24,2024-12-19 18:43:15
500107018,37,13,24,2024-12-19 19:43:15
500108057,37,11,25,2024-12-19 20:43:15
500104010,37,2,28,2024-12-19 17:26:15
500110041,37,8,28,2024-12-19 17:43:16
500104010,37,0,30,2024-12-19 18:11:15
500108033,37,5,30,2024-12-19 17:45:16
500119005,37,7,30,2024-12-19 17:23:15
500107041,37,4,33,2024-12-19 20:58:15
500119005,37,4,33,2024-12-19 21:05:16
500109048,37,1,34,2024-12-19 17:45:16
500101095,37,1,35,2024-12-19 17:32:16
500101095,37,0,36,2024-12-19 17:48:16
500107029,37,34,3,2024-12-19 15:03:15
500107029,37,33,4,2024-12-19 13:30:16
500101095,37,24,12,2024-12-19 14:46:15
500101095,37,22,14,2024-12-19 14:36:15
500101095,37,21,15,2024-12-19 14:18:15
500103057,37,20,16,2024-12-19 13:58:15
500104010,37,14,16,2024-12-19 15:33:15
500103008,37,19,18,2024-12-19 15:48:15
500103057,37,19,18,2024-12-19 15:33:15
500103057,37,17,20,2024-12-19 15:58:14
500104075,37,15,21,2024-12-19 16:56:15
500101095,37,13,23,2024-12-19 16:44:15
500101233,37,14,23,2024-12-19 16:38:15
500119005,37,11,26,2024-12-19 15:36:15
500119005,37,10,27,2024-12-19 15:46:15
500119005,37,10,27,2024-12-19 16:25:16
500108033,37,7,28,2024-12-19 15:37:16
500101233,37,8,29,2024-12-19 14:52:15
500107041,37,7,30,2024-12-19 16:43:15
500110041,37,5,31,2024-12-19 15:27:15
500107041,37,4,33,2024-12-19 13:36:16
500107041,37,4,33,2024-12-19 15:12:15
500107041,37,4,33,2024-12-19 14:18:15
500107019,37,1,36,2024-12-19 17:18:16
500103057,37,36,0,2024-12-19 07:37:15
500103057,37,34,2,2024-12-19 07:24:15
500119005,37,32,3,2024-12-19 05:49:15
500104075,37,29,8,2024-12-19 08:17:15
500103057,37,27,9,2024-12-19 07:17:14
500107029,37,28,9,2024-12-19 08:57:15
500101095,37,25,11,2024-12-19 08:37:15
500119005,37,22,13,2024-12-19 07:27:15
500103057,37,20,16,2024-12-19 06:06:14
500107019,37,20,17,2024-12-19 07:57:16
500110041,37,19,17,2024-12-19 06:12:15
500107019,37,19,18,2024-12-19 07:45:16
500107019,37,18,19,2024-12-19 07:59:15
500112050,37,18,19,2024-12-19 06:37:15
500109048,37,13,22,2024-12-19 08:10:17
500107019,37,14,23,2024-12-19 08:42:15
500101095,37,13,24,2024-12-19 07:16:15
500119005,37,10,25,2024-12-19 07:57:16
500101095,37,11,26,2024-12-19 06:22:14
500107041,37,11,26,2024-12-19 07:34:15
500107041,37,8,29,2024-12-19 07:15:17
500110059,37,8,29,2024-12-19 07:47:15
500108057,37,6,30,2024-12-19 07:19:16
500108057,37,6,30,2024-12-19 06:12:14
500107018,37,5,32,2024-12-19 07:43:15
500112050,37,5,32,2024-12-19 08:36:15
500108033,37,2,33,2024-12-19 07:37:15
500119005,37,2,33,2024-12-19 08:27:16
500101233,37,1,36,2024-12-19 08:26:15
500101233,37,0,37,2024-12-19 00:57:15
500103057,37,14,22,2024-12-19 00:33:15
500101233,37,2,35,2024-12-19 00:01:15
500107029,37,5,32,2024-12-19 00:05:15
500109048,37,4,31,2024-12-19 23:54:15
500110059,37,2,35,2024-12-19 00:55:16
500107019,37,3,34,2024-12-19 00:29:15
500103057,37,3,34,2024-12-19 23:19:15
500103057,37,8,29,2024-12-19 22:34:15
500103008,37,15,19,2024-12-19 22:33:15
500110041,37,32,4,2024-12-19 22:38:14
500107018,37,10,27,2024-12-19 21:18:15
500107019,37,3,34,2024-12-19 03:21:15
500104010,37,8,27,2024-12-19 22:05:15
500108033,37,11,24,2024-12-19 22:09:15
500101233,37,11,26,2024-12-19 22:08:15
500107041,37,5,32,2024-12-19 21:54:15
500101095,37,14,22,2024-12-19 21:55:17
500104075,37,16,20,2024-12-19 22:19:15
500104075,37,17,19,2024-12-19 22:23:15
500110059,37,3,34,2024-12-19 01:59:15
500107029,37,32,5,2024-12-19 11:57:15
500109048,37,28,7,2024-12-19 10:27:16
500107029,37,29,8,2024-12-19 10:28:15
500103057,37,27,9,2024-12-19 12:37:15
500104010,37,15,15,2024-12-19 11:58:15
500109048,37,20,15,2024-12-19 12:24:16
500109048,37,19,16,2024-12-19 12:16:15
500104010,37,13,17,2024-12-19 12:28:15
500108057,37,19,17,2024-12-19 09:30:15
500104010,37,12,18,2024-12-19 12:59:16
500108057,37,18,18,2024-12-19 11:34:15
500104010,37,18,19,2024-12-19 09:54:15
500101095,37,17,20,2024-12-19 11:16:15
500104075,37,14,23,2024-12-19 11:34:15
500107018,37,11,26,2024-12-19 11:29:15
500110041,37,8,28,2024-12-19 11:54:15
500101233,37,8,29,2024-12-19 12:05:17
500101233,37,7,30,2024-12-19 13:05:16
500107019,37,7,30,2024-12-19 10:18:15
500107018,37,6,31,2024-12-19 11:02:15
500107019,37,5,32,2024-12-19 11:05:16
500108033,37,2,33,2024-12-19 09:05:16
500110059,37,3,34,2024-12-19 09:01:15
500101233,37,2,35,2024-12-19 10:18:15
500103008,37,2,35,2024-12-19 11:42:16
500107018,37,1,36,2024-12-19 09:02:15
500107018,37,1,36,2024-12-19 09:47:15
500110059,37,1,36,2024-12-19 10:08:15
500112050,37,1,36,2024-12-19 10:48:15
500107029,37,33,4,2024-12-19 21:19:16
500107029,37,31,6,2024-12-19 20:39:16
500103008,37,30,7,2024-12-19 20:38:15
500107029,37,29,8,2024-12-19 20:28:15
500108057,37,28,8,2024-12-19 17:59:15
500108057,37,27,9,2024-12-19 18:07:16
500103057,37,27,10,2024-12-19 21:17:15
500103057,37,22,15,2024-12-19 17:48:15
500108057,37,21,15,2024-12-19 18:42:16
500110041,37,21,15,2024-12-19 20:00:17
500103057,37,19,18,2024-12-19 19:28:15
500109006,37,19,18,2024-12-19 17:48:15
500108057,37,17,19,2024-12-19 19:44:15
500108057,37,16,20,2024-12-19 19:58:15
500109006,37,17,20,2024-12-19 18:27:15
500110059,37,17,20,2024-12-19 17:57:14
500104075,37,15,21,2024-12-19 19:07:15
500101233,37,14,23,2024-12-19 17:43:16
500101095,37,10,26,2024-12-19 20:39:16
500108033,37,8,27,2024-12-19 17:27:16
500108033,37,8,27,2024-12-19 17:35:16
500109048,37,6,29,2024-12-19 17:35:15
500110041,37,7,29,2024-12-19 17:35:16
500107019,37,7,30,2024-12-19 19:04:15
500103057,37,6,31,2024-12-19 20:39:16
500107019,37,6,31,2024-12-19 18:44:16
500101095,37,4,32,2024-12-19 18:38:16
500109048,37,3,32,2024-12-19 18:53:15
500109048,37,3,32,2024-12-19 19:48:15
500119005,37,5,32,2024-12-19 20:12:15
500109048,37,2,33,2024-12-19 20:29:14
500112050,37,3,34,2024-12-19 19:19:15
500119005,37,3,34,2024-12-19 19:32:15
500112050,37,2,35,2024-12-19 17:32:16
500107041,37,1,36,2024-12-19 18:17:15
500107041,37,0,37,2024-12-19 17:36:16
500103057,37,22,15,2024-12-19 17:08:15
500109048,37,18,17,2024-12-19 14:25:16
500104010,37,12,18,2024-12-19 13:28:15
500104010,37,12,18,2024-12-19 14:53:15
500104010,37,11,19,2024-12-19 15:06:14
500109048,37,16,19,2024-12-19 16:16:14
500103008,37,16,21,2024-12-19 14:51:15
500101095,37,14,22,2024-12-19 16:15:16
500103008,37,15,22,2024-12-19 16:35:15
500101095,37,12,24,2024-12-19 16:29:15
500101095,37,11,25,2024-12-19 16:52:15
500103008,37,12,25,2024-12-19 13:44:15
500103008,37,10,27,2024-12-19 13:21:16
500107019,37,9,28,2024-12-19 16:28:15
500107019,37,9,28,2024-12-19 16:56:15
500108033,37,7,28,2024-12-19 17:02:15
500107019,37,8,29,2024-12-19 15:26:14
500119005,37,8,29,2024-12-19 15:54:14
500112050,37,3,34,2024-12-19 15:22:15
500112050,37,1,36,2024-12-19 15:33:15
500108057,37,10,26,2024-12-19 21:46:15
500110059,37,22,15,2024-12-19 21:43:15
500103008,37,33,4,2024-12-19 06:30:17
500103008,37,32,5,2024-12-19 06:44:15
500119005,37,29,6,2024-12-19 06:44:15
500103057,37,28,7,2024-12-19 08:56:16
500101095,37,27,9,2024-12-19 08:14:16
500103057,37,25,11,2024-12-19 06:16:15
500104075,37,26,11,2024-12-19 08:47:15
500110041,37,21,15,2024-12-19 06:31:15
500119005,37,20,15,2024-12-19 07:36:15
500104075,37,21,16,2024-12-19 08:02:15
500112050,37,19,18,2024-12-19 06:17:14
500107019,37,16,21,2024-12-19 08:17:15
500109006,37,16,21,2024-12-19 06:49:15
500110059,37,16,21,2024-12-19 05:01:14
500107019,37,15,22,2024-12-19 08:36:15
500104010,37,12,25,2024-12-19 07:52:15
500103008,37,11,26,2024-12-19 07:56:15
500103008,37,10,27,2024-12-19 08:03:15
500108057,37,8,28,2024-12-19 06:48:15
500109048,37,6,29,2024-12-19 05:26:15
500109048,37,6,29,2024-12-19 07:36:15
500107018,37,5,32,2024-12-19 07:36:15
500104010,37,4,33,2024-12-19 06:51:15
500119005,37,2,33,2024-12-19 08:43:15
500107018,37,3,34,2024-12-19 07:26:15
500110041,37,1,35,2024-12-19 07:59:15
500104075,37,1,36,2024-12-19 06:37:15
500110041,37,0,36,2024-12-19 08:46:16
500101095,37,13,24,2024-12-19 00:15:16
500103057,37,2,34,2024-12-19 00:17:15
500108033,37,13,22,2024-12-19 22:59:15
500107018,37,2,35,2024-12-19 00:49:15
500104075,37,17,19,2024-12-19 23:05:15
500112050,37,25,12,2024-12-19 23:05:15
500107041,37,6,31,2024-12-19 22:07:15
500108033,37,12,23,2024-12-19 22:37:15
500104075,37,11,25,2024-12-19 21:39:15
500108057,37,11,25,2024-12-19 21:37:15
500104010,37,15,20,2024-12-19 21:39:15
500110059,37,2,35,2024-12-19 02:10:16
500109048,37,7,28,2024-12-19 02:00:17
500107029,37,8,29,2024-12-19 02:45:16
500103057,37,12,25,2024-12-19 22:08:15
500119005,37,12,25,2024-12-19 22:07:15
500101233,37,12,25,2024-12-19 21:54:15
500112050,37,18,19,2024-12-19 00:19:15
500109048,37,6,29,2024-12-19 01:47:15
500108033,37,25,10,2024-12-19 04:36:15
500103057,37,4,33,2024-12-19 23:08:15
500103008,37,16,18,2024-12-19 22:58:15
500110041,37,34,2,2024-12-19 23:01:15
500103008,37,12,22,2024-12-19 22:15:16
500107029,37,36,1,2024-12-19 22:19:15
500119005,37,23,14,2024-12-19 22:56:15
500119005,37,24,13,2024-12-19 23:26:15
500110041,37,33,3,2024-12-19 23:23:15
500107029,37,32,5,2024-12-19 12:06:16
500107029,37,32,5,2024-12-19 11:17:15
500104075,37,28,9,2024-12-19 09:46:16
500109048,37,26,9,2024-12-19 10:31:16
500103057,37,26,10,2024-12-19 13:04:16
500104075,37,27,10,2024-12-19 09:56:16
500104010,37,15,15,2024-12-19 11:38:15
500108057,37,21,15,2024-12-19 12:28:15
500101095,37,18,18,2024-12-19 12:15:16
500108057,37,17,19,2024-12-19 10:11:15
500108057,37,17,19,2024-12-19 11:12:16
500104010,37,14,23,2024-12-19 09:37:15
500107018,37,11,26,2024-12-19 12:15:16
500101233,37,10,27,2024-12-19 12:37:15
500107019,37,7,30,2024-12-19 09:58:15
500103008,37,6,31,2024-12-19 12:17:16
500109006,37,4,33,2024-12-19 11:30:17
500110041,37,3,33,2024-12-19 12:19:15
500112050,37,4,33,2024-12-19 12:59:15
500107041,37,3,34,2024-12-19 09:26:15
500108033,37,1,34,2024-12-19 09:09:15
500110041,37,2,34,2024-12-19 09:42:15
500110059,37,3,34,2024-12-19 12:28:15
500103008,37,2,35,2024-12-19 10:03:15
500101233,37,1,36,2024-12-19 10:30:16
500107041,37,1,36,2024-12-19 11:13:15
500110041,37,0,36,2024-12-19 09:06:17
500119005,37,1,36,2024-12-19 11:35:17
500119005,37,1,36,2024-12-19 10:48:15
500119005,37,0,37,2024-12-19 10:24:15
500107029,37,25,12,2024-12-19 18:38:16
500104010,37,22,13,2024-12-19 19:48:15
500107029,37,24,13,2024-12-19 18:46:15
500101233,37,22,15,2024-12-19 19:48:15
500110041,37,21,15,2024-12-19 20:56:15
500103008,37,20,17,2024-12-19 18:42:16
500110059,37,20,17,2024-12-19 17:44:15
500110059,37,20,17,2024-12-19 19:05:16
500110059,37,20,17,2024-12-19 19:15:16
500104075,37,18,18,2024-12-19 20:24:15
500104075,37,18,18,2024-12-19 19:37:16
500109006,37,19,18,2024-12-19 19:51:15
500110041,37,17,19,2024-12-19 19:37:16
500110059,37,17,20,2024-12-19 17:38:16
500103008,37,16,21,2024-12-19 17:25:16
500107018,37,16,21,2024-12-19 17:14:16
500101233,37,15,22,2024-12-19 18:58:16
500104075,37,14,22,2024-12-19 18:17:15
500108057,37,12,24,2024-12-19 20:33:15
500104075,37,11,25,2024-12-19 17:24:16
500110041,37,11,25,2024-12-19 19:07:15
500119005,37,11,26,2024-12-19 21:16:15
500101095,37,9,27,2024-12-19 20:29:15
500107018,37,9,28,2024-12-19 21:06:15
500101095,37,6,30,2024-12-19 19:45:16
500109048,37,5,30,2024-12-19 18:25:17
500119005,37,6,31,2024-12-19 17:41:16
500119005,37,5,32,2024-12-19 18:18:15
500107041,37,4,33,2024-12-19 18:50:16
500109048,37,2,33,2024-12-19 20:52:15
500119005,37,4,33,2024-12-19 20:02:15
500119005,37,4,33,2024-12-19 18:20:17
500107041,37,3,34,2024-12-19 18:39:16
500109048,37,1,34,2024-12-19 18:07:16
500109048,37,1,34,2024-12-19 19:20:17
500107041,37,2,35,2024-12-19 20:25:15
500119005,37,2,35,2024-12-19 19:13:15
500109048,37,20,15,2024-12-19 15:36:15
500109048,37,18,17,2024-12-19 15:57:15
500104075,37,18,18,2024-12-19 15:48:15
500104075,37,18,18,2024-12-19 15:24:15
500109006,37,19,18,2024-12-19 16:25:16
500109048,37,17,18,2024-12-19 16:06:15
500103008,37,17,20,2024-12-19 15:10:15
500101233,37,16,21,2024-12-19 16:48:16
500103008,37,15,22,2024-12-19 17:05:17
500104010,37,8,22,2024-12-19 16:48:16
500107018,37,15,22,2024-12-19 16:34:16
500110059,37,14,23,2024-12-19 13:52:15
500104010,37,6,24,2024-12-19 17:17:16
500109048,37,10,25,2024-12-19 16:53:15
500110041,37,10,26,2024-12-19 14:06:15
500119005,37,9,28,2024-12-19 16:15:16
500101233,37,6,31,2024-12-19 13:51:15
500107041,37,6,31,2024-12-19 16:35:15
500107041,37,5,32,2024-12-19 15:21:15
500119005,37,4,33,2024-12-19 13:24:14
500112050,37,2,35,2024-12-19 14:38:15
500119005,37,0,37,2024-12-19 14:01:17
500107041,37,4,33,2024-12-19 21:40:16
500103057,37,20,17,2024-12-19 21:46:15
500110041,37,28,8,2024-12-19 21:45:15
500107029,37,34,3,2024-12-19 21:48:16
500119005,37,31,4,2024-12-19 06:02:15
500103008,37,32,5,2024-12-19 06:21:15
500103008,37,30,7,2024-12-19 07:16:14
500103057,37,29,7,2024-12-19 08:37:15
500103057,37,23,13,2024-12-19 06:26:14
500103057,37,22,14,2024-12-19 08:26:14
500101095,37,22,15,2024-12-19 07:53:16
500103057,37,21,15,2024-12-19 06:55:16
500101095,37,21,16,2024-12-19 07:35:16
500110041,37,20,16,2024-12-19 05:40:15
500109048,37,17,18,2024-12-19 08:53:15
500112050,37,19,18,2024-12-19 05:10:15
500108057,37,17,19,2024-12-19 08:00:17
500112050,37,18,19,2024-12-19 06:52:15
500112050,37,18,19,2024-12-19 06:26:14
500110041,37,12,24,2024-12-19 07:14:15
500109048,37,10,25,2024-12-19 07:59:15
500110059,37,8,29,2024-12-19 08:01:15
500101233,37,7,30,2024-12-19 06:14:14
500107041,37,7,30,2024-12-19 06:49:15
500107018,37,6,31,2024-12-19 08:06:15
500103008,37,4,33,2024-12-19 08:57:15
500107041,37,4,33,2024-12-19 08:35:16
500104010,37,3,34,2024-12-19 06:27:15
500107029,37,3,34,2024-12-19 06:12:15
500107029,37,2,35,2024-12-19 06:46:15
500107029,37,2,35,2024-12-19 06:04:14
500108033,37,0,35,2024-12-19 08:01:17
500107029,37,0,37,2024-12-19 07:47:15
500107018,37,2,35,2024-12-19 00:30:16
500108033,37,25,10,2024-12-19 00:04:16
500108057,37,5,31,2024-12-19 00:09:14
500101233,37,0,37,2024-12-19 00:20:17
500108057,37,8,28,2024-12-19 22:40:15
500107029,37,22,15,2024-12-19 23:55:16
500101233,37,0,37,2024-12-19 00:59:15
500103008,37,19,15,2024-12-19 23:19:15
500119005,37,18,19,2024-12-19 22:36:15
500101233,37,9,28,2024-12-19 21:38:14
500103008,37,35,2,2024-12-19 04:24:15
500103008,37,12,22,2024-12-19 21:56:15
500103057,37,1,36,2024-12-19 23:44:15
500119005,37,31,6,2024-12-19 01:37:14
500109006,37,21,16,2024-12-19 04:31:15
500103057,37,11,26,2024-12-19 22:16:15
500103008,37,13,21,2024-12-19 22:26:15
500112050,37,23,14,2024-12-19 22:21:15
500103057,37,35,1,2024-12-19 12:08:15
500109048,37,26,9,2024-12-19 11:12:16
500109048,37,24,11,2024-12-19 10:07:16
500104075,37,25,12,2024-12-19 09:24:15
500104075,37,20,17,2024-12-19 10:46:15
500101095,37,18,18,2024-12-19 09:07:15
500109048,37,17,18,2024-12-19 12:54:15
500108033,37,13,22,2024-12-19 09:21:15
500104075,37,12,24,2024-12-19 12:24:16
500107018,37,12,25,2024-12-19 13:06:15
500104075,37,10,26,2024-12-19 12:58:15
500107018,37,11,26,2024-12-19 12:31:15
500101233,37,10,27,2024-12-19 12:46:15
500107018,37,10,27,2024-12-19 10:15:16
500107019,37,6,31,2024-12-19 09:46:16
500107019,37,6,31,2024-12-19 10:21:15
500103008,37,5,32,2024-12-19 09:56:16
500110059,37,4,33,2024-12-19 09:09:15
500110059,37,3,34,2024-12-19 09:24:14
500119005,37,1,34,2024-12-19 09:12:16
500103008,37,2,35,2024-12-19 09:07:15
500107018,37,2,35,2024-12-19 09:37:15
500107018,37,2,35,2024-12-19 09:49:14
500110059,37,2,35,2024-12-19 09:51:14
500101233,37,1,36,2024-12-19 10:07:16
500107019,37,1,36,2024-12-19 12:06:16
500112050,37,1,36,2024-12-19 09:43:15
500112050,37,1,36,2024-12-19 10:07:16
500112050,37,1,36,2024-12-19 10:50:18
500101233,37,0,37,2024-12-19 09:01:17
500103008,37,0,37,2024-12-19 11:16:16
500110059,37,0,37,2024-12-19 12:04:15
500104010,37,27,8,2024-12-19 19:02:16
500107029,37,27,10,2024-12-19 17:37:16
500107029,37,27,10,2024-12-19 18:58:16
500108057,37,26,10,2024-12-19 18:28:16
500104010,37,22,13,2024-12-19 20:26:16
500108057,37,22,14,2024-12-19 18:38:16
500101233,37,22,15,2024-12-19 19:58:15
500103008,37,22,15,2024-12-19 18:58:15
500107029,37,22,15,2024-12-19 18:29:16
500108033,37,19,16,2024-12-19 20:33:15
500110041,37,20,16,2024-12-19 21:06:15
500103008,37,19,18,2024-12-19 18:29:16
500109006,37,19,18,2024-12-19 21:13:16
500110041,37,18,18,2024-12-19 20:22:15
500108033,37,16,19,2024-12-19 19:59:16
500108033,37,16,19,2024-12-19 20:08:15
500109006,37,18,19,2024-12-19 20:19:15
500110059,37,18,19,2024-12-19 18:31:15
500104075,37,16,20,2024-12-19 18:58:16
500108033,37,13,22,2024-12-19 19:12:15
500101233,37,14,23,2024-12-19 20:25:15
500107018,37,14,23,2024-12-19 18:33:16
500107018,37,14,23,2024-12-19 18:42:16
500108033,37,12,23,2024-12-19 18:38:16
500101233,37,13,24,2024-12-19 17:55:17
500107018,37,11,26,2024-12-19 20:55:17
500110041,37,7,29,2024-12-19 18:38:16
500107041,37,4,33,2024-12-19 17:56:16
500112050,37,3,34,2024-12-19 19:29:15
500119005,37,3,34,2024-12-19 19:58:15
500119005,37,2,35,2024-12-19 18:58:15
500107019,37,1,36,2024-12-19 17:55:17
500107029,37,36,1,2024-12-19 16:48:16
500107029,37,35,2,2024-12-19 16:55:17
500107029,37,35,2,2024-12-19 15:27:15
500107029,37,32,5,2024-12-19 14:13:15
500108057,37,24,12,2024-12-19 13:54:15
500103057,37,20,16,2024-12-19 13:43:15
500101095,37,19,17,2024-12-19 16:08:15
500104010,37,13,17,2024-12-19 15:48:15
500104075,37,19,17,2024-12-19 15:34:15
500109048,37,18,17,2024-12-19 13:22:15
500103057,37,19,18,2024-12-19 15:23:14
500104075,37,18,18,2024-12-19 16:16:15
500104010,37,11,19,2024-12-19 14:06:15
500104010,37,10,20,2024-12-19 16:05:16
500101233,37,16,21,2024-12-19 16:58:14
500103057,37,16,21,2024-12-19 16:58:15
500103008,37,15,22,2024-12-19 14:27:14
500104075,37,14,22,2024-12-19 16:34:16
500110059,37,15,22,2024-12-19 13:35:15
500104075,37,13,23,2024-12-19 16:46:15
500103008,37,10,27,2024-12-19 13:36:15
500109048,37,8,27,2024-12-19 17:02:15
500107019,37,9,28,2024-12-19 14:20:16
500107019,37,8,29,2024-12-19 14:34:15
500109048,37,6,29,2024-12-19 17:16:16
500108033,37,4,31,2024-12-19 14:38:15
500110041,37,4,32,2024-12-19 15:46:15
500119005,37,2,35,2024-12-19 15:17:15
500112050,37,20,17,2024-12-19 21:49:15
500103008,37,29,8,2024-12-19 07:27:15
500101095,37,26,10,2024-12-19 08:47:15
500104010,37,26,11,2024-12-19 08:37:15
500119005,37,23,12,2024-12-19 07:08:15
500103057,37,21,15,2024-12-19 06:36:14
500110041,37,20,16,2024-12-19 05:26:15
500110041,37,19,17,2024-12-19 05:58:15
500108057,37,15,21,2024-12-19 07:57:16
500104010,37,15,22,2024-12-19 08:15:16
500107029,37,15,22,2024-12-19 08:36:15
500110041,37,14,22,2024-12-19 07:31:16
500110059,37,15,22,2024-12-19 05:25:15
500110059,37,13,24,2024-12-19 06:37:15
500107041,37,10,27,2024-12-19 08:03:15
500109006,37,9,28,2024-12-19 07:39:15
500108057,37,7,29,2024-12-19 06:25:15
500107018,37,7,30,2024-12-19 08:02:15
500108057,37,6,30,2024-12-19 07:14:14
500110059,37,6,31,2024-12-19 08:13:15
500107019,37,5,32,2024-12-19 06:46:14
500101233,37,3,34,2024-12-19 07:57:16
500104075,37,3,34,2024-12-19 07:37:15
500107029,37,2,35,2024-12-19 07:11:15
500110041,37,1,35,2024-12-19 08:17:15
500112050,37,2,35,2024-12-19 08:43:15
500107029,37,0,37,2024-12-19 08:03:15
500101233,37,0,37,2024-12-19 00:18:14
500103057,37,1,35,2024-12-19 00:07:15
500110041,37,20,17,2024-12-19 00:37:15
500103008,37,20,14,2024-12-19 23:43:14
500107019,37,6,31,2024-12-19 23:47:14
500101095,37,17,19,2024-12-19 23:41:14
500112050,37,26,11,2024-12-19 23:47:14
500107041,37,5,32,2024-12-19 22:42:15
500101095,37,18,18,2024-12-19 22:33:15
500110059,37,23,14,2024-12-19 23:19:15
500107019,37,0,37,2024-12-19 21:25:16
500107029,37,35,2,2024-12-19 21:37:15
500110041,37,21,16,2024-12-19 03:26:14
500110041,37,33,3,2024-12-19 22:04:15
500110041,37,29,7,2024-12-19 21:58:15
500110041,37,21,16,2024-12-19 00:45:15
500103008,37,34,3,2024-12-19 04:06:15
500119005,37,17,20,2024-12-19 22:25:16
500107029,37,19,18,2024-12-19 23:30:16
500119005,37,34,3,2024-12-19 02:07:15
500103057,37,35,1,2024-12-19 11:28:16
500107029,37,33,4,2024-12-19 12:11:16
500107029,37,32,5,2024-12-19 11:03:16
500104075,37,26,11,2024-12-19 10:06:15
500107029,37,26,11,2024-12-19 10:16:15
500107029,37,24,13,2024-12-19 09:47:15
500109048,37,22,13,2024-12-19 09:35:16
500108057,37,22,14,2024-12-19 12:38:15
500101095,37,20,16,2024-12-19 13:05:15
500104010,37,13,17,2024-12-19 12:06:16
500108057,37,19,17,2024-12-19 12:10:16
500107029,37,19,18,2024-12-19 09:27:15
500108057,37,18,18,2024-12-19 09:26:15
500108057,37,16,20,2024-12-19 10:53:15
500104075,37,15,22,2024-12-19 11:15:16
500104010,37,13,24,2024-12-19 09:27:15
500108033,37,10,25,2024-12-19 09:53:15
500101233,37,10,27,2024-12-19 12:22:16
500108033,37,7,28,2024-12-19 11:47:16
500107019,37,8,29,2024-12-19 09:18:15
500109006,37,5,32,2024-12-19 09:10:15
500119005,37,5,32,2024-12-19 12:55:16
500101233,37,4,33,2024-12-19 11:06:15
500107041,37,4,33,2024-12-19 10:32:15
500109006,37,4,33,2024-12-19 09:37:15
500109006,37,4,33,2024-12-19 10:11:15
500112050,37,4,33,2024-12-19 12:58:15
500101233,37,3,34,2024-12-19 11:20:17
500107018,37,3,34,2024-12-19 09:09:15
500107019,37,3,34,2024-12-19 11:38:14
500107041,37,2,35,2024-12-19 11:22:16
500110059,37,2,35,2024-12-19 10:05:16
500112050,37,2,35,2024-12-19 09:55:17
500107041,37,1,36,2024-12-19 11:01:17
500110059,37,1,36,2024-12-19 09:45:15
500112050,37,1,36,2024-12-19 12:06:14
500101233,37,0,37,2024-12-19 09:34:16
500103008,37,0,37,2024-12-19 09:18:15
500112050,37,0,37,2024-12-19 10:18:15
500119005,37,0,37,2024-12-19 09:37:16
500119005,37,0,37,2024-12-19 10:04:16
500103008,37,30,7,2024-12-19 20:42:15
500104010,37,28,7,2024-12-19 18:56:15
500107029,37,28,9,2024-12-19 19:36:15
500108057,37,27,9,2024-12-19 18:16:16
500103057,37,26,11,2024-12-19 21:08:15
500110041,37,20,16,2024-12-19 20:13:15
500104075,37,19,17,2024-12-19 20:12:15
500110059,37,20,17,2024-12-19 19:36:15
500109006,37,19,18,2024-12-19 20:11:16
500109006,37,19,18,2024-12-19 17:11:16
500110059,37,19,18,2024-12-19 18:06:15
500110059,37,19,18,2024-12-19 19:25:15
500101233,37,18,19,2024-12-19 19:19:15
500109006,37,18,19,2024-12-19 19:00:17
500103008,37,16,21,2024-12-19 17:47:15
500104075,37,15,21,2024-12-19 18:35:16
500107018,37,16,21,2024-12-19 18:16:16
500108033,37,14,21,2024-12-19 18:25:17
500110059,37,16,21,2024-12-19 20:20:16
500107018,37,15,22,2024-12-19 18:07:16
500108057,37,13,23,2024-12-19 20:21:15
500104075,37,12,24,2024-12-19 21:07:16
500104075,37,11,25,2024-12-19 17:45:16
500110059,37,11,26,2024-12-19 17:23:15
500112050,37,11,26,2024-12-19 20:57:15
500101233,37,10,27,2024-12-19 20:44:15
500104010,37,3,27,2024-12-19 17:38:16
500101233,37,9,28,2024-12-19 21:09:16
500109048,37,7,28,2024-12-19 17:19:15
500104010,37,1,29,2024-12-19 18:08:16
500119005,37,7,30,2024-12-19 20:19:14
500109048,37,3,32,2024-12-19 21:00:16
500101095,37,3,33,2024-12-19 18:47:16
500112050,37,4,33,2024-12-19 19:32:15
500101095,37,2,34,2024-12-19 17:52:16
500107019,37,3,34,2024-12-19 20:46:16
500107019,37,3,34,2024-12-19 18:25:17
500107041,37,3,34,2024-12-19 18:03:15
500107041,37,3,34,2024-12-19 19:14:15
500119005,37,3,34,2024-12-19 20:51:16
500101095,37,1,35,2024-12-19 19:05:16
500101233,37,2,35,2024-12-19 18:36:16
500107019,37,1,36,2024-12-19 17:23:16
500119005,37,1,36,2024-12-19 19:24:15
500112050,37,0,37,2024-12-19 18:46:15
500107029,37,37,0,2024-12-19 16:09:16
500107029,37,31,6,2024-12-19 13:59:15
500103057,37,24,12,2024-12-19 13:28:16
500101095,37,23,13,2024-12-19 15:44:15
500103057,37,20,17,2024-12-19 15:06:15
500104075,37,19,17,2024-12-19 16:06:15
500109048,37,18,17,2024-12-19 15:09:15
500103057,37,17,20,2024-12-19 16:03:15
500107018,37,15,22,2024-12-19 15:34:15
500104075,37,12,24,2024-12-19 17:08:15
500104075,37,9,27,2024-12-19 15:10:15
500110059,37,10,27,2024-12-19 17:17:16
500108033,37,7,28,2024-12-19 16:34:16
500109006,37,8,29,2024-12-19 14:15:16
500110059,37,8,29,2024-12-19 17:08:16
500107019,37,7,30,2024-12-19 13:41:15
500107041,37,6,31,2024-12-19 16:20:17
500108033,37,4,31,2024-12-19 13:32:15
500110041,37,5,31,2024-12-19 16:23:15
500119005,37,3,34,2024-12-19 13:37:15
500107041,37,2,35,2024-12-19 17:06:16
500112050,37,2,35,2024-12-19 13:50:16
500107019,37,1,36,2024-12-19 21:47:15
500109048,37,2,33,2024-12-19 21:45:15
500101233,37,12,25,2024-12-19 21:49:14
500103057,37,32,4,2024-12-19 08:17:15
500108057,37,28,8,2024-12-19 08:52:16
500108033,37,24,11,2024-12-19 05:11:15
500108033,37,23,12,2024-12-19 06:37:14
500108033,37,19,16,2024-12-19 06:55:16
500101095,37,20,17,2024-12-19 07:46:15
500112050,37,20,17,2024-12-19 07:27:15
500109006,37,19,18,2024-12-19 05:37:15
500119005,37,17,18,2024-12-19 07:46:15
500110041,37,17,19,2024-12-19 06:56:15
500112050,37,18,19,2024-12-19 05:04:15
500104075,37,15,22,2024-12-19 07:56:15
500108057,37,8,28,2024-12-19 07:33:15
500109048,37,7,28,2024-12-19 05:32:15
500109006,37,6,31,2024-12-19 08:15:16
500108057,37,4,32,2024-12-19 05:50:15
500109006,37,5,32,2024-12-19 08:54:15
500119005,37,3,32,2024-12-19 08:02:15
500110059,37,4,33,2024-12-19 08:57:15
500110041,37,2,34,2024-12-19 07:55:17
500107029,37,1,36,2024-12-19 06:37:15
500104075,37,5,32,2024-12-19 00:02:15
500107029,37,7,30,2024-12-19 00:23:14
500107041,37,7,30,2024-12-19 00:04:16
500101095,37,12,25,2024-12-19 01:17:15
500107029,37,20,17,2024-12-19 23:13:14
500107019,37,1,36,2024-12-19 22:23:14
500108057,37,9,27,2024-12-19 21:55:16
500109006,37,18,19,2024-12-19 21:22:15
500119005,37,7,30,2024-12-19 21:36:15
500108033,37,9,26,2024-12-19 21:36:15
500112050,37,17,20,2024-12-19 21:34:15
500110059,37,21,16,2024-12-19 21:39:15
500101095,37,13,24,2024-12-19 01:40:15
500110059,37,17,20,2024-12-19 03:29:14
500107018,37,9,28,2024-12-19 21:40:16
500110059,37,23,14,2024-12-19 21:53:15
500104075,37,14,22,2024-12-19 21:49:15
500107018,37,3,34,2024-12-19 03:43:14
500110059,37,11,26,2024-12-19 03:27:15
500119005,37,25,12,2024-12-19 23:35:15
500110041,37,34,2,2024-12-19 22:12:14
500107029,37,4,33,2024-12-19 04:41:15
500103057,37,34,1,2024-12-19 09:37:16
500103057,37,34,2,2024-12-19 09:56:16
500107029,37,35,2,2024-12-19 12:38:15
500107029,37,34,3,2024-12-19 11:26:15
500103057,37,31,5,2024-12-19 10:48:15
500107029,37,31,6,2024-12-19 12:28:15
500103057,37,29,7,2024-12-19 12:46:15
500109048,37,18,17,2024-12-19 12:44:14
500101095,37,17,19,2024-12-19 11:49:16
500101095,37,18,19,2024-12-19 11:02:15
500101095,37,18,19,2024-12-19 11:19:15
500104075,37,15,21,2024-12-19 11:51:16
500110059,37,14,23,2024-12-19 13:06:15
500107018,37,12,25,2024-12-19 11:19:15
500103008,37,10,27,2024-12-19 12:55:16
500107018,37,10,27,2024-12-19 10:04:16
500108033,37,7,28,2024-12-19 12:08:15
500108033,37,7,28,2024-12-19 11:23:14
500107018,37,8,29,2024-12-19 11:59:16
500107019,37,8,29,2024-12-19 12:38:14
500107019,37,8,29,2024-12-19 09:09:15
500109006,37,7,30,2024-12-19 12:28:15
500110041,37,6,30,2024-12-19 11:04:15
500101233,37,6,31,2024-12-19 11:33:15
500107019,37,6,31,2024-12-19 11:27:15
500109006,37,4,33,2024-12-19 09:07:15
500119005,37,3,34,2024-12-19 12:26:16
500101095,37,2,35,2024-12-19 10:22:16
500103008,37,2,35,2024-12-19 10:27:15
500103008,37,2,35,2024-12-19 10:55:17
500107041,37,2,35,2024-12-19 10:18:15
500110059,37,2,35,2024-12-19 10:47:16
500103008,37,1,36,2024-12-19 09:47:15
500107041,37,1,36,2024-12-19 12:44:15
500110059,37,1,36,2024-12-19 11:29:15
500107041,37,0,37,2024-12-19 11:37:15
500107029,37,32,5,2024-12-19 20:58:15
500103057,37,28,9,2024-12-19 21:20:16
500103008,37,25,12,2024-12-19 19:37:16
500103008,37,25,12,2024-12-19 19:42:15
500108057,37,24,12,2024-12-19 17:47:16
500108057,37,23,13,2024-12-19 17:28:15
500104010,37,21,14,2024-12-19 20:11:16
500107029,37,23,14,2024-12-19 20:11:16
500101233,37,20,17,2024-12-19 19:29:15
500110059,37,19,18,2024-12-19 18:46:15
500109006,37,18,19,2024-12-19 18:06:15
500110059,37,18,19,2024-12-19 18:18:16
500104075,37,16,20,2024-12-19 20:38:15
500103057,37,16,21,2024-12-19 19:47:15
500104075,37,15,21,2024-12-19 20:51:16
500107018,37,16,21,2024-12-19 19:37:16
500108057,37,14,22,2024-12-19 21:09:16
500107018,37,14,23,2024-12-19 19:53:15
500108033,37,10,25,2024-12-19 18:18:16
500101095,37,8,28,2024-12-19 19:59:16
500101233,37,9,28,2024-12-19 20:39:16
500101233,37,9,28,2024-12-19 18:18:16
500103057,37,9,28,2024-12-19 20:29:15
500101095,37,7,29,2024-12-19 20:12:15
500108033,37,6,29,2024-12-19 21:13:16
500101233,37,7,30,2024-12-19 18:48:15
500104010,37,0,30,2024-12-19 18:38:16
500119005,37,7,30,2024-12-19 17:37:16
500110041,37,5,31,2024-12-19 18:27:15
500112050,37,6,31,2024-12-19 18:03:15
500109048,37,2,33,2024-12-19 20:12:15
500112050,37,4,33,2024-12-19 19:56:16
500112050,37,4,33,2024-12-19 20:29:15
500112050,37,4,33,2024-12-19 17:48:14
500112050,37,4,33,2024-12-19 18:18:15
500112050,37,4,33,2024-12-19 18:34:15
500101095,37,1,35,2024-12-19 18:05:16
500107019,37,2,35,2024-12-19 18:35:16
500107041,37,1,36,2024-12-19 17:21:15
500112050,37,0,37,2024-12-19 17:28:16
500101095,37,21,15,2024-12-19 13:28:15
500103057,37,21,15,2024-12-19 13:38:15
500108057,37,21,15,2024-12-19 16:48:16
500103057,37,21,16,2024-12-19 14:42:15
500101095,37,19,17,2024-12-19 13:40:16
500109006,37,20,17,2024-12-19 16:36:15
500104010,37,12,18,2024-12-19 15:18:15
500103057,37,18,19,2024-12-19 16:18:16
500103057,37,17,20,2024-12-19 15:40:16
500104010,37,8,22,2024-12-19 16:14:15
500103057,37,14,23,2024-12-19 14:38:15
500107018,37,14,23,2024-12-19 13:16:14
500107018,37,14,23,2024-12-19 15:20:15
500110059,37,12,25,2024-12-19 15:43:15
500104075,37,10,26,2024-12-19 14:21:14
500119005,37,10,27,2024-12-19 15:26:15
500101233,37,8,29,2024-12-19 14:30:16
500107019,37,8,29,2024-12-19 14:57:15
500110041,37,7,29,2024-12-19 14:54:15
500101233,37,7,30,2024-12-19 13:45:16
500108033,37,5,30,2024-12-19 15:13:16
500110041,37,6,30,2024-12-19 13:21:16
500107019,37,2,35,2024-12-19 17:08:16
500119005,37,1,36,2024-12-19 13:42:15
500119005,37,1,36,2024-12-19 15:06:16
500112050,37,0,37,2024-12-19 17:08:16
500104010,37,12,23,2024-12-19 21:41:15
500108057,37,29,7,2024-12-19 08:42:15
500104010,37,24,13,2024-12-19 08:26:15
500103057,37,21,15,2024-12-19 06:47:15
500110041,37,19,17,2024-12-19 05:31:14
500112050,37,18,19,2024-12-19 05:41:14
500110059,37,14,23,2024-12-19 07:13:15
500110059,37,13,24,2024-12-19 07:23:15
500109006,37,11,26,2024-12-19 07:17:14
500107041,37,10,27,2024-12-19 07:57:16
500104075,37,9,28,2024-12-19 07:47:15
500109048,37,7,28,2024-12-19 07:39:15
500107041,37,8,29,2024-12-19 06:47:15
500101233,37,7,30,2024-12-19 05:06:15
500107019,37,6,31,2024-12-19 07:11:15
500109048,37,4,31,2024-12-19 07:00:16
500101233,37,5,32,2024-12-19 07:32:15
500104075,37,5,32,2024-12-19 05:20:16
500108033,37,3,32,2024-12-19 07:24:15
500103008,37,4,33,2024-12-19 08:17:15
500104075,37,4,33,2024-12-19 07:17:14
500119005,37,2,33,2024-12-19 08:57:15
500107018,37,3,34,2024-12-19 08:53:14
500104075,37,1,36,2024-12-19 06:26:14
500107029,37,1,36,2024-12-19 07:57:16
500107029,37,21,16,2024-12-19 23:45:16
500109006,37,19,18,2024-12-19 23:07:15
500119005,37,29,8,2024-12-19 01:02:15
500104010,37,8,29,2024-12-19 01:17:15
500107029,37,8,29,2024-12-19 01:00:17
500110041,37,22,15,2024-12-19 01:10:16
500107019,37,0,37,2024-12-19 22:45:16
500119005,37,24,13,2024-12-19 23:05:15
500110041,37,34,2,2024-12-19 23:13:15
500107029,37,36,1,2024-12-19 22:34:15
500103057,37,23,14,2024-12-19 21:38:15
500107029,37,36,1,2024-12-19 22:09:15
500104010,37,10,25,2024-12-19 21:55:16
500107029,37,9,28,2024-12-19 03:28:14
500103057,37,14,22,2024-12-19 02:34:15
500101233,37,6,31,2024-12-19 02:01:16
500101095,37,17,19,2024-12-19 22:10:17
500110059,37,24,13,2024-12-19 22:16:15
500101095,37,17,19,2024-12-19 22:22:15
500110041,37,33,3,2024-12-19 22:23:15
500103057,37,35,0,2024-12-19 10:06:15
500108057,37,29,7,2024-12-19 09:06:15
500103057,37,28,8,2024-12-19 12:51:14
500109048,37,26,9,2024-12-19 10:08:15
500108057,37,24,12,2024-12-19 12:43:15
500104075,37,23,14,2024-12-19 10:19:16
500101095,37,20,16,2024-12-19 12:28:15
500104075,37,21,16,2024-12-19 09:07:15
500109048,37,19,16,2024-12-19 12:01:16
500108057,37,18,18,2024-12-19 09:38:14
500108057,37,18,18,2024-12-19 11:54:15
500108057,37,16,20,2024-12-19 09:53:15
500107018,37,13,24,2024-12-19 11:17:15
500103008,37,11,26,2024-12-19 13:06:15
500103008,37,9,28,2024-12-19 12:45:16
500107018,37,9,28,2024-12-19 11:54:15
500108033,37,7,28,2024-12-19 12:19:16
500110041,37,8,28,2024-12-19 11:31:15
500107019,37,7,30,2024-12-19 09:31:15
500107019,37,7,30,2024-12-19 10:31:15
500101233,37,6,31,2024-12-19 11:48:15
500103008,37,6,31,2024-12-19 12:06:16
500107019,37,6,31,2024-12-19 10:46:15
500107041,37,6,31,2024-12-19 10:47:16
500110041,37,4,32,2024-12-19 10:30:16
500110041,37,3,33,2024-12-19 09:25:16
500110041,37,3,33,2024-12-19 10:39:16
500101233,37,3,34,2024-12-19 10:46:15
500107041,37,3,34,2024-12-19 12:54:15
500107019,37,2,35,2024-12-19 11:50:16
500103008,37,1,36,2024-12-19 11:06:15
500107041,37,1,36,2024-12-19 10:58:16
500119005,37,0,37,2024-12-19 11:48:16
500119005,37,0,37,2024-12-19 09:53:17
500119005,37,0,37,2024-12-19 10:58:15
500103057,37,33,4,2024-12-19 18:58:16
500103008,37,32,5,2024-12-19 20:58:15
500103008,37,30,7,2024-12-19 21:05:16
500104010,37,26,9,2024-12-19 19:08:15
500103057,37,27,10,2024-12-19 18:29:16
500104010,37,23,12,2024-12-19 20:30:17
500107029,37,25,12,2024-12-19 19:49:15
500108057,37,24,12,2024-12-19 17:35:16
500110041,37,22,14,2024-12-19 20:49:15
500103008,37,21,16,2024-12-19 19:18:15
500104075,37,19,17,2024-12-19 19:48:14
500108057,37,19,17,2024-12-19 19:05:16
500110041,37,18,18,2024-12-19 19:42:14
500110059,37,19,18,2024-12-19 20:37:16
500110059,37,19,18,2024-12-19 19:41:16
500110059,37,19,18,2024-12-19 18:21:16
500103057,37,18,19,2024-12-19 17:37:16
500110059,37,18,19,2024-12-19 20:46:16
500108033,37,15,20,2024-12-19 19:46:15
500110059,37,17,20,2024-12-19 19:55:16
500107018,37,15,22,2024-12-19 18:58:16
500103057,37,13,24,2024-12-19 19:59:15
500110041,37,9,27,2024-12-19 17:54:15
500104010,37,2,28,2024-12-19 17:48:15
500110041,37,8,28,2024-12-19 18:13:16
500108033,37,6,29,2024-12-19 18:07:16
500101095,37,6,30,2024-12-19 20:09:15
500104010,37,0,30,2024-12-19 17:56:15
500108033,37,5,30,2024-12-19 17:58:16
500107041,37,6,31,2024-12-19 21:07:16
500101233,37,5,32,2024-12-19 18:29:16
500107041,37,5,32,2024-12-19 19:27:15
500107041,37,5,32,2024-12-19 21:17:15
500109048,37,3,32,2024-12-19 20:01:15
500119005,37,5,32,2024-12-19 17:59:15
500101095,37,3,33,2024-12-19 18:17:15
500107041,37,3,34,2024-12-19 19:40:15
500101095,37,1,35,2024-12-19 19:11:15
500107019,37,2,35,2024-12-19 21:07:16
500107019,37,2,35,2024-12-19 18:18:16
500107041,37,2,35,2024-12-19 20:47:15
500119005,37,2,35,2024-12-19 20:43:14
500101095,37,0,36,2024-12-19 17:27:16
500107029,37,32,5,2024-12-19 14:34:15
500107029,37,30,7,2024-12-19 17:05:17
500101095,37,20,16,2024-12-19 13:36:15
500103057,37,21,16,2024-12-19 17:17:16
500108057,37,20,16,2024-12-19 15:19:16
500109048,37,19,16,2024-12-19 15:20:16
500103057,37,19,18,2024-12-19 16:47:15
500104010,37,11,19,2024-12-19 15:55:16
500104010,37,9,21,2024-12-19 16:54:16
500107018,37,13,24,2024-12-19 14:52:16
500104075,37,11,25,2024-12-19 14:36:16
500101233,37,11,26,2024-12-19 16:01:16
500104075,37,10,26,2024-12-19 14:59:15
500119005,37,11,26,2024-12-19 16:58:15
500107019,37,10,27,2024-12-19 16:02:15
500119005,37,10,27,2024-12-19 17:16:16
500110041,37,8,28,2024-12-19 14:47:15
500119005,37,9,28,2024-12-19 16:35:15
500108033,37,6,29,2024-12-19 15:21:15
500109006,37,8,29,2024-12-19 15:16:15
500110041,37,7,29,2024-12-19 13:30:16
500101233,37,7,30,2024-12-19 14:01:15
500107041,37,6,31,2024-12-19 16:52:14
500112050,37,1,36,2024-12-19 15:10:15
500108057,37,28,8,2024-12-19 08:36:14
500104075,37,24,13,2024-12-19 08:52:15
500103008,37,21,16,2024-12-19 07:36:15
500110041,37,21,16,2024-12-19 04:56:15
500109006,37,20,17,2024-12-19 05:23:15
500103008,37,17,20,2024-12-19 07:47:15
500107029,37,17,20,2024-12-19 08:46:14
500109006,37,16,21,2024-12-19 06:15:15
500110041,37,13,23,2024-12-19 07:27:15
500112050,37,14,23,2024-12-19 07:56:15
500101095,37,10,27,2024-12-19 06:28:14
500109006,37,10,27,2024-12-19 07:34:15
500110059,37,9,28,2024-12-19 07:50:16
500107019,37,7,30,2024-12-19 07:26:15
500110041,37,6,30,2024-12-19 07:45:16
500101233,37,6,31,2024-12-19 05:23:15
500107029,37,5,32,2024-12-19 08:17:15
500107041,37,5,32,2024-12-19 08:25:16
500119005,37,3,32,2024-12-19 08:36:15
500101233,37,4,33,2024-12-19 07:25:15
500104075,37,4,33,2024-12-19 06:07:15
500107018,37,4,33,2024-12-19 08:46:15
500107029,37,4,33,2024-12-19 07:23:15
500110059,37,4,33,2024-12-19 08:25:16
500108033,37,1,34,2024-12-19 08:16:15
500108033,37,1,34,2024-12-19 08:37:16
500104010,37,2,35,2024-12-19 05:33:15
500107018,37,2,35,2024-12-19 08:33:16
500103008,37,0,37,2024-12-19 08:46:15
500103057,37,8,28,2024-12-19 00:18:15
500107018,37,1,36,2024-12-19 00:05:15
500107019,37,4,33,2024-12-19 00:04:16
500119005,37,26,11,2024-12-19 00:02:15
500119005,37,26,11,2024-12-19 00:16:15
500107018,37,1,36,2024-12-19 00:42:15
500109048,37,6,29,2024-12-19 00:01:16
500103030,38,31,7,2024-12-19 00:56:14
500105055,38,31,7,2024-12-19 01:07:15
500104107,38,2,35,2024-12-19 23:15:14
500104044,38,6,32,2024-12-19 22:17:15
500105036,38,9,29,2024-12-19 22:10:17
500104055,38,21,16,2024-12-19 21:35:16
500104055,38,3,34,2024-12-19 01:38:16
500105055,38,30,8,2024-12-19 02:31:14
500113012,38,14,14,2024-12-19 01:21:15
500107075,38,6,32,2024-12-19 21:52:14
500103030,38,31,7,2024-12-19 01:54:15
500104055,38,11,26,2024-12-19 22:45:15
500113012,38,22,15,2024-12-19 22:44:14
500104003,38,27,6,2024-12-19 04:29:15
500103030,38,34,3,2024-12-19 22:19:15
500104072,38,16,22,2024-12-19 22:22:15
500105055,38,29,6,2024-12-19 23:23:15
500103059,38,34,4,2024-12-19 10:23:15
500101123,38,11,8,2024-12-19 11:58:16
500101123,38,11,8,2024-12-19 10:44:15
500112073,38,28,10,2024-12-19 13:07:15
500101123,38,7,12,2024-12-19 12:16:15
500104044,38,23,15,2024-12-19 13:03:15
500105055,38,22,16,2024-12-19 12:05:16
500107075,38,21,17,2024-12-19 13:03:15
500103030,38,13,18,2024-12-19 12:19:15
500107075,38,19,19,2024-12-19 12:16:15
500103030,38,8,23,2024-12-19 10:27:15
500104003,38,14,24,2024-12-19 11:01:17
500104107,38,11,26,2024-12-19 11:15:16
500104055,38,10,27,2024-12-19 11:35:17
500112073,38,10,28,2024-12-19 09:41:15
500104072,38,8,29,2024-12-19 10:04:16
500101207,38,5,31,2024-12-19 10:18:15
500101207,38,4,34,2024-12-19 11:21:15
500101207,38,1,35,2024-12-19 09:00:18
500105055,38,32,6,2024-12-19 17:56:16
500103030,38,25,10,2024-12-19 17:38:16
500103030,38,24,11,2024-12-19 20:38:15
500104055,38,25,12,2024-12-19 19:57:15
500105055,38,26,12,2024-12-19 18:48:15
500104107,38,25,13,2024-12-19 17:25:15
500104003,38,23,14,2024-12-19 18:29:16
500104055,38,23,14,2024-12-19 21:16:15
500105055,38,21,14,2024-12-19 20:50:16
500112073,38,23,15,2024-12-19 17:22:16
500112073,38,23,15,2024-12-19 17:46:15
500103030,38,17,18,2024-12-19 18:18:16
500107075,38,20,18,2024-12-19 19:36:15
500107075,38,19,19,2024-12-19 19:15:16
500113012,38,18,19,2024-12-19 20:57:15
500112073,38,18,20,2024-12-19 18:06:15
500113012,38,16,21,2024-12-19 20:06:15
500107075,38,16,22,2024-12-19 18:07:16
500113012,38,15,22,2024-12-19 19:50:15
500101207,38,15,23,2024-12-19 20:08:15
500112073,38,14,24,2024-12-19 20:05:16
500104044,38,13,25,2024-12-19 20:37:16
500107075,38,12,26,2024-12-19 21:09:16
500107075,38,12,26,2024-12-19 21:20:16
500105036,38,11,27,2024-12-19 19:45:16
500101207,38,10,28,2024-12-19 20:49:15
500104072,38,6,32,2024-12-19 19:29:16
500104044,38,5,33,2024-12-19 17:37:16
500104107,38,4,34,2024-12-19 19:06:16
500113012,38,2,35,2024-12-19 17:27:16
500104107,38,2,36,2024-12-19 20:34:14
500101123,38,1,37,2024-12-19 18:37:15
500104044,38,1,37,2024-12-19 18:18:16
500104055,38,0,37,2024-12-19 17:58:16
500104044,38,0,38,2024-12-19 18:07:16
500103059,38,37,1,2024-12-19 14:27:14
500103059,38,34,4,2024-12-19 15:20:15
500101123,38,24,8,2024-12-19 15:52:15
500101123,38,22,10,2024-12-19 16:47:15
500112073,38,28,10,2024-12-19 15:30:17
500101123,38,15,12,2024-12-19 13:52:15
500103030,38,17,14,2024-12-19 15:48:15
500104044,38,24,14,2024-12-19 13:28:16
500104107,38,12,25,2024-12-19 13:48:16
500104107,38,11,26,2024-12-19 14:06:15
500104003,38,11,27,2024-12-19 13:38:16
500104044,38,11,27,2024-12-19 16:58:15
500104055,38,10,27,2024-12-19 15:47:15
500104044,38,10,28,2024-12-19 17:00:17
500101123,38,9,29,2024-12-19 17:18:16
500104044,38,9,29,2024-12-19 16:40:16
500101207,38,8,30,2024-12-19 16:56:15
500104072,38,7,30,2024-12-19 16:30:16
500101207,38,4,34,2024-12-19 15:08:15
500101123,38,3,35,2024-12-19 21:47:15
500101207,38,9,29,2024-12-19 21:48:15
500103059,38,38,0,2024-12-19 07:39:16
500103059,38,34,4,2024-12-19 05:14:15
500103059,38,33,5,2024-12-19 08:37:15
500104072,38,31,6,2024-12-19 06:37:15
500113012,38,21,6,2024-12-19 05:25:15
500105055,38,27,11,2024-12-19 07:57:16
500104003,38,17,12,2024-12-19 07:17:14
500104044,38,25,13,2024-12-19 08:35:16
500113012,38,9,18,2024-12-19 06:55:15
500104072,38,17,20,2024-12-19 07:17:14
500104107,38,15,22,2024-12-19 08:57:15
500104055,38,13,24,2024-12-19 08:17:15
500101123,38,11,27,2024-12-19 08:36:15
500104003,38,1,28,2024-12-19 07:56:16
500103030,38,8,29,2024-12-19 07:37:15
500104003,38,0,29,2024-12-19 08:56:16
500104107,38,7,30,2024-12-19 05:15:15
500104055,38,6,31,2024-12-19 06:51:15
500103030,38,5,32,2024-12-19 08:47:15
500103030,38,5,32,2024-12-19 08:00:17
500104107,38,3,34,2024-12-19 00:41:14
500105055,38,32,6,2024-12-19 00:33:16
500107075,38,8,30,2024-12-19 00:03:15
500113012,38,12,16,2024-12-19 00:30:16
500103030,38,30,8,2024-12-19 00:47:15
500104107,38,1,36,2024-12-19 00:07:15
500104107,38,0,37,2024-12-19 23:28:16
500104044,38,8,30,2024-12-19 23:38:15
500107075,38,10,28,2024-12-19 23:09:15
500104003,38,16,14,2024-12-19 23:02:14
500103059,38,25,13,2024-12-19 22:45:16
500112073,38,15,23,2024-12-19 21:38:15
500103030,38,33,4,2024-12-19 22:09:15
500103030,38,32,6,2024-12-19 02:20:16
500105055,38,26,9,2024-12-19 23:07:14
500104072,38,22,16,2024-12-19 22:59:14
500101123,38,11,8,2024-12-19 11:37:15
500103059,38,30,8,2024-12-19 11:17:15
500104044,38,30,8,2024-12-19 09:27:15
500113012,38,27,9,2024-12-19 09:24:15
500103059,38,28,10,2024-12-19 11:53:16
500104044,38,26,12,2024-12-19 12:45:16
500104044,38,25,13,2024-12-19 12:51:14
500104003,38,24,14,2024-12-19 10:06:15
500104044,38,24,14,2024-12-19 10:37:16
500104003,38,23,15,2024-12-19 10:17:16
500101123,38,1,18,2024-12-19 12:41:16
500104003,38,20,18,2024-12-19 11:37:15
500107075,38,20,18,2024-12-19 11:37:15
500103030,38,12,19,2024-12-19 11:28:16
500104044,38,18,20,2024-12-19 11:07:16
500104107,38,17,20,2024-12-19 13:06:15
500113012,38,14,22,2024-12-19 12:18:15
500104003,38,15,23,2024-12-19 10:58:16
500104107,38,14,23,2024-12-19 10:04:16
500101207,38,12,24,2024-12-19 10:28:15
500104003,38,14,24,2024-12-19 12:38:15
500104107,38,13,24,2024-12-19 12:08:15
500101123,38,12,26,2024-12-19 09:08:15
500113012,38,8,28,2024-12-19 10:12:15
500113012,38,8,28,2024-12-19 10:46:15
500101123,38,9,29,2024-12-19 09:37:15
500101207,38,6,30,2024-12-19 11:05:17
500104072,38,7,30,2024-12-19 11:38:15
500104003,38,2,31,2024-12-19 09:33:15
500101123,38,5,33,2024-12-19 09:47:15
500101207,38,5,33,2024-12-19 11:17:15
500105036,38,5,33,2024-12-19 12:43:15
500104072,38,3,34,2024-12-19 11:57:15
500103059,38,38,0,2024-12-19 19:59:17
500103059,38,38,0,2024-12-19 19:07:15
500104003,38,30,7,2024-12-19 18:03:15
500104072,38,26,11,2024-12-19 18:37:15
500103030,38,25,12,2024-12-19 21:14:15
500104055,38,25,12,2024-12-19 19:12:15
500103030,38,22,13,2024-12-19 17:48:15
500104055,38,24,13,2024-12-19 20:11:16
500105055,38,22,13,2024-12-19 21:20:16
500112073,38,21,17,2024-12-19 17:53:15
500113012,38,20,17,2024-12-19 21:02:15
500104003,38,9,19,2024-12-19 19:59:16
500104107,38,19,19,2024-12-19 17:59:15
500113012,38,18,19,2024-12-19 20:48:15
500101207,38,15,23,2024-12-19 17:59:15
500103030,38,11,24,2024-12-19 18:49:16
500103030,38,10,25,2024-12-19 18:46:15
500112073,38,13,25,2024-12-19 20:19:15
500113012,38,12,25,2024-12-19 19:18:15
500101207,38,12,26,2024-12-19 21:18:14
500104072,38,12,26,2024-12-19 20:39:16
500101207,38,11,27,2024-12-19 20:37:16
500104044,38,11,27,2024-12-19 21:19:16
500104072,38,10,27,2024-12-19 17:28:15
500113012,38,9,28,2024-12-19 19:04:15
500105036,38,8,30,2024-12-19 17:25:16
500104044,38,4,34,2024-12-19 19:52:16
500104107,38,3,35,2024-12-19 19:28:15
500113012,38,2,35,2024-12-19 18:02:15
500113012,38,1,36,2024-12-19 17:52:16
500101123,38,0,38,2024-12-19 18:12:17
500101123,38,0,38,2024-12-19 18:47:16
500101123,38,27,5,2024-12-19 14:32:15
500103030,38,20,11,2024-12-19 13:13:15
500103030,38,17,14,2024-12-19 15:26:15
500104044,38,24,14,2024-12-19 14:21:14
500103030,38,15,16,2024-12-19 13:43:15
500104107,38,21,17,2024-12-19 16:43:15
500107075,38,19,19,2024-12-19 15:52:15
500113012,38,17,20,2024-12-19 16:57:16
500113012,38,16,21,2024-12-19 16:16:15
500107075,38,15,23,2024-12-19 17:14:16
500104003,38,13,25,2024-12-19 13:54:15
500104055,38,12,25,2024-12-19 15:28:14
500104107,38,11,26,2024-12-19 14:47:15
500104072,38,7,30,2024-12-19 13:15:15
500101207,38,6,32,2024-12-19 15:26:15
500103030,38,28,10,2024-12-19 02:57:14
500101207,38,36,0,2024-12-19 06:30:17
500101207,38,35,1,2024-12-19 06:18:15
500101207,38,31,5,2024-12-19 07:41:15
500104072,38,32,5,2024-12-19 06:24:15
500113012,38,31,5,2024-12-19 08:46:15
500113012,38,22,5,2024-12-19 05:14:15
500113012,38,24,9,2024-12-19 08:37:15
500105055,38,27,11,2024-12-19 06:03:15
500104072,38,23,14,2024-12-19 07:37:15
500104044,38,20,18,2024-12-19 06:13:14
500101123,38,18,19,2024-12-19 07:37:15
500101123,38,12,25,2024-12-19 07:15:17
500105036,38,12,26,2024-12-19 07:43:15
500105036,38,8,30,2024-12-19 08:20:17
500104107,38,3,34,2024-12-19 08:17:15
500107075,38,3,35,2024-12-19 08:16:15
500107075,38,3,35,2024-12-19 07:27:15
500103059,38,31,7,2024-12-19 00:17:15
500113012,38,22,15,2024-12-19 23:42:15
500103059,38,32,6,2024-12-19 00:00:16
500104044,38,19,19,2024-12-19 00:42:15
500101207,38,6,32,2024-12-19 23:18:15
500104072,38,20,18,2024-12-19 22:35:16
500104044,38,11,27,2024-12-19 21:32:15
500113012,38,18,19,2024-12-19 21:38:15
500104107,38,0,37,2024-12-19 22:09:15
500104044,38,3,35,2024-12-19 22:07:15
500105055,38,25,10,2024-12-19 21:51:15
500103030,38,31,6,2024-12-19 21:48:16
500103059,38,31,7,2024-12-19 21:57:15
500101207,38,27,9,2024-12-19 01:03:15
500107075,38,9,29,2024-12-19 22:44:15
500104072,38,21,17,2024-12-19 22:48:15
500101207,38,8,30,2024-12-19 23:08:15
500104072,38,15,23,2024-12-19 22:13:15
500104003,38,13,18,2024-12-19 22:20:15
500107075,38,11,27,2024-12-19 23:25:16
500113012,38,21,16,2024-12-19 23:27:14
500103030,38,32,6,2024-12-19 01:32:14
500103059,38,33,5,2024-12-19 10:30:16
500104044,38,30,8,2024-12-19 09:07:15
500107075,38,26,12,2024-12-19 09:48:15
500107075,38,25,13,2024-12-19 10:00:18
500104044,38,24,14,2024-12-19 11:48:15
500105055,38,24,14,2024-12-19 12:59:16
500101123,38,3,16,2024-12-19 12:56:15
500107075,38,22,16,2024-12-19 10:37:16
500103030,38,14,17,2024-12-19 12:04:16
500104107,38,18,19,2024-12-19 12:48:15
500107075,38,19,19,2024-12-19 11:15:15
500103030,38,10,21,2024-12-19 11:47:16
500101123,38,5,22,2024-12-19 13:06:15
500104107,38,14,23,2024-12-19 09:27:15
500104107,38,14,23,2024-12-19 12:18:15
500104003,38,14,24,2024-12-19 12:17:15
500104003,38,12,26,2024-12-19 12:21:15
500113012,38,10,26,2024-12-19 10:20:16
500103030,38,10,27,2024-12-19 09:56:16
500104072,38,10,27,2024-12-19 13:07:15
500104072,38,10,27,2024-12-19 09:33:15
500112073,38,9,29,2024-12-19 11:47:16
500101207,38,7,31,2024-12-19 12:55:16
500101207,38,6,32,2024-12-19 12:48:15
500101207,38,5,33,2024-12-19 11:38:15
500103059,38,38,0,2024-12-19 17:46:16
500103059,38,38,0,2024-12-19 18:45:16
500103059,38,36,2,2024-12-19 17:34:15
500105055,38,30,5,2024-12-19 19:44:15
500105055,38,29,9,2024-12-19 17:17:16
500101207,38,27,11,2024-12-19 19:17:14
500101207,38,25,13,2024-12-19 19:26:14
500104055,38,24,13,2024-12-19 19:45:15
500103030,38,20,15,2024-12-19 18:06:15
500113012,38,17,20,2024-12-19 20:31:15
500112073,38,17,21,2024-12-19 18:17:15
500104003,38,11,22,2024-12-19 19:37:16
500107075,38,16,22,2024-12-19 20:06:14
500112073,38,15,23,2024-12-19 20:57:16
500101207,38,13,25,2024-12-19 17:36:15
500104072,38,12,25,2024-12-19 17:48:15
500101207,38,12,26,2024-12-19 17:28:15
500105036,38,9,29,2024-12-19 20:53:15
500104107,38,8,30,2024-12-19 18:34:15
500105036,38,8,30,2024-12-19 21:17:15
500105036,38,8,30,2024-12-19 18:36:16
500104044,38,6,32,2024-12-19 20:13:15
500104107,38,6,32,2024-12-19 18:29:16
500104044,38,3,35,2024-12-19 17:28:15
500104055,38,2,35,2024-12-19 18:07:16
500104044,38,2,36,2024-12-19 19:33:15
500104044,38,1,37,2024-12-19 19:28:15
500101123,38,26,6,2024-12-19 15:18:15
500103030,38,27,8,2024-12-19 16:48:16
500103030,38,22,9,2024-12-19 14:20:16
500112073,38,29,9,2024-12-19 13:12:15
500105055,38,26,12,2024-12-19 15:55:16
500104044,38,23,15,2024-12-19 14:14:15
500101123,38,9,18,2024-12-19 13:16:15
500113012,38,17,20,2024-12-19 16:47:15
500113012,38,15,22,2024-12-19 16:23:15
500113012,38,13,24,2024-12-19 17:07:15
500104055,38,11,26,2024-12-19 14:46:15
500104055,38,10,27,2024-12-19 15:56:15
500104072,38,8,29,2024-12-19 13:49:14
500104072,38,7,30,2024-12-19 14:43:14
500104003,38,6,25,2024-12-19 21:45:15
500103059,38,38,0,2024-12-19 06:22:15
500103059,38,37,1,2024-12-19 06:05:17
500103059,38,35,3,2024-12-19 07:22:15
500101207,38,32,4,2024-12-19 05:35:15
500103059,38,33,5,2024-12-19 08:07:14
500104003,38,27,6,2024-12-19 04:47:14
500104003,38,26,7,2024-12-19 06:46:14
500104003,38,26,7,2024-12-19 06:05:15
500104044,38,31,7,2024-12-19 07:36:15
500101123,38,22,15,2024-12-19 08:17:15
500101123,38,15,22,2024-12-19 08:01:15
500105036,38,15,23,2024-12-19 05:27:15
500112073,38,10,28,2024-12-19 07:44:15
500105036,38,6,32,2024-12-19 08:54:15
500103030,38,3,34,2024-12-19 06:48:15
500103059,38,30,8,2024-12-19 00:20:15
500105055,38,28,7,2024-12-19 23:46:15
500101207,38,28,8,2024-12-19 00:50:16
500105036,38,24,13,2024-12-19 23:27:14
500104044,38,8,30,2024-12-19 22:55:16
500113012,38,20,17,2024-12-19 22:21:15
500101123,38,1,37,2024-12-19 21:39:16
500105055,38,23,12,2024-12-19 21:22:15
500103030,38,16,22,2024-12-19 03:03:15
500104072,38,34,3,2024-12-19 02:20:16
500112073,38,1,37,2024-12-19 04:03:14
500104003,38,10,21,2024-12-19 22:03:15
500105036,38,10,28,2024-12-19 21:50:17
500103059,38,29,9,2024-12-19 22:05:15
500113012,38,21,16,2024-12-19 21:58:15
500103059,38,32,6,2024-12-19 00:57:15
500113012,38,16,12,2024-12-19 02:06:15
500101207,38,29,7,2024-12-19 02:13:15
500104055,38,10,27,2024-12-19 23:06:15
500103030,38,31,5,2024-12-19 23:01:15
500103059,38,27,11,2024-12-19 22:26:15
500103059,38,32,6,2024-12-19 11:04:15
500103059,38,31,7,2024-12-19 10:07:16
500103059,38,29,9,2024-12-19 11:29:15
500104044,38,29,9,2024-12-19 09:36:14
500113012,38,24,12,2024-12-19 09:47:15
500101123,38,6,13,2024-12-19 12:28:15
500104044,38,23,15,2024-12-19 10:17:16
500107075,38,22,16,2024-12-19 10:27:16
500101123,38,0,19,2024-12-19 12:37:15
500103030,38,11,20,2024-12-19 11:12:15
500104003,38,16,22,2024-12-19 10:44:15
500104107,38,14,23,2024-12-19 10:37:16
500101207,38,12,24,2024-12-19 09:27:15
500104003,38,12,26,2024-12-19 13:03:15
500104072,38,10,27,2024-12-19 09:27:15
500104072,38,10,27,2024-12-19 09:52:15
500112073,38,11,27,2024-12-19 09:35:16
500112073,38,10,28,2024-12-19 12:28:15
500101207,38,7,29,2024-12-19 09:45:15
500112073,38,8,30,2024-12-19 11:11:15
500104055,38,6,31,2024-12-19 12:03:15
500101207,38,6,32,2024-12-19 11:58:15
500104055,38,4,33,2024-12-19 09:32:15
500105055,38,38,0,2024-12-19 18:29:15
500103059,38,37,1,2024-12-19 20:24:15
500103059,38,37,1,2024-12-19 19:17:16
500105055,38,30,5,2024-12-19 19:55:16
500104072,38,30,7,2024-12-19 18:57:15
500104055,38,27,10,2024-12-19 19:28:14
500104055,38,25,12,2024-12-19 19:05:15
500101207,38,24,14,2024-12-19 18:57:15
500104107,38,24,14,2024-12-19 17:37:16
500104072,38,19,19,2024-12-19 21:20:16
500113012,38,18,19,2024-12-19 20:18:15
500104003,38,6,20,2024-12-19 21:19:16
500101207,38,17,21,2024-12-19 17:47:16
500107075,38,17,21,2024-12-19 19:49:15
500104072,38,16,22,2024-12-19 20:59:15
500107075,38,16,22,2024-12-19 17:59:15
500112073,38,16,22,2024-12-19 21:06:14
500101207,38,15,23,2024-12-19 18:08:16
500104107,38,15,23,2024-12-19 18:07:16
500107075,38,15,23,2024-12-19 19:01:15
500103030,38,11,24,2024-12-19 19:59:16
500113012,38,12,25,2024-12-19 19:37:16
500101207,38,12,26,2024-12-19 20:29:14
500101207,38,12,26,2024-12-19 19:48:16
500104003,38,7,26,2024-12-19 18:58:16
500107075,38,12,26,2024-12-19 18:46:15
500112073,38,11,27,2024-12-19 18:49:16
500105036,38,9,29,2024-12-19 18:54:15
500104107,38,4,34,2024-12-19 20:59:15
500104107,38,4,34,2024-12-19 18:46:15
500104044,38,3,35,2024-12-19 17:47:16
500104055,38,1,36,2024-12-19 17:25:16
500101123,38,1,37,2024-12-19 17:37:16
500104044,38,1,37,2024-12-19 18:29:16
500101123,38,0,38,2024-12-19 19:58:14
500103059,38,38,0,2024-12-19 13:17:15
500103059,38,36,2,2024-12-19 17:14:16
500103059,38,35,3,2024-12-19 16:49:15
500103030,38,28,7,2024-12-19 16:36:15
500101123,38,23,9,2024-12-19 16:06:15
500103030,38,21,10,2024-12-19 14:10:17
500103030,38,20,11,2024-12-19 14:07:16
500104044,38,26,12,2024-12-19 13:12:15
500112073,38,26,12,2024-12-19 15:54:15
500101123,38,19,13,2024-12-19 16:27:16
500105055,38,25,13,2024-12-19 16:03:15
500105055,38,25,13,2024-12-19 14:58:15
500104044,38,21,17,2024-12-19 14:40:15
500101123,38,13,19,2024-12-19 16:38:15
500104003,38,18,19,2024-12-19 17:08:16
500101123,38,18,20,2024-12-19 17:06:16
500104003,38,16,22,2024-12-19 16:26:15
500104107,38,15,22,2024-12-19 13:22:15
500104003,38,15,23,2024-12-19 14:25:16
500104107,38,15,23,2024-12-19 15:17:15
500113012,38,10,26,2024-12-19 13:55:16
500105036,38,10,28,2024-12-19 17:17:16
500101207,38,9,29,2024-12-19 16:35:15
500104072,38,6,31,2024-12-19 15:06:15
500105036,38,6,32,2024-12-19 14:14:15
500104072,38,27,10,2024-12-19 06:44:15
500104107,38,27,10,2024-12-19 07:27:15
500105055,38,28,10,2024-12-19 05:49:15
500113012,38,17,10,2024-12-19 06:07:15
500105055,38,26,12,2024-12-19 07:17:14
500104044,38,23,15,2024-12-19 06:33:15
500104055,38,18,19,2024-12-19 07:57:16
500105036,38,15,23,2024-12-19 06:50:16
500105036,38,14,24,2024-12-19 07:02:15
500104107,38,11,26,2024-12-19 06:22:14
500107075,38,12,26,2024-12-19 08:47:15
500103030,38,9,28,2024-12-19 08:37:15
500104055,38,9,28,2024-12-19 07:36:15
500112073,38,9,29,2024-12-19 05:27:15
500103030,38,7,30,2024-12-19 07:15:16
500104055,38,4,33,2024-12-19 06:16:15
500107075,38,3,35,2024-12-19 07:55:17
500103030,38,1,36,2024-12-19 06:26:14
500104003,38,20,7,2024-12-19 00:20:17
500105055,38,32,6,2024-12-19 00:42:15
500112073,38,14,24,2024-12-19 21:57:15
500103059,38,33,5,2024-12-19 01:10:16
500113012,38,15,13,2024-12-19 01:17:15
500105055,38,25,10,2024-12-19 22:34:15
500104107,38,1,37,2024-12-19 21:39:15
500104072,38,8,30,2024-12-19 21:38:16
500101123,38,5,32,2024-12-19 01:44:14
500107075,38,5,33,2024-12-19 22:09:15
500101207,38,10,28,2024-12-19 21:59:15
500113012,38,21,7,2024-12-19 03:41:15
500104003,38,28,5,2024-12-19 03:18:14
500103030,38,18,20,2024-12-19 03:14:14
500113012,38,16,12,2024-12-19 01:46:14
500104072,38,20,18,2024-12-19 23:07:15
500113012,38,20,7,2024-12-19 03:50:15
500113012,38,20,8,2024-12-19 03:31:14
500113012,38,15,13,2024-12-19 01:29:15
500101123,38,10,9,2024-12-19 11:10:17
500103059,38,29,9,2024-12-19 12:07:16
500104044,38,27,11,2024-12-19 10:06:15
500107075,38,25,13,2024-12-19 10:15:16
500105055,38,23,15,2024-12-19 10:47:16
500105055,38,22,16,2024-12-19 10:57:15
500104044,38,20,18,2024-12-19 10:58:16
500103030,38,12,19,2024-12-19 11:57:16
500104044,38,19,19,2024-12-19 11:36:15
500113012,38,17,19,2024-12-19 09:56:16
500104107,38,17,20,2024-12-19 12:27:15
500103030,38,9,22,2024-12-19 11:06:15
500104107,38,15,22,2024-12-19 09:57:15
500104107,38,13,24,2024-12-19 10:14:15
500113012,38,12,24,2024-12-19 12:54:15
500104107,38,12,25,2024-12-19 11:48:15
500113012,38,11,25,2024-12-19 11:18:16
500101123,38,11,27,2024-12-19 09:27:15
500104055,38,8,29,2024-12-19 09:45:15
500101207,38,6,32,2024-12-19 12:38:15
500104055,38,5,32,2024-12-19 09:02:15
500103059,38,38,0,2024-12-19 20:39:16
500103059,38,38,0,2024-12-19 20:41:18
500104003,38,33,4,2024-12-19 18:18:16
500105055,38,31,7,2024-12-19 17:36:15
500103030,38,27,10,2024-12-19 20:58:15
500103030,38,26,11,2024-12-19 21:07:16
500104055,38,26,11,2024-12-19 18:48:15
500104055,38,25,12,2024-12-19 21:02:15
500112073,38,26,12,2024-12-19 17:38:16
500104055,38,23,14,2024-12-19 20:35:16
500113012,38,23,14,2024-12-19 21:20:16
500104003,38,22,15,2024-12-19 17:37:16
500113012,38,22,15,2024-12-19 21:19:16
500104003,38,21,16,2024-12-19 17:23:15
500107075,38,19,19,2024-12-19 17:38:16
500103030,38,13,22,2024-12-19 18:26:16
500112073,38,16,22,2024-12-19 18:20:17
500104003,38,5,23,2024-12-19 19:47:15
500107075,38,15,23,2024-12-19 20:12:15
500112073,38,13,25,2024-12-19 19:13:15
500112073,38,12,26,2024-12-19 19:20:17
500105036,38,8,30,2024-12-19 19:15:16
500104107,38,7,31,2024-12-19 18:17:15
500104072,38,6,32,2024-12-19 20:01:15
500113012,38,4,33,2024-12-19 18:15:17
500104107,38,3,35,2024-12-19 19:14:16
500104044,38,2,36,2024-12-19 18:53:15
500104055,38,0,37,2024-12-19 17:37:16
500113012,38,0,37,2024-12-19 17:45:17
500101123,38,0,38,2024-12-19 19:07:16
500103059,38,33,5,2024-12-19 16:05:16
500103030,38,27,8,2024-12-19 17:16:16
500101123,38,23,9,2024-12-19 15:48:15
500103030,38,22,9,2024-12-19 14:32:14
500112073,38,26,12,2024-12-19 17:01:16
500104107,38,25,13,2024-12-19 17:18:15
500112073,38,25,13,2024-12-19 16:03:15
500107075,38,22,16,2024-12-19 13:27:15
500104044,38,20,18,2024-12-19 15:56:15
500104107,38,14,23,2024-12-19 13:34:16
500104107,38,11,26,2024-12-19 15:07:15
500104055,38,9,28,2024-12-19 16:22:16
500101207,38,8,30,2024-12-19 16:10:16
500105036,38,7,31,2024-12-19 15:32:14
500104072,38,5,32,2024-12-19 16:54:16
500104044,38,5,33,2024-12-19 17:14:16
500104072,38,4,33,2024-12-19 15:17:16
500104072,38,1,36,2024-12-19 15:43:15
500105055,38,24,11,2024-12-19 21:41:15
500103059,38,37,1,2024-12-19 06:17:14
500104003,38,26,7,2024-12-19 06:37:15
500101207,38,28,8,2024-12-19 07:57:16
500104107,38,25,12,2024-12-19 07:47:15
500113012,38,13,14,2024-12-19 07:17:14
500105055,38,19,19,2024-12-19 08:44:16
500104107,38,17,20,2024-12-19 08:46:15
500101207,38,15,21,2024-12-19 08:37:15
500104003,38,7,22,2024-12-19 07:36:15
500104107,38,14,23,2024-12-19 06:47:15
500104072,38,13,24,2024-12-19 08:54:15
500112073,38,10,28,2024-12-19 07:14:15
500101207,38,7,29,2024-12-19 08:47:15
500104107,38,8,29,2024-12-19 05:04:15
500104055,38,7,30,2024-12-19 08:54:15
500107075,38,8,30,2024-12-19 05:35:15
500103030,38,4,33,2024-12-19 08:27:15
500104055,38,4,33,2024-12-19 08:37:15
500103030,38,2,35,2024-12-19 06:32:15
500103030,38,28,10,2024-12-19 00:32:15
500104072,38,30,7,2024-12-19 00:15:15
500103030,38,31,5,2024-12-19 23:19:15
500105036,38,7,31,2024-12-19 21:30:16
500103030,38,27,10,2024-12-19 21:39:15
500103059,38,36,2,2024-12-19 21:39:16
500104003,38,28,5,2024-12-19 04:00:17
500103030,38,25,10,2024-12-19 23:59:15
500101207,38,8,30,2024-12-19 22:48:15
500113012,38,20,17,2024-12-19 22:19:15
500104003,38,22,5,2024-12-19 01:37:14
500103030,38,30,7,2024-12-19 09:37:15
500101123,38,11,8,2024-12-19 10:38:15
500103059,38,30,8,2024-12-19 09:53:15
500104044,38,29,9,2024-12-19 09:41:15
500101123,38,9,10,2024-12-19 11:24:15
500112073,38,27,11,2024-12-19 12:44:15
500112073,38,26,12,2024-12-19 12:38:14
500105055,38,24,14,2024-12-19 09:51:14
500107075,38,24,14,2024-12-19 09:23:15
500105055,38,23,15,2024-12-19 12:27:15
500105055,38,22,16,2024-12-19 09:45:15
500105055,38,21,17,2024-12-19 11:56:16
500107075,38,21,17,2024-12-19 09:03:14
500104107,38,19,18,2024-12-19 12:58:15
500107075,38,20,18,2024-12-19 11:04:15
500104107,38,16,21,2024-12-19 09:47:15
500113012,38,14,22,2024-12-19 11:52:15
500113012,38,13,23,2024-12-19 12:46:15
500103030,38,6,25,2024-12-19 10:44:16
500104107,38,12,25,2024-12-19 11:08:15
500104055,38,11,26,2024-12-19 10:28:15
500104072,38,11,26,2024-12-19 11:05:17
500104107,38,11,26,2024-12-19 10:57:15
500104107,38,11,26,2024-12-19 11:25:15
500113012,38,10,26,2024-12-19 11:34:15
500104055,38,10,27,2024-12-19 12:32:16
500112073,38,11,27,2024-12-19 12:18:15
500101207,38,8,28,2024-12-19 10:48:15
500104055,38,9,28,2024-12-19 11:02:15
500104072,38,9,28,2024-12-19 09:47:15
500113012,38,8,28,2024-12-19 10:38:15
500104072,38,7,30,2024-12-19 12:50:15
500101207,38,7,31,2024-12-19 12:27:15
500101207,38,5,31,2024-12-19 09:36:15
500101207,38,7,31,2024-12-19 12:07:16
500104072,38,6,31,2024-12-19 12:32:16
500112073,38,7,31,2024-12-19 09:04:14
500103059,38,37,1,2024-12-19 19:36:15
500103059,38,35,3,2024-12-19 17:24:16
500105055,38,33,5,2024-12-19 18:38:16
500104003,38,27,10,2024-12-19 17:56:16
500104055,38,27,10,2024-12-19 18:57:15
500104055,38,26,11,2024-12-19 18:29:16
500104055,38,26,11,2024-12-19 18:34:15
500101207,38,26,12,2024-12-19 18:48:15
500104003,38,23,14,2024-12-19 17:48:15
500103030,38,19,16,2024-12-19 17:59:15
500107075,38,20,18,2024-12-19 19:24:15
500104003,38,7,19,2024-12-19 21:04:15
500104003,38,4,22,2024-12-19 20:39:15
500107075,38,16,22,2024-12-19 20:56:15
500113012,38,14,23,2024-12-19 19:45:16
500103030,38,11,24,2024-12-19 19:05:16
500104044,38,14,24,2024-12-19 20:52:14
500112073,38,14,24,2024-12-19 20:36:15
500112073,38,14,24,2024-12-19 20:48:15
500107075,38,13,25,2024-12-19 18:28:16
500107075,38,12,26,2024-12-19 18:33:16
500104072,38,10,28,2024-12-19 19:19:15
500105036,38,10,28,2024-12-19 19:23:15
500104003,38,3,34,2024-12-19 18:36:16
500104044,38,4,34,2024-12-19 20:07:15
500104107,38,3,35,2024-12-19 19:35:16
500104044,38,2,36,2024-12-19 17:59:15
500104107,38,2,36,2024-12-19 20:09:15
500101123,38,1,37,2024-12-19 17:48:15
500104044,38,1,37,2024-12-19 19:05:16
500101123,38,0,38,2024-12-19 20:00:20
500103059,38,36,2,2024-12-19 14:06:15
500101123,38,29,3,2024-12-19 14:53:15
500101123,38,25,7,2024-12-19 15:27:15
500101123,38,22,10,2024-12-19 16:10:16
500103030,38,17,14,2024-12-19 16:05:16
500105055,38,24,14,2024-12-19 13:41:15
500101123,38,11,16,2024-12-19 13:22:15
500107075,38,17,21,2024-12-19 16:06:15
500104003,38,15,23,2024-12-19 16:09:15
500113012,38,13,23,2024-12-19 15:37:15
500104055,38,13,24,2024-12-19 13:25:15
500104055,38,13,24,2024-12-19 14:12:15
500113012,38,12,24,2024-12-19 14:43:15
500107075,38,13,25,2024-12-19 17:07:15
500113012,38,11,25,2024-12-19 13:26:16
500113012,38,11,25,2024-12-19 14:01:15
500104055,38,11,26,2024-12-19 16:46:15
500104072,38,9,28,2024-12-19 14:02:15
500104107,38,9,28,2024-12-19 14:15:16
500101207,38,7,31,2024-12-19 15:35:16
500101207,38,5,33,2024-12-19 13:17:15
500104003,38,26,7,2024-12-19 02:53:15
500104044,38,11,27,2024-12-19 21:47:15
500104055,38,20,17,2024-12-19 21:45:14
500103059,38,38,0,2024-12-19 07:37:15
500101207,38,35,1,2024-12-19 07:14:14
500103059,38,37,1,2024-12-19 07:57:16
500103059,38,36,2,2024-12-19 05:37:15
500103059,38,35,3,2024-12-19 05:25:15
500105055,38,27,11,2024-12-19 06:55:15
500104044,38,26,12,2024-12-19 07:56:15
500105055,38,26,12,2024-12-19 06:42:15
500113012,38,15,12,2024-12-19 06:26:14
500104107,38,24,13,2024-12-19 07:17:14
500113012,38,14,13,2024-12-19 06:35:15
500113012,38,20,13,2024-12-19 07:57:16
500113012,38,13,14,2024-12-19 06:39:15
500104044,38,21,17,2024-12-19 06:20:15
500113012,38,16,17,2024-12-19 08:17:15
500105055,38,19,19,2024-12-19 08:36:15
500103030,38,15,22,2024-12-19 08:56:16
500104107,38,14,23,2024-12-19 08:37:15
500105036,38,14,24,2024-12-19 06:34:15
500104072,38,11,26,2024-12-19 07:27:15
500112073,38,12,26,2024-12-19 06:46:14
500104055,38,10,27,2024-12-19 07:27:15
500112073,38,11,27,2024-12-19 06:36:14
500104072,38,9,28,2024-12-19 08:17:15
500104107,38,9,28,2024-12-19 05:36:15
500112073,38,10,28,2024-12-19 06:09:15
500103030,38,2,35,2024-12-19 08:17:15
500107075,38,3,35,2024-12-19 08:03:15
500107075,38,7,31,2024-12-19 00:50:16
500107075,38,8,30,2024-12-19 22:17:15
500113012,38,17,11,2024-12-19 02:45:16
500101123,38,4,33,2024-12-19 03:58:15
500101123,38,6,32,2024-12-19 21:56:15
500104107,38,0,37,2024-12-19 21:46:16
500104072,38,21,17,2024-12-19 23:26:15
500104003,38,18,9,2024-12-19 01:07:15
500104072,38,32,5,2024-12-19 01:44:14
500103030,38,32,5,2024-12-19 22:49:15
500104003,38,12,19,2024-12-19 22:13:15
500104055,38,16,21,2024-12-19 22:11:15
500101207,38,11,27,2024-12-19 22:24:15
500103059,38,36,2,2024-12-19 09:07:15
500103030,38,33,4,2024-12-19 09:25:16
500103059,38,32,6,2024-12-19 12:17:16
500101123,38,12,7,2024-12-19 11:47:16
500107075,38,25,13,2024-12-19 09:37:15
500107075,38,25,13,2024-12-19 09:47:15
500103030,38,23,14,2024-12-19 09:06:15
500104044,38,24,14,2024-12-19 10:24:14
500105055,38,24,14,2024-12-19 10:38:15
500105055,38,22,16,2024-12-19 10:05:16
500105055,38,21,17,2024-12-19 09:33:15
500105055,38,21,17,2024-12-19 11:18:16
500105055,38,20,18,2024-12-19 09:22:15
500104044,38,18,20,2024-12-19 11:26:15
500104107,38,17,20,2024-12-19 12:37:15
500107075,38,18,20,2024-12-19 12:38:14
500104003,38,17,21,2024-12-19 11:50:16
500104003,38,16,22,2024-12-19 10:27:16
500103030,38,8,23,2024-12-19 10:37:16
500104003,38,15,23,2024-12-19 12:06:16
500113012,38,12,24,2024-12-19 12:33:15
500103030,38,12,25,2024-12-19 10:05:16
500104072,38,12,25,2024-12-19 10:28:15
500104107,38,12,25,2024-12-19 09:37:15
500113012,38,11,25,2024-12-19 12:08:15
500104055,38,11,26,2024-12-19 12:55:15
500104072,38,10,27,2024-12-19 10:17:15
500104072,38,10,27,2024-12-19 10:50:16
500104055,38,9,28,2024-12-19 10:12:15
500101207,38,9,29,2024-12-19 12:18:15
500101207,38,7,29,2024-12-19 10:56:15
500104055,38,6,31,2024-12-19 11:55:17
500101207,38,6,32,2024-12-19 13:05:16
500104003,38,1,32,2024-12-19 09:27:15
500104055,38,5,32,2024-12-19 09:25:16
500105036,38,5,33,2024-12-19 11:07:16
500105055,38,35,3,2024-12-19 18:17:15
500105055,38,29,6,2024-12-19 19:33:15
500105055,38,28,7,2024-12-19 19:29:15
500105055,38,25,10,2024-12-19 19:13:15
500103030,38,26,11,2024-12-19 20:47:16
500104055,38,26,11,2024-12-19 19:35:16
500105055,38,24,11,2024-12-19 19:04:15
500104055,38,23,14,2024-12-19 20:07:15
500105055,38,21,14,2024-12-19 20:08:15
500104055,38,18,19,2024-12-19 18:18:16
500104072,38,16,21,2024-12-19 18:08:16
500112073,38,16,22,2024-12-19 21:19:16
500104003,38,5,23,2024-12-19 20:29:15
500107075,38,12,26,2024-12-19 20:48:15
500113012,38,6,31,2024-12-19 18:29:16
500113012,38,6,31,2024-12-19 18:57:15
500101123,38,1,37,2024-12-19 19:47:15
500104107,38,1,37,2024-12-19 21:09:16
500101123,38,0,38,2024-12-19 17:58:16
500104044,38,0,38,2024-12-19 18:35:17
500103059,38,38,0,2024-12-19 13:19:15
500103059,38,34,4,2024-12-19 16:47:15
500103030,38,21,10,2024-12-19 13:24:15
500105055,38,27,11,2024-12-19 16:18:16
500105055,38,26,12,2024-12-19 15:05:16
500101123,38,14,13,2024-12-19 13:46:16
500104044,38,24,14,2024-12-19 14:07:15
500103030,38,16,15,2024-12-19 16:15:16
500107075,38,21,17,2024-12-19 14:03:16
500104107,38,19,19,2024-12-19 16:25:16
500104107,38,19,19,2024-12-19 16:35:15
500104107,38,19,19,2024-12-19 16:58:15
500107075,38,19,19,2024-12-19 16:37:15
500107075,38,18,20,2024-12-19 16:43:15
500113012,38,16,21,2024-12-19 16:36:15
500113012,38,14,23,2024-12-19 17:18:16
500107075,38,14,24,2024-12-19 16:58:15
500104055,38,12,25,2024-12-19 13:18:15
500104055,38,12,25,2024-12-19 15:08:15
500113012,38,11,25,2024-12-19 14:58:15
500104003,38,12,26,2024-12-19 13:39:16
500101207,38,11,27,2024-12-19 17:18:16
500104055,38,10,27,2024-12-19 16:04:15
500104044,38,10,28,2024-12-19 16:25:16
500104107,38,9,28,2024-12-19 14:25:16
500101207,38,9,29,2024-12-19 16:47:15
500105036,38,8,30,2024-12-19 16:28:15
500101207,38,7,31,2024-12-19 13:31:15
500103059,38,34,4,2024-12-19 21:44:15
500103059,38,34,4,2024-12-19 08:20:17
500113012,38,29,4,2024-12-19 07:21:15
500104003,38,25,7,2024-12-19 06:56:15
500104044,38,29,9,2024-12-19 07:46:15
500105055,38,29,9,2024-12-19 05:44:15
500104044,38,27,11,2024-12-19 07:27:15
500104107,38,25,12,2024-12-19 07:36:15
500104072,38,19,18,2024-12-19 07:46:15
500101123,38,16,21,2024-12-19 07:21:15
500103030,38,16,21,2024-12-19 05:02:15
500104072,38,15,22,2024-12-19 08:47:15
500104107,38,14,23,2024-12-19 07:57:16
500113012,38,10,23,2024-12-19 08:27:15
500104072,38,12,25,2024-12-19 08:27:16
500105036,38,13,25,2024-12-19 07:24:15
500104003,38,3,26,2024-12-19 07:46:15
500112073,38,12,26,2024-12-19 06:56:15
500104055,38,9,28,2024-12-19 07:17:14
500112073,38,10,28,2024-12-19 07:56:15
500112073,38,8,30,2024-12-19 04:59:14
500104055,38,6,31,2024-12-19 08:45:16
500112073,38,7,31,2024-12-19 08:56:16
500104055,38,5,32,2024-12-19 06:44:15
500103030,38,4,33,2024-12-19 07:46:15
500104055,38,4,33,2024-12-19 06:33:14
500104107,38,3,34,2024-12-19 08:03:15
500101207,38,1,35,2024-12-19 08:54:18
500112073,38,3,35,2024-12-19 03:54:15
500104107,38,1,36,2024-12-19 00:37:15
500104107,38,11,26,2024-12-19 00:57:15
500104003,38,19,8,2024-12-19 00:50:16
500104107,38,0,37,2024-12-19 00:17:15
500104107,38,9,28,2024-12-19 01:07:15
500101207,38,28,8,2024-12-19 01:15:15
500104072,38,20,18,2024-12-19 23:14:15
500104107,38,0,37,2024-12-19 22:30:18
500104055,38,13,24,2024-12-19 22:34:15
500104003,38,15,15,2024-12-19 22:32:14
500104072,38,12,26,2024-12-19 22:09:15
500104055,38,17,20,2024-12-19 22:09:15
500104044,38,6,32,2024-12-19 21:57:15
500113012,38,22,15,2024-12-19 23:58:14
500113012,38,13,15,2024-12-19 00:42:15
500103030,38,32,6,2024-12-19 01:46:14
500104072,38,33,4,2024-12-19 02:09:15
500103030,38,32,3,2024-12-19 23:28:15
500103059,38,36,2,2024-12-19 09:35:17
500103059,38,35,3,2024-12-19 12:27:15
500103059,38,35,3,2024-12-19 09:42:15
500101123,38,10,9,2024-12-19 10:16:15
500113012,38,27,9,2024-12-19 09:36:14
500112073,38,28,10,2024-12-19 12:51:15
500103030,38,18,13,2024-12-19 12:56:15
500105055,38,24,14,2024-12-19 12:44:15
500107075,38,20,18,2024-12-19 12:05:17
500105055,38,19,19,2024-12-19 08:57:15
500104003,38,18,20,2024-12-19 11:47:16
500104003,38,13,20,2024-12-19 09:57:15
500113012,38,12,24,2024-12-19 12:27:15
500113012,38,12,24,2024-12-19 13:06:15
500104072,38,9,28,2024-12-19 09:08:14
500104055,38,8,29,2024-12-19 12:26:15
500112073,38,8,30,2024-12-19 09:09:15
500112073,38,8,30,2024-12-19 09:25:16
500101123,38,7,31,2024-12-19 09:56:16
500104072,38,5,32,2024-12-19 12:17:16
500101207,38,2,34,2024-12-19 10:01:16
500101207,38,24,14,2024-12-19 18:36:16
500104072,38,22,15,2024-12-19 18:25:17
500105055,38,20,15,2024-12-19 20:49:15
500101207,38,22,16,2024-12-19 18:25:17
500104003,38,10,18,2024-12-19 20:00:17
500104003,38,8,18,2024-12-19 20:43:15
500107075,38,17,21,2024-12-19 20:37:16
500107075,38,16,22,2024-12-19 19:59:16
500107075,38,16,22,2024-12-19 20:27:15
500107075,38,16,22,2024-12-19 17:27:16
500107075,38,15,23,2024-12-19 17:48:15
500103030,38,10,25,2024-12-19 19:36:15
500104072,38,12,25,2024-12-19 17:38:16
500107075,38,13,25,2024-12-19 21:14:15
500112073,38,13,25,2024-12-19 19:32:15
500113012,38,12,25,2024-12-19 19:29:15
500103030,38,9,26,2024-12-19 19:19:15
500104072,38,11,27,2024-12-19 20:49:14
500113012,38,5,32,2024-12-19 18:38:16
500104107,38,5,33,2024-12-19 20:29:15
500104107,38,3,35,2024-12-19 19:47:15
500101123,38,1,37,2024-12-19 20:37:16
500104044,38,1,37,2024-12-19 18:47:16
500101123,38,0,38,2024-12-19 19:15:16
500101123,38,0,38,2024-12-19 21:04:16
500103059,38,37,1,2024-12-19 13:46:16
500103059,38,36,2,2024-12-19 14:56:15
500103059,38,35,3,2024-12-19 15:06:14
500101123,38,16,11,2024-12-19 14:24:15
500103030,38,19,12,2024-12-19 15:05:16
500101123,38,24,14,2024-12-19 16:57:16
500104044,38,21,17,2024-12-19 15:45:16
500104044,38,20,18,2024-12-19 15:31:15
500107075,38,19,19,2024-12-19 14:16:15
500107075,38,18,20,2024-12-19 15:16:15
500104107,38,16,22,2024-12-19 16:18:16
500104003,38,15,23,2024-12-19 15:08:15
500104003,38,14,24,2024-12-19 15:48:15
500104003,38,14,24,2024-12-19 15:28:14
500104003,38,13,25,2024-12-19 14:56:14
500104003,38,13,25,2024-12-19 15:29:15
500104107,38,13,25,2024-12-19 15:48:15
500113012,38,11,25,2024-12-19 14:25:16
500104055,38,11,26,2024-12-19 15:09:15
500104055,38,11,26,2024-12-19 15:35:16
500104107,38,11,27,2024-12-19 15:37:15
500113012,38,9,27,2024-12-19 13:39:16
500104055,38,9,28,2024-12-19 16:38:15
500101207,38,8,30,2024-12-19 16:06:15
500104072,38,7,30,2024-12-19 17:18:16
500101207,38,7,31,2024-12-19 16:24:15
500104072,38,3,34,2024-12-19 15:19:16
500104072,38,32,5,2024-12-19 05:35:15
500104072,38,31,6,2024-12-19 06:01:14
500113012,38,29,7,2024-12-19 08:49:15
500104072,38,26,11,2024-12-19 06:51:15
500104044,38,26,12,2024-12-19 08:03:14
500105055,38,24,14,2024-12-19 08:03:15
500113012,38,19,14,2024-12-19 08:02:15
500104044,38,23,15,2024-12-19 06:56:15
500104072,38,21,16,2024-12-19 08:34:16
500104044,38,21,17,2024-12-19 07:15:17
500105055,38,21,17,2024-12-19 08:13:15
500104003,38,1,28,2024-12-19 08:17:14
500101123,38,8,29,2024-12-19 06:34:15
500104003,38,0,29,2024-12-19 08:22:15
500104003,38,0,29,2024-12-19 08:02:15
500107075,38,7,31,2024-12-19 08:37:15
500107075,38,7,31,2024-12-19 05:56:14
500107075,38,6,32,2024-12-19 06:56:15
500112073,38,3,35,2024-12-19 04:57:14
500103030,38,1,36,2024-12-19 05:46:15
500103030,38,0,37,2024-12-19 06:11:15
500101123,38,4,33,2024-12-19 00:06:15
500103030,38,31,4,2024-12-19 23:34:14
500101123,38,7,31,2024-12-19 22:20:15
500105036,38,8,30,2024-12-19 23:12:15
500104055,38,10,27,2024-12-19 23:17:14
500113012,38,22,15,2024-12-19 23:09:15
500105055,38,27,8,2024-12-19 23:16:15
500101207,38,10,28,2024-12-19 22:30:16
500103059,38,26,12,2024-12-19 22:33:15
500104003,38,5,26,2024-12-19 21:39:15
500101207,38,8,30,2024-12-19 21:39:15
500107075,38,8,30,2024-12-19 21:39:15
500104107,38,8,29,2024-12-19 01:49:14
500104003,38,27,6,2024-12-19 03:07:15
500103030,38,17,20,2024-12-19 03:36:15
500101207,38,31,5,2024-12-19 04:15:15
500113012,38,22,15,2024-12-19 22:08:15
500103059,38,32,6,2024-12-19 01:22:15
500104072,38,10,28,2024-12-19 21:47:15
500104055,38,18,19,2024-12-19 21:57:15
500112073,38,4,34,2024-12-19 03:40:15
500113012,38,19,9,2024-12-19 03:22:14
500101207,38,18,20,2024-12-19 23:27:14
500104003,38,28,5,2024-12-19 01:39:15
500104107,38,0,37,2024-12-19 22:10:19
500105055,38,25,10,2024-12-19 22:19:15
500104107,38,0,37,2024-12-19 22:26:15
500104055,38,15,22,2024-12-19 22:23:15
500103030,38,32,5,2024-12-19 22:25:16
500103059,38,38,0,2024-12-19 09:22:16
500103059,38,37,1,2024-12-19 12:40:17
500101123,38,10,9,2024-12-19 12:07:16
500113012,38,27,9,2024-12-19 09:07:15
500103059,38,28,10,2024-12-19 11:46:15
500104044,38,26,12,2024-12-19 09:57:15
500104044,38,25,13,2024-12-19 11:54:15
500105055,38,25,13,2024-12-19 12:37:15
500103030,38,16,15,2024-12-19 12:28:15
500104044,38,23,15,2024-12-19 10:46:15
500105055,38,23,15,2024-12-19 10:08:15
500103030,38,15,16,2024-12-19 12:38:15
500107075,38,22,16,2024-12-19 10:47:16
500107075,38,21,17,2024-12-19 10:52:15
500103030,38,11,20,2024-12-19 10:17:16
500107075,38,18,20,2024-12-19 11:58:16
500103030,38,8,23,2024-12-19 11:36:15
500104072,38,12,25,2024-12-19 10:31:16
500103030,38,5,26,2024-12-19 10:50:16
500104072,38,11,26,2024-12-19 10:41:15
500104003,38,11,27,2024-12-19 11:19:15
500104055,38,10,27,2024-12-19 10:36:14
500104072,38,10,27,2024-12-19 11:18:16
500113012,38,9,27,2024-12-19 11:05:17
500104003,38,10,28,2024-12-19 11:15:15
500112073,38,9,29,2024-12-19 10:05:16
500104055,38,7,30,2024-12-19 12:18:15
500105036,38,5,33,2024-12-19 09:00:18
500101207,38,2,34,2024-12-19 09:57:15
500103059,38,36,2,2024-12-19 18:38:16
500103030,38,28,7,2024-12-19 17:24:16
500101207,38,25,13,2024-12-19 19:06:16
500101207,38,22,16,2024-12-19 18:17:15
500104003,38,16,17,2024-12-19 19:27:15
500105055,38,18,17,2024-12-19 20:38:15
500104072,38,18,19,2024-12-19 17:58:16
500107075,38,14,24,2024-12-19 18:56:15
500112073,38,13,25,2024-12-19 18:34:15
500103030,38,9,26,2024-12-19 20:25:15
500101207,38,11,27,2024-12-19 21:20:16
500104003,38,5,28,2024-12-19 18:48:15
500104072,38,10,28,2024-12-19 20:27:15
500101123,38,7,31,2024-12-19 17:22:16
500101207,38,7,31,2024-12-19 21:07:16
500104072,38,7,31,2024-12-19 19:47:15
500104072,38,5,33,2024-12-19 20:11:16
500104107,38,4,34,2024-12-19 19:59:16
500113012,38,2,35,2024-12-19 17:38:16
500101123,38,1,37,2024-12-19 21:19:15
500103059,38,36,2,2024-12-19 17:00:17
500103030,38,30,5,2024-12-19 17:08:15
500103030,38,29,6,2024-12-19 16:53:15
500103030,38,21,10,2024-12-19 14:57:15
500105055,38,28,10,2024-12-19 16:24:15
500105055,38,28,10,2024-12-19 17:00:17
500103030,38,18,13,2024-12-19 13:38:15
500105055,38,25,13,2024-12-19 15:30:17
500103030,38,17,14,2024-12-19 13:56:15
500103030,38,15,16,2024-12-19 15:36:15
500104003,38,20,17,2024-12-19 17:18:16
500104107,38,21,17,2024-12-19 17:07:15
500104003,38,18,20,2024-12-19 16:47:15
500104003,38,17,21,2024-12-19 16:30:16
500104107,38,15,23,2024-12-19 15:25:15
500113012,38,10,26,2024-12-19 13:30:16
500104072,38,9,28,2024-12-19 13:37:14
500104072,38,5,32,2024-12-19 16:23:15
500101207,38,5,33,2024-12-19 14:48:15
500104055,38,3,34,2024-12-19 17:18:16
500104072,38,2,35,2024-12-19 15:30:17
500113012,38,19,18,2024-12-19 21:41:15
500101207,38,34,2,2024-12-19 06:16:15
500104072,38,33,4,2024-12-19 05:01:14
500105055,38,28,10,2024-12-19 07:47:15
500104044,38,25,13,2024-12-19 08:47:15
500101123,38,20,18,2024-12-19 08:27:16
500104055,38,17,20,2024-12-19 08:02:15
500105036,38,16,22,2024-12-19 05:53:15
500101123,38,10,27,2024-12-19 06:39:15
500101123,38,10,27,2024-12-19 07:56:15
500112073,38,11,27,2024-12-19 08:03:15
500112073,38,11,27,2024-12-19 08:35:16
500105036,38,10,28,2024-12-19 07:55:17
500101123,38,9,29,2024-12-19 08:47:15
500105036,38,9,29,2024-12-19 08:14:16
500103030,38,6,31,2024-12-19 07:26:15
500104055,38,6,31,2024-12-19 08:27:16
500107075,38,7,31,2024-12-19 08:27:16
500112073,38,7,31,2024-12-19 08:46:15
500101123,38,5,32,2024-12-19 06:13:14
500107075,38,5,33,2024-12-19 06:15:16
500101123,38,4,34,2024-12-19 08:57:15
500103030,38,3,34,2024-12-19 07:57:16
500107075,38,1,37,2024-12-19 07:47:15
500101207,38,30,6,2024-12-19 00:25:16
500101207,38,30,6,2024-12-19 00:43:15
500113012,38,13,15,2024-12-19 00:01:14
500107075,38,10,28,2024-12-19 23:58:14
500101123,38,5,32,2024-12-19 00:19:15
500104003,38,19,8,2024-12-19 01:09:14
500103030,38,31,6,2024-12-19 22:38:15
500101207,38,30,6,2024-12-19 02:29:14
500103059,38,33,5,2024-12-19 02:38:14
500113012,38,21,6,2024-12-19 04:18:14
500104072,38,33,4,2024-12-19 03:51:15
500103030,38,30,8,2024-12-19 01:23:15
500104003,38,11,20,2024-12-19 21:59:15
500105055,38,27,8,2024-12-19 23:57:15
500104107,38,2,35,2024-12-19 23:09:15
500101207,38,10,28,2024-12-19 22:16:14
500104044,38,7,31,2024-12-19 23:21:14
500104055,38,3,34,2024-12-19 01:37:14
500103059,38,33,5,2024-12-19 10:14:15
500103059,38,32,6,2024-12-19 10:40:16
500101123,38,11,8,2024-12-19 10:20:16
500103030,38,27,10,2024-12-19 09:09:15
500104044,38,25,13,2024-12-19 12:36:15
500105055,38,25,13,2024-12-19 12:53:15
500104044,38,24,14,2024-12-19 12:16:15
500103030,38,16,15,2024-12-19 12:48:15
500107075,38,20,18,2024-12-19 12:53:14
500103030,38,18,19,2024-12-19 09:47:15
500107075,38,19,19,2024-12-19 12:41:15
500104107,38,14,23,2024-12-19 11:32:15
500104107,38,13,24,2024-12-19 11:53:16
500104107,38,12,25,2024-12-19 10:24:14
500104107,38,12,25,2024-12-19 10:47:16
500104107,38,11,26,2024-12-19 09:05:15
500101123,38,11,27,2024-12-19 09:03:14
500101207,38,9,27,2024-12-19 10:32:15
500104072,38,10,27,2024-12-19 09:02:15
500113012,38,8,28,2024-12-19 10:01:16
500113012,38,8,28,2024-12-19 10:58:16
500104003,38,0,29,2024-12-19 09:03:15
500104055,38,8,29,2024-12-19 11:27:15
500112073,38,9,29,2024-12-19 10:26:14
500104072,38,7,30,2024-12-19 11:28:16
500105036,38,7,31,2024-12-19 13:08:15
500112073,38,7,31,2024-12-19 11:32:15
500104003,38,1,32,2024-12-19 09:43:15
500104072,38,2,35,2024-12-19 11:48:15
500103059,38,37,1,2024-12-19 20:12:15
500103059,38,37,1,2024-12-19 19:46:15
500104072,38,30,7,2024-12-19 19:06:16
500104072,38,27,10,2024-12-19 18:47:16
500105055,38,24,11,2024-12-19 18:57:19
500105055,38,21,14,2024-12-19 20:11:15
500101207,38,23,15,2024-12-19 19:38:15
500104107,38,22,16,2024-12-19 17:47:16
500105055,38,19,16,2024-12-19 20:26:16
500104072,38,18,19,2024-12-19 18:17:15
500104072,38,18,20,2024-12-19 21:05:16
500101207,38,17,21,2024-12-19 19:59:16
500104003,38,12,21,2024-12-19 19:15:16
500104044,38,16,22,2024-12-19 20:25:15
500103030,38,11,24,2024-12-19 18:34:15
500104044,38,14,24,2024-12-19 21:08:15
500103030,38,10,25,2024-12-19 19:47:15
500107075,38,12,26,2024-12-19 18:17:15
500105036,38,10,28,2024-12-19 20:05:16
500105036,38,6,32,2024-12-19 17:54:15
500104107,38,5,33,2024-12-19 18:57:15
500105036,38,5,33,2024-12-19 18:04:16
500113012,38,3,34,2024-12-19 18:46:15
500104107,38,3,35,2024-12-19 20:13:15
500104055,38,1,36,2024-12-19 17:45:17
500101123,38,0,38,2024-12-19 18:49:15
500104044,38,0,38,2024-12-19 19:17:16
500101123,38,27,5,2024-12-19 15:07:15
500103030,38,29,6,2024-12-19 16:28:15
500105055,38,29,9,2024-12-19 16:55:17
500112073,38,27,11,2024-12-19 15:45:15
500105055,38,25,13,2024-12-19 13:16:14
500112073,38,25,13,2024-12-19 16:38:15
500101123,38,13,14,2024-12-19 14:18:15
500101123,38,12,15,2024-12-19 13:31:15
500104044,38,22,16,2024-12-19 14:38:15
500113012,38,15,21,2024-12-19 16:08:15
500104044,38,15,23,2024-12-19 16:18:16
500104107,38,11,26,2024-12-19 14:33:15
500101207,38,10,28,2024-12-19 17:07:15
500104055,38,9,28,2024-12-19 16:57:16
500101207,38,9,29,2024-12-19 13:45:16
500101207,38,8,30,2024-12-19 15:55:16
500101207,38,7,31,2024-12-19 14:28:15
500104072,38,5,32,2024-12-19 17:05:16
500105036,38,9,29,2024-12-19 21:46:15
500103059,38,37,1,2024-12-19 05:48:14
500101207,38,34,2,2024-12-19 07:25:15
500103059,38,35,3,2024-12-19 08:03:15
500101207,38,32,4,2024-12-19 07:37:15
500103059,38,31,7,2024-12-19 08:46:15
500101207,38,26,10,2024-12-19 08:01:15
500104044,38,27,11,2024-12-19 08:57:15
500113012,38,21,12,2024-12-19 07:36:15
500101207,38,23,13,2024-12-19 08:17:15
500104044,38,25,13,2024-12-19 08:15:16
500113012,38,20,13,2024-12-19 07:44:15
500104044,38,24,14,2024-12-19 08:20:17
500101207,38,21,15,2024-12-19 08:26:15
500104107,38,19,18,2024-12-19 06:54:16
500104003,38,9,20,2024-12-19 07:27:15
500107075,38,17,21,2024-12-19 08:57:15
500101123,38,14,23,2024-12-19 07:47:15
500104072,38,13,24,2024-12-19 07:57:16
500104055,38,12,25,2024-12-19 07:46:15
500104107,38,10,27,2024-12-19 06:36:14
500104107,38,10,27,2024-12-19 06:13:14
500112073,38,11,27,2024-12-19 07:36:14
500104107,38,9,28,2024-12-19 04:53:14
500104003,38,0,29,2024-12-19 08:45:16
500104107,38,5,32,2024-12-19 08:27:15
500107075,38,6,32,2024-12-19 06:47:15
500107075,38,6,32,2024-12-19 07:10:16
500107075,38,4,34,2024-12-19 06:35:15
500107075,38,4,34,2024-12-19 06:23:15
500107075,38,0,38,2024-12-19 07:36:15
500104003,38,29,4,2024-12-19 03:48:15
500106044,39,3,35,2024-12-19 23:39:14
500107016,39,29,6,2024-12-19 01:08:16
500110007,39,0,39,2024-12-19 00:30:18
500101027,39,3,36,2024-12-19 01:16:15
500119061,39,6,33,2024-12-19 22:04:15
500106066,39,20,19,2024-12-19 22:26:15
500109054,39,23,16,2024-12-19 22:37:15
500107111,39,4,35,2024-12-19 21:38:14
500106042,39,23,16,2024-12-19 03:04:14
500112030,39,0,39,2024-12-19 03:45:15
500106070,39,2,37,2024-12-19 04:22:15
500106042,39,13,25,2024-12-19 21:57:15
500112030,39,19,20,2024-12-19 22:09:15
500101027,39,34,5,2024-12-19 22:08:15
500104089,39,18,21,2024-12-19 21:43:15
500106066,39,26,13,2024-12-19 21:55:16
500112030,39,0,39,2024-12-19 03:43:14
500112030,39,1,38,2024-12-19 02:08:15
500106066,39,33,6,2024-12-19 02:25:15
500110007,39,1,38,2024-12-19 22:49:14
500104089,39,10,29,2024-12-19 22:49:15
500106070,39,28,11,2024-12-19 22:47:15
500119061,39,5,34,2024-12-19 23:05:15
500101027,39,27,12,2024-12-19 23:08:15
500109054,39,24,15,2024-12-19 22:16:15
500109054,39,23,16,2024-12-19 22:24:15
500106042,39,34,5,2024-12-19 12:07:16
500112030,39,30,9,2024-12-19 09:09:15
500112030,39,21,13,2024-12-19 11:09:15
500106070,39,25,14,2024-12-19 09:46:16
500119061,39,25,14,2024-12-19 13:08:15
500106070,39,24,15,2024-12-19 10:46:15
500101027,39,23,16,2024-12-19 10:38:15
500107016,39,17,18,2024-12-19 10:00:18
500106044,39,19,19,2024-12-19 09:47:15
500106044,39,19,19,2024-12-19 10:10:16
500106070,39,18,20,2024-12-19 11:46:15
500107016,39,15,20,2024-12-19 09:07:15
500107016,39,15,20,2024-12-19 10:17:16
500106070,39,18,21,2024-12-19 10:36:14
500109054,39,18,21,2024-12-19 09:04:15
500109054,39,18,21,2024-12-19 09:55:17
500109054,39,17,22,2024-12-19 12:58:15
500109054,39,17,22,2024-12-19 12:08:15
500110007,39,17,22,2024-12-19 11:28:16
500119061,39,17,22,2024-12-19 12:28:15
500101027,39,16,23,2024-12-19 11:25:15
500106070,39,16,23,2024-12-19 10:21:15
500107016,39,10,25,2024-12-19 10:55:17
500106044,39,12,26,2024-12-19 12:16:15
500119061,39,11,28,2024-12-19 10:18:15
500107111,39,4,35,2024-12-19 12:08:15
500112025,39,4,35,2024-12-19 11:00:18
500107111,39,3,36,2024-12-19 10:37:15
500112025,39,3,36,2024-12-19 12:29:15
500106066,39,1,38,2024-12-19 12:47:15
500106066,39,0,39,2024-12-19 10:56:14
500101027,39,28,11,2024-12-19 20:29:15
500106066,39,25,14,2024-12-19 21:09:16
500112030,39,24,15,2024-12-19 19:38:15
500106042,39,23,16,2024-12-19 19:01:15
500109054,39,23,16,2024-12-19 20:28:15
500106042,39,22,17,2024-12-19 18:08:15
500106066,39,20,19,2024-12-19 20:05:16
500109054,39,20,19,2024-12-19 19:37:16
500106066,39,19,20,2024-12-19 19:58:15
500110007,39,17,22,2024-12-19 18:37:15
500104089,39,16,23,2024-12-19 20:47:15
500112025,39,16,23,2024-12-19 17:36:15
500112025,39,8,23,2024-12-19 21:08:15
500119061,39,16,23,2024-12-19 19:58:15
500106070,39,13,25,2024-12-19 18:55:16
500112025,39,14,25,2024-12-19 17:46:15
500107016,39,10,28,2024-12-19 19:05:16
500112025,39,11,28,2024-12-19 17:27:16
500106009,39,9,30,2024-12-19 19:42:15
500119061,39,9,30,2024-12-19 17:58:15
500106009,39,8,31,2024-12-19 19:56:15
500106009,39,8,31,2024-12-19 17:38:16
500112030,39,3,31,2024-12-19 18:36:16
500106009,39,7,32,2024-12-19 18:45:15
500106009,39,5,34,2024-12-19 17:47:16
500107016,39,4,34,2024-12-19 18:18:16
500107111,39,5,34,2024-12-19 20:46:16
500107111,39,4,35,2024-12-19 19:28:14
500107111,39,4,35,2024-12-19 18:37:15
500107111,39,2,37,2024-12-19 20:08:15
500110007,39,2,37,2024-12-19 19:37:16
500112025,39,1,38,2024-12-19 20:08:15
500101027,39,0,39,2024-12-19 17:37:16
500101027,39,0,39,2024-12-19 18:28:16
500110007,39,31,8,2024-12-19 16:17:15
500106042,39,30,9,2024-12-19 16:47:15
500110007,39,30,9,2024-12-19 14:28:15
500112030,39,22,12,2024-12-19 14:23:15
500106070,39,25,13,2024-12-19 16:47:15
500112030,39,21,13,2024-12-19 15:28:14
500119061,39,23,16,2024-12-19 16:16:15
500119061,39,15,24,2024-12-19 13:48:16
500101027,39,13,26,2024-12-19 14:32:14
500101027,39,12,27,2024-12-19 13:31:15
500101027,39,11,28,2024-12-19 13:26:16
500101027,39,5,34,2024-12-19 15:36:15
500107016,39,3,35,2024-12-19 16:35:15
500107016,39,3,35,2024-12-19 17:18:16
500106044,39,2,36,2024-12-19 16:44:15
500107111,39,3,36,2024-12-19 13:39:16
500106066,39,0,39,2024-12-19 15:08:16
500110007,39,2,37,2024-12-19 21:49:14
500106066,39,25,14,2024-12-19 21:46:15
500106066,39,29,10,2024-12-19 07:11:15
500107016,39,22,13,2024-12-19 06:49:15
500109054,39,23,16,2024-12-19 07:47:15
500101027,39,22,17,2024-12-19 08:47:15
500106042,39,21,18,2024-12-19 07:53:15
500112025,39,17,18,2024-12-19 07:15:17
500107016,39,16,19,2024-12-19 08:56:16
500101027,39,17,22,2024-12-19 07:57:16
500106042,39,16,23,2024-12-19 08:17:15
500110007,39,15,24,2024-12-19 06:47:15
500101027,39,12,27,2024-12-19 06:16:15
500110007,39,12,27,2024-12-19 06:55:16
500106044,39,10,28,2024-12-19 08:25:16
500101027,39,9,30,2024-12-19 05:02:15
500104089,39,8,30,2024-12-19 06:58:15
500101027,39,8,31,2024-12-19 06:36:14
500119061,39,7,32,2024-12-19 07:22:15
500106070,39,5,34,2024-12-19 07:59:15
500119061,39,4,35,2024-12-19 07:57:16
500106070,39,3,36,2024-12-19 07:36:15
500106070,39,3,36,2024-12-19 05:50:15
500107111,39,2,37,2024-12-19 07:32:15
500101027,39,36,3,2024-12-19 23:49:15
500110007,39,1,38,2024-12-19 00:18:15
500109054,39,28,11,2024-12-19 23:35:15
500112030,39,11,28,2024-12-19 23:56:14
500107111,39,12,27,2024-12-19 01:09:14
500106009,39,25,14,2024-12-19 01:00:17
500107111,39,7,32,2024-12-19 23:16:15
500101027,39,26,13,2024-12-19 23:17:14
500110007,39,0,39,2024-12-19 22:36:16
500106009,39,14,25,2024-12-19 21:30:16
500107016,39,18,20,2024-12-19 21:39:15
500101027,39,1,38,2024-12-19 01:19:15
500112025,39,24,5,2024-12-19 01:19:15
500107016,39,27,8,2024-12-19 03:29:14
500106044,39,2,36,2024-12-19 00:03:15
500107111,39,13,26,2024-12-19 00:36:15
500106042,39,12,26,2024-12-19 22:19:15
500107016,39,19,19,2024-12-19 22:19:15
500112025,39,21,10,2024-12-19 22:22:15
500101027,39,26,13,2024-12-19 22:57:15
500109054,39,27,12,2024-12-19 23:25:16
500106042,39,38,1,2024-12-19 11:37:15
500106042,39,32,7,2024-12-19 13:07:15
500112030,39,20,14,2024-12-19 13:03:15
500106044,39,22,16,2024-12-19 11:08:15
500101027,39,19,20,2024-12-19 11:07:16
500101027,39,18,21,2024-12-19 11:45:15
500101027,39,18,21,2024-12-19 12:19:15
500101027,39,18,21,2024-12-19 11:18:16
500109054,39,18,21,2024-12-19 12:47:15
500106044,39,16,22,2024-12-19 09:09:15
500106070,39,17,22,2024-12-19 09:25:16
500109054,39,17,22,2024-12-19 11:26:15
500106070,39,16,23,2024-12-19 10:57:15
500119061,39,10,29,2024-12-19 11:15:15
500106066,39,9,30,2024-12-19 09:57:15
500106009,39,7,31,2024-12-19 09:57:15
500107016,39,1,34,2024-12-19 12:16:15
500106009,39,3,35,2024-12-19 10:24:15
500107016,39,0,35,2024-12-19 12:03:15
500107111,39,4,35,2024-12-19 09:56:15
500112025,39,4,35,2024-12-19 11:38:15
500104089,39,3,36,2024-12-19 12:24:16
500106009,39,2,36,2024-12-19 09:45:15
500106009,39,2,36,2024-12-19 10:51:16
500107111,39,3,36,2024-12-19 12:38:15
500119061,39,3,36,2024-12-19 09:57:15
500106009,39,2,37,2024-12-19 12:05:17
500106009,39,1,37,2024-12-19 10:47:16
500106066,39,2,37,2024-12-19 11:37:15
500106009,39,1,38,2024-12-19 11:23:14
500101027,39,28,11,2024-12-19 20:39:16
500101027,39,26,13,2024-12-19 19:28:15
500106042,39,25,13,2024-12-19 20:09:15
500101027,39,25,14,2024-12-19 19:36:15
500106042,39,25,14,2024-12-19 18:48:15
500107016,39,16,22,2024-12-19 21:09:16
500106070,39,14,24,2024-12-19 19:07:15
500106009,39,12,27,2024-12-19 20:23:15
500106066,39,11,28,2024-12-19 18:18:16
500106009,39,9,30,2024-12-19 19:13:15
500119061,39,9,30,2024-12-19 17:47:15
500107016,39,7,31,2024-12-19 18:31:15
500107111,39,8,31,2024-12-19 17:58:16
500107111,39,6,33,2024-12-19 20:51:15
500107111,39,5,34,2024-12-19 17:47:16
500106044,39,3,35,2024-12-19 17:24:16
500106044,39,1,37,2024-12-19 17:34:15
500106066,39,1,38,2024-12-19 17:24:15
500110007,39,1,38,2024-12-19 19:49:15
500101027,39,0,39,2024-12-19 17:28:15
500110007,39,35,4,2024-12-19 16:58:15
500110007,39,30,9,2024-12-19 17:16:16
500106042,39,29,10,2024-12-19 16:52:15
500106070,39,27,11,2024-12-19 13:46:16
500110007,39,28,11,2024-12-19 15:54:15
500112030,39,23,11,2024-12-19 15:50:16
500106070,39,24,14,2024-12-19 15:06:15
500112030,39,20,14,2024-12-19 13:49:14
500119061,39,23,16,2024-12-19 16:01:16
500119061,39,23,16,2024-12-19 15:37:15
500104089,39,18,21,2024-12-19 17:16:16
500109054,39,18,21,2024-12-19 13:16:14
500119061,39,18,21,2024-12-19 16:59:15
500109054,39,17,22,2024-12-19 17:17:16
500109054,39,16,23,2024-12-19 16:48:16
500119061,39,14,25,2024-12-19 14:26:15
500101027,39,12,27,2024-12-19 13:16:14
500101027,39,11,28,2024-12-19 13:42:15
500106009,39,7,32,2024-12-19 15:44:15
500106009,39,7,32,2024-12-19 16:31:15
500107111,39,7,32,2024-12-19 16:25:16
500107111,39,6,33,2024-12-19 16:34:16
500112025,39,5,34,2024-12-19 16:50:17
500106066,39,2,37,2024-12-19 17:06:16
500112025,39,1,38,2024-12-19 16:34:15
500101027,39,0,39,2024-12-19 16:47:15
500106044,39,2,36,2024-12-19 21:44:15
500109054,39,35,4,2024-12-19 06:43:15
500106066,39,33,6,2024-12-19 05:22:15
500112025,39,27,8,2024-12-19 06:17:14
500107016,39,25,10,2024-12-19 05:59:14
500107016,39,22,13,2024-12-19 06:33:15
500106042,39,25,14,2024-12-19 08:36:15
500107016,39,21,14,2024-12-19 07:15:17
500106042,39,24,15,2024-12-19 07:42:15
500107016,39,19,16,2024-12-19 07:36:15
500106042,39,21,18,2024-12-19 08:01:14
500112030,39,19,20,2024-12-19 08:44:16
500109054,39,17,22,2024-12-19 08:37:15
500109054,39,17,22,2024-12-19 08:57:15
500112025,39,12,23,2024-12-19 07:27:15
500106044,39,14,24,2024-12-19 08:44:16
500112030,39,14,25,2024-12-19 08:33:16
500106066,39,13,26,2024-12-19 08:03:15
500107111,39,10,29,2024-12-19 05:29:15
500119061,39,6,33,2024-12-19 07:36:15
500110007,39,4,35,2024-12-19 05:23:15
500106070,39,3,36,2024-12-19 06:55:16
500106044,39,1,37,2024-12-19 06:55:16
500106070,39,2,37,2024-12-19 06:57:15
500107111,39,1,38,2024-12-19 07:46:15
500112030,39,1,38,2024-12-19 06:05:17
500106066,39,0,39,2024-12-19 08:47:15
500101027,39,6,33,2024-12-19 00:36:15
500106070,39,3,36,2024-12-19 00:28:15
500106070,39,3,36,2024-12-19 00:46:15
500106044,39,1,37,2024-12-19 01:17:15
500106070,39,3,36,2024-12-19 01:09:14
500104089,39,12,27,2024-12-19 01:04:14
500106044,39,2,36,2024-12-19 22:52:16
500107016,39,20,18,2024-12-19 22:32:14
500106044,39,3,35,2024-12-19 21:31:15
500110007,39,4,35,2024-12-19 21:39:15
500107111,39,6,33,2024-12-19 21:53:15
500101027,39,9,30,2024-12-19 03:35:15
500119061,39,21,18,2024-12-19 23:32:15
500101027,39,2,37,2024-12-19 00:59:15
500107016,39,27,8,2024-12-19 01:58:14
500107111,39,5,34,2024-12-19 22:48:15
500110007,39,1,38,2024-12-19 22:20:15
500107111,39,4,35,2024-12-19 22:53:15
500107016,39,20,17,2024-12-19 23:20:15
500101027,39,29,10,2024-12-19 23:33:15
500112030,39,2,37,2024-12-19 02:05:16
500112025,39,26,7,2024-12-19 01:25:16
500106042,39,39,0,2024-12-19 10:37:16
500110007,39,32,7,2024-12-19 12:19:16
500112030,39,27,7,2024-12-19 11:55:17
500101027,39,31,8,2024-12-19 12:08:15
500112030,39,24,10,2024-12-19 11:26:15
500106042,39,27,12,2024-12-19 09:19:15
500101027,39,24,15,2024-12-19 09:26:15
500101027,39,24,15,2024-12-19 10:00:18
500101027,39,24,15,2024-12-19 10:58:16
500106044,39,22,16,2024-12-19 11:36:15
500106044,39,22,16,2024-12-19 10:26:14
500112030,39,16,18,2024-12-19 09:45:15
500112030,39,15,19,2024-12-19 10:14:15
500101027,39,19,20,2024-12-19 11:51:16
500119061,39,19,20,2024-12-19 10:07:16
500110007,39,18,21,2024-12-19 09:37:15
500106009,39,13,25,2024-12-19 09:07:15
500110007,39,11,28,2024-12-19 09:56:15
500106066,39,10,29,2024-12-19 09:45:15
500119061,39,8,31,2024-12-19 10:47:16
500107111,39,7,32,2024-12-19 12:28:15
500107016,39,2,33,2024-12-19 11:55:18
500107111,39,4,35,2024-12-19 11:24:15
500112025,39,4,35,2024-12-19 12:26:15
500107111,39,3,36,2024-12-19 10:26:14
500106066,39,2,37,2024-12-19 11:17:15
500107111,39,2,37,2024-12-19 10:43:16
500112025,39,2,37,2024-12-19 12:48:14
500106070,39,37,2,2024-12-19 20:36:15
500106070,39,30,9,2024-12-19 21:07:15
500106042,39,24,14,2024-12-19 20:35:16
500106070,39,24,14,2024-12-19 17:23:15
500106042,39,24,15,2024-12-19 17:58:16
500112030,39,24,15,2024-12-19 20:11:16
500106042,39,23,16,2024-12-19 17:38:16
500112030,39,23,16,2024-12-19 19:43:15
500106042,39,22,17,2024-12-19 18:29:16
500109054,39,22,17,2024-12-19 20:42:15
500112030,39,22,17,2024-12-19 20:47:15
500106042,39,20,18,2024-12-19 21:09:16
500109054,39,20,19,2024-12-19 20:56:15
500112025,39,20,19,2024-12-19 18:15:17
500112025,39,20,19,2024-12-19 18:45:16
500104089,39,19,20,2024-12-19 17:24:16
500119061,39,17,22,2024-12-19 17:28:15
500109054,39,15,24,2024-12-19 18:13:16
500112025,39,7,24,2024-12-19 21:20:16
500106070,39,13,25,2024-12-19 19:19:15
500106070,39,13,25,2024-12-19 18:38:16
500106009,39,13,26,2024-12-19 21:01:15
500106066,39,12,27,2024-12-19 18:28:16
500107016,39,11,27,2024-12-19 19:58:14
500107016,39,10,28,2024-12-19 19:38:15
500106066,39,9,30,2024-12-19 18:08:16
500107016,39,8,30,2024-12-19 18:49:16
500110007,39,5,34,2024-12-19 19:28:15
500107016,39,1,37,2024-12-19 17:38:16
500106044,39,0,38,2024-12-19 17:57:16
500107016,39,0,38,2024-12-19 17:47:16
500107111,39,1,38,2024-12-19 18:28:16
500110007,39,1,38,2024-12-19 20:59:15
500110007,39,31,8,2024-12-19 15:37:16
500106070,39,26,12,2024-12-19 16:16:15
500106070,39,26,12,2024-12-19 13:37:14
500106070,39,24,14,2024-12-19 14:26:15
500109054,39,18,21,2024-12-19 15:32:15
500119061,39,18,21,2024-12-19 13:18:14
500104089,39,14,25,2024-12-19 16:00:17
500101027,39,9,30,2024-12-19 15:08:14
500107111,39,8,31,2024-12-19 16:12:14
500107016,39,3,32,2024-12-19 13:23:15
500107016,39,1,34,2024-12-19 13:09:17
500106009,39,4,35,2024-12-19 13:28:15
500106044,39,3,35,2024-12-19 17:12:16
500101027,39,3,36,2024-12-19 15:48:15
500112025,39,3,36,2024-12-19 16:43:14
500106066,39,1,38,2024-12-19 13:28:16
500106066,39,1,38,2024-12-19 14:14:15
500106066,39,33,6,2024-12-19 06:34:15
500109054,39,33,6,2024-12-19 07:16:14
500106009,39,30,8,2024-12-19 08:11:16
500106066,39,31,8,2024-12-19 06:56:15
500106042,39,26,13,2024-12-19 07:02:15
500107016,39,20,15,2024-12-19 07:25:15
500106042,39,23,16,2024-12-19 07:34:15
500106009,39,21,17,2024-12-19 07:13:15
500106009,39,19,19,2024-12-19 07:26:15
500107016,39,16,19,2024-12-19 08:14:16
500109054,39,17,22,2024-12-19 08:45:16
500112025,39,16,23,2024-12-19 08:26:15
500112025,39,15,24,2024-12-19 08:33:16
500110007,39,14,25,2024-12-19 06:26:15
500106070,39,12,27,2024-12-19 08:47:15
500107111,39,11,28,2024-12-19 05:14:15
500106044,39,8,30,2024-12-19 08:16:15
500107111,39,8,31,2024-12-19 06:39:15
500110007,39,8,31,2024-12-19 06:05:15
500110007,39,8,31,2024-12-19 06:17:14
500106070,39,5,34,2024-12-19 08:17:15
500106070,39,5,34,2024-12-19 06:42:15
500107111,39,4,35,2024-12-19 08:16:15
500107111,39,4,35,2024-12-19 08:03:15
500106044,39,2,36,2024-12-19 06:44:15
500104089,39,0,38,2024-12-19 08:01:17
500119061,39,1,38,2024-12-19 08:57:16
500119061,39,9,30,2024-12-19 23:29:14
500107111,39,15,24,2024-12-19 23:42:15
500112025,39,23,6,2024-12-19 01:16:15
500112025,39,14,15,2024-12-19 23:06:15
500106042,39,14,24,2024-12-19 23:00:17
500101027,39,1,38,2024-12-19 02:38:14
500106044,39,2,36,2024-12-19 01:27:15
500106066,39,35,4,2024-12-19 02:40:16
500104089,39,11,27,2024-12-19 03:39:14
500106009,39,15,24,2024-12-19 21:51:15
500107111,39,16,23,2024-12-19 23:53:15
500106066,39,30,9,2024-12-19 01:43:15
500107016,39,26,9,2024-12-19 02:42:15
500101027,39,23,16,2024-12-19 22:25:16
500110007,39,2,37,2024-12-19 22:56:14
500106042,39,38,1,2024-12-19 10:44:16
500106042,39,32,7,2024-12-19 10:04:16
500112030,39,27,7,2024-12-19 11:36:15
500110007,39,31,8,2024-12-19 12:08:15
500106042,39,29,10,2024-12-19 12:36:15
500112030,39,29,10,2024-12-19 09:00:18
500106070,39,27,12,2024-12-19 09:57:15
500106070,39,24,14,2024-12-19 12:47:15
500110007,39,22,17,2024-12-19 09:07:15
500101027,39,21,18,2024-12-19 10:18:15
500109054,39,20,19,2024-12-19 10:07:16
500106044,39,18,20,2024-12-19 12:07:16
500106070,39,16,22,2024-12-19 11:18:16
500109054,39,17,22,2024-12-19 12:30:16
500109054,39,17,22,2024-12-19 11:35:17
500109054,39,16,23,2024-12-19 09:09:15
500109054,39,16,23,2024-12-19 11:49:16
500119061,39,15,24,2024-12-19 11:50:15
500106044,39,13,25,2024-12-19 12:25:16
500106044,39,12,26,2024-12-19 12:46:15
500110007,39,13,26,2024-12-19 10:38:15
500104089,39,4,34,2024-12-19 08:59:15
500107016,39,1,34,2024-12-19 13:07:15
500112025,39,5,34,2024-12-19 10:20:16
500106066,39,4,35,2024-12-19 12:05:17
500112025,39,4,35,2024-12-19 09:37:15
500112025,39,4,35,2024-12-19 10:39:15
500107111,39,3,36,2024-12-19 11:55:17
500104089,39,2,37,2024-12-19 09:50:16
500106066,39,2,37,2024-12-19 10:18:15
500112025,39,0,39,2024-12-19 11:58:15
500101027,39,36,3,2024-12-19 21:20:19
500106070,39,31,8,2024-12-19 21:17:15
500112030,39,27,12,2024-12-19 19:28:15
500112025,39,26,13,2024-12-19 19:36:15
500110007,39,24,15,2024-12-19 18:08:16
500109054,39,22,17,2024-12-19 19:45:16
500112025,39,17,22,2024-12-19 17:58:16
500109054,39,16,23,2024-12-19 18:20:17
500112025,39,8,23,2024-12-19 21:15:15
500106066,39,14,25,2024-12-19 18:48:15
500119061,39,13,26,2024-12-19 21:18:15
500112025,39,4,27,2024-12-19 20:19:16
500112030,39,12,27,2024-12-19 21:15:16
500112030,39,3,31,2024-12-19 18:03:15
500106066,39,7,32,2024-12-19 17:46:15
500107111,39,7,32,2024-12-19 17:38:16
500119061,39,7,32,2024-12-19 18:08:16
500119061,39,3,36,2024-12-19 18:29:16
500112025,39,2,37,2024-12-19 20:10:17
500101027,39,0,39,2024-12-19 18:18:16
500110007,39,32,7,2024-12-19 17:06:16
500106042,39,31,8,2024-12-19 17:17:16
500110007,39,31,8,2024-12-19 16:36:15
500106042,39,30,9,2024-12-19 14:35:15
500110007,39,30,9,2024-12-19 13:31:15
500106070,39,24,14,2024-12-19 17:07:15
500106070,39,24,14,2024-12-19 14:37:14
500119061,39,20,19,2024-12-19 15:46:15
500119061,39,20,19,2024-12-19 16:47:15
500109054,39,17,22,2024-12-19 15:00:17
500119061,39,16,23,2024-12-19 14:30:16
500119061,39,15,24,2024-12-19 14:17:15
500101027,39,13,26,2024-12-19 13:53:14
500106044,39,11,27,2024-12-19 14:45:15
500106009,39,9,30,2024-12-19 16:56:15
500106009,39,8,31,2024-12-19 14:57:15
500101027,39,7,32,2024-12-19 15:17:15
500107016,39,2,33,2024-12-19 13:44:15
500107111,39,6,33,2024-12-19 15:03:15
500101027,39,3,36,2024-12-19 16:37:15
500106066,39,3,36,2024-12-19 17:15:17
500107016,39,1,37,2024-12-19 17:08:16
500107111,39,2,37,2024-12-19 13:37:14
500106066,39,1,38,2024-12-19 13:51:15
500106042,39,12,26,2024-12-19 21:44:15
500112030,39,15,24,2024-12-19 21:49:14
500109054,39,34,5,2024-12-19 06:34:15
500107016,39,26,9,2024-12-19 05:18:15
500112025,39,26,9,2024-12-19 06:00:17
500110007,39,29,10,2024-12-19 08:17:15
500110007,39,26,13,2024-12-19 07:37:15
500106009,39,23,15,2024-12-19 08:27:16
500106042,39,24,15,2024-12-19 06:19:15
500112030,39,24,15,2024-12-19 08:53:15
500107016,39,18,17,2024-12-19 08:33:16
500101027,39,10,29,2024-12-19 07:13:15
500101027,39,9,30,2024-12-19 07:37:15
500104089,39,8,30,2024-12-19 06:46:15
500107111,39,5,34,2024-12-19 07:17:14
500107111,39,3,36,2024-12-19 07:23:15
500106044,39,0,38,2024-12-19 07:47:15
500119061,39,0,39,2024-12-19 08:27:15
500101027,39,4,35,2024-12-19 00:01:14
500106009,39,24,15,2024-12-19 00:30:16
500112025,39,22,7,2024-12-19 00:49:15
500112030,39,2,37,2024-12-19 00:05:15
500104089,39,11,28,2024-12-19 00:56:14
500119061,39,10,29,2024-12-19 00:17:15
500106044,39,0,38,2024-12-19 22:16:15
500106042,39,13,25,2024-12-19 22:35:16
500112030,39,17,22,2024-12-19 22:16:15
500112025,39,11,20,2024-12-19 21:39:15
500106009,39,28,11,2024-12-19 02:22:15
500107016,39,26,9,2024-12-19 04:11:15
500106044,39,1,37,2024-12-19 21:57:15
500104089,39,19,20,2024-12-19 22:03:14
500110007,39,4,35,2024-12-19 21:58:15
500107016,39,18,20,2024-12-19 21:50:17
500107016,39,27,8,2024-12-19 01:47:15
500101027,39,22,17,2024-12-19 22:49:15
500107111,39,5,34,2024-12-19 23:05:15
500107111,39,8,31,2024-12-19 22:26:15
500104089,39,9,30,2024-12-19 22:52:15
500110007,39,29,10,2024-12-19 12:38:15
500106070,39,26,12,2024-12-19 12:35:16
500119061,39,26,13,2024-12-19 12:51:14
500112030,39,20,14,2024-12-19 10:57:15
500106070,39,23,15,2024-12-19 12:08:15
500107016,39,18,17,2024-12-19 09:46:16
500110007,39,22,17,2024-12-19 11:37:15
500107016,39,17,18,2024-12-19 09:57:15
500110007,39,21,18,2024-12-19 09:09:15
500112030,39,16,18,2024-12-19 09:57:15
500101027,39,18,21,2024-12-19 12:38:15
500107016,39,14,21,2024-12-19 10:27:16
500106070,39,16,22,2024-12-19 11:06:15
500109054,39,17,22,2024-12-19 09:21:15
500110007,39,13,26,2024-12-19 11:06:15
500110007,39,11,28,2024-12-19 10:28:15
500106009,39,9,29,2024-12-19 09:27:14
500106066,39,6,33,2024-12-19 09:26:15
500107016,39,2,33,2024-12-19 11:44:15
500104089,39,4,35,2024-12-19 12:15:16
500104089,39,3,36,2024-12-19 11:58:16
500106066,39,3,36,2024-12-19 12:18:15
500112025,39,3,36,2024-12-19 11:43:15
500106066,39,2,37,2024-12-19 13:08:15
500112025,39,1,38,2024-12-19 12:55:15
500110007,39,32,7,2024-12-19 17:36:14
500109054,39,22,17,2024-12-19 20:01:15
500106066,39,21,18,2024-12-19 20:29:14
500109054,39,21,18,2024-12-19 19:56:16
500101027,39,20,19,2024-12-19 19:59:15
500107016,39,16,22,2024-12-19 20:31:15
500106070,39,15,23,2024-12-19 18:45:16
500119061,39,16,23,2024-12-19 17:34:15
500112030,39,8,26,2024-12-19 17:48:15
500106009,39,11,28,2024-12-19 20:43:15
500112025,39,10,29,2024-12-19 19:59:16
500106009,39,9,30,2024-12-19 20:08:15
500112030,39,4,30,2024-12-19 19:07:15
500106044,39,7,31,2024-12-19 18:29:16
500106009,39,7,32,2024-12-19 18:52:15
500106009,39,7,32,2024-12-19 19:37:15
500106044,39,5,33,2024-12-19 20:57:16
500107111,39,6,33,2024-12-19 21:19:16
500110007,39,5,34,2024-12-19 19:03:15
500119061,39,4,35,2024-12-19 18:18:15
500107111,39,3,36,2024-12-19 18:43:14
500110007,39,3,36,2024-12-19 20:07:15
500107016,39,1,37,2024-12-19 17:53:16
500110007,39,1,38,2024-12-19 21:19:16
500101027,39,0,39,2024-12-19 18:08:16
500110007,39,0,39,2024-12-19 19:57:14
500110007,39,0,39,2024-12-19 20:48:15
500110007,39,34,5,2024-12-19 15:17:16
500110007,39,33,6,2024-12-19 15:07:15
500110007,39,29,10,2024-12-19 15:45:16
500106070,39,27,11,2024-12-19 13:17:15
500112030,39,22,12,2024-12-19 16:16:15
500112030,39,22,12,2024-12-19 14:43:14
500112030,39,21,13,2024-12-19 14:12:15
500119061,39,23,16,2024-12-19 15:17:15
500109054,39,19,20,2024-12-19 15:49:15
500109054,39,17,22,2024-12-19 13:23:15
500109054,39,15,24,2024-12-19 16:38:15
500119061,39,15,24,2024-12-19 13:57:15
500106044,39,9,29,2024-12-19 16:18:16
500106009,39,8,31,2024-12-19 15:57:15
500101027,39,7,32,2024-12-19 15:55:16
500106009,39,6,33,2024-12-19 14:09:16
500107016,39,2,36,2024-12-19 13:53:15
500106066,39,2,37,2024-12-19 13:47:15
500112025,39,1,38,2024-12-19 16:07:15
500106009,39,13,26,2024-12-19 21:48:16
500109054,39,34,5,2024-12-19 06:07:15
500106009,39,27,11,2024-12-19 07:57:16
500110007,39,27,12,2024-12-19 08:03:15
500106042,39,25,14,2024-12-19 07:22:15
500101027,39,23,16,2024-12-19 08:34:14
500107016,39,16,19,2024-12-19 07:45:16
500112025,39,17,22,2024-12-19 08:17:15
500106066,39,14,25,2024-12-19 08:17:15
500106044,39,12,26,2024-12-19 08:35:16
500101027,39,8,31,2024-12-19 07:24:15
500101027,39,5,34,2024-12-19 06:53:14
500106070,39,5,34,2024-12-19 08:26:15
500104089,39,1,37,2024-12-19 07:57:16
500106044,39,0,38,2024-12-19 07:04:15
500107111,39,1,38,2024-12-19 08:26:15
500106066,39,0,39,2024-12-19 08:56:16
500101027,39,30,9,2024-12-19 23:28:15
500106042,39,6,33,2024-12-19 00:40:16
500106042,39,15,23,2024-12-19 23:21:14
500109054,39,35,4,2024-12-19 00:33:15
500106009,39,19,20,2024-12-19 23:15:14
500107016,39,21,16,2024-12-19 23:02:14
500104089,39,13,26,2024-12-19 22:39:15
500106066,39,26,13,2024-12-19 21:35:16
500106070,39,31,8,2024-12-19 21:39:15
500101027,39,32,7,2024-12-19 21:39:15
500110007,39,2,37,2024-12-19 22:09:15
500112025,39,11,20,2024-12-19 22:09:15
500107016,39,27,8,2024-12-19 01:22:15
500112025,39,8,23,2024-12-19 21:48:16
500101027,39,38,1,2024-12-19 23:59:15
500112030,39,13,26,2024-12-19 01:01:14
500112030,39,3,36,2024-12-19 01:33:15
500110007,39,2,37,2024-12-19 22:13:15
500112025,39,14,15,2024-12-19 22:57:16
500107016,39,20,17,2024-12-19 22:58:15
500107111,39,13,26,2024-12-19 23:28:15
500112025,39,14,15,2024-12-19 23:25:16
500106066,39,29,10,2024-12-19 01:37:14
500106042,39,30,9,2024-12-19 12:25:15
500106042,39,30,9,2024-12-19 09:33:15
500110007,39,29,10,2024-12-19 13:01:15
500106070,39,27,11,2024-12-19 12:22:16
500112030,39,21,13,2024-12-19 12:23:15
500119061,39,26,13,2024-12-19 12:48:15
500106042,39,24,15,2024-12-19 09:07:15
500106070,39,24,15,2024-12-19 10:07:16
500106044,39,20,18,2024-12-19 10:38:15
500109054,39,21,18,2024-12-19 10:09:16
500106044,39,19,19,2024-12-19 09:56:16
500106044,39,17,21,2024-12-19 09:15:15
500109054,39,18,21,2024-12-19 12:19:16
500106070,39,17,22,2024-12-19 09:09:15
500101027,39,15,24,2024-12-19 13:04:16
500106009,39,14,24,2024-12-19 09:08:15
500110007,39,12,27,2024-12-19 10:50:16
500119061,39,12,27,2024-12-19 11:27:15
500106066,39,8,31,2024-12-19 09:37:15
500106066,39,5,34,2024-12-19 10:07:16
500107016,39,1,34,2024-12-19 12:55:17
500112025,39,5,34,2024-12-19 09:27:15
500112025,39,5,34,2024-12-19 10:17:15
500106009,39,3,35,2024-12-19 09:32:15
500107111,39,4,35,2024-12-19 11:47:15
500112025,39,4,35,2024-12-19 12:19:16
500104089,39,2,36,2024-12-19 09:46:16
500104089,39,3,36,2024-12-19 10:02:15
500107111,39,3,36,2024-12-19 12:58:15
500106066,39,0,39,2024-12-19 10:38:15
500119061,39,0,39,2024-12-19 09:43:16
500106070,39,39,0,2024-12-19 20:09:15
500101027,39,25,14,2024-12-19 20:59:15
500112025,39,25,14,2024-12-19 19:16:15
500106066,39,24,15,2024-12-19 20:48:15
500106042,39,23,16,2024-12-19 19:19:15
500106042,39,23,16,2024-12-19 18:37:15
500110007,39,23,16,2024-12-19 17:46:15
500112030,39,23,16,2024-12-19 20:28:15
500101027,39,22,17,2024-12-19 20:13:15
500106042,39,19,19,2024-12-19 21:13:16
500109054,39,20,19,2024-12-19 21:08:15
500104089,39,19,20,2024-12-19 18:18:16
500106070,39,18,20,2024-12-19 17:38:16
500112025,39,17,22,2024-12-19 18:05:16
500109054,39,16,23,2024-12-19 18:37:15
500106066,39,11,28,2024-12-19 19:19:15
500107016,39,9,29,2024-12-19 19:17:15
500106044,39,7,31,2024-12-19 18:37:15
500110007,39,6,33,2024-12-19 18:58:16
500112030,39,1,33,2024-12-19 18:21:16
500106044,39,4,34,2024-12-19 20:49:15
500106044,39,3,35,2024-12-19 18:18:16
500101027,39,3,36,2024-12-19 17:47:15
500110007,39,3,36,2024-12-19 21:08:15
500119061,39,3,36,2024-12-19 19:15:16
500101027,39,1,38,2024-12-19 18:38:15
500110007,39,0,39,2024-12-19 20:34:16
500119061,39,0,39,2024-12-19 18:42:17
500110007,39,33,6,2024-12-19 14:07:16
500110007,39,32,7,2024-12-19 16:46:15
500110007,39,32,7,2024-12-19 14:57:15
500106042,39,31,8,2024-12-19 15:11:15
500106042,39,31,8,2024-12-19 16:35:15
500110007,39,31,8,2024-12-19 14:48:14
500106042,39,30,9,2024-12-19 16:00:17
500110007,39,30,9,2024-12-19 16:07:15
500106070,39,26,12,2024-12-19 16:35:15
500106070,39,25,13,2024-12-19 16:57:16
500106070,39,23,15,2024-12-19 15:16:15
500106070,39,22,16,2024-12-19 15:45:16
500109054,39,18,21,2024-12-19 14:25:16
500104089,39,16,23,2024-12-19 16:51:16
500109054,39,16,23,2024-12-19 17:08:16
500101027,39,11,28,2024-12-19 14:17:15
500107111,39,9,30,2024-12-19 15:46:16
500112025,39,8,31,2024-12-19 17:15:17
500107016,39,5,33,2024-12-19 16:23:15
500107016,39,5,33,2024-12-19 16:41:14
500106009,39,4,35,2024-12-19 13:39:15
500101027,39,3,36,2024-12-19 16:28:15
500104089,39,2,37,2024-12-19 14:08:15
500101027,39,1,38,2024-12-19 16:58:16
500101027,39,1,38,2024-12-19 17:08:16
500106066,39,0,39,2024-12-19 13:17:15
500106066,39,0,39,2024-12-19 15:18:15
500106009,39,31,7,2024-12-19 08:03:15
500101027,39,31,8,2024-12-19 08:57:15
500107016,39,24,11,2024-12-19 06:16:15
500107016,39,23,12,2024-12-19 06:20:15
500112025,39,22,13,2024-12-19 06:51:15
500106066,39,24,15,2024-12-19 07:27:15
500106066,39,23,16,2024-12-19 07:46:15
500107016,39,18,17,2024-12-19 08:02:15
500107016,39,17,18,2024-12-19 08:25:16
500106009,39,17,21,2024-12-19 07:37:15
500110007,39,18,21,2024-12-19 07:17:14
500112025,39,11,28,2024-12-19 08:44:16
500107111,39,9,30,2024-12-19 06:00:17
500112030,39,9,30,2024-12-19 07:43:15
500112030,39,9,30,2024-12-19 08:02:15
500104089,39,7,31,2024-12-19 07:36:15
500119061,39,8,31,2024-12-19 06:50:16
500107111,39,7,32,2024-12-19 06:36:14
500119061,39,7,32,2024-12-19 06:44:15
500112025,39,6,33,2024-12-19 08:57:15
500106070,39,3,36,2024-12-19 07:24:15
500106066,39,1,38,2024-12-19 08:37:15
500109054,39,34,5,2024-12-19 00:14:14
500112025,39,21,8,2024-12-19 00:36:15
500107016,39,29,6,2024-12-19 00:04:16
500112030,39,10,29,2024-12-19 00:47:15
500119061,39,8,31,2024-12-19 00:41:14
500106042,39,7,32,2024-12-19 00:49:15
500104089,39,10,29,2024-12-19 23:16:15
500112030,39,12,27,2024-12-19 21:39:15
500109054,39,22,17,2024-12-19 21:14:15
500119061,39,6,33,2024-12-19 01:31:15
500112025,39,26,9,2024-12-19 01:38:16
500101027,39,10,29,2024-12-19 03:55:15
500106066,39,25,14,2024-12-19 22:08:14
500101027,39,38,1,2024-12-19 21:59:16
500107016,39,26,9,2024-12-19 03:18:14
500107111,39,9,30,2024-12-19 02:24:14
500104089,39,8,31,2024-12-19 23:00:17
500106066,39,20,19,2024-12-19 22:18:14
500109054,39,24,15,2024-12-19 22:55:16
500107016,39,28,7,2024-12-19 01:31:15
500110007,39,34,5,2024-12-19 12:28:15
500106042,39,30,9,2024-12-19 12:15:16
500110007,39,30,9,2024-12-19 11:57:15
500112030,39,20,14,2024-12-19 10:45:16
500101027,39,24,15,2024-12-19 09:45:15
500110007,39,24,15,2024-12-19 11:48:15
500106044,39,21,17,2024-12-19 10:41:15
500112030,39,19,20,2024-12-19 09:27:15
500107016,39,14,21,2024-12-19 09:09:15
500109054,39,17,22,2024-12-19 13:07:15
500107016,39,9,26,2024-12-19 11:11:15
500119061,39,9,30,2024-12-19 11:03:15
500106009,39,4,34,2024-12-19 10:15:15
500112025,39,5,34,2024-12-19 09:47:15
500112025,39,5,34,2024-12-19 10:58:16
500104089,39,4,35,2024-12-19 11:13:15
500107111,39,4,35,2024-12-19 10:17:16
500104089,39,3,36,2024-12-19 11:37:15
500106009,39,2,36,2024-12-19 10:31:16
500106066,39,2,37,2024-12-19 12:56:15
500107111,39,2,37,2024-12-19 12:43:15
500106066,39,1,38,2024-12-19 11:45:16
500106066,39,0,39,2024-12-19 10:43:15
500119061,39,0,39,2024-12-19 09:23:15
500106070,39,35,4,2024-12-19 19:35:16
500112030,39,25,9,2024-12-19 19:19:16
500106042,39,22,16,2024-12-19 19:47:15
500106042,39,21,17,2024-12-19 19:38:15
500106042,39,21,18,2024-12-19 18:58:16
500110007,39,20,19,2024-12-19 18:18:16
500112025,39,20,19,2024-12-19 18:26:16
500104089,39,18,21,2024-12-19 18:24:16
500107016,39,17,21,2024-12-19 20:27:15
500109054,39,18,21,2024-12-19 19:27:15
500112025,39,10,21,2024-12-19 20:58:15
500112025,39,18,21,2024-12-19 18:35:16
500112030,39,18,21,2024-12-19 21:08:15
500101027,39,17,22,2024-12-19 20:09:15
500106066,39,17,22,2024-12-19 19:35:16
500104089,39,16,23,2024-12-19 19:27:15
500109054,39,16,23,2024-12-19 18:45:16
500110007,39,16,23,2024-12-19 18:29:16
500112025,39,8,23,2024-12-19 20:39:16
500109054,39,14,25,2024-12-19 17:34:15
500112030,39,5,29,2024-12-19 17:57:15
500101027,39,9,30,2024-12-19 19:07:15
500106044,39,7,31,2024-12-19 20:13:15
500112030,39,2,32,2024-12-19 18:09:16
500106009,39,6,33,2024-12-19 18:11:15
500107111,39,6,33,2024-12-19 18:18:16
500106044,39,3,35,2024-12-19 21:18:15
500107016,39,3,35,2024-12-19 18:08:16
500107111,39,3,36,2024-12-19 20:10:17
500101027,39,2,37,2024-12-19 18:58:15
500107111,39,1,38,2024-12-19 19:56:16
500119061,39,1,38,2024-12-19 18:36:16
500101027,39,0,39,2024-12-19 18:47:15
500110007,39,34,5,2024-12-19 13:45:16
500106042,39,31,8,2024-12-19 13:49:15
500110007,39,29,10,2024-12-19 13:24:15
500112030,39,21,13,2024-12-19 13:59:15
500112030,39,19,15,2024-12-19 13:39:16
500112030,39,19,15,2024-12-19 16:48:16
500119061,39,22,17,2024-12-19 16:22:15
500119061,39,21,18,2024-12-19 15:08:14
500119061,39,19,20,2024-12-19 17:16:16
500119061,39,18,21,2024-12-19 14:47:15
500109054,39,16,23,2024-12-19 16:22:15
500119061,39,16,23,2024-12-19 13:27:15
500104089,39,15,24,2024-12-19 16:24:15
500101027,39,8,31,2024-12-19 15:28:14
500106044,39,3,35,2024-12-19 16:26:15
500106009,39,3,36,2024-12-19 13:30:16
500106044,39,2,36,2024-12-19 16:32:15
500106044,39,1,37,2024-12-19 17:04:15
500104089,39,1,38,2024-12-19 15:14:15
500112025,39,1,38,2024-12-19 15:18:15
500106066,39,0,39,2024-12-19 13:31:16
500106066,39,0,39,2024-12-19 14:47:15
500107016,39,19,19,2024-12-19 21:43:15
500110007,39,34,5,2024-12-19 08:26:15
500109054,39,33,6,2024-12-19 06:51:15
500110007,39,30,9,2024-12-19 07:47:14
500112025,39,25,10,2024-12-19 05:14:15
500109054,39,28,11,2024-12-19 07:27:15
500106042,39,24,15,2024-12-19 06:50:16
500106042,39,23,16,2024-12-19 08:42:15
500106066,39,22,17,2024-12-19 07:36:15
500106042,39,19,20,2024-12-19 08:26:15
500106009,39,17,21,2024-12-19 07:47:15
500109054,39,18,21,2024-12-19 07:55:17
500110007,39,15,24,2024-12-19 06:37:15
500106066,39,13,26,2024-12-19 07:55:17
500101027,39,9,30,2024-12-19 06:25:15
500104089,39,7,31,2024-12-19 07:22:15
500119061,39,7,32,2024-12-19 06:18:15
500101027,39,6,33,2024-12-19 06:47:15
500106044,39,4,34,2024-12-19 04:48:15
500107111,39,4,35,2024-12-19 08:52:16
500112025,39,0,35,2024-12-19 07:54:16
500119061,39,4,35,2024-12-19 07:43:15
500119061,39,2,37,2024-12-19 08:03:15
500112030,39,15,24,2024-12-19 00:57:15
500106066,39,19,20,2024-12-19 23:16:15
500119061,39,7,32,2024-12-19 00:49:15
500112030,39,12,27,2024-12-19 01:17:15
500112030,39,15,24,2024-12-19 23:16:15
500106009,39,26,12,2024-12-19 03:50:15
500107016,39,19,19,2024-12-19 22:02:15
500107111,39,11,28,2024-12-19 01:19:15
500112030,39,11,28,2024-12-19 01:23:15
500112030,39,17,22,2024-12-19 21:50:17
500106070,39,1,38,2024-12-19 03:39:14
500110007,39,2,37,2024-12-19 23:57:15
500107016,39,30,5,2024-12-19 00:38:14
500110007,39,1,38,2024-12-19 01:35:16
500101027,39,2,37,2024-12-19 02:06:15
500106009,39,15,24,2024-12-19 22:48:15
500109054,39,36,3,2024-12-19 04:36:15
500106066,39,34,5,2024-12-19 04:43:15
500106066,39,21,18,2024-12-19 22:53:15
500110007,39,37,2,2024-12-19 12:47:15
500110007,39,32,7,2024-12-19 12:56:15
500106042,39,30,9,2024-12-19 12:57:15
500112030,39,22,12,2024-12-19 12:33:15
500106044,39,24,14,2024-12-19 11:55:18
500106044,39,21,17,2024-12-19 10:07:15
500107016,39,18,17,2024-12-19 09:37:15
500112030,39,17,17,2024-12-19 10:32:15
500106070,39,20,19,2024-12-19 10:18:15
500109054,39,20,19,2024-12-19 10:33:15
500109054,39,19,20,2024-12-19 11:13:15
500109054,39,18,21,2024-12-19 12:28:15
500109054,39,18,21,2024-12-19 09:41:15
500101027,39,17,22,2024-12-19 12:58:15
500109054,39,17,22,2024-12-19 11:45:15
500106044,39,15,23,2024-12-19 08:54:15
500119061,39,15,24,2024-12-19 12:16:15
500106070,39,13,25,2024-12-19 11:37:15
500110007,39,13,26,2024-12-19 10:44:15
500110007,39,12,27,2024-12-19 10:07:16
500110007,39,12,27,2024-12-19 10:16:15
500107016,39,5,30,2024-12-19 11:37:15
500107111,39,8,31,2024-12-19 12:17:16
500119061,39,7,32,2024-12-19 10:38:15
500107016,39,2,33,2024-12-19 12:28:15
500107111,39,4,35,2024-12-19 10:04:16
500112025,39,1,38,2024-12-19 12:06:14
500119061,39,1,38,2024-12-19 09:07:16
500119061,39,1,38,2024-12-19 09:37:15
500106066,39,0,39,2024-12-19 12:38:14
500106066,39,0,39,2024-12-19 10:23:16
500106070,39,33,6,2024-12-19 20:45:16
500106070,39,30,8,2024-12-19 19:29:14
500110007,39,31,8,2024-12-19 17:27:16
500106042,39,28,11,2024-12-19 17:25:16
500112025,39,24,15,2024-12-19 18:58:16
500106042,39,22,16,2024-12-19 20:45:16
500112025,39,23,16,2024-12-19 19:01:15
500106070,39,20,18,2024-12-19 17:59:15
500110007,39,21,18,2024-12-19 17:59:15
500112030,39,20,19,2024-12-19 20:57:16
500104089,39,17,22,2024-12-19 20:24:15
500106070,39,16,22,2024-12-19 18:17:15
500112030,39,12,22,2024-12-19 17:36:14
500119061,39,17,22,2024-12-19 20:26:16
500107016,39,15,23,2024-12-19 20:44:15
500109054,39,15,24,2024-12-19 19:05:16
500110007,39,15,24,2024-12-19 18:47:16
500119061,39,15,24,2024-12-19 20:58:15
500101027,39,14,25,2024-12-19 19:19:15
500106066,39,13,26,2024-12-19 18:56:15
500106066,39,9,30,2024-12-19 17:58:16
500106044,39,6,32,2024-12-19 20:26:16
500106044,39,6,32,2024-12-19 19:04:15
500107016,39,6,32,2024-12-19 18:48:15
500110007,39,7,32,2024-12-19 19:17:15
500106044,39,5,33,2024-12-19 20:39:16
500106009,39,5,34,2024-12-19 18:38:16
500106044,39,4,34,2024-12-19 21:09:16
500107111,39,3,36,2024-12-19 19:10:17
500107111,39,3,36,2024-12-19 19:34:15
500119061,39,1,38,2024-12-19 19:07:15
500106042,39,32,7,2024-12-19 13:38:16
500106070,39,27,11,2024-12-19 14:18:15
500112030,39,21,13,2024-12-19 16:23:15
500106070,39,23,15,2024-12-19 14:57:15
500112030,39,18,16,2024-12-19 16:49:15
500112030,39,16,18,2024-12-19 17:05:16
500119061,39,19,20,2024-12-19 16:58:15
500119061,39,15,24,2024-12-19 14:05:16
500104089,39,14,25,2024-12-19 15:38:15
500107016,39,4,34,2024-12-19 15:39:15
500107016,39,3,35,2024-12-19 15:19:15
500107016,39,1,37,2024-12-19 14:34:15
500106066,39,0,39,2024-12-19 15:20:18
500107111,39,4,35,2024-12-19 21:48:16
500110007,39,33,6,2024-12-19 08:37:15
500106066,39,31,8,2024-12-19 06:17:14
500107016,39,27,8,2024-12-19 05:13:15
500110007,39,30,9,2024-12-19 08:47:15
500112025,39,25,10,2024-12-19 06:22:14
500107016,39,17,18,2024-12-19 07:57:15
500106009,39,19,19,2024-12-19 08:36:15
500107111,39,9,30,2024-12-19 06:17:14
500106070,39,8,31,2024-12-19 08:36:15
500104089,39,6,32,2024-12-19 07:44:15
500106044,39,3,35,2024-12-19 08:01:15
500106070,39,4,35,2024-12-19 06:09:15
500106044,39,1,37,2024-12-19 07:57:16
500107111,39,2,37,2024-12-19 08:47:15
500119061,39,2,37,2024-12-19 08:37:15
500119061,39,1,38,2024-12-19 08:47:15
500107016,39,28,7,2024-12-19 00:18:14
500107016,39,29,6,2024-12-19 00:37:15
500110007,39,1,38,2024-12-19 00:16:15
500112025,39,15,14,2024-12-19 23:34:14
500107016,39,19,18,2024-12-19 23:41:14
500106009,39,20,19,2024-12-19 23:43:14
500106066,39,28,11,2024-12-19 00:28:14
500110007,39,0,39,2024-12-19 23:04:15
500119061,39,4,35,2024-12-19 23:11:15
500109054,39,25,14,2024-12-19 23:01:15
500106009,39,16,23,2024-12-19 22:26:15
500101027,39,21,18,2024-12-19 22:39:15
500112025,39,23,8,2024-12-19 22:35:16
500106070,39,28,11,2024-12-19 22:36:15
500119061,39,6,33,2024-12-19 21:35:16
500106042,39,15,23,2024-12-19 21:39:15
500104089,39,16,23,2024-12-19 21:39:15
500112030,39,1,38,2024-12-19 03:04:15
500110007,39,2,37,2024-12-19 03:02:15
500107111,39,11,28,2024-12-19 02:46:14
500107111,39,10,29,2024-12-19 04:01:16
500106009,39,14,25,2024-12-19 22:02:16
500106070,39,31,8,2024-12-19 21:55:17
500106009,39,27,11,2024-12-19 03:41:15
500106009,39,27,12,2024-12-19 01:46:14
500112030,39,0,39,2024-12-19 02:34:15
500101027,39,26,13,2024-12-19 22:15:16
500106070,39,31,8,2024-12-19 22:16:15
500106042,39,36,3,2024-12-19 11:46:14
500106042,39,36,3,2024-12-19 10:14:15
500106042,39,35,4,2024-12-19 11:58:16
500101027,39,34,5,2024-12-19 09:07:15
500106070,39,30,8,2024-12-19 12:17:16
500112030,39,24,10,2024-12-19 12:08:15
500106070,39,26,12,2024-12-19 12:58:15
500112030,39,21,13,2024-12-19 12:40:16
500112030,39,21,13,2024-12-19 12:55:16
500101027,39,25,14,2024-12-19 10:25:15
500101027,39,25,14,2024-12-19 10:46:15
500119061,39,23,16,2024-12-19 12:38:15
500112030,39,15,19,2024-12-19 09:37:15
500101027,39,19,20,2024-12-19 11:35:17
500109054,39,19,20,2024-12-19 10:46:15
500109054,39,18,21,2024-12-19 11:07:16
500109054,39,16,23,2024-12-19 10:57:15
500107016,39,11,24,2024-12-19 10:34:15
500107016,39,11,24,2024-12-19 10:43:15
500107016,39,10,25,2024-12-19 11:08:15
500106070,39,12,26,2024-12-19 11:28:16
500107016,39,7,28,2024-12-19 11:25:15
500119061,39,10,29,2024-12-19 10:26:14
500119061,39,9,30,2024-12-19 11:38:15
500112025,39,7,32,2024-12-19 09:07:15
500107016,39,1,34,2024-12-19 12:29:16
500104089,39,4,35,2024-12-19 12:37:15
500104089,39,2,35,2024-12-19 09:37:15
500107016,39,0,35,2024-12-19 12:41:16
500106009,39,1,37,2024-12-19 11:01:16
500106066,39,1,38,2024-12-19 11:27:16
500107111,39,1,38,2024-12-19 09:12:16
500106066,39,0,39,2024-12-19 12:27:15
500106066,39,0,39,2024-12-19 08:58:15
500106070,39,39,0,2024-12-19 19:49:15
500106070,39,39,0,2024-12-19 20:26:16
500101027,39,38,1,2024-12-19 21:18:15
500101027,39,37,2,2024-12-19 21:09:16
500112025,39,27,12,2024-12-19 19:28:14
500106042,39,23,15,2024-12-19 20:20:16
500106042,39,24,15,2024-12-19 17:39:15
500106042,39,22,16,2024-12-19 20:11:16
500109054,39,23,16,2024-12-19 20:11:16
500112030,39,23,16,2024-12-19 20:08:15
500106070,39,18,20,2024-12-19 18:08:16
500104089,39,18,21,2024-12-19 19:01:15
500107016,39,17,21,2024-12-19 21:16:15
500112030,39,13,21,2024-12-19 17:27:16
500107016,39,16,22,2024-12-19 20:50:16
500106070,39,15,23,2024-12-19 18:29:16
500106066,39,14,25,2024-12-19 19:04:15
500109054,39,14,25,2024-12-19 18:57:15
500109054,39,13,26,2024-12-19 17:48:14
500106009,39,12,27,2024-12-19 20:57:16
500106009,39,10,29,2024-12-19 17:21:15
500106044,39,9,29,2024-12-19 20:04:16
500107016,39,9,29,2024-12-19 19:25:15
500106044,39,8,30,2024-12-19 19:27:15
500112030,39,4,30,2024-12-19 18:58:16
500107016,39,6,32,2024-12-19 18:29:16
500106066,39,6,33,2024-12-19 17:37:16
500106009,39,5,34,2024-12-19 18:29:16
500119061,39,2,37,2024-12-19 19:26:15
500107016,39,0,38,2024-12-19 17:27:16
500119061,39,0,39,2024-12-19 19:44:17
500110007,39,32,7,2024-12-19 15:24:15
500110007,39,31,8,2024-12-19 14:37:14
500110007,39,30,9,2024-12-19 16:28:15
500110007,39,29,10,2024-12-19 13:13:15
500112030,39,23,11,2024-12-19 14:53:14
500119061,39,26,13,2024-12-19 15:28:14
500119061,39,23,16,2024-12-19 15:57:15
500119061,39,21,18,2024-12-19 16:37:15
500109054,39,19,20,2024-12-19 16:03:15
500109054,39,17,22,2024-12-19 16:17:14
500109054,39,17,22,2024-12-19 13:58:15
500109054,39,16,23,2024-12-19 13:41:15
500106044,39,12,26,2024-12-19 13:13:14
500101027,39,11,28,2024-12-19 14:47:15
500101027,39,9,30,2024-12-19 14:57:15
500106009,39,9,30,2024-12-19 16:47:15
500106009,39,9,30,2024-12-19 17:09:15
500107111,39,7,32,2024-12-19 14:13:15
500112025,39,6,33,2024-12-19 17:01:16
500106009,39,5,34,2024-12-19 14:04:15
500101027,39,4,35,2024-12-19 16:16:15
500107016,39,3,35,2024-12-19 16:54:16
500107016,39,3,35,2024-12-19 15:32:15
500112025,39,2,37,2024-12-19 15:06:16
500106066,39,1,38,2024-12-19 16:45:17
500106066,39,1,38,2024-12-19 14:57:15
500112025,39,1,38,2024-12-19 16:09:16
500106070,39,31,8,2024-12-19 21:48:16
500101027,39,38,1,2024-12-19 21:49:15
500107016,39,23,12,2024-12-19 06:45:16
500112025,39,23,12,2024-12-19 06:37:15
500106009,39,25,13,2024-12-19 06:49:15
500110007,39,23,16,2024-12-19 07:57:16
500101027,39,22,17,2024-12-19 08:13:15
500110007,39,22,17,2024-12-19 08:57:15
500101027,39,21,18,2024-12-19 08:27:16
500101027,39,19,20,2024-12-19 08:01:15
500109054,39,19,20,2024-12-19 08:13:15
500106009,39,17,21,2024-12-19 08:45:16
500106009,39,15,23,2024-12-19 08:50:16
500110007,39,16,23,2024-12-19 07:27:15
500101027,39,13,26,2024-12-19 05:57:14
500112025,39,9,26,2024-12-19 07:36:15
500101027,39,12,27,2024-12-19 05:29:15
500101027,39,11,28,2024-12-19 07:47:15
500112030,39,11,28,2024-12-19 08:27:16
500112030,39,9,30,2024-12-19 08:13:15
500112030,39,9,30,2024-12-19 07:37:15
500112030,39,9,30,2024-12-19 07:55:16
500112025,39,1,34,2024-12-19 07:47:15
500112030,39,5,34,2024-12-19 07:19:16
500106044,39,3,35,2024-12-19 06:27:15
500106070,39,4,35,2024-12-19 07:57:16
500104089,39,2,36,2024-12-19 08:48:14
500119061,39,3,36,2024-12-19 08:17:15
500104089,39,1,37,2024-12-19 08:41:15
500106070,39,2,37,2024-12-19 07:46:15
500107111,39,2,37,2024-12-19 07:52:14
500112030,39,2,37,2024-12-19 06:22:14
500101027,39,7,32,2024-12-19 00:17:15
500106066,39,27,12,2024-12-19 00:10:15
500119061,39,9,30,2024-12-19 00:27:15
500106070,39,27,12,2024-12-19 23:11:14
500107111,39,6,33,2024-12-19 22:35:16
500107016,39,27,8,2024-12-19 03:02:15
500110007,39,3,36,2024-12-19 03:39:14
500109054,39,23,16,2024-12-19 22:05:16
500119061,39,5,34,2024-12-19 21:41:15
500106070,39,2,37,2024-12-19 03:16:15
500106070,39,2,37,2024-12-19 01:03:15
500112025,39,23,6,2024-12-19 01:03:15
500101027,39,3,36,2024-12-19 02:19:15
500106066,39,32,7,2024-12-19 01:54:15
500107016,39,19,18,2024-12-19 22:49:14
500112025,39,24,7,2024-12-19 22:43:15
500106009,39,18,21,2024-12-19 23:09:15
500106066,39,19,20,2024-12-19 23:02:14
500112025,39,16,15,2024-12-19 22:18:15
500106009,39,16,23,2024-12-19 22:52:15
500106042,39,39,0,2024-12-19 11:16:16
500106042,39,37,2,2024-12-19 10:25:16
500112030,39,28,6,2024-12-19 11:43:15
500106042,39,31,8,2024-12-19 12:41:15
500106042,39,30,9,2024-12-19 09:52:15
500106042,39,29,10,2024-12-19 09:46:16
500101027,39,25,14,2024-12-19 09:37:15
500112030,39,20,14,2024-12-19 12:15:16
500106044,39,23,15,2024-12-19 11:10:17
500106070,39,23,15,2024-12-19 11:58:16
500106070,39,23,16,2024-12-19 09:34:15
500107016,39,16,19,2024-12-19 09:27:15
500112030,39,15,19,2024-12-19 10:03:15
500112030,39,15,19,2024-12-19 10:28:15
500110007,39,19,20,2024-12-19 09:27:15
500101027,39,18,21,2024-12-19 12:28:15
500101027,39,18,21,2024-12-19 12:47:15
500106070,39,16,23,2024-12-19 09:07:15
500110007,39,16,23,2024-12-19 09:43:15
500119061,39,15,24,2024-12-19 12:08:15
500106044,39,13,25,2024-12-19 12:59:16
500110007,39,13,26,2024-12-19 11:18:16
500119061,39,12,27,2024-12-19 11:48:15
500107111,39,6,33,2024-12-19 11:38:15
500112025,39,6,33,2024-12-19 10:06:15
500112025,39,4,35,2024-12-19 09:53:15
500106009,39,3,36,2024-12-19 12:40:17
500112025,39,3,36,2024-12-19 09:09:15
500107111,39,2,37,2024-12-19 09:06:15
500106009,39,1,38,2024-12-19 11:16:15
500106066,39,1,38,2024-12-19 11:58:15
500107111,39,1,38,2024-12-19 10:49:16
500107111,39,1,38,2024-12-19 11:14:15
500106066,39,34,5,2024-12-19 02:30:16
500106070,39,32,7,2024-12-19 20:57:16
500112025,39,30,9,2024-12-19 19:46:14
500101027,39,27,12,2024-12-19 20:49:15
500106042,39,24,14,2024-12-19 19:25:15
500106066,39,25,14,2024-12-19 20:59:15
500101027,39,22,17,2024-12-19 19:48:14
500106070,39,21,17,2024-12-19 17:48:15
500106042,39,20,18,2024-12-19 20:57:16
500106042,39,21,18,2024-12-19 18:15:17
500104089,39,19,20,2024-12-19 18:40:17
500106066,39,17,22,2024-12-19 19:41:15
500119061,39,17,22,2024-12-19 20:38:15
500106066,39,16,23,2024-12-19 19:28:15
500109054,39,16,23,2024-12-19 19:16:15
500119061,39,16,23,2024-12-19 20:46:16
500109054,39,14,25,2024-12-19 17:26:15
500107016,39,12,26,2024-12-19 20:11:15
500106066,39,12,27,2024-12-19 18:37:15
500107016,39,11,27,2024-12-19 19:42:15
500106009,39,11,28,2024-12-19 19:23:15
500107111,39,8,31,2024-12-19 17:25:16
500112030,39,3,31,2024-12-19 18:44:16
500107111,39,7,32,2024-12-19 18:04:15
500106009,39,6,33,2024-12-19 17:51:16
500106009,39,6,33,2024-12-19 18:05:16
500106044,39,5,33,2024-12-19 19:12:15
500107111,39,5,34,2024-12-19 20:24:15
500110007,39,3,36,2024-12-19 20:11:16
500101027,39,2,37,2024-12-19 17:59:15
500107111,39,2,37,2024-12-19 19:07:15
500110007,39,0,39,2024-12-19 20:28:15
500106042,39,32,7,2024-12-19 13:46:16
500106042,39,32,7,2024-12-19 17:06:16
500106042,39,30,9,2024-12-19 14:57:15
500106042,39,29,10,2024-12-19 16:12:15
500106070,39,26,12,2024-12-19 16:21:15
500106070,39,26,12,2024-12-19 17:15:17
500112030,39,22,12,2024-12-19 15:06:15
500112030,39,22,12,2024-12-19 15:15:16
500106070,39,24,14,2024-12-19 15:56:15
500119061,39,21,18,2024-12-19 14:54:15
500104089,39,17,22,2024-12-19 16:35:15
500104089,39,17,22,2024-12-19 17:05:17
500109054,39,17,22,2024-12-19 16:54:16
500104089,39,13,26,2024-12-19 15:45:16
500101027,39,12,27,2024-12-19 14:25:16
500106044,39,10,28,2024-12-19 15:03:15
500106009,39,10,29,2024-12-19 17:05:17
500107111,39,8,31,2024-12-19 15:20:16
500107111,39,7,32,2024-12-19 16:47:15
500107016,39,5,33,2024-12-19 16:05:16
500107016,39,2,36,2024-12-19 14:48:14
500112025,39,2,37,2024-12-19 15:33:15
500101027,39,1,38,2024-12-19 17:17:16
500106066,39,1,38,2024-12-19 16:18:15
500106066,39,0,39,2024-12-19 16:25:18
500106066,39,0,39,2024-12-19 16:57:16
500112025,39,0,39,2024-12-19 16:21:15
500112025,39,0,39,2024-12-19 14:12:15
500109054,39,25,14,2024-12-19 07:34:14
500106042,39,23,16,2024-12-19 08:57:15
500106042,39,23,16,2024-12-19 06:43:15
500109054,39,19,20,2024-12-19 08:00:17
500107016,39,13,22,2024-12-19 08:47:15
500109054,39,16,23,2024-12-19 08:27:16
500106070,39,14,25,2024-12-19 08:57:15
500106066,39,6,33,2024-12-19 08:27:16
500101027,39,1,38,2024-12-19 00:54:15
500106042,39,7,32,2024-12-19 00:05:15
500112030,39,15,24,2024-12-19 00:36:15
500101027,39,6,33,2024-12-19 00:47:15
500109054,39,33,6,2024-12-19 00:00:16
500119046,40,5,35,2024-12-19 23:39:14
500107005,40,7,33,2024-12-19 23:33:15
500111014,40,21,19,2024-12-19 22:43:15
500101210,40,3,36,2024-12-19 00:22:15
500103039,40,6,34,2024-12-19 00:35:16
500101210,40,3,37,2024-12-19 23:14:15
500112046,40,28,12,2024-12-19 23:16:15
500109025,40,24,16,2024-12-19 22:25:15
500119046,40,5,35,2024-12-19 21:31:15
500103002,40,11,29,2024-12-19 21:12:15
500101033,40,14,26,2024-12-19 21:26:16
500107005,40,15,25,2024-12-19 21:37:15
500101240,40,31,9,2024-12-19 21:26:16
500109025,40,17,23,2024-12-19 02:58:15
500105001,40,39,0,2024-12-19 01:44:14
500112065,40,2,37,2024-12-19 03:33:15
500105070,40,22,17,2024-12-19 03:49:14
500101209,40,0,38,2024-12-19 21:50:18
500119046,40,4,36,2024-12-19 21:47:15
500103002,40,12,28,2024-12-19 21:49:15
500105070,40,15,25,2024-12-19 22:07:15
500103002,40,5,34,2024-12-19 02:25:15
500109025,40,18,22,2024-12-19 01:57:15
500105070,40,17,23,2024-12-19 02:23:15
500119094,40,13,10,2024-12-19 22:42:15
500107008,40,0,39,2024-12-19 22:10:19
500119094,40,13,10,2024-12-19 22:10:17
500101033,40,32,8,2024-12-19 04:39:15
500112046,40,31,3,2024-12-19 01:56:14
500101109,40,5,31,2024-12-19 23:33:15
500101033,40,25,14,2024-12-19 23:32:14
500105001,40,38,1,2024-12-19 01:28:14
500101210,40,39,0,2024-12-19 09:26:15
500101210,40,39,0,2024-12-19 09:46:16
500101210,40,39,0,2024-12-19 10:07:16
500101210,40,39,0,2024-12-19 10:31:16
500101109,40,28,2,2024-12-19 09:09:16
500106071,40,34,2,2024-12-19 11:45:15
500101210,40,34,5,2024-12-19 12:46:15
500106071,40,31,5,2024-12-19 11:01:17
500119090,40,30,5,2024-12-19 13:07:15
500107005,40,34,6,2024-12-19 12:20:16
500112065,40,33,7,2024-12-19 13:06:15
500106071,40,28,8,2024-12-19 09:53:15
500103039,40,30,9,2024-12-19 10:18:15
500106071,40,27,9,2024-12-19 09:47:15
500112065,40,31,9,2024-12-19 11:18:15
500112065,40,29,11,2024-12-19 09:07:15
500107005,40,28,12,2024-12-19 09:22:14
500119090,40,22,13,2024-12-19 11:27:15
500106071,40,21,15,2024-12-19 09:25:16
500101109,40,19,16,2024-12-19 12:26:15
500119046,40,24,16,2024-12-19 09:45:15
500119084,40,24,16,2024-12-19 09:09:15
500103002,40,23,17,2024-12-19 11:37:15
500119094,40,8,21,2024-12-19 09:46:16
500109025,40,18,22,2024-12-19 10:02:15
500101209,40,15,23,2024-12-19 12:24:16
500119046,40,17,23,2024-12-19 11:04:15
500111014,40,16,24,2024-12-19 09:09:15
500101240,40,13,26,2024-12-19 09:01:14
500105001,40,11,28,2024-12-19 11:40:17
500111022,40,10,30,2024-12-19 12:09:16
500101240,40,8,31,2024-12-19 10:57:15
500101240,40,7,32,2024-12-19 11:34:15
500103058,40,7,32,2024-12-19 12:08:15
500112046,40,7,33,2024-12-19 09:24:15
500105001,40,5,34,2024-12-19 12:47:15
500107021,40,6,34,2024-12-19 12:17:16
500112046,40,6,34,2024-12-19 10:33:15
500119046,40,6,34,2024-12-19 12:37:15
500112046,40,4,36,2024-12-19 12:19:16
500105070,40,1,37,2024-12-19 09:25:16
500107021,40,3,37,2024-12-19 11:36:15
500112046,40,3,37,2024-12-19 11:13:15
500105070,40,0,38,2024-12-19 11:53:15
500105070,40,0,38,2024-12-19 12:08:15
500105070,40,0,38,2024-12-19 10:06:14
500107008,40,1,38,2024-12-19 10:05:15
500101033,40,1,39,2024-12-19 10:04:16
500109025,40,37,3,2024-12-19 21:09:16
500101240,40,33,7,2024-12-19 21:09:16
500106071,40,29,7,2024-12-19 17:47:16
500106071,40,27,8,2024-12-19 21:16:15
500106071,40,26,9,2024-12-19 21:08:15
500106071,40,26,10,2024-12-19 17:35:16
500111022,40,28,12,2024-12-19 19:49:15
500111022,40,28,12,2024-12-19 18:37:15
500111022,40,27,13,2024-12-19 21:01:15
500111045,40,26,13,2024-12-19 18:27:15
500109025,40,26,14,2024-12-19 18:29:15
500109025,40,25,15,2024-12-19 18:53:15
500107021,40,24,16,2024-12-19 19:58:14
500109025,40,24,16,2024-12-19 18:36:16
500105001,40,23,17,2024-12-19 18:08:16
500101240,40,22,18,2024-12-19 19:38:15
500111014,40,22,18,2024-12-19 18:28:16
500119090,40,21,19,2024-12-19 19:18:15
500101240,40,19,21,2024-12-19 19:08:15
500111014,40,19,21,2024-12-19 18:18:16
500105001,40,18,22,2024-12-19 18:55:16
500107005,40,18,22,2024-12-19 20:06:15
500119094,40,9,22,2024-12-19 17:27:15
500119094,40,9,22,2024-12-19 18:48:15
500111014,40,17,23,2024-12-19 19:29:14
500111014,40,16,24,2024-12-19 19:45:15
500103002,40,14,26,2024-12-19 20:38:15
500103058,40,13,26,2024-12-19 19:49:15
500101210,40,12,28,2024-12-19 18:38:16
500105001,40,12,28,2024-12-19 18:44:16
500119090,40,12,28,2024-12-19 19:59:16
500103002,40,11,29,2024-12-19 18:35:16
500103002,40,10,30,2024-12-19 19:43:15
500101033,40,9,31,2024-12-19 20:29:15
500103039,40,9,31,2024-12-19 19:59:16
500101209,40,6,32,2024-12-19 20:33:15
500101240,40,7,33,2024-12-19 17:26:15
500103058,40,6,33,2024-12-19 18:43:15
500103058,40,5,34,2024-12-19 18:36:16
500112046,40,6,34,2024-12-19 20:38:15
500119046,40,6,34,2024-12-19 19:00:18
500119090,40,6,34,2024-12-19 17:38:16
500101033,40,5,35,2024-12-19 19:54:15
500101210,40,5,35,2024-12-19 19:16:15
500112046,40,5,35,2024-12-19 18:18:16
500112065,40,4,35,2024-12-19 20:54:15
500119046,40,5,35,2024-12-19 18:18:16
500101033,40,4,36,2024-12-19 19:48:15
500103039,40,4,36,2024-12-19 17:27:16
500103058,40,3,36,2024-12-19 18:03:15
500112065,40,3,36,2024-12-19 21:08:15
500101109,40,0,37,2024-12-19 20:59:15
500105070,40,3,37,2024-12-19 19:47:15
500106090,40,3,37,2024-12-19 18:46:15
500107008,40,2,37,2024-12-19 20:10:17
500107008,40,2,37,2024-12-19 18:17:15
500101033,40,2,38,2024-12-19 17:47:16
500106090,40,2,38,2024-12-19 18:17:15
500112065,40,1,38,2024-12-19 19:48:15
500119084,40,2,38,2024-12-19 18:26:16
500106090,40,1,39,2024-12-19 18:53:15
500107008,40,0,39,2024-12-19 20:39:16
500107008,40,0,39,2024-12-19 18:33:17
500101209,40,38,0,2024-12-19 15:17:16
500101209,40,38,0,2024-12-19 14:21:16
500101209,40,35,3,2024-12-19 16:06:16
500101210,40,36,3,2024-12-19 13:42:15
500101209,40,34,4,2024-12-19 16:51:15
500101210,40,36,4,2024-12-19 15:22:15
500119090,40,36,4,2024-12-19 16:05:16
500101109,40,30,7,2024-12-19 16:07:15
500101109,40,31,7,2024-12-19 13:28:16
500107005,40,30,10,2024-12-19 15:25:16
500107005,40,29,11,2024-12-19 16:27:16
500106071,40,24,12,2024-12-19 17:18:16
500107005,40,28,12,2024-12-19 16:58:15
500106071,40,23,13,2024-12-19 17:08:16
500107005,40,25,15,2024-12-19 17:18:16
500107008,40,23,16,2024-12-19 16:58:14
500109025,40,24,16,2024-12-19 16:28:15
500107008,40,22,17,2024-12-19 13:15:15
500119084,40,22,18,2024-12-19 14:47:15
500105001,40,12,28,2024-12-19 16:48:16
500111045,40,11,28,2024-12-19 14:36:16
500119094,40,12,28,2024-12-19 16:03:15
500111045,40,10,29,2024-12-19 14:41:15
500105001,40,9,30,2024-12-19 13:31:15
500111045,40,9,30,2024-12-19 17:03:16
500119094,40,10,30,2024-12-19 14:12:15
500112046,40,9,31,2024-12-19 14:40:16
500119094,40,9,31,2024-12-19 14:30:16
500101033,40,7,33,2024-12-19 16:03:15
500103058,40,6,33,2024-12-19 14:57:15
500103058,40,5,34,2024-12-19 16:14:14
500107021,40,6,34,2024-12-19 14:19:15
500119046,40,5,35,2024-12-19 15:24:15
500119084,40,5,35,2024-12-19 16:54:16
500119094,40,1,35,2024-12-19 13:47:15
500103058,40,3,36,2024-12-19 14:18:15
500106090,40,4,36,2024-12-19 14:29:15
500105070,40,1,37,2024-12-19 13:18:15
500105070,40,1,37,2024-12-19 13:35:16
500105070,40,0,37,2024-12-19 13:52:15
500119046,40,3,37,2024-12-19 16:18:16
500101240,40,0,40,2024-12-19 15:27:15
500103058,40,12,27,2024-12-19 21:41:15
500112046,40,37,0,2024-12-19 06:22:15
500101210,40,37,2,2024-12-19 08:22:14
500111014,40,32,4,2024-12-19 05:08:14
500111014,40,31,5,2024-12-19 04:57:14
500101109,40,30,6,2024-12-19 08:17:15
500112046,40,31,6,2024-12-19 06:47:15
500101109,40,19,11,2024-12-19 08:56:16
500107005,40,29,11,2024-12-19 08:06:16
500101240,40,26,13,2024-12-19 04:59:14
500107008,40,24,15,2024-12-19 08:27:16
500111022,40,24,15,2024-12-19 07:31:15
500119090,40,24,16,2024-12-19 08:47:15
500103002,40,22,17,2024-12-19 04:49:15
500105001,40,22,17,2024-12-19 08:02:15
500111045,40,22,17,2024-12-19 07:29:15
500109025,40,22,18,2024-12-19 08:16:15
500112046,40,19,18,2024-12-19 07:14:15
500111014,40,17,19,2024-12-19 07:57:16
500112065,40,21,19,2024-12-19 08:14:16
500103039,40,19,20,2024-12-19 08:44:16
500103039,40,19,20,2024-12-19 07:56:15
500107005,40,20,20,2024-12-19 07:46:15
500101240,40,17,22,2024-12-19 08:45:16
500103039,40,17,22,2024-12-19 08:37:15
500109025,40,17,23,2024-12-19 07:27:15
500101109,40,11,25,2024-12-19 07:27:15
500101240,40,14,25,2024-12-19 08:56:16
500103039,40,14,25,2024-12-19 07:27:15
500103058,40,10,26,2024-12-19 07:57:16
500106071,40,9,27,2024-12-19 07:24:15
500103058,40,8,28,2024-12-19 08:03:15
500109025,40,12,28,2024-12-19 07:16:16
500106071,40,7,29,2024-12-19 05:47:15
500109025,40,11,29,2024-12-19 05:11:15
500107005,40,10,30,2024-12-19 06:55:16
500119084,40,10,30,2024-12-19 08:40:17
500101033,40,9,31,2024-12-19 08:55:16
500109025,40,9,31,2024-12-19 06:36:14
500119084,40,9,31,2024-12-19 08:37:15
500106090,40,8,32,2024-12-19 08:34:15
500107021,40,8,32,2024-12-19 08:15:16
500103039,40,4,35,2024-12-19 06:13:14
500109025,40,5,35,2024-12-19 06:16:15
500119046,40,2,38,2024-12-19 08:01:15
500103002,40,1,39,2024-12-19 08:46:14
500103002,40,0,39,2024-12-19 08:03:15
500112046,40,29,9,2024-12-19 23:23:14
500105001,40,35,4,2024-12-19 00:26:15
500105070,40,17,23,2024-12-19 00:16:15
500105001,40,32,8,2024-12-19 23:49:15
500119084,40,9,31,2024-12-19 00:26:15
500106090,40,0,40,2024-12-19 21:11:16
500103002,40,10,30,2024-12-19 23:11:14
500103058,40,34,5,2024-12-19 00:35:16
500106090,40,16,24,2024-12-19 00:19:15
500119046,40,6,34,2024-12-19 22:20:15
500109025,40,22,18,2024-12-19 23:18:15
500101109,40,0,36,2024-12-19 22:36:16
500106071,40,16,19,2024-12-19 22:19:15
500101210,40,7,33,2024-12-19 21:37:15
500103039,40,10,30,2024-12-19 21:36:15
500105001,40,23,17,2024-12-19 21:37:15
500111045,40,34,5,2024-12-19 21:39:15
500119094,40,21,2,2024-12-19 03:06:14
500101240,40,25,14,2024-12-19 02:11:15
500107021,40,27,13,2024-12-19 03:00:16
500107021,40,13,27,2024-12-19 04:23:14
500109025,40,28,12,2024-12-19 22:07:15
500105001,40,28,12,2024-12-19 21:58:15
500105001,40,36,3,2024-12-19 03:31:14
500101033,40,31,9,2024-12-19 03:16:15
500105001,40,34,5,2024-12-19 01:04:14
500105070,40,18,22,2024-12-19 01:35:15
500105070,40,17,23,2024-12-19 02:40:16
500105070,40,17,23,2024-12-19 22:19:15
500109025,40,14,26,2024-12-19 04:07:15
500101033,40,19,21,2024-12-19 22:58:15
500101210,40,37,2,2024-12-19 11:28:15
500101109,40,33,3,2024-12-19 11:58:16
500101109,40,32,4,2024-12-19 11:46:15
500107005,40,36,4,2024-12-19 12:37:15
500112065,40,33,7,2024-12-19 09:57:15
500101109,40,28,8,2024-12-19 11:14:15
500103039,40,31,8,2024-12-19 09:54:15
500112065,40,31,9,2024-12-19 12:35:16
500112065,40,31,9,2024-12-19 10:21:15
500119090,40,25,10,2024-12-19 12:58:15
500119090,40,22,13,2024-12-19 11:38:15
500119090,40,20,15,2024-12-19 12:06:16
500105001,40,22,17,2024-12-19 10:15:16
500119090,40,18,17,2024-12-19 11:48:15
500107008,40,21,18,2024-12-19 12:59:15
500103002,40,21,19,2024-12-19 10:06:15
500105001,40,19,20,2024-12-19 10:25:16
500103002,40,19,21,2024-12-19 10:46:15
500109025,40,19,21,2024-12-19 11:57:16
500109025,40,18,22,2024-12-19 12:43:15
500119046,40,17,23,2024-12-19 10:51:16
500119084,40,17,23,2024-12-19 10:56:14
500109025,40,16,24,2024-12-19 12:07:16
500111014,40,16,24,2024-12-19 09:07:15
500111045,40,13,26,2024-12-19 11:34:15
500119094,40,7,26,2024-12-19 11:17:15
500101209,40,11,27,2024-12-19 11:37:15
500101240,40,12,27,2024-12-19 09:09:15
500101240,40,11,28,2024-12-19 09:24:15
500103058,40,11,28,2024-12-19 10:49:16
500119084,40,12,28,2024-12-19 12:23:16
500101240,40,10,29,2024-12-19 09:51:14
500105001,40,10,29,2024-12-19 12:08:15
500107008,40,9,30,2024-12-19 12:25:16
500112046,40,10,30,2024-12-19 09:57:15
500103058,40,3,33,2024-12-19 10:07:16
500111014,40,7,33,2024-12-19 12:43:15
500119094,40,0,33,2024-12-19 12:02:15
500107021,40,6,34,2024-12-19 11:15:15
500107008,40,3,36,2024-12-19 11:18:16
500111022,40,3,37,2024-12-19 10:17:16
500119046,40,3,37,2024-12-19 12:06:16
500101033,40,2,38,2024-12-19 12:26:15
500101033,40,2,38,2024-12-19 09:21:15
500101033,40,2,38,2024-12-19 11:19:15
500107008,40,1,38,2024-12-19 11:08:15
500107021,40,2,38,2024-12-19 09:08:15
500101033,40,1,39,2024-12-19 12:17:16
500106090,40,1,39,2024-12-19 10:41:16
500106090,40,0,40,2024-12-19 10:11:15
500106090,40,0,40,2024-12-19 10:37:15
500106071,40,29,6,2024-12-19 20:38:15
500106071,40,29,7,2024-12-19 20:08:14
500109025,40,33,7,2024-12-19 20:49:16
500111022,40,28,12,2024-12-19 20:06:15
500101240,40,27,13,2024-12-19 20:10:17
500105001,40,24,16,2024-12-19 20:59:15
500105001,40,24,16,2024-12-19 21:20:16
500111014,40,24,16,2024-12-19 18:48:15
500111022,40,21,19,2024-12-19 17:57:15
500119090,40,21,19,2024-12-19 19:07:15
500105001,40,20,20,2024-12-19 20:29:15
500107021,40,20,20,2024-12-19 19:38:15
500101210,40,19,21,2024-12-19 17:46:15
500111045,40,18,21,2024-12-19 17:48:15
500101240,40,18,22,2024-12-19 18:51:16
500107021,40,18,22,2024-12-19 20:57:16
500119090,40,17,23,2024-12-19 19:49:15
500107005,40,16,24,2024-12-19 21:16:15
500101209,40,13,25,2024-12-19 19:36:15
500101210,40,15,25,2024-12-19 18:15:17
500103058,40,14,25,2024-12-19 19:53:15
500107005,40,15,25,2024-12-19 20:17:15
500107021,40,15,25,2024-12-19 18:29:16
500111014,40,15,25,2024-12-19 19:36:15
500112046,40,15,25,2024-12-19 17:56:15
500111014,40,14,26,2024-12-19 20:38:15
500101109,40,9,28,2024-12-19 18:08:16
500103002,40,11,29,2024-12-19 18:17:15
500103002,40,10,30,2024-12-19 18:52:15
500112046,40,10,30,2024-12-19 19:06:16
500103039,40,9,31,2024-12-19 20:43:15
500103058,40,8,31,2024-12-19 20:53:15
500101109,40,5,32,2024-12-19 19:57:15
500103039,40,7,33,2024-12-19 18:15:17
500101109,40,3,34,2024-12-19 17:44:15
500103039,40,6,34,2024-12-19 18:38:16
500119046,40,6,34,2024-12-19 19:29:15
500101209,40,3,35,2024-12-19 20:58:15
500105070,40,5,35,2024-12-19 20:47:15
500119046,40,5,35,2024-12-19 21:20:16
500101109,40,1,36,2024-12-19 21:08:15
500101210,40,4,36,2024-12-19 20:29:15
500107008,40,3,36,2024-12-19 20:09:15
500112046,40,4,36,2024-12-19 18:29:16
500119046,40,4,36,2024-12-19 17:48:15
500101209,40,1,37,2024-12-19 17:47:16
500106090,40,3,37,2024-12-19 18:01:15
500112065,40,1,38,2024-12-19 19:06:16
500101033,40,1,39,2024-12-19 17:58:16
500107008,40,0,39,2024-12-19 19:28:15
500107005,40,40,0,2024-12-19 15:08:16
500119090,40,40,0,2024-12-19 15:40:19
500119090,40,34,1,2024-12-19 13:37:16
500101109,40,36,2,2024-12-19 14:38:15
500101109,40,35,3,2024-12-19 14:07:15
500119090,40,37,3,2024-12-19 15:58:15
500101109,40,28,7,2024-12-19 13:18:14
500103039,40,30,10,2024-12-19 14:20:16
500106071,40,26,10,2024-12-19 16:45:17
500112065,40,30,10,2024-12-19 13:52:15
500106071,40,24,12,2024-12-19 14:26:15
500107005,40,27,13,2024-12-19 17:07:15
500109025,40,27,13,2024-12-19 15:30:16
500111022,40,26,14,2024-12-19 14:06:15
500119090,40,26,14,2024-12-19 16:37:15
500119090,40,26,14,2024-12-19 16:48:16
500103039,40,24,16,2024-12-19 16:36:15
500107008,40,22,17,2024-12-19 14:18:15
500111022,40,21,19,2024-12-19 16:47:15
500107008,40,19,20,2024-12-19 13:36:16
500105001,40,14,25,2024-12-19 14:29:15
500119084,40,13,27,2024-12-19 15:48:15
500111045,40,11,28,2024-12-19 15:19:15
500112046,40,12,28,2024-12-19 17:18:16
500119094,40,12,28,2024-12-19 15:57:15
500111014,40,10,30,2024-12-19 14:26:15
500112046,40,10,30,2024-12-19 14:53:14
500119094,40,9,31,2024-12-19 16:18:16
500101033,40,8,32,2024-12-19 15:54:15
500101033,40,7,33,2024-12-19 16:58:14
500112046,40,7,33,2024-12-19 16:16:15
500112046,40,7,33,2024-12-19 13:18:15
500107021,40,6,34,2024-12-19 16:36:15
500119094,40,4,36,2024-12-19 16:27:16
500119094,40,0,36,2024-12-19 13:51:15
500101240,40,3,37,2024-12-19 16:06:15
500103058,40,2,37,2024-12-19 13:46:16
500105070,40,3,37,2024-12-19 14:46:15
500101033,40,2,38,2024-12-19 17:08:16
500105070,40,2,38,2024-12-19 16:57:16
500107021,40,2,38,2024-12-19 15:40:15
500119094,40,18,5,2024-12-19 02:57:14
500101209,40,0,38,2024-12-19 21:48:16
500107008,40,0,39,2024-12-19 21:49:14
500101033,40,15,25,2024-12-19 21:46:15
500101240,40,32,8,2024-12-19 21:40:16
500112046,40,36,1,2024-12-19 06:35:16
500106071,40,32,4,2024-12-19 08:56:16
500105001,40,32,7,2024-12-19 06:47:15
500105001,40,31,8,2024-12-19 06:36:14
500105001,40,30,9,2024-12-19 06:54:16
500111022,40,28,11,2024-12-19 06:25:15
500112046,40,29,11,2024-12-19 08:27:16
500106071,40,23,13,2024-12-19 08:37:15
500107008,40,26,13,2024-12-19 07:57:16
500111022,40,26,13,2024-12-19 07:08:14
500101240,40,25,14,2024-12-19 06:17:14
500107005,40,25,15,2024-12-19 07:55:17
500101240,40,23,16,2024-12-19 06:37:15
500111014,40,20,16,2024-12-19 08:03:15
500111045,40,23,16,2024-12-19 06:06:14
500112046,40,24,16,2024-12-19 08:37:15
500111014,40,17,19,2024-12-19 07:36:15
500101240,40,18,21,2024-12-19 07:14:15
500111045,40,18,21,2024-12-19 08:27:16
500107021,40,16,24,2024-12-19 06:11:14
500105070,40,12,26,2024-12-19 07:47:15
500119090,40,13,27,2024-12-19 07:53:16
500103002,40,11,28,2024-12-19 07:16:15
500105070,40,9,29,2024-12-19 08:14:16
500103002,40,9,30,2024-12-19 07:27:15
500106071,40,6,30,2024-12-19 05:22:15
500112065,40,8,31,2024-12-19 06:44:15
500119090,40,9,31,2024-12-19 07:36:15
500106071,40,4,32,2024-12-19 04:51:15
500103039,40,6,33,2024-12-19 06:53:15
500103058,40,3,33,2024-12-19 08:47:15
500107005,40,7,33,2024-12-19 05:45:15
500103058,40,2,34,2024-12-19 08:27:16
500105070,40,4,34,2024-12-19 08:32:15
500101240,40,4,35,2024-12-19 08:02:15
500112065,40,4,35,2024-12-19 05:51:14
500107021,40,3,37,2024-12-19 08:57:15
500109025,40,3,37,2024-12-19 06:47:15
500119046,40,1,39,2024-12-19 08:35:16
500103002,40,8,31,2024-12-19 00:12:14
500107008,40,4,35,2024-12-19 23:48:14
500107008,40,4,35,2024-12-19 00:37:15
500103058,40,18,21,2024-12-19 23:36:15
500112065,40,3,36,2024-12-19 00:28:14
500112046,40,25,7,2024-12-19 00:30:16
500111045,40,20,19,2024-12-19 22:43:15
500105001,40,32,8,2024-12-19 23:14:15
500101240,40,37,3,2024-12-19 22:38:15
500119090,40,5,35,2024-12-19 21:38:15
500107005,40,7,33,2024-12-19 02:27:14
500106071,40,2,34,2024-12-19 03:53:15
500107008,40,0,39,2024-12-19 22:08:15
500103058,40,13,26,2024-12-19 22:09:15
500112046,40,27,13,2024-12-19 21:58:15
500111022,40,31,9,2024-12-19 22:09:15
500109025,40,17,23,2024-12-19 01:21:15
500105070,40,17,23,2024-12-19 21:55:16
500105070,40,23,17,2024-12-19 03:26:14
500101033,40,40,0,2024-12-19 02:10:17
500109025,40,23,17,2024-12-19 22:48:15
500105001,40,32,8,2024-12-19 22:49:14
500101240,40,37,3,2024-12-19 22:45:15
500103039,40,7,32,2024-12-19 04:33:15
500111014,40,32,4,2024-12-19 04:35:15
500101210,40,3,37,2024-12-19 23:07:14
500103039,40,22,18,2024-12-19 23:01:15
500105001,40,31,9,2024-12-19 23:07:15
500107021,40,32,8,2024-12-19 23:07:15
500112046,40,40,0,2024-12-19 22:53:15
500101109,40,1,35,2024-12-19 22:14:15
500103058,40,17,22,2024-12-19 22:17:15
500107021,40,27,13,2024-12-19 04:00:17
500105001,40,35,4,2024-12-19 03:44:15
500105070,40,25,15,2024-12-19 23:32:15
500101109,40,30,0,2024-12-19 09:07:15
500101210,40,39,0,2024-12-19 09:07:16
500101210,40,38,1,2024-12-19 10:57:15
500106071,40,34,2,2024-12-19 09:07:15
500107005,40,38,2,2024-12-19 12:47:15
500103039,40,34,4,2024-12-19 11:07:16
500101109,40,22,8,2024-12-19 10:58:16
500119084,40,32,8,2024-12-19 10:05:16
500107005,40,31,9,2024-12-19 10:33:15
500112065,40,31,9,2024-12-19 12:16:15
500103039,40,29,10,2024-12-19 09:46:16
500119090,40,25,10,2024-12-19 12:46:15
500109025,40,28,12,2024-12-19 10:57:15
500101209,40,24,14,2024-12-19 09:46:16
500101209,40,22,16,2024-12-19 09:57:15
500103002,40,23,17,2024-12-19 11:28:16
500103002,40,22,18,2024-12-19 11:18:16
500101109,40,14,21,2024-12-19 12:38:15
500111045,40,18,21,2024-12-19 09:23:15
500101209,40,16,22,2024-12-19 12:46:15
500111045,40,17,22,2024-12-19 10:18:15
500119084,40,18,22,2024-12-19 11:04:15
500119084,40,18,22,2024-12-19 11:26:14
500111045,40,16,23,2024-12-19 10:27:16
500105001,40,15,24,2024-12-19 11:18:16
500119084,40,16,24,2024-12-19 12:01:16
500101209,40,10,28,2024-12-19 12:16:15
500101209,40,10,28,2024-12-19 10:15:16
500101240,40,11,28,2024-12-19 09:36:15
500103058,40,10,29,2024-12-19 10:48:15
500111045,40,10,29,2024-12-19 12:33:15
500103058,40,9,30,2024-12-19 11:48:15
500119094,40,3,30,2024-12-19 12:56:15
500107021,40,9,31,2024-12-19 10:48:15
500101240,40,7,32,2024-12-19 11:03:16
500105070,40,5,33,2024-12-19 12:47:15
500103058,40,1,35,2024-12-19 09:41:15
500111014,40,5,35,2024-12-19 12:38:15
500112046,40,5,35,2024-12-19 12:46:15
500112046,40,5,35,2024-12-19 10:56:14
500101033,40,4,36,2024-12-19 12:45:16
500111022,40,3,36,2024-12-19 09:25:16
500101033,40,2,38,2024-12-19 11:37:15
500105070,40,0,38,2024-12-19 13:08:16
500105070,40,0,38,2024-12-19 10:08:16
500107021,40,2,38,2024-12-19 09:35:16
500107021,40,2,38,2024-12-19 10:07:15
500101033,40,1,39,2024-12-19 10:26:14
500101033,40,1,39,2024-12-19 11:17:15
500107008,40,0,39,2024-12-19 09:47:15
500105070,40,19,21,2024-12-19 02:28:15
500111045,40,36,3,2024-12-19 19:44:15
500106071,40,27,8,2024-12-19 20:49:15
500109025,40,31,9,2024-12-19 19:49:15
500109025,40,31,9,2024-12-19 18:16:15
500105001,40,30,10,2024-12-19 17:35:16
500106071,40,25,10,2024-12-19 20:28:15
500106071,40,26,10,2024-12-19 17:27:16
500111022,40,28,12,2024-12-19 20:27:15
500111022,40,27,13,2024-12-19 19:31:15
500111014,40,26,14,2024-12-19 18:36:16
500105001,40,25,15,2024-12-19 19:58:15
500105001,40,23,17,2024-12-19 20:48:15
500119090,40,23,17,2024-12-19 19:27:15
500119094,40,5,18,2024-12-19 20:07:15
500107005,40,20,20,2024-12-19 18:14:14
500119094,40,3,20,2024-12-19 19:15:16
500111014,40,19,21,2024-12-19 17:52:15
500111014,40,19,21,2024-12-19 18:07:16
500111022,40,19,21,2024-12-19 17:48:15
500111014,40,18,22,2024-12-19 21:13:16
500101109,40,13,24,2024-12-19 18:45:16
500111014,40,16,24,2024-12-19 20:26:15
500101109,40,12,25,2024-12-19 18:34:15
500107005,40,15,25,2024-12-19 18:32:16
500112046,40,15,25,2024-12-19 19:29:14
500101209,40,12,26,2024-12-19 19:56:16
500101033,40,13,27,2024-12-19 20:58:15
500103002,40,13,27,2024-12-19 18:42:16
500112046,40,13,27,2024-12-19 17:27:16
500101109,40,9,28,2024-12-19 18:29:16
500107021,40,12,28,2024-12-19 21:19:16
500103058,40,10,29,2024-12-19 21:18:15
500103002,40,9,31,2024-12-19 19:50:16
500103058,40,8,31,2024-12-19 20:40:16
500119090,40,9,31,2024-12-19 18:29:16
500101240,40,8,32,2024-12-19 17:35:16
500103039,40,8,32,2024-12-19 19:12:15
500105070,40,8,32,2024-12-19 19:59:16
500107021,40,8,32,2024-12-19 18:08:16
500112046,40,8,32,2024-12-19 21:06:15
500103039,40,7,33,2024-12-19 20:18:15
500119046,40,6,34,2024-12-19 21:09:16
500105070,40,5,35,2024-12-19 18:56:15
500112046,40,4,36,2024-12-19 20:13:15
500103058,40,2,37,2024-12-19 18:16:16
500103058,40,2,37,2024-12-19 18:29:16
500105070,40,3,37,2024-12-19 17:36:15
500106090,40,3,37,2024-12-19 17:14:15
500112065,40,2,37,2024-12-19 18:49:16
500101033,40,2,38,2024-12-19 17:27:16
500101033,40,1,39,2024-12-19 18:14:15
500101033,40,1,39,2024-12-19 18:29:16
500119084,40,1,39,2024-12-19 18:33:16
500119084,40,0,40,2024-12-19 18:04:16
500119084,40,0,40,2024-12-19 21:07:17
500119090,40,35,0,2024-12-19 13:28:16
500101209,40,37,1,2024-12-19 14:18:15
500101209,40,37,1,2024-12-19 14:48:14
500119090,40,33,2,2024-12-19 14:35:15
500101109,40,35,3,2024-12-19 14:57:15
500101210,40,35,5,2024-12-19 14:45:15
500101210,40,33,7,2024-12-19 15:14:15
500101109,40,27,10,2024-12-19 15:48:15
500106071,40,25,11,2024-12-19 16:55:16
500109025,40,25,15,2024-12-19 16:04:15
500107008,40,22,17,2024-12-19 16:47:15
500112065,40,23,17,2024-12-19 13:12:15
500119084,40,21,19,2024-12-19 14:08:15
500107008,40,18,21,2024-12-19 13:59:15
500119084,40,19,21,2024-12-19 13:56:14
500101109,40,15,22,2024-12-19 16:58:15
500109025,40,17,23,2024-12-19 17:08:16
500111045,40,11,28,2024-12-19 15:04:15
500111045,40,12,28,2024-12-19 15:18:15
500119090,40,12,28,2024-12-19 17:08:16
500119090,40,10,30,2024-12-19 17:18:16
500119094,40,10,30,2024-12-19 15:34:14
500111022,40,8,32,2024-12-19 14:58:15
500107021,40,7,33,2024-12-19 13:27:15
500112046,40,7,33,2024-12-19 16:29:15
500101033,40,6,34,2024-12-19 15:06:15
500101240,40,6,34,2024-12-19 16:36:15
500101033,40,5,35,2024-12-19 14:55:16
500101033,40,4,36,2024-12-19 13:38:16
500119046,40,4,36,2024-12-19 13:57:15
500119046,40,4,36,2024-12-19 15:31:15
500101033,40,3,37,2024-12-19 15:48:15
500119046,40,3,37,2024-12-19 15:57:15
500101033,40,2,38,2024-12-19 14:13:15
500101240,40,1,39,2024-12-19 15:13:15
500101240,40,0,40,2024-12-19 14:18:15
500105070,40,0,40,2024-12-19 15:18:16
500101210,40,36,3,2024-12-19 08:13:15
500101033,40,34,6,2024-12-19 05:12:14
500105001,40,33,6,2024-12-19 06:00:17
500112046,40,27,7,2024-12-19 05:25:15
500112046,40,25,9,2024-12-19 06:06:14
500119094,40,14,9,2024-12-19 07:16:15
500112046,40,28,12,2024-12-19 08:03:15
500101033,40,26,14,2024-12-19 07:47:14
500107008,40,24,15,2024-12-19 07:47:14
500105070,40,21,17,2024-12-19 05:44:15
500107005,40,22,18,2024-12-19 08:47:15
500105070,40,19,19,2024-12-19 06:06:14
500107021,40,19,21,2024-12-19 06:47:15
500103039,40,16,23,2024-12-19 08:02:15
500107005,40,16,24,2024-12-19 07:24:15
500103039,40,14,25,2024-12-19 07:17:14
500106071,40,11,25,2024-12-19 07:57:16
500101210,40,13,26,2024-12-19 07:15:16
500106090,40,13,27,2024-12-19 06:47:15
500101209,40,9,29,2024-12-19 08:47:15
500106071,40,7,29,2024-12-19 06:14:14
500101109,40,6,30,2024-12-19 07:47:15
500101109,40,5,31,2024-12-19 06:54:16
500119090,40,7,33,2024-12-19 07:15:17
500103058,40,2,34,2024-12-19 08:16:15
500112065,40,5,34,2024-12-19 06:26:15
500105001,40,4,35,2024-12-19 08:47:15
500105070,40,2,36,2024-12-19 08:46:15
500106090,40,4,36,2024-12-19 08:46:15
500109025,40,4,36,2024-12-19 05:50:15
500101109,40,6,30,2024-12-19 23:29:14
500107005,40,6,34,2024-12-19 00:15:15
500101109,40,2,34,2024-12-19 00:45:15
500103058,40,32,7,2024-12-19 00:04:16
500105070,40,22,18,2024-12-19 23:59:15
500101240,40,25,15,2024-12-19 23:59:15
500107021,40,26,14,2024-12-19 00:34:14
500119084,40,0,40,2024-12-19 21:55:17
500119094,40,10,13,2024-12-19 23:17:14
500101033,40,19,21,2024-12-19 23:11:14
500103002,40,11,29,2024-12-19 22:15:16
500119094,40,14,9,2024-12-19 22:34:15
500101033,40,25,15,2024-12-19 22:38:15
500112046,40,36,4,2024-12-19 22:38:15
500101209,40,1,37,2024-12-19 21:33:15
500112065,40,2,37,2024-12-19 21:31:15
500119084,40,3,37,2024-12-19 21:34:15
500105070,40,21,19,2024-12-19 02:59:15
500103039,40,5,34,2024-12-19 03:36:15
500103058,40,33,5,2024-12-19 03:36:15
500103039,40,14,26,2024-12-19 21:47:15
500111045,40,35,4,2024-12-19 21:46:15
500105070,40,24,15,2024-12-19 03:40:15
500101209,40,2,36,2024-12-19 23:40:15
500107008,40,5,34,2024-12-19 23:51:15
500101033,40,29,11,2024-12-19 01:06:15
500107005,40,6,34,2024-12-19 01:39:15
500101033,40,28,12,2024-12-19 22:42:14
500112046,40,39,1,2024-12-19 22:43:15
500105001,40,31,9,2024-12-19 22:15:16
500107021,40,25,15,2024-12-19 22:21:14
500101210,40,4,36,2024-12-19 22:56:15
500105001,40,30,10,2024-12-19 22:59:14
500109025,40,23,17,2024-12-19 23:25:16
500101210,40,37,2,2024-12-19 11:35:17
500119090,40,38,2,2024-12-19 10:18:15
500101109,40,26,4,2024-12-19 11:06:15
500106071,40,32,4,2024-12-19 11:35:17
500101210,40,34,5,2024-12-19 12:25:16
500103039,40,33,5,2024-12-19 11:19:15
500106071,40,30,6,2024-12-19 11:57:16
500119090,40,34,6,2024-12-19 10:28:15
500101109,40,26,10,2024-12-19 12:08:15
500106071,40,25,11,2024-12-19 09:37:15
500119046,40,27,13,2024-12-19 09:26:15
500119090,40,27,13,2024-12-19 09:04:15
500119090,40,21,14,2024-12-19 12:38:15
500119090,40,25,15,2024-12-19 09:09:15
500103002,40,21,19,2024-12-19 10:22:16
500109025,40,21,19,2024-12-19 10:16:15
500119046,40,20,20,2024-12-19 09:09:15
500109025,40,19,21,2024-12-19 12:28:15
500103002,40,18,22,2024-12-19 09:47:15
500119046,40,18,22,2024-12-19 10:31:16
500109025,40,16,24,2024-12-19 12:19:16
500101209,40,13,25,2024-12-19 11:43:15
500101209,40,12,26,2024-12-19 10:24:15
500109025,40,14,26,2024-12-19 09:36:15
500119094,40,0,26,2024-12-19 09:09:16
500107008,40,12,27,2024-12-19 09:06:15
500111045,40,12,27,2024-12-19 11:57:16
500119094,40,5,28,2024-12-19 11:26:15
500101209,40,9,29,2024-12-19 10:58:16
500111022,40,11,29,2024-12-19 12:46:15
500119094,40,3,30,2024-12-19 11:48:15
500119046,40,9,31,2024-12-19 11:32:15
500119094,40,2,31,2024-12-19 12:21:15
500107021,40,8,32,2024-12-19 10:58:16
500111014,40,8,32,2024-12-19 11:06:15
500119094,40,1,32,2024-12-19 12:46:15
500119046,40,7,33,2024-12-19 11:48:15
500107021,40,6,34,2024-12-19 11:54:15
500109025,40,5,35,2024-12-19 09:07:15
500103058,40,3,36,2024-12-19 13:07:15
500103058,40,0,36,2024-12-19 09:09:15
500105070,40,2,36,2024-12-19 09:09:15
500107008,40,3,36,2024-12-19 10:17:15
500107021,40,4,36,2024-12-19 09:07:15
500111022,40,4,36,2024-12-19 10:20:16
500101240,40,2,37,2024-12-19 12:04:16
500105070,40,1,37,2024-12-19 12:19:16
500107008,40,2,37,2024-12-19 11:47:15
500107021,40,3,37,2024-12-19 10:35:15
500107008,40,1,38,2024-12-19 09:27:15
500106090,40,1,39,2024-12-19 10:04:16
500107008,40,0,39,2024-12-19 10:58:16
500103002,40,0,40,2024-12-19 09:07:15
500106071,40,34,2,2024-12-19 18:06:15
500101240,40,30,10,2024-12-19 21:16:15
500119094,40,8,15,2024-12-19 19:47:15
500119094,40,7,16,2024-12-19 20:22:15
500119094,40,7,16,2024-12-19 19:29:15
500119094,40,7,16,2024-12-19 19:36:15
500105001,40,23,17,2024-12-19 19:29:14
500107005,40,23,17,2024-12-19 17:27:16
500111022,40,23,17,2024-12-19 18:02:15
500105001,40,20,20,2024-12-19 20:37:16
500107005,40,20,20,2024-12-19 17:56:15
500119094,40,11,20,2024-12-19 17:48:15
500101209,40,17,21,2024-12-19 17:28:15
500105001,40,19,21,2024-12-19 19:07:15
500107005,40,18,22,2024-12-19 18:24:16
500119094,40,9,22,2024-12-19 17:37:16
500107021,40,17,23,2024-12-19 18:32:16
500109025,40,17,23,2024-12-19 19:19:15
500111014,40,16,24,2024-12-19 20:06:15
500111014,40,14,26,2024-12-19 20:59:15
500112046,40,14,26,2024-12-19 17:36:15
500103058,40,12,27,2024-12-19 19:33:15
500112046,40,13,27,2024-12-19 19:15:16
500111014,40,12,28,2024-12-19 20:42:15
500119090,40,12,28,2024-12-19 18:38:16
500103002,40,11,29,2024-12-19 18:04:15
500119090,40,11,29,2024-12-19 21:17:14
500103002,40,10,30,2024-12-19 17:29:16
500103058,40,9,30,2024-12-19 21:05:16
500103039,40,8,32,2024-12-19 20:13:15
500105070,40,8,32,2024-12-19 21:18:15
500101109,40,4,33,2024-12-19 17:58:16
500101240,40,7,33,2024-12-19 17:51:16
500119090,40,7,33,2024-12-19 18:18:16
500101109,40,3,34,2024-12-19 21:19:16
500101210,40,6,34,2024-12-19 19:44:15
500107021,40,6,34,2024-12-19 18:54:14
500112046,40,5,35,2024-12-19 20:09:15
500101209,40,2,36,2024-12-19 21:03:15
500107008,40,3,36,2024-12-19 19:37:16
500112046,40,4,36,2024-12-19 18:40:17
500119046,40,4,36,2024-12-19 20:57:15
500101209,40,1,37,2024-12-19 21:20:16
500119084,40,0,40,2024-12-19 17:59:15
500101109,40,37,0,2024-12-19 15:26:14
500101210,40,35,5,2024-12-19 15:55:16
500101210,40,33,6,2024-12-19 13:24:15
500119090,40,34,6,2024-12-19 16:28:15
500101109,40,29,8,2024-12-19 15:58:14
500107008,40,31,8,2024-12-19 15:07:15
500106071,40,24,12,2024-12-19 15:08:15
500101210,40,27,13,2024-12-19 17:06:15
500107008,40,25,14,2024-12-19 14:26:15
500111022,40,25,15,2024-12-19 13:53:14
500119084,40,24,16,2024-12-19 14:32:15
500101109,40,19,18,2024-12-19 16:28:14
500107008,40,20,19,2024-12-19 13:24:15
500111022,40,20,20,2024-12-19 16:22:16
500109025,40,19,21,2024-12-19 16:47:15
500103002,40,17,23,2024-12-19 13:29:15
500111014,40,17,23,2024-12-19 17:18:16
500109025,40,16,24,2024-12-19 14:50:15
500109025,40,15,25,2024-12-19 14:48:15
500105001,40,12,28,2024-12-19 16:11:15
500105001,40,11,29,2024-12-19 15:48:15
500105001,40,10,29,2024-12-19 13:23:15
500112046,40,11,29,2024-12-19 16:53:15
500119084,40,11,29,2024-12-19 16:08:16
500101240,40,10,30,2024-12-19 17:08:16
500103058,40,8,31,2024-12-19 16:57:16
500103058,40,8,31,2024-12-19 15:08:14
500101033,40,8,32,2024-12-19 15:26:15
500103039,40,8,32,2024-12-19 16:58:15
500112046,40,8,32,2024-12-19 16:24:15
500119046,40,8,32,2024-12-19 14:35:15
500101240,40,6,34,2024-12-19 16:47:15
500119046,40,6,34,2024-12-19 13:38:15
500101033,40,5,35,2024-12-19 14:38:15
500119046,40,5,35,2024-12-19 14:06:15
500101033,40,2,38,2024-12-19 13:43:14
500101240,40,2,38,2024-12-19 13:52:15
500119046,40,2,38,2024-12-19 16:25:16
500119046,40,2,38,2024-12-19 16:47:15
500119046,40,2,38,2024-12-19 17:16:16
500101033,40,1,39,2024-12-19 13:10:16
500101033,40,1,39,2024-12-19 17:15:17
500101240,40,1,39,2024-12-19 14:58:15
500105070,40,1,39,2024-12-19 15:28:14
500105070,40,0,40,2024-12-19 15:36:15
500105070,40,0,40,2024-12-19 15:57:16
500101109,40,0,36,2024-12-19 21:49:15
500119090,40,2,38,2024-12-19 21:45:14
500112046,40,21,19,2024-12-19 21:48:16
500109025,40,32,8,2024-12-19 21:46:15
500109025,40,40,0,2024-12-19 08:02:15
500119094,40,21,2,2024-12-19 06:38:15
500112065,40,37,3,2024-12-19 07:27:15
500101109,40,32,4,2024-12-19 08:03:14
500101033,40,34,6,2024-12-19 06:21:15
500103058,40,32,6,2024-12-19 05:44:15
500112046,40,29,8,2024-12-19 06:56:14
500107008,40,27,12,2024-12-19 08:17:15
500119090,40,27,13,2024-12-19 08:37:15
500101210,40,25,14,2024-12-19 07:43:15
500101240,40,22,17,2024-12-19 06:54:16
500103039,40,22,17,2024-12-19 08:54:15
500109025,40,23,17,2024-12-19 07:37:15
500103058,40,18,18,2024-12-19 07:47:15
500103039,40,20,19,2024-12-19 07:46:15
500111045,40,20,19,2024-12-19 07:14:15
500101033,40,19,21,2024-12-19 08:03:15
500107005,40,17,23,2024-12-19 07:30:16
500107021,40,17,23,2024-12-19 05:28:14
500111014,40,15,23,2024-12-19 08:54:15
500101210,40,15,24,2024-12-19 07:24:15
500111014,40,11,25,2024-12-19 08:26:15
500105070,40,12,26,2024-12-19 07:55:17
500119094,40,0,26,2024-12-19 08:34:16
500106071,40,5,31,2024-12-19 05:17:15
500101210,40,7,32,2024-12-19 05:15:15
500103002,40,7,32,2024-12-19 07:32:15
500101240,40,6,33,2024-12-19 07:52:15
500105070,40,5,33,2024-12-19 08:24:15
500109025,40,7,33,2024-12-19 06:56:15
500119084,40,6,34,2024-12-19 07:56:15
500119090,40,5,35,2024-12-19 06:16:15
500109025,40,4,36,2024-12-19 08:47:15
500119084,40,4,36,2024-12-19 07:32:15
500103002,40,1,39,2024-12-19 08:57:16
500101033,40,26,14,2024-12-19 00:16:15
500101109,40,3,33,2024-12-19 00:12:15
500109025,40,17,23,2024-12-19 00:37:15
500112065,40,3,36,2024-12-19 00:16:15
500101033,40,26,13,2024-12-19 23:48:14
500101033,40,40,0,2024-12-19 00:01:16
500101033,40,27,13,2024-12-19 00:56:14
500111045,40,19,20,2024-12-19 23:33:15
500111022,40,31,9,2024-12-19 22:24:15
500101109,40,2,34,2024-12-19 23:58:14
500111014,40,36,4,2024-12-19 00:35:16
500101033,40,33,7,2024-12-19 01:15:15
500107005,40,6,34,2024-12-19 00:52:15
500101240,40,24,15,2024-12-19 00:40:16
500111022,40,31,9,2024-12-19 00:37:15
500111014,40,20,20,2024-12-19 21:39:15
500111022,40,29,11,2024-12-19 21:29:15
500106090,40,14,26,2024-12-19 02:25:15
500101033,40,32,8,2024-12-19 03:07:15
500101209,40,2,36,2024-12-19 03:50:17
500119090,40,0,40,2024-12-19 22:03:15
500105001,40,30,10,2024-12-19 22:09:15
500101240,40,35,5,2024-12-19 21:59:15
500109025,40,22,18,2024-12-19 23:54:15
500105001,40,27,13,2024-12-19 23:56:14
500107021,40,37,3,2024-12-19 23:30:16
500105070,40,17,23,2024-12-19 00:59:15
500101240,40,26,13,2024-12-19 01:32:14
500119084,40,5,35,2024-12-19 01:51:14
500103039,40,17,23,2024-12-19 22:13:15
500109025,40,28,12,2024-12-19 22:13:15
500111022,40,32,8,2024-12-19 22:17:15
500119090,40,1,39,2024-12-19 22:20:15
500101109,40,2,34,2024-12-19 22:25:16
500105001,40,28,12,2024-12-19 22:26:15
500101210,40,2,37,2024-12-19 01:50:15
500101033,40,38,2,2024-12-19 02:00:17
500101210,40,39,0,2024-12-19 10:08:16
500101210,40,39,0,2024-12-19 11:08:15
500101210,40,38,1,2024-12-19 11:48:15
500101210,40,38,1,2024-12-19 10:25:15
500101210,40,36,3,2024-12-19 09:36:14
500119084,40,37,3,2024-12-19 09:52:15
500101210,40,35,4,2024-12-19 12:08:15
500103039,40,33,5,2024-12-19 10:48:15
500106071,40,30,6,2024-12-19 11:16:14
500103039,40,30,8,2024-12-19 11:47:16
500107005,40,32,8,2024-12-19 11:43:15
500112065,40,32,8,2024-12-19 12:44:15
500103039,40,30,9,2024-12-19 10:04:15
500101109,40,26,10,2024-12-19 11:25:15
500109025,40,30,10,2024-12-19 11:07:16
500119090,40,25,10,2024-12-19 11:08:15
500107005,40,29,11,2024-12-19 09:45:15
500112065,40,29,11,2024-12-19 09:24:14
500119090,40,24,11,2024-12-19 11:18:16
500101209,40,24,14,2024-12-19 13:07:15
500106071,40,22,14,2024-12-19 12:24:16
500109025,40,26,14,2024-12-19 10:28:15
500119084,40,23,17,2024-12-19 09:07:15
500119090,40,20,20,2024-12-19 09:37:15
500101209,40,15,23,2024-12-19 09:23:15
500119084,40,17,23,2024-12-19 10:47:16
500119084,40,16,24,2024-12-19 13:08:15
500119084,40,16,24,2024-12-19 11:34:15
500111045,40,11,28,2024-12-19 12:11:16
500119094,40,1,28,2024-12-19 10:18:15
500101209,40,9,29,2024-12-19 10:06:15
500103058,40,10,29,2024-12-19 11:15:15
500103058,40,9,30,2024-12-19 11:52:15
500101240,40,8,31,2024-12-19 10:06:15
500111022,40,9,31,2024-12-19 12:08:15
500105001,40,7,32,2024-12-19 13:07:15
500105001,40,6,33,2024-12-19 12:28:15
500111014,40,7,33,2024-12-19 10:25:16
500119094,40,0,33,2024-12-19 13:07:15
500103058,40,5,34,2024-12-19 12:21:15
500107008,40,5,34,2024-12-19 12:07:16
500119046,40,5,35,2024-12-19 12:28:15
500103058,40,3,36,2024-12-19 12:45:16
500103058,40,0,36,2024-12-19 09:51:16
500105070,40,2,36,2024-12-19 12:36:15
500101033,40,3,37,2024-12-19 09:09:15
500105070,40,1,37,2024-12-19 09:49:15
500101033,40,1,39,2024-12-19 12:58:15
500101033,40,1,39,2024-12-19 10:36:14
500103002,40,0,40,2024-12-19 09:09:16
500107021,40,0,40,2024-12-19 09:57:15
500106071,40,30,6,2024-12-19 19:58:15
500101240,40,30,10,2024-12-19 20:59:15
500105001,40,29,11,2024-12-19 17:48:15
500111022,40,28,12,2024-12-19 19:25:15
500111022,40,28,12,2024-12-19 20:54:14
500101210,40,24,16,2024-12-19 17:18:15
500101240,40,24,16,2024-12-19 19:58:15
500119094,40,4,19,2024-12-19 19:58:15
500119090,40,19,21,2024-12-19 20:59:15
500111014,40,17,23,2024-12-19 17:27:16
500111014,40,17,23,2024-12-19 17:47:16
500112046,40,15,25,2024-12-19 17:45:15
500101033,40,13,27,2024-12-19 21:14:15
500101210,40,13,27,2024-12-19 18:25:17
500103058,40,11,28,2024-12-19 20:28:15
500107008,40,10,29,2024-12-19 17:45:16
500107021,40,11,29,2024-12-19 21:20:16
500103002,40,10,30,2024-12-19 17:48:15
500103002,40,10,30,2024-12-19 17:57:15
500101033,40,9,31,2024-12-19 20:10:17
500103039,40,8,32,2024-12-19 17:55:17
500101209,40,5,33,2024-12-19 17:37:16
500101210,40,7,33,2024-12-19 20:53:15
500101240,40,7,33,2024-12-19 18:08:16
500107021,40,7,33,2024-12-19 17:51:16
500101033,40,5,35,2024-12-19 18:38:16
500101210,40,5,35,2024-12-19 20:31:15
500112046,40,5,35,2024-12-19 18:37:15
500101109,40,1,36,2024-12-19 20:38:15
500105070,40,3,37,2024-12-19 18:37:15
500112065,40,2,37,2024-12-19 18:05:16
500112065,40,2,37,2024-12-19 19:18:15
500112065,40,2,37,2024-12-19 18:38:16
500119084,40,3,37,2024-12-19 21:19:16
500112065,40,1,38,2024-12-19 20:09:15
500105070,40,1,39,2024-12-19 19:28:15
500107008,40,0,39,2024-12-19 19:59:17
500107008,40,0,39,2024-12-19 18:07:16
500107008,40,0,39,2024-12-19 20:48:15
500119084,40,0,40,2024-12-19 19:16:15
500119084,40,0,40,2024-12-19 17:45:17
500119090,40,40,0,2024-12-19 15:38:15
500101109,40,35,2,2024-12-19 15:37:15
500101209,40,36,2,2024-12-19 13:17:15
500101209,40,35,3,2024-12-19 17:04:15
500119090,40,32,3,2024-12-19 14:48:15
500101109,40,31,7,2024-12-19 13:37:15
500107008,40,32,7,2024-12-19 15:56:15
500101210,40,32,8,2024-12-19 16:25:16
500101210,40,30,10,2024-12-19 16:55:17
500112065,40,30,10,2024-12-19 13:27:15
500112065,40,29,11,2024-12-19 16:07:15
500103039,40,27,12,2024-12-19 13:59:15
500106071,40,23,13,2024-12-19 13:37:14
500106071,40,23,13,2024-12-19 14:42:15
500106071,40,23,13,2024-12-19 14:16:15
500109025,40,26,14,2024-12-19 15:09:16
500109025,40,25,15,2024-12-19 16:38:15
500119084,40,22,18,2024-12-19 14:18:15
500119084,40,18,22,2024-12-19 13:16:15
500103002,40,16,24,2024-12-19 13:28:16
500105001,40,16,24,2024-12-19 15:21:15
500107008,40,14,25,2024-12-19 17:18:16
500105001,40,14,26,2024-12-19 15:17:16
500103002,40,13,27,2024-12-19 16:17:15
500103002,40,13,27,2024-12-19 17:04:15
500101109,40,6,31,2024-12-19 17:17:16
500112046,40,9,31,2024-12-19 16:42:15
500119094,40,9,31,2024-12-19 15:18:15
500112046,40,8,32,2024-12-19 14:09:15
500119094,40,8,32,2024-12-19 14:20:16
500119046,40,7,33,2024-12-19 15:09:15
500107021,40,6,34,2024-12-19 17:06:16
500112046,40,6,34,2024-12-19 15:13:15
500101033,40,5,35,2024-12-19 16:35:15
500103058,40,4,35,2024-12-19 16:37:15
500112046,40,5,35,2024-12-19 15:25:15
500119046,40,5,35,2024-12-19 13:47:15
500105070,40,3,37,2024-12-19 14:30:16
500106090,40,3,37,2024-12-19 14:11:16
500101240,40,0,40,2024-12-19 14:20:20
500105070,40,0,40,2024-12-19 17:18:15
500112065,40,2,37,2024-12-19 21:49:15
500107021,40,22,18,2024-12-19 21:45:15
500107005,40,38,2,2024-12-19 08:31:16
500103058,40,33,5,2024-12-19 05:49:15
500111014,40,30,6,2024-12-19 05:44:15
500112046,40,33,7,2024-12-19 07:57:16
500105001,40,30,9,2024-12-19 07:34:15
500119094,40,13,10,2024-12-19 07:26:15
500101210,40,28,11,2024-12-19 07:55:17
500107008,40,28,11,2024-12-19 08:03:15
500101033,40,27,13,2024-12-19 07:22:15
500101109,40,15,15,2024-12-19 08:45:15
500119090,40,25,15,2024-12-19 08:52:16
500106071,40,20,16,2024-12-19 08:22:15
500112065,40,23,17,2024-12-19 07:47:15
500107008,40,21,18,2024-12-19 07:37:15
500111045,40,19,20,2024-12-19 07:46:15
500105070,40,17,21,2024-12-19 07:23:15
500107021,40,18,22,2024-12-19 05:49:15
500111022,40,17,22,2024-12-19 08:16:15
500107008,40,15,24,2024-12-19 07:27:15
500106090,40,15,25,2024-12-19 06:34:15
500107021,40,15,25,2024-12-19 04:50:15
500119084,40,13,27,2024-12-19 08:56:16
500106071,40,8,28,2024-12-19 05:50:15
500107005,40,12,28,2024-12-19 07:15:17
500107021,40,12,28,2024-12-19 08:26:15
500119090,40,11,29,2024-12-19 07:47:15
500109025,40,10,30,2024-12-19 05:25:15
500107005,40,9,31,2024-12-19 06:41:15
500103039,40,6,33,2024-12-19 05:44:15
500112065,40,6,33,2024-12-19 06:36:14
500101210,40,5,34,2024-12-19 06:06:14
500103002,40,4,35,2024-12-19 08:25:16
500103039,40,3,36,2024-12-19 06:29:15
500119046,40,4,36,2024-12-19 08:57:15
500119084,40,3,37,2024-12-19 07:24:15
500107021,40,2,38,2024-12-19 07:57:15
500119090,40,2,38,2024-12-19 05:18:15
500106090,40,1,39,2024-12-19 08:50:16
500109025,40,1,39,2024-12-19 08:53:15
500109025,40,17,23,2024-12-19 03:44:15
500101109,40,1,35,2024-12-19 00:36:15
500103039,40,6,34,2024-12-19 00:11:14
500103058,40,33,6,2024-12-19 00:13:15
500105070,40,13,27,2024-12-19 00:46:15
500109025,40,18,22,2024-12-19 00:04:16
500119084,40,10,30,2024-12-19 23:42:15
500105070,40,13,27,2024-12-19 00:54:15
500106071,40,11,22,2024-12-19 23:44:15
500103039,40,24,16,2024-12-19 23:59:15
500105001,40,36,3,2024-12-19 01:15:15
500101109,40,1,35,2024-12-19 00:48:14
500112065,40,4,35,2024-12-19 22:46:15
500107005,40,13,27,2024-12-19 22:08:15
500105070,40,24,16,2024-12-19 23:09:15
500107021,40,28,12,2024-12-19 22:38:15
500105001,40,32,8,2024-12-19 22:34:15
500105070,40,11,29,2024-12-19 21:39:15
500103058,40,13,26,2024-12-19 21:39:15
500112046,40,16,24,2024-12-19 21:39:15
500107021,40,20,20,2024-12-19 21:37:15
500112065,40,1,38,2024-12-19 02:00:17
500109025,40,13,27,2024-12-19 04:10:15
500103002,40,19,20,2024-12-19 04:27:14
500111014,40,35,4,2024-12-19 04:23:14
500101109,40,0,36,2024-12-19 21:58:15
500109025,40,29,11,2024-12-19 21:54:15
500101033,40,32,8,2024-12-19 03:33:15
500101109,40,1,35,2024-12-19 02:37:15
500101109,40,1,35,2024-12-19 02:21:15
500119090,40,1,39,2024-12-19 04:31:15
500109025,40,12,28,2024-12-19 04:37:14
500112046,40,31,3,2024-12-19 04:34:15
500109025,40,21,19,2024-12-19 22:56:15
500119090,40,2,38,2024-12-19 22:17:15
500112046,40,31,9,2024-12-19 22:19:15
500101109,40,2,34,2024-12-19 04:05:15
500103039,40,18,22,2024-12-19 22:21:14
500106071,40,15,20,2024-12-19 22:51:15
500101210,40,34,5,2024-12-19 11:58:16
500101109,40,20,7,2024-12-19 10:18:15
500107005,40,32,8,2024-12-19 10:46:15
500106071,40,22,14,2024-12-19 12:17:15
500101109,40,15,15,2024-12-19 09:26:15
500103039,40,24,15,2024-12-19 09:24:14
500105001,40,24,15,2024-12-19 09:59:16
500119046,40,25,15,2024-12-19 09:35:16
500119084,40,25,15,2024-12-19 10:18:15
500119090,40,23,17,2024-12-19 10:37:15
500103002,40,20,20,2024-12-19 10:36:14
500109025,40,20,20,2024-12-19 12:38:15
500119090,40,20,20,2024-12-19 09:56:15
500105001,40,17,22,2024-12-19 10:58:16
500107008,40,17,22,2024-12-19 12:37:15
500103002,40,17,23,2024-12-19 13:08:15
500109025,40,16,24,2024-12-19 12:57:15
500119094,40,8,25,2024-12-19 10:41:15
500119084,40,13,27,2024-12-19 12:38:14
500119084,40,13,27,2024-12-19 12:47:15
500101209,40,10,28,2024-12-19 12:08:15
500101209,40,10,28,2024-12-19 11:02:15
500101209,40,9,29,2024-12-19 11:18:15
500111014,40,9,31,2024-12-19 13:06:15
500112046,40,9,31,2024-12-19 09:44:15
500111014,40,8,32,2024-12-19 12:08:15
500111014,40,8,32,2024-12-19 10:13:15
500119094,40,1,32,2024-12-19 11:58:16
500101240,40,6,33,2024-12-19 10:36:14
500107008,40,5,34,2024-12-19 11:25:15
500107021,40,6,34,2024-12-19 11:27:15
500112046,40,6,34,2024-12-19 12:50:15
500119046,40,5,35,2024-12-19 12:18:15
500105070,40,2,36,2024-12-19 09:06:15
500107021,40,4,36,2024-12-19 12:37:15
500101033,40,3,37,2024-12-19 09:06:15
500105070,40,1,37,2024-12-19 11:32:15
500112046,40,3,37,2024-12-19 11:44:15
500112046,40,3,37,2024-12-19 12:08:15
500101033,40,2,38,2024-12-19 10:45:16
500105070,40,0,38,2024-12-19 10:47:16
500105070,40,0,38,2024-12-19 11:27:16
500101033,40,1,39,2024-12-19 12:07:16
500107021,40,1,39,2024-12-19 09:47:15
500105001,40,36,3,2024-12-19 04:09:15
500119094,40,29,2,2024-12-19 18:18:16
500105001,40,36,4,2024-12-19 17:59:15
500111045,40,35,4,2024-12-19 19:50:16
500111045,40,35,4,2024-12-19 20:30:17
500106071,40,27,8,2024-12-19 20:57:16
500111045,40,30,9,2024-12-19 18:48:15
500111045,40,26,13,2024-12-19 18:33:16
500105001,40,25,15,2024-12-19 21:18:15
500105001,40,24,16,2024-12-19 21:07:16
500101210,40,23,17,2024-12-19 17:38:16
500109025,40,23,17,2024-12-19 20:11:16
500112046,40,23,17,2024-12-19 19:54:15
500101109,40,19,18,2024-12-19 18:58:16
500101209,40,19,19,2024-12-19 18:48:16
500107005,40,21,19,2024-12-19 17:43:16
500119090,40,21,19,2024-12-19 20:42:15
500101209,40,18,20,2024-12-19 18:53:15
500112046,40,19,21,2024-12-19 19:49:15
500111014,40,18,22,2024-12-19 21:09:15
500101209,40,15,23,2024-12-19 18:18:16
500101240,40,17,23,2024-12-19 19:06:16
500107021,40,17,23,2024-12-19 21:09:16
500101210,40,15,25,2024-12-19 18:06:15
500105001,40,15,25,2024-12-19 18:18:16
500119090,40,15,25,2024-12-19 19:37:16
500111045,40,13,26,2024-12-19 17:31:15
500103002,40,13,27,2024-12-19 20:54:15
500103058,40,12,27,2024-12-19 20:13:15
500107021,40,13,27,2024-12-19 19:25:15
500101109,40,9,28,2024-12-19 19:28:15
500103002,40,11,29,2024-12-19 20:09:15
500103002,40,11,29,2024-12-19 19:26:15
500112046,40,11,29,2024-12-19 18:07:16
500103058,40,9,30,2024-12-19 20:36:14
500105001,40,10,30,2024-12-19 18:36:16
500101210,40,9,31,2024-12-19 19:29:15
500101240,40,9,31,2024-12-19 18:18:16
500103039,40,7,33,2024-12-19 17:48:15
500103039,40,7,33,2024-12-19 19:26:15
500103039,40,7,33,2024-12-19 18:43:15
500105070,40,6,34,2024-12-19 20:38:15
500119046,40,5,35,2024-12-19 19:08:15
500119090,40,5,35,2024-12-19 18:07:16
500119046,40,4,36,2024-12-19 19:54:15
500107008,40,2,37,2024-12-19 19:47:15
500107008,40,1,38,2024-12-19 19:07:16
500107008,40,1,38,2024-12-19 19:18:16
500101033,40,1,39,2024-12-19 18:06:15
500112065,40,0,39,2024-12-19 19:56:15
500112065,40,0,39,2024-12-19 17:36:16
500101209,40,38,0,2024-12-19 13:28:16
500101209,40,38,0,2024-12-19 13:30:18
500101209,40,38,0,2024-12-19 15:06:16
500107005,40,39,1,2024-12-19 15:12:16
500119090,40,32,3,2024-12-19 14:28:15
500112065,40,31,9,2024-12-19 14:15:16
500106071,40,26,10,2024-12-19 15:31:15
500103039,40,27,13,2024-12-19 16:07:15
500101109,40,23,14,2024-12-19 16:18:16
500109025,40,26,14,2024-12-19 15:24:15
500106071,40,21,15,2024-12-19 13:25:16
500107008,40,23,16,2024-12-19 14:31:15
500101109,40,14,23,2024-12-19 17:08:15
500109025,40,16,24,2024-12-19 14:27:15
500103002,40,15,25,2024-12-19 15:23:15
500103002,40,14,26,2024-12-19 15:57:15
500119094,40,9,27,2024-12-19 13:37:15
500119084,40,10,30,2024-12-19 16:09:15
500103058,40,6,33,2024-12-19 15:56:15
500119084,40,7,33,2024-12-19 16:25:15
500119094,40,7,33,2024-12-19 15:03:15
500106090,40,4,36,2024-12-19 13:52:15
500107021,40,4,36,2024-12-19 16:28:15
500103058,40,2,37,2024-12-19 16:24:15
500101240,40,2,38,2024-12-19 13:46:16
500119046,40,2,38,2024-12-19 16:06:15
500107021,40,1,39,2024-12-19 15:37:16
500119046,40,1,39,2024-12-19 16:36:15
500119084,40,1,39,2024-12-19 17:14:16
500101240,40,0,40,2024-12-19 15:29:15
500101109,40,2,34,2024-12-19 02:51:15
500105070,40,19,21,2024-12-19 02:55:15
500119084,40,2,38,2024-12-19 21:46:15
500112046,40,40,0,2024-12-19 07:46:15
500119094,40,19,4,2024-12-19 06:53:15
500101033,40,33,7,2024-12-19 06:15:15
500101109,40,29,7,2024-12-19 08:26:14
500112046,40,27,7,2024-12-19 05:38:14
500106071,40,27,9,2024-12-19 08:46:15
500111022,40,27,12,2024-12-19 06:53:15
500112065,40,26,14,2024-12-19 08:57:15
500101210,40,22,17,2024-12-19 07:33:15
500111022,40,22,17,2024-12-19 08:03:15
500112065,40,23,17,2024-12-19 08:37:15
500103058,40,18,18,2024-12-19 07:36:15
500112065,40,21,19,2024-12-19 08:44:16
500107008,40,19,20,2024-12-19 08:56:16
500105001,40,18,21,2024-12-19 08:17:15
500103002,40,16,23,2024-12-19 06:51:15
500119094,40,0,23,2024-12-19 08:03:15
500101109,40,8,28,2024-12-19 07:11:14
500112065,40,11,28,2024-12-19 06:56:15
500106071,40,7,29,2024-12-19 07:37:15
500106090,40,11,29,2024-12-19 07:17:14
500106090,40,11,29,2024-12-19 07:52:15
500107008,40,10,29,2024-12-19 07:17:14
500101240,40,7,32,2024-12-19 07:47:15
500119090,40,8,32,2024-12-19 07:23:15
500101109,40,3,33,2024-12-19 05:00:16
500101209,40,3,35,2024-12-19 08:11:16
500103039,40,4,35,2024-12-19 06:43:15
500107008,40,4,35,2024-12-19 06:47:15
500112065,40,3,36,2024-12-19 05:48:14
500107021,40,2,38,2024-12-19 08:47:15
500107021,40,36,4,2024-12-19 23:23:14
500101033,40,26,14,2024-12-19 00:44:15
500119084,40,12,28,2024-12-19 00:08:15
500101033,40,25,15,2024-12-19 00:35:16
500105070,40,17,23,2024-12-19 00:37:15
500107008,40,6,33,2024-12-19 00:55:16
500119090,40,0,40,2024-12-19 22:31:15
500101210,40,2,38,2024-12-19 23:53:15
500119090,40,2,38,2024-12-19 00:08:14
500109025,40,16,24,2024-12-19 01:03:15
500103058,40,16,23,2024-12-19 22:21:15
500101109,40,2,34,2024-12-19 21:39:15
500109025,40,33,7,2024-12-19 21:37:15
500112046,40,32,2,2024-12-19 02:31:14
500103058,40,34,5,2024-12-19 02:12:16
500107005,40,8,32,2024-12-19 03:51:15
500101033,40,31,9,2024-12-19 04:05:15
500101210,40,6,34,2024-12-19 21:52:15
500101033,40,17,23,2024-12-19 21:59:15
500107008,40,1,38,2024-12-19 21:58:15
500103002,40,5,34,2024-12-19 03:14:14
500119094,40,7,16,2024-12-19 23:47:14
500103002,40,6,33,2024-12-19 01:00:17
500119084,40,6,34,2024-12-19 01:44:14
500107021,40,26,14,2024-12-19 02:44:15
500107021,40,26,13,2024-12-19 02:17:15
500103002,40,4,35,2024-12-19 01:51:14
500101109,40,1,35,2024-12-19 22:47:15
500103002,40,10,30,2024-12-19 22:40:15
500105070,40,21,17,2024-12-19 04:36:15
500103002,40,21,18,2024-12-19 04:28:15
500107021,40,24,16,2024-12-19 22:18:15
500105070,40,20,18,2024-12-19 04:43:15
500119094,40,13,10,2024-12-19 22:56:15
500105070,40,19,21,2024-12-19 01:54:15
500101033,40,37,3,2024-12-19 01:57:15
500103039,40,32,6,2024-12-19 11:16:14
500101210,40,31,8,2024-12-19 12:19:15
500112065,40,32,8,2024-12-19 09:44:15
500112065,40,32,8,2024-12-19 10:42:15
500103039,40,29,9,2024-12-19 12:07:16
500106071,40,27,9,2024-12-19 12:07:16
500112065,40,31,9,2024-12-19 11:26:14
500103039,40,28,10,2024-12-19 12:34:14
500103039,40,28,10,2024-12-19 12:49:15
500112065,40,30,10,2024-12-19 12:08:15
500101109,40,9,14,2024-12-19 09:46:16
500103039,40,23,16,2024-12-19 09:04:14
500119090,40,23,17,2024-12-19 10:04:16
500101109,40,17,18,2024-12-19 12:45:16
500119084,40,21,19,2024-12-19 10:38:15
500105001,40,18,21,2024-12-19 10:35:16
500109025,40,19,21,2024-12-19 11:26:15
500111045,40,17,22,2024-12-19 09:43:15
500109025,40,17,23,2024-12-19 13:08:15
500103002,40,16,24,2024-12-19 12:19:16
500103002,40,15,25,2024-12-19 09:25:16
500103002,40,14,26,2024-12-19 12:28:15
500101209,40,10,28,2024-12-19 11:22:16
500103058,40,11,28,2024-12-19 11:08:15
500111045,40,11,28,2024-12-19 12:56:15
500119084,40,12,28,2024-12-19 12:19:16
500119094,40,4,29,2024-12-19 11:31:14
500107008,40,9,30,2024-12-19 12:19:16
500111014,40,10,30,2024-12-19 09:32:15
500107021,40,8,32,2024-12-19 11:08:15
500109025,40,7,33,2024-12-19 09:09:15
500112046,40,7,33,2024-12-19 10:45:16
500119094,40,0,33,2024-12-19 12:35:17
500103058,40,4,35,2024-12-19 12:19:16
500105070,40,3,35,2024-12-19 11:18:16
500107021,40,5,35,2024-12-19 12:28:15
500101240,40,3,36,2024-12-19 12:51:15
500107008,40,3,36,2024-12-19 11:51:16
500107021,40,4,36,2024-12-19 10:21:15
500111022,40,4,36,2024-12-19 11:07:16
500101033,40,3,37,2024-12-19 11:55:18
500105070,40,1,37,2024-12-19 09:47:14
500107008,40,2,37,2024-12-19 10:20:16
500111022,40,2,37,2024-12-19 09:09:15
500112046,40,3,37,2024-12-19 12:23:15
500105070,40,0,38,2024-12-19 11:01:18
500106090,40,1,39,2024-12-19 12:27:15
500106090,40,1,39,2024-12-19 10:25:15
500107008,40,0,39,2024-12-19 10:45:16
500106090,40,0,40,2024-12-19 12:34:15
500106090,40,0,40,2024-12-19 09:43:16
500106071,40,34,2,2024-12-19 18:29:16
500106071,40,31,5,2024-12-19 18:44:16
500109025,40,35,5,2024-12-19 19:38:15
500109025,40,35,5,2024-12-19 21:19:16
500111045,40,34,5,2024-12-19 19:36:15
500106071,40,27,9,2024-12-19 20:13:15
500111022,40,29,11,2024-12-19 20:11:16
500111022,40,29,11,2024-12-19 19:13:15
500111022,40,29,11,2024-12-19 18:40:17
500119094,40,10,13,2024-12-19 21:19:16
500107021,40,25,15,2024-12-19 20:19:15
500111045,40,24,15,2024-12-19 18:08:16
500105001,40,23,17,2024-12-19 19:48:15
500101109,40,19,18,2024-12-19 19:01:15
500105001,40,22,18,2024-12-19 20:07:15
500109025,40,21,19,2024-12-19 20:28:15
500107005,40,20,20,2024-12-19 19:58:15
500107021,40,18,22,2024-12-19 20:48:15
500119090,40,18,22,2024-12-19 21:08:15
500111014,40,16,24,2024-12-19 18:59:15
500119090,40,16,24,2024-12-19 20:27:15
500111022,40,15,25,2024-12-19 17:16:16
500101209,40,11,27,2024-12-19 18:27:15
500107021,40,13,27,2024-12-19 19:18:15
500103002,40,10,30,2024-12-19 18:28:16
500101209,40,7,31,2024-12-19 20:29:15
500112046,40,9,31,2024-12-19 21:13:16
500103039,40,8,32,2024-12-19 21:20:16
500101109,40,4,33,2024-12-19 19:46:15
500112046,40,7,33,2024-12-19 18:58:16
500119046,40,7,33,2024-12-19 19:33:15
500105070,40,6,34,2024-12-19 21:09:16
500107021,40,6,34,2024-12-19 18:47:16
500112065,40,4,35,2024-12-19 21:17:15
500119046,40,5,35,2024-12-19 18:50:16
500101109,40,1,36,2024-12-19 17:28:15
500107008,40,3,36,2024-12-19 18:58:16
500112065,40,3,36,2024-12-19 20:27:15
500112065,40,3,36,2024-12-19 18:44:16
500119046,40,3,37,2024-12-19 18:33:16
500119046,40,2,38,2024-12-19 17:31:15
500107008,40,0,39,2024-12-19 20:23:16
500112065,40,0,39,2024-12-19 19:33:15
500105070,40,0,40,2024-12-19 18:17:15
500101109,40,37,0,2024-12-19 15:18:16
500101109,40,37,1,2024-12-19 14:47:16
500101109,40,36,2,2024-12-19 14:26:15
500101109,40,35,3,2024-12-19 13:55:16
500119090,40,31,4,2024-12-19 13:55:16
500101210,40,33,7,2024-12-19 14:56:15
500119090,40,27,8,2024-12-19 13:18:15
500101209,40,29,9,2024-12-19 17:18:16
500107008,40,29,10,2024-12-19 16:18:16
500107008,40,29,10,2024-12-19 15:36:15
500112065,40,29,11,2024-12-19 16:10:16
500107008,40,22,17,2024-12-19 16:38:15
500107008,40,19,20,2024-12-19 17:08:16
500119084,40,20,20,2024-12-19 14:58:15
500119084,40,20,20,2024-12-19 15:37:16
500101109,40,16,21,2024-12-19 16:48:16
500105001,40,18,22,2024-12-19 17:08:16
500111022,40,18,22,2024-12-19 13:48:16
500119090,40,18,22,2024-12-19 16:57:16
500109025,40,17,23,2024-12-19 13:17:15
500105001,40,15,25,2024-12-19 15:30:17
500105001,40,13,26,2024-12-19 14:15:16
500105001,40,13,27,2024-12-19 14:56:14
500111045,40,12,27,2024-12-19 13:23:15
500111045,40,12,27,2024-12-19 17:13:15
500119094,40,8,28,2024-12-19 13:28:15
500119094,40,11,29,2024-12-19 14:08:15
500111022,40,10,30,2024-12-19 14:32:15
500101240,40,8,32,2024-12-19 16:58:14
500107021,40,8,32,2024-12-19 16:43:15
500111022,40,8,32,2024-12-19 14:48:15
500119046,40,8,32,2024-12-19 14:23:15
500119094,40,8,32,2024-12-19 14:45:15
500107021,40,7,33,2024-12-19 14:16:15
500112046,40,7,33,2024-12-19 15:08:15
500107021,40,6,34,2024-12-19 14:46:15
500101033,40,5,35,2024-12-19 16:44:15
500105070,40,3,37,2024-12-19 16:48:16
500105070,40,1,37,2024-12-19 14:18:15
500106071,40,17,18,2024-12-19 21:47:15
500109025,40,37,3,2024-12-19 07:56:15
500105001,40,32,7,2024-12-19 06:09:15
500109025,40,33,7,2024-12-19 07:45:16
500105001,40,30,9,2024-12-19 07:26:15
500103058,40,24,12,2024-12-19 07:12:15
500111022,40,26,13,2024-12-19 07:42:15
500112046,40,23,14,2024-12-19 07:36:15
500111014,40,21,15,2024-12-19 07:27:15
500111022,40,24,15,2024-12-19 07:55:17
500103058,40,20,16,2024-12-19 07:22:15
500105070,40,21,17,2024-12-19 04:47:14
500109025,40,22,18,2024-12-19 08:26:15
500112065,40,22,18,2024-12-19 08:00:17
500107008,40,19,20,2024-12-19 08:37:15
500103039,40,18,21,2024-12-19 08:17:15
500107021,40,19,21,2024-12-19 06:25:15
500112065,40,19,21,2024-12-19 08:27:16
500107021,40,18,22,2024-12-19 06:48:15
500111014,40,14,22,2024-12-19 08:13:15
500111045,40,17,22,2024-12-19 08:37:15
500101033,40,17,23,2024-12-19 08:23:15
500109025,40,17,23,2024-12-19 08:37:15
500107008,40,15,24,2024-12-19 08:47:15
500101209,40,12,26,2024-12-19 08:56:16
500106071,40,9,27,2024-12-19 06:54:16
500106090,40,12,28,2024-12-19 08:02:15
500106071,40,7,29,2024-12-19 07:47:15
500107021,40,10,30,2024-12-19 07:16:15
500119084,40,10,30,2024-12-19 08:25:16
500107005,40,8,32,2024-12-19 06:37:15
500107005,40,8,32,2024-12-19 05:50:15
500111022,40,7,32,2024-12-19 08:45:16
500101109,40,3,33,2024-12-19 06:36:14
500101210,40,6,33,2024-12-19 06:30:17
500103058,40,3,33,2024-12-19 08:57:15
500112065,40,6,33,2024-12-19 06:11:14
500101209,40,3,35,2024-12-19 07:40:16
500107008,40,4,35,2024-12-19 05:50:15
500107021,40,4,36,2024-12-19 07:27:15
500119046,40,4,36,2024-12-19 06:06:14
500119046,40,4,36,2024-12-19 07:12:15
500119090,40,4,36,2024-12-19 05:50:15
500119090,40,4,36,2024-12-19 06:23:15
500103002,40,1,38,2024-12-19 08:13:15
500119084,40,5,35,2024-12-19 23:29:14
500101033,40,24,15,2024-12-19 23:29:14
500107005,40,7,33,2024-12-19 00:46:15
500105001,40,30,9,2024-12-19 00:07:15
500107008,40,1,38,2024-12-19 00:06:15
500107008,40,0,39,2024-12-19 00:14:15
500119084,40,13,27,2024-12-19 00:02:15
500119046,40,1,39,2024-12-19 01:00:17
500119084,40,7,33,2024-12-19 00:49:15
500107008,40,0,39,2024-12-19 22:37:17
500103039,40,23,17,2024-12-19 23:15:15
500107021,40,35,5,2024-12-19 23:18:15
500111014,40,20,20,2024-12-19 22:18:15
500101109,40,1,35,2024-12-19 03:04:14
500101210,40,1,38,2024-12-19 01:58:14
500119046,40,5,35,2024-12-19 02:52:15
500111022,40,30,9,2024-12-19 03:48:15
500103039,40,16,24,2024-12-19 22:04:15
500106071,40,18,17,2024-12-19 22:02:15
500111014,40,21,19,2024-12-19 22:09:15
500109025,40,16,24,2024-12-19 03:08:15
500119084,40,9,31,2024-12-19 23:55:16
500101033,40,26,13,2024-12-19 23:57:15
500103058,40,33,6,2024-12-19 01:46:14
500101033,40,18,22,2024-12-19 23:09:15
500101033,40,23,17,2024-12-19 22:18:15
500105070,40,17,23,2024-12-19 22:26:15
500101240,40,35,5,2024-12-19 22:25:16
500119084,40,14,26,2024-12-19 23:32:14
500103058,40,17,22,2024-12-19 23:24:15
500105001,40,32,8,2024-12-19 23:24:14
500101033,40,34,6,2024-12-19 01:32:14
500107005,40,5,35,2024-12-19 01:28:14
500101109,40,23,4,2024-12-19 10:28:15
500106071,40,30,6,2024-12-19 10:57:15
500101109,40,16,7,2024-12-19 10:07:16
500101109,40,23,7,2024-12-19 10:38:15
500106071,40,29,7,2024-12-19 10:02:15
500112065,40,31,9,2024-12-19 11:37:15
500112065,40,30,10,2024-12-19 10:18:15
500119090,40,25,10,2024-12-19 12:19:16
500105001,40,28,11,2024-12-19 09:05:16
500107005,40,27,13,2024-12-19 09:28:15
500109025,40,27,13,2024-12-19 10:32:15
500105001,40,25,14,2024-12-19 09:56:16
500109025,40,18,22,2024-12-19 11:37:15
500119094,40,11,22,2024-12-19 10:38:15
500119084,40,17,23,2024-12-19 11:47:16
500103058,40,9,26,2024-12-19 10:24:14
500119094,40,6,27,2024-12-19 11:02:15
500119046,40,12,28,2024-12-19 11:24:15
500111014,40,11,29,2024-12-19 09:26:15
500119094,40,0,29,2024-12-19 10:04:16
500119094,40,0,29,2024-12-19 10:27:16
500111014,40,8,32,2024-12-19 12:54:15
500119094,40,1,32,2024-12-19 12:19:16
500101209,40,4,34,2024-12-19 10:38:15
500107021,40,6,34,2024-12-19 12:42:15
500111014,40,6,34,2024-12-19 12:20:16
500119046,40,6,34,2024-12-19 12:57:14
500103058,40,1,35,2024-12-19 09:00:18
500101240,40,3,36,2024-12-19 11:56:15
500101240,40,2,37,2024-12-19 12:44:15
500105070,40,1,37,2024-12-19 10:58:16
500119046,40,3,37,2024-12-19 11:58:16
500101240,40,1,38,2024-12-19 12:28:15
500106090,40,2,38,2024-12-19 09:07:15
500101033,40,1,39,2024-12-19 09:57:15
500106090,40,0,40,2024-12-19 11:16:16
500106071,40,33,3,2024-12-19 19:19:14
500106071,40,33,3,2024-12-19 19:34:15
500106071,40,33,3,2024-12-19 18:18:16
500109025,40,35,5,2024-12-19 20:55:17
500111045,40,33,6,2024-12-19 19:15:16
500111045,40,31,8,2024-12-19 18:53:15
500109025,40,31,9,2024-12-19 18:08:16
500105001,40,30,10,2024-12-19 17:27:16
500109025,40,30,10,2024-12-19 17:57:15
500111022,40,30,10,2024-12-19 19:58:15
500101240,40,27,13,2024-12-19 20:29:15
500109025,40,27,13,2024-12-19 20:06:15
500109025,40,26,14,2024-12-19 19:04:15
500109025,40,26,14,2024-12-19 19:28:15
500119094,40,17,14,2024-12-19 17:58:16
500119094,40,9,14,2024-12-19 20:47:15
500111022,40,25,15,2024-12-19 18:18:16
500107021,40,22,18,2024-12-19 19:44:15
500111045,40,21,18,2024-12-19 17:57:14
500101240,40,20,20,2024-12-19 19:25:15
500119094,40,3,20,2024-12-19 18:55:17
500119094,40,2,21,2024-12-19 19:04:15
500111014,40,18,22,2024-12-19 17:37:16
500119090,40,17,23,2024-12-19 20:08:15
500101209,40,14,24,2024-12-19 18:08:16
500101240,40,16,24,2024-12-19 18:48:15
500107005,40,16,24,2024-12-19 20:12:15
500101209,40,13,25,2024-12-19 19:25:15
500101210,40,15,25,2024-12-19 17:59:15
500101240,40,15,25,2024-12-19 18:35:16
500101240,40,11,29,2024-12-19 18:24:16
500107005,40,10,30,2024-12-19 18:44:16
500101033,40,9,31,2024-12-19 20:49:14
500101210,40,9,31,2024-12-19 18:46:15
500107005,40,9,31,2024-12-19 18:58:16
500101033,40,8,32,2024-12-19 20:06:15
500101109,40,5,32,2024-12-19 19:38:14
500101109,40,4,33,2024-12-19 17:36:15
500103039,40,7,33,2024-12-19 18:06:15
500112046,40,7,33,2024-12-19 20:28:15
500119046,40,6,34,2024-12-19 17:58:16
500119090,40,6,34,2024-12-19 17:25:16
500101210,40,5,35,2024-12-19 19:56:16
500103058,40,4,35,2024-12-19 17:37:15
500103058,40,4,35,2024-12-19 18:54:15
500107008,40,4,35,2024-12-19 17:58:16
500101033,40,4,36,2024-12-19 19:38:15
500103058,40,3,36,2024-12-19 17:47:15
500112065,40,2,37,2024-12-19 20:37:16
500119046,40,3,37,2024-12-19 17:27:16
500105070,40,2,38,2024-12-19 18:07:15
500107008,40,1,38,2024-12-19 21:19:15
500107008,40,1,38,2024-12-19 18:29:16
500119084,40,2,38,2024-12-19 20:11:16
500105070,40,1,39,2024-12-19 17:47:16
500106090,40,0,40,2024-12-19 21:09:16
500119084,40,0,40,2024-12-19 20:27:15
500101209,40,37,1,2024-12-19 14:54:15
500107005,40,39,1,2024-12-19 14:55:16
500119090,40,34,1,2024-12-19 14:07:16
500101109,40,35,2,2024-12-19 15:08:14
500112065,40,38,2,2024-12-19 16:57:16
500119090,40,32,3,2024-12-19 14:57:15
500101210,40,34,5,2024-12-19 13:57:15
500101210,40,34,6,2024-12-19 16:12:15
500101109,40,31,7,2024-12-19 13:48:16
500107008,40,31,8,2024-12-19 15:47:15
500119090,40,31,9,2024-12-19 16:18:16
500112065,40,30,10,2024-12-19 14:53:15
500103039,40,28,12,2024-12-19 14:17:15
500106071,40,24,12,2024-12-19 13:52:15
500107005,40,28,12,2024-12-19 16:31:15
500107008,40,24,15,2024-12-19 14:47:15
500105001,40,21,19,2024-12-19 17:15:17
500119094,40,17,19,2024-12-19 17:08:16
500119084,40,19,21,2024-12-19 15:05:16
500109025,40,15,25,2024-12-19 17:17:16
500111022,40,15,25,2024-12-19 16:53:15
500105001,40,13,26,2024-12-19 14:45:15
500111045,40,12,27,2024-12-19 14:19:15
500103002,40,12,28,2024-12-19 16:21:15
500111045,40,11,28,2024-12-19 13:41:15
500111045,40,12,28,2024-12-19 14:18:15
500119084,40,12,28,2024-12-19 15:52:15
500119094,40,8,28,2024-12-19 16:37:15
500111045,40,10,29,2024-12-19 15:37:16
500112065,40,9,30,2024-12-19 17:18:16
500119094,40,10,30,2024-12-19 15:28:14
500101240,40,9,31,2024-12-19 17:15:17
500119084,40,9,31,2024-12-19 16:37:15
500107021,40,8,32,2024-12-19 16:58:15
500101033,40,6,34,2024-12-19 14:46:15
500103058,40,4,35,2024-12-19 14:20:16
500119046,40,5,35,2024-12-19 13:27:15
500101033,40,4,36,2024-12-19 13:27:15
500101033,40,4,36,2024-12-19 13:58:16
500101240,40,4,36,2024-12-19 16:26:15
500101240,40,2,37,2024-12-19 13:31:15
500105070,40,1,37,2024-12-19 13:20:18
500107021,40,3,37,2024-12-19 16:10:16
500101240,40,2,38,2024-12-19 15:58:15
500101240,40,1,38,2024-12-19 13:19:15
500105070,40,2,38,2024-12-19 17:06:16
500105070,40,2,38,2024-12-19 15:07:15
500119046,40,2,38,2024-12-19 16:57:16
500119084,40,2,38,2024-12-19 17:03:16
500119046,40,1,39,2024-12-19 17:05:17
500101210,40,6,34,2024-12-19 21:49:15
500101210,40,39,0,2024-12-19 08:37:16
500112065,40,37,3,2024-12-19 07:37:15
500111014,40,31,5,2024-12-19 05:18:15
500111014,40,31,5,2024-12-19 05:49:15
500111014,40,31,5,2024-12-19 06:05:15
500101210,40,33,6,2024-12-19 08:02:15
500107005,40,34,6,2024-12-19 08:25:16
500111014,40,30,6,2024-12-19 06:11:14
500103058,40,29,8,2024-12-19 06:54:15
500105001,40,31,8,2024-12-19 06:25:15
500112065,40,31,8,2024-12-19 07:17:14
500107005,40,26,14,2024-12-19 07:59:15
500101109,40,20,16,2024-12-19 08:37:15
500101240,40,23,16,2024-12-19 08:17:15
500101033,40,22,18,2024-12-19 07:50:16
500103002,40,21,18,2024-12-19 05:00:16
500101240,40,20,19,2024-12-19 08:33:16
500106071,40,17,19,2024-12-19 08:17:14
500112046,40,21,19,2024-12-19 08:47:15
500112065,40,21,19,2024-12-19 07:57:16
500103002,40,19,20,2024-12-19 05:48:14
500112046,40,19,21,2024-12-19 08:49:15
500103002,40,17,22,2024-12-19 06:02:14
500103002,40,17,22,2024-12-19 06:10:16
500111014,40,13,23,2024-12-19 08:42:14
500106071,40,12,24,2024-12-19 08:02:15
500105001,40,12,27,2024-12-19 08:26:15
500106071,40,8,28,2024-12-19 06:20:15
500106071,40,8,28,2024-12-19 07:16:15
500106090,40,12,28,2024-12-19 06:54:16
500111022,40,11,28,2024-12-19 08:35:16
500107021,40,11,29,2024-12-19 08:37:15
500106090,40,10,30,2024-12-19 08:26:15
500109025,40,9,31,2024-12-19 06:27:15
500101210,40,7,32,2024-12-19 06:51:15
500103058,40,3,33,2024-12-19 08:35:16
500101209,40,4,34,2024-12-19 08:21:16
500105001,40,5,34,2024-12-19 08:37:15
500103002,40,5,35,2024-12-19 08:33:16
500107021,40,3,37,2024-12-19 07:37:15
500119046,40,1,39,2024-12-19 08:05:17
500119046,40,1,39,2024-12-19 07:49:16
500107021,40,0,40,2024-12-19 07:47:15
500105001,40,35,4,2024-12-19 00:57:15
500106090,40,16,24,2024-12-19 00:08:15
500107008,40,3,36,2024-12-19 00:40:16
500101210,40,2,37,2024-12-19 00:16:15
500105001,40,36,3,2024-12-19 00:47:15
500111045,40,24,16,2024-12-19 00:23:14
500106071,40,13,20,2024-12-19 23:09:15
500101240,40,39,1,2024-12-19 22:54:15
500103039,40,19,21,2024-12-19 22:33:15
500111045,40,24,15,2024-12-19 22:38:15
500106071,40,1,35,2024-12-19 01:47:15
500103002,40,6,33,2024-12-19 02:56:15
500101109,40,3,33,2024-12-19 04:15:15
500105001,40,35,4,2024-12-19 04:20:16
500119094,40,12,11,2024-12-19 22:09:15
500105001,40,37,2,2024-12-19 01:18:15
500107005,40,14,26,2024-12-19 21:56:15
500119084,40,4,36,2024-12-19 02:28:15
500105070,40,18,22,2024-12-19 02:13:15
500105070,40,23,17,2024-12-19 22:49:15
500103002,40,9,31,2024-12-19 22:59:14
500119046,40,5,35,2024-12-19 22:19:15
500103039,40,21,19,2024-12-19 22:59:14
500112046,40,31,7,2024-12-19 23:33:15
500105070,40,16,24,2024-12-19 02:00:17
500119084,40,36,4,2024-12-19 09:26:15
500103039,40,33,5,2024-12-19 10:50:15
500101210,40,33,6,2024-12-19 12:32:16
500106071,40,29,7,2024-12-19 10:40:16
500107005,40,33,7,2024-12-19 11:32:15
500107005,40,33,7,2024-12-19 12:07:16
500112065,40,33,7,2024-12-19 09:36:15
500112065,40,32,8,2024-12-19 10:03:15
500101109,40,26,9,2024-12-19 13:08:15
500101109,40,28,9,2024-12-19 11:37:15
500119090,40,26,9,2024-12-19 12:24:16
500119090,40,26,9,2024-12-19 10:48:15
500101109,40,20,10,2024-12-19 10:43:16
500103039,40,28,10,2024-12-19 11:52:15
500107005,40,30,10,2024-12-19 10:13:15
500101109,40,12,11,2024-12-19 09:57:15
500101109,40,23,12,2024-12-19 12:18:15
500105001,40,27,12,2024-12-19 09:09:15
500105001,40,25,14,2024-12-19 09:25:16
500107005,40,26,14,2024-12-19 09:01:15
500105001,40,24,15,2024-12-19 09:37:15
500119090,40,24,16,2024-12-19 09:47:15
500119046,40,23,17,2024-12-19 10:02:15
500103002,40,21,19,2024-12-19 11:45:15
500107008,40,20,19,2024-12-19 12:55:16
500119046,40,20,20,2024-12-19 10:17:16
500103002,40,19,21,2024-12-19 11:52:15
500107008,40,18,21,2024-12-19 12:42:15
500101209,40,16,22,2024-12-19 12:30:16
500112046,40,18,22,2024-12-19 09:02:15
500119084,40,18,22,2024-12-19 11:54:15
500119084,40,18,22,2024-12-19 10:28:15
500109025,40,17,23,2024-12-19 09:56:16
500103002,40,16,24,2024-12-19 12:38:15
500111045,40,15,24,2024-12-19 11:14:15
500119046,40,16,24,2024-12-19 09:06:15
500119084,40,15,25,2024-12-19 12:56:15
500109025,40,14,26,2024-12-19 09:27:14
500112046,40,14,26,2024-12-19 09:09:15
500119094,40,0,26,2024-12-19 09:07:15
500103058,40,9,27,2024-12-19 10:12:15
500103058,40,7,28,2024-12-19 10:38:15
500119094,40,5,28,2024-12-19 10:58:16
500105001,40,10,29,2024-12-19 11:50:16
500105001,40,10,29,2024-12-19 12:18:15
500101240,40,8,31,2024-12-19 11:27:15
500111022,40,9,31,2024-12-19 11:46:14
500101209,40,6,32,2024-12-19 10:46:15
500105001,40,7,32,2024-12-19 12:35:16
500111022,40,8,32,2024-12-19 11:38:15
500112046,40,8,32,2024-12-19 09:28:15
500101240,40,6,33,2024-12-19 11:40:17
500111014,40,7,33,2024-12-19 12:15:16
500112046,40,7,33,2024-12-19 10:17:15
500107021,40,6,34,2024-12-19 11:47:15
500103058,40,1,35,2024-12-19 09:33:15
500107021,40,5,35,2024-12-19 12:49:15
500111022,40,4,35,2024-12-19 09:36:15
500103058,40,0,36,2024-12-19 09:11:15
500105070,40,2,36,2024-12-19 12:58:15
500101033,40,3,37,2024-12-19 12:37:15
500103058,40,2,37,2024-12-19 12:37:15
500105070,40,0,38,2024-12-19 11:41:15
500107021,40,2,38,2024-12-19 10:18:15
500101033,40,1,39,2024-12-19 11:45:15
500101240,40,0,39,2024-12-19 13:06:14
500106090,40,1,39,2024-12-19 09:27:15
500107008,40,0,39,2024-12-19 09:36:15
500106071,40,34,2,2024-12-19 18:57:15
500119094,40,29,2,2024-12-19 18:29:16
500119094,40,27,4,2024-12-19 18:38:16
500111022,40,29,11,2024-12-19 18:57:15
500107021,40,28,12,2024-12-19 20:36:15
500119094,40,19,12,2024-12-19 18:08:16
500101240,40,27,13,2024-12-19 20:33:15
500109025,40,27,13,2024-12-19 17:48:16
500107005,40,23,17,2024-12-19 17:31:15
500105001,40,20,20,2024-12-19 19:19:15
500119090,40,20,20,2024-12-19 20:38:15
500109025,40,19,21,2024-12-19 20:38:15
500111014,40,17,23,2024-12-19 19:57:15
500111022,40,16,24,2024-12-19 17:37:16
500103058,40,14,25,2024-12-19 20:06:15
500107008,40,14,25,2024-12-19 17:38:16
500111014,40,15,25,2024-12-19 18:55:17
500107005,40,14,26,2024-12-19 19:29:14
500109025,40,14,26,2024-12-19 17:26:15
500101209,40,11,27,2024-12-19 20:05:16
500111045,40,12,27,2024-12-19 17:28:14
500119090,40,13,27,2024-12-19 18:58:16
500119090,40,11,29,2024-12-19 18:48:15
500105070,40,10,30,2024-12-19 20:08:15
500105001,40,9,31,2024-12-19 18:29:16
500105070,40,9,31,2024-12-19 20:10:16
500107021,40,9,31,2024-12-19 19:06:16
500105070,40,8,32,2024-12-19 20:59:15
500101210,40,7,33,2024-12-19 20:49:15
500103039,40,7,33,2024-12-19 20:39:16
500112046,40,7,33,2024-12-19 20:47:14
500107021,40,6,34,2024-12-19 17:22:16
500119090,40,6,34,2024-12-19 17:59:15
500103039,40,5,35,2024-12-19 18:29:16
500105070,40,5,35,2024-12-19 17:57:15
500105070,40,5,35,2024-12-19 19:17:15
500119046,40,5,35,2024-12-19 20:09:15
500119046,40,5,35,2024-12-19 19:49:15
500101109,40,1,36,2024-12-19 20:48:15
500101210,40,4,36,2024-12-19 20:04:16
500103039,40,4,36,2024-12-19 17:37:16
500112065,40,3,36,2024-12-19 17:58:16
500119046,40,4,36,2024-12-19 18:45:16
500107008,40,2,37,2024-12-19 18:44:16
500112065,40,1,38,2024-12-19 17:48:16
500112065,40,1,38,2024-12-19 19:29:15
500112065,40,1,38,2024-12-19 20:47:15
500101033,40,1,39,2024-12-19 18:47:16
500105070,40,1,39,2024-12-19 17:28:16
500107008,40,0,39,2024-12-19 20:50:18
500112065,40,0,39,2024-12-19 18:11:15
500105070,40,0,40,2024-12-19 18:48:15
500106090,40,0,40,2024-12-19 20:22:15
500119084,40,0,40,2024-12-19 17:24:17
500119090,40,40,0,2024-12-19 15:03:15
500107005,40,38,2,2024-12-19 13:12:15
500101210,40,35,4,2024-12-19 13:38:15
500101210,40,35,5,2024-12-19 15:42:15
500101210,40,34,5,2024-12-19 13:11:15
500101210,40,34,6,2024-12-19 15:08:14
500101210,40,31,9,2024-12-19 16:44:15
500106071,40,27,9,2024-12-19 16:29:15
500107008,40,30,9,2024-12-19 14:58:15
500112065,40,29,11,2024-12-19 15:47:15
500107008,40,27,12,2024-12-19 16:28:15
500106071,40,22,14,2024-12-19 13:17:15
500109025,40,26,14,2024-12-19 15:57:15
500111022,40,21,19,2024-12-19 15:18:15
500119084,40,20,20,2024-12-19 13:23:15
500119084,40,20,20,2024-12-19 15:12:15
500119084,40,19,21,2024-12-19 13:37:15
500119094,40,15,21,2024-12-19 16:58:15
500101109,40,15,22,2024-12-19 16:36:15
500119094,40,13,23,2024-12-19 16:47:15
500105001,40,15,25,2024-12-19 16:34:16
500103002,40,13,27,2024-12-19 16:40:16
500105001,40,13,27,2024-12-19 15:06:15
500105001,40,11,28,2024-12-19 13:54:15
500105001,40,12,28,2024-12-19 16:54:15
500111014,40,11,29,2024-12-19 16:17:15
500105001,40,8,31,2024-12-19 13:13:14
500119046,40,8,32,2024-12-19 14:45:15
500101033,40,7,33,2024-12-19 16:28:15
500103039,40,7,33,2024-12-19 17:16:16
500103058,40,6,33,2024-12-19 17:16:16
500112046,40,7,33,2024-12-19 16:06:15
500119084,40,7,33,2024-12-19 16:47:15
500119094,40,0,33,2024-12-19 13:17:15
500107021,40,6,34,2024-12-19 17:18:16
500107021,40,5,35,2024-12-19 14:55:16
500119046,40,4,36,2024-12-19 13:14:15
500107021,40,3,37,2024-12-19 15:13:16
500101240,40,1,38,2024-12-19 13:17:15
500105070,40,2,38,2024-12-19 16:17:15
500105070,40,2,38,2024-12-19 16:38:14
500107005,40,13,27,2024-12-19 21:46:14
500105070,40,15,25,2024-12-19 21:49:15
500105001,40,26,14,2024-12-19 21:49:14
500101210,40,38,1,2024-12-19 08:57:16
500105001,40,34,5,2024-12-19 05:04:15
500103058,40,32,6,2024-12-19 06:01:14
500112046,40,28,6,2024-12-19 04:59:14
500112046,40,26,8,2024-12-19 05:40:15
500101033,40,31,9,2024-12-19 07:16:15
500105001,40,30,9,2024-12-19 07:15:17
500112046,40,30,10,2024-12-19 08:16:15
500119090,40,30,10,2024-12-19 08:17:15
500111014,40,25,11,2024-12-19 06:56:14
500105001,40,27,12,2024-12-19 07:45:16
500111014,40,23,13,2024-12-19 07:10:16
500107005,40,25,15,2024-12-19 08:56:15
500111022,40,24,15,2024-12-19 07:27:14
500105070,40,20,18,2024-12-19 05:08:14
500103002,40,20,19,2024-12-19 05:23:15
500101033,40,18,22,2024-12-19 08:12:15
500101033,40,18,22,2024-12-19 08:35:15
500119094,40,4,22,2024-12-19 08:26:15
500111014,40,13,23,2024-12-19 08:37:15
500111014,40,13,23,2024-12-19 07:47:15
500103039,40,15,24,2024-12-19 07:33:15
500105070,40,14,24,2024-12-19 07:31:15
500106090,40,13,27,2024-12-19 08:16:15
500101240,40,11,28,2024-12-19 07:27:15
500101109,40,6,30,2024-12-19 07:36:15
500119084,40,10,30,2024-12-19 08:15:15
500101209,40,7,31,2024-12-19 08:37:15
500107005,40,7,33,2024-12-19 06:18:14
500107008,40,6,33,2024-12-19 06:05:15
500101109,40,2,34,2024-12-19 06:46:15
500101109,40,2,34,2024-12-19 06:17:14
500103039,40,5,34,2024-12-19 06:07:15
500119090,40,6,34,2024-12-19 06:46:15
500101209,40,2,36,2024-12-19 08:03:15
500105070,40,2,36,2024-12-19 08:57:15
500107021,40,4,36,2024-12-19 08:03:15
500103002,40,2,37,2024-12-19 07:47:15
500119046,40,2,38,2024-12-19 07:43:15
500107008,40,0,39,2024-12-19 06:55:16
500119046,40,1,39,2024-12-19 08:20:17
500105001,40,33,6,2024-12-19 00:12:14
500107021,40,25,15,2024-12-19 00:13:15
500119094,40,9,14,2024-12-19 00:34:15
500105070,40,22,18,2024-12-19 23:48:15
500103002,40,5,34,2024-12-19 01:12:15
500107008,40,5,34,2024-12-19 00:59:15
500119094,40,8,15,2024-12-19 01:04:14
500105070,40,18,22,2024-12-19 01:15:15
500101209,40,1,37,2024-12-19 22:26:16
500101109,40,5,31,2024-12-19 23:08:15
500112065,40,3,36,2024-12-19 21:50:17
500101210,40,5,35,2024-12-19 22:10:17
500105070,40,20,20,2024-12-19 22:37:15
500107008,40,1,38,2024-12-19 21:36:15
500119094,40,13,10,2024-12-19 21:39:15
500106071,40,21,14,2024-12-19 21:39:15
500119084,40,3,37,2024-12-19 02:55:15
500101210,40,2,37,2024-12-19 04:17:15
500119084,40,2,38,2024-12-19 03:19:15
500101109,40,0,36,2024-12-19 22:09:15
500107021,40,25,15,2024-12-19 21:59:15
500111045,40,35,4,2024-12-19 22:06:14
500119090,40,1,39,2024-12-19 21:55:17
500103058,40,13,26,2024-12-19 21:50:17
500119094,40,14,9,2024-12-19 21:58:15
500106071,40,18,17,2024-12-19 21:51:15
500112046,40,29,8,2024-12-19 23:59:15
500101033,40,36,4,2024-12-19 01:45:15
500119046,40,0,40,2024-12-19 02:43:15
500112046,40,31,3,2024-12-19 01:58:15
500101109,40,3,33,2024-12-19 04:37:14
500119094,40,22,1,2024-12-19 04:36:15
500119094,40,12,11,2024-12-19 23:06:15
500111045,40,36,3,2024-12-19 22:19:15
500101033,40,26,14,2024-12-19 22:26:15
500112046,40,32,8,2024-12-19 22:24:14
500105070,40,25,15,2024-12-19 22:58:15
500107021,40,30,10,2024-12-19 22:58:15
500101210,40,39,0,2024-12-19 09:48:15
500107005,40,37,3,2024-12-19 13:07:15
500101210,40,35,4,2024-12-19 12:52:15
500106071,40,31,5,2024-12-19 11:25:15
500119084,40,35,5,2024-12-19 09:34:15
500119084,40,35,5,2024-12-19 09:45:15
500106071,40,30,6,2024-12-19 10:12:15
500103039,40,31,7,2024-12-19 11:36:15
500103039,40,31,7,2024-12-19 10:33:15
500106071,40,29,7,2024-12-19 10:35:15
500107005,40,33,7,2024-12-19 12:16:15
500103039,40,30,8,2024-12-19 12:10:16
500106071,40,28,8,2024-12-19 10:27:16
500101109,40,12,9,2024-12-19 09:37:15
500103039,40,29,9,2024-12-19 12:45:15
500112065,40,31,9,2024-12-19 10:50:15
500107005,40,30,10,2024-12-19 09:56:16
500109025,40,30,10,2024-12-19 11:18:16
500107005,40,29,11,2024-12-19 10:01:16
500119090,40,29,11,2024-12-19 09:27:15
500112065,40,28,12,2024-12-19 09:08:15
500119090,40,23,12,2024-12-19 10:56:15
500101109,40,21,14,2024-12-19 12:54:15
500106071,40,21,15,2024-12-19 12:47:15
500109025,40,25,15,2024-12-19 10:47:16
500119090,40,17,18,2024-12-19 11:57:15
500109025,40,19,21,2024-12-19 11:46:14
500111045,40,18,21,2024-12-19 08:46:15
500109025,40,17,23,2024-12-19 09:45:15
500111045,40,16,23,2024-12-19 09:32:14
500119094,40,6,23,2024-12-19 09:52:15
500119046,40,16,24,2024-12-19 11:11:15
500105001,40,14,25,2024-12-19 11:22:15
500101209,40,12,26,2024-12-19 09:05:16
500105001,40,13,26,2024-12-19 11:35:17
500101209,40,11,27,2024-12-19 11:50:16
500107008,40,11,28,2024-12-19 09:08:15
500111022,40,12,28,2024-12-19 12:55:16
500111045,40,10,29,2024-12-19 12:21:15
500101240,40,6,33,2024-12-19 10:45:16
500112046,40,6,34,2024-12-19 12:38:15
500107021,40,5,35,2024-12-19 12:05:17
500111022,40,3,36,2024-12-19 08:55:16
500112046,40,4,36,2024-12-19 11:31:15
500107021,40,3,37,2024-12-19 09:27:15
500101033,40,2,38,2024-12-19 13:02:15
500101033,40,2,38,2024-12-19 09:34:15
500105070,40,0,38,2024-12-19 12:28:15
500106090,40,2,38,2024-12-19 09:28:15
500107008,40,1,38,2024-12-19 09:56:15
500101033,40,1,39,2024-12-19 10:58:16
500106071,40,34,2,2024-12-19 19:20:17
500106071,40,33,3,2024-12-19 17:56:16
500106071,40,33,3,2024-12-19 18:35:16
500111045,40,34,5,2024-12-19 20:16:16
500109025,40,29,11,2024-12-19 19:59:16
500101240,40,28,12,2024-12-19 20:49:14
500111022,40,28,12,2024-12-19 19:05:16
500111022,40,28,12,2024-12-19 21:10:16
500111022,40,27,13,2024-12-19 18:27:15
500101240,40,26,14,2024-12-19 20:08:15
500109025,40,25,15,2024-12-19 18:48:15
500107005,40,20,20,2024-12-19 19:33:15
500119090,40,19,21,2024-12-19 20:13:15
500101109,40,12,25,2024-12-19 19:19:15
500101209,40,13,25,2024-12-19 19:17:15
500101109,40,11,26,2024-12-19 18:18:16
500101209,40,12,26,2024-12-19 19:45:16
500107008,40,11,28,2024-12-19 17:27:16
500107021,40,12,28,2024-12-19 18:16:16
500109025,40,12,28,2024-12-19 17:38:16
500101033,40,11,29,2024-12-19 21:08:15
500103002,40,11,29,2024-12-19 17:28:15
500103002,40,11,29,2024-12-19 19:19:15
500103058,40,10,29,2024-12-19 19:29:15
500101033,40,10,30,2024-12-19 20:35:15
500101109,40,6,31,2024-12-19 20:28:15
500107005,40,9,31,2024-12-19 19:07:15
500101240,40,8,32,2024-12-19 17:47:16
500103039,40,8,32,2024-12-19 18:58:16
500103058,40,7,32,2024-12-19 17:26:15
500103058,40,7,32,2024-12-19 19:18:15
500101109,40,4,33,2024-12-19 20:08:15
500103039,40,7,33,2024-12-19 20:07:15
500105070,40,7,33,2024-12-19 20:20:16
500101210,40,6,34,2024-12-19 18:58:16
500107021,40,6,34,2024-12-19 17:46:15
500119090,40,6,34,2024-12-19 17:48:15
500101210,40,5,35,2024-12-19 19:05:16
500103058,40,4,35,2024-12-19 17:55:17
500103058,40,4,35,2024-12-19 19:06:15
500107021,40,5,35,2024-12-19 17:38:16
500119046,40,5,35,2024-12-19 18:26:16
500101033,40,4,36,2024-12-19 19:26:15
500101033,40,3,37,2024-12-19 19:06:16
500119084,40,3,37,2024-12-19 20:09:15
500101033,40,1,39,2024-12-19 17:37:16
500107008,40,0,39,2024-12-19 21:09:16
500112065,40,0,39,2024-12-19 17:28:16
500105070,40,0,40,2024-12-19 18:28:16
500119090,40,40,0,2024-12-19 15:18:16
500101109,40,36,2,2024-12-19 14:18:15
500112065,40,36,3,2024-12-19 17:07:15
500119090,40,32,3,2024-12-19 13:46:16
500119090,40,32,3,2024-12-19 14:18:15
500101210,40,33,7,2024-12-19 16:06:15
500107008,40,30,9,2024-12-19 16:07:15
500112065,40,31,9,2024-12-19 13:31:15
500101210,40,30,10,2024-12-19 16:34:16
500112065,40,30,10,2024-12-19 16:48:15
500103039,40,28,11,2024-12-19 13:57:15
500109025,40,26,14,2024-12-19 15:08:14
500109025,40,25,15,2024-12-19 16:16:14
500119084,40,23,17,2024-12-19 14:26:15
500109025,40,18,22,2024-12-19 13:33:15
500109025,40,17,23,2024-12-19 13:43:15
500109025,40,17,23,2024-12-19 16:51:16
500103002,40,16,24,2024-12-19 15:12:15
500103002,40,14,26,2024-12-19 15:33:15
500119094,40,5,26,2024-12-19 17:18:16
500111014,40,13,27,2024-12-19 17:06:16
500112046,40,13,27,2024-12-19 17:04:15
500101033,40,10,30,2024-12-19 16:18:16
500103058,40,9,30,2024-12-19 17:00:17
500103058,40,9,30,2024-12-19 15:27:15
500111022,40,10,30,2024-12-19 14:27:14
500103058,40,8,31,2024-12-19 15:14:15
500119046,40,9,31,2024-12-19 14:17:15
500103058,40,7,32,2024-12-19 16:46:15
500103039,40,7,33,2024-12-19 16:59:15
500103058,40,6,33,2024-12-19 15:40:16
500101033,40,6,34,2024-12-19 15:11:14
500101033,40,6,34,2024-12-19 15:34:15
500107021,40,6,34,2024-12-19 13:30:16
500112046,40,6,34,2024-12-19 15:50:16
500101033,40,5,35,2024-12-19 14:08:15
500103058,40,4,35,2024-12-19 14:04:14
500103058,40,3,36,2024-12-19 13:54:15
500107021,40,4,36,2024-12-19 15:04:15
500105070,40,2,38,2024-12-19 14:27:14
500119046,40,2,38,2024-12-19 15:40:16
500105070,40,1,39,2024-12-19 16:06:16
500101210,40,39,0,2024-12-19 08:41:15
500112046,40,36,1,2024-12-19 06:17:14
500103058,40,33,5,2024-12-19 05:38:14
500103058,40,31,7,2024-12-19 06:33:15
500101109,40,20,16,2024-12-19 07:57:16
500105001,40,22,17,2024-12-19 07:57:16
500103002,40,19,20,2024-12-19 06:45:16
500105070,40,18,20,2024-12-19 07:13:15
500103002,40,18,21,2024-12-19 06:21:15
500111045,40,18,21,2024-12-19 08:15:15
500119090,40,19,21,2024-12-19 08:03:15
500103039,40,17,22,2024-12-19 08:27:16
500119094,40,1,22,2024-12-19 07:37:15
500119094,40,0,23,2024-12-19 07:40:18
500101033,40,16,24,2024-12-19 08:47:15
500105001,40,15,24,2024-12-19 08:57:15
500112046,40,12,25,2024-12-19 07:27:15
500111022,40,13,26,2024-12-19 08:26:15
500119094,40,0,26,2024-12-19 08:55:16
500101240,40,11,28,2024-12-19 07:37:15
500101210,40,7,32,2024-12-19 06:43:15
500101109,40,3,33,2024-12-19 05:41:14
500107008,40,6,33,2024-12-19 06:27:15
500107008,40,5,34,2024-12-19 06:12:15
500107008,40,4,35,2024-12-19 06:37:15
500119090,40,5,35,2024-12-19 06:32:15
500109025,40,3,37,2024-12-19 06:05:16
500119084,40,8,32,2024-12-19 00:45:15
500101109,40,4,32,2024-12-19 23:44:15
500101240,40,24,16,2024-12-19 23:46:15
500106090,40,15,25,2024-12-19 00:18:14
500119090,40,2,38,2024-12-19 00:06:15
500119094,40,10,13,2024-12-19 00:09:14
500104021,41,36,5,2024-12-19 01:00:17
500106029,41,27,7,2024-12-19 01:16:15
500103010,41,16,24,2024-12-19 23:16:15
500106065,41,4,36,2024-12-19 22:37:15
500103010,41,15,25,2024-12-19 22:26:15
500104021,41,26,15,2024-12-19 22:36:14
500103010,41,10,30,2024-12-19 21:36:15
500112015,41,3,38,2024-12-19 03:03:15
500109046,41,11,30,2024-12-19 01:22:15
500112037,41,18,22,2024-12-19 02:51:15
500103027,41,6,35,2024-12-19 03:43:14
500112015,41,9,32,2024-12-19 22:09:15
500103010,41,13,27,2024-12-19 22:08:15
500112037,41,19,21,2024-12-19 22:00:16
500106025,41,16,24,2024-12-19 21:57:15
500101174,41,41,0,2024-12-19 21:54:14
500106029,41,26,8,2024-12-19 00:59:15
500106025,41,26,14,2024-12-19 23:08:15
500112015,41,10,31,2024-12-19 22:13:15
500110013,41,12,29,2024-12-19 04:41:15
500110013,41,35,6,2024-12-19 22:23:15
500101174,41,41,0,2024-12-19 22:26:16
500103027,41,18,23,2024-12-19 22:54:14
500106025,41,23,16,2024-12-19 01:53:15
500106065,41,20,6,2024-12-19 13:07:15
500106065,41,18,8,2024-12-19 12:07:16
500103027,41,31,9,2024-12-19 11:46:15
500103027,41,28,11,2024-12-19 10:27:15
500111020,41,30,11,2024-12-19 09:27:15
500110013,41,25,16,2024-12-19 11:08:15
500109046,41,24,17,2024-12-19 09:57:15
500111020,41,22,19,2024-12-19 09:09:15
500111020,41,22,19,2024-12-19 10:06:15
500103010,41,17,23,2024-12-19 09:54:15
500103010,41,13,27,2024-12-19 13:04:16
500103010,41,13,27,2024-12-19 12:08:15
500103010,41,12,28,2024-12-19 12:14:16
500101174,41,9,30,2024-12-19 12:45:16
500112037,41,6,33,2024-12-19 12:32:16
500101097,41,6,35,2024-12-19 09:08:14
500106029,41,2,37,2024-12-19 11:18:16
500106029,41,1,38,2024-12-19 12:28:15
500106025,41,0,39,2024-12-19 09:07:15
500106065,41,37,3,2024-12-19 19:48:15
500101174,41,35,6,2024-12-19 17:28:15
500101174,41,35,6,2024-12-19 18:37:15
500109046,41,34,7,2024-12-19 19:43:15
500109046,41,33,8,2024-12-19 20:18:15
500109046,41,32,9,2024-12-19 19:57:15
500109046,41,32,9,2024-12-19 20:40:16
500111020,41,31,10,2024-12-19 19:53:15
500106029,41,28,11,2024-12-19 19:47:15
500104021,41,28,13,2024-12-19 18:57:15
500106065,41,27,13,2024-12-19 20:57:16
500111020,41,28,13,2024-12-19 17:47:16
500104021,41,27,14,2024-12-19 18:46:15
500110013,41,27,14,2024-12-19 20:45:16
500103027,41,26,15,2024-12-19 19:18:15
500110013,41,26,15,2024-12-19 21:19:16
500106065,41,15,17,2024-12-19 18:29:16
500104021,41,22,19,2024-12-19 17:37:16
500104021,41,22,19,2024-12-19 20:42:15
500111020,41,20,21,2024-12-19 18:16:16
500104021,41,19,22,2024-12-19 20:29:14
500101097,41,17,24,2024-12-19 19:51:15
500103027,41,17,24,2024-12-19 20:35:16
500112006,41,16,25,2024-12-19 20:03:15
500109046,41,15,26,2024-12-19 17:58:16
500109046,41,14,27,2024-12-19 17:33:16
500103027,41,13,28,2024-12-19 18:15:17
500112006,41,13,28,2024-12-19 17:24:16
500103027,41,12,29,2024-12-19 18:24:16
500101097,41,9,32,2024-12-19 18:43:14
500103010,41,8,32,2024-12-19 20:29:15
500106025,41,5,35,2024-12-19 20:56:15
500112015,41,6,35,2024-12-19 21:07:16
500106025,41,5,36,2024-12-19 18:07:16
500110013,41,35,6,2024-12-19 15:15:16
500110013,41,35,6,2024-12-19 16:53:14
500110013,41,34,7,2024-12-19 14:54:15
500106065,41,17,9,2024-12-19 16:28:15
500110013,41,32,9,2024-12-19 17:18:16
500106065,41,15,11,2024-12-19 16:07:15
500112015,41,26,15,2024-12-19 17:05:17
500103027,41,24,17,2024-12-19 15:03:15
500112015,41,24,17,2024-12-19 16:04:15
500103027,41,23,18,2024-12-19 13:45:16
500103027,41,23,18,2024-12-19 15:13:16
500101174,41,21,20,2024-12-19 15:06:15
500101174,41,20,21,2024-12-19 16:27:16
500104021,41,20,21,2024-12-19 16:27:16
500112015,41,20,21,2024-12-19 13:14:15
500103027,41,19,22,2024-12-19 16:34:16
500104021,41,18,23,2024-12-19 15:40:16
500106065,41,3,23,2024-12-19 17:17:16
500112037,41,15,25,2024-12-19 16:16:15
500112006,41,15,26,2024-12-19 16:56:15
500112037,41,13,26,2024-12-19 15:23:15
500103010,41,13,27,2024-12-19 13:15:15
500112006,41,13,28,2024-12-19 16:34:15
500101174,41,12,29,2024-12-19 14:20:16
500112006,41,12,29,2024-12-19 15:03:15
500101097,41,7,34,2024-12-19 17:03:16
500106029,41,4,35,2024-12-19 15:59:15
500106029,41,3,36,2024-12-19 13:56:14
500106025,41,4,37,2024-12-19 15:17:16
500112015,41,6,35,2024-12-19 21:48:15
500106065,41,9,31,2024-12-19 21:49:15
500106029,41,25,14,2024-12-19 05:21:14
500101174,41,24,15,2024-12-19 05:38:14
500106029,41,24,15,2024-12-19 05:47:15
500109046,41,24,16,2024-12-19 07:46:15
500106029,41,22,17,2024-12-19 06:39:15
500106025,41,20,18,2024-12-19 06:36:14
500112006,41,22,19,2024-12-19 06:54:16
500112037,41,20,19,2024-12-19 05:29:15
500111020,41,21,20,2024-12-19 08:27:16
500101174,41,17,22,2024-12-19 07:16:15
500109046,41,18,22,2024-12-19 07:36:15
500101097,41,18,23,2024-12-19 07:17:14
500103010,41,16,24,2024-12-19 08:43:15
500106025,41,11,27,2024-12-19 07:16:15
500106065,41,11,29,2024-12-19 06:55:16
500112015,41,12,29,2024-12-19 07:44:15
500101174,41,8,31,2024-12-19 08:37:15
500103010,41,9,31,2024-12-19 07:46:15
500106065,41,9,31,2024-12-19 06:46:14
500110013,41,10,31,2024-12-19 06:25:15
500112037,41,8,31,2024-12-19 07:25:15
500110013,41,9,32,2024-12-19 07:57:16
500103010,41,7,33,2024-12-19 07:24:15
500110013,41,8,33,2024-12-19 06:37:15
500112015,41,8,33,2024-12-19 07:57:16
500110013,41,7,34,2024-12-19 08:32:15
500110013,41,5,36,2024-12-19 07:27:15
500106025,41,2,37,2024-12-19 08:02:15
500112015,41,4,37,2024-12-19 05:41:15
500106025,41,0,39,2024-12-19 08:53:15
500106065,41,0,40,2024-12-19 06:03:16
500104021,41,29,12,2024-12-19 23:28:15
500101174,41,22,18,2024-12-19 00:47:15
500101097,41,24,17,2024-12-19 23:18:15
500103027,41,19,22,2024-12-19 23:13:15
500101174,41,25,16,2024-12-19 23:12:15
500112006,41,15,26,2024-12-19 21:33:16
500101097,41,20,21,2024-12-19 22:28:15
500106025,41,11,29,2024-12-19 21:34:15
500110013,41,28,13,2024-12-19 21:38:15
500101174,41,26,14,2024-12-19 03:07:15
500111020,41,6,35,2024-12-19 04:04:15
500110013,41,13,28,2024-12-19 04:14:15
500101174,41,25,14,2024-12-19 03:49:14
500110013,41,30,11,2024-12-19 21:58:15
500101097,41,24,17,2024-12-19 03:27:15
500106029,41,27,7,2024-12-19 01:29:15
500112037,41,16,24,2024-12-19 02:19:15
500106029,41,30,9,2024-12-19 23:04:15
500106065,41,7,33,2024-12-19 23:20:15
500101174,41,26,14,2024-12-19 02:06:15
500110013,41,41,0,2024-12-19 12:54:15
500106065,41,21,5,2024-12-19 11:18:15
500103027,41,33,6,2024-12-19 09:27:15
500103027,41,31,8,2024-12-19 10:17:16
500106065,41,11,12,2024-12-19 10:28:15
500103027,41,25,15,2024-12-19 13:06:15
500110013,41,25,16,2024-12-19 11:18:16
500109046,41,24,17,2024-12-19 11:06:15
500109046,41,24,17,2024-12-19 11:18:16
500109046,41,22,19,2024-12-19 12:58:15
500111020,41,22,19,2024-12-19 12:57:15
500112015,41,21,20,2024-12-19 11:47:16
500103010,41,15,25,2024-12-19 10:48:15
500103010,41,15,25,2024-12-19 11:05:16
500103010,41,13,27,2024-12-19 11:46:15
500112006,41,13,28,2024-12-19 12:39:15
500112006,41,13,28,2024-12-19 09:20:16
500104021,41,11,30,2024-12-19 12:56:15
500109046,41,10,31,2024-12-19 09:07:15
500106029,41,4,35,2024-12-19 13:01:15
500106029,41,4,35,2024-12-19 11:28:16
500101174,41,3,36,2024-12-19 12:36:15
500106029,41,3,36,2024-12-19 11:07:16
500101174,41,2,37,2024-12-19 10:18:15
500101097,41,1,40,2024-12-19 12:46:15
500106065,41,34,6,2024-12-19 20:05:16
500106065,41,33,7,2024-12-19 20:10:17
500104021,41,33,8,2024-12-19 19:53:14
500109046,41,33,8,2024-12-19 18:28:15
500111020,41,33,8,2024-12-19 19:24:15
500109046,41,32,9,2024-12-19 19:16:15
500106029,41,28,11,2024-12-19 19:58:15
500106029,41,25,14,2024-12-19 18:17:15
500103027,41,19,22,2024-12-19 20:29:15
500112037,41,17,23,2024-12-19 21:15:16
500103027,41,17,24,2024-12-19 17:45:16
500106065,41,7,25,2024-12-19 18:08:16
500101097,41,14,27,2024-12-19 19:15:16
500112006,41,12,29,2024-12-19 18:47:16
500106025,41,10,31,2024-12-19 18:47:16
500103010,41,6,34,2024-12-19 18:01:16
500106025,41,7,34,2024-12-19 17:54:15
500106025,41,7,34,2024-12-19 18:33:16
500112015,41,7,34,2024-12-19 20:53:15
500103010,41,4,36,2024-12-19 17:39:15
500103010,41,0,40,2024-12-19 19:01:18
500106065,41,21,5,2024-12-19 13:17:15
500110013,41,35,6,2024-12-19 16:43:14
500110013,41,35,6,2024-12-19 17:07:15
500106065,41,12,14,2024-12-19 16:37:15
500109046,41,24,17,2024-12-19 15:29:15
500112015,41,24,17,2024-12-19 15:46:16
500103027,41,23,18,2024-12-19 13:55:16
500111020,41,23,18,2024-12-19 13:26:15
500101174,41,20,21,2024-12-19 15:38:15
500111020,41,19,22,2024-12-19 16:35:15
500101174,41,18,23,2024-12-19 14:55:16
500112006,41,15,26,2024-12-19 17:10:17
500112037,41,14,26,2024-12-19 16:22:16
500101174,41,13,28,2024-12-19 14:29:15
500103010,41,12,28,2024-12-19 15:05:16
500106029,41,11,28,2024-12-19 16:36:15
500101174,41,10,29,2024-12-19 13:37:14
500112037,41,9,30,2024-12-19 14:48:15
500106029,41,8,31,2024-12-19 15:11:14
500106029,41,6,33,2024-12-19 14:17:15
500106029,41,5,34,2024-12-19 16:17:15
500106025,41,5,36,2024-12-19 15:53:14
500103027,41,31,8,2024-12-19 08:46:15
500104021,41,33,8,2024-12-19 06:42:15
500112006,41,24,17,2024-12-19 06:25:15
500104021,41,21,20,2024-12-19 07:27:15
500112006,41,18,23,2024-12-19 08:27:16
500112037,41,16,23,2024-12-19 06:39:14
500104021,41,15,26,2024-12-19 07:37:15
500103027,41,10,29,2024-12-19 07:25:15
500109046,41,11,30,2024-12-19 06:16:15
500110013,41,11,30,2024-12-19 08:47:15
500103010,41,8,32,2024-12-19 05:29:15
500103010,41,8,32,2024-12-19 06:04:14
500101174,41,6,33,2024-12-19 08:55:16
500112015,41,8,33,2024-12-19 08:57:14
500104021,41,7,34,2024-12-19 07:56:15
500112015,41,5,36,2024-12-19 05:23:15
500106025,41,1,38,2024-12-19 08:36:17
500112015,41,3,38,2024-12-19 05:04:15
500112037,41,16,24,2024-12-19 00:24:15
500111020,41,5,36,2024-12-19 23:49:15
500104021,41,31,10,2024-12-19 23:49:15
500104021,41,32,9,2024-12-19 00:16:15
500109046,41,12,29,2024-12-19 23:12:15
500106065,41,6,34,2024-12-19 23:15:15
500106025,41,27,13,2024-12-19 23:15:15
500104021,41,28,13,2024-12-19 22:52:14
500106025,41,24,16,2024-12-19 22:28:15
500106065,41,12,28,2024-12-19 21:39:15
500101097,41,18,23,2024-12-19 20:20:16
500106029,41,30,9,2024-12-19 21:38:14
500104021,41,23,18,2024-12-19 22:02:16
500109046,41,29,12,2024-12-19 21:49:15
500106029,41,31,8,2024-12-19 22:08:15
500110013,41,34,7,2024-12-19 22:07:15
500101174,41,41,0,2024-12-19 22:08:15
500101174,41,27,14,2024-12-19 23:39:14
500103027,41,1,40,2024-12-19 00:45:15
500101174,41,25,15,2024-12-19 01:42:14
500101174,41,23,17,2024-12-19 02:27:14
500106025,41,24,15,2024-12-19 02:05:16
500106025,41,26,12,2024-12-19 04:36:15
500112037,41,18,22,2024-12-19 23:06:15
500103027,41,19,22,2024-12-19 23:00:17
500106025,41,23,17,2024-12-19 22:25:16
500106029,41,31,8,2024-12-19 22:54:15
500106065,41,22,4,2024-12-19 11:33:16
500106065,41,22,4,2024-12-19 10:58:16
500106065,41,22,4,2024-12-19 11:22:16
500106065,41,18,8,2024-12-19 12:48:15
500110013,41,24,17,2024-12-19 10:28:15
500111020,41,24,17,2024-12-19 11:21:15
500110013,41,23,18,2024-12-19 11:48:15
500111020,41,23,18,2024-12-19 11:30:17
500109046,41,22,19,2024-12-19 11:56:16
500112015,41,22,19,2024-12-19 09:51:14
500112015,41,22,19,2024-12-19 10:19:15
500103010,41,19,21,2024-12-19 09:30:16
500106065,41,2,21,2024-12-19 10:15:16
500110013,41,19,22,2024-12-19 09:06:15
500103010,41,16,24,2024-12-19 10:15:16
500112015,41,17,24,2024-12-19 12:07:16
500112006,41,13,28,2024-12-19 10:03:15
500106029,41,6,33,2024-12-19 10:29:15
500106029,41,5,34,2024-12-19 11:42:16
500112037,41,5,34,2024-12-19 09:07:15
500101097,41,6,35,2024-12-19 09:19:15
500101097,41,6,35,2024-12-19 10:07:16
500106029,41,4,35,2024-12-19 10:01:16
500112037,41,4,35,2024-12-19 10:01:16
500112037,41,3,36,2024-12-19 09:47:14
500101174,41,2,37,2024-12-19 11:36:15
500101174,41,2,37,2024-12-19 10:28:15
500106029,41,2,37,2024-12-19 10:48:15
500101097,41,3,38,2024-12-19 12:58:15
500101174,41,1,38,2024-12-19 09:25:16
500106025,41,2,38,2024-12-19 12:53:15
500106029,41,1,38,2024-12-19 12:07:16
500106025,41,1,39,2024-12-19 11:57:15
500104021,41,1,40,2024-12-19 09:01:17
500101174,41,41,0,2024-12-19 19:59:17
500101174,41,41,0,2024-12-19 18:55:17
500101174,41,40,1,2024-12-19 17:59:16
500101174,41,38,3,2024-12-19 18:08:16
500106065,41,17,9,2024-12-19 17:38:16
500109046,41,32,9,2024-12-19 18:08:16
500109046,41,31,10,2024-12-19 18:38:16
500106029,41,27,12,2024-12-19 19:02:16
500106025,41,28,13,2024-12-19 20:05:15
500110013,41,27,14,2024-12-19 18:38:16
500103027,41,25,16,2024-12-19 19:29:15
500104021,41,25,16,2024-12-19 18:38:16
500106029,41,23,16,2024-12-19 18:06:15
500104021,41,24,17,2024-12-19 18:03:15
500112037,41,23,17,2024-12-19 18:57:15
500110013,41,21,20,2024-12-19 19:07:15
500106029,41,18,21,2024-12-19 17:38:16
500109046,41,19,22,2024-12-19 17:18:16
500103027,41,18,23,2024-12-19 20:49:15
500112037,41,17,23,2024-12-19 20:49:15
500101097,41,15,26,2024-12-19 19:38:15
500103027,41,15,26,2024-12-19 18:56:15
500112006,41,11,30,2024-12-19 18:07:16
500101097,41,10,31,2024-12-19 18:53:15
500103010,41,7,33,2024-12-19 20:48:15
500106025,41,7,34,2024-12-19 18:16:16
500106025,41,6,35,2024-12-19 17:22:16
500112015,41,6,35,2024-12-19 19:56:16
500112015,41,6,35,2024-12-19 21:19:16
500101097,41,5,36,2024-12-19 17:58:16
500103010,41,4,36,2024-12-19 19:31:15
500112015,41,5,36,2024-12-19 19:17:14
500112015,41,5,36,2024-12-19 19:35:16
500110013,41,36,5,2024-12-19 16:37:15
500106065,41,19,7,2024-12-19 13:37:14
500106065,41,15,11,2024-12-19 15:49:14
500106065,41,14,12,2024-12-19 16:40:16
500112015,41,25,16,2024-12-19 17:18:16
500101174,41,22,19,2024-12-19 16:08:16
500106065,41,6,20,2024-12-19 17:06:16
500109046,41,21,20,2024-12-19 17:06:16
500104021,41,20,21,2024-12-19 16:57:16
500111020,41,20,21,2024-12-19 14:56:14
500104021,41,18,23,2024-12-19 16:36:15
500106029,41,14,25,2024-12-19 17:16:15
500112006,41,16,25,2024-12-19 17:04:15
500112006,41,12,29,2024-12-19 14:43:14
500112006,41,11,30,2024-12-19 13:36:16
500106029,41,7,32,2024-12-19 15:08:15
500106025,41,0,41,2024-12-19 15:01:18
500104021,41,35,6,2024-12-19 06:03:15
500104021,41,35,6,2024-12-19 06:27:15
500106065,41,18,14,2024-12-19 08:47:15
500101174,41,24,15,2024-12-19 06:32:15
500106065,41,24,16,2024-12-19 07:16:15
500103027,41,20,19,2024-12-19 07:57:16
500112037,41,18,21,2024-12-19 06:10:16
500101097,41,19,22,2024-12-19 06:56:14
500112037,41,10,29,2024-12-19 07:16:15
500101174,41,9,30,2024-12-19 07:47:15
500112037,41,9,30,2024-12-19 07:37:15
500103010,41,9,31,2024-12-19 06:15:16
500103027,41,10,31,2024-12-19 06:33:15
500112015,41,7,34,2024-12-19 08:47:15
500106029,41,4,35,2024-12-19 08:17:15
500106029,41,4,35,2024-12-19 08:01:15
500110013,41,6,35,2024-12-19 07:36:15
500112015,41,5,36,2024-12-19 08:16:15
500106025,41,1,38,2024-12-19 08:47:15
500111020,41,3,38,2024-12-19 07:24:15
500101097,41,2,39,2024-12-19 08:15:16
500104021,41,0,41,2024-12-19 08:56:16
500112037,41,19,21,2024-12-19 23:18:15
500109046,41,10,31,2024-12-19 00:04:16
500106025,41,24,15,2024-12-19 01:11:15
500101097,41,31,10,2024-12-19 00:10:15
500103027,41,17,24,2024-12-19 22:38:15
500101174,41,24,17,2024-12-19 22:38:15
500103010,41,11,29,2024-12-19 02:04:15
500112037,41,18,22,2024-12-19 22:45:16
500106065,41,5,35,2024-12-19 22:18:15
500103010,41,14,26,2024-12-19 22:15:15
500110013,41,36,4,2024-12-19 22:55:16
500106065,41,24,2,2024-12-19 11:48:15
500103027,41,35,4,2024-12-19 09:45:15
500110013,41,36,5,2024-12-19 12:28:15
500110013,41,35,6,2024-12-19 12:19:16
500106065,41,18,7,2024-12-19 09:37:15
500103027,41,29,10,2024-12-19 11:17:15
500103027,41,28,11,2024-12-19 10:48:15
500110013,41,27,14,2024-12-19 10:57:15
500103027,41,25,15,2024-12-19 12:19:16
500110013,41,26,15,2024-12-19 11:28:16
500110013,41,25,16,2024-12-19 10:46:15
500110013,41,23,18,2024-12-19 09:57:15
500103027,41,20,20,2024-12-19 12:40:17
500109046,41,21,20,2024-12-19 09:33:15
500112015,41,21,20,2024-12-19 10:07:16
500112015,41,20,21,2024-12-19 12:55:16
500112015,41,20,21,2024-12-19 11:36:15
500103010,41,16,24,2024-12-19 10:07:15
500112015,41,16,25,2024-12-19 12:23:16
500103010,41,14,26,2024-12-19 11:50:16
500103010,41,14,26,2024-12-19 10:49:16
500110013,41,15,26,2024-12-19 09:35:16
500112006,41,14,27,2024-12-19 08:45:16
500112006,41,13,28,2024-12-19 11:58:16
500112006,41,13,28,2024-12-19 11:15:15
500112037,41,7,32,2024-12-19 09:26:15
500112037,41,7,32,2024-12-19 12:17:16
500101174,41,6,33,2024-12-19 11:11:15
500106029,41,6,33,2024-12-19 09:26:15
500111020,41,7,34,2024-12-19 12:08:15
500101097,41,6,35,2024-12-19 09:47:15
500111020,41,6,35,2024-12-19 12:36:15
500112037,41,4,35,2024-12-19 09:32:15
500101174,41,3,36,2024-12-19 12:07:16
500101174,41,3,36,2024-12-19 10:45:16
500111020,41,5,36,2024-12-19 12:15:16
500101174,41,2,37,2024-12-19 09:42:14
500106025,41,3,37,2024-12-19 12:28:15
500101174,41,1,38,2024-12-19 09:56:15
500106025,41,2,38,2024-12-19 12:07:16
500106025,41,0,40,2024-12-19 10:18:15
500104021,41,0,41,2024-12-19 11:23:15
500106065,41,37,3,2024-12-19 19:17:15
500106065,41,37,3,2024-12-19 18:47:16
500111020,41,32,9,2024-12-19 19:41:16
500110013,41,30,11,2024-12-19 17:35:16
500110013,41,29,12,2024-12-19 20:59:15
500106029,41,26,13,2024-12-19 20:46:16
500106029,41,26,13,2024-12-19 18:28:16
500106029,41,25,14,2024-12-19 20:58:15
500112037,41,23,17,2024-12-19 19:49:15
500112037,41,22,18,2024-12-19 20:13:15
500106065,41,12,20,2024-12-19 17:56:16
500103027,41,20,21,2024-12-19 18:08:16
500103027,41,20,21,2024-12-19 20:54:15
500112037,41,18,22,2024-12-19 17:48:15
500110013,41,18,23,2024-12-19 19:44:14
500112006,41,15,26,2024-12-19 19:01:15
500112015,41,12,29,2024-12-19 18:08:16
500103010,41,8,32,2024-12-19 17:28:14
500101097,41,8,33,2024-12-19 18:14:14
500106025,41,8,33,2024-12-19 18:28:16
500103010,41,5,35,2024-12-19 17:58:16
500103010,41,2,38,2024-12-19 19:13:15
500106065,41,16,10,2024-12-19 16:16:15
500103027,41,26,15,2024-12-19 13:23:15
500103027,41,25,16,2024-12-19 13:29:15
500112015,41,25,16,2024-12-19 16:54:16
500109046,41,24,17,2024-12-19 13:50:16
500109046,41,23,18,2024-12-19 13:36:15
500101174,41,22,19,2024-12-19 17:06:16
500101174,41,21,20,2024-12-19 15:47:15
500103027,41,21,20,2024-12-19 17:07:15
500103027,41,21,20,2024-12-19 14:13:15
500101174,41,20,21,2024-12-19 15:57:15
500103010,41,18,22,2024-12-19 17:08:16
500104021,41,16,23,2024-12-19 14:11:15
500112037,41,17,23,2024-12-19 16:54:16
500103010,41,14,26,2024-12-19 15:14:15
500112037,41,10,29,2024-12-19 14:01:15
500112006,41,11,30,2024-12-19 15:42:14
500104021,41,6,33,2024-12-19 13:12:15
500106029,41,5,34,2024-12-19 15:56:15
500101097,41,6,35,2024-12-19 16:49:15
500101174,41,40,1,2024-12-19 21:49:15
500103027,41,32,7,2024-12-19 08:56:16
500109046,41,26,14,2024-12-19 07:57:16
500101174,41,24,15,2024-12-19 06:15:15
500111020,41,26,15,2024-12-19 08:17:15
500112006,41,21,20,2024-12-19 07:17:14
500112037,41,19,20,2024-12-19 05:14:15
500101097,41,20,21,2024-12-19 06:16:15
500103027,41,16,23,2024-12-19 07:47:15
500110013,41,18,23,2024-12-19 08:57:15
500109046,41,12,29,2024-12-19 06:19:15
500112037,41,10,29,2024-12-19 07:46:15
500101174,41,8,31,2024-12-19 07:56:15
500112015,41,10,31,2024-12-19 07:35:16
500111020,41,8,33,2024-12-19 07:43:15
500103027,41,6,35,2024-12-19 05:09:15
500106029,41,2,37,2024-12-19 08:37:15
500110013,41,4,37,2024-12-19 07:42:15
500112015,41,4,37,2024-12-19 08:27:16
500106029,41,1,38,2024-12-19 08:56:16
500101097,41,1,40,2024-12-19 08:47:15
500101097,41,0,41,2024-12-19 08:28:16
500106029,41,21,18,2024-12-19 03:45:15
500111020,41,2,39,2024-12-19 23:55:15
500106029,41,31,8,2024-12-19 23:54:15
500106065,41,0,40,2024-12-19 00:39:15
500110013,41,11,30,2024-12-19 00:05:15
500112015,41,7,33,2024-12-19 23:13:15
500110013,41,38,2,2024-12-19 23:18:15
500112037,41,19,21,2024-12-19 22:31:15
500111020,41,30,11,2024-12-19 21:44:15
500106029,41,36,3,2024-12-19 22:37:15
500103027,41,19,22,2024-12-19 21:35:16
500109046,41,30,11,2024-12-19 21:35:16
500106025,41,26,13,2024-12-19 02:20:16
500112037,41,20,19,2024-12-19 04:25:15
500112015,41,2,39,2024-12-19 01:19:15
500112015,41,5,36,2024-12-19 21:59:15
500106029,41,21,15,2024-12-19 03:41:15
500103010,41,15,25,2024-12-19 22:48:15
500101097,41,22,19,2024-12-19 23:09:15
500109046,41,23,18,2024-12-19 23:09:15
500112037,41,20,20,2024-12-19 22:13:15
500106029,41,36,3,2024-12-19 22:19:15
500106029,41,23,16,2024-12-19 04:06:15
500112015,41,9,31,2024-12-19 22:53:15
500103027,41,4,37,2024-12-19 01:49:14
500104021,41,30,11,2024-12-19 23:31:15
500103027,41,33,6,2024-12-19 09:55:17
500103027,41,32,8,2024-12-19 11:57:16
500103027,41,30,9,2024-12-19 09:09:15
500110013,41,25,16,2024-12-19 10:17:15
500110013,41,24,17,2024-12-19 10:04:16
500103010,41,18,22,2024-12-19 09:47:15
500112015,41,19,22,2024-12-19 09:34:15
500112015,41,16,25,2024-12-19 12:36:15
500103010,41,14,26,2024-12-19 11:13:15
500112037,41,9,30,2024-12-19 12:06:16
500112037,41,8,31,2024-12-19 11:47:16
500111020,41,7,34,2024-12-19 12:42:15
500112037,41,5,34,2024-12-19 09:09:15
500101174,41,3,36,2024-12-19 11:27:15
500106025,41,3,37,2024-12-19 12:37:15
500101174,41,0,39,2024-12-19 10:37:15
500104021,41,2,39,2024-12-19 11:18:16
500106025,41,1,39,2024-12-19 11:46:14
500104021,41,1,40,2024-12-19 12:08:15
500106025,41,0,40,2024-12-19 10:24:15
500106029,41,24,15,2024-12-19 04:13:15
500101174,41,41,0,2024-12-19 19:06:16
500101174,41,41,0,2024-12-19 19:15:16
500101174,41,39,2,2024-12-19 20:28:15
500101174,41,36,5,2024-12-19 20:37:16
500101174,41,33,8,2024-12-19 17:48:15
500106029,41,31,8,2024-12-19 21:20:16
500110013,41,33,8,2024-12-19 17:46:15
500106029,41,30,9,2024-12-19 21:19:16
500111020,41,32,9,2024-12-19 20:27:15
500104021,41,30,11,2024-12-19 19:17:14
500110013,41,28,13,2024-12-19 20:27:15
500101174,41,26,15,2024-12-19 18:28:16
500106065,41,25,15,2024-12-19 20:38:15
500110013,41,21,20,2024-12-19 19:25:15
500104021,41,20,21,2024-12-19 20:35:16
500106065,41,11,21,2024-12-19 17:43:16
500110013,41,20,21,2024-12-19 19:16:15
500112037,41,19,21,2024-12-19 17:56:16
500112037,41,18,22,2024-12-19 20:38:15
500103027,41,18,23,2024-12-19 17:38:16
500112037,41,17,23,2024-12-19 17:28:15
500103027,41,17,24,2024-12-19 17:28:15
500103027,41,14,27,2024-12-19 18:48:15
500112006,41,14,27,2024-12-19 17:38:16
500112006,41,14,27,2024-12-19 17:45:16
500106025,41,12,29,2024-12-19 19:04:15
500106025,41,8,32,2024-12-19 21:06:15
500112015,41,9,32,2024-12-19 20:07:15
500112015,41,9,32,2024-12-19 19:03:14
500106025,41,7,33,2024-12-19 21:16:15
500103010,41,6,34,2024-12-19 19:45:16
500103010,41,2,38,2024-12-19 18:18:16
500110013,41,40,1,2024-12-19 13:24:15
500111020,41,35,6,2024-12-19 17:18:16
500110013,41,34,7,2024-12-19 16:07:15
500106065,41,17,9,2024-12-19 14:49:15
500106065,41,16,10,2024-12-19 15:47:15
500112015,41,25,16,2024-12-19 15:14:15
500109046,41,23,18,2024-12-19 15:28:14
500103027,41,22,19,2024-12-19 14:57:15
500103027,41,20,21,2024-12-19 16:51:15
500111020,41,20,21,2024-12-19 17:08:16
500101174,41,17,24,2024-12-19 16:36:15
500103010,41,15,25,2024-12-19 15:46:16
500112006,41,14,27,2024-12-19 16:28:15
500101174,41,11,28,2024-12-19 13:14:15
500101097,41,7,34,2024-12-19 16:38:15
500101097,41,5,36,2024-12-19 17:18:16
500106025,41,0,41,2024-12-19 14:03:16
500106065,41,26,6,2024-12-19 08:56:16
500109046,41,33,7,2024-12-19 08:16:15
500101174,41,27,12,2024-12-19 05:55:16
500106029,41,23,16,2024-12-19 06:22:14
500106025,41,17,21,2024-12-19 06:41:15
500101097,41,19,22,2024-12-19 05:37:15
500112006,41,19,22,2024-12-19 07:53:16
500112037,41,15,24,2024-12-19 06:22:14
500101174,41,14,25,2024-12-19 07:36:15
500103027,41,14,25,2024-12-19 07:17:14
500106025,41,14,25,2024-12-19 07:46:15
500111020,41,15,26,2024-12-19 07:16:15
500112006,41,15,26,2024-12-19 08:35:16
500111020,41,14,27,2024-12-19 08:57:15
500111020,41,14,27,2024-12-19 08:02:15
500104021,41,10,31,2024-12-19 07:46:15
500112015,41,10,31,2024-12-19 07:27:15
500106025,41,7,32,2024-12-19 07:56:15
500106029,41,6,33,2024-12-19 07:47:15
500101174,41,4,35,2024-12-19 08:03:15
500112015,41,6,35,2024-12-19 08:01:15
500106025,41,2,37,2024-12-19 08:16:15
500104021,41,2,39,2024-12-19 08:36:15
500104021,41,1,40,2024-12-19 08:26:15
500101097,41,0,41,2024-12-19 08:26:15
500101174,41,24,16,2024-12-19 00:34:14
500104021,41,33,8,2024-12-19 00:43:15
500106029,41,27,7,2024-12-19 00:55:16
500103027,41,3,38,2024-12-19 00:22:15
500112015,41,3,38,2024-12-19 01:08:16
500112037,41,17,23,2024-12-19 00:52:15
500106029,41,29,10,2024-12-19 23:13:14
500112037,41,16,24,2024-12-19 21:35:16
500104021,41,22,19,2024-12-19 21:21:15
500101174,41,36,5,2024-12-19 21:38:14
500103027,41,5,36,2024-12-19 01:59:15
500101097,41,18,23,2024-12-19 03:31:14
500106025,41,27,12,2024-12-19 03:26:14
500106025,41,17,23,2024-12-19 22:03:15
500112037,41,17,23,2024-12-19 01:24:14
500101174,41,24,16,2024-12-19 02:13:15
500106025,41,25,15,2024-12-19 22:47:15
500110013,41,37,3,2024-12-19 23:03:15
500101174,41,40,1,2024-12-19 22:18:15
500106065,41,19,7,2024-12-19 12:17:15
500103027,41,29,11,2024-12-19 12:08:15
500103027,41,28,11,2024-12-19 11:01:17
500103027,41,28,11,2024-12-19 11:28:16
500110013,41,24,17,2024-12-19 11:38:15
500110013,41,24,17,2024-12-19 11:58:16
500103027,41,22,18,2024-12-19 12:32:16
500112015,41,23,18,2024-12-19 09:27:14
500103010,41,20,20,2024-12-19 09:27:15
500112015,41,21,20,2024-12-19 09:43:15
500103010,41,14,26,2024-12-19 12:43:15
500101174,41,10,29,2024-12-19 12:56:15
500112006,41,12,29,2024-12-19 12:53:14
500106029,41,6,33,2024-12-19 09:52:15
500106029,41,5,34,2024-12-19 09:37:15
500101174,41,3,36,2024-12-19 11:55:17
500101097,41,4,37,2024-12-19 10:59:15
500101174,41,1,38,2024-12-19 09:07:15
500106029,41,1,38,2024-12-19 10:56:14
500104021,41,2,39,2024-12-19 09:51:14
500106025,41,0,40,2024-12-19 10:49:15
500106025,41,0,40,2024-12-19 10:47:16
500101174,41,41,0,2024-12-19 19:49:15
500101174,41,41,0,2024-12-19 21:01:21
500106065,41,39,1,2024-12-19 18:58:16
500101174,41,39,2,2024-12-19 19:25:15
500111020,41,39,2,2024-12-19 18:56:15
500106065,41,35,5,2024-12-19 19:56:16
500111020,41,33,8,2024-12-19 17:36:15
500104021,41,32,9,2024-12-19 19:37:15
500106029,41,30,9,2024-12-19 19:36:15
500111020,41,31,10,2024-12-19 20:32:15
500106029,41,28,11,2024-12-19 20:28:15
500106065,41,26,14,2024-12-19 20:48:15
500106029,41,24,15,2024-12-19 17:56:15
500110013,41,23,18,2024-12-19 18:48:15
500112015,41,23,18,2024-12-19 17:28:15
500112037,41,20,20,2024-12-19 19:14:16
500106029,41,18,21,2024-12-19 17:25:16
500103027,41,19,22,2024-12-19 21:19:15
500112037,41,18,22,2024-12-19 18:29:16
500112037,41,17,23,2024-12-19 20:57:16
500101097,41,16,25,2024-12-19 19:47:15
500106025,41,15,26,2024-12-19 19:17:15
500112015,41,15,26,2024-12-19 17:58:16
500112015,41,15,26,2024-12-19 18:37:15
500112006,41,13,28,2024-12-19 20:54:15
500101097,41,12,29,2024-12-19 19:05:15
500103010,41,9,31,2024-12-19 21:10:16
500106025,41,5,35,2024-12-19 20:48:15
500110013,41,41,0,2024-12-19 13:57:15
500106065,41,19,7,2024-12-19 14:13:15
500101174,41,32,9,2024-12-19 17:18:16
500106065,41,16,10,2024-12-19 15:37:16
500103027,41,22,19,2024-12-19 14:06:15
500101174,41,20,21,2024-12-19 16:18:16
500103027,41,20,21,2024-12-19 16:26:15
500111020,41,18,23,2024-12-19 16:42:15
500104021,41,17,24,2024-12-19 15:18:15
500106029,41,13,26,2024-12-19 16:58:15
500112037,41,12,27,2024-12-19 15:17:16
500101174,41,11,28,2024-12-19 13:44:15
500103010,41,12,28,2024-12-19 13:58:16
500103027,41,20,21,2024-12-19 21:45:15
500110013,41,29,12,2024-12-19 21:48:16
500109046,41,35,5,2024-12-19 08:27:15
500104021,41,35,6,2024-12-19 06:37:15
500109046,41,32,8,2024-12-19 08:37:15
500106025,41,29,10,2024-12-19 07:27:15
500106025,41,23,15,2024-12-19 06:12:15
500106029,41,24,15,2024-12-19 04:54:15
500112006,41,22,19,2024-12-19 07:24:15
500109046,41,15,26,2024-12-19 06:53:15
500103027,41,14,27,2024-12-19 06:55:15
500109046,41,13,28,2024-12-19 06:28:14
500103027,41,10,31,2024-12-19 06:25:15
500101097,41,9,32,2024-12-19 07:47:15
500110013,41,8,33,2024-12-19 08:27:16
500110013,41,8,33,2024-12-19 06:45:16
500112015,41,8,33,2024-12-19 07:16:15
500112037,41,6,33,2024-12-19 08:15:16
500106029,41,4,35,2024-12-19 07:56:15
500106029,41,2,37,2024-12-19 08:47:15
500110013,41,4,37,2024-12-19 07:17:14
500112015,41,4,37,2024-12-19 08:36:14
500103027,41,3,38,2024-12-19 06:06:14
500106029,41,27,7,2024-12-19 00:39:15
500103027,41,2,39,2024-12-19 00:02:15
500103010,41,15,25,2024-12-19 23:49:15
500112006,41,17,24,2024-12-19 23:56:14
500104021,41,32,9,2024-12-19 23:54:15
500111020,41,26,15,2024-12-19 23:19:15
500109046,41,28,13,2024-12-19 22:20:15
500112015,41,7,34,2024-12-19 21:39:15
500111020,41,5,36,2024-12-19 01:36:15
500103010,41,10,30,2024-12-19 02:42:15
500106029,41,28,6,2024-12-19 02:09:15
500112006,41,28,13,2024-12-19 02:00:17
500106065,41,7,33,2024-12-19 21:56:15
500106065,41,5,35,2024-12-19 23:36:15
500101174,41,23,17,2024-12-19 00:51:14
500112015,41,4,37,2024-12-19 04:37:14
500101174,41,24,17,2024-12-19 22:52:15
500106025,41,20,20,2024-12-19 22:17:15
500104021,41,24,17,2024-12-19 22:25:15
500101097,41,21,20,2024-12-19 22:50:15
500106065,41,23,3,2024-12-19 11:57:16
500110013,41,38,3,2024-12-19 12:38:15
500106065,41,22,4,2024-12-19 12:37:15
500103027,41,33,6,2024-12-19 09:37:15
500103027,41,32,7,2024-12-19 11:36:15
500103027,41,32,7,2024-12-19 10:07:16
500106065,41,19,7,2024-12-19 10:38:15
500106065,41,13,12,2024-12-19 09:47:15
500103027,41,24,15,2024-12-19 10:38:15
500109046,41,25,16,2024-12-19 11:21:14
500103027,41,21,19,2024-12-19 12:28:15
500110013,41,22,19,2024-12-19 09:09:15
500112015,41,21,20,2024-12-19 12:45:16
500109046,41,19,22,2024-12-19 12:25:16
500109046,41,17,24,2024-12-19 12:19:15
500112006,41,12,29,2024-12-19 09:37:15
500112006,41,12,29,2024-12-19 11:07:16
500109046,41,11,30,2024-12-19 09:09:15
500112037,41,8,31,2024-12-19 11:53:16
500106029,41,5,34,2024-12-19 09:47:15
500106029,41,5,34,2024-12-19 10:16:15
500112037,41,5,34,2024-12-19 10:29:15
500101097,41,5,36,2024-12-19 09:37:15
500106025,41,1,38,2024-12-19 09:50:18
500101174,41,41,0,2024-12-19 19:38:15
500101174,41,40,1,2024-12-19 18:18:16
500106065,41,39,1,2024-12-19 19:07:15
500111020,41,40,1,2024-12-19 18:48:15
500101174,41,39,2,2024-12-19 21:19:16
500111020,41,36,5,2024-12-19 19:17:15
500110013,41,32,9,2024-12-19 18:08:16
500111020,41,32,9,2024-12-19 20:41:15
500109046,41,31,10,2024-12-19 19:32:15
500106029,41,28,11,2024-12-19 18:38:16
500110013,41,30,11,2024-12-19 18:27:15
500106065,41,28,12,2024-12-19 20:29:15
500106065,41,24,16,2024-12-19 21:04:15
500106025,41,24,17,2024-12-19 20:29:15
500112037,41,23,17,2024-12-19 19:27:15
500103027,41,23,18,2024-12-19 19:36:15
500106029,41,20,19,2024-12-19 17:45:15
500103027,41,19,22,2024-12-19 21:09:16
500112037,41,17,23,2024-12-19 17:36:15
500112015,41,13,28,2024-12-19 18:26:16
500112015,41,13,28,2024-12-19 18:47:16
500112015,41,11,30,2024-12-19 20:29:14
500103010,41,8,32,2024-12-19 20:02:15
500112015,41,8,33,2024-12-19 20:48:15
500103010,41,5,35,2024-12-19 17:36:15
500112015,41,6,35,2024-12-19 19:25:15
500101097,41,5,36,2024-12-19 18:02:15
500101097,41,4,37,2024-12-19 17:26:15
500106065,41,18,8,2024-12-19 14:42:15
500106065,41,17,9,2024-12-19 15:14:15
500112015,41,25,16,2024-12-19 15:49:15
500112015,41,22,19,2024-12-19 13:26:16
500103010,41,19,21,2024-12-19 16:52:14
500103027,41,20,21,2024-12-19 14:37:14
500112037,41,17,23,2024-12-19 16:33:15
500103010,41,16,24,2024-12-19 16:31:15
500104021,41,17,24,2024-12-19 14:40:15
500106029,41,11,28,2024-12-19 16:47:15
500112037,41,8,31,2024-12-19 13:46:16
500106025,41,7,34,2024-12-19 16:08:16
500106025,41,5,36,2024-12-19 16:41:15
500106029,41,3,36,2024-12-19 13:46:16
500106025,41,3,38,2024-12-19 17:16:16
500106025,41,13,27,2024-12-19 21:48:16
500106065,41,32,8,2024-12-19 07:37:15
500101174,41,26,13,2024-12-19 05:47:15
500106025,41,25,13,2024-12-19 05:42:15
500112006,41,26,15,2024-12-19 06:15:15
500104021,41,25,16,2024-12-19 07:13:15
500106025,41,22,16,2024-12-19 06:18:14
500101174,41,22,17,2024-12-19 06:45:16
500101174,41,19,20,2024-12-19 06:54:16
500103010,41,11,29,2024-12-19 06:47:15
500110013,41,12,29,2024-12-19 05:20:16
500111020,41,12,29,2024-12-19 07:55:16
500103010,41,9,31,2024-12-19 05:42:15
500110013,41,10,31,2024-12-19 08:03:15
500111020,41,9,32,2024-12-19 06:40:16
500103010,41,7,33,2024-12-19 08:03:15
500110013,41,8,33,2024-12-19 08:17:15
500106065,41,5,35,2024-12-19 06:34:15
500112037,41,4,35,2024-12-19 08:52:15
500103027,41,5,36,2024-12-19 05:32:15
500103027,41,5,36,2024-12-19 06:17:14
500112015,41,5,36,2024-12-19 06:25:15
500104021,41,2,39,2024-12-19 08:13:15
500103027,41,0,41,2024-12-19 00:17:15
500106025,41,22,17,2024-12-19 00:10:15
500101174,41,26,14,2024-12-19 01:15:15
500111020,41,31,10,2024-12-19 21:25:16
500101097,41,19,22,2024-12-19 21:53:15
500101174,41,24,15,2024-12-19 03:36:15
500112037,41,17,23,2024-12-19 01:43:15
500103027,41,17,24,2024-12-19 22:48:15
500112037,41,16,24,2024-12-19 22:58:15
500103010,41,10,30,2024-12-19 01:53:15
500111020,41,16,25,2024-12-19 23:25:16
500101174,41,26,15,2024-12-19 23:25:16
500106065,41,22,4,2024-12-19 10:44:15
500103027,41,30,9,2024-12-19 10:58:16
500103027,41,28,11,2024-12-19 09:07:15
500111020,41,24,17,2024-12-19 09:31:15
500111020,41,24,17,2024-12-19 09:52:16
500111020,41,22,19,2024-12-19 09:47:15
500110013,41,21,20,2024-12-19 09:47:15
500112015,41,21,20,2024-12-19 10:11:15
500106065,41,1,22,2024-12-19 10:07:16
500103010,41,16,24,2024-12-19 10:32:15
500110013,41,17,24,2024-12-19 09:26:15
500103010,41,14,26,2024-12-19 11:36:15
500103010,41,13,27,2024-12-19 12:25:16
500112006,41,14,27,2024-12-19 12:18:15
500112006,41,14,27,2024-12-19 11:27:15
500101174,41,10,29,2024-12-19 13:05:16
500112037,41,8,31,2024-12-19 12:20:15
500101097,41,7,34,2024-12-19 09:48:15
500112037,41,5,34,2024-12-19 09:54:15
500106029,41,4,35,2024-12-19 09:07:15
500112037,41,4,35,2024-12-19 10:16:15
500101097,41,5,36,2024-12-19 10:20:16
500106029,41,3,36,2024-12-19 12:56:15
500106029,41,3,36,2024-12-19 11:38:15
500106029,41,3,36,2024-12-19 11:57:15
500101174,41,1,38,2024-12-19 09:34:15
500106025,41,2,38,2024-12-19 12:15:16
500106025,41,0,39,2024-12-19 09:09:16
500101097,41,1,40,2024-12-19 12:17:16
500104021,41,0,41,2024-12-19 09:31:15
500101174,41,41,0,2024-12-19 20:00:20
500106065,41,40,0,2024-12-19 19:28:15
500106065,41,39,1,2024-12-19 19:36:18
500106065,41,30,2,2024-12-19 18:38:16
500101174,41,34,7,2024-12-19 17:38:16
500104021,41,34,7,2024-12-19 19:44:15
500110013,41,34,7,2024-12-19 17:57:15
500106029,41,28,11,2024-12-19 20:31:15
500110013,41,30,11,2024-12-19 17:28:15
500111020,41,29,12,2024-12-19 18:38:16
500106025,41,28,13,2024-12-19 20:12:15
500109046,41,28,13,2024-12-19 18:58:16
500110013,41,28,13,2024-12-19 21:08:15
500106029,41,24,15,2024-12-19 20:07:15
500112037,41,23,17,2024-12-19 20:04:16
500110013,41,23,18,2024-12-19 20:09:15
500112037,41,22,18,2024-12-19 19:59:16
500112037,41,22,18,2024-12-19 18:18:16
500111020,41,22,19,2024-12-19 18:07:16
500104021,41,21,20,2024-12-19 21:03:15
500106065,41,20,20,2024-12-19 21:18:15
500112037,41,20,20,2024-12-19 20:28:15
500112037,41,20,20,2024-12-19 18:08:15
500103027,41,20,21,2024-12-19 19:52:15
500110013,41,20,21,2024-12-19 19:57:15
500106025,41,17,24,2024-12-19 19:27:15
500112015,41,17,24,2024-12-19 17:47:16
500109046,41,16,25,2024-12-19 17:47:16
500111020,41,14,27,2024-12-19 18:29:16
500106065,41,4,28,2024-12-19 18:17:15
500112006,41,12,29,2024-12-19 18:16:16
500103010,41,9,31,2024-12-19 19:57:14
500106065,41,19,7,2024-12-19 13:24:15
500106065,41,17,9,2024-12-19 15:06:15
500112015,41,24,17,2024-12-19 14:46:15
500101174,41,23,18,2024-12-19 15:12:15
500109046,41,23,18,2024-12-19 16:07:15
500109046,41,23,18,2024-12-19 16:24:15
500109046,41,23,18,2024-12-19 15:11:15
500103027,41,22,19,2024-12-19 15:27:15
500103027,41,20,21,2024-12-19 15:40:16
500103027,41,20,21,2024-12-19 15:36:15
500112006,41,13,28,2024-12-19 14:53:14
500112006,41,11,30,2024-12-19 14:27:15
500112037,41,9,30,2024-12-19 13:37:15
500112037,41,9,30,2024-12-19 14:16:16
500104021,41,7,32,2024-12-19 13:19:15
500106029,41,7,32,2024-12-19 14:32:15
500112037,41,7,32,2024-12-19 14:35:15
500106029,41,6,33,2024-12-19 15:35:16
500106025,41,1,40,2024-12-19 14:57:15
500101174,41,25,15,2024-12-19 02:53:15
500106065,41,29,11,2024-12-19 07:26:15
500101174,41,25,14,2024-12-19 06:24:15
500106029,41,23,16,2024-12-19 06:14:14
500103027,41,21,18,2024-12-19 08:02:15
500106065,41,11,21,2024-12-19 08:33:16
500112006,41,19,22,2024-12-19 07:37:15
500101097,41,18,23,2024-12-19 04:54:15
500103010,41,17,23,2024-12-19 08:37:15
500112006,41,18,23,2024-12-19 08:14:16
500112037,41,15,24,2024-12-19 06:37:14
500109046,41,14,27,2024-12-19 06:42:15
500103010,41,10,30,2024-12-19 08:27:16
500103010,41,9,31,2024-12-19 04:47:14
500103010,41,9,31,2024-12-19 07:17:14
500111020,41,10,31,2024-12-19 06:56:15
500103010,41,8,32,2024-12-19 07:36:15
500101174,41,6,33,2024-12-19 08:25:16
500103010,41,7,33,2024-12-19 07:55:17
500112037,41,5,34,2024-12-19 08:27:16
500112037,41,5,34,2024-12-19 08:36:15
500104021,41,5,36,2024-12-19 07:59:15
500111020,41,5,36,2024-12-19 08:47:15
500109046,41,4,37,2024-12-19 08:45:15
500106025,41,1,38,2024-12-19 08:27:16
500106065,41,1,39,2024-12-19 08:15:16
500104021,41,35,6,2024-12-19 00:55:16
500103027,41,18,23,2024-12-19 23:46:15
500106029,41,30,9,2024-12-19 23:49:15
500103027,41,18,23,2024-12-19 23:57:15
500103010,41,9,31,2024-12-19 01:05:16
500112006,41,18,23,2024-12-19 23:17:14
500101097,41,32,9,2024-12-19 02:00:17
500106029,41,28,11,2024-12-19 21:57:15
500106029,41,28,8,2024-12-19 03:27:15
500110013,41,24,16,2024-12-19 23:45:16
500106029,41,31,8,2024-12-19 22:48:15
500110013,41,39,2,2024-12-19 12:43:15
500106065,41,18,7,2024-12-19 09:27:15
500106065,41,7,16,2024-12-19 09:55:17
500109046,41,25,16,2024-12-19 11:48:15
500109046,41,25,16,2024-12-19 10:57:15
500103027,41,22,18,2024-12-19 12:58:15
500111020,41,23,18,2024-12-19 10:16:15
500103010,41,21,19,2024-12-19 09:07:15
500109046,41,19,22,2024-12-19 12:07:15
500103010,41,13,27,2024-12-19 11:24:15
500112015,41,10,31,2024-12-19 09:07:15
500101174,41,5,34,2024-12-19 11:03:16
500112037,41,5,34,2024-12-19 10:56:15
500106029,41,4,35,2024-12-19 12:17:16
500112037,41,4,35,2024-12-19 10:25:16
500101097,41,5,36,2024-12-19 11:17:15
500104021,41,5,36,2024-12-19 10:24:15
500101174,41,2,37,2024-12-19 12:28:15
500106029,41,2,37,2024-12-19 12:38:15
500101097,41,2,39,2024-12-19 11:55:17
500101097,41,0,41,2024-12-19 12:32:15
500101174,41,41,0,2024-12-19 20:59:15
500101174,41,39,2,2024-12-19 20:43:15
500101174,41,37,4,2024-12-19 18:48:15
500111020,41,37,4,2024-12-19 19:02:16
500106029,41,30,9,2024-12-19 21:07:16
500109046,41,32,9,2024-12-19 18:12:16
500106029,41,28,11,2024-12-19 18:48:15
500110013,41,30,11,2024-12-19 18:18:16
500106029,41,24,15,2024-12-19 18:54:15
500106025,41,23,18,2024-12-19 19:47:15
500103027,41,22,19,2024-12-19 19:06:15
500103027,41,22,19,2024-12-19 19:49:15
500110013,41,20,21,2024-12-19 19:36:15
500112037,41,19,21,2024-12-19 18:47:16
500101097,41,17,24,2024-12-19 20:05:15
500106065,41,2,24,2024-12-19 17:28:16
500112037,41,16,24,2024-12-19 18:33:16
500103027,41,14,27,2024-12-19 18:35:16
500112015,41,12,29,2024-12-19 18:18:16
500112015,41,12,29,2024-12-19 18:53:15
500106025,41,11,30,2024-12-19 18:54:15
500106025,41,6,35,2024-12-19 17:37:16
500106025,41,5,36,2024-12-19 20:39:16
500106065,41,20,6,2024-12-19 13:46:16
500106065,41,19,7,2024-12-19 14:36:16
500106065,41,10,16,2024-12-19 16:55:16
500112015,41,24,17,2024-12-19 16:25:16
500109046,41,23,18,2024-12-19 16:38:15
500111020,41,22,19,2024-12-19 13:53:15
500103027,41,19,22,2024-12-19 16:48:16
500103027,41,18,23,2024-12-19 17:17:16
500104021,41,16,25,2024-12-19 14:54:15
500112037,41,14,25,2024-12-19 15:46:16
500106029,41,12,27,2024-12-19 17:06:16
500101174,41,13,28,2024-12-19 14:07:16
500104021,41,11,28,2024-12-19 14:08:15
500101174,41,12,29,2024-12-19 13:51:15
500106029,41,8,31,2024-12-19 16:28:15
500106029,41,7,32,2024-12-19 15:28:14
500106029,41,5,34,2024-12-19 14:08:15
500106025,41,6,35,2024-12-19 16:33:14
500106029,41,4,35,2024-12-19 13:17:15
500101097,41,4,37,2024-12-19 15:54:15
500106025,41,1,39,2024-12-19 13:11:15
500106025,41,0,40,2024-12-19 13:36:15
500112037,41,16,24,2024-12-19 21:48:15
500103027,41,34,5,2024-12-19 08:37:15
500103027,41,26,13,2024-12-19 08:25:16
500109046,41,27,13,2024-12-19 08:01:15
500101174,41,25,14,2024-12-19 05:49:15
500106025,41,22,17,2024-12-19 07:36:15
500106029,41,22,17,2024-12-19 06:37:15
500106029,41,22,17,2024-12-19 06:05:15
500103010,41,20,20,2024-12-19 08:57:15
500112037,41,19,20,2024-12-19 05:58:15
500101174,41,18,21,2024-12-19 07:27:15
500106065,41,18,22,2024-12-19 07:47:15
500112037,41,15,24,2024-12-19 06:54:16
500101174,41,11,28,2024-12-19 08:47:15
500103027,41,13,28,2024-12-19 06:46:15
500103010,41,10,30,2024-12-19 08:17:15
500103010,41,10,30,2024-12-19 06:35:15
500109046,41,10,31,2024-12-19 05:55:15
500110013,41,9,32,2024-12-19 06:07:15
500111020,41,8,33,2024-12-19 05:56:14
500101174,41,5,34,2024-12-19 08:17:15
500111020,41,7,34,2024-12-19 05:47:15
500109046,41,5,36,2024-12-19 08:56:16
500112015,41,5,36,2024-12-19 06:56:15
500112037,41,3,36,2024-12-19 08:45:16
500101097,41,4,37,2024-12-19 08:55:16
500101097,41,4,37,2024-12-19 07:51:15
500111020,41,4,37,2024-12-19 07:37:15
500112015,41,4,37,2024-12-19 06:35:15
500112015,41,4,37,2024-12-19 06:44:14
500101097,41,3,38,2024-12-19 08:01:15
500112015,41,2,39,2024-12-19 00:05:15
500112015,41,9,31,2024-12-19 23:49:15
500106025,41,33,7,2024-12-19 23:37:14
500103027,41,2,39,2024-12-19 01:17:15
500112015,41,10,31,2024-12-19 22:39:15
500110013,41,34,7,2024-12-19 22:39:15
500106065,41,0,40,2024-12-19 01:32:15
500106029,41,23,16,2024-12-19 04:27:14
500103027,41,19,22,2024-12-19 22:09:15
500106065,41,1,39,2024-12-19 01:23:15
500106029,41,28,6,2024-12-19 01:24:14
500103010,41,11,29,2024-12-19 21:55:17
500112037,41,18,22,2024-12-19 21:57:15
500103027,41,22,19,2024-12-19 21:59:15
500112037,41,20,20,2024-12-19 03:16:15
500112015,41,2,39,2024-12-19 00:32:15
500106025,41,23,16,2024-12-19 01:05:16
500112037,41,17,23,2024-12-19 02:31:14
500106065,41,5,35,2024-12-19 22:43:15
500110013,41,36,5,2024-12-19 22:46:15
500103027,41,5,36,2024-12-19 04:33:15
500112015,41,8,32,2024-12-19 23:02:14
500112006,41,17,24,2024-12-19 23:05:15
500112037,41,19,20,2024-12-19 03:49:14
500112015,41,8,32,2024-12-19 23:22:15
500103027,41,17,24,2024-12-19 23:29:14
500106025,41,31,9,2024-12-19 23:27:15
500106065,41,21,5,2024-12-19 12:27:15
500110013,41,27,14,2024-12-19 12:08:15
500106065,41,15,17,2024-12-19 09:07:15
500109046,41,24,17,2024-12-19 11:34:15
500110013,41,23,18,2024-12-19 10:38:15
500109046,41,22,19,2024-12-19 09:46:16
500112015,41,22,19,2024-12-19 13:05:16
500109046,41,21,20,2024-12-19 12:33:15
500112015,41,21,20,2024-12-19 11:13:15
500106065,41,11,21,2024-12-19 09:09:15
500111020,41,20,21,2024-12-19 09:04:15
500112015,41,20,21,2024-12-19 11:57:16
500112015,41,18,23,2024-12-19 11:25:15
500109046,41,17,24,2024-12-19 09:26:15
500103010,41,15,25,2024-12-19 10:24:15
500112015,41,16,25,2024-12-19 12:10:16
500103010,41,14,26,2024-12-19 12:38:14
500104021,41,7,32,2024-12-19 13:08:15
500101174,41,6,33,2024-12-19 10:56:14
500101097,41,7,34,2024-12-19 09:00:18
500112037,41,5,34,2024-12-19 11:08:15
500101174,41,4,35,2024-12-19 11:46:15
500101097,41,4,37,2024-12-19 11:38:15
500101174,41,2,37,2024-12-19 12:19:16
500104021,41,3,38,2024-12-19 10:44:16
500106029,41,1,38,2024-12-19 12:47:15
500104021,41,2,39,2024-12-19 12:39:15
500106025,41,0,39,2024-12-19 10:07:16
500104021,41,1,40,2024-12-19 09:44:15
500111020,41,40,1,2024-12-19 17:28:15
500109046,41,32,9,2024-12-19 21:19:16
500106029,41,29,10,2024-12-19 19:29:14
500109046,41,31,10,2024-12-19 19:02:16
500106029,41,28,11,2024-12-19 19:13:15
500110013,41,26,15,2024-12-19 20:36:15
500106025,41,25,16,2024-12-19 19:53:15
500112037,41,23,17,2024-12-19 19:37:16
500110013,41,23,18,2024-12-19 18:57:15
500106025,41,22,19,2024-12-19 19:36:15
500104021,41,21,20,2024-12-19 17:09:15
500104021,41,21,20,2024-12-19 17:46:15
500112037,41,20,20,2024-12-19 19:06:16
500112015,41,18,23,2024-12-19 17:38:16
500103027,41,17,24,2024-12-19 20:07:15
500103027,41,16,25,2024-12-19 17:57:15
500112006,41,16,25,2024-12-19 19:23:15
500112006,41,15,26,2024-12-19 19:48:15
500112006,41,15,26,2024-12-19 20:39:15
500112006,41,14,27,2024-12-19 21:17:15
500112006,41,13,28,2024-12-19 18:57:15
500103010,41,8,32,2024-12-19 21:00:16
500106025,41,7,34,2024-12-19 17:46:15
500101097,41,5,36,2024-12-19 17:32:15
500101097,41,4,37,2024-12-19 17:46:15
500112015,41,4,37,2024-12-19 19:41:15
500103010,41,1,39,2024-12-19 18:34:15
500110013,41,41,0,2024-12-19 13:44:15
500106065,41,18,8,2024-12-19 14:20:16
500112015,41,25,16,2024-12-19 16:44:15
500112015,41,23,18,2024-12-19 13:34:16
500103027,41,21,20,2024-12-19 14:47:15
500103027,41,20,21,2024-12-19 16:08:16
500111020,41,20,21,2024-12-19 16:28:15
500101174,41,18,23,2024-12-19 16:58:15
500103010,41,17,23,2024-12-19 16:48:15
500104021,41,18,23,2024-12-19 16:15:16
500101174,41,17,24,2024-12-19 16:46:15
500104021,41,17,24,2024-12-19 16:00:17
500112037,41,16,24,2024-12-19 16:04:15
500112006,41,12,29,2024-12-19 15:55:16
500112006,41,12,29,2024-12-19 16:48:16
500112006,41,10,31,2024-12-19 15:38:15
500112037,41,7,32,2024-12-19 13:19:15
500112037,41,6,33,2024-12-19 13:12:15
500106029,41,5,34,2024-12-19 15:40:16
500106029,41,2,37,2024-12-19 13:28:16
500106029,41,28,11,2024-12-19 21:49:14
500104021,41,34,7,2024-12-19 06:10:16
500103027,41,28,11,2024-12-19 08:17:15
500101174,41,26,13,2024-12-19 05:16:14
500101174,41,26,13,2024-12-19 05:27:15
500106025,41,16,22,2024-12-19 06:56:15
500109046,41,19,22,2024-12-19 07:26:15
500106029,41,16,23,2024-12-19 07:11:15
500106029,41,14,25,2024-12-19 07:22:15
500109046,41,16,25,2024-12-19 07:16:15
500103027,41,13,26,2024-12-19 07:35:16
500106065,41,5,27,2024-12-19 08:26:15
500106065,41,12,28,2024-12-19 07:57:15
500110013,41,13,28,2024-12-19 05:01:14
500103010,41,11,29,2024-12-19 06:53:15
500106065,41,9,31,2024-12-19 08:03:15
500110013,41,9,32,2024-12-19 06:55:16
500112037,41,7,32,2024-12-19 07:50:16
500106029,41,6,33,2024-12-19 07:36:15
500106029,41,4,35,2024-12-19 08:24:15
500106065,41,1,39,2024-12-19 06:27:15
500111020,41,2,39,2024-12-19 08:37:15
500104021,41,1,40,2024-12-19 08:46:15
500101174,41,24,16,2024-12-19 00:04:16
500101174,41,23,17,2024-12-19 00:12:14
500106065,41,0,40,2024-12-19 00:37:15
500119067,42,0,42,2024-12-19 23:46:15
500112054,42,33,9,2024-12-19 23:59:15
500113045,42,16,25,2024-12-19 00:29:15
500113045,42,16,25,2024-12-19 22:59:15
500111056,42,13,29,2024-12-19 22:20:15
500109022,42,9,33,2024-12-19 21:14:15
500119043,42,26,16,2024-12-19 21:38:15
500112039,42,22,16,2024-12-19 02:15:15
500107118,42,15,27,2024-12-19 03:27:15
500112039,42,21,17,2024-12-19 03:37:14
500109022,42,35,7,2024-12-19 03:16:15
500119043,42,41,1,2024-12-19 23:55:16
500119067,42,3,39,2024-12-19 02:23:15
500119067,42,4,38,2024-12-19 02:05:16
500105023,42,5,35,2024-12-19 23:07:15
500109022,42,11,31,2024-12-19 22:14:14
500119067,42,1,41,2024-12-19 22:58:15
500107027,42,41,0,2024-12-19 10:48:15
500119067,42,31,0,2024-12-19 12:57:14
500109035,42,41,1,2024-12-19 12:52:15
500119067,42,27,4,2024-12-19 11:28:16
500107027,42,34,7,2024-12-19 09:47:15
500107027,42,33,8,2024-12-19 10:02:14
500112054,42,32,10,2024-12-19 12:16:15
500107013,42,30,12,2024-12-19 11:56:16
500107027,42,29,12,2024-12-19 12:54:15
500107013,42,28,14,2024-12-19 11:18:16
500107116,42,28,14,2024-12-19 10:25:16
500107118,42,28,14,2024-12-19 09:57:15
500112054,42,28,14,2024-12-19 11:45:15
500107013,42,26,16,2024-12-19 10:37:16
500107116,42,25,17,2024-12-19 09:27:15
500107118,42,23,19,2024-12-19 12:43:15
500107116,42,22,20,2024-12-19 09:45:15
500112039,42,21,20,2024-12-19 09:05:16
500111056,42,20,22,2024-12-19 12:42:14
500105023,42,11,23,2024-12-19 09:45:15
500105023,42,8,26,2024-12-19 12:43:15
500105023,42,7,27,2024-12-19 12:25:15
500109023,42,14,27,2024-12-19 11:18:16
500112054,42,14,28,2024-12-19 09:46:16
500112039,42,12,29,2024-12-19 10:06:14
500109023,42,11,30,2024-12-19 10:30:15
500112039,42,11,30,2024-12-19 10:14:15
500112039,42,11,30,2024-12-19 10:28:15
500108071,42,11,31,2024-12-19 09:19:15
500109022,42,9,32,2024-12-19 11:44:15
500112039,42,7,34,2024-12-19 10:44:16
500107013,42,7,35,2024-12-19 09:09:15
500109023,42,6,35,2024-12-19 13:04:16
500119043,42,4,38,2024-12-19 11:14:15
500119043,42,3,39,2024-12-19 12:37:15
500109022,42,1,40,2024-12-19 09:15:15
500119043,42,1,41,2024-12-19 12:58:15
500107027,42,39,2,2024-12-19 19:34:15
500107013,42,36,6,2024-12-19 18:57:15
500109035,42,36,6,2024-12-19 20:10:16
500107013,42,34,8,2024-12-19 19:31:14
500109023,42,32,9,2024-12-19 19:52:16
500107013,42,32,10,2024-12-19 20:09:15
500112054,42,32,10,2024-12-19 18:07:16
500112054,42,31,11,2024-12-19 17:59:15
500112054,42,31,11,2024-12-19 19:46:15
500107116,42,30,12,2024-12-19 20:07:15
500107118,42,30,12,2024-12-19 19:59:16
500112054,42,29,13,2024-12-19 17:34:15
500107116,42,28,14,2024-12-19 17:22:16
500107118,42,27,15,2024-12-19 20:29:15
500112054,42,27,15,2024-12-19 17:27:16
500107118,42,26,16,2024-12-19 19:29:15
500112054,42,26,16,2024-12-19 21:05:16
500107027,42,22,19,2024-12-19 17:47:15
500107118,42,21,21,2024-12-19 19:01:15
500107118,42,19,23,2024-12-19 18:36:15
500119043,42,19,23,2024-12-19 21:09:16
500105023,42,15,25,2024-12-19 19:06:16
500113045,42,15,26,2024-12-19 21:02:15
500109023,42,14,27,2024-12-19 18:45:16
500119067,42,15,27,2024-12-19 19:37:16
500112039,42,14,28,2024-12-19 20:09:15
500119067,42,14,28,2024-12-19 18:48:15
500113045,42,12,29,2024-12-19 21:15:16
500111056,42,11,31,2024-12-19 18:24:16
500111056,42,11,31,2024-12-19 18:47:15
500112039,42,10,32,2024-12-19 19:25:15
500119067,42,10,32,2024-12-19 20:48:15
500109022,42,8,34,2024-12-19 20:24:15
500109022,42,5,37,2024-12-19 18:45:16
500119043,42,4,38,2024-12-19 17:59:15
500119043,42,4,38,2024-12-19 18:35:16
500112039,42,3,39,2024-12-19 18:28:16
500119043,42,2,40,2024-12-19 19:18:15
500119067,42,2,40,2024-12-19 21:05:16
500112039,42,1,41,2024-12-19 17:25:16
500112039,42,1,41,2024-12-19 17:59:15
500109035,42,42,0,2024-12-19 15:15:16
500112054,42,38,4,2024-12-19 13:10:16
500119067,42,27,4,2024-12-19 13:44:15
500107027,42,35,6,2024-12-19 15:31:15
500112054,42,36,6,2024-12-19 16:02:15
500113045,42,34,7,2024-12-19 17:18:16
500107027,42,31,10,2024-12-19 15:07:15
500107027,42,31,10,2024-12-19 14:08:15
500107027,42,30,11,2024-12-19 13:38:15
500107116,42,29,13,2024-12-19 17:15:17
500107027,42,27,14,2024-12-19 17:14:16
500107116,42,28,14,2024-12-19 16:48:16
500107118,42,26,16,2024-12-19 13:36:16
500107116,42,25,17,2024-12-19 16:22:16
500107118,42,25,17,2024-12-19 14:34:15
500107013,42,24,18,2024-12-19 15:14:15
500107013,42,23,19,2024-12-19 16:47:15
500105023,42,8,26,2024-12-19 13:12:15
500113045,42,15,26,2024-12-19 13:44:15
500113045,42,12,29,2024-12-19 15:07:15
500108071,42,8,34,2024-12-19 16:25:15
500119043,42,5,37,2024-12-19 14:58:15
500112039,42,3,38,2024-12-19 15:50:15
500119043,42,3,39,2024-12-19 16:58:15
500119043,42,2,40,2024-12-19 15:54:14
500119043,42,2,40,2024-12-19 16:34:16
500119043,42,0,42,2024-12-19 13:45:16
500119067,42,32,2,2024-12-19 08:37:15
500107013,42,34,8,2024-12-19 07:58:15
500112039,42,27,10,2024-12-19 08:03:15
500107013,42,31,11,2024-12-19 07:46:15
500109023,42,29,12,2024-12-19 07:14:15
500111056,42,30,12,2024-12-19 08:27:16
500112039,42,25,12,2024-12-19 05:50:15
500112039,42,23,14,2024-12-19 07:17:14
500109023,42,26,15,2024-12-19 08:17:15
500107027,42,23,18,2024-12-19 07:53:16
500109035,42,24,18,2024-12-19 07:57:16
500112039,42,23,18,2024-12-19 08:55:16
500119043,42,20,22,2024-12-19 05:46:15
500113045,42,18,23,2024-12-19 05:04:15
500113045,42,18,23,2024-12-19 06:05:16
500108071,42,17,25,2024-12-19 07:35:16
500105023,42,8,26,2024-12-19 08:35:16
500111056,42,15,27,2024-12-19 06:42:15
500111056,42,15,27,2024-12-19 06:54:15
500107027,42,13,28,2024-12-19 08:47:15
500111056,42,14,28,2024-12-19 06:20:15
500119067,42,14,28,2024-12-19 07:47:15
500107118,42,13,29,2024-12-19 06:05:16
500107118,42,12,30,2024-12-19 06:26:15
500112054,42,12,30,2024-12-19 08:02:15
500109022,42,10,31,2024-12-19 07:36:15
500119043,42,10,32,2024-12-19 07:55:17
500109022,42,7,34,2024-12-19 07:46:15
500119043,42,7,35,2024-12-19 08:03:15
500107118,42,4,38,2024-12-19 07:47:15
500119067,42,2,40,2024-12-19 06:30:17
500119043,42,0,42,2024-12-19 08:25:16
500109035,42,21,21,2024-12-19 00:13:15
500119067,42,0,42,2024-12-19 00:12:15
500119067,42,1,41,2024-12-19 00:34:15
500119043,42,17,25,2024-12-19 00:09:14
500113045,42,16,25,2024-12-19 23:57:15
500112039,42,26,16,2024-12-19 23:39:14
500112054,42,13,29,2024-12-19 01:08:16
500112039,42,21,21,2024-12-19 21:39:15
500109023,42,26,15,2024-12-19 21:26:16
500107118,42,27,15,2024-12-19 21:38:15
500107027,42,12,29,2024-12-19 02:25:15
500119067,42,2,40,2024-12-19 22:09:15
500112039,42,22,20,2024-12-19 22:08:14
500109023,42,27,14,2024-12-19 22:07:15
500107013,42,2,40,2024-12-19 01:23:15
500119043,42,33,9,2024-12-19 21:58:15
500105023,42,7,34,2024-12-19 04:33:15
500119043,42,18,24,2024-12-19 01:32:14
500107027,42,41,0,2024-12-19 11:28:16
500119067,42,29,2,2024-12-19 12:07:16
500109035,42,33,9,2024-12-19 09:46:16
500112054,42,31,11,2024-12-19 12:28:15
500107027,42,28,13,2024-12-19 13:02:15
500107013,42,26,16,2024-12-19 10:17:16
500107027,42,25,16,2024-12-19 09:08:15
500107013,42,24,18,2024-12-19 11:37:15
500112054,42,24,18,2024-12-19 10:24:14
500107013,42,22,20,2024-12-19 12:28:15
500112039,42,20,21,2024-12-19 09:23:15
500111056,42,19,23,2024-12-19 12:28:15
500105023,42,10,24,2024-12-19 11:07:16
500112054,42,17,25,2024-12-19 09:07:15
500107118,42,14,28,2024-12-19 11:03:16
500109023,42,12,29,2024-12-19 11:48:15
500109023,42,10,31,2024-12-19 10:13:15
500112039,42,10,31,2024-12-19 11:23:15
500108071,42,10,32,2024-12-19 11:50:16
500109022,42,7,34,2024-12-19 12:07:16
500109022,42,7,34,2024-12-19 12:42:15
500119043,42,0,42,2024-12-19 11:47:15
500109035,42,34,8,2024-12-19 20:43:15
500107027,42,31,10,2024-12-19 20:34:14
500107027,42,29,12,2024-12-19 20:47:15
500107118,42,29,13,2024-12-19 19:36:15
500107027,42,27,14,2024-12-19 21:17:15
500107013,42,26,16,2024-12-19 20:46:16
500107013,42,25,17,2024-12-19 20:59:15
500107013,42,23,19,2024-12-19 17:28:15
500109023,42,20,21,2024-12-19 17:28:15
500119043,42,16,26,2024-12-19 20:54:15
500105023,42,13,27,2024-12-19 18:29:16
500105023,42,11,29,2024-12-19 18:38:16
500108071,42,13,29,2024-12-19 19:19:14
500105023,42,10,30,2024-12-19 19:51:15
500105023,42,10,30,2024-12-19 18:46:15
500108071,42,10,32,2024-12-19 19:07:15
500119067,42,3,34,2024-12-19 18:29:16
500109022,42,7,35,2024-12-19 19:59:16
500119043,42,7,35,2024-12-19 17:44:15
500109022,42,6,36,2024-12-19 20:03:15
500109022,42,5,37,2024-12-19 18:57:15
500112039,42,5,37,2024-12-19 18:47:16
500119043,42,5,37,2024-12-19 19:04:15
500119043,42,5,37,2024-12-19 18:18:15
500109022,42,4,38,2024-12-19 18:12:16
500112039,42,3,39,2024-12-19 18:07:16
500119043,42,2,40,2024-12-19 19:38:14
500112039,42,1,41,2024-12-19 17:47:16
500119067,42,28,9,2024-12-19 16:18:16
500119067,42,19,12,2024-12-19 14:44:15
500112054,42,27,15,2024-12-19 16:47:15
500112054,42,27,15,2024-12-19 17:08:16
500113045,42,26,15,2024-12-19 16:47:15
500107116,42,26,16,2024-12-19 14:53:14
500107116,42,26,16,2024-12-19 14:34:15
500107013,42,24,18,2024-12-19 14:31:15
500107013,42,23,19,2024-12-19 16:25:16
500107013,42,23,19,2024-12-19 14:43:15
500109023,42,21,20,2024-12-19 16:34:16
500113045,42,21,20,2024-12-19 16:57:16
500111056,42,17,25,2024-12-19 16:33:15
500111056,42,15,27,2024-12-19 16:45:17
500113045,42,10,31,2024-12-19 16:03:15
500107118,42,9,33,2024-12-19 17:17:16
500108071,42,8,34,2024-12-19 14:00:17
500119043,42,2,40,2024-12-19 15:38:15
500119043,42,1,41,2024-12-19 14:05:16
500107013,42,8,34,2024-12-19 21:48:16
500113045,42,13,28,2024-12-19 21:49:15
500107027,42,28,13,2024-12-19 21:40:16
500105023,42,39,2,2024-12-19 08:01:15
500105023,42,30,11,2024-12-19 07:47:15
500109023,42,30,11,2024-12-19 07:27:15
500111056,42,31,11,2024-12-19 08:37:15
500113045,42,26,15,2024-12-19 06:35:15
500112039,42,21,16,2024-12-19 06:56:15
500107013,42,23,19,2024-12-19 06:54:15
500107027,42,22,19,2024-12-19 07:08:15
500113045,42,22,19,2024-12-19 07:27:15
500113045,42,22,19,2024-12-19 06:17:14
500109023,42,21,20,2024-12-19 05:45:15
500113045,42,20,21,2024-12-19 05:15:15
500112054,42,16,26,2024-12-19 08:17:15
500119043,42,16,26,2024-12-19 07:19:16
500105023,42,13,28,2024-12-19 06:27:15
500112054,42,12,30,2024-12-19 07:16:14
500119067,42,12,30,2024-12-19 07:17:14
500112054,42,11,31,2024-12-19 06:56:15
500112054,42,9,33,2024-12-19 07:37:15
500113045,42,4,37,2024-12-19 08:57:14
500107118,42,4,38,2024-12-19 08:17:15
500107118,42,16,26,2024-12-19 00:17:15
500109023,42,25,16,2024-12-19 00:38:14
500105023,42,8,34,2024-12-19 00:52:15
500107116,42,41,1,2024-12-19 22:52:15
500119067,42,2,40,2024-12-19 21:36:15
500107013,42,1,41,2024-12-19 02:45:16
500112054,42,14,28,2024-12-19 02:36:14
500108071,42,17,25,2024-12-19 01:47:15
500111056,42,15,27,2024-12-19 21:53:15
500107027,42,31,10,2024-12-19 21:58:15
500109035,42,33,9,2024-12-19 21:49:15
500107118,42,31,11,2024-12-19 23:53:15
500119067,42,3,39,2024-12-19 01:37:14
500107027,42,13,28,2024-12-19 02:09:15
500119043,42,38,4,2024-12-19 22:10:17
500119043,42,40,2,2024-12-19 23:20:16
500119067,42,31,0,2024-12-19 09:56:15
500119067,42,31,0,2024-12-19 10:27:17
500109035,42,40,2,2024-12-19 12:36:15
500109035,42,39,3,2024-12-19 12:15:16
500119067,42,27,4,2024-12-19 12:38:15
500119067,42,27,4,2024-12-19 09:27:15
500119067,42,27,4,2024-12-19 10:17:16
500107027,42,35,6,2024-12-19 09:35:16
500112054,42,31,11,2024-12-19 12:38:15
500107116,42,28,14,2024-12-19 11:14:15
500112054,42,27,15,2024-12-19 11:37:15
500107013,42,26,16,2024-12-19 10:27:15
500107118,42,24,18,2024-12-19 12:55:15
500112054,42,24,18,2024-12-19 11:18:16
500112054,42,23,19,2024-12-19 10:37:16
500111056,42,18,24,2024-12-19 09:22:15
500111056,42,18,24,2024-12-19 11:48:15
500111056,42,18,24,2024-12-19 09:48:15
500109023,42,15,26,2024-12-19 08:59:15
500109023,42,12,29,2024-12-19 11:23:15
500109023,42,12,29,2024-12-19 09:57:15
500113045,42,8,33,2024-12-19 09:27:15
500113045,42,8,33,2024-12-19 10:55:17
500109023,42,6,35,2024-12-19 12:27:15
500109022,42,2,39,2024-12-19 08:53:15
500113045,42,2,39,2024-12-19 11:38:15
500109022,42,1,40,2024-12-19 09:45:15
500119043,42,0,42,2024-12-19 09:54:15
500119043,42,0,42,2024-12-19 11:00:18
500109035,42,41,1,2024-12-19 17:59:15
500109035,42,37,5,2024-12-19 18:18:16
500107013,42,36,6,2024-12-19 19:29:15
500109035,42,36,6,2024-12-19 19:57:15
500107013,42,34,8,2024-12-19 19:19:15
500112054,42,33,9,2024-12-19 19:33:15
500107013,42,32,10,2024-12-19 18:17:15
500107118,42,32,10,2024-12-19 19:46:15
500107118,42,31,11,2024-12-19 20:07:15
500107116,42,29,13,2024-12-19 19:01:15
500112054,42,29,13,2024-12-19 20:29:15
500107118,42,28,14,2024-12-19 21:16:15
500112054,42,28,14,2024-12-19 17:44:15
500107013,42,27,15,2024-12-19 18:28:16
500109023,42,24,17,2024-12-19 19:38:15
500109023,42,20,21,2024-12-19 17:34:15
500107013,42,15,27,2024-12-19 21:19:15
500108071,42,14,28,2024-12-19 20:29:14
500108071,42,14,28,2024-12-19 19:29:15
500108071,42,14,28,2024-12-19 20:49:15
500111056,42,11,31,2024-12-19 19:03:15
500105023,42,8,32,2024-12-19 20:27:14
500108071,42,9,33,2024-12-19 18:18:16
500109022,42,7,35,2024-12-19 19:32:15
500119067,42,7,35,2024-12-19 20:36:14
500109022,42,6,36,2024-12-19 19:04:15
500111056,42,6,36,2024-12-19 17:37:15
500111056,42,6,36,2024-12-19 19:27:15
500108071,42,5,37,2024-12-19 17:31:15
500109022,42,5,37,2024-12-19 18:27:15
500119043,42,3,39,2024-12-19 18:07:16
500119043,42,2,40,2024-12-19 19:59:15
500119043,42,2,40,2024-12-19 19:46:15
500112039,42,0,42,2024-12-19 17:37:16
500112054,42,39,3,2024-12-19 13:39:16
500119067,42,22,9,2024-12-19 14:38:15
500107027,42,31,10,2024-12-19 17:05:17
500107027,42,31,10,2024-12-19 14:45:15
500107027,42,28,13,2024-12-19 13:27:15
500107118,42,29,13,2024-12-19 16:01:15
500107013,42,28,14,2024-12-19 17:18:16
500107118,42,27,15,2024-12-19 15:31:15
500107013,42,26,16,2024-12-19 17:04:15
500107013,42,25,17,2024-12-19 16:58:15
500107013,42,24,18,2024-12-19 13:25:16
500119067,42,19,18,2024-12-19 16:47:15
500119067,42,6,25,2024-12-19 15:34:15
500113045,42,14,27,2024-12-19 13:49:15
500107118,42,10,32,2024-12-19 17:07:15
500109022,42,6,35,2024-12-19 13:23:15
500109022,42,6,35,2024-12-19 15:07:15
500109022,42,6,35,2024-12-19 14:31:15
500109022,42,4,37,2024-12-19 14:51:15
500109022,42,4,38,2024-12-19 17:03:15
500112039,42,1,40,2024-12-19 14:25:16
500119043,42,2,40,2024-12-19 16:46:15
500111056,42,37,5,2024-12-19 07:46:15
500112039,42,31,6,2024-12-19 07:57:15
500107013,42,35,7,2024-12-19 07:57:16
500107116,42,35,7,2024-12-19 06:53:15
500107116,42,34,8,2024-12-19 06:02:14
500107013,42,33,9,2024-12-19 07:35:15
500112039,42,28,9,2024-12-19 07:37:15
500107013,42,29,13,2024-12-19 07:26:15
500112039,42,24,13,2024-12-19 04:57:14
500112039,42,24,13,2024-12-19 05:16:14
500112039,42,24,13,2024-12-19 06:20:15
500107116,42,27,15,2024-12-19 08:49:15
500113045,42,26,15,2024-12-19 06:51:15
500113045,42,24,17,2024-12-19 06:27:15
500109023,42,20,21,2024-12-19 05:49:15
500108071,42,17,25,2024-12-19 06:02:14
500108071,42,17,25,2024-12-19 07:15:17
500108071,42,17,25,2024-12-19 05:45:15
500109022,42,15,26,2024-12-19 07:26:15
500107027,42,13,28,2024-12-19 05:14:15
500107118,42,14,28,2024-12-19 05:38:14
500107013,42,12,30,2024-12-19 08:37:15
500105023,42,10,31,2024-12-19 05:59:14
500112054,42,10,32,2024-12-19 06:45:16
500107013,42,3,39,2024-12-19 00:06:15
500109035,42,33,9,2024-12-19 23:32:15
500107027,42,12,29,2024-12-19 01:14:14
500109023,42,26,15,2024-12-19 01:07:15
500108071,42,13,29,2024-12-19 22:43:15
500107118,42,30,12,2024-12-19 23:15:15
500112054,42,33,9,2024-12-19 22:49:15
500107118,42,8,34,2024-12-19 01:47:15
500119043,42,17,25,2024-12-19 01:44:14
500112039,42,23,15,2024-12-19 01:39:15
500113045,42,2,39,2024-12-19 22:40:15
500119067,42,2,40,2024-12-19 22:13:15
500107013,42,5,37,2024-12-19 22:19:15
500113045,42,7,34,2024-12-19 22:11:15
500119067,42,31,0,2024-12-19 12:59:15
500119067,42,31,0,2024-12-19 11:06:15
500119067,42,30,1,2024-12-19 09:46:16
500107027,42,35,6,2024-12-19 10:12:15
500109035,42,36,6,2024-12-19 10:50:16
500109035,42,35,7,2024-12-19 11:05:17
500107027,42,33,8,2024-12-19 09:57:15
500109035,42,34,8,2024-12-19 09:35:16
500109035,42,32,10,2024-12-19 08:50:16
500107027,42,27,14,2024-12-19 11:57:16
500107027,42,26,15,2024-12-19 12:38:15
500107116,42,27,15,2024-12-19 09:06:15
500107116,42,27,15,2024-12-19 11:35:17
500107013,42,21,21,2024-12-19 12:37:15
500107013,42,21,21,2024-12-19 10:07:16
500105023,42,12,22,2024-12-19 10:03:15
500107118,42,20,22,2024-12-19 10:18:15
500112054,42,20,22,2024-12-19 10:07:16
500111056,42,19,23,2024-12-19 09:36:14
500112054,42,16,26,2024-12-19 09:09:15
500112054,42,15,27,2024-12-19 09:34:15
500107013,42,14,28,2024-12-19 09:57:15
500107118,42,10,32,2024-12-19 09:07:15
500112039,42,8,33,2024-12-19 11:15:16
500112039,42,4,37,2024-12-19 12:00:19
500113045,42,3,38,2024-12-19 08:59:15
500113045,42,3,38,2024-12-19 09:47:14
500119043,42,0,42,2024-12-19 09:26:15
500107027,42,40,1,2024-12-19 19:19:15
500107027,42,35,6,2024-12-19 20:07:15
500112054,42,32,10,2024-12-19 19:06:15
500107116,42,29,13,2024-12-19 19:50:16
500109023,42,28,13,2024-12-19 20:52:15
500107118,42,28,14,2024-12-19 20:39:16
500112054,42,28,14,2024-12-19 20:09:15
500107027,42,26,15,2024-12-19 17:35:16
500107013,42,26,16,2024-12-19 17:48:15
500107013,42,21,21,2024-12-19 21:09:16
500109023,42,18,23,2024-12-19 19:07:15
500109023,42,17,24,2024-12-19 17:47:16
500112039,42,17,25,2024-12-19 21:08:15
500108071,42,16,26,2024-12-19 20:58:15
500111056,42,16,26,2024-12-19 21:13:15
500108071,42,15,27,2024-12-19 21:04:15
500119067,42,15,27,2024-12-19 20:29:15
500107027,42,13,28,2024-12-19 18:38:15
500111056,42,11,31,2024-12-19 18:08:16
500111056,42,10,32,2024-12-19 17:58:15
500119067,42,10,32,2024-12-19 18:58:15
500108071,42,8,34,2024-12-19 17:58:16
500109022,42,8,34,2024-12-19 21:06:15
500111056,42,7,35,2024-12-19 20:33:15
500108071,42,6,36,2024-12-19 17:18:16
500109022,42,6,36,2024-12-19 17:21:15
500105023,42,3,37,2024-12-19 20:42:15
500105023,42,2,38,2024-12-19 20:56:15
500111056,42,4,38,2024-12-19 17:28:15
500109035,42,42,0,2024-12-19 17:02:14
500109035,42,41,1,2024-12-19 16:01:17
500119067,42,28,3,2024-12-19 13:36:15
500109023,42,33,8,2024-12-19 14:28:15
500107027,42,32,9,2024-12-19 13:58:15
500107027,42,31,10,2024-12-19 16:48:16
500107118,42,27,15,2024-12-19 14:13:15
500107013,42,25,17,2024-12-19 13:55:16
500107118,42,24,18,2024-12-19 15:01:16
500107013,42,23,19,2024-12-19 15:48:15
500113045,42,20,21,2024-12-19 17:05:17
500113045,42,19,22,2024-12-19 16:37:15
500105023,42,8,26,2024-12-19 15:22:15
500113045,42,12,29,2024-12-19 14:26:15
500105023,42,3,32,2024-12-19 16:48:16
500108071,42,9,33,2024-12-19 16:12:15
500109022,42,7,34,2024-12-19 15:46:16
500111056,42,5,37,2024-12-19 17:17:16
500119043,42,4,38,2024-12-19 14:38:15
500119043,42,1,41,2024-12-19 16:10:16
500119043,42,1,41,2024-12-19 15:08:14
500119043,42,0,42,2024-12-19 13:16:16
500109022,42,35,6,2024-12-19 05:47:15
500109022,42,34,7,2024-12-19 05:50:15
500109022,42,33,8,2024-12-19 06:27:15
500109022,42,32,9,2024-12-19 06:33:15
500111056,42,28,14,2024-12-19 08:45:16
500107027,42,26,15,2024-12-19 08:02:15
500109023,42,24,17,2024-12-19 05:17:15
500113045,42,23,18,2024-12-19 07:17:14
500107027,42,22,19,2024-12-19 07:25:15
500109023,42,20,21,2024-12-19 08:27:16
500109035,42,20,22,2024-12-19 05:55:15
500119067,42,15,23,2024-12-19 07:57:16
500107027,42,16,25,2024-12-19 06:51:15
500108071,42,15,27,2024-12-19 08:12:15
500112054,42,15,27,2024-12-19 08:26:15
500113045,42,5,36,2024-12-19 07:35:16
500119043,42,1,41,2024-12-19 08:46:15
500109022,42,34,7,2024-12-19 03:45:15
500109022,42,32,10,2024-12-19 00:05:15
500109022,42,34,8,2024-12-19 01:04:14
500112039,42,25,17,2024-12-19 23:00:17
500119043,42,39,3,2024-12-19 23:00:17
500109022,42,11,31,2024-12-19 22:39:15
500108071,42,14,28,2024-12-19 21:49:15
500108071,42,16,26,2024-12-19 21:33:16
500112054,42,27,15,2024-12-19 21:37:15
500119067,42,1,41,2024-12-19 02:46:14
500109023,42,25,16,2024-12-19 01:58:14
500119043,42,19,23,2024-12-19 03:48:15
500112039,42,21,16,2024-12-19 04:00:17
500107013,42,3,39,2024-12-19 22:06:15
500107027,42,14,27,2024-12-19 01:47:15
500119043,42,16,26,2024-12-19 02:20:16
500119043,42,17,25,2024-12-19 02:00:17
500107118,42,24,18,2024-12-19 22:15:15
500107118,42,15,27,2024-12-19 04:01:16
500109022,42,36,5,2024-12-19 04:06:15
500119067,42,0,42,2024-12-19 22:23:14
500107027,42,28,13,2024-12-19 22:25:16
500107013,42,23,19,2024-12-19 23:23:15
500107027,42,41,0,2024-12-19 11:17:15
500119067,42,31,0,2024-12-19 10:47:16
500119067,42,27,4,2024-12-19 11:37:15
500109035,42,34,8,2024-12-19 09:57:15
500112054,42,26,16,2024-12-19 11:26:15
500107116,42,25,17,2024-12-19 10:02:15
500107116,42,24,18,2024-12-19 12:36:15
500107116,42,24,18,2024-12-19 09:57:15
500112054,42,23,19,2024-12-19 10:56:15
500107118,42,22,20,2024-12-19 12:05:17
500107118,42,21,21,2024-12-19 12:28:15
500105023,42,11,23,2024-12-19 11:37:15
500107118,42,19,23,2024-12-19 11:58:16
500111056,42,18,24,2024-12-19 11:36:15
500105023,42,9,25,2024-12-19 11:58:15
500111056,42,17,25,2024-12-19 10:32:15
500112054,42,15,27,2024-12-19 09:57:15
500113045,42,14,27,2024-12-19 12:38:15
500109023,42,12,29,2024-12-19 09:44:15
500109023,42,12,29,2024-12-19 10:06:15
500107013,42,11,31,2024-12-19 09:37:15
500108071,42,11,31,2024-12-19 09:04:15
500108071,42,9,33,2024-12-19 11:39:15
500113045,42,6,35,2024-12-19 09:35:16
500113045,42,5,36,2024-12-19 09:53:15
500113045,42,5,36,2024-12-19 10:32:15
500113045,42,4,37,2024-12-19 11:06:15
500111056,42,3,39,2024-12-19 11:00:18
500111056,42,2,40,2024-12-19 10:53:16
500119043,42,0,42,2024-12-19 12:05:16
500119043,42,0,42,2024-12-19 10:25:15
500113045,42,39,2,2024-12-19 17:47:16
500107027,42,37,4,2024-12-19 18:48:15
500109035,42,38,4,2024-12-19 19:28:15
500107027,42,34,7,2024-12-19 19:58:15
500112054,42,32,10,2024-12-19 19:19:15
500107013,42,31,11,2024-12-19 19:49:15
500112054,42,31,11,2024-12-19 18:27:15
500107013,42,30,12,2024-12-19 20:38:15
500109023,42,29,12,2024-12-19 19:44:15
500112054,42,30,12,2024-12-19 18:42:16
500112054,42,29,13,2024-12-19 18:37:15
500112054,42,27,15,2024-12-19 20:10:17
500109023,42,24,17,2024-12-19 21:09:15
500105023,42,18,22,2024-12-19 19:15:16
500112039,42,18,24,2024-12-19 21:14:15
500113045,42,17,24,2024-12-19 19:26:14
500119067,42,17,25,2024-12-19 20:08:15
500119067,42,17,25,2024-12-19 19:27:15
500107027,42,14,27,2024-12-19 18:28:16
500113045,42,13,28,2024-12-19 19:33:15
500107118,42,13,29,2024-12-19 17:47:16
500113045,42,12,29,2024-12-19 20:03:15
500113045,42,12,29,2024-12-19 20:12:14
500107118,42,12,30,2024-12-19 17:25:16
500108071,42,12,30,2024-12-19 20:39:15
500113045,42,11,30,2024-12-19 21:20:16
500119043,42,12,30,2024-12-19 20:36:14
500119043,42,12,30,2024-12-19 20:48:15
500119067,42,8,34,2024-12-19 19:02:16
500109022,42,7,35,2024-12-19 20:59:15
500119067,42,2,35,2024-12-19 18:18:16
500105023,42,4,36,2024-12-19 20:37:15
500108071,42,6,36,2024-12-19 17:46:15
500109022,42,6,36,2024-12-19 17:33:16
500119067,42,1,36,2024-12-19 17:48:16
500119067,42,5,37,2024-12-19 20:59:15
500119043,42,3,39,2024-12-19 19:29:15
500119043,42,1,41,2024-12-19 20:02:15
500112054,42,40,2,2024-12-19 14:02:14
500112054,42,38,4,2024-12-19 13:36:15
500112054,42,38,4,2024-12-19 14:14:15
500119067,42,27,4,2024-12-19 13:53:14
500107027,42,35,6,2024-12-19 16:18:16
500112054,42,36,6,2024-12-19 15:07:15
500112054,42,35,7,2024-12-19 15:48:15
500109023,42,32,9,2024-12-19 15:16:15
500109023,42,26,15,2024-12-19 16:17:15
500112054,42,27,15,2024-12-19 16:25:16
500107116,42,26,16,2024-12-19 16:36:15
500111056,42,19,23,2024-12-19 14:21:15
500119067,42,13,24,2024-12-19 16:58:15
500111056,42,17,25,2024-12-19 16:18:16
500105023,42,7,27,2024-12-19 15:42:15
500107118,42,14,28,2024-12-19 16:33:15
500113045,42,11,30,2024-12-19 14:51:15
500108071,42,9,33,2024-12-19 14:14:14
500119067,42,3,34,2024-12-19 17:08:16
500119043,42,3,39,2024-12-19 16:22:15
500119043,42,3,39,2024-12-19 14:18:15
500119043,42,1,41,2024-12-19 15:39:15
500112054,42,28,14,2024-12-19 21:44:15
500119067,42,34,0,2024-12-19 08:46:16
500109023,42,31,10,2024-12-19 06:21:15
500112039,42,25,12,2024-12-19 06:12:14
500112039,42,22,15,2024-12-19 06:32:15
500109023,42,22,19,2024-12-19 05:38:14
500107013,42,22,20,2024-12-19 06:34:15
500119067,42,18,20,2024-12-19 08:17:15
500105023,42,20,21,2024-12-19 06:56:15
500109035,42,21,21,2024-12-19 07:21:15
500119067,42,19,23,2024-12-19 07:27:15
500113045,42,16,25,2024-12-19 08:37:15
500107013,42,15,27,2024-12-19 08:27:16
500107027,42,14,27,2024-12-19 06:17:14
500107118,42,14,28,2024-12-19 05:47:15
500112054,42,9,33,2024-12-19 07:47:15
500107118,42,8,34,2024-12-19 07:17:14
500113045,42,5,36,2024-12-19 08:47:15
500119043,42,2,40,2024-12-19 08:15:16
500119067,42,1,41,2024-12-19 06:46:15
500107013,42,5,37,2024-12-19 00:27:15
500109023,42,26,15,2024-12-19 00:08:15
500119043,42,19,23,2024-12-19 00:06:15
500107116,42,32,10,2024-12-19 23:26:15
500119043,42,16,26,2024-12-19 00:58:14
500107027,42,26,15,2024-12-19 23:09:15
500119067,42,0,42,2024-12-19 22:30:18
500112039,42,25,17,2024-12-19 22:36:14
500107027,42,27,14,2024-12-19 21:34:15
500109022,42,36,5,2024-12-19 04:17:15
500107027,42,30,11,2024-12-19 22:07:15
500112054,42,31,11,2024-12-19 21:59:15
500112054,42,12,30,2024-12-19 01:22:15
500119067,42,1,41,2024-12-19 21:58:15
500107013,42,2,40,2024-12-19 21:59:15
500113045,42,6,35,2024-12-19 21:54:14
500107013,42,0,42,2024-12-19 03:27:15
500107013,42,22,20,2024-12-19 23:57:15
500107118,42,13,29,2024-12-19 00:36:15
500112054,42,14,28,2024-12-19 00:52:15
500109022,42,24,18,2024-12-19 23:06:15
500107027,42,27,14,2024-12-19 22:16:15
500107013,42,17,25,2024-12-19 22:24:15
500107118,42,7,35,2024-12-19 01:56:14
500107118,42,10,32,2024-12-19 01:33:15
500119067,42,31,0,2024-12-19 10:34:15
500119067,42,33,1,2024-12-19 09:05:16
500107027,42,39,2,2024-12-19 10:54:15
500109035,42,36,6,2024-12-19 11:24:15
500107027,42,29,12,2024-12-19 11:47:15
500107013,42,28,14,2024-12-19 11:27:15
500107013,42,27,15,2024-12-19 11:08:15
500107027,42,26,15,2024-12-19 12:27:15
500107116,42,26,16,2024-12-19 10:45:16
500107118,42,19,23,2024-12-19 09:47:15
500107118,42,19,23,2024-12-19 12:19:16
500107118,42,15,27,2024-12-19 10:28:16
500112039,42,14,27,2024-12-19 09:56:16
500113045,42,14,27,2024-12-19 12:55:16
500109023,42,12,29,2024-12-19 11:08:15
500113045,42,12,29,2024-12-19 11:58:15
500111056,42,12,30,2024-12-19 10:48:15
500107013,42,9,33,2024-12-19 09:27:15
500109023,42,7,34,2024-12-19 12:48:14
500113045,42,7,34,2024-12-19 10:07:16
500113045,42,6,35,2024-12-19 10:45:15
500113045,42,4,37,2024-12-19 11:28:15
500113045,42,3,38,2024-12-19 11:18:16
500109022,42,1,40,2024-12-19 10:22:16
500111056,42,1,41,2024-12-19 11:17:15
500119043,42,0,42,2024-12-19 13:08:16
500119043,42,0,42,2024-12-19 10:12:16
500113045,42,41,0,2024-12-19 18:06:15
500107027,42,38,3,2024-12-19 18:55:17
500109035,42,39,3,2024-12-19 19:19:15
500109035,42,37,5,2024-12-19 18:32:16
500109023,42,31,10,2024-12-19 20:06:15
500107013,42,31,11,2024-12-19 20:27:15
500107013,42,30,12,2024-12-19 19:59:15
500107118,42,30,12,2024-12-19 20:11:16
500107116,42,28,14,2024-12-19 19:38:15
500109023,42,26,15,2024-12-19 19:10:17
500107027,42,25,16,2024-12-19 17:28:15
500107118,42,23,19,2024-12-19 19:18:15
500107118,42,20,22,2024-12-19 18:55:17
500105023,42,14,26,2024-12-19 18:55:17
500107027,42,14,27,2024-12-19 18:18:15
500112039,42,15,27,2024-12-19 20:47:15
500105023,42,12,28,2024-12-19 19:36:15
500112039,42,13,29,2024-12-19 19:46:15
500108071,42,12,30,2024-12-19 19:43:15
500119043,42,11,31,2024-12-19 20:24:15
500111056,42,8,34,2024-12-19 17:46:15
500119067,42,1,36,2024-12-19 17:58:15
500119067,42,2,40,2024-12-19 21:20:16
500109035,42,40,2,2024-12-19 13:49:15
500109035,42,40,2,2024-12-19 16:53:15
500107027,42,34,7,2024-12-19 15:18:15
500107027,42,33,8,2024-12-19 16:38:15
500107027,42,32,9,2024-12-19 14:25:16
500107116,42,27,15,2024-12-19 14:48:14
500119067,42,22,15,2024-12-19 16:38:15
500107013,42,26,16,2024-12-19 13:38:15
500107013,42,26,16,2024-12-19 15:08:14
500107118,42,26,16,2024-12-19 13:48:15
500107118,42,26,16,2024-12-19 15:24:15
500107013,42,24,18,2024-12-19 15:38:15
500112054,42,24,18,2024-12-19 17:18:16
500119067,42,9,22,2024-12-19 15:27:15
500105023,42,9,25,2024-12-19 13:46:16
500105023,42,10,25,2024-12-19 17:08:16
500119067,42,5,26,2024-12-19 15:18:15
500105023,42,7,28,2024-12-19 16:21:14
500119067,42,3,28,2024-12-19 15:08:14
500108071,42,11,31,2024-12-19 15:30:17
500113045,42,10,31,2024-12-19 14:38:15
500108071,42,10,32,2024-12-19 15:02:15
500109022,42,7,34,2024-12-19 13:09:15
500109022,42,6,36,2024-12-19 16:18:15
500119067,42,0,37,2024-12-19 17:18:15
500119043,42,3,39,2024-12-19 14:28:15
500112039,42,2,40,2024-12-19 16:43:15
500119043,42,0,42,2024-12-19 13:25:16
500111056,42,16,26,2024-12-19 21:49:15
500105023,42,36,5,2024-12-19 07:56:15
500111056,42,36,6,2024-12-19 07:57:16
500112039,42,31,6,2024-12-19 07:47:15
500111056,42,35,7,2024-12-19 07:37:15
500107116,42,34,8,2024-12-19 07:25:15
500109023,42,33,8,2024-12-19 06:52:15
500111056,42,32,10,2024-12-19 07:26:15
500111056,42,32,10,2024-12-19 08:03:15
500113045,42,29,12,2024-12-19 06:45:15
500119067,42,22,12,2024-12-19 08:25:16
500109022,42,28,13,2024-12-19 06:53:15
500112039,42,24,13,2024-12-19 08:17:15
500112039,42,28,13,2024-12-19 08:37:15
500112039,42,25,16,2024-12-19 08:47:15
500109023,42,18,23,2024-12-19 08:37:15
500105023,42,16,25,2024-12-19 06:45:16
500107013,42,17,25,2024-12-19 04:57:14
500107027,42,14,27,2024-12-19 06:29:15
500107118,42,13,29,2024-12-19 05:23:15
500109022,42,12,29,2024-12-19 08:16:15
500105023,42,11,30,2024-12-19 06:08:14
500109022,42,9,32,2024-12-19 08:29:15
500107118,42,8,34,2024-12-19 07:27:15
500107118,42,21,21,2024-12-19 00:07:15
500109022,42,33,9,2024-12-19 00:31:14
500111056,42,12,30,2024-12-19 22:44:14
500109022,42,41,1,2024-12-19 23:36:15
500107116,42,37,5,2024-12-19 00:31:14
500107118,42,12,30,2024-12-19 01:14:14
500111056,42,13,29,2024-12-19 00:37:15
500105023,42,4,36,2024-12-19 23:13:15
500109023,42,27,14,2024-12-19 22:31:16
500107116,42,40,2,2024-12-19 22:25:16
500107118,42,2,40,2024-12-19 03:03:15
500111056,42,14,28,2024-12-19 22:03:15
500107118,42,10,32,2024-12-19 01:24:14
500107118,42,26,16,2024-12-19 21:50:17
500119043,42,18,24,2024-12-19 03:17:15
500108071,42,14,28,2024-12-19 23:49:15
500107027,42,28,13,2024-12-19 23:54:15
500107013,42,3,39,2024-12-19 01:00:17
500107118,42,3,39,2024-12-19 02:09:15
500112054,42,13,29,2024-12-19 02:10:16
500111056,42,15,27,2024-12-19 22:18:15
500112039,42,24,18,2024-12-19 22:17:15
500112039,42,24,18,2024-12-19 22:26:15
500119043,42,37,5,2024-12-19 22:26:15
500119043,42,16,26,2024-12-19 01:52:15
500107118,42,29,13,2024-12-19 23:22:15
500109035,42,42,0,2024-12-19 13:05:16
500119067,42,34,0,2024-12-19 09:09:15
500119067,42,30,1,2024-12-19 10:57:15
500107118,42,29,13,2024-12-19 10:05:16
500107013,42,28,14,2024-12-19 11:48:15
500107116,42,27,15,2024-12-19 10:13:15
500107027,42,25,16,2024-12-19 12:08:15
500112054,42,24,18,2024-12-19 11:05:17
500107013,42,22,20,2024-12-19 12:54:15
500107118,42,22,20,2024-12-19 12:37:15
500112039,42,20,21,2024-12-19 09:08:15
500105023,42,12,22,2024-12-19 09:36:15
500112054,42,20,22,2024-12-19 10:17:16
500107118,42,18,24,2024-12-19 09:33:15
500113045,42,16,25,2024-12-19 12:48:15
500107118,42,16,26,2024-12-19 09:22:15
500109023,42,15,26,2024-12-19 09:31:15
500105023,42,7,27,2024-12-19 12:03:14
500107118,42,13,29,2024-12-19 11:24:15
500113045,42,12,29,2024-12-19 12:26:15
500109023,42,9,32,2024-12-19 10:47:16
500109022,42,8,33,2024-12-19 11:57:16
500112039,42,7,34,2024-12-19 11:04:15
500108071,42,7,35,2024-12-19 13:01:15
500112039,42,6,35,2024-12-19 11:46:14
500119043,42,5,37,2024-12-19 12:46:15
500112039,42,2,39,2024-12-19 12:46:15
500119043,42,2,40,2024-12-19 11:57:16
500119043,42,2,40,2024-12-19 12:19:15
500119043,42,2,40,2024-12-19 11:27:15
500119043,42,1,41,2024-12-19 11:33:16
500109035,42,39,3,2024-12-19 17:42:15
500107013,42,36,6,2024-12-19 19:07:15
500107027,42,35,6,2024-12-19 20:13:15
500107027,42,33,8,2024-12-19 20:22:15
500112054,42,34,8,2024-12-19 19:28:15
500105023,42,29,9,2024-12-19 17:38:16
500107027,42,29,12,2024-12-19 20:58:15
500107027,42,28,13,2024-12-19 21:01:15
500107116,42,28,14,2024-12-19 19:44:14
500105023,42,24,16,2024-12-19 18:06:15
500107027,42,25,16,2024-12-19 17:58:15
500112054,42,26,16,2024-12-19 21:19:15
500113045,42,25,16,2024-12-19 18:47:16
500109023,42,23,18,2024-12-19 19:28:14
500113045,42,20,21,2024-12-19 19:00:18
500119043,42,21,21,2024-12-19 21:18:15
500119067,42,20,22,2024-12-19 18:38:15
500107118,42,17,25,2024-12-19 18:16:16
500109023,42,15,26,2024-12-19 18:13:16
500113045,42,15,26,2024-12-19 20:32:14
500111056,42,15,27,2024-12-19 21:09:16
500113045,42,13,28,2024-12-19 19:59:16
500105023,42,11,29,2024-12-19 19:39:15
500113045,42,12,29,2024-12-19 20:28:15
500105023,42,8,32,2024-12-19 20:09:15
500112039,42,6,36,2024-12-19 18:57:15
500109022,42,5,37,2024-12-19 18:04:16
500119067,42,31,0,2024-12-19 13:26:17
500109035,42,41,1,2024-12-19 13:38:16
500109035,42,40,2,2024-12-19 14:47:15
500119067,42,26,5,2024-12-19 14:17:15
500112054,42,36,6,2024-12-19 14:42:15
500112054,42,29,13,2024-12-19 16:33:15
500107013,42,26,16,2024-12-19 14:11:16
500107118,42,26,16,2024-12-19 13:27:15
500109023,42,21,20,2024-12-19 17:16:16
500107118,42,17,25,2024-12-19 16:28:15
500113045,42,15,26,2024-12-19 16:27:16
500105023,42,1,34,2024-12-19 16:52:15
500109022,42,5,36,2024-12-19 13:29:15
500109022,42,5,36,2024-12-19 14:00:17
500112039,42,2,39,2024-12-19 15:43:15
500112039,42,2,39,2024-12-19 16:08:16
500119043,42,1,41,2024-12-19 13:36:15
500112039,42,19,23,2024-12-19 21:41:15
500119067,42,33,1,2024-12-19 08:57:15
500109035,42,32,10,2024-12-19 08:36:15
500112039,42,24,13,2024-12-19 06:44:14
500112039,42,24,13,2024-12-19 07:27:15
500105023,42,25,16,2024-12-19 07:36:15
500109035,42,26,16,2024-12-19 08:13:15
500111056,42,26,16,2024-12-19 08:57:15
500107013,42,24,18,2024-12-19 06:47:15
500111056,42,24,18,2024-12-19 07:17:14
500119043,42,21,21,2024-12-19 06:02:15
500109022,42,19,22,2024-12-19 07:13:15
500108071,42,18,24,2024-12-19 05:10:15
500109023,42,17,24,2024-12-19 06:09:15
500109023,42,16,25,2024-12-19 08:46:15
500108071,42,15,27,2024-12-19 07:43:15
500107027,42,13,28,2024-12-19 06:25:15
500119043,42,14,28,2024-12-19 07:36:15
500107027,42,11,30,2024-12-19 08:37:15
500112054,42,12,30,2024-12-19 05:17:15
500108071,42,11,31,2024-12-19 08:55:16
500107118,42,7,35,2024-12-19 08:54:15
500107118,42,5,37,2024-12-19 07:57:16
500109022,42,4,37,2024-12-19 08:44:16
500113045,42,1,40,2024-12-19 08:17:15
500113045,42,0,41,2024-12-19 08:03:15
500107013,42,4,38,2024-12-19 00:11:14
500113045,42,14,27,2024-12-19 00:11:14
500119043,42,15,27,2024-12-19 00:47:15
500107013,42,4,38,2024-12-19 00:43:15
500119067,42,0,42,2024-12-19 23:10:17
500105023,42,0,40,2024-12-19 21:35:16
500107013,42,14,28,2024-12-19 22:37:15
500112054,42,32,10,2024-12-19 22:11:15
500109022,42,11,31,2024-12-19 22:03:14
500109022,42,10,32,2024-12-19 21:47:15
500107013,42,0,42,2024-12-19 03:42:15
500119043,42,39,3,2024-12-19 22:42:15
500109023,42,26,15,2024-12-19 22:18:15
500107116,42,39,3,2024-12-19 22:10:17
500107118,42,30,12,2024-12-19 22:26:15
500107013,42,29,13,2024-12-19 22:56:15
500119043,42,40,2,2024-12-19 22:58:15
500113045,42,18,23,2024-12-19 23:31:15
500112039,42,24,14,2024-12-19 01:34:15
500119067,42,31,0,2024-12-19 09:37:16
500119067,42,31,0,2024-12-19 10:03:17
500119067,42,30,1,2024-12-19 12:17:16
500112054,42,39,3,2024-12-19 12:58:15
500112054,42,36,6,2024-12-19 12:45:16
500109035,42,35,7,2024-12-19 10:00:18
500109035,42,35,7,2024-12-19 10:25:16
500112054,42,29,13,2024-12-19 11:58:16
500107116,42,27,15,2024-12-19 10:56:15
500107116,42,26,16,2024-12-19 09:37:15
500107118,42,23,19,2024-12-19 13:03:15
500107013,42,22,20,2024-12-19 12:45:16
500107013,42,22,20,2024-12-19 13:05:15
500107013,42,22,20,2024-12-19 12:16:15
500107013,42,16,26,2024-12-19 09:46:16
500112054,42,13,29,2024-12-19 09:22:15
500108071,42,11,31,2024-12-19 11:20:17
500109023,42,10,31,2024-12-19 12:06:15
500108071,42,10,32,2024-12-19 11:30:17
500107013,42,9,33,2024-12-19 09:07:15
500109022,42,8,33,2024-12-19 12:37:15
500109023,42,8,33,2024-12-19 12:15:16
500108071,42,7,35,2024-12-19 12:36:14
500113045,42,6,35,2024-12-19 11:48:15
500113045,42,6,35,2024-12-19 10:17:16
500109035,42,20,22,2024-12-19 02:30:16
500109035,42,41,1,2024-12-19 17:34:15
500113045,42,37,4,2024-12-19 17:26:15
500109035,42,36,6,2024-12-19 18:27:15
500107027,42,34,7,2024-12-19 19:49:15
500109035,42,34,8,2024-12-19 20:58:14
500105023,42,31,9,2024-12-19 17:44:15
500112054,42,32,10,2024-12-19 18:16:16
500107013,42,31,11,2024-12-19 17:58:15
500105023,42,27,13,2024-12-19 17:59:15
500107013,42,28,14,2024-12-19 18:08:16
500109023,42,27,14,2024-12-19 20:46:16
500112054,42,28,14,2024-12-19 20:32:15
500107013,42,27,15,2024-12-19 18:38:15
500112054,42,27,15,2024-12-19 20:42:15
500113045,42,21,20,2024-12-19 18:57:15
500107118,42,18,24,2024-12-19 18:44:16
500113045,42,17,24,2024-12-19 19:19:15
500113045,42,17,24,2024-12-19 20:59:15
500109023,42,16,25,2024-12-19 18:05:16
500107118,42,16,26,2024-12-19 18:05:16
500109023,42,15,26,2024-12-19 18:29:16
500119067,42,16,26,2024-12-19 19:52:15
500109023,42,13,28,2024-12-19 18:36:16
500111056,42,10,32,2024-12-19 18:58:15
500112039,42,8,34,2024-12-19 19:11:15
500112039,42,7,35,2024-12-19 19:04:15
500111056,42,6,36,2024-12-19 19:54:15
500105023,42,3,37,2024-12-19 21:09:16
500119043,42,5,37,2024-12-19 18:58:15
500105023,42,2,38,2024-12-19 21:17:15
500109022,42,4,38,2024-12-19 17:57:15
500119043,42,3,39,2024-12-19 18:23:16
500107013,42,25,17,2024-12-19 14:22:15
500105023,42,16,19,2024-12-19 17:18:16
500107013,42,23,19,2024-12-19 16:12:15
500109023,42,20,21,2024-12-19 16:48:16
500105023,42,7,28,2024-12-19 16:36:15
500113045,42,11,30,2024-12-19 16:14:15
500108071,42,10,32,2024-12-19 16:50:17
500109023,42,7,34,2024-12-19 13:48:15
500108071,42,7,35,2024-12-19 17:07:15
500109023,42,4,37,2024-12-19 13:10:16
500109023,42,3,38,2024-12-19 13:29:14
500119043,42,2,40,2024-12-19 17:16:16
500112039,42,0,42,2024-12-19 17:08:16
500119043,42,30,12,2024-12-19 21:43:14
500109023,42,32,9,2024-12-19 06:46:15
500107116,42,31,11,2024-12-19 08:23:15
500109035,42,31,11,2024-12-19 08:44:16
500109035,42,28,14,2024-12-19 08:26:15
500112039,42,23,14,2024-12-19 05:00:16
500105023,42,26,15,2024-12-19 07:23:15
500111056,42,27,15,2024-12-19 08:16:15
500107013,42,26,16,2024-12-19 07:14:15
500107013,42,23,19,2024-12-19 08:17:15
500113045,42,22,19,2024-12-19 05:43:14
500119067,42,23,19,2024-12-19 07:37:15
500107027,42,21,20,2024-12-19 07:36:15
500107027,42,21,20,2024-12-19 07:45:16
500107013,42,19,23,2024-12-19 06:07:15
500107027,42,18,23,2024-12-19 08:17:15
500108071,42,17,25,2024-12-19 07:27:15
500111056,42,15,27,2024-12-19 06:16:15
500107027,42,11,30,2024-12-19 08:27:16
500108071,42,12,30,2024-12-19 08:31:15
500107118,42,11,31,2024-12-19 06:33:15
500107118,42,11,31,2024-12-19 06:10:16
500112054,42,11,31,2024-12-19 07:23:15
500112054,42,10,32,2024-12-19 06:07:15
500105023,42,8,33,2024-12-19 05:46:14
500105023,42,6,35,2024-12-19 08:25:16
500107118,42,7,35,2024-12-19 08:27:16
500107118,42,4,38,2024-12-19 07:34:15
500109022,42,2,39,2024-12-19 07:53:16
500107118,42,16,26,2024-12-19 03:54:15
500113045,42,17,24,2024-12-19 23:27:14
500119043,42,14,28,2024-12-19 00:30:16
500119043,42,16,26,2024-12-19 00:18:14
500109023,42,26,15,2024-12-19 22:50:15
500119067,42,0,42,2024-12-19 00:46:15
500107013,42,2,40,2024-12-19 01:11:15
500109035,42,19,23,2024-12-19 00:47:15
500107027,42,27,14,2024-12-19 22:31:15
500107118,42,30,12,2024-12-19 22:37:17
500119043,42,38,4,2024-12-19 22:39:15
500111056,42,17,25,2024-12-19 21:28:15
500109035,42,32,10,2024-12-19 21:39:15
500107116,42,36,6,2024-12-19 21:38:15
500109035,42,21,21,2024-12-19 02:41:15
500112054,42,13,29,2024-12-19 04:09:15
500107013,42,16,26,2024-12-19 04:02:15
500107118,42,25,17,2024-12-19 22:01:15
500119043,42,35,7,2024-12-19 22:06:15
500107116,42,37,5,2024-12-19 21:52:15
500109022,42,21,21,2024-12-19 22:48:15
500107118,42,31,11,2024-12-19 22:49:15
500112039,42,22,15,2024-12-19 04:30:15
500109022,42,25,17,2024-12-19 22:51:15
500107027,42,25,16,2024-12-19 23:33:15
500109022,42,39,3,2024-12-19 23:31:15
500107118,42,4,38,2024-12-19 02:05:16
500119067,42,28,3,2024-12-19 11:57:16
500119067,42,28,3,2024-12-19 11:17:17
500107027,42,35,6,2024-12-19 10:28:15
500107027,42,32,9,2024-12-19 09:25:16
500109035,42,33,9,2024-12-19 09:08:15
500107013,42,30,12,2024-12-19 10:57:15
500107013,42,28,14,2024-12-19 10:47:16
500107116,42,27,15,2024-12-19 10:30:15
500107013,42,24,18,2024-12-19 12:08:15
500107027,42,22,19,2024-12-19 09:04:15
500111056,42,19,23,2024-12-19 09:43:15
500107118,42,17,25,2024-12-19 11:45:15
500107118,42,17,25,2024-12-19 10:46:15
500109023,42,16,25,2024-12-19 09:27:15
500107118,42,15,27,2024-12-19 11:38:14
500113045,42,11,30,2024-12-19 12:15:16
500112039,42,10,31,2024-12-19 10:38:15
500113045,42,9,32,2024-12-19 12:08:15
500109022,42,6,35,2024-12-19 12:58:15
500108071,42,6,36,2024-12-19 12:57:15
500112039,42,5,36,2024-12-19 11:58:15
500119043,42,3,39,2024-12-19 09:47:15
500111056,42,2,40,2024-12-19 11:25:15
500119043,42,2,40,2024-12-19 12:28:15
500119043,42,0,42,2024-12-19 09:09:16
500109035,42,42,0,2024-12-19 17:25:16
500113045,42,40,1,2024-12-19 18:17:16
500109035,42,35,7,2024-12-19 20:02:14
500107013,42,33,9,2024-12-19 18:47:15
500112054,42,33,9,2024-12-19 18:57:15
500113045,42,32,9,2024-12-19 18:38:16
500107116,42,31,11,2024-12-19 20:45:16
500112054,42,31,11,2024-12-19 19:56:16
500107118,42,29,13,2024-12-19 20:47:15
500105023,42,20,18,2024-12-19 17:28:16
500107027,42,20,21,2024-12-19 18:08:16
500109023,42,18,23,2024-12-19 17:59:15
500119067,42,18,24,2024-12-19 19:18:15
500105023,42,14,26,2024-12-19 19:24:15
500107118,42,15,27,2024-12-19 17:38:16
500113045,42,14,27,2024-12-19 20:45:16
500119067,42,15,27,2024-12-19 19:47:15
500107118,42,14,28,2024-12-19 17:58:16
500108071,42,13,29,2024-12-19 20:10:17
500111056,42,13,29,2024-12-19 18:16:16
500112039,42,13,29,2024-12-19 20:25:15
500105023,42,9,31,2024-12-19 20:10:16
500111056,42,11,31,2024-12-19 18:37:15
500112039,42,11,31,2024-12-19 19:35:16
500119043,42,9,33,2024-12-19 17:38:16
500111056,42,6,36,2024-12-19 20:08:15
500119067,42,1,36,2024-12-19 17:28:16
500119067,42,1,36,2024-12-19 17:38:16
500119067,42,1,41,2024-12-19 21:10:15
500112039,42,0,42,2024-12-19 18:17:16
500109035,42,41,1,2024-12-19 13:40:18
500109035,42,39,3,2024-12-19 16:38:14
500107027,42,37,4,2024-12-19 15:55:16
500119067,42,27,4,2024-12-19 14:04:14
500107027,42,36,5,2024-12-19 16:05:16
500119067,42,31,6,2024-12-19 16:06:15
500119067,42,24,7,2024-12-19 14:25:16
500107027,42,33,8,2024-12-19 15:25:15
500119067,42,19,12,2024-12-19 15:48:15
500109023,42,26,15,2024-12-19 16:28:15
500119067,42,15,16,2024-12-19 14:57:15
500109023,42,22,19,2024-12-19 16:53:14
500109023,42,18,23,2024-12-19 13:51:15
500113045,42,15,26,2024-12-19 13:09:15
500111056,42,11,31,2024-12-19 16:58:15
500113045,42,10,31,2024-12-19 14:41:15
500108071,42,9,33,2024-12-19 16:47:15
500119043,42,3,39,2024-12-19 17:07:15
500112039,42,2,40,2024-12-19 16:16:14
500119043,42,2,40,2024-12-19 15:26:15
500119043,42,1,41,2024-12-19 15:13:16
500111056,42,0,42,2024-12-19 17:08:16
500112039,42,0,42,2024-12-19 16:57:16
500107116,42,36,6,2024-12-19 05:22:15
500112039,42,23,14,2024-12-19 06:02:15
500109035,42,25,17,2024-12-19 07:58:15
500109035,42,22,20,2024-12-19 07:34:15
500112039,42,20,21,2024-12-19 08:27:16
500107027,42,19,22,2024-12-19 08:57:15
500113045,42,19,22,2024-12-19 08:27:16
500108071,42,16,26,2024-12-19 07:59:15
500105023,42,7,27,2024-12-19 08:47:15
500105023,42,14,27,2024-12-19 06:30:17
500107027,42,14,27,2024-12-19 06:45:16
500108071,42,15,27,2024-12-19 07:57:16
500111056,42,12,30,2024-12-19 05:46:15
500107013,42,11,31,2024-12-19 08:47:15
500112054,42,11,31,2024-12-19 08:35:16
500105023,42,9,32,2024-12-19 08:17:15
500107118,42,8,34,2024-12-19 08:36:15
500113045,42,3,38,2024-12-19 07:47:15
500113045,42,3,38,2024-12-19 07:57:16
500119067,42,3,39,2024-12-19 06:54:15
500109022,42,40,2,2024-12-19 23:26:15
500109023,42,27,14,2024-12-19 00:04:16
500119043,42,41,1,2024-12-19 23:49:15
500119067,42,1,41,2024-12-19 00:05:16
500105023,42,3,37,2024-12-19 23:20:16
500112039,42,23,15,2024-12-19 00:08:15
500107013,42,24,18,2024-12-19 23:10:16
500109022,42,25,17,2024-12-19 23:19:15
500109035,42,34,8,2024-12-19 22:33:15
500113045,42,3,38,2024-12-19 22:38:14
500113045,42,10,31,2024-12-19 21:36:15
500107013,42,13,29,2024-12-19 21:39:15
500113045,42,17,24,2024-12-19 02:09:15
500119043,42,17,25,2024-12-19 03:02:15
500107118,42,14,28,2024-12-19 04:24:15
500113045,42,8,33,2024-12-19 22:09:15
500109035,42,34,8,2024-12-19 22:05:16
500112039,42,20,22,2024-12-19 21:56:15
500107027,42,13,28,2024-12-19 01:01:14
500119067,42,0,42,2024-12-19 23:08:15
500107013,42,25,17,2024-12-19 23:09:15
500113045,42,6,35,2024-12-19 22:26:15
500109022,42,12,30,2024-12-19 22:24:15
500112039,42,24,18,2024-12-19 22:53:15
500119067,42,1,41,2024-12-19 23:32:16
500107027,42,39,2,2024-12-19 10:37:16
500109035,42,40,2,2024-12-19 11:38:15
500119067,42,29,2,2024-12-19 12:28:15
500109035,42,39,3,2024-12-19 12:23:16
500119067,42,28,3,2024-12-19 11:48:15
500119067,42,27,4,2024-12-19 12:48:15
500107027,42,36,5,2024-12-19 11:37:15
500109035,42,37,5,2024-12-19 10:17:16
500109035,42,35,7,2024-12-19 10:48:15
500107027,42,28,13,2024-12-19 12:41:15
500112054,42,29,13,2024-12-19 12:04:16
500107027,42,26,15,2024-12-19 12:18:15
500107116,42,26,16,2024-12-19 11:45:15
500111056,42,25,17,2024-12-19 08:59:15
500112039,42,20,21,2024-12-19 09:47:14
500105023,42,11,23,2024-12-19 10:41:15
500112039,42,18,23,2024-12-19 09:34:15
500105023,42,10,24,2024-12-19 09:13:14
500105023,42,9,25,2024-12-19 12:32:16
500105023,42,8,26,2024-12-19 09:00:18
500105023,42,8,26,2024-12-19 12:13:16
500107118,42,16,26,2024-12-19 10:36:14
500107118,42,13,29,2024-12-19 11:12:16
500109023,42,10,31,2024-12-19 10:55:17
500108071,42,10,32,2024-12-19 09:56:16
500109023,42,9,32,2024-12-19 10:19:16
500112039,42,9,32,2024-12-19 11:33:16
500109023,42,5,36,2024-12-19 12:54:15
500112039,42,3,38,2024-12-19 12:19:16
500109022,42,2,39,2024-12-19 09:32:15
500119043,42,0,42,2024-12-19 09:07:15
500113045,42,41,0,2024-12-19 17:59:16
500109035,42,40,2,2024-12-19 18:08:15
500113045,42,39,2,2024-12-19 17:38:16
500109035,42,38,4,2024-12-19 18:50:16
500107116,42,32,10,2024-12-19 20:54:15
500113045,42,30,11,2024-12-19 18:27:15
500107116,42,30,12,2024-12-19 17:48:15
500107118,42,28,14,2024-12-19 20:51:16
500109023,42,26,15,2024-12-19 20:29:15
500107118,42,26,16,2024-12-19 21:06:14
500107013,42,23,19,2024-12-19 17:37:16
500105023,42,20,20,2024-12-19 18:18:16
500107118,42,17,25,2024-12-19 18:28:16
500112039,42,16,26,2024-12-19 20:53:15
500109023,42,13,28,2024-12-19 18:52:15
500113045,42,11,30,2024-12-19 19:47:15
500111056,42,9,33,2024-12-19 19:19:15
500119043,42,9,33,2024-12-19 18:47:15
500111056,42,6,36,2024-12-19 19:45:16
500119067,42,1,36,2024-12-19 18:05:16
500111056,42,5,37,2024-12-19 20:48:15
500109022,42,4,38,2024-12-19 18:32:16
500112039,42,4,38,2024-12-19 18:37:15
500119043,42,4,38,2024-12-19 20:10:17
500119043,42,2,40,2024-12-19 17:28:15
500109035,42,41,1,2024-12-19 14:59:14
500107027,42,36,5,2024-12-19 15:45:16
500107027,42,36,5,2024-12-19 16:22:15
500119067,42,32,5,2024-12-19 15:53:16
500112054,42,36,6,2024-12-19 15:17:15
500107027,42,31,10,2024-12-19 13:41:15
500107027,42,31,10,2024-12-19 14:58:15
500119067,42,26,11,2024-12-19 16:28:15
500112054,42,29,13,2024-12-19 16:18:16
500107118,42,28,14,2024-12-19 15:40:15
500112054,42,27,15,2024-12-19 16:58:15
500107116,42,25,17,2024-12-19 13:27:15
500107118,42,24,18,2024-12-19 15:12:15
500107013,42,22,20,2024-12-19 15:55:16
500107013,42,21,21,2024-12-19 13:09:15
500111056,42,20,22,2024-12-19 15:47:15
500105023,42,8,27,2024-12-19 15:53:14
500113045,42,14,27,2024-12-19 15:38:15
500113045,42,13,28,2024-12-19 15:56:15
500113045,42,13,28,2024-12-19 15:10:15
500107118,42,12,30,2024-12-19 16:47:15
500107118,42,11,31,2024-12-19 16:58:15
500109022,42,5,36,2024-12-19 14:39:16
500109022,42,4,37,2024-12-19 13:44:15
500109022,42,5,37,2024-12-19 17:17:16
500119043,42,3,39,2024-12-19 14:46:15
500112039,42,0,42,2024-12-19 17:13:16
500109023,42,33,8,2024-12-19 06:34:15
500107116,42,33,9,2024-12-19 07:42:15
500109023,42,32,9,2024-12-19 07:45:16
500109022,42,30,11,2024-12-19 06:43:15
500105023,42,27,14,2024-12-19 07:13:15
500113045,42,22,19,2024-12-19 05:32:15
500109035,42,20,22,2024-12-19 07:14:15
500109023,42,18,23,2024-12-19 06:04:14
500119043,42,18,24,2024-12-19 06:47:15
500112054,42,17,25,2024-12-19 08:53:15
500108071,42,16,26,2024-12-19 06:46:15
500108071,42,16,26,2024-12-19 06:53:15
500111056,42,15,27,2024-12-19 06:29:15
500112054,42,14,28,2024-12-19 08:47:15
500119067,42,10,28,2024-12-19 08:03:15
500119043,42,13,29,2024-12-19 07:45:16
500107013,42,12,30,2024-12-19 08:57:15
500109022,42,11,30,2024-12-19 08:23:15
500105023,42,9,32,2024-12-19 05:50:15
500109022,42,9,32,2024-12-19 08:03:15
500112054,42,7,35,2024-12-19 07:57:16
500107118,42,6,36,2024-12-19 08:47:15
500119043,42,0,42,2024-12-19 08:50:19
500107027,42,12,29,2024-12-19 00:18:15
500113045,42,16,25,2024-12-19 23:42:15
500112054,42,32,10,2024-12-19 23:35:15
500111007,43,5,37,2024-12-19 23:23:15
500110028,43,14,28,2024-12-19 23:33:15
500108003,43,6,37,2024-12-19 00:04:16
500106132,43,6,36,2024-12-19 22:24:15
500108005,43,21,22,2024-12-19 22:38:14
500110017,43,17,26,2024-12-19 21:37:15
500111007,43,7,36,2024-12-19 02:17:15
500111007,43,6,37,2024-12-19 22:05:16
500110017,43,16,27,2024-12-19 21:58:15
500108005,43,27,14,2024-12-19 21:53:15
500110028,43,19,24,2024-12-19 03:18:14
500110017,43,15,28,2024-12-19 23:57:15
500101133,43,11,32,2024-12-19 22:48:15
500106059,43,12,31,2024-12-19 22:54:15
500101133,43,8,35,2024-12-19 22:19:15
500108005,43,13,30,2024-12-19 04:39:15
500101120,43,0,43,2024-12-19 01:57:15
500106132,43,26,9,2024-12-19 11:35:17
500101120,43,32,11,2024-12-19 10:47:16
500101120,43,32,11,2024-12-19 11:24:15
500101120,43,30,13,2024-12-19 09:42:14
500106059,43,27,14,2024-12-19 12:42:15
500101120,43,27,16,2024-12-19 11:37:15
500101120,43,27,16,2024-12-19 11:57:15
500110017,43,26,16,2024-12-19 10:15:16
500110017,43,26,16,2024-12-19 10:25:16
500101133,43,25,18,2024-12-19 13:08:15
500106059,43,22,19,2024-12-19 10:18:15
500108003,43,24,19,2024-12-19 11:34:15
500110017,43,23,19,2024-12-19 11:47:15
500106132,43,15,20,2024-12-19 12:08:15
500108003,43,22,21,2024-12-19 11:46:14
500106059,43,16,25,2024-12-19 09:21:15
500110017,43,14,28,2024-12-19 12:18:15
500101133,43,12,31,2024-12-19 10:38:15
500101133,43,8,35,2024-12-19 10:55:17
500108005,43,6,37,2024-12-19 10:37:16
500111007,43,6,37,2024-12-19 10:30:16
500101133,43,5,38,2024-12-19 09:54:15
500111007,43,5,38,2024-12-19 11:58:16
500111007,43,5,38,2024-12-19 12:07:16
500111007,43,5,38,2024-12-19 10:18:15
500108005,43,3,40,2024-12-19 11:36:15
500101133,43,2,41,2024-12-19 09:37:15
500111007,43,2,41,2024-12-19 09:32:15
500108005,43,1,42,2024-12-19 11:18:16
500111007,43,1,42,2024-12-19 12:41:15
500101133,43,40,3,2024-12-19 17:24:16
500110017,43,39,4,2024-12-19 19:49:15
500110017,43,38,5,2024-12-19 19:35:16
500106059,43,36,7,2024-12-19 18:17:15
500110017,43,28,15,2024-12-19 20:25:15
500108005,43,23,20,2024-12-19 19:29:15
500108005,43,23,20,2024-12-19 18:58:16
500106132,43,17,22,2024-12-19 18:03:15
500106059,43,20,23,2024-12-19 19:45:15
500108003,43,20,23,2024-12-19 19:00:18
500101133,43,19,24,2024-12-19 20:28:15
500106132,43,17,25,2024-12-19 20:26:16
500106059,43,13,30,2024-12-19 20:28:15
500101120,43,12,31,2024-12-19 18:15:17
500101120,43,11,32,2024-12-19 20:53:15
500101120,43,10,33,2024-12-19 18:53:15
500106059,43,38,5,2024-12-19 17:07:15
500106059,43,31,12,2024-12-19 15:10:15
500106059,43,30,12,2024-12-19 14:48:14
500101133,43,30,13,2024-12-19 16:25:16
500101120,43,29,14,2024-12-19 13:15:15
500101133,43,27,16,2024-12-19 13:23:15
500101120,43,26,17,2024-12-19 16:45:17
500101133,43,26,17,2024-12-19 13:16:14
500101120,43,25,18,2024-12-19 16:16:15
500101120,43,25,18,2024-12-19 16:25:16
500101133,43,25,18,2024-12-19 15:31:15
500106132,43,16,19,2024-12-19 16:35:15
500110017,43,19,24,2024-12-19 17:08:16
500108003,43,18,25,2024-12-19 13:36:16
500108003,43,16,27,2024-12-19 15:16:15
500108005,43,10,33,2024-12-19 16:43:15
500110017,43,9,34,2024-12-19 15:37:16
500111007,43,9,34,2024-12-19 17:15:17
500108005,43,7,36,2024-12-19 14:24:14
500110028,43,3,40,2024-12-19 16:24:15
500110028,43,3,40,2024-12-19 15:29:15
500106059,43,41,0,2024-12-19 08:49:16
500106132,43,39,3,2024-12-19 08:33:15
500110028,43,26,16,2024-12-19 07:37:15
500106059,43,16,25,2024-12-19 07:54:15
500106059,43,10,31,2024-12-19 05:49:15
500106132,43,8,34,2024-12-19 07:25:15
500111007,43,6,37,2024-12-19 06:18:15
500101120,43,5,38,2024-12-19 04:52:15
500101133,43,5,38,2024-12-19 08:17:15
500111007,43,4,39,2024-12-19 08:17:15
500108005,43,20,23,2024-12-19 00:44:15
500110017,43,24,18,2024-12-19 00:04:16
500111007,43,6,37,2024-12-19 22:24:15
500106132,43,7,35,2024-12-19 21:28:15
500101133,43,9,34,2024-12-19 22:09:15
500101120,43,10,33,2024-12-19 23:47:14
500101120,43,4,39,2024-12-19 04:34:15
500106132,43,30,6,2024-12-19 09:41:15
500101120,43,31,12,2024-12-19 10:38:15
500106059,43,28,13,2024-12-19 09:07:15
500101120,43,29,14,2024-12-19 09:55:17
500110017,43,28,14,2024-12-19 10:41:15
500108003,43,28,15,2024-12-19 09:55:16
500101120,43,27,16,2024-12-19 12:56:15
500110017,43,26,16,2024-12-19 09:27:15
500108003,43,25,18,2024-12-19 09:46:16
500101133,43,23,20,2024-12-19 12:57:14
500106132,43,15,20,2024-12-19 12:21:15
500101120,43,22,21,2024-12-19 12:06:15
500101120,43,21,22,2024-12-19 12:25:16
500101133,43,20,23,2024-12-19 12:38:15
500108003,43,19,24,2024-12-19 12:04:16
500101133,43,17,26,2024-12-19 12:19:15
500101133,43,16,27,2024-12-19 12:28:15
500101133,43,9,34,2024-12-19 12:08:15
500108005,43,5,38,2024-12-19 09:27:14
500110028,43,5,38,2024-12-19 11:38:15
500101133,43,3,40,2024-12-19 09:46:16
500111007,43,3,40,2024-12-19 09:09:15
500111007,43,2,41,2024-12-19 12:52:15
500101133,43,42,1,2024-12-19 18:08:16
500101133,43,41,2,2024-12-19 17:37:15
500108005,43,36,7,2024-12-19 20:55:17
500110017,43,36,7,2024-12-19 19:29:15
500108005,43,31,12,2024-12-19 20:23:15
500110017,43,30,13,2024-12-19 18:56:15
500101133,43,29,14,2024-12-19 18:35:16
500108005,43,24,19,2024-12-19 19:14:16
500106132,43,22,20,2024-12-19 18:46:15
500106132,43,18,21,2024-12-19 17:55:17
500101133,43,21,22,2024-12-19 19:33:15
500108005,43,21,22,2024-12-19 18:44:16
500110028,43,20,23,2024-12-19 21:02:15
500110028,43,19,24,2024-12-19 21:12:15
500110017,43,18,25,2024-12-19 21:20:16
500110028,43,18,25,2024-12-19 20:29:14
500110028,43,18,25,2024-12-19 20:49:15
500101120,43,16,27,2024-12-19 17:47:16
500106132,43,15,27,2024-12-19 20:46:16
500108003,43,16,27,2024-12-19 19:47:15
500108005,43,16,27,2024-12-19 18:07:16
500106132,43,14,28,2024-12-19 20:56:15
500110028,43,15,28,2024-12-19 19:19:15
500111007,43,13,30,2024-12-19 19:48:14
500101133,43,12,31,2024-12-19 20:48:15
500111007,43,11,32,2024-12-19 17:24:16
500111007,43,10,33,2024-12-19 20:06:15
500108003,43,5,38,2024-12-19 18:28:16
500110028,43,0,43,2024-12-19 18:25:17
500101133,43,41,2,2024-12-19 17:08:16
500106059,43,26,15,2024-12-19 14:05:15
500101120,43,26,17,2024-12-19 14:17:15
500108003,43,20,23,2024-12-19 14:04:15
500108003,43,19,24,2024-12-19 13:42:15
500110017,43,13,29,2024-12-19 13:40:16
500110017,43,12,31,2024-12-19 16:35:15
500111007,43,6,37,2024-12-19 13:34:16
500110028,43,5,38,2024-12-19 16:05:16
500110028,43,4,39,2024-12-19 15:23:15
500110028,43,3,40,2024-12-19 13:38:15
500106059,43,41,0,2024-12-19 08:47:15
500101120,43,28,15,2024-12-19 08:36:15
500101133,43,24,19,2024-12-19 06:47:15
500106059,43,19,22,2024-12-19 08:03:15
500106132,43,19,23,2024-12-19 07:57:16
500110028,43,11,31,2024-12-19 08:56:16
500101133,43,10,33,2024-12-19 07:47:15
500101133,43,8,35,2024-12-19 07:56:15
500108003,43,7,36,2024-12-19 06:21:15
500111007,43,7,36,2024-12-19 07:36:15
500101120,43,4,39,2024-12-19 06:09:15
500108005,43,4,39,2024-12-19 08:36:15
500108005,43,1,42,2024-12-19 08:45:16
500108005,43,1,42,2024-12-19 07:30:16
500101133,43,8,35,2024-12-19 23:39:14
500101133,43,9,34,2024-12-19 23:01:15
500110028,43,12,30,2024-12-19 23:08:15
500110028,43,13,29,2024-12-19 22:30:16
500108003,43,13,30,2024-12-19 21:30:16
500110028,43,15,27,2024-12-19 21:38:15
500101133,43,34,9,2024-12-19 03:26:14
500101120,43,2,41,2024-12-19 03:39:14
500108005,43,14,29,2024-12-19 03:23:15
500101120,43,3,40,2024-12-19 03:48:15
500108005,43,21,20,2024-12-19 22:25:15
500106132,43,33,3,2024-12-19 09:52:15
500110017,43,29,13,2024-12-19 09:35:16
500110017,43,29,13,2024-12-19 09:43:15
500106059,43,27,14,2024-12-19 11:55:18
500110017,43,28,14,2024-12-19 10:05:15
500106132,43,20,15,2024-12-19 11:58:16
500110017,43,27,15,2024-12-19 10:55:17
500106059,43,24,17,2024-12-19 10:58:16
500106132,43,17,18,2024-12-19 13:07:15
500108003,43,25,18,2024-12-19 10:57:15
500101133,43,23,20,2024-12-19 12:42:14
500108003,43,23,20,2024-12-19 10:12:15
500110017,43,21,21,2024-12-19 11:53:16
500106059,43,19,22,2024-12-19 09:36:15
500110017,43,14,28,2024-12-19 12:28:15
500110028,43,6,37,2024-12-19 12:08:15
500101133,43,5,38,2024-12-19 11:03:15
500108005,43,4,39,2024-12-19 12:16:15
500110028,43,4,39,2024-12-19 11:39:15
500108005,43,3,40,2024-12-19 11:51:16
500108005,43,1,42,2024-12-19 11:46:14
500106059,43,38,5,2024-12-19 17:38:16
500108005,43,38,5,2024-12-19 21:00:16
500106059,43,37,6,2024-12-19 17:47:16
500108005,43,29,14,2024-12-19 21:19:16
500108005,43,27,16,2024-12-19 21:20:16
500108003,43,23,20,2024-12-19 18:35:16
500108005,43,23,20,2024-12-19 19:02:16
500110017,43,23,20,2024-12-19 18:29:16
500106059,43,22,21,2024-12-19 19:24:16
500110028,43,20,23,2024-12-19 21:20:16
500108003,43,19,24,2024-12-19 19:11:15
500110017,43,19,24,2024-12-19 21:03:14
500110028,43,18,25,2024-12-19 20:09:15
500106132,43,16,26,2024-12-19 20:32:15
500108005,43,13,30,2024-12-19 17:42:15
500106132,43,11,31,2024-12-19 21:05:16
500101120,43,11,32,2024-12-19 18:28:16
500108003,43,4,39,2024-12-19 17:49:15
500106132,43,27,12,2024-12-19 17:11:16
500106059,43,30,13,2024-12-19 15:22:15
500106059,43,28,15,2024-12-19 14:58:15
500106132,43,20,15,2024-12-19 15:01:16
500101120,43,27,16,2024-12-19 15:02:15
500101133,43,27,16,2024-12-19 14:24:14
500101133,43,25,18,2024-12-19 13:33:15
500101120,43,24,19,2024-12-19 17:18:16
500108003,43,19,24,2024-12-19 14:32:15
500110017,43,12,31,2024-12-19 16:26:15
500108005,43,10,33,2024-12-19 16:21:14
500108005,43,9,34,2024-12-19 15:55:16
500110017,43,9,34,2024-12-19 16:15:16
500111007,43,4,39,2024-12-19 15:04:15
500110028,43,0,43,2024-12-19 16:48:16
500101120,43,29,14,2024-12-19 08:57:15
500101120,43,25,18,2024-12-19 08:47:15
500110017,43,22,20,2024-12-19 06:05:15
500108003,43,13,30,2024-12-19 07:57:16
500101133,43,10,33,2024-12-19 07:27:15
500106132,43,9,33,2024-12-19 07:28:15
500111007,43,8,35,2024-12-19 07:14:15
500108003,43,7,36,2024-12-19 06:36:14
500108005,43,6,37,2024-12-19 06:56:15
500106132,43,1,41,2024-12-19 04:48:15
500108005,43,1,42,2024-12-19 08:57:15
500110028,43,13,29,2024-12-19 23:26:15
500101133,43,2,41,2024-12-19 00:20:15
500106059,43,23,18,2024-12-19 00:10:15
500110017,43,22,20,2024-12-19 00:21:14
500110028,43,11,32,2024-12-19 00:16:15
500110028,43,16,27,2024-12-19 01:08:16
500101133,43,3,40,2024-12-19 02:10:16
500110028,43,17,26,2024-12-19 01:48:15
500110017,43,15,28,2024-12-19 22:26:15
500101133,43,10,33,2024-12-19 22:53:15
500106132,43,35,1,2024-12-19 10:47:16
500110017,43,28,14,2024-12-19 09:56:15
500106059,43,25,16,2024-12-19 11:25:15
500106059,43,24,17,2024-12-19 09:09:15
500110017,43,24,18,2024-12-19 09:07:15
500106132,43,15,20,2024-12-19 12:48:15
500106132,43,14,21,2024-12-19 12:15:16
500108005,43,7,36,2024-12-19 10:05:16
500110028,43,7,36,2024-12-19 10:55:17
500111007,43,6,37,2024-12-19 11:39:15
500111007,43,5,38,2024-12-19 11:16:15
500108005,43,4,39,2024-12-19 12:58:15
500108005,43,4,39,2024-12-19 09:47:14
500101133,43,3,40,2024-12-19 09:07:15
500101133,43,41,2,2024-12-19 17:57:15
500106059,43,39,4,2024-12-19 18:37:15
500101133,43,38,5,2024-12-19 18:18:15
500106132,43,24,15,2024-12-19 17:34:15
500110017,43,28,15,2024-12-19 20:07:15
500106132,43,22,20,2024-12-19 19:24:15
500101133,43,22,21,2024-12-19 19:49:15
500101133,43,21,22,2024-12-19 19:19:15
500108005,43,19,24,2024-12-19 18:26:15
500110028,43,19,24,2024-12-19 20:58:15
500108005,43,18,25,2024-12-19 18:36:16
500101120,43,17,26,2024-12-19 17:55:17
500101120,43,16,27,2024-12-19 17:36:15
500108005,43,16,27,2024-12-19 18:18:16
500101120,43,12,31,2024-12-19 19:16:15
500110028,43,12,31,2024-12-19 18:55:17
500101120,43,11,32,2024-12-19 19:49:15
500108005,43,10,33,2024-12-19 17:38:16
500108003,43,5,38,2024-12-19 17:33:16
500111007,43,3,40,2024-12-19 20:29:15
500110028,43,1,42,2024-12-19 18:08:16
500110028,43,0,43,2024-12-19 17:25:16
500106059,43,36,7,2024-12-19 17:17:16
500101120,43,27,16,2024-12-19 14:20:16
500101120,43,26,17,2024-12-19 17:03:16
500101120,43,25,18,2024-12-19 15:38:15
500101133,43,25,18,2024-12-19 16:06:15
500108003,43,17,26,2024-12-19 13:15:15
500110017,43,16,27,2024-12-19 16:58:14
500108003,43,12,31,2024-12-19 16:22:16
500108005,43,6,37,2024-12-19 15:05:16
500111007,43,6,37,2024-12-19 14:05:16
500111007,43,5,38,2024-12-19 14:31:15
500110028,43,4,39,2024-12-19 15:40:16
500111007,43,6,37,2024-12-19 21:48:16
500106059,43,31,10,2024-12-19 08:27:16
500101133,43,28,15,2024-12-19 06:32:15
500108003,43,28,15,2024-12-19 08:35:16
500110017,43,22,20,2024-12-19 08:46:15
500110017,43,20,22,2024-12-19 08:25:16
500110017,43,20,22,2024-12-19 07:45:16
500108003,43,11,32,2024-12-19 07:29:15
500111007,43,8,35,2024-12-19 07:51:15
500101133,43,5,38,2024-12-19 08:02:15
500101120,43,4,39,2024-12-19 06:22:14
500106132,43,3,39,2024-12-19 06:45:16
500108005,43,4,39,2024-12-19 07:16:15
500111007,43,4,39,2024-12-19 08:37:15
500101133,43,1,42,2024-12-19 08:52:16
500108005,43,1,42,2024-12-19 07:47:15
500108005,43,33,10,2024-12-19 00:17:15
500110017,43,23,19,2024-12-19 00:09:14
500101133,43,2,41,2024-12-19 00:48:14
500110017,43,23,19,2024-12-19 00:48:14
500110017,43,15,28,2024-12-19 23:04:15
500106059,43,18,25,2024-12-19 21:38:14
500108005,43,13,30,2024-12-19 02:34:15
500106059,43,22,19,2024-12-19 01:21:15
500101133,43,7,36,2024-12-19 23:25:16
500106132,43,36,0,2024-12-19 10:22:17
500106132,43,30,6,2024-12-19 09:24:15
500106132,43,26,10,2024-12-19 09:09:15
500106059,43,26,15,2024-12-19 11:48:15
500101120,43,27,16,2024-12-19 11:44:15
500106059,43,24,17,2024-12-19 10:03:15
500106059,43,23,18,2024-12-19 11:08:15
500106059,43,21,20,2024-12-19 10:21:15
500108003,43,22,21,2024-12-19 09:37:15
500108003,43,16,27,2024-12-19 12:10:16
500108003,43,15,28,2024-12-19 12:49:15
500101133,43,9,34,2024-12-19 11:58:16
500110028,43,8,35,2024-12-19 10:07:16
500101133,43,7,36,2024-12-19 10:28:15
500110028,43,7,36,2024-12-19 09:27:15
500111007,43,2,41,2024-12-19 12:25:16
500106059,43,38,5,2024-12-19 17:23:15
500106059,43,36,7,2024-12-19 18:46:15
500108005,43,34,9,2024-12-19 20:41:15
500101133,43,27,16,2024-12-19 18:47:15
500110017,43,26,17,2024-12-19 20:53:15
500106132,43,20,19,2024-12-19 17:43:16
500106132,43,22,20,2024-12-19 19:06:15
500101120,43,22,21,2024-12-19 17:26:14
500101133,43,22,21,2024-12-19 19:23:15
500110017,43,21,22,2024-12-19 18:07:16
500110017,43,19,24,2024-12-19 21:19:16
500110028,43,17,26,2024-12-19 19:21:15
500108003,43,14,29,2024-12-19 20:09:15
500106132,43,9,30,2024-12-19 18:18:16
500111007,43,13,30,2024-12-19 19:37:16
500101120,43,12,31,2024-12-19 20:06:15
500111007,43,12,31,2024-12-19 17:58:15
500111007,43,12,31,2024-12-19 18:06:15
500101120,43,10,33,2024-12-19 19:05:15
500106132,43,9,33,2024-12-19 21:19:15
500111007,43,9,34,2024-12-19 20:13:15
500108003,43,8,35,2024-12-19 17:26:15
500108005,43,8,35,2024-12-19 17:28:15
500110028,43,3,40,2024-12-19 18:38:16
500108003,43,2,41,2024-12-19 18:08:16
500101133,43,31,12,2024-12-19 16:37:15
500106059,43,30,13,2024-12-19 15:01:16
500106132,43,21,14,2024-12-19 15:30:16
500108005,43,8,35,2024-12-19 17:07:15
500108005,43,8,35,2024-12-19 15:12:15
500110017,43,8,35,2024-12-19 15:47:15
500108005,43,6,37,2024-12-19 14:07:15
500110028,43,14,28,2024-12-19 21:46:15
500106132,43,42,0,2024-12-19 08:44:17
500110028,43,26,16,2024-12-19 07:47:15
500106132,43,24,18,2024-12-19 08:02:15
500110017,43,24,18,2024-12-19 08:35:15
500110017,43,22,20,2024-12-19 05:33:15
500110028,43,22,20,2024-12-19 08:01:15
500101133,43,22,21,2024-12-19 06:55:15
500101133,43,17,26,2024-12-19 07:16:14
500108005,43,9,34,2024-12-19 08:27:16
500101133,43,7,36,2024-12-19 07:36:15
500101133,43,3,40,2024-12-19 08:47:15
500101133,43,1,42,2024-12-19 00:04:16
500106132,43,5,36,2024-12-19 23:05:15
500101120,43,2,41,2024-12-19 01:07:15
500101133,43,35,8,2024-12-19 03:05:15
500101120,43,4,39,2024-12-19 04:22:15
500110017,43,13,30,2024-12-19 22:09:15
500110017,43,15,28,2024-12-19 22:51:15
500106132,43,35,1,2024-12-19 10:37:15
500101120,43,30,13,2024-12-19 09:05:16
500106059,43,28,13,2024-12-19 12:38:15
500101120,43,28,15,2024-12-19 13:08:15
500106059,43,26,15,2024-12-19 13:05:16
500106059,43,23,18,2024-12-19 10:48:15
500108003,43,25,18,2024-12-19 11:28:15
500108003,43,19,24,2024-12-19 11:53:16
500110017,43,17,25,2024-12-19 13:07:15
500108003,43,16,27,2024-12-19 13:05:15
500110017,43,13,29,2024-12-19 12:08:15
500110028,43,7,36,2024-12-19 12:24:16
500110028,43,6,37,2024-12-19 12:45:16
500111007,43,4,39,2024-12-19 09:07:15
500108005,43,3,40,2024-12-19 09:08:15
500108005,43,3,40,2024-12-19 11:03:16
500110017,43,37,6,2024-12-19 19:18:15
500106059,43,35,8,2024-12-19 18:28:16
500101133,43,33,10,2024-12-19 18:27:15
500110017,43,32,11,2024-12-19 19:07:15
500106132,43,24,15,2024-12-19 17:27:16
500110017,43,28,15,2024-12-19 20:47:14
500101133,43,24,19,2024-12-19 19:07:15
500101133,43,23,20,2024-12-19 18:57:15
500108005,43,23,20,2024-12-19 19:49:15
500106132,43,20,22,2024-12-19 19:39:15
500110017,43,20,23,2024-12-19 17:25:16
500110017,43,17,26,2024-12-19 17:38:16
500106059,43,16,27,2024-12-19 19:58:15
500111007,43,12,31,2024-12-19 19:15:16
500110028,43,0,43,2024-12-19 18:17:15
500101133,43,41,2,2024-12-19 17:16:16
500101133,43,37,6,2024-12-19 16:55:17
500101133,43,36,7,2024-12-19 16:46:15
500106059,43,30,11,2024-12-19 14:37:14
500106059,43,29,14,2024-12-19 16:27:16
500101133,43,28,15,2024-12-19 13:56:15
500101120,43,26,17,2024-12-19 15:39:15
500101120,43,26,17,2024-12-19 16:55:17
500101133,43,26,17,2024-12-19 15:08:14
500106132,43,17,18,2024-12-19 13:15:15
500110017,43,16,26,2024-12-19 13:10:16
500110017,43,15,28,2024-12-19 15:12:15
500108003,43,14,29,2024-12-19 16:13:15
500110017,43,13,30,2024-12-19 15:24:15
500108003,43,10,33,2024-12-19 17:18:16
500111007,43,10,33,2024-12-19 17:06:16
500108005,43,5,38,2024-12-19 17:14:16
500110028,43,4,39,2024-12-19 16:17:15
500111007,43,4,39,2024-12-19 15:29:15
500110028,43,2,41,2024-12-19 16:36:15
500110028,43,24,18,2024-12-19 07:26:15
500110017,43,23,19,2024-12-19 05:42:15
500110028,43,22,20,2024-12-19 07:14:14
500101120,43,21,22,2024-12-19 08:24:15
500110028,43,17,25,2024-12-19 08:11:16
500108003,43,16,27,2024-12-19 08:14:16
500106059,43,13,28,2024-12-19 07:27:15
500106059,43,10,31,2024-12-19 06:44:15
500108003,43,12,31,2024-12-19 07:13:15
500108003,43,9,34,2024-12-19 06:48:15
500111007,43,9,34,2024-12-19 07:25:15
500111007,43,7,36,2024-12-19 06:34:15
500106132,43,2,40,2024-12-19 06:36:14
500108005,43,3,40,2024-12-19 07:57:16
500108005,43,1,42,2024-12-19 08:17:15
500108005,43,1,42,2024-12-19 07:23:15
500108003,43,13,30,2024-12-19 21:50:17
500106059,43,23,18,2024-12-19 01:05:16
500101120,43,12,31,2024-12-19 22:37:15
500101133,43,9,34,2024-12-19 22:35:15
500101133,43,10,33,2024-12-19 21:34:15
500101120,43,1,42,2024-12-19 02:09:16
500106132,43,5,37,2024-12-19 22:00:16
500110028,43,12,30,2024-12-19 21:54:15
500110028,43,15,28,2024-12-19 01:01:14
500110017,43,13,30,2024-12-19 22:16:15
500106132,43,34,2,2024-12-19 10:02:14
500101120,43,30,13,2024-12-19 09:21:15
500101120,43,30,13,2024-12-19 10:06:15
500106059,43,27,14,2024-12-19 12:27:15
500106132,43,16,19,2024-12-19 12:49:15
500110017,43,23,19,2024-12-19 11:36:15
500101120,43,22,21,2024-12-19 12:37:15
500110017,43,16,26,2024-12-19 12:48:14
500108003,43,14,29,2024-12-19 12:20:15
500101133,43,10,33,2024-12-19 11:38:15
500110028,43,9,33,2024-12-19 09:05:16
500110028,43,9,34,2024-12-19 09:45:15
500110028,43,7,36,2024-12-19 10:32:15
500111007,43,7,36,2024-12-19 11:37:15
500101133,43,6,37,2024-12-19 10:18:15
500108005,43,3,40,2024-12-19 11:24:15
500110028,43,3,40,2024-12-19 11:28:15
500106059,43,38,5,2024-12-19 17:57:15
500108005,43,27,16,2024-12-19 20:11:16
500106132,43,23,19,2024-12-19 18:37:15
500106132,43,22,20,2024-12-19 18:55:17
500106059,43,21,22,2024-12-19 19:38:15
500108005,43,21,22,2024-12-19 19:38:15
500106132,43,18,24,2024-12-19 19:54:15
500108003,43,18,25,2024-12-19 19:31:15
500110028,43,16,27,2024-12-19 19:54:15
500106059,43,15,28,2024-12-19 20:10:17
500106059,43,15,28,2024-12-19 21:20:16
500106059,43,11,32,2024-12-19 20:58:15
500111007,43,11,32,2024-12-19 17:34:15
500110028,43,10,33,2024-12-19 18:47:16
500101120,43,9,34,2024-12-19 20:17:15
500110028,43,2,41,2024-12-19 17:55:17
500106132,43,29,10,2024-12-19 16:55:17
500106132,43,21,14,2024-12-19 15:42:15
500101133,43,27,16,2024-12-19 15:18:15
500101133,43,27,16,2024-12-19 14:07:15
500101133,43,27,16,2024-12-19 14:17:15
500101120,43,26,17,2024-12-19 13:26:15
500110017,43,14,29,2024-12-19 14:33:16
500110017,43,13,30,2024-12-19 16:39:15
500110017,43,11,32,2024-12-19 15:50:16
500108005,43,9,34,2024-12-19 15:22:15
500108005,43,9,34,2024-12-19 16:15:16
500111007,43,5,38,2024-12-19 15:44:15
500110028,43,4,39,2024-12-19 14:50:15
500106132,43,33,9,2024-12-19 08:27:16
500110028,43,23,19,2024-12-19 07:55:17
500110017,43,18,24,2024-12-19 07:37:15
500108003,43,13,30,2024-12-19 08:03:15
500106059,43,9,32,2024-12-19 05:54:14
500111007,43,7,36,2024-12-19 08:46:15
500111007,43,5,38,2024-12-19 08:03:15
500101133,43,3,40,2024-12-19 08:37:15
500106059,43,24,17,2024-12-19 00:57:15
500110028,43,12,31,2024-12-19 00:18:14
500110028,43,14,29,2024-12-19 00:53:15
500106132,43,0,42,2024-12-19 01:41:15
500108003,43,5,38,2024-12-19 02:12:16
500106059,43,23,18,2024-12-19 02:38:14
500110028,43,18,24,2024-12-19 03:46:15
500108005,43,29,12,2024-12-19 22:09:15
500101120,43,7,36,2024-12-19 21:54:15
500101133,43,9,34,2024-12-19 21:55:17
500101133,43,9,34,2024-12-19 22:23:15
500106132,43,35,1,2024-12-19 10:17:16
500101120,43,33,10,2024-12-19 11:05:17
500101120,43,31,12,2024-12-19 09:09:15
500110017,43,27,15,2024-12-19 09:08:15
500110017,43,24,18,2024-12-19 11:28:16
500108003,43,23,20,2024-12-19 10:07:16
500106059,43,20,21,2024-12-19 09:51:14
500110017,43,11,31,2024-12-19 12:37:15
500110028,43,10,33,2024-12-19 09:51:14
500110028,43,9,34,2024-12-19 10:47:16
500101133,43,8,35,2024-12-19 10:00:18
500101133,43,8,35,2024-12-19 11:28:16
500110028,43,8,35,2024-12-19 10:22:15
500110028,43,6,37,2024-12-19 11:58:15
500111007,43,6,37,2024-12-19 12:15:16
500108005,43,5,38,2024-12-19 09:37:15
500108005,43,5,38,2024-12-19 10:41:15
500111007,43,4,39,2024-12-19 10:05:16
500108005,43,3,40,2024-12-19 12:34:14
500108005,43,3,40,2024-12-19 10:54:15
500101133,43,2,41,2024-12-19 09:23:15
500108005,43,2,41,2024-12-19 12:27:15
500111007,43,2,41,2024-12-19 09:24:15
500106059,43,34,9,2024-12-19 18:54:15
500110017,43,24,19,2024-12-19 18:38:16
500101133,43,21,22,2024-12-19 19:57:15
500110017,43,20,23,2024-12-19 17:48:15
500110017,43,20,23,2024-12-19 17:53:15
500101133,43,18,25,2024-12-19 20:08:15
500108005,43,18,25,2024-12-19 17:55:17
500110028,43,18,25,2024-12-19 20:38:15
500110028,43,18,25,2024-12-19 19:40:15
500106059,43,12,31,2024-12-19 20:44:15
500111007,43,12,31,2024-12-19 17:42:15
500101120,43,11,32,2024-12-19 20:12:15
500101120,43,11,32,2024-12-19 18:34:15
500101120,43,11,32,2024-12-19 18:40:17
500106059,43,11,32,2024-12-19 21:19:16
500111007,43,11,32,2024-12-19 19:59:15
500111007,43,11,32,2024-12-19 18:52:15
500101133,43,10,33,2024-12-19 21:09:16
500106059,43,25,16,2024-12-19 13:44:15
500101133,43,25,18,2024-12-19 14:36:15
500106132,43,12,23,2024-12-19 16:46:15
500110017,43,16,26,2024-12-19 13:27:15
500110017,43,14,28,2024-12-19 13:37:14
500110017,43,13,29,2024-12-19 13:52:15
500108005,43,6,37,2024-12-19 13:35:15
500111007,43,5,38,2024-12-19 13:17:15
500101120,43,6,37,2024-12-19 21:47:15
500106059,43,34,7,2024-12-19 08:36:15
500110017,43,24,18,2024-12-19 07:17:14
500110017,43,22,20,2024-12-19 08:53:15
500108003,43,22,21,2024-12-19 08:57:15
500110017,43,20,22,2024-12-19 08:16:15
500106132,43,19,23,2024-12-19 08:57:15
500110017,43,19,23,2024-12-19 08:02:15
500110028,43,15,27,2024-12-19 08:27:16
500106059,43,13,28,2024-12-19 07:37:15
500108005,43,14,29,2024-12-19 06:00:16
500108005,43,13,30,2024-12-19 05:10:15
500101120,43,12,31,2024-12-19 07:47:15
500108003,43,10,33,2024-12-19 07:47:15
500111007,43,9,34,2024-12-19 06:46:15
500101120,43,7,36,2024-12-19 07:36:15
500106132,43,6,36,2024-12-19 07:10:16
500101120,43,6,37,2024-12-19 07:25:15
500108003,43,6,37,2024-12-19 06:12:14
500111007,43,6,37,2024-12-19 07:47:15
500111007,43,5,38,2024-12-19 08:56:16
500110028,43,13,30,2024-12-19 00:31:14
500101133,43,1,42,2024-12-19 00:42:15
500108005,43,22,21,2024-12-19 00:58:14
500106059,43,14,29,2024-12-19 22:38:15
500111007,43,4,39,2024-12-19 21:30:16
500101120,43,8,35,2024-12-19 21:37:15
500108005,43,22,19,2024-12-19 21:31:15
500106059,43,9,32,2024-12-19 03:20:15
500108005,43,13,30,2024-12-19 03:46:15
500101120,43,8,35,2024-12-19 22:03:15
500106059,43,16,27,2024-12-19 21:55:17
500106132,43,1,41,2024-12-19 01:24:14
500106132,43,6,36,2024-12-19 21:52:15
500108005,43,23,20,2024-12-19 23:52:14
500101133,43,4,39,2024-12-19 02:44:15
500108005,43,28,13,2024-12-19 22:19:15
500106132,43,36,0,2024-12-19 10:54:15
500106132,43,29,7,2024-12-19 11:16:15
500101120,43,33,10,2024-12-19 10:54:15
500101120,43,31,12,2024-12-19 09:37:15
500106059,43,22,19,2024-12-19 12:07:16
500106132,43,13,22,2024-12-19 12:34:14
500108003,43,21,22,2024-12-19 09:22:15
500106059,43,18,23,2024-12-19 09:41:15
500108003,43,18,25,2024-12-19 09:06:15
500101133,43,11,32,2024-12-19 10:43:16
500101133,43,9,34,2024-12-19 11:46:15
500108005,43,8,35,2024-12-19 10:18:15
500111007,43,6,37,2024-12-19 11:28:16
500101133,43,4,39,2024-12-19 11:13:15
500111007,43,4,39,2024-12-19 09:42:15
500108005,43,1,42,2024-12-19 09:07:15
500106059,43,35,8,2024-12-19 18:07:16
500108005,43,33,10,2024-12-19 20:38:15
500106059,43,29,14,2024-12-19 19:07:15
500108005,43,26,17,2024-12-19 20:06:15
500108003,43,21,22,2024-12-19 18:46:15
500108003,43,21,22,2024-12-19 18:54:15
500101120,43,16,27,2024-12-19 18:00:18
500101133,43,14,29,2024-12-19 20:39:16
500111007,43,13,30,2024-12-19 18:29:16
500101120,43,10,33,2024-12-19 21:19:16
500111007,43,4,39,2024-12-19 21:18:15
500106059,43,43,0,2024-12-19 16:45:17
500106059,43,31,12,2024-12-19 15:54:15
500106059,43,29,14,2024-12-19 16:07:15
500101133,43,27,16,2024-12-19 16:14:14
500101133,43,27,16,2024-12-19 13:45:16
500106059,43,25,16,2024-12-19 13:26:15
500106132,43,19,16,2024-12-19 14:42:15
500101133,43,26,17,2024-12-19 14:57:15
500101120,43,25,18,2024-12-19 13:57:15
500101120,43,24,19,2024-12-19 13:40:16
500110017,43,15,28,2024-12-19 14:57:15
500110017,43,13,30,2024-12-19 14:20:16
500108003,43,11,32,2024-12-19 16:44:15
500108003,43,9,34,2024-12-19 17:07:15
500108005,43,9,34,2024-12-19 16:36:15
500108003,43,8,35,2024-12-19 15:07:15
500110028,43,5,38,2024-12-19 13:11:15
500111007,43,5,38,2024-12-19 13:57:15
500110028,43,1,42,2024-12-19 17:17:16
500106059,43,17,26,2024-12-19 21:47:15
500110017,43,18,25,2024-12-19 21:49:14
500108005,43,24,17,2024-12-19 21:42:15
500106059,43,26,15,2024-12-19 08:17:15
500110028,43,18,24,2024-12-19 06:46:15
500106132,43,14,28,2024-12-19 07:47:15
500106059,43,10,31,2024-12-19 06:27:15
500106059,43,10,31,2024-12-19 07:16:15
500108005,43,11,32,2024-12-19 06:47:15
500110028,43,9,33,2024-12-19 08:41:15
500101120,43,5,38,2024-12-19 06:55:16
500101120,43,5,38,2024-12-19 05:56:14
500101120,43,4,39,2024-12-19 05:34:15
500111007,43,3,40,2024-12-19 08:26:15
500108005,43,21,22,2024-12-19 00:52:15
500110017,43,16,27,2024-12-19 23:49:15
500106059,43,13,30,2024-12-19 23:19:15
500108005,43,22,21,2024-12-19 23:01:15
500110017,43,16,27,2024-12-19 22:29:14
500110028,43,18,25,2024-12-19 02:42:15
500111007,43,7,36,2024-12-19 21:53:15
500101120,43,1,42,2024-12-19 01:30:16
500108005,43,12,31,2024-12-19 01:42:14
500111007,43,5,38,2024-12-19 22:12:14
500106059,43,15,28,2024-12-19 22:17:15
500101120,43,1,42,2024-12-19 02:07:15
500106132,43,36,0,2024-12-19 11:07:16
500106132,43,31,5,2024-12-19 09:35:16
500106132,43,27,8,2024-12-19 11:25:16
500106132,43,25,10,2024-12-19 11:47:16
500106132,43,25,11,2024-12-19 09:05:16
500110017,43,27,15,2024-12-19 11:08:15
500106059,43,24,17,2024-12-19 11:36:15
500101120,43,25,18,2024-12-19 12:46:15
500110017,43,24,18,2024-12-19 11:15:15
500106059,43,22,19,2024-12-19 10:38:15
500108003,43,24,19,2024-12-19 10:26:14
500101120,43,20,23,2024-12-19 12:17:16
500110028,43,9,34,2024-12-19 09:31:15
500110028,43,8,35,2024-12-19 12:31:15
500108005,43,7,36,2024-12-19 10:28:15
500108005,43,6,37,2024-12-19 09:52:15
500110028,43,5,38,2024-12-19 11:18:16
500111007,43,5,38,2024-12-19 10:26:14
500101133,43,2,41,2024-12-19 09:09:15
500101133,43,38,5,2024-12-19 17:48:14
500110017,43,29,14,2024-12-19 20:39:16
500110017,43,28,15,2024-12-19 19:59:16
500110017,43,27,16,2024-12-19 18:46:15
500108005,43,25,18,2024-12-19 19:59:16
500106132,43,23,19,2024-12-19 18:28:16
500110017,43,21,22,2024-12-19 18:11:16
500101133,43,14,29,2024-12-19 20:59:15
500106059,43,14,29,2024-12-19 19:18:15
500111007,43,13,30,2024-12-19 18:18:16
500111007,43,12,31,2024-12-19 18:35:16
500111007,43,11,32,2024-12-19 18:48:15
500101133,43,8,35,2024-12-19 21:19:15
500108003,43,0,43,2024-12-19 18:17:15
500106059,43,30,13,2024-12-19 16:33:14
500101120,43,28,15,2024-12-19 14:52:15
500106132,43,20,15,2024-12-19 16:01:16
500106132,43,19,16,2024-12-19 16:28:15
500101120,43,26,17,2024-12-19 15:14:15
500101120,43,26,17,2024-12-19 14:44:15
500106132,43,18,17,2024-12-19 14:17:15
500101120,43,25,18,2024-12-19 13:33:15
500101133,43,24,19,2024-12-19 15:43:15
500108003,43,19,24,2024-12-19 14:13:15
500110017,43,16,27,2024-12-19 17:17:16
500110017,43,14,29,2024-12-19 14:18:15
500108005,43,8,35,2024-12-19 14:36:15
500108005,43,7,36,2024-12-19 13:50:16
500111007,43,7,36,2024-12-19 16:37:15
500108005,43,5,38,2024-12-19 13:28:15
500111007,43,3,40,2024-12-19 15:18:15
500110028,43,2,41,2024-12-19 16:58:15
500101133,43,10,33,2024-12-19 21:46:15
500108003,43,12,31,2024-12-19 21:47:15
500106132,43,31,11,2024-12-19 08:17:15
500108003,43,31,12,2024-12-19 08:47:15
500101133,43,30,13,2024-12-19 06:26:14
500110017,43,23,19,2024-12-19 06:24:15
500108003,43,23,20,2024-12-19 08:27:16
500110017,43,20,22,2024-12-19 07:22:15
500110017,43,20,22,2024-12-19 07:55:16
500110028,43,19,23,2024-12-19 06:21:15
500101120,43,19,24,2024-12-19 08:17:15
500101120,43,18,25,2024-12-19 07:57:16
500101120,43,17,26,2024-12-19 08:03:15
500106059,43,13,28,2024-12-19 07:47:15
500108005,43,14,29,2024-12-19 04:53:14
500106059,43,11,30,2024-12-19 06:56:15
500110028,43,12,30,2024-12-19 08:35:16
500108005,43,12,31,2024-12-19 06:36:14
500108003,43,8,35,2024-12-19 06:44:15
500101120,43,4,39,2024-12-19 06:41:15
500101133,43,3,40,2024-12-19 08:26:15
500108005,43,0,43,2024-12-19 08:01:17
500101120,43,3,40,2024-12-19 00:29:15
500106059,43,13,28,2024-12-19 03:17:15
500103005,44,10,34,2024-12-19 00:31:14
500101099,44,26,16,2024-12-19 23:08:15
500103005,44,15,23,2024-12-19 22:05:15
500110039,44,26,18,2024-12-19 22:01:15
500101116,44,35,7,2024-12-19 01:24:14
500110022,44,22,22,2024-12-19 21:51:15
500110022,44,23,21,2024-12-19 23:54:15
500101099,44,31,10,2024-12-19 04:36:15
500111008,44,17,27,2024-12-19 22:15:15
500103005,44,17,21,2024-12-19 22:22:15
500110022,44,24,19,2024-12-19 10:34:15
500112033,44,17,21,2024-12-19 12:56:15
500110022,44,22,22,2024-12-19 11:45:15
500112033,44,16,22,2024-12-19 11:12:16
500110022,44,21,23,2024-12-19 12:37:15
500101116,44,17,27,2024-12-19 13:08:15
500101099,44,9,34,2024-12-19 12:26:15
500101099,44,9,34,2024-12-19 12:56:15
500101099,44,9,34,2024-12-19 10:05:16
500110039,44,9,34,2024-12-19 09:06:15
500101116,44,4,36,2024-12-19 12:19:16
500101116,44,2,38,2024-12-19 11:02:15
500103005,44,3,40,2024-12-19 11:14:15
500103005,44,2,41,2024-12-19 11:37:15
500110039,44,0,43,2024-12-19 12:23:16
500101099,44,38,4,2024-12-19 20:10:17
500101099,44,37,5,2024-12-19 20:48:15
500101116,44,35,9,2024-12-19 19:07:15
500112033,44,30,12,2024-12-19 17:38:16
500110022,44,25,19,2024-12-19 19:22:16
500112033,44,25,19,2024-12-19 19:07:15
500112033,44,25,19,2024-12-19 19:20:17
500110022,44,24,20,2024-12-19 18:14:15
500103005,44,21,22,2024-12-19 17:58:16
500103005,44,21,22,2024-12-19 18:01:16
500112033,44,20,24,2024-12-19 20:47:15
500110022,44,19,25,2024-12-19 18:54:15
500110039,44,17,27,2024-12-19 20:48:15
500110039,44,17,27,2024-12-19 21:08:15
500112033,44,17,27,2024-12-19 21:14:15
500103005,44,10,28,2024-12-19 18:53:15
500103005,44,8,30,2024-12-19 19:04:15
500110039,44,14,30,2024-12-19 19:50:16
500110039,44,13,31,2024-12-19 19:48:15
500111008,44,5,39,2024-12-19 18:38:16
500101116,44,1,43,2024-12-19 17:37:16
500101099,44,17,26,2024-12-19 16:57:16
500101099,44,15,28,2024-12-19 17:16:16
500103005,44,13,30,2024-12-19 17:06:16
500103005,44,7,36,2024-12-19 16:28:15
500101099,44,6,37,2024-12-19 14:57:15
500111008,44,2,42,2024-12-19 16:18:16
500111008,44,1,43,2024-12-19 16:36:15
500103005,44,16,22,2024-12-19 21:49:15
500110039,44,23,21,2024-12-19 21:49:15
500110022,44,39,4,2024-12-19 07:37:15
500110022,44,34,9,2024-12-19 08:14:16
500110039,44,30,13,2024-12-19 05:46:14
500101099,44,29,15,2024-12-19 08:36:15
500101099,44,24,17,2024-12-19 07:25:15
500101116,44,23,17,2024-12-19 06:54:16
500103005,44,25,18,2024-12-19 05:34:15
500101116,44,16,24,2024-12-19 08:25:16
500110039,44,24,20,2024-12-19 23:51:15
500110039,44,32,12,2024-12-19 00:31:14
500101116,44,36,8,2024-12-19 22:38:15
500110039,44,33,11,2024-12-19 02:09:15
500110039,44,33,11,2024-12-19 01:19:15
500103005,44,16,22,2024-12-19 22:19:15
500110039,44,27,17,2024-12-19 22:15:15
500101116,44,29,13,2024-12-19 02:06:15
500110039,44,32,12,2024-12-19 02:00:17
500112033,44,19,19,2024-12-19 12:05:17
500110022,44,23,21,2024-12-19 12:01:16
500110022,44,21,23,2024-12-19 12:27:15
500101116,44,12,32,2024-12-19 12:42:15
500101099,44,7,36,2024-12-19 10:18:15
500101116,44,3,37,2024-12-19 10:04:15
500111008,44,5,39,2024-12-19 10:09:16
500101116,44,0,40,2024-12-19 09:31:15
500101116,44,0,40,2024-12-19 11:54:14
500110039,44,2,41,2024-12-19 11:20:17
500103005,44,1,42,2024-12-19 10:28:15
500110039,44,0,43,2024-12-19 10:07:16
500103005,44,27,16,2024-12-19 18:18:16
500110039,44,27,17,2024-12-19 18:38:16
500110022,44,26,18,2024-12-19 18:06:15
500101116,44,24,20,2024-12-19 20:49:15
500101099,44,21,21,2024-12-19 18:47:16
500110022,44,23,21,2024-12-19 20:37:16
500101099,44,20,22,2024-12-19 18:16:16
500110022,44,22,22,2024-12-19 19:07:15
500112033,44,22,22,2024-12-19 20:08:15
500103005,44,13,25,2024-12-19 19:36:15
500103005,44,12,26,2024-12-19 21:18:14
500110039,44,16,28,2024-12-19 20:51:16
500111008,44,15,29,2024-12-19 19:36:15
500111008,44,14,30,2024-12-19 20:35:16
500110039,44,13,31,2024-12-19 19:35:16
500111008,44,13,31,2024-12-19 19:48:15
500110022,44,25,19,2024-12-19 16:52:15
500101116,44,19,25,2024-12-19 15:34:15
500101116,44,19,25,2024-12-19 14:15:16
500101116,44,18,26,2024-12-19 13:33:15
500101116,44,16,28,2024-12-19 15:40:15
500101099,44,7,36,2024-12-19 15:40:15
500110039,44,3,41,2024-12-19 15:43:15
500110039,44,2,42,2024-12-19 16:35:15
500111008,44,1,43,2024-12-19 14:55:16
500101116,44,34,6,2024-12-19 07:34:15
500110022,44,34,9,2024-12-19 07:53:16
500101099,44,30,11,2024-12-19 05:31:14
500110039,44,31,12,2024-12-19 05:03:15
500103005,44,26,17,2024-12-19 05:24:14
500110039,44,26,17,2024-12-19 08:17:14
500112033,44,26,18,2024-12-19 08:27:16
500101099,44,22,21,2024-12-19 08:44:16
500111008,44,22,22,2024-12-19 04:44:14
500111008,44,13,31,2024-12-19 08:33:16
500110039,44,10,33,2024-12-19 08:03:15
500101116,44,31,11,2024-12-19 00:14:15
500112033,44,12,32,2024-12-19 00:46:15
500111008,44,13,31,2024-12-19 21:33:16
500103005,44,27,16,2024-12-19 03:44:15
500111008,44,17,27,2024-12-19 22:08:15
500101099,44,28,14,2024-12-19 22:08:15
500111008,44,14,30,2024-12-19 21:54:15
500103005,44,26,17,2024-12-19 03:23:15
500112033,44,15,29,2024-12-19 22:58:15
500101116,44,29,11,2024-12-19 04:05:15
500101116,44,36,8,2024-12-19 22:55:16
500112033,44,18,20,2024-12-19 12:22:16
500112033,44,17,21,2024-12-19 10:57:15
500110022,44,22,22,2024-12-19 12:11:15
500112033,44,16,22,2024-12-19 10:05:16
500112033,44,14,24,2024-12-19 09:40:16
500101099,44,14,29,2024-12-19 09:09:15
500110039,44,8,35,2024-12-19 09:09:15
500101116,44,8,36,2024-12-19 12:37:15
500101099,44,6,37,2024-12-19 12:19:16
500101116,44,3,37,2024-12-19 09:57:15
500101116,44,2,38,2024-12-19 11:35:17
500111008,44,6,38,2024-12-19 09:33:15
500111008,44,5,39,2024-12-19 09:38:14
500111008,44,5,39,2024-12-19 11:25:15
500103005,44,2,41,2024-12-19 11:08:15
500110039,44,2,41,2024-12-19 09:37:15
500103005,44,1,42,2024-12-19 09:26:15
500110039,44,1,42,2024-12-19 12:35:17
500103005,44,0,43,2024-12-19 10:37:15
500103005,44,0,43,2024-12-19 10:47:16
500101099,44,29,13,2024-12-19 21:19:16
500101116,44,30,14,2024-12-19 20:29:15
500112033,44,28,16,2024-12-19 18:54:15
500101116,44,27,17,2024-12-19 20:39:15
500110022,44,25,19,2024-12-19 17:58:16
500101116,44,24,20,2024-12-19 18:37:15
500101099,44,20,22,2024-12-19 18:57:15
500103005,44,20,23,2024-12-19 17:46:15
500112033,44,21,23,2024-12-19 20:15:16
500101099,44,18,25,2024-12-19 17:41:16
500110039,44,19,25,2024-12-19 18:29:16
500110039,44,14,30,2024-12-19 19:27:15
500111008,44,14,30,2024-12-19 20:28:15
500101116,44,9,35,2024-12-19 17:59:14
500111008,44,9,35,2024-12-19 18:57:15
500111008,44,1,43,2024-12-19 17:47:16
500110022,44,24,20,2024-12-19 17:02:15
500110022,44,24,20,2024-12-19 17:18:16
500112033,44,18,20,2024-12-19 14:11:15
500110022,44,23,21,2024-12-19 13:16:14
500101116,44,16,28,2024-12-19 13:28:16
500101099,44,8,35,2024-12-19 15:55:16
500103005,44,3,40,2024-12-19 13:45:16
500103005,44,3,40,2024-12-19 14:15:16
500103005,44,2,41,2024-12-19 15:11:15
500110039,44,3,41,2024-12-19 16:45:17
500101116,44,2,42,2024-12-19 17:08:16
500110039,44,2,42,2024-12-19 14:14:14
500111008,44,1,43,2024-12-19 13:16:15
500101116,44,0,44,2024-12-19 16:58:16
500111008,44,0,44,2024-12-19 15:18:15
500110022,44,21,23,2024-12-19 21:48:15
500110022,44,39,4,2024-12-19 06:55:16
500110039,44,30,13,2024-12-19 05:08:14
500111008,44,27,17,2024-12-19 07:47:15
500103005,44,21,22,2024-12-19 05:56:14
500101099,44,16,27,2024-12-19 08:57:15
500110039,44,10,33,2024-12-19 08:56:16
500101116,44,3,37,2024-12-19 08:47:15
500110039,44,6,37,2024-12-19 07:46:15
500110039,44,3,40,2024-12-19 07:55:17
500103005,44,0,43,2024-12-19 08:47:15
500103005,44,18,26,2024-12-19 00:08:15
500101099,44,33,9,2024-12-19 00:34:14
500103005,44,17,21,2024-12-19 22:40:15
500101116,44,37,7,2024-12-19 23:00:16
500103005,44,16,22,2024-12-19 22:29:14
500110039,44,28,16,2024-12-19 22:25:16
500110039,44,32,11,2024-12-19 03:48:15
500110022,44,24,20,2024-12-19 22:02:16
500101116,44,34,8,2024-12-19 01:38:15
500101116,44,33,11,2024-12-19 22:24:15
500101116,44,28,14,2024-12-19 01:50:15
500101099,44,32,10,2024-12-19 01:35:15
500110022,44,26,17,2024-12-19 10:07:16
500112033,44,27,17,2024-12-19 09:07:15
500110022,44,25,18,2024-12-19 09:01:15
500110022,44,25,18,2024-12-19 09:26:15
500112033,44,15,23,2024-12-19 09:49:15
500112033,44,19,25,2024-12-19 09:09:15
500101116,44,2,38,2024-12-19 10:40:16
500111008,44,5,39,2024-12-19 11:58:16
500101099,44,3,40,2024-12-19 11:26:14
500103005,44,1,42,2024-12-19 11:27:15
500110039,44,1,42,2024-12-19 09:44:15
500111008,44,2,42,2024-12-19 12:55:15
500101099,44,38,4,2024-12-19 20:51:16
500110022,44,27,17,2024-12-19 17:46:15
500110022,44,25,19,2024-12-19 19:19:15
500101116,44,23,21,2024-12-19 20:12:15
500110022,44,23,21,2024-12-19 20:48:15
500101099,44,19,24,2024-12-19 17:58:16
500101116,44,20,24,2024-12-19 18:28:16
500103005,44,14,24,2024-12-19 20:31:15
500101116,44,17,27,2024-12-19 18:15:17
500110039,44,17,27,2024-12-19 20:38:15
500110039,44,13,31,2024-12-19 19:17:15
500111008,44,6,38,2024-12-19 18:18:16
500101116,44,2,42,2024-12-19 17:28:15
500112033,44,39,3,2024-12-19 16:43:15
500112033,44,37,5,2024-12-19 16:16:15
500101116,44,20,24,2024-12-19 14:58:15
500101116,44,20,24,2024-12-19 15:17:16
500101116,44,19,25,2024-12-19 15:00:17
500103005,44,12,31,2024-12-19 16:58:15
500101099,44,5,38,2024-12-19 15:28:14
500103005,44,4,39,2024-12-19 13:34:16
500103005,44,3,40,2024-12-19 15:28:14
500110039,44,4,40,2024-12-19 16:58:15
500110039,44,4,40,2024-12-19 17:18:16
500110039,44,2,42,2024-12-19 14:28:15
500110039,44,1,43,2024-12-19 17:02:15
500111008,44,14,30,2024-12-19 21:48:16
500101099,44,26,16,2024-12-19 21:49:15
500110022,44,38,5,2024-12-19 06:25:15
500110022,44,37,6,2024-12-19 05:58:15
500101099,44,34,7,2024-12-19 06:12:15
500101116,44,33,7,2024-12-19 07:26:15
500101116,44,32,8,2024-12-19 07:45:16
500110022,44,31,12,2024-12-19 08:32:15
500110039,44,29,14,2024-12-19 06:45:16
500101116,44,20,20,2024-12-19 08:17:14
500103005,44,22,21,2024-12-19 06:17:14
500111008,44,22,22,2024-12-19 05:42:15
500112033,44,20,24,2024-12-19 08:08:16
500111008,44,18,26,2024-12-19 06:16:15
500112033,44,18,26,2024-12-19 08:02:15
500112033,44,16,28,2024-12-19 07:15:17
500110039,44,13,30,2024-12-19 08:45:16
500103005,44,3,40,2024-12-19 07:34:15
500111008,44,18,26,2024-12-19 00:37:15
500111008,44,17,26,2024-12-19 23:38:15
500111008,44,20,24,2024-12-19 00:43:15
500101099,44,23,19,2024-12-19 21:36:15
500103005,44,11,33,2024-12-19 02:23:15
500101116,44,29,13,2024-12-19 02:22:15
500101099,44,31,11,2024-12-19 01:44:14
500103005,44,19,19,2024-12-19 21:56:15
500101116,44,37,7,2024-12-19 22:47:14
500101099,44,30,12,2024-12-19 22:11:15
500112033,44,12,32,2024-12-19 04:43:15
500112033,44,15,29,2024-12-19 23:33:15
500101116,44,36,8,2024-12-19 23:24:14
500110022,44,24,20,2024-12-19 11:29:15
500110039,44,5,38,2024-12-19 11:00:18
500103005,44,3,40,2024-12-19 13:07:15
500103005,44,3,40,2024-12-19 10:58:16
500110039,44,3,40,2024-12-19 11:11:15
500110039,44,2,41,2024-12-19 10:57:15
500111008,44,3,41,2024-12-19 12:09:16
500103005,44,1,42,2024-12-19 12:34:14
500111008,44,2,42,2024-12-19 12:23:16
500110039,44,0,43,2024-12-19 11:35:16
500101099,44,42,0,2024-12-19 21:08:15
500101116,44,38,6,2024-12-19 19:17:15
500101099,44,33,9,2024-12-19 20:29:15
500101116,44,31,13,2024-12-19 18:58:16
500103005,44,29,14,2024-12-19 18:32:16
500103005,44,27,16,2024-12-19 18:27:15
500110022,44,26,18,2024-12-19 20:08:15
500110022,44,25,19,2024-12-19 20:11:16
500112033,44,21,21,2024-12-19 18:48:15
500103005,44,16,22,2024-12-19 20:59:15
500110022,44,22,22,2024-12-19 18:28:16
500111008,44,15,29,2024-12-19 19:59:16
500111008,44,12,32,2024-12-19 19:28:15
500110039,44,6,38,2024-12-19 18:08:16
500101116,44,1,43,2024-12-19 17:47:16
500111008,44,0,44,2024-12-19 17:23:16
500112033,44,38,4,2024-12-19 16:02:15
500103005,44,15,28,2024-12-19 17:15:17
500101099,44,11,32,2024-12-19 16:38:15
500103005,44,8,35,2024-12-19 16:37:15
500110039,44,3,41,2024-12-19 15:33:15
500111008,44,0,44,2024-12-19 14:45:16
500112033,44,39,5,2024-12-19 08:47:15
500101099,44,31,10,2024-12-19 05:12:14
500101116,44,27,13,2024-12-19 06:40:16
500101116,44,22,18,2024-12-19 08:03:15
500101099,44,18,23,2024-12-19 07:41:15
500111008,44,19,25,2024-12-19 06:41:15
500111008,44,16,28,2024-12-19 08:22:15
500101116,44,11,29,2024-12-19 08:36:15
500101099,44,8,34,2024-12-19 08:16:15
500103005,44,5,38,2024-12-19 08:37:15
500101116,44,30,11,2024-12-19 03:47:14
500112033,44,14,30,2024-12-19 23:13:15
500112033,44,14,30,2024-12-19 21:27:14
500110022,44,21,23,2024-12-19 21:30:16
500101099,44,30,11,2024-12-19 04:23:14
500101116,44,28,13,2024-12-19 03:34:15
500103005,44,16,22,2024-12-19 23:56:14
500101116,44,30,12,2024-12-19 02:11:15
500110022,44,24,20,2024-12-19 10:58:16
500110022,44,23,21,2024-12-19 11:54:15
500101116,44,14,30,2024-12-19 12:56:15
500101099,44,11,32,2024-12-19 09:57:15
500101099,44,10,33,2024-12-19 12:47:15
500101116,44,4,36,2024-12-19 10:57:15
500101116,44,5,39,2024-12-19 12:28:15
500103005,44,4,39,2024-12-19 09:37:15
500103005,44,1,42,2024-12-19 11:47:15
500103005,44,1,42,2024-12-19 10:00:18
500103005,44,0,43,2024-12-19 09:05:16
500111008,44,1,43,2024-12-19 12:29:16
500101116,44,41,3,2024-12-19 19:27:15
500101099,44,38,4,2024-12-19 19:59:16
500101116,44,40,4,2024-12-19 19:35:16
500101099,44,33,9,2024-12-19 19:49:15
500101116,44,29,15,2024-12-19 21:19:16
500112033,44,26,16,2024-12-19 18:06:15
500101116,44,26,18,2024-12-19 19:56:16
500112033,44,21,21,2024-12-19 18:17:15
500103005,44,20,23,2024-12-19 17:36:15
500110022,44,20,24,2024-12-19 18:47:16
500101099,44,16,27,2024-12-19 17:37:16
500101099,44,15,28,2024-12-19 17:28:14
500103005,44,12,31,2024-12-19 18:48:15
500111008,44,13,31,2024-12-19 21:11:15
500110039,44,10,34,2024-12-19 20:09:15
500111008,44,0,44,2024-12-19 17:37:16
500112033,44,37,5,2024-12-19 15:45:16
500110022,44,22,22,2024-12-19 13:42:15
500112033,44,16,22,2024-12-19 14:26:15
500101116,44,20,24,2024-12-19 14:30:16
500110022,44,20,24,2024-12-19 15:29:15
500101099,44,4,39,2024-12-19 15:11:15
500110039,44,2,42,2024-12-19 13:32:15
500101116,44,32,12,2024-12-19 21:47:15
500101116,44,28,12,2024-12-19 06:32:15
500110039,44,29,14,2024-12-19 05:33:15
500101116,44,22,18,2024-12-19 07:16:15
500103005,44,24,19,2024-12-19 05:46:15
500101099,44,21,20,2024-12-19 07:37:15
500110039,44,22,21,2024-12-19 07:14:15
500111008,44,23,21,2024-12-19 05:26:15
500103005,44,21,22,2024-12-19 06:37:15
500111008,44,21,23,2024-12-19 08:01:15
500103005,44,19,24,2024-12-19 06:43:15
500110039,44,17,26,2024-12-19 07:27:15
500112033,44,17,27,2024-12-19 07:47:15
500112033,44,16,28,2024-12-19 07:34:15
500112033,44,15,29,2024-12-19 07:26:14
500110039,44,13,30,2024-12-19 08:37:15
500111008,44,8,36,2024-12-19 08:45:16
500103005,44,6,37,2024-12-19 07:15:17
500112033,44,13,31,2024-12-19 00:18:14
500110022,44,22,22,2024-12-19 23:40:15
500103005,44,19,25,2024-12-19 00:04:16
500111008,44,17,26,2024-12-19 23:57:15
500110039,44,26,18,2024-12-19 22:43:15
500103005,44,14,24,2024-12-19 21:36:15
500101116,44,35,9,2024-12-19 22:06:14
500101099,44,25,17,2024-12-19 21:59:15
500110022,44,25,18,2024-12-19 09:34:15
500110022,44,22,21,2024-12-19 10:18:15
500112033,44,17,21,2024-12-19 11:27:15
500112033,44,13,25,2024-12-19 09:36:15
500101099,44,12,31,2024-12-19 09:46:16
500110039,44,7,36,2024-12-19 09:25:16
500101116,44,2,38,2024-12-19 11:18:15
500101099,44,4,39,2024-12-19 11:57:16
500101099,44,3,40,2024-12-19 10:37:16
500101116,44,0,40,2024-12-19 09:23:15
500103005,44,3,40,2024-12-19 11:51:16
500111008,44,4,40,2024-12-19 11:03:16
500103005,44,2,41,2024-12-19 12:48:15
500110039,44,1,42,2024-12-19 12:02:15
500110039,44,1,42,2024-12-19 10:15:16
500101099,44,39,3,2024-12-19 20:01:15
500101116,44,27,17,2024-12-19 21:07:16
500112033,44,26,18,2024-12-19 19:08:15
500112033,44,25,19,2024-12-19 19:53:15
500101099,44,22,20,2024-12-19 18:36:15
500110022,44,22,22,2024-12-19 21:08:15
500103005,44,15,23,2024-12-19 21:08:15
500103005,44,14,24,2024-12-19 19:45:16
500103005,44,13,25,2024-12-19 20:47:15
500110039,44,17,27,2024-12-19 21:18:15
500110039,44,14,30,2024-12-19 18:18:16
500111008,44,12,32,2024-12-19 20:57:16
500111008,44,6,38,2024-12-19 18:48:15
500110039,44,4,40,2024-12-19 17:46:15
500111008,44,3,41,2024-12-19 18:07:16
500112033,44,36,6,2024-12-19 17:02:15
500110022,44,24,20,2024-12-19 16:43:15
500112033,44,15,23,2024-12-19 14:43:15
500101099,44,10,33,2024-12-19 14:05:16
500101099,44,8,35,2024-12-19 14:47:15
500110022,44,39,4,2024-12-19 07:25:15
500110022,44,35,8,2024-12-19 08:01:15
500112033,44,34,10,2024-12-19 08:37:15
500101116,44,26,14,2024-12-19 07:55:17
500101099,44,25,16,2024-12-19 07:17:14
500101099,44,20,22,2024-12-19 08:27:16
500111008,44,19,25,2024-12-19 06:32:15
500110039,44,17,26,2024-12-19 08:27:16
500103005,44,16,27,2024-12-19 06:56:15
500103005,44,11,32,2024-12-19 08:17:15
500112033,44,11,33,2024-12-19 05:11:15
500101116,44,5,35,2024-12-19 08:56:16
500103005,44,2,41,2024-12-19 07:23:15
500103005,44,0,43,2024-12-19 07:57:16
500112033,44,14,30,2024-12-19 23:52:14
500110022,44,36,7,2024-12-19 00:36:15
500101099,44,32,10,2024-12-19 22:29:14
500101116,44,31,13,2024-12-19 21:35:15
500101116,44,37,7,2024-12-19 23:55:16
500110022,44,26,17,2024-12-19 09:44:15
500110022,44,23,21,2024-12-19 11:06:15
500112033,44,16,22,2024-12-19 12:37:15
500101099,44,8,35,2024-12-19 12:33:15
500111008,44,8,36,2024-12-19 08:56:16
500101099,44,5,38,2024-12-19 10:26:14
500101116,44,2,38,2024-12-19 10:17:16
500111008,44,6,38,2024-12-19 11:17:15
500111008,44,5,39,2024-12-19 10:58:16
500110039,44,1,42,2024-12-19 10:28:15
500103005,44,0,43,2024-12-19 09:57:15
500103005,44,0,43,2024-12-19 10:18:15
500110039,44,0,43,2024-12-19 12:44:15
500110039,44,0,43,2024-12-19 11:56:15
500110039,44,0,43,2024-12-19 09:54:15
500110039,44,0,43,2024-12-19 10:34:15
500112033,44,34,8,2024-12-19 17:23:15
500101099,44,32,10,2024-12-19 20:32:15
500101099,44,31,11,2024-12-19 19:38:15
500110039,44,30,14,2024-12-19 18:45:16
500110022,44,27,17,2024-12-19 19:57:15
500110022,44,26,18,2024-12-19 17:35:15
500101099,44,20,22,2024-12-19 18:29:16
500103005,44,14,24,2024-12-19 19:59:16
500112033,44,19,25,2024-12-19 20:54:14
500110039,44,18,26,2024-12-19 20:23:15
500103005,44,10,28,2024-12-19 19:28:15
500103005,44,8,30,2024-12-19 19:18:15
500111008,44,4,40,2024-12-19 17:59:15
500112033,44,38,4,2024-12-19 16:30:16
500110022,44,22,22,2024-12-19 16:37:15
500110022,44,20,24,2024-12-19 14:43:15
500101116,44,19,25,2024-12-19 15:25:15
500110022,44,19,25,2024-12-19 15:25:15
500101099,44,17,26,2024-12-19 17:08:16
500101116,44,17,27,2024-12-19 15:58:15
500101099,44,12,31,2024-12-19 13:10:16
500111008,44,3,41,2024-12-19 15:48:15
500110039,44,1,42,2024-12-19 13:15:15
500111008,44,0,44,2024-12-19 17:07:15
500101099,44,35,6,2024-12-19 05:49:15
500101099,44,34,7,2024-12-19 06:31:15
500101099,44,33,8,2024-12-19 06:27:15
500110022,44,33,10,2024-12-19 08:20:16
500110039,44,29,14,2024-12-19 05:58:15
500111008,44,28,16,2024-12-19 07:36:14
500111008,44,24,20,2024-12-19 07:25:15
500103005,44,21,22,2024-12-19 06:24:15
500103005,44,12,31,2024-12-19 08:02:17
500112033,44,12,32,2024-12-19 06:22:14
500103005,44,0,43,2024-12-19 08:57:16
500101099,44,24,18,2024-12-19 23:40:15
500101116,44,32,10,2024-12-19 00:23:14
500101116,44,33,9,2024-12-19 00:52:15
500111008,44,19,25,2024-12-19 01:40:15
500101116,44,30,10,2024-12-19 04:14:15
500110039,44,25,19,2024-12-19 21:59:15
500111008,44,20,24,2024-12-19 04:31:15
500110022,44,25,19,2024-12-19 11:17:15
500110022,44,24,20,2024-12-19 10:48:15
500110022,44,22,22,2024-12-19 12:55:16
500112033,44,16,22,2024-12-19 10:43:16
500101099,44,15,28,2024-12-19 09:07:15
500101099,44,10,33,2024-12-19 09:33:15
500101116,44,3,37,2024-12-19 11:42:16
500101116,44,3,37,2024-12-19 10:28:15
500101116,44,2,38,2024-12-19 09:46:16
500111008,44,6,38,2024-12-19 10:04:15
500111008,44,6,38,2024-12-19 10:43:15
500101099,44,4,39,2024-12-19 11:41:15
500101099,44,3,40,2024-12-19 11:37:15
500111008,44,4,40,2024-12-19 12:02:16
500110039,44,2,41,2024-12-19 11:47:15
500101116,44,32,12,2024-12-19 19:49:15
500101099,44,28,14,2024-12-19 21:20:16
500112033,44,27,15,2024-12-19 17:55:17
500101099,44,25,17,2024-12-19 19:07:15
500110022,44,26,18,2024-12-19 20:19:15
500110022,44,26,18,2024-12-19 17:27:16
500110022,44,26,18,2024-12-19 19:33:15
500110022,44,21,23,2024-12-19 21:18:14
500110022,44,19,25,2024-12-19 18:38:16
500103005,44,12,26,2024-12-19 20:29:14
500112033,44,16,26,2024-12-19 18:27:15
500111008,44,14,30,2024-12-19 20:45:16
500110039,44,12,32,2024-12-19 19:07:15
500111008,44,9,35,2024-12-19 19:01:15
500110039,44,5,39,2024-12-19 17:38:16
500111008,44,5,39,2024-12-19 18:26:16
500110039,44,4,40,2024-12-19 17:23:15
500112033,44,37,5,2024-12-19 16:54:16
500112033,44,37,5,2024-12-19 17:13:15
500112033,44,36,6,2024-12-19 15:37:16
500112033,44,19,19,2024-12-19 13:37:15
500112033,44,17,21,2024-12-19 15:28:14
500101116,44,16,28,2024-12-19 16:26:15
500101099,44,13,30,2024-12-19 16:43:15
500103005,44,10,33,2024-12-19 16:48:16
500101116,44,10,34,2024-12-19 16:38:15
500101099,44,8,35,2024-12-19 14:33:16
500101099,44,7,36,2024-12-19 14:24:15
500101099,44,5,38,2024-12-19 15:36:15
500101116,44,2,42,2024-12-19 16:47:15
500111008,44,2,42,2024-12-19 16:26:15
500101116,44,1,43,2024-12-19 17:16:16
500103005,44,0,43,2024-12-19 14:34:16
500111008,44,0,44,2024-12-19 15:20:18
500110022,44,41,2,2024-12-19 07:14:14
500101099,44,36,5,2024-12-19 05:46:14
500110022,44,36,7,2024-12-19 07:47:15
500101099,44,32,9,2024-12-19 06:46:14
500101116,44,30,10,2024-12-19 06:01:14
500101099,44,28,13,2024-12-19 06:56:15
500110039,44,28,15,2024-12-19 06:56:15
500110039,44,27,16,2024-12-19 06:34:15
500111008,44,23,21,2024-12-19 07:10:16
500111008,44,23,21,2024-12-19 07:56:15
500111008,44,19,25,2024-12-19 08:17:15
500111008,44,19,25,2024-12-19 06:55:16
500101099,44,15,26,2024-12-19 08:03:15
500103005,44,8,35,2024-12-19 08:26:15
500101099,44,31,11,2024-12-19 00:15:15
500111008,44,18,26,2024-12-19 22:28:15
500110022,44,23,21,2024-12-19 22:26:15
500112033,44,16,28,2024-12-19 22:02:16
500110039,44,19,25,2024-12-19 21:34:15
500112033,44,11,33,2024-12-19 04:21:15
500101116,44,36,8,2024-12-19 21:58:14
500101099,44,23,19,2024-12-19 23:55:16
500101099,44,27,15,2024-12-19 22:59:14
500103005,44,18,20,2024-12-19 23:26:15
500110022,44,24,19,2024-12-19 10:27:16
500112033,44,18,20,2024-12-19 12:42:15
500112033,44,9,29,2024-12-19 09:27:14
500101099,44,11,32,2024-12-19 13:02:15
500101099,44,8,35,2024-12-19 09:27:15
500101116,44,3,37,2024-12-19 12:08:15
500101116,44,1,39,2024-12-19 09:07:16
500101116,44,1,39,2024-12-19 10:36:14
500101116,44,1,39,2024-12-19 11:26:14
500111008,44,5,39,2024-12-19 09:27:15
500101099,44,3,40,2024-12-19 10:51:16
500101116,44,0,40,2024-12-19 09:09:15
500101099,44,2,41,2024-12-19 10:40:16
500101099,44,2,41,2024-12-19 11:08:15
500103005,44,2,41,2024-12-19 09:46:16
500103005,44,1,42,2024-12-19 12:06:16
500101099,44,31,11,2024-12-19 19:29:15
500101099,44,29,13,2024-12-19 19:19:15
500112033,44,29,13,2024-12-19 17:41:16
500101116,44,29,15,2024-12-19 18:46:15
500101116,44,25,19,2024-12-19 20:08:14
500110039,44,23,21,2024-12-19 18:58:16
500101099,44,19,23,2024-12-19 18:08:16
500103005,44,13,25,2024-12-19 20:02:14
500103005,44,18,25,2024-12-19 17:23:15
500112033,44,16,26,2024-12-19 18:37:15
500101116,44,15,29,2024-12-19 18:06:15
500110039,44,11,33,2024-12-19 20:13:15
500111008,44,10,34,2024-12-19 19:16:15
500110039,44,2,42,2024-12-19 17:59:14
500112033,44,18,20,2024-12-19 13:12:15
500101116,44,18,26,2024-12-19 16:18:16
500101099,44,11,32,2024-12-19 13:44:15
500101099,44,5,38,2024-12-19 15:07:15
500111008,44,6,38,2024-12-19 15:50:16
500103005,44,4,39,2024-12-19 14:03:15
500110039,44,4,40,2024-12-19 15:57:15
500110039,44,4,40,2024-12-19 16:17:15
500103005,44,1,42,2024-12-19 14:22:15
500110039,44,2,42,2024-12-19 16:27:16
500111008,44,1,43,2024-12-19 17:18:15
500112033,44,44,0,2024-12-19 08:57:16
500101099,44,35,6,2024-12-19 06:01:16
500101116,44,30,10,2024-12-19 05:24:14
500110022,44,28,15,2024-12-19 08:39:15
500110039,44,28,15,2024-12-19 06:20:15
500110022,44,27,16,2024-12-19 08:51:15
500111008,44,20,24,2024-12-19 06:07:15
500101099,44,16,25,2024-12-19 07:55:17
500110039,44,15,28,2024-12-19 07:36:15
500112033,44,13,31,2024-12-19 06:36:14
500103005,44,2,41,2024-12-19 07:44:14
500112033,44,14,30,2024-12-19 23:26:15
500101116,44,33,9,2024-12-19 00:06:15
500110019,45,4,41,2024-12-19 01:17:15
500101167,45,17,28,2024-12-19 23:08:15
500119045,45,25,20,2024-12-19 22:37:15
500109019,45,30,13,2024-12-19 22:34:15
500101127,45,3,42,2024-12-19 21:39:15
500101167,45,17,28,2024-12-19 21:39:15
500110019,45,2,43,2024-12-19 03:07:15
500101105,45,25,20,2024-12-19 22:08:14
500109015,45,18,27,2024-12-19 21:55:17
500110019,45,31,14,2024-12-19 21:57:15
500101127,45,13,30,2024-12-19 01:44:14
500101105,45,0,45,2024-12-19 04:36:15
500101127,45,2,43,2024-12-19 22:11:15
500110019,45,44,1,2024-12-19 10:12:15
500101127,45,37,6,2024-12-19 10:58:16
500101127,45,35,8,2024-12-19 11:48:15
500110019,45,37,8,2024-12-19 11:47:15
500110019,45,36,9,2024-12-19 12:24:15
500110019,45,34,11,2024-12-19 12:48:14
500101167,45,33,12,2024-12-19 11:38:15
500101167,45,29,16,2024-12-19 10:38:15
500101167,45,25,20,2024-12-19 09:25:16
500107032,45,25,20,2024-12-19 10:18:15
500109019,45,20,20,2024-12-19 10:16:15
500107032,45,24,21,2024-12-19 11:30:17
500109019,45,19,21,2024-12-19 11:26:15
500107032,45,23,22,2024-12-19 09:54:15
500107032,45,19,26,2024-12-19 12:26:15
500104076,45,9,36,2024-12-19 10:46:15
500101105,45,3,42,2024-12-19 09:06:15
500119045,45,45,0,2024-12-19 19:49:15
500110019,45,43,1,2024-12-19 17:44:15
500101105,45,37,8,2024-12-19 18:58:16
500109015,45,36,9,2024-12-19 17:28:15
500109015,45,34,11,2024-12-19 18:44:16
500101105,45,26,19,2024-12-19 18:05:16
500101167,45,20,25,2024-12-19 20:13:15
500104076,45,20,25,2024-12-19 19:32:15
500109019,45,17,26,2024-12-19 17:25:16
500104076,45,18,27,2024-12-19 18:49:16
500107032,45,12,33,2024-12-19 17:48:15
500107032,45,8,37,2024-12-19 19:53:15
500101127,45,5,40,2024-12-19 20:57:15
500101127,45,2,43,2024-12-19 18:52:15
500101127,45,0,45,2024-12-19 18:16:15
500110019,45,43,1,2024-12-19 17:17:16
500101167,45,39,6,2024-12-19 14:05:15
500109015,45,36,9,2024-12-19 17:18:16
500110019,45,35,10,2024-12-19 13:25:15
500110019,45,35,10,2024-12-19 13:48:15
500119045,45,32,13,2024-12-19 17:15:17
500119045,45,24,21,2024-12-19 16:17:14
500101105,45,20,25,2024-12-19 15:27:15
500101105,45,15,30,2024-12-19 15:04:15
500101105,45,13,32,2024-12-19 14:44:15
500109015,45,37,8,2024-12-19 08:56:16
500101167,45,31,14,2024-12-19 06:11:14
500109015,45,27,18,2024-12-19 07:17:14
500109019,45,21,19,2024-12-19 07:47:15
500110019,45,18,27,2024-12-19 04:53:14
500110019,45,18,27,2024-12-19 06:25:15
500109015,45,14,31,2024-12-19 06:55:16
500110019,45,14,31,2024-12-19 08:24:15
500109015,45,8,37,2024-12-19 06:13:14
500104076,45,7,38,2024-12-19 06:28:14
500104076,45,7,38,2024-12-19 07:26:15
500104076,45,5,40,2024-12-19 08:36:15
500109015,45,5,40,2024-12-19 06:05:16
500119045,45,4,40,2024-12-19 06:46:15
500101105,45,4,41,2024-12-19 07:23:15
500101105,45,0,45,2024-12-19 07:35:16
500109015,45,14,31,2024-12-19 23:13:15
500109019,45,31,12,2024-12-19 22:42:15
500101127,45,5,40,2024-12-19 22:38:15
500107032,45,11,34,2024-12-19 21:23:16
500109019,45,19,21,2024-12-19 02:18:14
500104076,45,7,38,2024-12-19 21:55:17
500101127,45,0,45,2024-12-19 21:59:15
500104076,45,9,36,2024-12-19 03:32:15
500101127,45,8,37,2024-12-19 23:54:15
500110019,45,3,42,2024-12-19 02:30:16
500101167,45,8,37,2024-12-19 22:14:15
500101167,45,44,1,2024-12-19 13:07:15
500109015,45,43,2,2024-12-19 09:34:15
500109015,45,37,8,2024-12-19 09:04:15
500109015,45,36,9,2024-12-19 12:36:15
500101167,45,35,10,2024-12-19 11:48:15
500101167,45,26,19,2024-12-19 09:37:15
500101127,45,21,24,2024-12-19 13:01:15
500119045,45,16,28,2024-12-19 12:48:15
500119045,45,13,31,2024-12-19 13:07:15
500104076,45,10,35,2024-12-19 09:37:15
500104076,45,10,35,2024-12-19 11:20:16
500101105,45,9,36,2024-12-19 11:48:15
500104076,45,8,37,2024-12-19 10:36:14
500104076,45,8,37,2024-12-19 11:01:17
500109015,45,8,37,2024-12-19 11:18:16
500119045,45,1,43,2024-12-19 11:36:16
500119045,45,44,1,2024-12-19 18:48:15
500110019,45,42,2,2024-12-19 20:56:15
500110019,45,40,4,2024-12-19 18:58:16
500119045,45,41,4,2024-12-19 19:28:15
500110019,45,36,8,2024-12-19 20:08:15
500119045,45,37,8,2024-12-19 21:13:15
500101105,45,35,10,2024-12-19 19:18:15
500101167,45,35,10,2024-12-19 18:47:16
500110019,45,34,10,2024-12-19 19:43:15
500101105,45,32,13,2024-12-19 19:59:16
500101167,45,32,13,2024-12-19 17:58:16
500101105,45,30,15,2024-12-19 18:18:16
500101167,45,22,23,2024-12-19 19:29:14
500109015,45,22,23,2024-12-19 20:04:16
500109019,45,20,23,2024-12-19 20:27:14
500101105,45,21,24,2024-12-19 17:47:16
500101167,45,20,25,2024-12-19 20:26:15
500104076,45,15,30,2024-12-19 20:58:15
500109019,45,12,31,2024-12-19 18:36:16
500107032,45,9,36,2024-12-19 20:56:15
500110019,45,42,2,2024-12-19 17:06:16
500101167,45,39,6,2024-12-19 15:23:15
500109015,45,38,7,2024-12-19 16:38:14
500101167,45,32,13,2024-12-19 16:58:15
500119045,45,23,22,2024-12-19 16:47:15
500107032,45,21,24,2024-12-19 13:09:15
500101127,45,20,25,2024-12-19 14:55:16
500119045,45,18,26,2024-12-19 14:26:15
500101105,45,18,27,2024-12-19 15:41:15
500107032,45,18,27,2024-12-19 14:24:15
500101127,45,16,29,2024-12-19 15:58:14
500104076,45,8,37,2024-12-19 13:38:15
500101167,45,41,4,2024-12-19 07:37:15
500101167,45,35,10,2024-12-19 06:56:14
500101127,45,30,13,2024-12-19 07:34:14
500101167,45,31,14,2024-12-19 05:00:16
500101167,45,30,15,2024-12-19 05:46:14
500110019,45,17,28,2024-12-19 08:36:15
500107032,45,6,39,2024-12-19 07:21:15
500119045,45,3,38,2024-12-19 00:13:16
500101127,45,7,38,2024-12-19 23:43:14
500107032,45,14,31,2024-12-19 22:41:15
500104076,45,15,30,2024-12-19 23:39:14
500119045,45,22,23,2024-12-19 23:54:15
500109015,45,4,41,2024-12-19 00:55:16
500109019,45,20,20,2024-12-19 00:33:15
500101127,45,6,39,2024-12-19 22:52:14
500109015,45,14,31,2024-12-19 22:22:15
500110019,45,27,18,2024-12-19 22:34:15
500104076,45,9,36,2024-12-19 21:10:15
500104076,45,8,37,2024-12-19 04:16:14
500101127,45,1,44,2024-12-19 22:07:16
500119045,45,8,36,2024-12-19 00:52:15
500107032,45,7,38,2024-12-19 01:34:15
500101167,45,19,26,2024-12-19 22:55:16
500101127,45,5,40,2024-12-19 23:30:16
500101127,45,43,0,2024-12-19 09:24:15
500101127,45,40,3,2024-12-19 09:05:15
500101167,45,39,6,2024-12-19 12:24:16
500110019,45,36,9,2024-12-19 11:58:16
500101167,45,35,10,2024-12-19 11:28:16
500109019,45,21,19,2024-12-19 09:16:14
500110019,45,25,20,2024-12-19 09:27:15
500107032,45,23,22,2024-12-19 09:13:15
500101127,45,20,23,2024-12-19 12:17:16
500107032,45,22,23,2024-12-19 09:09:15
500101105,45,11,34,2024-12-19 12:07:16
500104076,45,11,34,2024-12-19 09:16:15
500101105,45,9,36,2024-12-19 10:18:15
500101105,45,8,37,2024-12-19 10:19:15
500101105,45,4,41,2024-12-19 09:46:16
500119045,45,0,44,2024-12-19 11:58:15
500119045,45,43,2,2024-12-19 20:35:16
500110019,45,40,4,2024-12-19 18:46:15
500119045,45,41,4,2024-12-19 20:03:15
500119045,45,40,5,2024-12-19 20:59:15
500110019,45,38,6,2024-12-19 21:09:15
500110019,45,37,7,2024-12-19 19:36:15
500109015,45,37,8,2024-12-19 18:06:15
500119045,45,34,11,2024-12-19 17:48:14
500119045,45,31,14,2024-12-19 17:37:15
500101167,45,24,21,2024-12-19 19:18:15
500104076,45,20,25,2024-12-19 17:42:15
500104076,45,19,26,2024-12-19 19:12:14
500109019,45,14,29,2024-12-19 19:15:16
500107032,45,8,37,2024-12-19 20:14:15
500101127,45,6,39,2024-12-19 18:37:15
500107032,45,5,40,2024-12-19 18:34:15
500101127,45,1,44,2024-12-19 19:27:15
500101167,45,38,7,2024-12-19 14:31:15
500110019,45,38,7,2024-12-19 15:08:15
500109019,45,19,21,2024-12-19 15:20:16
500119045,45,24,21,2024-12-19 16:06:15
500119045,45,23,22,2024-12-19 15:54:14
500101105,45,21,24,2024-12-19 15:59:15
500101127,45,20,25,2024-12-19 13:46:16
500101105,45,19,26,2024-12-19 16:34:16
500109019,45,12,28,2024-12-19 17:07:15
500119045,45,15,29,2024-12-19 13:24:15
500119045,45,13,31,2024-12-19 13:13:15
500101105,45,12,33,2024-12-19 14:26:15
500101127,45,12,33,2024-12-19 17:16:16
500101167,45,42,3,2024-12-19 08:02:15
500101127,45,31,12,2024-12-19 06:52:15
500101127,45,29,14,2024-12-19 07:02:15
500109019,45,24,16,2024-12-19 08:27:16
500109019,45,23,17,2024-12-19 08:13:15
500109019,45,23,17,2024-12-19 08:56:16
500110019,45,18,27,2024-12-19 06:47:15
500119045,45,7,37,2024-12-19 07:47:15
500104076,45,7,38,2024-12-19 07:49:16
500101105,45,4,41,2024-12-19 07:55:17
500107032,45,4,41,2024-12-19 07:47:15
500101105,45,2,43,2024-12-19 08:53:15
500101105,45,1,44,2024-12-19 05:40:17
500101105,45,0,45,2024-12-19 00:07:15
500101127,45,15,28,2024-12-19 00:56:14
500101105,45,0,45,2024-12-19 00:24:16
500110019,45,4,41,2024-12-19 02:01:16
500109019,45,29,14,2024-12-19 22:26:15
500110019,45,43,2,2024-12-19 11:16:15
500110019,45,41,4,2024-12-19 11:06:15
500110019,45,40,5,2024-12-19 10:25:16
500101167,45,39,6,2024-12-19 11:58:16
500101127,45,36,7,2024-12-19 10:38:15
500109015,45,37,8,2024-12-19 12:45:16
500110019,45,37,8,2024-12-19 12:08:15
500101167,45,35,10,2024-12-19 11:18:16
500109015,45,35,10,2024-12-19 12:58:15
500109015,45,32,13,2024-12-19 10:05:17
500101167,45,25,20,2024-12-19 09:47:15
500107032,45,25,20,2024-12-19 10:32:15
500101167,45,22,23,2024-12-19 09:57:15
500107032,45,21,24,2024-12-19 11:57:16
500109019,45,16,24,2024-12-19 12:00:19
500110019,45,21,24,2024-12-19 09:07:15
500104076,45,11,34,2024-12-19 11:38:15
500101105,45,10,35,2024-12-19 12:55:16
500109015,45,8,37,2024-12-19 10:34:15
500101105,45,7,38,2024-12-19 11:08:15
500101105,45,6,39,2024-12-19 09:57:15
500119045,45,0,44,2024-12-19 09:27:15
500119045,45,0,44,2024-12-19 10:58:16
500110019,45,42,2,2024-12-19 17:38:16
500110019,45,41,3,2024-12-19 18:18:16
500110019,45,38,6,2024-12-19 19:28:15
500101167,45,36,9,2024-12-19 18:08:16
500101105,45,34,11,2024-12-19 20:01:15
500119045,45,32,13,2024-12-19 17:27:16
500101167,45,30,15,2024-12-19 17:28:15
500101167,45,27,18,2024-12-19 19:06:16
500101167,45,26,19,2024-12-19 19:59:16
500109019,45,24,19,2024-12-19 20:49:15
500104076,45,19,26,2024-12-19 20:11:16
500104076,45,19,26,2024-12-19 18:16:16
500107032,45,11,34,2024-12-19 17:50:16
500107032,45,4,41,2024-12-19 18:58:16
500101127,45,2,43,2024-12-19 19:37:16
500101127,45,0,45,2024-12-19 19:42:15
500110019,45,42,3,2024-12-19 16:46:15
500101167,45,39,6,2024-12-19 16:10:16
500101167,45,38,7,2024-12-19 16:47:15
500101167,45,37,8,2024-12-19 13:18:15
500109015,45,37,8,2024-12-19 16:41:15
500101167,45,36,9,2024-12-19 15:03:15
500109015,45,35,10,2024-12-19 14:04:15
500119045,45,22,23,2024-12-19 15:37:15
500101105,45,20,25,2024-12-19 17:02:15
500107032,45,20,25,2024-12-19 13:30:16
500109019,45,15,25,2024-12-19 13:10:16
500101127,45,19,26,2024-12-19 15:23:14
500109019,45,14,26,2024-12-19 16:18:15
500101127,45,18,27,2024-12-19 16:55:17
500101127,45,17,28,2024-12-19 15:45:16
500101127,45,17,28,2024-12-19 16:45:17
500101127,45,15,30,2024-12-19 16:08:16
500104076,45,9,36,2024-12-19 13:14:15
500104076,45,9,36,2024-12-19 15:13:16
500101167,45,42,3,2024-12-19 07:55:17
500101127,45,35,8,2024-12-19 08:55:16
500101127,45,33,10,2024-12-19 06:47:15
500101127,45,30,13,2024-12-19 08:26:15
500109015,45,32,13,2024-12-19 07:48:15
500109019,45,18,22,2024-12-19 06:56:15
500107032,45,11,34,2024-12-19 08:26:14
500107032,45,10,35,2024-12-19 08:16:15
500104076,45,6,39,2024-12-19 08:17:15
500119045,45,5,39,2024-12-19 07:57:16
500101105,45,3,42,2024-12-19 08:47:15
500101105,45,2,43,2024-12-19 07:17:14
500107032,45,6,39,2024-12-19 00:23:14
500110019,45,33,12,2024-12-19 21:36:15
500110019,45,4,41,2024-12-19 00:33:15
500110019,45,5,40,2024-12-19 01:27:15
500101105,45,26,19,2024-12-19 22:56:15
500110019,45,42,3,2024-12-19 10:30:15
500101167,45,32,13,2024-12-19 09:09:15
500101167,45,25,20,2024-12-19 10:18:15
500101127,45,22,21,2024-12-19 12:07:15
500107032,45,23,22,2024-12-19 11:03:15
500109019,45,18,22,2024-12-19 11:32:14
500107032,45,22,23,2024-12-19 09:29:15
500101105,45,10,35,2024-12-19 11:28:15
500109015,45,10,35,2024-12-19 12:18:15
500119045,45,4,40,2024-12-19 12:26:15
500119045,45,3,41,2024-12-19 11:47:16
500119045,45,2,42,2024-12-19 12:07:16
500101105,45,2,43,2024-12-19 09:33:15
500119045,45,1,43,2024-12-19 09:09:15
500119045,45,1,43,2024-12-19 09:57:15
500119045,45,0,44,2024-12-19 09:03:15
500119045,45,0,44,2024-12-19 11:00:19
500110019,45,43,1,2024-12-19 20:35:15
500110019,45,43,1,2024-12-19 17:26:15
500119045,45,44,1,2024-12-19 19:07:15
500109015,45,35,10,2024-12-19 17:43:16
500109015,45,35,10,2024-12-19 17:53:15
500110019,45,34,10,2024-12-19 19:59:16
500101167,45,33,12,2024-12-19 18:58:16
500109015,45,26,19,2024-12-19 19:29:15
500101167,45,25,20,2024-12-19 19:35:16
500109015,45,25,20,2024-12-19 19:34:15
500101167,45,21,24,2024-12-19 20:09:15
500101167,45,21,24,2024-12-19 21:18:15
500109015,45,21,24,2024-12-19 20:27:14
500109015,45,20,25,2024-12-19 20:58:14
500104076,45,17,28,2024-12-19 20:18:15
500109019,45,14,29,2024-12-19 18:42:15
500101167,45,15,30,2024-12-19 20:59:15
500109019,45,12,31,2024-12-19 17:58:16
500107032,45,10,35,2024-12-19 21:08:15
500107032,45,9,36,2024-12-19 18:06:15
500107032,45,7,38,2024-12-19 18:27:15
500101127,45,2,43,2024-12-19 19:17:15
500101127,45,0,45,2024-12-19 18:07:16
500101167,45,40,5,2024-12-19 16:00:17
500110019,45,40,5,2024-12-19 15:15:16
500109015,45,37,8,2024-12-19 17:06:16
500110019,45,37,8,2024-12-19 14:36:16
500109015,45,36,9,2024-12-19 13:15:15
500109015,45,36,9,2024-12-19 16:56:15
500109015,45,35,10,2024-12-19 16:10:16
500101127,45,22,23,2024-12-19 13:31:15
500119045,45,20,25,2024-12-19 15:13:16
500101105,45,19,26,2024-12-19 16:56:15
500101127,45,19,26,2024-12-19 14:12:14
500119045,45,17,27,2024-12-19 14:16:16
500119045,45,16,28,2024-12-19 13:54:15
500119045,45,16,29,2024-12-19 14:58:15
500101105,45,10,35,2024-12-19 14:04:14
500104076,45,8,37,2024-12-19 21:49:15
500119045,45,42,3,2024-12-19 21:49:15
500101167,45,40,5,2024-12-19 06:45:16
500101167,45,39,6,2024-12-19 07:47:15
500101127,45,33,10,2024-12-19 06:00:17
500101167,45,32,13,2024-12-19 06:27:15
500109019,45,21,19,2024-12-19 07:35:16
500110019,45,18,27,2024-12-19 06:54:16
500110019,45,16,29,2024-12-19 05:37:15
500109015,45,9,36,2024-12-19 06:23:15
500109015,45,8,37,2024-12-19 06:37:14
500107032,45,7,38,2024-12-19 08:00:17
500119045,45,5,39,2024-12-19 08:17:15
500119045,45,4,40,2024-12-19 06:25:15
500101105,45,2,43,2024-12-19 08:17:15
500119045,45,1,43,2024-12-19 08:57:16
500101105,45,27,18,2024-12-19 23:19:15
500101105,45,1,44,2024-12-19 01:13:15
500119045,45,24,21,2024-12-19 22:43:15
500101167,45,7,38,2024-12-19 22:24:14
500101105,45,1,44,2024-12-19 04:24:14
500101167,45,30,15,2024-12-19 03:40:15
500110019,45,29,16,2024-12-19 22:06:15
500101167,45,20,25,2024-12-19 22:46:15
500101105,45,0,45,2024-12-19 04:38:15
500101167,45,16,29,2024-12-19 23:33:15
500119045,45,23,22,2024-12-19 23:33:15
500101127,45,14,29,2024-12-19 01:33:15
500110019,45,41,4,2024-12-19 10:44:16
500101167,45,40,5,2024-12-19 12:07:16
500101127,45,35,8,2024-12-19 10:39:16
500101167,45,34,11,2024-12-19 09:06:15
500107032,45,24,21,2024-12-19 09:47:15
500109019,45,18,22,2024-12-19 11:52:15
500109019,45,18,22,2024-12-19 09:57:15
500101167,45,22,23,2024-12-19 10:07:16
500109019,45,16,24,2024-12-19 12:58:15
500101127,45,18,25,2024-12-19 12:26:15
500101105,45,9,36,2024-12-19 11:33:16
500109015,45,8,37,2024-12-19 11:34:15
500109015,45,8,37,2024-12-19 11:07:16
500119045,45,1,43,2024-12-19 10:42:17
500119045,45,0,44,2024-12-19 10:23:16
500110019,45,43,1,2024-12-19 18:05:16
500110019,45,43,1,2024-12-19 18:29:16
500119045,45,43,2,2024-12-19 19:31:14
500110019,45,41,3,2024-12-19 20:29:15
500119045,45,42,3,2024-12-19 20:49:15
500119045,45,40,5,2024-12-19 18:29:16
500119045,45,39,6,2024-12-19 19:19:15
500109015,45,36,9,2024-12-19 18:26:15
500101105,45,34,11,2024-12-19 20:39:16
500101105,45,34,11,2024-12-19 18:33:16
500101105,45,32,13,2024-12-19 19:29:15
500101105,45,31,14,2024-12-19 20:47:15
500101167,45,26,19,2024-12-19 19:40:15
500109015,45,26,19,2024-12-19 19:41:16
500101167,45,25,20,2024-12-19 17:36:15
500109015,45,23,22,2024-12-19 19:59:16
500101167,45,22,23,2024-12-19 21:08:15
500109019,45,14,29,2024-12-19 19:30:17
500104076,45,11,34,2024-12-19 17:25:15
500101127,45,4,41,2024-12-19 18:43:15
500101127,45,0,45,2024-12-19 20:08:15
500101127,45,0,45,2024-12-19 21:09:15
500101127,45,0,45,2024-12-19 18:29:16
500101167,45,41,4,2024-12-19 15:49:15
500101167,45,39,6,2024-12-19 13:42:15
500110019,45,39,6,2024-12-19 15:47:15
500110019,45,38,7,2024-12-19 16:17:15
500110019,45,37,8,2024-12-19 14:00:17
500101167,45,31,14,2024-12-19 17:08:16
500101167,45,30,15,2024-12-19 17:17:15
500119045,45,23,22,2024-12-19 16:28:15
500101127,45,18,27,2024-12-19 14:38:15
500101105,45,17,28,2024-12-19 17:17:16
500104076,45,10,35,2024-12-19 15:33:15
500101127,45,35,8,2024-12-19 08:33:16
500101167,45,36,9,2024-12-19 06:37:15
500101167,45,32,13,2024-12-19 08:57:15
500101167,45,31,14,2024-12-19 08:36:15
500109019,45,22,18,2024-12-19 08:43:15
500107032,45,19,26,2024-12-19 08:43:15
500110019,45,18,27,2024-12-19 06:37:15
500107032,45,16,29,2024-12-19 08:33:16
500110019,45,9,36,2024-12-19 08:16:15
500119045,45,7,37,2024-12-19 08:35:16
500107032,45,7,38,2024-12-19 06:30:17
500104076,45,6,39,2024-12-19 07:44:15
500119045,45,4,40,2024-12-19 08:27:16
500119045,45,2,42,2024-12-19 08:47:15
500101167,45,5,40,2024-12-19 00:17:15
500101167,45,6,39,2024-12-19 00:22:15
500104076,45,5,40,2024-12-19 00:08:15
500104076,45,6,39,2024-12-19 22:13:15
500101105,45,35,10,2024-12-19 21:39:15
500101167,45,11,34,2024-12-19 21:58:15
500109015,45,15,30,2024-12-19 22:15:16
500110019,45,28,17,2024-12-19 22:18:15
500101127,45,3,42,2024-12-19 22:24:15
500110019,45,29,16,2024-12-19 22:26:15
500110019,45,44,1,2024-12-19 10:03:15
500101167,45,42,3,2024-12-19 12:19:16
500109015,45,42,3,2024-12-19 09:54:15
500101127,45,38,5,2024-12-19 11:08:15
500110019,45,38,7,2024-12-19 12:17:16
500101167,45,30,15,2024-12-19 11:08:15
500110019,45,30,15,2024-12-19 09:33:15
500107032,45,24,21,2024-12-19 10:58:16
500109019,45,19,21,2024-12-19 10:06:15
500109019,45,19,21,2024-12-19 10:56:15
500107032,45,22,23,2024-12-19 11:46:15
500107032,45,20,25,2024-12-19 08:58:15
500110019,45,20,25,2024-12-19 09:08:15
500101127,45,17,26,2024-12-19 12:48:15
500107032,45,18,27,2024-12-19 12:08:15
500104076,45,11,34,2024-12-19 09:02:15
500109015,45,10,35,2024-12-19 12:03:14
500101105,45,9,36,2024-12-19 10:46:14
500109015,45,9,36,2024-12-19 11:48:15
500101105,45,8,37,2024-12-19 11:16:15
500119045,45,1,43,2024-12-19 12:18:15
500119045,45,1,43,2024-12-19 10:18:15
500119045,45,1,43,2024-12-19 11:14:16
500101105,45,1,44,2024-12-19 09:09:15
500119045,45,0,44,2024-12-19 10:00:18
500110019,45,42,2,2024-12-19 20:47:15
500110019,45,42,2,2024-12-19 18:38:16
500101105,45,37,8,2024-12-19 20:29:14
500101167,45,36,9,2024-12-19 18:18:16
500119045,45,36,9,2024-12-19 18:07:16
500101105,45,34,11,2024-12-19 19:48:15
500101105,45,33,12,2024-12-19 18:48:15
500101105,45,23,22,2024-12-19 17:55:17
500109019,45,14,29,2024-12-19 19:02:16
500107032,45,9,36,2024-12-19 20:06:15
500107032,45,7,38,2024-12-19 19:21:15
500101127,45,5,40,2024-12-19 20:34:14
500101127,45,2,43,2024-12-19 17:28:15
500101127,45,2,43,2024-12-19 17:48:14
500101127,45,1,44,2024-12-19 20:13:15
500110019,45,42,2,2024-12-19 16:49:15
500110019,45,40,5,2024-12-19 14:57:15
500109015,45,37,8,2024-12-19 13:33:15
500110019,45,36,9,2024-12-19 14:17:15
500119045,45,28,17,2024-12-19 17:07:15
500109019,45,20,20,2024-12-19 14:10:17
500109019,45,18,22,2024-12-19 13:28:15
500101105,45,22,23,2024-12-19 16:18:15
500107032,45,20,25,2024-12-19 16:44:15
500109019,45,15,25,2024-12-19 16:25:16
500107032,45,19,26,2024-12-19 13:41:15
500119045,45,19,26,2024-12-19 15:01:16
500107032,45,18,27,2024-12-19 17:11:16
500101105,45,11,34,2024-12-19 14:14:15
500101105,45,10,35,2024-12-19 13:40:16
500101167,45,40,5,2024-12-19 08:46:14
500109015,45,36,9,2024-12-19 08:45:16
500109015,45,34,11,2024-12-19 08:16:15
500109015,45,32,13,2024-12-19 08:03:15
500101127,45,29,14,2024-12-19 07:47:15
500109015,45,31,14,2024-12-19 07:47:15
500109015,45,28,17,2024-12-19 07:37:15
500109019,45,23,17,2024-12-19 08:03:15
500109019,45,18,22,2024-12-19 06:16:15
500110019,45,18,27,2024-12-19 06:07:15
500109015,45,10,35,2024-12-19 06:47:15
500110019,45,7,38,2024-12-19 08:00:16
500107032,45,6,39,2024-12-19 07:55:17
500101105,45,4,41,2024-12-19 08:25:15
500101105,45,4,41,2024-12-19 08:03:15
500101105,45,2,43,2024-12-19 08:35:16
500110019,45,18,27,2024-12-19 03:54:15
500101127,45,10,33,2024-12-19 00:03:15
500101167,45,0,45,2024-12-19 00:43:15
500119045,45,5,39,2024-12-19 01:15:15
500101105,45,27,18,2024-12-19 22:16:15
500101127,45,34,9,2024-12-19 03:30:16
500119045,45,40,5,2024-12-19 22:05:16
500101105,45,27,18,2024-12-19 21:57:15
500101127,45,20,23,2024-12-19 03:27:15
500109015,45,13,32,2024-12-19 22:54:15
500101167,45,7,38,2024-12-19 03:36:15
500119045,45,4,40,2024-12-19 01:32:14
500101127,45,43,0,2024-12-19 10:18:15
500101167,45,45,0,2024-12-19 12:37:15
500101167,45,45,0,2024-12-19 12:58:15
500101167,45,44,1,2024-12-19 12:47:15
500101127,45,41,2,2024-12-19 09:08:15
500110019,45,39,6,2024-12-19 11:27:15
500101127,45,36,7,2024-12-19 11:32:15
500110019,45,36,9,2024-12-19 12:37:15
500110019,45,34,11,2024-12-19 12:57:15
500101127,45,30,13,2024-12-19 11:55:18
500109019,45,17,23,2024-12-19 12:32:16
500109019,45,15,25,2024-12-19 12:17:16
500101127,45,17,28,2024-12-19 12:52:15
500104076,45,11,34,2024-12-19 12:07:15
500104076,45,10,35,2024-12-19 12:18:15
500101105,45,9,36,2024-12-19 10:38:15
500119045,45,44,1,2024-12-19 18:38:15
500110019,45,39,5,2024-12-19 17:58:16
500101167,45,39,6,2024-12-19 18:38:16
500110019,45,38,6,2024-12-19 19:19:15
500101105,45,34,11,2024-12-19 21:18:14
500101167,45,18,27,2024-12-19 20:38:15
500104076,45,18,27,2024-12-19 17:37:16
500109019,45,14,29,2024-12-19 17:34:15
500109019,45,11,32,2024-12-19 18:27:15
500107032,45,12,33,2024-12-19 17:27:16
500104076,45,10,35,2024-12-19 21:05:16
500101127,45,7,38,2024-12-19 17:38:16
500101167,45,39,6,2024-12-19 16:26:15
500101167,45,39,6,2024-12-19 15:36:15
500110019,45,39,6,2024-12-19 15:38:15
500101167,45,38,7,2024-12-19 15:18:15
500101167,45,37,8,2024-12-19 14:17:15
500110019,45,36,9,2024-12-19 13:55:16
500110019,45,35,10,2024-12-19 14:19:15
500119045,45,22,23,2024-12-19 16:53:15
500119045,45,21,24,2024-12-19 15:27:15
500107032,45,20,25,2024-12-19 16:30:16
500107032,45,19,26,2024-12-19 14:30:16
500109019,45,17,26,2024-12-19 17:15:17
500109019,45,13,27,2024-12-19 16:58:15
500101105,45,17,28,2024-12-19 15:10:15
500101127,45,15,30,2024-12-19 16:36:15
500101105,45,14,31,2024-12-19 14:54:15
500104076,45,10,35,2024-12-19 15:46:15
500101127,45,1,44,2024-12-19 21:48:16
500101167,45,15,30,2024-12-19 21:49:15
500101105,45,30,15,2024-12-19 21:45:15
500101127,45,34,9,2024-12-19 06:37:15
500101167,45,36,9,2024-12-19 07:27:15
500101127,45,30,13,2024-12-19 07:52:15
500109015,45,32,13,2024-12-19 08:26:15
500101127,45,29,14,2024-12-19 08:01:15
500109019,45,23,17,2024-12-19 08:37:15
500110019,45,19,26,2024-12-19 08:46:15
500110019,45,10,35,2024-12-19 07:35:16
500119045,45,9,35,2024-12-19 07:37:15
500110019,45,6,39,2024-12-19 07:55:17
500119045,45,5,39,2024-12-19 07:23:15
500101127,45,13,30,2024-12-19 00:16:15
500101167,45,9,36,2024-12-19 00:18:14
500101167,45,3,42,2024-12-19 00:05:15
500109019,45,32,11,2024-12-19 23:22:15
500104076,45,7,38,2024-12-19 00:45:15
500119045,45,44,1,2024-12-19 21:35:16
500119045,45,2,42,2024-12-19 01:39:15
500101127,45,14,29,2024-12-19 02:47:15
500109015,45,17,28,2024-12-19 22:04:15
500119045,45,39,6,2024-12-19 21:59:15
500110019,45,17,28,2024-12-19 03:17:15
500101167,45,16,29,2024-12-19 23:58:14
500101105,45,25,20,2024-12-19 23:04:15
500101127,45,43,0,2024-12-19 09:47:15
500109015,45,42,3,2024-12-19 09:25:16
500110019,45,40,5,2024-12-19 11:38:15
500101127,45,37,6,2024-12-19 10:28:15
500110019,45,39,6,2024-12-19 09:56:15
500101127,45,35,8,2024-12-19 11:27:15
500110019,45,34,11,2024-12-19 09:46:16
500101167,45,31,14,2024-12-19 10:58:16
500107032,45,26,19,2024-12-19 10:22:16
500109019,45,16,24,2024-12-19 11:48:15
500107032,45,20,25,2024-12-19 12:38:15
500101105,45,11,34,2024-12-19 12:19:16
500101105,45,11,34,2024-12-19 13:05:16
500101105,45,11,34,2024-12-19 11:55:18
500101105,45,9,36,2024-12-19 12:37:15
500101105,45,9,36,2024-12-19 12:43:15
500109015,45,9,36,2024-12-19 10:47:16
500109015,45,9,36,2024-12-19 11:21:15
500109015,45,7,38,2024-12-19 10:49:15
500101105,45,6,39,2024-12-19 10:07:16
500119045,45,0,44,2024-12-19 11:28:16
500119045,45,45,0,2024-12-19 19:59:17
500110019,45,42,2,2024-12-19 19:06:16
500119045,45,43,2,2024-12-19 18:58:15
500119045,45,40,5,2024-12-19 18:17:15
500101167,45,39,6,2024-12-19 18:29:16
500109015,45,37,8,2024-12-19 18:18:16
500119045,45,37,8,2024-12-19 17:58:15
500101105,45,33,12,2024-12-19 19:01:15
500101105,45,32,13,2024-12-19 19:38:15
500101105,45,32,13,2024-12-19 18:27:15
500109015,45,31,14,2024-12-19 19:07:15
500109019,45,25,18,2024-12-19 20:58:15
500101167,45,22,23,2024-12-19 21:20:16
500104076,45,20,25,2024-12-19 18:28:15
500109019,45,17,26,2024-12-19 20:13:15
500101105,45,17,28,2024-12-19 17:36:15
500109019,45,15,28,2024-12-19 19:59:16
500109019,45,13,30,2024-12-19 17:43:16
500101167,45,14,31,2024-12-19 20:49:14
500107032,45,9,36,2024-12-19 18:17:15
500107032,45,5,40,2024-12-19 19:06:16
500101127,45,3,42,2024-12-19 20:29:15
500101127,45,3,42,2024-12-19 17:50:16
500101127,45,1,44,2024-12-19 19:07:16
500101127,45,1,44,2024-12-19 20:49:15
500101167,45,40,5,2024-12-19 15:48:15
500110019,45,40,5,2024-12-19 15:52:15
500101167,45,39,6,2024-12-19 14:51:15
500110019,45,37,8,2024-12-19 16:27:16
500109015,45,35,10,2024-12-19 16:28:15
500109019,45,16,24,2024-12-19 16:03:15
500101127,45,20,25,2024-12-19 15:07:15
500119045,45,18,26,2024-12-19 14:05:16
500119045,45,17,27,2024-12-19 13:35:15
500101127,45,17,28,2024-12-19 14:04:14
500104076,45,10,35,2024-12-19 16:33:15
500104076,45,8,37,2024-12-19 15:08:14
500104076,45,7,38,2024-12-19 14:41:15
500109015,45,19,26,2024-12-19 21:44:15
500101127,45,32,11,2024-12-19 08:46:15
500101127,45,29,14,2024-12-19 07:21:15
500101167,45,30,15,2024-12-19 06:05:15
500109015,45,26,19,2024-12-19 07:22:15
500109019,45,21,19,2024-12-19 07:14:14
500109019,45,18,22,2024-12-19 06:46:15
500110019,45,19,26,2024-12-19 08:56:16
500104076,45,10,35,2024-12-19 08:57:15
500110019,45,9,36,2024-12-19 07:27:15
500119045,45,7,37,2024-12-19 08:02:15
500104076,45,5,40,2024-12-19 08:42:15
500104076,45,5,40,2024-12-19 07:37:15
500107032,45,5,40,2024-12-19 07:16:15
500119045,45,4,40,2024-12-19 06:57:15
500101105,45,1,44,2024-12-19 05:38:14
500101105,45,0,45,2024-12-19 06:40:17
500110019,45,27,17,2024-12-19 22:57:14
500109015,45,18,27,2024-12-19 21:15:16
500109019,45,24,19,2024-12-19 21:31:15
500101105,45,0,45,2024-12-19 01:20:16
500107032,45,8,37,2024-12-19 02:38:14
500110019,45,17,28,2024-12-19 04:05:15
500101167,45,7,38,2024-12-19 22:08:15
500109019,45,25,18,2024-12-19 22:04:15
500110019,45,18,27,2024-12-19 04:29:15
500119045,45,35,10,2024-12-19 22:26:15
500101127,45,42,1,2024-12-19 09:36:14
500101127,45,41,2,2024-12-19 10:07:16
500110019,45,40,5,2024-12-19 10:58:16
500110019,45,33,12,2024-12-19 13:05:16
500109015,45,31,14,2024-12-19 10:14:15
500101167,45,30,15,2024-12-19 10:45:16
500109019,45,22,18,2024-12-19 09:02:15
500101167,45,26,19,2024-12-19 10:24:15
500109019,45,19,21,2024-12-19 09:41:15
500109019,45,18,22,2024-12-19 11:07:16
500101127,45,19,24,2024-12-19 12:34:14
500104076,45,13,32,2024-12-19 11:57:16
500109015,45,13,32,2024-12-19 10:28:15
500119045,45,10,34,2024-12-19 12:38:15
500119045,45,42,3,2024-12-19 20:29:15
500119045,45,39,6,2024-12-19 21:06:15
500110019,45,37,7,2024-12-19 21:16:15
500101105,45,33,12,2024-12-19 21:08:15
500101105,45,32,13,2024-12-19 20:51:16
500109015,45,29,16,2024-12-19 19:12:15
500101167,45,28,17,2024-12-19 17:48:15
500109019,45,23,20,2024-12-19 20:38:15
500101105,45,17,28,2024-12-19 17:28:15
500109019,45,15,28,2024-12-19 19:25:15
500109019,45,12,31,2024-12-19 18:07:16
500107032,45,9,36,2024-12-19 20:38:15
500101127,45,2,43,2024-12-19 21:16:15
500101167,45,41,4,2024-12-19 13:27:15
500110019,45,40,5,2024-12-19 16:34:16
500101167,45,39,6,2024-12-19 16:37:15
500101167,45,38,7,2024-12-19 14:47:15
500110019,45,38,7,2024-12-19 14:42:15
500101167,45,37,8,2024-12-19 14:28:15
500109015,45,36,9,2024-12-19 14:24:14
500109015,45,36,9,2024-12-19 13:54:15
500110019,45,35,10,2024-12-19 13:18:15
500110019,45,34,11,2024-12-19 13:34:16
500109019,45,19,21,2024-12-19 13:59:14
500119045,45,21,24,2024-12-19 15:47:15
500101105,45,20,25,2024-12-19 15:55:16
500101105,45,20,25,2024-12-19 16:27:16
500107032,45,19,26,2024-12-19 17:06:16
500109019,45,14,26,2024-12-19 16:48:16
500101105,45,17,28,2024-12-19 16:48:16
500101127,45,17,28,2024-12-19 17:05:17
500101105,45,12,33,2024-12-19 13:31:15
500104076,45,11,34,2024-12-19 16:14:15
500110019,45,31,14,2024-12-19 21:49:14
500101167,45,38,7,2024-12-19 08:17:15
500101167,45,35,10,2024-12-19 08:27:16
500101167,45,35,10,2024-12-19 07:17:14
500109015,45,34,11,2024-12-19 08:37:15
500101127,45,27,16,2024-12-19 08:17:15
500109019,45,23,17,2024-12-19 07:26:15
500109019,45,22,18,2024-12-19 07:55:17
500110019,45,16,29,2024-12-19 07:17:14
500104076,45,8,37,2024-12-19 06:53:15
500110019,45,7,38,2024-12-19 07:47:14
500107032,45,6,39,2024-12-19 07:34:15
500119045,45,3,41,2024-12-19 06:56:15
500101105,45,2,43,2024-12-19 07:47:15
500101105,45,1,44,2024-12-19 00:15:16
500101127,45,16,27,2024-12-19 00:36:15
500119045,45,7,37,2024-12-19 00:28:17
500101206,46,15,31,2024-12-19 01:00:17
500106018,46,13,32,2024-12-19 23:11:15
500104038,46,15,30,2024-12-19 23:19:15
500106018,46,13,32,2024-12-19 22:33:15
500108016,46,10,36,2024-12-19 21:34:15
500101206,46,31,15,2024-12-19 21:37:15
500106018,46,21,25,2024-12-19 03:00:16
500106018,46,11,34,2024-12-19 21:56:15
500104038,46,42,2,2024-12-19 10:05:16
500106043,46,34,12,2024-12-19 11:55:18
500104038,46,32,13,2024-12-19 12:47:15
500104038,46,30,15,2024-12-19 12:25:16
500106050,46,30,16,2024-12-19 09:27:15
500106050,46,28,18,2024-12-19 10:38:15
500106050,46,27,19,2024-12-19 11:25:15
500104038,46,13,32,2024-12-19 11:32:15
500107167,46,10,36,2024-12-19 09:07:15
500107167,46,9,37,2024-12-19 09:47:15
500101206,46,8,38,2024-12-19 10:18:15
500107167,46,8,38,2024-12-19 10:33:15
500108016,46,5,41,2024-12-19 11:07:16
500113066,46,3,42,2024-12-19 09:58:14
500106018,46,2,43,2024-12-19 12:17:16
500107050,46,1,44,2024-12-19 12:08:15
500106018,46,1,45,2024-12-19 09:44:15
500107050,46,0,45,2024-12-19 10:25:15
500107050,46,0,45,2024-12-19 11:14:16
500101206,46,28,18,2024-12-19 20:49:14
500106050,46,28,18,2024-12-19 17:53:15
500106043,46,26,20,2024-12-19 20:27:15
500106043,46,25,21,2024-12-19 19:29:15
500104038,46,23,22,2024-12-19 17:47:15
500106043,46,24,22,2024-12-19 19:14:16
500106050,46,22,24,2024-12-19 19:07:15
500104038,46,20,25,2024-12-19 18:42:16
500107050,46,19,27,2024-12-19 18:08:16
500106050,46,18,28,2024-12-19 19:29:15
500107167,46,17,29,2024-12-19 18:08:16
500113066,46,15,30,2024-12-19 19:02:16
500113066,46,14,31,2024-12-19 20:08:15
500107167,46,14,32,2024-12-19 17:28:15
500106050,46,13,33,2024-12-19 21:09:16
500108016,46,12,34,2024-12-19 17:59:15
500108016,46,12,34,2024-12-19 18:34:15
500113066,46,11,34,2024-12-19 18:48:15
500113066,46,9,37,2024-12-19 17:22:16
500101206,46,8,38,2024-12-19 19:54:15
500101206,46,8,38,2024-12-19 19:29:14
500106018,46,6,39,2024-12-19 20:58:14
500107167,46,6,40,2024-12-19 19:36:15
500107050,46,4,42,2024-12-19 19:37:15
500104038,46,40,5,2024-12-19 15:08:14
500106043,46,36,10,2024-12-19 16:12:15
500106043,46,33,13,2024-12-19 16:54:16
500104038,46,31,14,2024-12-19 16:26:15
500104038,46,30,15,2024-12-19 16:46:15
500106050,46,22,24,2024-12-19 16:46:15
500106050,46,18,28,2024-12-19 14:25:16
500101206,46,15,31,2024-12-19 13:46:16
500101206,46,15,31,2024-12-19 13:54:15
500101206,46,13,33,2024-12-19 14:26:15
500107050,46,7,39,2024-12-19 16:06:15
500106018,46,2,43,2024-12-19 15:56:15
500106018,46,2,43,2024-12-19 16:26:15
500107050,46,19,20,2024-12-19 06:56:15
500106050,46,23,23,2024-12-19 08:35:16
500107050,46,17,28,2024-12-19 08:15:16
500113066,46,12,33,2024-12-19 06:38:15
500106018,46,10,36,2024-12-19 08:47:15
500113066,46,9,36,2024-12-19 07:26:14
500108016,46,6,40,2024-12-19 08:27:15
500113066,46,1,44,2024-12-19 08:17:15
500108016,46,10,36,2024-12-19 22:13:15
500107167,46,0,46,2024-12-19 21:46:16
500113066,46,16,29,2024-12-19 03:51:15
500106050,46,4,42,2024-12-19 22:06:14
500106043,46,20,26,2024-12-19 21:57:15
500106050,46,3,43,2024-12-19 22:10:17
500104038,46,29,16,2024-12-19 12:17:16
500106050,46,30,16,2024-12-19 09:06:15
500106050,46,29,17,2024-12-19 11:37:15
500106043,46,25,21,2024-12-19 12:53:14
500107167,46,8,38,2024-12-19 11:20:17
500106018,46,7,39,2024-12-19 09:26:15
500107167,46,7,39,2024-12-19 09:22:14
500107167,46,7,39,2024-12-19 12:08:15
500101206,46,6,40,2024-12-19 10:58:16
500101206,46,5,41,2024-12-19 11:05:17
500106018,46,4,41,2024-12-19 11:44:15
500101206,46,4,42,2024-12-19 10:07:16
500101206,46,3,43,2024-12-19 12:37:15
500101206,46,3,43,2024-12-19 09:56:15
500113066,46,2,43,2024-12-19 11:05:17
500107050,46,1,44,2024-12-19 12:19:16
500107050,46,0,45,2024-12-19 11:37:15
500107050,46,20,19,2024-12-19 21:09:16
500106050,46,26,20,2024-12-19 18:05:16
500106043,46,24,22,2024-12-19 20:39:15
500104038,46,21,24,2024-12-19 17:11:16
500104038,46,19,26,2024-12-19 18:37:15
500113066,46,18,27,2024-12-19 19:35:16
500107167,46,16,30,2024-12-19 18:13:16
500113066,46,14,31,2024-12-19 20:52:15
500108016,46,11,35,2024-12-19 19:05:16
500108016,46,11,35,2024-12-19 21:11:15
500113066,46,11,35,2024-12-19 18:26:15
500107167,46,6,40,2024-12-19 20:10:17
500107167,46,1,45,2024-12-19 21:18:15
500104038,46,39,6,2024-12-19 14:43:15
500106043,46,40,6,2024-12-19 14:55:16
500104038,46,22,23,2024-12-19 17:08:16
500106050,46,22,24,2024-12-19 13:39:16
500106050,46,20,26,2024-12-19 16:38:15
500106050,46,17,29,2024-12-19 16:07:15
500107167,46,14,32,2024-12-19 16:48:16
500107167,46,14,32,2024-12-19 16:53:15
500101206,46,12,34,2024-12-19 14:36:16
500108016,46,12,34,2024-12-19 15:42:15
500113066,46,6,40,2024-12-19 16:56:15
500106018,46,4,41,2024-12-19 16:47:15
500101206,46,3,43,2024-12-19 16:36:15
500106018,46,10,35,2024-12-19 21:40:16
500101206,46,26,20,2024-12-19 21:49:14
500104038,46,43,1,2024-12-19 08:22:15
500101206,46,27,19,2024-12-19 06:55:16
500106018,46,20,26,2024-12-19 05:33:15
500113066,46,15,30,2024-12-19 06:04:14
500104038,46,10,34,2024-12-19 07:35:15
500107167,46,10,36,2024-12-19 08:41:15
500107167,46,8,38,2024-12-19 06:17:14
500104038,46,4,40,2024-12-19 05:43:14
500101206,46,18,28,2024-12-19 00:12:14
500107167,46,8,38,2024-12-19 00:52:15
500106050,46,2,44,2024-12-19 23:31:15
500106043,46,21,25,2024-12-19 22:45:16
500107050,46,34,5,2024-12-19 22:39:15
500107050,46,28,11,2024-12-19 21:38:15
500108016,46,11,35,2024-12-19 22:05:16
500113066,46,17,29,2024-12-19 03:39:14
500107167,46,1,45,2024-12-19 22:45:16
500107050,46,37,2,2024-12-19 22:18:14
500107050,46,31,8,2024-12-19 22:24:15
500106043,46,36,9,2024-12-19 09:35:16
500106043,46,33,13,2024-12-19 12:08:15
500106043,46,30,16,2024-12-19 12:12:15
500106050,46,25,21,2024-12-19 12:19:16
500107167,46,10,36,2024-12-19 09:49:15
500107167,46,7,39,2024-12-19 10:58:16
500108016,46,7,39,2024-12-19 12:51:14
500108016,46,7,39,2024-12-19 09:26:15
500107167,46,6,40,2024-12-19 12:11:16
500107050,46,3,42,2024-12-19 12:51:15
500107050,46,2,43,2024-12-19 11:25:16
500106018,46,1,45,2024-12-19 09:35:16
500106043,46,31,15,2024-12-19 17:27:16
500106050,46,28,18,2024-12-19 18:38:16
500106050,46,27,19,2024-12-19 18:26:16
500107050,46,19,20,2024-12-19 20:59:15
500106043,46,25,21,2024-12-19 20:01:15
500106050,46,25,21,2024-12-19 18:18:16
500106043,46,24,22,2024-12-19 18:49:16
500104038,46,22,23,2024-12-19 17:52:14
500104038,46,21,24,2024-12-19 17:35:16
500104038,46,21,24,2024-12-19 18:08:16
500104038,46,21,24,2024-12-19 18:22:15
500106050,46,21,25,2024-12-19 19:09:15
500101206,46,16,30,2024-12-19 18:29:16
500107167,46,15,31,2024-12-19 17:46:15
500106050,46,13,33,2024-12-19 20:43:15
500113066,46,13,33,2024-12-19 18:37:15
500101206,46,11,35,2024-12-19 19:19:15
500113066,46,11,35,2024-12-19 18:08:15
500101206,46,8,38,2024-12-19 20:25:15
500106018,46,6,39,2024-12-19 18:58:16
500101206,46,4,42,2024-12-19 17:58:16
500106018,46,3,42,2024-12-19 20:08:15
500106043,46,41,5,2024-12-19 13:58:16
500106043,46,41,5,2024-12-19 15:04:15
500106043,46,38,8,2024-12-19 15:48:15
500106043,46,25,21,2024-12-19 13:10:16
500106050,46,24,22,2024-12-19 16:55:17
500106050,46,23,23,2024-12-19 17:07:15
500101206,46,19,27,2024-12-19 15:46:16
500106050,46,18,28,2024-12-19 15:24:15
500101206,46,16,30,2024-12-19 16:08:16
500107050,46,16,30,2024-12-19 17:17:16
500101206,46,12,34,2024-12-19 16:18:16
500107050,46,8,37,2024-12-19 15:14:15
500101206,46,4,42,2024-12-19 17:11:16
500106018,46,3,42,2024-12-19 14:57:15
500113066,46,4,42,2024-12-19 16:35:15
500106043,46,36,9,2024-12-19 07:57:15
500107050,46,28,11,2024-12-19 05:35:15
500106043,46,31,14,2024-12-19 06:55:16
500106050,46,27,19,2024-12-19 08:52:16
500106050,46,19,27,2024-12-19 08:27:16
500104038,46,14,30,2024-12-19 07:47:15
500106018,46,15,31,2024-12-19 06:55:16
500101206,46,12,34,2024-12-19 08:37:15
500106018,46,11,35,2024-12-19 07:26:15
500107167,46,11,35,2024-12-19 07:59:15
500107167,46,10,36,2024-12-19 07:33:15
500108016,46,6,40,2024-12-19 06:28:15
500108016,46,5,41,2024-12-19 08:10:17
500106018,46,2,44,2024-12-19 07:46:15
500101206,46,17,29,2024-12-19 00:53:15
500106018,46,20,26,2024-12-19 00:43:15
500107050,46,29,0,2024-12-19 00:10:16
500106018,46,19,27,2024-12-19 01:10:16
500101206,46,23,23,2024-12-19 23:06:15
500106018,46,11,34,2024-12-19 21:38:15
500106050,46,7,39,2024-12-19 01:40:15
500101206,46,21,25,2024-12-19 04:23:14
500107050,46,28,8,2024-12-19 03:25:16
500106043,46,21,25,2024-12-19 22:01:15
500101206,46,22,24,2024-12-19 22:08:15
500101206,46,21,25,2024-12-19 23:51:15
500106043,46,36,10,2024-12-19 11:35:17
500104038,46,29,16,2024-12-19 10:18:15
500106050,46,27,19,2024-12-19 11:48:15
500106050,46,24,22,2024-12-19 12:46:15
500106018,46,5,40,2024-12-19 12:52:15
500106018,46,5,40,2024-12-19 11:32:14
500113066,46,4,41,2024-12-19 10:22:15
500106018,46,3,42,2024-12-19 12:22:16
500101206,46,3,43,2024-12-19 11:57:15
500107050,46,1,44,2024-12-19 10:35:16
500107050,46,0,45,2024-12-19 12:24:16
500107050,46,0,45,2024-12-19 09:08:16
500107050,46,0,45,2024-12-19 10:42:17
500101206,46,0,46,2024-12-19 12:07:16
500106043,46,29,17,2024-12-19 18:07:16
500106043,46,28,18,2024-12-19 17:58:16
500106043,46,26,20,2024-12-19 19:40:15
500101206,46,20,26,2024-12-19 18:18:16
500106050,46,17,29,2024-12-19 20:09:15
500107050,46,10,29,2024-12-19 20:12:14
500107167,46,16,30,2024-12-19 17:59:15
500113066,46,13,32,2024-12-19 21:14:15
500106018,46,7,38,2024-12-19 17:58:16
500106018,46,7,38,2024-12-19 18:43:15
500106018,46,6,39,2024-12-19 18:19:15
500106018,46,6,39,2024-12-19 18:36:16
500107167,46,7,39,2024-12-19 20:28:15
500106018,46,4,41,2024-12-19 17:28:15
500104038,46,40,5,2024-12-19 14:51:15
500106043,46,40,6,2024-12-19 15:38:15
500104038,46,38,7,2024-12-19 13:13:15
500104038,46,32,13,2024-12-19 16:16:15
500106050,46,18,28,2024-12-19 16:17:15
500107050,46,15,31,2024-12-19 17:05:17
500101206,46,13,33,2024-12-19 14:17:15
500107167,46,12,34,2024-12-19 14:09:15
500107167,46,11,35,2024-12-19 13:55:16
500107050,46,9,36,2024-12-19 15:37:16
500107050,46,8,37,2024-12-19 15:25:15
500101206,46,8,38,2024-12-19 15:05:16
500101206,46,8,38,2024-12-19 15:15:16
500106018,46,6,39,2024-12-19 13:25:16
500113066,46,2,43,2024-12-19 14:58:15
500101206,46,2,44,2024-12-19 16:47:15
500106018,46,1,44,2024-12-19 16:00:17
500101206,46,1,45,2024-12-19 16:55:17
500106050,46,3,43,2024-12-19 21:45:15
500108016,46,10,36,2024-12-19 21:49:15
500107050,46,30,9,2024-12-19 21:47:15
500104038,46,33,11,2024-12-19 08:02:15
500106043,46,30,15,2024-12-19 06:25:15
500104038,46,28,16,2024-12-19 08:44:17
500101206,46,22,24,2024-12-19 04:55:16
500106018,46,13,33,2024-12-19 07:13:15
500113066,46,12,33,2024-12-19 07:15:17
500106018,46,10,36,2024-12-19 07:37:15
500107167,46,10,36,2024-12-19 07:09:15
500113066,46,7,38,2024-12-19 07:36:15
500106018,46,7,39,2024-12-19 08:57:15
500104038,46,4,40,2024-12-19 06:55:15
500113066,46,2,43,2024-12-19 08:24:15
500106050,46,2,44,2024-12-19 07:36:14
500106018,46,1,45,2024-12-19 08:16:15
500106018,46,17,29,2024-12-19 00:04:16
500107050,46,36,2,2024-12-19 23:42:15
500106050,46,3,43,2024-12-19 22:29:14
500101206,46,22,24,2024-12-19 22:35:16
500106050,46,8,38,2024-12-19 04:02:15
500101206,46,22,24,2024-12-19 22:48:15
500106018,46,15,30,2024-12-19 22:51:15
500107050,46,34,4,2024-12-19 22:50:16
500106043,46,43,2,2024-12-19 09:09:15
500104038,46,36,8,2024-12-19 09:07:15
500106043,46,37,9,2024-12-19 11:13:15
500104038,46,31,14,2024-12-19 12:08:15
500106050,46,31,15,2024-12-19 09:30:16
500104038,46,16,29,2024-12-19 10:47:16
500107167,46,8,38,2024-12-19 09:09:15
500101206,46,5,41,2024-12-19 13:06:15
500113066,46,3,42,2024-12-19 10:54:15
500106018,46,3,43,2024-12-19 10:49:15
500113066,46,2,43,2024-12-19 08:52:15
500101206,46,2,44,2024-12-19 12:27:15
500101206,46,2,44,2024-12-19 11:37:15
500106018,46,1,45,2024-12-19 10:36:14
500113066,46,0,45,2024-12-19 09:32:15
500113066,46,0,45,2024-12-19 11:38:15
500107050,46,26,20,2024-12-19 18:38:16
500106043,46,25,21,2024-12-19 21:07:16
500106043,46,25,21,2024-12-19 18:25:16
500106043,46,23,23,2024-12-19 18:48:15
500107050,46,15,24,2024-12-19 20:38:15
500104038,46,19,26,2024-12-19 19:24:15
500107050,46,20,26,2024-12-19 18:17:15
500113066,46,17,28,2024-12-19 19:17:15
500113066,46,17,28,2024-12-19 19:44:15
500106050,46,11,35,2024-12-19 21:19:16
500113066,46,11,35,2024-12-19 17:59:15
500101206,46,7,39,2024-12-19 19:49:15
500107167,46,7,39,2024-12-19 19:51:15
500106018,46,5,40,2024-12-19 17:36:15
500107167,46,5,41,2024-12-19 20:57:16
500104038,46,39,6,2024-12-19 15:47:14
500106050,46,24,22,2024-12-19 13:11:15
500101206,46,16,30,2024-12-19 13:35:15
500107167,46,14,32,2024-12-19 15:42:15
500107050,46,6,39,2024-12-19 14:54:15
500107050,46,6,39,2024-12-19 14:37:14
500106018,46,5,40,2024-12-19 13:33:15
500106018,46,5,40,2024-12-19 13:51:15
500107050,46,5,40,2024-12-19 13:21:16
500113066,46,3,43,2024-12-19 16:14:15
500106043,46,32,13,2024-12-19 07:27:15
500106043,46,30,15,2024-12-19 06:37:15
500106050,46,25,21,2024-12-19 08:47:15
500106018,46,17,29,2024-12-19 06:36:14
500107167,46,12,34,2024-12-19 08:17:15
500107167,46,11,35,2024-12-19 06:54:16
500107167,46,11,35,2024-12-19 07:21:15
500107050,46,3,36,2024-12-19 07:46:15
500106050,46,6,40,2024-12-19 07:57:16
500108016,46,5,41,2024-12-19 08:01:15
500101206,46,4,42,2024-12-19 08:47:15
500106018,46,4,42,2024-12-19 08:26:15
500106050,46,4,42,2024-12-19 06:43:15
500113066,46,2,43,2024-12-19 08:41:15
500113066,46,18,27,2024-12-19 23:28:15
500106043,46,30,16,2024-12-19 00:33:15
500113066,46,18,27,2024-12-19 23:00:17
500113066,46,16,29,2024-12-19 22:38:14
500106043,46,22,24,2024-12-19 22:25:16
500101206,46,12,34,2024-12-19 03:38:15
500106050,46,1,45,2024-12-19 22:44:15
500106043,46,39,7,2024-12-19 10:42:15
500104038,46,36,9,2024-12-19 13:05:15
500104038,46,35,10,2024-12-19 12:56:15
500104038,46,19,26,2024-12-19 10:37:16
500104038,46,12,33,2024-12-19 11:15:17
500107167,46,8,38,2024-12-19 11:46:15
500107167,46,6,40,2024-12-19 09:32:15
500101206,46,5,41,2024-12-19 10:38:15
500106018,46,4,41,2024-12-19 11:28:15
500101206,46,3,43,2024-12-19 09:33:15
500106018,46,2,43,2024-12-19 12:33:15
500113066,46,2,43,2024-12-19 09:51:14
500101206,46,2,44,2024-12-19 09:26:15
500113066,46,1,44,2024-12-19 12:46:15
500113066,46,1,44,2024-12-19 11:18:16
500106018,46,1,45,2024-12-19 09:50:16
500107050,46,0,45,2024-12-19 09:57:15
500101206,46,31,15,2024-12-19 21:15:15
500101206,46,29,17,2024-12-19 21:09:15
500113066,46,19,26,2024-12-19 19:27:15
500106050,46,17,29,2024-12-19 19:38:15
500106050,46,16,30,2024-12-19 20:10:17
500113066,46,15,30,2024-12-19 20:42:15
500107167,46,15,31,2024-12-19 17:30:16
500107167,46,14,32,2024-12-19 18:38:16
500107050,46,13,33,2024-12-19 17:38:16
500108016,46,12,34,2024-12-19 18:04:16
500107167,46,9,37,2024-12-19 18:58:16
500107167,46,7,39,2024-12-19 20:43:15
500106018,46,2,43,2024-12-19 19:56:15
500101206,46,1,45,2024-12-19 17:38:16
500101206,46,22,24,2024-12-19 15:30:17
500106050,46,21,25,2024-12-19 14:03:16
500108016,46,11,35,2024-12-19 15:01:16
500107050,46,8,38,2024-12-19 15:44:15
500113066,46,8,38,2024-12-19 17:16:16
500106018,46,2,43,2024-12-19 15:02:15
500108016,46,3,43,2024-12-19 14:27:14
500106043,46,44,1,2024-12-19 08:44:15
500106043,46,43,2,2024-12-19 08:27:16
500104038,46,28,16,2024-12-19 08:49:15
500101206,46,28,18,2024-12-19 07:27:15
500101206,46,26,20,2024-12-19 07:36:15
500104038,46,22,22,2024-12-19 07:57:16
500101206,46,23,23,2024-12-19 06:04:14
500107050,46,22,23,2024-12-19 08:24:14
500107167,46,9,37,2024-12-19 08:49:15
500106050,46,2,44,2024-12-19 07:47:15
500106043,46,22,24,2024-12-19 23:22:15
500106018,46,13,32,2024-12-19 23:46:15
500108016,46,6,40,2024-12-19 00:03:16
500107050,46,24,5,2024-12-19 00:54:15
500107167,46,0,46,2024-12-19 22:59:15
500113066,46,18,28,2024-12-19 01:26:15
500106018,46,10,35,2024-12-19 22:07:15
500108016,46,11,35,2024-12-19 21:50:17
500107050,46,35,3,2024-12-19 23:59:15
500106018,46,20,26,2024-12-19 01:47:15
500106018,46,16,29,2024-12-19 22:45:16
500107050,46,28,11,2024-12-19 04:29:15
500106043,46,38,8,2024-12-19 10:25:16
500106050,46,30,16,2024-12-19 10:47:16
500106050,46,29,17,2024-12-19 10:12:15
500106043,46,24,22,2024-12-19 13:04:16
500104038,46,22,23,2024-12-19 10:26:14
500104038,46,9,36,2024-12-19 10:54:15
500107167,46,9,37,2024-12-19 10:01:16
500107167,46,8,38,2024-12-19 12:22:16
500107167,46,7,39,2024-12-19 10:44:16
500107167,46,7,39,2024-12-19 11:06:15
500106018,46,6,40,2024-12-19 09:06:15
500106018,46,6,40,2024-12-19 11:06:15
500108016,46,6,40,2024-12-19 13:05:15
500101206,46,4,42,2024-12-19 09:46:15
500101206,46,1,45,2024-12-19 11:48:15
500107050,46,0,45,2024-12-19 11:39:15
500113066,46,0,45,2024-12-19 12:21:16
500113066,46,0,45,2024-12-19 13:06:14
500106050,46,27,19,2024-12-19 18:43:15
500106043,46,26,20,2024-12-19 20:55:16
500107050,46,26,20,2024-12-19 19:18:15
500107050,46,17,22,2024-12-19 20:48:15
500106043,46,23,23,2024-12-19 18:37:15
500107050,46,16,30,2024-12-19 17:25:16
500101206,46,14,32,2024-12-19 18:58:16
500107050,46,14,32,2024-12-19 17:48:15
500113066,46,13,33,2024-12-19 17:40:17
500106050,46,12,34,2024-12-19 20:39:15
500101206,46,11,35,2024-12-19 20:38:15
500107167,46,8,38,2024-12-19 20:39:16
500107167,46,8,38,2024-12-19 19:07:15
500106018,46,3,42,2024-12-19 20:13:15
500107167,46,3,43,2024-12-19 21:09:15
500106018,46,1,44,2024-12-19 20:20:16
500101206,46,1,45,2024-12-19 17:48:15
500104038,46,40,5,2024-12-19 13:41:15
500106043,46,41,5,2024-12-19 14:04:15
500104038,46,39,6,2024-12-19 13:19:15
500106043,46,35,11,2024-12-19 16:20:17
500106043,46,33,13,2024-12-19 16:45:17
500104038,46,29,16,2024-12-19 16:49:15
500106050,46,25,21,2024-12-19 17:16:16
500106050,46,23,23,2024-12-19 13:20:17
500107167,46,12,34,2024-12-19 15:14:15
500107167,46,11,35,2024-12-19 15:04:14
500101206,46,8,38,2024-12-19 14:52:15
500101206,46,7,39,2024-12-19 16:27:16
500106018,46,4,41,2024-12-19 14:42:15
500106018,46,3,42,2024-12-19 16:58:15
500108016,46,4,42,2024-12-19 13:55:16
500106018,46,2,43,2024-12-19 16:33:15
500106018,46,1,44,2024-12-19 15:34:14
500106043,46,44,1,2024-12-19 08:37:15
500106043,46,35,10,2024-12-19 07:44:15
500107050,46,29,10,2024-12-19 04:55:16
500106043,46,30,15,2024-12-19 04:53:14
500101206,46,28,18,2024-12-19 07:17:14
500101206,46,18,28,2024-12-19 08:17:15
500101206,46,15,31,2024-12-19 08:03:15
500113066,46,13,32,2024-12-19 06:24:15
500104038,46,9,35,2024-12-19 07:24:15
500107167,46,11,35,2024-12-19 08:28:15
500107050,46,2,37,2024-12-19 07:26:15
500107167,46,9,37,2024-12-19 06:26:15
500107050,46,1,38,2024-12-19 07:57:16
500108016,46,8,38,2024-12-19 07:17:14
500106018,46,7,39,2024-12-19 08:36:15
500106050,46,7,39,2024-12-19 06:18:15
500113066,46,5,40,2024-12-19 07:43:15
500101206,46,4,42,2024-12-19 08:56:16
500113066,46,3,42,2024-12-19 07:56:15
500106050,46,3,43,2024-12-19 07:27:15
500104038,46,6,39,2024-12-19 23:24:15
500104038,46,6,39,2024-12-19 23:32:16
500107050,46,35,3,2024-12-19 23:19:15
500104038,46,18,27,2024-12-19 21:07:16
500107167,46,1,45,2024-12-19 21:36:15
500106050,46,6,40,2024-12-19 21:33:16
500107050,46,25,4,2024-12-19 02:34:15
500113066,46,14,31,2024-12-19 22:13:15
500106050,46,4,42,2024-12-19 22:21:14
500106043,46,39,6,2024-12-19 09:24:14
500106043,46,38,7,2024-12-19 09:55:17
500106043,46,39,7,2024-12-19 10:06:15
500106043,46,37,8,2024-12-19 09:44:15
500106043,46,26,20,2024-12-19 12:42:15
500106050,46,24,22,2024-12-19 11:50:16
500101206,46,6,40,2024-12-19 10:41:15
500101206,46,5,41,2024-12-19 12:47:15
500107050,46,2,43,2024-12-19 09:44:15
500106018,46,1,44,2024-12-19 11:53:16
500113066,46,1,44,2024-12-19 12:04:16
500101206,46,22,24,2024-12-19 04:14:15
500107050,46,41,5,2024-12-19 19:07:15
500107050,46,29,17,2024-12-19 18:44:16
500106043,46,27,19,2024-12-19 18:14:15
500107050,46,20,19,2024-12-19 21:14:15
500106050,46,25,21,2024-12-19 18:55:17
500106043,46,24,22,2024-12-19 19:58:15
500101206,46,20,26,2024-12-19 18:38:16
500106050,46,17,29,2024-12-19 19:49:15
500107050,46,8,31,2024-12-19 20:08:15
500113066,46,14,31,2024-12-19 18:53:15
500106050,46,14,32,2024-12-19 20:28:15
500106050,46,12,34,2024-12-19 20:52:15
500108016,46,11,35,2024-12-19 17:25:16
500107050,46,10,36,2024-12-19 19:28:15
500101206,46,8,38,2024-12-19 20:11:16
500106018,46,7,38,2024-12-19 21:19:16
500101206,46,7,39,2024-12-19 20:09:15
500106018,46,2,43,2024-12-19 19:16:15
500104038,46,40,5,2024-12-19 15:12:15
500106043,46,26,20,2024-12-19 13:31:15
500106018,46,6,39,2024-12-19 14:04:15
500107050,46,4,41,2024-12-19 14:03:16
500106043,46,39,6,2024-12-19 08:17:14
500106043,46,38,7,2024-12-19 08:03:15
500106043,46,33,12,2024-12-19 07:29:15
500107050,46,27,12,2024-12-19 05:49:15
500106043,46,31,14,2024-12-19 05:16:14
500106043,46,31,14,2024-12-19 06:39:15
500107050,46,25,14,2024-12-19 06:32:15
500107050,46,25,14,2024-12-19 06:24:15
500101206,46,27,19,2024-12-19 06:47:15
500101206,46,22,24,2024-12-19 06:15:15
500106018,46,18,28,2024-12-19 06:26:15
500101206,46,17,29,2024-12-19 08:27:16
500106050,46,17,29,2024-12-19 08:16:15
500113066,46,15,30,2024-12-19 06:14:15
500107050,46,13,32,2024-12-19 08:37:15
500107167,46,10,36,2024-12-19 07:57:16
500104038,46,7,37,2024-12-19 07:16:14
500108016,46,7,39,2024-12-19 07:53:16
500108016,46,5,41,2024-12-19 08:37:15
500106018,46,2,44,2024-12-19 07:58:15
500106043,46,30,16,2024-12-19 00:09:14
500104038,46,5,39,2024-12-19 00:34:14
500113066,46,16,30,2024-12-19 00:37:15
500113066,46,13,32,2024-12-19 21:35:16
500106043,46,22,24,2024-12-19 21:37:15
500101206,46,13,33,2024-12-19 02:40:16
500113066,46,15,30,2024-12-19 21:47:15
500107050,46,35,4,2024-12-19 21:59:15
500106050,46,3,43,2024-12-19 21:59:15
500106018,46,18,28,2024-12-19 01:05:16
500101206,46,14,32,2024-12-19 02:00:17
500107050,46,35,3,2024-12-19 22:48:15
500101206,46,23,23,2024-12-19 22:26:15
500106018,46,14,31,2024-12-19 23:25:16
500101206,46,22,24,2024-12-19 23:22:15
500106043,46,42,3,2024-12-19 09:06:15
500106043,46,29,17,2024-12-19 12:25:16
500106050,46,25,21,2024-12-19 12:28:15
500106050,46,23,23,2024-12-19 12:07:16
500104038,46,11,34,2024-12-19 11:08:15
500101206,46,5,41,2024-12-19 10:28:15
500113066,46,4,41,2024-12-19 10:46:14
500106018,46,3,42,2024-12-19 12:48:15
500101206,46,3,43,2024-12-19 09:06:15
500107050,46,2,43,2024-12-19 11:55:17
500101206,46,2,44,2024-12-19 11:27:15
500106018,46,2,44,2024-12-19 10:43:16
500107050,46,1,44,2024-12-19 09:27:15
500101206,46,1,45,2024-12-19 12:18:15
500106018,46,1,45,2024-12-19 10:14:15
500113066,46,0,45,2024-12-19 12:19:16
500106043,46,30,16,2024-12-19 17:38:16
500106043,46,29,17,2024-12-19 17:47:16
500107050,46,19,20,2024-12-19 21:20:16
500106050,46,25,21,2024-12-19 17:37:16
500101206,46,18,28,2024-12-19 18:46:15
500113066,46,16,29,2024-12-19 19:55:16
500107050,46,14,32,2024-12-19 17:56:16
500113066,46,12,33,2024-12-19 21:05:16
500108016,46,12,34,2024-12-19 19:56:16
500113066,46,11,35,2024-12-19 17:38:16
500107050,46,3,36,2024-12-19 19:44:17
500107167,46,8,38,2024-12-19 18:46:15
500101206,46,6,40,2024-12-19 19:38:15
500106018,46,4,41,2024-12-19 20:49:15
500101206,46,3,43,2024-12-19 17:27:16
500106018,46,1,44,2024-12-19 19:30:17
500106043,46,34,12,2024-12-19 16:35:15
500106050,46,19,27,2024-12-19 15:10:15
500101206,46,18,28,2024-12-19 15:51:15
500101206,46,15,31,2024-12-19 15:28:14
500107167,46,15,31,2024-12-19 17:17:15
500107050,46,11,35,2024-12-19 16:48:16
500101206,46,10,36,2024-12-19 14:47:15
500107167,46,9,37,2024-12-19 13:45:15
500107050,46,6,39,2024-12-19 15:03:15
500107050,46,5,40,2024-12-19 14:15:16
500107050,46,5,40,2024-12-19 14:48:15
500107050,46,4,41,2024-12-19 13:14:15
500108016,46,5,41,2024-12-19 13:22:15
500101206,46,4,42,2024-12-19 17:08:16
500108016,46,4,42,2024-12-19 14:58:15
500106043,46,44,1,2024-12-19 08:53:15
500107050,46,26,13,2024-12-19 06:46:15
500107050,46,26,13,2024-12-19 05:59:14
500101206,46,26,20,2024-12-19 06:36:14
500101206,46,24,22,2024-12-19 06:23:15
500101206,46,16,30,2024-12-19 07:57:16
500107050,46,7,32,2024-12-19 07:17:14
500107167,46,10,36,2024-12-19 07:44:15
500107050,46,7,38,2024-12-19 08:46:15
500107050,46,0,39,2024-12-19 07:34:15
500106050,46,5,41,2024-12-19 06:37:15
500106050,46,4,42,2024-12-19 07:11:15
500107050,46,16,13,2024-12-19 03:16:15
500106018,46,18,28,2024-12-19 00:21:14
500107167,46,7,39,2024-12-19 00:59:15
500106050,46,1,45,2024-12-19 23:06:15
500108016,46,5,41,2024-12-19 02:48:14
500106043,46,29,16,2024-12-19 03:42:14
500101206,46,23,23,2024-12-19 21:58:15
500106018,46,10,35,2024-12-19 22:19:15
500101206,46,22,24,2024-12-19 22:15:16
500106050,46,0,46,2024-12-19 22:52:16
500113066,46,17,28,2024-12-19 22:54:15
500104038,46,41,3,2024-12-19 09:27:15
500106043,46,38,8,2024-12-19 10:51:16
500104038,46,31,14,2024-12-19 12:36:15
500106050,46,29,17,2024-12-19 09:47:15
500106050,46,29,17,2024-12-19 10:00:18
500106050,46,28,18,2024-12-19 09:08:15
500106050,46,28,18,2024-12-19 10:57:15
500106043,46,27,19,2024-12-19 12:37:15
500104038,46,25,20,2024-12-19 11:55:18
500106050,46,23,23,2024-12-19 12:58:15
500104038,46,19,26,2024-12-19 11:47:16
500108016,46,9,37,2024-12-19 08:42:15
500101206,46,6,40,2024-12-19 12:58:15
500108016,46,6,40,2024-12-19 12:28:15
500108016,46,6,40,2024-12-19 10:08:15
500101206,46,3,43,2024-12-19 11:18:16
500107050,46,2,43,2024-12-19 12:46:15
500101206,46,2,44,2024-12-19 09:09:15
500107050,46,1,44,2024-12-19 09:37:16
500107050,46,0,45,2024-12-19 09:06:15
500107050,46,35,11,2024-12-19 18:58:16
500101206,46,27,19,2024-12-19 20:57:16
500106050,46,27,19,2024-12-19 17:25:16
500106043,46,25,21,2024-12-19 20:47:15
500106050,46,24,22,2024-12-19 17:44:15
500104038,46,22,23,2024-12-19 18:10:17
500107050,46,23,23,2024-12-19 18:28:16
500107050,46,10,29,2024-12-19 20:29:14
500101206,46,15,31,2024-12-19 19:07:15
500107050,46,8,31,2024-12-19 19:54:15
500106018,46,8,37,2024-12-19 18:08:15
500106018,46,7,38,2024-12-19 17:46:15
500106018,46,7,38,2024-12-19 18:17:15
500113066,46,8,38,2024-12-19 18:18:16
500107167,46,7,39,2024-12-19 20:09:15
500106018,46,5,40,2024-12-19 18:59:14
500101206,46,2,44,2024-12-19 18:08:16
500106043,46,41,5,2024-12-19 14:44:15
500107050,46,15,31,2024-12-19 16:54:16
500108016,46,11,35,2024-12-19 16:37:15
500108016,46,10,36,2024-12-19 16:42:15
500107050,46,8,38,2024-12-19 15:56:15
500106018,46,6,39,2024-12-19 17:18:16
500107050,46,7,39,2024-12-19 16:23:15
500106018,46,5,40,2024-12-19 14:32:15
500106018,46,4,41,2024-12-19 13:47:15
500106018,46,4,41,2024-12-19 17:05:17
500101206,46,3,43,2024-12-19 13:27:15
500113066,46,1,44,2024-12-19 13:34:15
500104038,46,40,4,2024-12-19 08:17:15
500104038,46,36,8,2024-12-19 08:37:16
500106043,46,29,16,2024-12-19 07:16:15
500101206,46,26,20,2024-12-19 07:46:15
500101206,46,23,23,2024-12-19 05:08:14
500107050,46,15,24,2024-12-19 08:03:15
500113066,46,14,31,2024-12-19 06:53:15
500106050,46,10,36,2024-12-19 08:03:15
500107167,46,10,36,2024-12-19 08:24:15
500107167,46,10,36,2024-12-19 06:37:15
500104038,46,5,39,2024-12-19 06:17:14
500106050,46,5,41,2024-12-19 06:56:15
500107050,46,3,42,2024-12-19 08:56:16
500113066,46,1,44,2024-12-19 08:35:16
500106018,46,1,45,2024-12-19 07:55:17
500106018,46,19,27,2024-12-19 00:49:15
500110046,47,2,45,2024-12-19 23:10:15
500112008,47,37,8,2024-12-19 00:31:14
500106053,47,2,45,2024-12-19 01:11:15
500108070,47,19,27,2024-12-19 22:39:15
500113035,47,34,13,2024-12-19 22:24:15
500112072,47,19,28,2024-12-19 21:16:15
500113035,47,0,47,2024-12-19 02:11:15
500103020,47,29,18,2024-12-19 03:02:15
500112072,47,19,27,2024-12-19 03:49:14
500112072,47,20,27,2024-12-19 03:24:15
500103020,47,27,20,2024-12-19 01:37:14
500108070,47,17,29,2024-12-19 22:47:14
500112072,47,24,23,2024-12-19 22:48:15
500112072,47,13,34,2024-12-19 23:32:15
500112008,47,40,6,2024-12-19 23:30:16
500107022,47,39,7,2024-12-19 10:38:15
500110046,47,37,10,2024-12-19 11:58:16
500110046,47,35,12,2024-12-19 11:15:15
500110046,47,34,13,2024-12-19 11:28:16
500112072,47,33,13,2024-12-19 09:29:15
500106053,47,33,14,2024-12-19 11:52:15
500106053,47,30,17,2024-12-19 11:20:17
500112072,47,29,17,2024-12-19 10:32:15
500112072,47,28,18,2024-12-19 11:10:17
500110046,47,24,23,2024-12-19 09:08:15
500113035,47,6,41,2024-12-19 09:15:15
500112008,47,4,42,2024-12-19 12:23:16
500103020,47,2,43,2024-12-19 10:34:14
500103020,47,0,45,2024-12-19 10:59:17
500106053,47,41,6,2024-12-19 18:15:17
500106053,47,39,8,2024-12-19 18:48:15
500107022,47,37,9,2024-12-19 18:29:16
500107022,47,37,9,2024-12-19 18:33:16
500107022,47,36,10,2024-12-19 17:28:15
500108070,47,36,10,2024-12-19 19:38:15
500106053,47,35,12,2024-12-19 19:15:16
500107022,47,34,12,2024-12-19 19:53:15
500107022,47,34,12,2024-12-19 20:48:15
500108070,47,34,12,2024-12-19 20:39:15
500113035,47,34,13,2024-12-19 20:59:15
500113035,47,33,14,2024-12-19 21:14:15
500106053,47,32,15,2024-12-19 19:22:16
500107022,47,31,15,2024-12-19 17:54:15
500113035,47,22,25,2024-12-19 19:59:16
500103020,47,14,33,2024-12-19 18:44:15
500103020,47,13,34,2024-12-19 18:08:16
500103020,47,13,34,2024-12-19 18:23:16
500112072,47,13,34,2024-12-19 20:25:15
500107022,47,39,7,2024-12-19 16:28:15
500112072,47,32,14,2024-12-19 14:24:14
500113035,47,30,17,2024-12-19 15:49:15
500110046,47,27,20,2024-12-19 13:28:16
500110046,47,26,21,2024-12-19 15:44:14
500103020,47,4,43,2024-12-19 15:37:15
500112008,47,3,43,2024-12-19 16:37:15
500112008,47,1,45,2024-12-19 15:04:15
500106053,47,29,18,2024-12-19 21:45:15
500108070,47,35,10,2024-12-19 06:47:15
500103020,47,19,26,2024-12-19 07:14:15
500110046,47,19,28,2024-12-19 08:17:14
500112072,47,16,30,2024-12-19 07:47:15
500110046,47,12,35,2024-12-19 08:03:15
500110046,47,11,36,2024-12-19 07:25:15
500108070,47,2,43,2024-12-19 08:25:16
500113035,47,4,43,2024-12-19 04:58:15
500112008,47,39,7,2024-12-19 23:40:15
500103020,47,22,25,2024-12-19 23:25:16
500107022,47,41,5,2024-12-19 23:58:14
500103020,47,21,26,2024-12-19 21:35:16
500107022,47,13,32,2024-12-19 04:26:15
500108070,47,31,14,2024-12-19 03:44:15
500106053,47,29,18,2024-12-19 22:04:15
500113035,47,31,16,2024-12-19 22:04:15
500107022,47,13,33,2024-12-19 01:19:15
500113035,47,2,45,2024-12-19 00:52:15
500113035,47,1,46,2024-12-19 04:37:14
500113035,47,34,12,2024-12-19 22:59:15
500107022,47,45,0,2024-12-19 09:43:16
500106053,47,40,7,2024-12-19 09:27:15
500110046,47,39,8,2024-12-19 12:37:15
500110046,47,38,9,2024-12-19 12:19:16
500106053,47,35,12,2024-12-19 09:07:15
500112072,47,32,14,2024-12-19 09:56:16
500113035,47,26,21,2024-12-19 12:28:15
500113035,47,25,22,2024-12-19 12:57:15
500110046,47,22,25,2024-12-19 09:07:15
500113035,47,10,37,2024-12-19 11:06:15
500108070,47,2,43,2024-12-19 09:57:15
500108070,47,1,44,2024-12-19 11:15:17
500108070,47,0,45,2024-12-19 11:54:14
500107022,47,38,8,2024-12-19 21:09:16
500108070,47,38,8,2024-12-19 19:47:15
500113035,47,39,8,2024-12-19 17:37:16
500108070,47,34,12,2024-12-19 21:06:15
500108070,47,32,14,2024-12-19 18:28:16
500108070,47,32,14,2024-12-19 18:38:16
500108070,47,31,15,2024-12-19 21:19:16
500113035,47,32,15,2024-12-19 20:09:15
500113035,47,30,17,2024-12-19 21:09:16
500107022,47,24,22,2024-12-19 18:15:17
500113035,47,21,26,2024-12-19 19:49:15
500103020,47,16,31,2024-12-19 19:09:15
500110046,47,16,31,2024-12-19 18:08:16
500112072,47,11,36,2024-12-19 20:09:15
500110046,47,9,38,2024-12-19 20:13:15
500112008,47,8,38,2024-12-19 18:48:15
500112072,47,6,41,2024-12-19 19:10:17
500110046,47,5,42,2024-12-19 20:37:16
500107022,47,42,4,2024-12-19 14:31:15
500107022,47,41,5,2024-12-19 14:19:15
500107022,47,37,9,2024-12-19 16:38:15
500113035,47,36,11,2024-12-19 16:55:17
500106053,47,31,16,2024-12-19 15:08:15
500106053,47,29,18,2024-12-19 17:07:15
500106053,47,28,19,2024-12-19 13:14:15
500113035,47,27,20,2024-12-19 14:48:15
500112072,47,22,25,2024-12-19 16:20:17
500103020,47,5,42,2024-12-19 14:00:17
500103020,47,4,43,2024-12-19 13:35:15
500112008,47,1,45,2024-12-19 16:08:16
500108070,47,44,1,2024-12-19 07:17:14
500112072,47,39,7,2024-12-19 08:36:15
500112008,47,31,14,2024-12-19 06:34:15
500106053,47,31,16,2024-12-19 08:51:15
500103020,47,29,17,2024-12-19 04:49:15
500108070,47,28,17,2024-12-19 07:46:15
500112008,47,27,18,2024-12-19 07:37:15
500112008,47,22,23,2024-12-19 07:26:15
500106053,47,20,26,2024-12-19 08:37:15
500110046,47,21,26,2024-12-19 08:34:15
500112072,47,18,28,2024-12-19 06:26:15
500112072,47,17,29,2024-12-19 06:56:15
500112008,47,13,32,2024-12-19 08:56:16
500112072,47,13,33,2024-12-19 07:27:15
500106053,47,8,38,2024-12-19 07:59:15
500113035,47,5,42,2024-12-19 08:34:15
500106053,47,3,43,2024-12-19 05:59:14
500113035,47,3,44,2024-12-19 05:20:16
500113035,47,1,46,2024-12-19 07:57:16
500112072,47,21,26,2024-12-19 00:21:14
500108070,47,16,30,2024-12-19 23:56:14
500113035,47,1,46,2024-12-19 01:13:15
500107022,47,40,6,2024-12-19 23:18:15
500107022,47,36,10,2024-12-19 21:39:15
500106053,47,3,44,2024-12-19 01:32:14
500112072,47,19,28,2024-12-19 02:23:15
500110046,47,2,45,2024-12-19 04:20:16
500113035,47,2,45,2024-12-19 04:07:17
500103020,47,28,18,2024-12-19 03:36:15
500112008,47,35,10,2024-12-19 03:36:15
500113035,47,0,47,2024-12-19 03:13:16
500112072,47,9,38,2024-12-19 23:58:14
500106053,47,29,18,2024-12-19 22:16:15
500113035,47,30,17,2024-12-19 22:15:16
500113035,47,32,13,2024-12-19 23:20:16
500107022,47,44,1,2024-12-19 09:56:15
500106053,47,41,6,2024-12-19 09:47:15
500107022,47,40,6,2024-12-19 11:18:16
500112072,47,32,14,2024-12-19 12:08:15
500110046,47,30,17,2024-12-19 09:27:15
500106053,47,29,18,2024-12-19 13:07:15
500106053,47,29,18,2024-12-19 11:16:14
500112072,47,28,18,2024-12-19 11:41:15
500113035,47,10,37,2024-12-19 10:31:16
500103020,47,1,44,2024-12-19 10:27:17
500112008,47,2,44,2024-12-19 12:54:15
500112008,47,2,44,2024-12-19 10:39:16
500108070,47,0,45,2024-12-19 11:38:15
500108070,47,0,45,2024-12-19 10:18:15
500108070,47,0,45,2024-12-19 11:08:15
500112008,47,1,45,2024-12-19 11:14:15
500106053,47,38,9,2024-12-19 18:07:16
500108070,47,37,9,2024-12-19 19:50:16
500108070,47,37,9,2024-12-19 18:47:16
500107022,47,35,11,2024-12-19 20:28:15
500113035,47,34,13,2024-12-19 20:29:14
500106053,47,31,16,2024-12-19 21:07:16
500103020,47,18,29,2024-12-19 20:20:16
500112072,47,16,31,2024-12-19 20:49:15
500112008,47,10,36,2024-12-19 18:15:16
500107022,47,40,6,2024-12-19 13:31:15
500112072,47,34,12,2024-12-19 15:44:15
500113035,47,35,12,2024-12-19 16:48:16
500112072,47,34,13,2024-12-19 16:08:16
500113035,47,31,16,2024-12-19 16:04:15
500106053,47,30,17,2024-12-19 13:38:16
500106053,47,30,17,2024-12-19 14:53:15
500103020,47,12,35,2024-12-19 17:05:17
500112072,47,10,37,2024-12-19 16:54:16
500108070,47,7,38,2024-12-19 13:36:16
500108070,47,6,39,2024-12-19 14:07:16
500108070,47,30,16,2024-12-19 21:47:15
500112072,47,40,6,2024-12-19 08:17:15
500112072,47,37,9,2024-12-19 08:54:15
500112072,47,32,14,2024-12-19 08:03:15
500103020,47,29,17,2024-12-19 06:16:15
500107022,47,28,17,2024-12-19 08:27:16
500112008,47,17,28,2024-12-19 08:34:14
500112072,47,17,29,2024-12-19 06:43:15
500103020,47,15,30,2024-12-19 07:39:14
500107022,47,13,32,2024-12-19 06:15:15
500107022,47,12,33,2024-12-19 07:16:15
500107022,47,12,33,2024-12-19 06:26:15
500108070,47,11,34,2024-12-19 08:17:14
500103020,47,5,40,2024-12-19 08:17:15
500106053,47,6,40,2024-12-19 07:39:15
500113035,47,5,42,2024-12-19 06:26:15
500108070,47,32,14,2024-12-19 01:00:17
500113035,47,31,14,2024-12-19 23:19:15
500112008,47,37,9,2024-12-19 22:25:16
500108070,47,29,17,2024-12-19 21:39:15
500106053,47,2,44,2024-12-19 03:42:14
500107022,47,39,7,2024-12-19 22:05:16
500106053,47,28,19,2024-12-19 21:53:15
500106053,47,3,44,2024-12-19 01:06:15
500113035,47,1,46,2024-12-19 01:47:15
500110046,47,3,44,2024-12-19 22:41:15
500108070,47,22,24,2024-12-19 22:16:15
500107022,47,42,4,2024-12-19 22:16:15
500110046,47,1,46,2024-12-19 04:03:16
500107022,47,45,0,2024-12-19 10:07:16
500106053,47,36,11,2024-12-19 12:08:15
500107022,47,33,13,2024-12-19 12:19:16
500110046,47,33,14,2024-12-19 10:54:15
500106053,47,28,19,2024-12-19 12:48:15
500113035,47,27,20,2024-12-19 12:38:15
500113035,47,25,22,2024-12-19 12:41:15
500112008,47,11,34,2024-12-19 09:06:14
500113035,47,7,40,2024-12-19 09:09:15
500108070,47,1,44,2024-12-19 10:07:15
500108070,47,1,44,2024-12-19 10:37:16
500103020,47,0,45,2024-12-19 10:57:15
500108070,47,0,45,2024-12-19 09:24:15
500108070,47,0,45,2024-12-19 10:28:16
500108070,47,0,45,2024-12-19 11:28:16
500103020,47,0,47,2024-12-19 12:23:16
500106053,47,41,6,2024-12-19 18:37:15
500107022,47,36,10,2024-12-19 18:46:15
500107022,47,35,11,2024-12-19 17:35:16
500107022,47,34,12,2024-12-19 19:37:16
500108070,47,34,12,2024-12-19 20:53:15
500107022,47,33,13,2024-12-19 20:00:17
500107022,47,33,13,2024-12-19 17:48:15
500107022,47,32,14,2024-12-19 19:16:15
500106053,47,31,16,2024-12-19 19:47:15
500106053,47,30,17,2024-12-19 17:23:15
500106053,47,30,17,2024-12-19 21:13:16
500112008,47,23,23,2024-12-19 21:12:15
500113035,47,22,25,2024-12-19 19:23:15
500103020,47,20,27,2024-12-19 21:17:15
500112008,47,18,28,2024-12-19 20:40:16
500103020,47,17,30,2024-12-19 20:03:15
500112072,47,17,30,2024-12-19 20:58:14
500112008,47,12,34,2024-12-19 19:26:15
500112072,47,12,35,2024-12-19 20:12:14
500112008,47,10,36,2024-12-19 19:11:15
500110046,47,8,39,2024-12-19 19:59:16
500110046,47,8,39,2024-12-19 18:37:15
500110046,47,7,40,2024-12-19 20:56:15
500112072,47,6,41,2024-12-19 19:30:17
500112072,47,2,45,2024-12-19 18:37:15
500113035,47,27,20,2024-12-19 14:08:15
500113035,47,26,21,2024-12-19 13:17:15
500108070,47,7,39,2024-12-19 16:12:15
500112072,47,8,39,2024-12-19 17:05:17
500112008,47,2,44,2024-12-19 15:42:15
500112008,47,2,44,2024-12-19 16:10:16
500107022,47,36,10,2024-12-19 21:48:16
500107022,47,43,2,2024-12-19 08:55:16
500107022,47,36,9,2024-12-19 08:46:15
500108070,47,35,10,2024-12-19 06:11:14
500112008,47,32,13,2024-12-19 06:56:15
500107022,47,19,26,2024-12-19 07:57:16
500106053,47,13,33,2024-12-19 08:16:15
500110046,47,10,37,2024-12-19 07:57:15
500106053,47,7,39,2024-12-19 07:26:15
500106053,47,6,40,2024-12-19 07:03:15
500103020,47,1,44,2024-12-19 08:22:14
500103020,47,21,26,2024-12-19 22:30:15
500106053,47,28,19,2024-12-19 22:39:15
500107022,47,40,6,2024-12-19 22:30:16
500113035,47,35,12,2024-12-19 22:48:15
500113035,47,32,13,2024-12-19 23:07:14
500113035,47,1,46,2024-12-19 01:49:15
500107022,47,43,3,2024-12-19 11:45:15
500110046,47,39,8,2024-12-19 12:08:15
500110046,47,34,13,2024-12-19 10:45:16
500112072,47,33,13,2024-12-19 12:59:16
500110046,47,33,14,2024-12-19 10:24:15
500110046,47,33,14,2024-12-19 10:34:15
500112072,47,32,14,2024-12-19 12:22:16
500106053,47,32,15,2024-12-19 12:26:15
500106053,47,32,15,2024-12-19 11:37:15
500106053,47,29,18,2024-12-19 12:19:16
500113035,47,12,35,2024-12-19 11:45:15
500113035,47,10,37,2024-12-19 10:17:16
500112008,47,6,39,2024-12-19 09:35:16
500103020,47,2,45,2024-12-19 11:58:16
500108070,47,0,45,2024-12-19 09:46:16
500107022,47,35,11,2024-12-19 18:54:15
500106053,47,33,14,2024-12-19 20:38:15
500107022,47,32,14,2024-12-19 19:47:15
500113035,47,33,14,2024-12-19 17:47:16
500110046,47,23,24,2024-12-19 17:24:16
500108070,47,20,26,2024-12-19 17:59:14
500113035,47,21,26,2024-12-19 19:35:16
500112008,47,19,27,2024-12-19 20:52:14
500110046,47,16,31,2024-12-19 17:58:16
500110046,47,12,35,2024-12-19 18:18:16
500112008,47,7,39,2024-12-19 18:37:15
500112008,47,6,40,2024-12-19 17:56:16
500112072,47,7,40,2024-12-19 19:44:15
500110046,47,6,41,2024-12-19 19:00:18
500112008,47,5,41,2024-12-19 17:16:16
500107022,47,41,5,2024-12-19 15:53:14
500107022,47,41,5,2024-12-19 15:06:15
500107022,47,39,7,2024-12-19 16:56:15
500113035,47,37,10,2024-12-19 16:59:15
500113035,47,32,15,2024-12-19 15:25:15
500106053,47,30,17,2024-12-19 15:14:15
500106053,47,28,19,2024-12-19 13:27:15
500110046,47,25,22,2024-12-19 17:13:15
500108070,47,6,39,2024-12-19 15:58:15
500108070,47,6,39,2024-12-19 14:35:15
500112072,47,8,39,2024-12-19 17:18:16
500108070,47,5,40,2024-12-19 15:17:16
500108070,47,0,46,2024-12-19 16:46:15
500112008,47,29,17,2024-12-19 21:42:15
500113035,47,29,18,2024-12-19 21:40:16
500108070,47,29,16,2024-12-19 07:57:15
500106053,47,29,17,2024-12-19 08:47:15
500112072,47,28,18,2024-12-19 07:57:16
500112008,47,25,20,2024-12-19 07:17:14
500110046,47,25,22,2024-12-19 08:57:15
500103020,47,22,23,2024-12-19 06:50:16
500112008,47,21,24,2024-12-19 08:02:15
500103020,47,12,33,2024-12-19 07:58:15
500113035,47,7,40,2024-12-19 08:52:16
500106053,47,4,42,2024-12-19 06:54:16
500113035,47,5,42,2024-12-19 08:40:17
500113035,47,3,44,2024-12-19 08:27:16
500103020,47,0,45,2024-12-19 08:45:16
500107022,47,42,4,2024-12-19 23:36:15
500113035,47,3,44,2024-12-19 00:47:15
500108070,47,18,28,2024-12-19 22:58:15
500110046,47,2,45,2024-12-19 22:28:15
500110046,47,8,39,2024-12-19 21:37:15
500103020,47,22,25,2024-12-19 21:59:15
500108070,47,26,20,2024-12-19 21:59:15
500113035,47,30,17,2024-12-19 21:51:15
500112008,47,32,14,2024-12-19 21:55:17
500112072,47,21,26,2024-12-19 22:15:16
500112008,47,36,10,2024-12-19 22:16:15
500107022,47,40,6,2024-12-19 11:22:15
500106053,47,39,8,2024-12-19 09:30:16
500107022,47,38,8,2024-12-19 11:57:15
500107022,47,37,9,2024-12-19 12:39:15
500112072,47,37,9,2024-12-19 09:08:15
500112072,47,33,13,2024-12-19 09:27:14
500110046,47,33,14,2024-12-19 10:07:16
500112072,47,30,16,2024-12-19 10:23:15
500113035,47,11,36,2024-12-19 10:26:14
500112008,47,3,43,2024-12-19 13:02:14
500108070,47,1,44,2024-12-19 12:28:15
500108070,47,1,44,2024-12-19 11:48:16
500112008,47,2,44,2024-12-19 11:55:18
500112008,47,2,44,2024-12-19 11:19:15
500108070,47,0,45,2024-12-19 09:37:16
500108070,47,42,4,2024-12-19 18:58:16
500107022,47,32,14,2024-12-19 19:28:15
500106053,47,31,16,2024-12-19 20:07:15
500106053,47,31,16,2024-12-19 20:27:15
500113035,47,24,23,2024-12-19 18:58:16
500103020,47,20,27,2024-12-19 20:47:15
500103020,47,19,28,2024-12-19 19:36:15
500112008,47,17,29,2024-12-19 20:27:15
500112072,47,13,34,2024-12-19 20:36:15
500103020,47,9,38,2024-12-19 17:36:15
500112008,47,8,38,2024-12-19 18:05:15
500110046,47,30,17,2024-12-19 13:15:15
500113035,47,28,19,2024-12-19 15:07:15
500110046,47,26,21,2024-12-19 13:40:16
500110046,47,26,21,2024-12-19 15:21:15
500113035,47,25,22,2024-12-19 14:34:14
500110046,47,24,23,2024-12-19 17:05:17
500112072,47,21,26,2024-12-19 16:18:16
500108070,47,6,39,2024-12-19 14:48:14
500112008,47,1,45,2024-12-19 13:27:15
500110046,47,7,40,2024-12-19 21:47:15
500103020,47,21,26,2024-12-19 21:49:15
500112072,47,36,10,2024-12-19 08:47:15
500108070,47,34,11,2024-12-19 06:05:15
500107022,47,33,12,2024-12-19 08:36:15
500108070,47,32,13,2024-12-19 05:31:14
500108070,47,31,14,2024-12-19 05:23:15
500108070,47,31,14,2024-12-19 06:55:16
500103020,47,29,17,2024-12-19 05:48:14
500103020,47,25,21,2024-12-19 06:35:15
500107022,47,15,30,2024-12-19 07:47:14
500110046,47,10,37,2024-12-19 07:47:15
500106053,47,7,39,2024-12-19 07:50:16
500106053,47,5,41,2024-12-19 06:46:14
500110046,47,6,41,2024-12-19 06:44:15
500110046,47,3,44,2024-12-19 05:31:14
500113035,47,2,45,2024-12-19 08:00:17
500112008,47,38,7,2024-12-19 00:05:16
500113035,47,0,47,2024-12-19 00:27:15
500112008,47,40,6,2024-12-19 23:56:14
500112072,47,25,22,2024-12-19 23:01:15
500108070,47,22,24,2024-12-19 22:07:15
500113035,47,2,45,2024-12-19 04:43:15
500106053,47,47,0,2024-12-19 10:34:15
500106053,47,45,2,2024-12-19 10:26:14
500106053,47,45,2,2024-12-19 10:58:15
500107022,47,43,2,2024-12-19 10:28:15
500107022,47,42,4,2024-12-19 11:32:15
500110046,47,32,15,2024-12-19 11:37:15
500112072,47,29,17,2024-12-19 11:22:16
500112072,47,29,17,2024-12-19 11:57:16
500112072,47,28,18,2024-12-19 11:05:17
500110046,47,28,19,2024-12-19 09:37:15
500106053,47,27,20,2024-12-19 12:35:16
500113035,47,8,39,2024-12-19 09:54:15
500113035,47,8,39,2024-12-19 10:42:15
500113035,47,6,41,2024-12-19 09:05:16
500103020,47,2,43,2024-12-19 09:34:15
500103020,47,1,44,2024-12-19 09:26:15
500103020,47,1,44,2024-12-19 09:44:15
500108070,47,0,45,2024-12-19 10:48:15
500112008,47,1,45,2024-12-19 10:35:16
500103020,47,1,46,2024-12-19 11:41:15
500108070,47,46,0,2024-12-19 19:06:16
500108070,47,38,8,2024-12-19 20:06:14
500106053,47,38,9,2024-12-19 19:07:15
500113035,47,33,14,2024-12-19 20:12:15
500113035,47,31,16,2024-12-19 18:18:16
500108070,47,26,20,2024-12-19 17:48:15
500110046,47,23,24,2024-12-19 17:38:16
500113035,47,23,24,2024-12-19 19:02:16
500103020,47,18,29,2024-12-19 19:56:16
500112072,47,18,29,2024-12-19 21:09:16
500108070,47,16,30,2024-12-19 17:25:16
500103020,47,15,32,2024-12-19 19:29:15
500112008,47,14,32,2024-12-19 19:47:15
500103020,47,13,34,2024-12-19 17:59:15
500112008,47,11,35,2024-12-19 19:06:15
500103020,47,8,39,2024-12-19 17:47:16
500110046,47,8,39,2024-12-19 18:55:17
500112008,47,7,39,2024-12-19 17:37:16
500110046,47,5,42,2024-12-19 19:32:15
500112072,47,5,42,2024-12-19 17:28:15
500112072,47,5,42,2024-12-19 17:36:15
500112072,47,2,45,2024-12-19 18:47:16
500112072,47,1,46,2024-12-19 18:03:15
500107022,47,40,6,2024-12-19 15:46:16
500113035,47,37,10,2024-12-19 17:18:16
500112072,47,32,14,2024-12-19 13:28:15
500106053,47,32,15,2024-12-19 14:22:15
500106053,47,31,16,2024-12-19 13:42:15
500113035,47,31,16,2024-12-19 15:13:16
500106053,47,29,18,2024-12-19 16:57:16
500113035,47,28,19,2024-12-19 14:54:15
500110046,47,27,20,2024-12-19 13:49:14
500108070,47,5,40,2024-12-19 14:58:15
500112008,47,4,42,2024-12-19 16:59:15
500103020,47,4,43,2024-12-19 14:57:15
500103020,47,4,43,2024-12-19 14:38:15
500108070,47,2,44,2024-12-19 16:58:15
500108070,47,0,46,2024-12-19 16:28:15
500108070,47,45,0,2024-12-19 07:24:16
500108070,47,37,8,2024-12-19 07:37:15
500112008,47,33,12,2024-12-19 06:07:15
500108070,47,30,15,2024-12-19 05:17:15
500103020,47,28,18,2024-12-19 06:01:14
500112008,47,24,21,2024-12-19 07:46:15
500110046,47,20,27,2024-12-19 08:27:16
500112072,47,15,31,2024-12-19 07:17:14
500107022,47,13,32,2024-12-19 07:34:15
500112072,47,13,33,2024-12-19 07:36:15
500107022,47,11,34,2024-12-19 06:56:15
500110046,47,5,42,2024-12-19 06:13:14
500103020,47,1,44,2024-12-19 08:57:16
500106053,47,2,44,2024-12-19 06:36:14
500108070,47,1,44,2024-12-19 08:35:16
500108070,47,1,44,2024-12-19 08:46:15
500113035,47,3,44,2024-12-19 06:07:15
500106053,47,14,33,2024-12-19 23:29:14
500113035,47,2,45,2024-12-19 00:12:15
500112072,47,10,37,2024-12-19 23:39:14
500112072,47,22,25,2024-12-19 00:15:16
500112072,47,23,24,2024-12-19 22:35:16
500107022,47,13,33,2024-12-19 02:30:16
500112072,47,21,26,2024-12-19 22:07:15
500110046,47,6,41,2024-12-19 21:50:17
500112072,47,21,26,2024-12-19 21:56:15
500107022,47,36,10,2024-12-19 21:58:15
500107022,47,14,32,2024-12-19 01:55:16
500107022,47,41,5,2024-12-19 23:33:15
500106053,47,44,3,2024-12-19 10:18:15
500107022,47,42,3,2024-12-19 09:36:15
500107022,47,41,4,2024-12-19 09:09:15
500106053,47,41,6,2024-12-19 09:51:14
500107022,47,39,6,2024-12-19 10:17:15
500107022,47,39,7,2024-12-19 13:05:16
500107022,47,37,9,2024-12-19 10:56:15
500110046,47,38,9,2024-12-19 12:47:15
500112072,47,36,10,2024-12-19 09:07:15
500106053,47,35,12,2024-12-19 11:06:15
500112072,47,34,12,2024-12-19 09:38:14
500110046,47,33,14,2024-12-19 13:08:15
500110046,47,31,16,2024-12-19 09:55:17
500110046,47,29,18,2024-12-19 09:43:15
500113035,47,20,27,2024-12-19 12:14:15
500113035,47,15,32,2024-12-19 12:08:15
500112008,47,7,38,2024-12-19 09:24:15
500112008,47,4,41,2024-12-19 10:14:15
500113035,47,6,41,2024-12-19 09:36:15
500112008,47,2,43,2024-12-19 10:24:14
500113035,47,4,43,2024-12-19 10:07:16
500103020,47,1,44,2024-12-19 10:44:16
500103020,47,2,45,2024-12-19 12:47:15
500103020,47,0,45,2024-12-19 09:00:20
500103020,47,0,45,2024-12-19 10:12:16
500107022,47,40,6,2024-12-19 21:16:15
500113035,47,40,7,2024-12-19 17:27:16
500106053,47,33,14,2024-12-19 17:57:15
500106053,47,30,17,2024-12-19 17:35:16
500113035,47,27,20,2024-12-19 18:25:17
500103020,47,17,30,2024-12-19 19:45:16
500110046,47,17,30,2024-12-19 17:48:15
500103020,47,10,37,2024-12-19 17:12:15
500112008,47,7,39,2024-12-19 18:56:15
500110046,47,7,40,2024-12-19 21:14:15
500110046,47,7,40,2024-12-19 18:48:15
500110046,47,6,41,2024-12-19 19:39:15
500112072,47,3,44,2024-12-19 18:29:16
500107022,47,41,5,2024-12-19 13:40:16
500107022,47,40,6,2024-12-19 15:19:16
500107022,47,39,7,2024-12-19 17:15:17
500113035,47,32,15,2024-12-19 16:18:15
500113035,47,31,16,2024-12-19 15:40:16
500110046,47,28,19,2024-12-19 14:36:16
500110046,47,27,20,2024-12-19 14:16:15
500110046,47,23,24,2024-12-19 16:25:15
500108070,47,14,32,2024-12-19 17:18:16
500108070,47,7,38,2024-12-19 13:44:15
500103020,47,6,41,2024-12-19 15:40:16
500112008,47,5,41,2024-12-19 16:48:16
500112008,47,36,9,2024-12-19 04:48:15
500108070,47,33,12,2024-12-19 05:43:14
500103020,47,27,19,2024-12-19 06:21:15
500103020,47,21,24,2024-12-19 07:23:14
500112008,47,21,24,2024-12-19 08:15:16
500112008,47,17,28,2024-12-19 08:25:16
500107022,47,14,31,2024-12-19 05:04:15
500107022,47,14,31,2024-12-19 06:37:15
500107022,47,14,31,2024-12-19 06:44:15
500106053,47,3,43,2024-12-19 05:08:14
500110046,47,4,43,2024-12-19 06:20:15
500110046,47,4,43,2024-12-19 05:51:14
500113035,47,2,45,2024-12-19 06:56:15
500113035,47,1,46,2024-12-19 07:09:15
500107022,47,15,31,2024-12-19 03:48:15
500108070,47,33,13,2024-12-19 00:17:15
500112072,47,19,28,2024-12-19 00:00:16
500113035,47,31,14,2024-12-19 23:59:15
500112008,47,27,19,2024-12-19 21:39:15
500113035,47,30,17,2024-12-19 21:33:16
500112008,47,36,9,2024-12-19 03:04:14
500110046,47,3,44,2024-12-19 22:08:15
500112008,47,34,12,2024-12-19 22:07:15
500103020,47,28,19,2024-12-19 01:49:14
500107022,47,41,5,2024-12-19 22:59:15
500106053,47,13,34,2024-12-19 23:30:16
500108070,47,17,29,2024-12-19 23:24:14
500107022,47,38,8,2024-12-19 11:07:16
500107022,47,36,10,2024-12-19 12:34:14
500107022,47,35,10,2024-12-19 09:27:15
500107022,47,35,11,2024-12-19 12:22:16
500107022,47,34,12,2024-12-19 12:06:15
500110046,47,35,12,2024-12-19 11:47:16
500110046,47,34,13,2024-12-19 10:59:15
500113035,47,11,36,2024-12-19 10:57:15
500113035,47,10,37,2024-12-19 11:38:15
500113035,47,10,37,2024-12-19 11:21:15
500113035,47,9,38,2024-12-19 11:17:15
500113035,47,6,41,2024-12-19 09:47:14
500112008,47,4,42,2024-12-19 11:34:15
500108070,47,1,44,2024-12-19 12:30:18
500108070,47,1,44,2024-12-19 09:03:14
500103020,47,2,45,2024-12-19 11:18:16
500108070,47,0,45,2024-12-19 10:50:18
500108070,47,36,10,2024-12-19 20:22:15
500113035,47,34,13,2024-12-19 20:47:15
500108070,47,32,14,2024-12-19 20:49:15
500106053,47,29,18,2024-12-19 19:56:16
500106053,47,29,18,2024-12-19 20:11:15
500107022,47,27,19,2024-12-19 18:08:16
500108070,47,24,22,2024-12-19 18:07:16
500103020,47,17,30,2024-12-19 18:58:16
500112008,47,16,30,2024-12-19 20:12:15
500103020,47,15,32,2024-12-19 19:02:16
500103020,47,14,33,2024-12-19 18:16:16
500112008,47,13,33,2024-12-19 19:31:14
500110046,47,7,40,2024-12-19 20:28:15
500112072,47,7,40,2024-12-19 19:58:15
500110046,47,6,41,2024-12-19 19:25:15
500110046,47,5,42,2024-12-19 19:13:15
500112072,47,3,44,2024-12-19 17:48:15
500107022,47,41,5,2024-12-19 13:18:15
500107022,47,40,6,2024-12-19 13:59:15
500112072,47,33,13,2024-12-19 15:25:15
500113035,47,33,14,2024-12-19 16:31:15
500113035,47,32,15,2024-12-19 16:26:15
500113035,47,30,17,2024-12-19 15:35:16
500106053,47,28,19,2024-12-19 17:09:14
500112072,47,19,28,2024-12-19 16:36:15
500112072,47,14,33,2024-12-19 16:48:16
500103020,47,10,37,2024-12-19 16:22:16
500103020,47,9,38,2024-12-19 16:13:15
500108070,47,2,44,2024-12-19 17:08:16
500112072,47,39,7,2024-12-19 08:23:15
500108070,47,27,18,2024-12-19 08:02:15
500103020,47,24,22,2024-12-19 06:45:16
500107022,47,19,26,2024-12-19 08:01:15
500103020,47,17,28,2024-12-19 07:35:16
500110046,47,6,41,2024-12-19 07:14:15
500113035,47,3,44,2024-12-19 04:51:15
500112072,47,19,28,2024-12-19 23:29:14
500112072,47,21,26,2024-12-19 00:46:15
500106053,47,14,33,2024-12-19 23:34:14
500112072,47,18,29,2024-12-19 00:53:15
500103020,47,26,21,2024-12-19 01:13:15
500112008,47,38,8,2024-12-19 23:06:15
500106053,47,28,19,2024-12-19 21:37:15
500107022,47,14,32,2024-12-19 03:18:14
500107022,47,41,5,2024-12-19 23:05:15
500103020,47,21,26,2024-12-19 22:10:17
500107022,47,14,31,2024-12-19 04:06:15
500107022,47,45,0,2024-12-19 09:06:17
500107022,47,40,6,2024-12-19 10:41:15
500110046,47,37,10,2024-12-19 12:24:16
500110046,47,35,12,2024-12-19 12:54:15
500110046,47,34,13,2024-12-19 10:12:15
500108070,47,0,45,2024-12-19 12:51:15
500103020,47,1,46,2024-12-19 12:03:15
500106053,47,43,4,2024-12-19 18:26:16
500106053,47,40,7,2024-12-19 18:58:16
500107022,47,36,10,2024-12-19 20:58:15
500108070,47,35,11,2024-12-19 19:19:14
500108070,47,33,13,2024-12-19 19:29:15
500106053,47,32,15,2024-12-19 20:42:15
500108070,47,31,15,2024-12-19 18:15:17
500113035,47,32,15,2024-12-19 17:57:15
500106053,47,30,17,2024-12-19 17:48:15
500108070,47,24,22,2024-12-19 17:38:16
500112008,47,21,25,2024-12-19 21:09:16
500113035,47,21,26,2024-12-19 19:18:15
500112008,47,10,36,2024-12-19 18:21:16
500110046,47,9,38,2024-12-19 18:23:16
500112072,47,5,42,2024-12-19 19:21:15
500112072,47,4,43,2024-12-19 19:01:15
500112072,47,4,43,2024-12-19 18:58:16
500112072,47,2,45,2024-12-19 18:15:17
500112072,47,33,13,2024-12-19 14:02:15
500106053,47,31,16,2024-12-19 14:35:15
500106053,47,29,18,2024-12-19 16:35:15
500110046,47,28,19,2024-12-19 14:46:15
500110046,47,27,20,2024-12-19 15:01:16
500110046,47,25,22,2024-12-19 16:02:15
500103020,47,8,39,2024-12-19 16:08:15
500103020,47,3,44,2024-12-19 13:27:15
500108070,47,0,46,2024-12-19 16:30:18
500112008,47,0,46,2024-12-19 14:26:15
500103020,47,30,16,2024-12-19 05:25:15
500107022,47,26,19,2024-12-19 08:17:15
500110046,47,21,26,2024-12-19 08:47:15
500106053,47,19,27,2024-12-19 08:27:16
500103020,47,13,32,2024-12-19 07:57:16
500110046,47,11,36,2024-12-19 07:37:15
500110046,47,5,42,2024-12-19 06:50:16
500103020,47,2,43,2024-12-19 08:37:15
500113035,47,4,43,2024-12-19 08:14:16
500113035,47,2,45,2024-12-19 06:13:14
500113035,47,0,47,2024-12-19 07:47:15
500108070,47,17,29,2024-12-19 23:46:15
500119057,48,1,47,2024-12-19 23:56:14
500104009,48,14,33,2024-12-19 23:38:15
500112011,48,1,45,2024-12-19 00:26:15
500119057,48,11,37,2024-12-19 00:20:15
500104077,48,2,46,2024-12-19 22:15:16
500109053,48,23,24,2024-12-19 23:03:15
500109053,48,6,42,2024-12-19 01:20:15
500104009,48,15,32,2024-12-19 01:31:15
500119070,48,23,25,2024-12-19 03:03:15
500109031,48,17,30,2024-12-19 22:04:15
500119070,48,48,0,2024-12-19 22:00:20
500110021,48,36,12,2024-12-19 21:40:16
500119070,48,20,28,2024-12-19 01:42:14
500107036,48,19,29,2024-12-19 02:25:15
500107036,48,6,42,2024-12-19 22:48:15
500111069,48,33,12,2024-12-19 22:48:15
500119070,48,24,23,2024-12-19 04:37:14
500107036,48,6,42,2024-12-19 23:09:15
500109031,48,13,34,2024-12-19 22:57:15
500109031,48,16,31,2024-12-19 22:17:15
500119070,48,34,14,2024-12-19 22:58:15
500119075,48,32,3,2024-12-19 11:38:15
500119075,48,28,7,2024-12-19 11:13:15
500112011,48,33,9,2024-12-19 12:24:15
500109031,48,36,11,2024-12-19 10:38:15
500119057,48,34,14,2024-12-19 10:28:15
500119057,48,34,14,2024-12-19 11:16:14
500110021,48,33,15,2024-12-19 11:55:18
500119057,48,33,15,2024-12-19 10:55:17
500119075,48,20,15,2024-12-19 09:27:15
500119057,48,32,16,2024-12-19 11:45:15
500109031,48,30,17,2024-12-19 09:26:15
500119075,48,14,21,2024-12-19 10:28:15
500104009,48,25,22,2024-12-19 11:22:16
500104009,48,23,24,2024-12-19 10:35:16
500111023,48,16,31,2024-12-19 09:25:16
500107036,48,14,34,2024-12-19 13:05:16
500109053,48,12,35,2024-12-19 12:26:15
500109053,48,11,36,2024-12-19 12:42:15
500111069,48,10,37,2024-12-19 10:28:15
500111069,48,10,38,2024-12-19 13:01:15
500107036,48,6,41,2024-12-19 09:27:15
500109053,48,7,41,2024-12-19 09:47:14
500119070,48,6,41,2024-12-19 09:07:15
500111069,48,1,45,2024-12-19 09:36:15
500119070,48,1,46,2024-12-19 11:16:15
500107036,48,1,47,2024-12-19 12:08:15
500119070,48,0,47,2024-12-19 12:38:14
500119070,48,21,27,2024-12-19 02:29:14
500119070,48,48,0,2024-12-19 19:19:15
500119070,48,44,4,2024-12-19 20:08:15
500109031,48,42,5,2024-12-19 17:36:15
500110021,48,43,5,2024-12-19 17:55:17
500119070,48,41,7,2024-12-19 20:37:15
500119070,48,41,7,2024-12-19 18:18:16
500112011,48,34,8,2024-12-19 17:47:16
500109031,48,29,18,2024-12-19 18:08:16
500112011,48,19,23,2024-12-19 18:08:16
500112011,48,23,24,2024-12-19 19:06:16
500119057,48,16,32,2024-12-19 17:47:16
500107036,48,15,33,2024-12-19 18:38:16
500104009,48,11,36,2024-12-19 20:23:15
500107036,48,12,36,2024-12-19 19:07:15
500112011,48,11,36,2024-12-19 19:59:16
500112011,48,9,38,2024-12-19 20:21:15
500112011,48,9,38,2024-12-19 21:08:15
500111023,48,7,40,2024-12-19 17:45:16
500111023,48,7,40,2024-12-19 18:17:15
500104009,48,3,43,2024-12-19 17:37:16
500107036,48,4,44,2024-12-19 20:37:16
500107036,48,4,44,2024-12-19 20:59:15
500119075,48,4,44,2024-12-19 19:06:16
500119057,48,3,45,2024-12-19 19:07:15
500119057,48,3,45,2024-12-19 19:25:15
500119075,48,3,45,2024-12-19 18:48:15
500119075,48,0,48,2024-12-19 19:28:15
500119075,48,0,48,2024-12-19 19:48:16
500119075,48,34,1,2024-12-19 14:38:15
500104077,48,43,3,2024-12-19 13:32:15
500110021,48,44,4,2024-12-19 17:18:16
500104077,48,35,13,2024-12-19 16:54:16
500112011,48,29,13,2024-12-19 16:48:16
500104077,48,34,14,2024-12-19 15:24:15
500109031,48,31,16,2024-12-19 14:45:15
500104077,48,29,19,2024-12-19 17:08:16
500109053,48,25,23,2024-12-19 17:18:16
500109053,48,22,26,2024-12-19 17:08:16
500111023,48,21,27,2024-12-19 13:56:15
500107036,48,18,30,2024-12-19 17:08:16
500119057,48,16,32,2024-12-19 15:47:15
500119057,48,14,34,2024-12-19 14:41:15
500119070,48,4,43,2024-12-19 15:17:16
500119070,48,3,44,2024-12-19 14:36:15
500119070,48,2,45,2024-12-19 14:18:15
500107036,48,28,19,2024-12-19 07:17:14
500111069,48,24,22,2024-12-19 08:17:15
500111069,48,21,25,2024-12-19 07:26:15
500110021,48,21,27,2024-12-19 08:33:15
500119070,48,20,27,2024-12-19 07:10:16
500112011,48,19,28,2024-12-19 08:57:15
500104009,48,18,29,2024-12-19 08:17:15
500112011,48,18,29,2024-12-19 08:47:15
500112011,48,16,31,2024-12-19 07:14:15
500112011,48,12,35,2024-12-19 08:36:15
500104009,48,10,37,2024-12-19 07:35:16
500119075,48,9,37,2024-12-19 08:03:15
500110021,48,10,38,2024-12-19 07:35:16
500104077,48,3,43,2024-12-19 05:40:15
500107036,48,2,45,2024-12-19 08:27:16
500109053,48,3,45,2024-12-19 07:36:15
500119070,48,1,46,2024-12-19 08:26:15
500109053,48,1,47,2024-12-19 08:38:15
500109053,48,0,48,2024-12-19 07:47:15
500107036,48,8,40,2024-12-19 23:28:15
500119057,48,1,47,2024-12-19 00:06:15
500107036,48,25,23,2024-12-19 00:17:15
500112011,48,2,44,2024-12-19 00:13:15
500110021,48,17,31,2024-12-19 23:54:15
500111023,48,30,18,2024-12-19 00:36:15
500111023,48,24,24,2024-12-19 23:15:14
500109053,48,24,23,2024-12-19 22:35:16
500109053,48,28,19,2024-12-19 21:37:15
500111069,48,37,8,2024-12-19 21:30:16
500104077,48,2,44,2024-12-19 04:21:15
500119075,48,1,47,2024-12-19 22:09:15
500111069,48,16,31,2024-12-19 03:43:14
500119070,48,17,31,2024-12-19 00:58:14
500119075,48,1,47,2024-12-19 02:17:15
500119075,48,2,46,2024-12-19 22:18:15
500112011,48,3,44,2024-12-19 22:26:15
500107036,48,5,43,2024-12-19 22:55:16
500119075,48,0,48,2024-12-19 01:57:15
500111023,48,23,25,2024-12-19 23:29:14
500112011,48,39,3,2024-12-19 10:48:15
500104077,48,41,5,2024-12-19 13:07:15
500112011,48,37,5,2024-12-19 11:57:15
500119075,48,29,6,2024-12-19 10:58:16
500110021,48,40,8,2024-12-19 13:00:17
500109031,48,35,12,2024-12-19 09:07:15
500109031,48,35,12,2024-12-19 11:47:16
500109031,48,34,13,2024-12-19 09:46:16
500119057,48,34,14,2024-12-19 11:28:16
500110021,48,33,15,2024-12-19 10:03:15
500112011,48,28,15,2024-12-19 09:27:15
500110021,48,28,20,2024-12-19 09:27:15
500104009,48,23,24,2024-12-19 09:02:15
500104009,48,23,24,2024-12-19 10:06:14
500104009,48,21,26,2024-12-19 12:17:16
500111023,48,16,31,2024-12-19 10:25:16
500119057,48,14,34,2024-12-19 12:40:17
500111069,48,11,37,2024-12-19 11:30:17
500109053,48,10,38,2024-12-19 10:37:16
500119070,48,8,39,2024-12-19 10:48:15
500107036,48,7,40,2024-12-19 10:18:15
500107036,48,8,40,2024-12-19 10:48:15
500109053,48,8,40,2024-12-19 09:08:15
500107036,48,3,45,2024-12-19 12:19:16
500119070,48,2,45,2024-12-19 10:07:16
500119070,48,1,46,2024-12-19 12:47:15
500119070,48,0,47,2024-12-19 09:45:16
500119070,48,48,0,2024-12-19 19:21:16
500119070,48,45,3,2024-12-19 21:14:15
500119070,48,43,5,2024-12-19 20:49:15
500110021,48,42,6,2024-12-19 19:49:15
500111069,48,40,6,2024-12-19 18:38:15
500111069,48,36,9,2024-12-19 20:09:15
500111069,48,35,10,2024-12-19 20:13:15
500119070,48,38,10,2024-12-19 17:45:16
500110021,48,37,11,2024-12-19 21:07:16
500111069,48,26,22,2024-12-19 17:38:16
500109031,48,22,25,2024-12-19 19:29:15
500109031,48,22,25,2024-12-19 19:38:15
500112011,48,17,25,2024-12-19 18:17:15
500119075,48,15,26,2024-12-19 17:38:16
500109053,48,20,27,2024-12-19 19:26:15
500109031,48,19,28,2024-12-19 19:57:15
500104077,48,18,30,2024-12-19 17:27:16
500107036,48,17,31,2024-12-19 21:20:16
500119057,48,17,31,2024-12-19 17:24:16
500112011,48,14,33,2024-12-19 19:38:15
500107036,48,6,42,2024-12-19 19:47:15
500119075,48,4,44,2024-12-19 18:08:16
500104009,48,1,45,2024-12-19 17:46:15
500119057,48,2,46,2024-12-19 18:34:15
500119075,48,32,3,2024-12-19 13:58:15
500110021,48,42,6,2024-12-19 14:44:15
500110021,48,42,6,2024-12-19 14:28:15
500119075,48,17,18,2024-12-19 13:28:15
500107036,48,24,24,2024-12-19 15:52:15
500111023,48,20,28,2024-12-19 13:36:16
500107036,48,17,31,2024-12-19 17:17:16
500107036,48,13,35,2024-12-19 13:38:16
500119057,48,12,36,2024-12-19 16:56:15
500111069,48,11,37,2024-12-19 16:58:15
500104009,48,7,39,2024-12-19 17:10:17
500111069,48,9,39,2024-12-19 16:47:15
500111069,48,9,39,2024-12-19 14:11:16
500119070,48,3,44,2024-12-19 16:05:16
500107036,48,13,35,2024-12-19 21:48:16
500119070,48,27,20,2024-12-19 05:13:15
500119070,48,24,23,2024-12-19 06:23:15
500107036,48,23,24,2024-12-19 06:56:15
500119070,48,22,25,2024-12-19 06:55:16
500119075,48,19,27,2024-12-19 08:37:15
500109031,48,14,33,2024-12-19 06:46:15
500109031,48,13,34,2024-12-19 07:17:14
500112011,48,12,35,2024-12-19 07:57:16
500119057,48,12,36,2024-12-19 06:36:14
500109031,48,10,37,2024-12-19 06:37:15
500112011,48,10,37,2024-12-19 06:56:15
500111069,48,8,38,2024-12-19 08:36:15
500119075,48,8,40,2024-12-19 06:54:16
500110021,48,6,42,2024-12-19 05:57:14
500112011,48,4,43,2024-12-19 06:17:14
500109053,48,4,44,2024-12-19 08:17:15
500109053,48,2,46,2024-12-19 08:27:16
500109053,48,1,47,2024-12-19 07:17:14
500109053,48,24,23,2024-12-19 23:23:15
500109031,48,7,39,2024-12-19 01:03:15
500111069,48,14,33,2024-12-19 00:38:14
500104009,48,11,36,2024-12-19 21:35:16
500110021,48,1,47,2024-12-19 03:00:18
500104077,48,3,45,2024-12-19 21:55:17
500112011,48,3,43,2024-12-19 01:19:15
500104009,48,14,33,2024-12-19 21:52:15
500111023,48,20,28,2024-12-19 21:44:15
500119075,48,0,48,2024-12-19 03:20:17
500110021,48,35,13,2024-12-19 22:40:15
500109031,48,7,40,2024-12-19 04:29:15
500107036,48,6,42,2024-12-19 23:31:15
500112011,48,40,2,2024-12-19 11:09:15
500112011,48,39,3,2024-12-19 10:26:14
500104077,48,40,6,2024-12-19 12:20:16
500110021,48,38,10,2024-12-19 12:52:15
500109031,48,36,11,2024-12-19 10:07:16
500109031,48,35,12,2024-12-19 09:55:17
500110021,48,36,12,2024-12-19 10:55:17
500112011,48,31,12,2024-12-19 09:37:15
500110021,48,35,13,2024-12-19 11:04:15
500119075,48,22,13,2024-12-19 09:57:15
500110021,48,32,16,2024-12-19 12:18:15
500119057,48,26,22,2024-12-19 09:08:15
500119057,48,26,22,2024-12-19 09:24:15
500104009,48,24,23,2024-12-19 10:48:15
500104009,48,24,23,2024-12-19 11:07:16
500119075,48,12,23,2024-12-19 12:58:15
500104009,48,22,25,2024-12-19 11:58:15
500104009,48,21,26,2024-12-19 09:23:15
500104009,48,21,26,2024-12-19 11:48:15
500111023,48,19,29,2024-12-19 12:27:15
500111023,48,19,29,2024-12-19 12:16:15
500107036,48,14,34,2024-12-19 12:44:15
500109053,48,12,35,2024-12-19 12:08:15
500109053,48,9,38,2024-12-19 11:24:15
500119070,48,3,44,2024-12-19 09:08:15
500119070,48,3,44,2024-12-19 11:38:15
500111069,48,1,45,2024-12-19 09:56:16
500119070,48,2,45,2024-12-19 11:47:16
500111069,48,0,46,2024-12-19 09:09:16
500119070,48,0,47,2024-12-19 11:27:15
500119070,48,45,3,2024-12-19 18:48:15
500119070,48,41,7,2024-12-19 20:29:15
500112011,48,31,11,2024-12-19 17:59:15
500109053,48,28,19,2024-12-19 20:38:15
500119075,48,21,20,2024-12-19 17:48:15
500107036,48,26,22,2024-12-19 17:38:16
500109053,48,23,25,2024-12-19 18:26:15
500111023,48,20,27,2024-12-19 19:19:15
500109053,48,19,28,2024-12-19 19:38:15
500111023,48,18,29,2024-12-19 20:13:15
500112011,48,18,29,2024-12-19 19:27:15
500107036,48,18,30,2024-12-19 21:17:15
500119057,48,16,32,2024-12-19 17:53:15
500111023,48,10,37,2024-12-19 18:38:16
500104077,48,10,38,2024-12-19 18:17:15
500104009,48,7,39,2024-12-19 18:36:16
500107036,48,8,40,2024-12-19 20:09:15
500119075,48,3,45,2024-12-19 18:18:16
500110021,48,45,3,2024-12-19 17:08:16
500119075,48,31,4,2024-12-19 15:08:15
500119075,48,22,13,2024-12-19 13:36:16
500109031,48,33,14,2024-12-19 14:32:14
500104077,48,33,15,2024-12-19 15:49:15
500119075,48,19,16,2024-12-19 16:36:15
500119075,48,17,18,2024-12-19 15:38:14
500104009,48,24,22,2024-12-19 13:19:15
500104009,48,22,24,2024-12-19 13:46:16
500107036,48,24,24,2024-12-19 16:18:16
500109053,48,23,25,2024-12-19 16:43:15
500104009,48,20,26,2024-12-19 15:04:15
500104009,48,20,26,2024-12-19 15:18:15
500107036,48,22,26,2024-12-19 16:26:15
500107036,48,21,27,2024-12-19 16:37:15
500107036,48,21,27,2024-12-19 15:19:15
500107036,48,20,28,2024-12-19 15:13:16
500109053,48,18,30,2024-12-19 14:28:15
500119057,48,18,30,2024-12-19 15:38:15
500109053,48,17,31,2024-12-19 13:46:16
500109053,48,16,32,2024-12-19 15:52:15
500119057,48,16,32,2024-12-19 13:58:16
500119057,48,16,32,2024-12-19 17:13:15
500107036,48,14,34,2024-12-19 13:13:14
500119057,48,14,34,2024-12-19 13:15:15
500107036,48,12,36,2024-12-19 13:51:15
500119057,48,12,36,2024-12-19 16:42:15
500119070,48,6,41,2024-12-19 15:48:15
500110021,48,0,48,2024-12-19 02:49:15
500111069,48,39,7,2024-12-19 07:57:16
500109031,48,32,15,2024-12-19 08:36:14
500111069,48,30,16,2024-12-19 06:43:15
500109031,48,29,18,2024-12-19 08:27:16
500111023,48,29,18,2024-12-19 06:28:15
500119075,48,19,22,2024-12-19 08:47:15
500119057,48,23,25,2024-12-19 08:45:16
500107036,48,21,26,2024-12-19 07:56:15
500110021,48,22,26,2024-12-19 08:25:16
500119057,48,21,27,2024-12-19 08:16:14
500119070,48,18,29,2024-12-19 07:25:15
500111069,48,15,31,2024-12-19 08:26:15
500104009,48,13,34,2024-12-19 08:02:15
500111023,48,13,34,2024-12-19 08:39:15
500119057,48,13,35,2024-12-19 07:29:15
500110021,48,9,39,2024-12-19 07:27:15
500110021,48,6,42,2024-12-19 06:44:15
500107036,48,4,43,2024-12-19 08:57:15
500110021,48,4,44,2024-12-19 06:54:15
500107036,48,2,45,2024-12-19 08:46:15
500109053,48,1,47,2024-12-19 07:27:15
500119070,48,16,32,2024-12-19 00:06:15
500107036,48,3,45,2024-12-19 23:47:14
500112011,48,1,45,2024-12-19 00:02:15
500104009,48,16,31,2024-12-19 00:44:15
500119070,48,16,32,2024-12-19 01:10:16
500107036,48,20,28,2024-12-19 00:57:15
500119057,48,0,48,2024-12-19 22:56:15
500119057,48,2,46,2024-12-19 21:53:15
500112011,48,6,41,2024-12-19 21:39:15
500119070,48,43,5,2024-12-19 21:38:15
500119075,48,1,47,2024-12-19 03:06:14
500119075,48,1,47,2024-12-19 03:52:14
500104009,48,14,33,2024-12-19 04:15:15
500107036,48,34,13,2024-12-19 03:42:14
500107036,48,3,45,2024-12-19 22:09:15
500111069,48,34,11,2024-12-19 22:03:15
500109053,48,28,19,2024-12-19 21:58:15
500119075,48,0,48,2024-12-19 23:30:19
500119075,48,3,45,2024-12-19 01:03:15
500109031,48,14,33,2024-12-19 22:44:14
500107036,48,33,14,2024-12-19 04:41:15
500119075,48,33,2,2024-12-19 11:48:16
500104077,48,41,5,2024-12-19 11:30:17
500112011,48,36,6,2024-12-19 13:08:15
500109031,48,35,12,2024-12-19 10:18:15
500110021,48,35,13,2024-12-19 11:46:15
500110021,48,35,13,2024-12-19 11:14:15
500110021,48,31,17,2024-12-19 12:07:16
500119075,48,15,20,2024-12-19 12:38:15
500104009,48,24,23,2024-12-19 09:49:15
500104009,48,21,25,2024-12-19 12:31:15
500111023,48,20,28,2024-12-19 11:56:16
500111023,48,14,33,2024-12-19 08:51:15
500109053,48,10,37,2024-12-19 12:19:16
500111069,48,11,37,2024-12-19 11:56:16
500111069,48,11,37,2024-12-19 10:56:15
500107036,48,10,38,2024-12-19 12:37:15
500107036,48,9,38,2024-12-19 10:07:15
500119070,48,5,42,2024-12-19 11:07:16
500107036,48,4,44,2024-12-19 11:38:14
500119070,48,3,44,2024-12-19 11:56:16
500111069,48,0,46,2024-12-19 09:22:16
500119070,48,0,47,2024-12-19 09:33:15
500119075,48,0,48,2024-12-19 02:31:14
500110021,48,45,3,2024-12-19 17:27:16
500110021,48,43,5,2024-12-19 19:29:15
500110021,48,43,5,2024-12-19 19:38:15
500110021,48,40,8,2024-12-19 20:47:15
500111069,48,33,12,2024-12-19 20:53:15
500109031,48,34,13,2024-12-19 17:48:15
500109031,48,34,13,2024-12-19 17:59:15
500107036,48,32,16,2024-12-19 18:08:16
500109053,48,31,16,2024-12-19 21:18:15
500112011,48,31,16,2024-12-19 18:37:15
500109053,48,31,17,2024-12-19 17:27:15
500112011,48,29,18,2024-12-19 18:58:16
500109053,48,29,19,2024-12-19 17:56:16
500107036,48,25,23,2024-12-19 17:47:16
500109053,48,24,23,2024-12-19 20:13:15
500119075,48,12,23,2024-12-19 17:28:15
500104077,48,14,34,2024-12-19 19:05:16
500111023,48,11,36,2024-12-19 18:40:17
500104009,48,10,37,2024-12-19 19:06:16
500104077,48,10,38,2024-12-19 19:52:16
500111023,48,8,39,2024-12-19 17:26:15
500112011,48,8,39,2024-12-19 20:39:16
500111023,48,7,40,2024-12-19 17:58:16
500107036,48,7,41,2024-12-19 19:37:16
500111023,48,5,42,2024-12-19 17:38:16
500119057,48,4,44,2024-12-19 18:27:15
500107036,48,3,45,2024-12-19 20:46:16
500110021,48,45,3,2024-12-19 16:27:15
500112011,48,37,5,2024-12-19 14:02:15
500112011,48,36,6,2024-12-19 13:27:15
500119075,48,29,6,2024-12-19 13:48:16
500109031,48,39,8,2024-12-19 16:56:15
500112011,48,30,12,2024-12-19 16:55:17
500119075,48,23,12,2024-12-19 15:48:15
500111023,48,20,28,2024-12-19 14:33:15
500119057,48,15,33,2024-12-19 14:53:15
500119075,48,1,34,2024-12-19 17:18:16
500119070,48,12,36,2024-12-19 16:37:15
500111069,48,10,38,2024-12-19 15:03:15
500111069,48,8,40,2024-12-19 16:37:15
500119070,48,7,40,2024-12-19 14:48:15
500119075,48,0,48,2024-12-19 02:52:15
500107036,48,36,11,2024-12-19 06:12:15
500111023,48,24,23,2024-12-19 07:17:14
500109031,48,22,25,2024-12-19 07:47:15
500110021,48,22,26,2024-12-19 08:16:15
500104009,48,20,27,2024-12-19 06:08:14
500119057,48,21,27,2024-12-19 08:27:16
500111023,48,18,29,2024-12-19 07:47:15
500119057,48,19,29,2024-12-19 08:57:15
500110021,48,17,31,2024-12-19 07:55:17
500119075,48,14,32,2024-12-19 08:27:16
500119057,48,15,33,2024-12-19 07:55:17
500119057,48,14,34,2024-12-19 07:46:15
500119075,48,12,36,2024-12-19 07:47:15
500104077,48,9,37,2024-12-19 07:46:15
500109053,48,5,43,2024-12-19 05:40:15
500110021,48,5,43,2024-12-19 05:37:15
500119075,48,0,48,2024-12-19 06:36:14
500107036,48,23,25,2024-12-19 00:37:15
500109031,48,6,40,2024-12-19 00:29:15
500111069,48,16,31,2024-12-19 00:13:15
500110021,48,18,30,2024-12-19 23:49:15
500107036,48,24,24,2024-12-19 00:18:14
500119075,48,1,47,2024-12-19 01:14:14
500119075,48,0,48,2024-12-19 22:39:15
500107036,48,6,42,2024-12-19 22:32:14
500104077,48,1,47,2024-12-19 21:14:15
500107036,48,21,27,2024-12-19 02:53:15
500112011,48,2,45,2024-12-19 04:02:15
500104009,48,13,33,2024-12-19 22:09:15
500119070,48,24,24,2024-12-19 03:24:15
500107036,48,4,44,2024-12-19 23:55:16
500119057,48,1,47,2024-12-19 22:45:16
500112011,48,3,44,2024-12-19 04:33:15
500112011,48,39,3,2024-12-19 11:47:15
500112011,48,36,6,2024-12-19 10:16:15
500109031,48,39,8,2024-12-19 11:18:16
500109031,48,38,9,2024-12-19 11:07:16
500112011,48,33,9,2024-12-19 12:34:14
500109031,48,37,10,2024-12-19 12:19:16
500119075,48,25,10,2024-12-19 10:48:15
500104077,48,35,11,2024-12-19 10:16:15
500110021,48,37,11,2024-12-19 12:44:15
500104077,48,34,12,2024-12-19 10:05:15
500119075,48,23,12,2024-12-19 09:46:16
500110021,48,35,13,2024-12-19 10:48:15
500119075,48,22,13,2024-12-19 10:07:16
500112011,48,29,14,2024-12-19 09:43:15
500119057,48,33,15,2024-12-19 10:46:15
500119057,48,33,15,2024-12-19 11:00:18
500119057,48,32,16,2024-12-19 10:18:15
500104009,48,26,21,2024-12-19 11:32:15
500104009,48,23,24,2024-12-19 09:37:15
500104009,48,21,25,2024-12-19 12:56:15
500104009,48,20,26,2024-12-19 12:44:14
500109053,48,13,35,2024-12-19 10:45:15
500119057,48,13,35,2024-12-19 12:38:14
500109053,48,11,36,2024-12-19 11:30:16
500109053,48,11,36,2024-12-19 11:55:18
500109053,48,12,36,2024-12-19 10:55:17
500111069,48,12,36,2024-12-19 11:42:15
500109053,48,11,37,2024-12-19 09:27:14
500109053,48,11,37,2024-12-19 11:07:16
500107036,48,5,42,2024-12-19 09:57:15
500107036,48,6,42,2024-12-19 10:54:15
500107036,48,5,43,2024-12-19 11:47:16
500107036,48,5,43,2024-12-19 11:07:16
500107036,48,3,44,2024-12-19 09:06:15
500107036,48,3,44,2024-12-19 09:35:16
500119070,48,2,45,2024-12-19 09:27:14
500109053,48,2,46,2024-12-19 09:55:16
500109053,48,2,46,2024-12-19 10:10:16
500111069,48,0,46,2024-12-19 09:07:15
500111069,48,46,2,2024-12-19 17:47:15
500110021,48,43,5,2024-12-19 19:52:15
500110021,48,43,5,2024-12-19 17:36:15
500111069,48,41,6,2024-12-19 18:28:16
500109031,48,38,9,2024-12-19 17:28:15
500111069,48,37,11,2024-12-19 18:18:15
500109053,48,27,21,2024-12-19 18:18:16
500112011,48,26,21,2024-12-19 18:47:16
500109031,48,25,22,2024-12-19 19:00:18
500112011,48,20,22,2024-12-19 18:29:16
500109053,48,23,24,2024-12-19 20:06:15
500111023,48,20,27,2024-12-19 20:07:15
500111023,48,19,28,2024-12-19 20:19:15
500109031,48,18,29,2024-12-19 21:17:15
500111069,48,18,30,2024-12-19 17:28:15
500107036,48,16,32,2024-12-19 21:09:16
500104077,48,15,33,2024-12-19 18:06:15
500104077,48,13,35,2024-12-19 19:10:17
500104009,48,11,36,2024-12-19 19:37:16
500104009,48,10,37,2024-12-19 19:14:16
500104077,48,11,37,2024-12-19 19:28:15
500104009,48,8,38,2024-12-19 17:27:15
500104077,48,8,40,2024-12-19 18:28:16
500107036,48,8,40,2024-12-19 19:17:15
500107036,48,8,40,2024-12-19 19:29:15
500119075,48,5,43,2024-12-19 21:08:15
500104009,48,2,44,2024-12-19 17:58:16
500119075,48,4,44,2024-12-19 18:38:16
500119075,48,1,47,2024-12-19 20:08:15
500119075,48,34,1,2024-12-19 14:08:15
500110021,48,46,2,2024-12-19 16:58:15
500112011,48,38,4,2024-12-19 13:17:15
500112011,48,37,5,2024-12-19 13:32:15
500112011,48,37,5,2024-12-19 14:28:15
500104077,48,42,6,2024-12-19 14:48:14
500110021,48,42,6,2024-12-19 13:32:15
500109031,48,39,8,2024-12-19 17:04:15
500112011,48,31,11,2024-12-19 17:18:16
500109031,48,35,12,2024-12-19 13:44:15
500112011,48,30,12,2024-12-19 15:57:15
500109031,48,34,13,2024-12-19 15:15:16
500109031,48,32,15,2024-12-19 14:56:15
500104009,48,23,23,2024-12-19 13:30:16
500119075,48,12,23,2024-12-19 16:48:16
500119070,48,20,28,2024-12-19 17:16:16
500109053,48,19,29,2024-12-19 16:26:15
500109053,48,16,32,2024-12-19 14:14:15
500104009,48,13,33,2024-12-19 16:51:16
500107036,48,15,33,2024-12-19 16:55:16
500119057,48,15,33,2024-12-19 13:48:16
500119075,48,2,33,2024-12-19 17:07:15
500104009,48,12,34,2024-12-19 16:15:16
500119057,48,13,35,2024-12-19 16:38:15
500111069,48,11,37,2024-12-19 15:34:15
500107036,48,7,41,2024-12-19 14:18:15
500119070,48,5,42,2024-12-19 15:53:14
500119070,48,1,46,2024-12-19 13:56:15
500104009,48,12,35,2024-12-19 21:47:15
500119070,48,45,3,2024-12-19 21:48:15
500107036,48,27,20,2024-12-19 06:37:15
500119057,48,27,21,2024-12-19 08:36:15
500109031,48,25,22,2024-12-19 08:03:15
500119070,48,25,22,2024-12-19 04:50:15
500111069,48,19,27,2024-12-19 07:35:15
500110021,48,20,28,2024-12-19 08:00:17
500104077,48,15,31,2024-12-19 08:13:15
500104077,48,11,35,2024-12-19 07:53:16
500112011,48,11,36,2024-12-19 07:44:15
500104077,48,6,40,2024-12-19 07:12:15
500110021,48,6,42,2024-12-19 07:17:14
500104077,48,3,43,2024-12-19 06:12:15
500112011,48,4,43,2024-12-19 04:44:14
500109053,48,2,46,2024-12-19 08:37:15
500110021,48,2,46,2024-12-19 05:17:15
500119075,48,2,46,2024-12-19 05:07:15
500119070,48,0,47,2024-12-19 08:47:15
500119075,48,0,48,2024-12-19 23:29:16
500119070,48,33,15,2024-12-19 23:48:15
500104077,48,9,37,2024-12-19 00:46:15
500107036,48,7,41,2024-12-19 23:17:14
500110021,48,34,14,2024-12-19 22:14:15
500109031,48,18,29,2024-12-19 21:25:16
500111023,48,18,30,2024-12-19 21:24:15
500119075,48,1,47,2024-12-19 01:24:14
500119070,48,17,31,2024-12-19 01:21:15
500111023,48,31,17,2024-12-19 01:23:15
500119070,48,48,0,2024-12-19 21:58:15
500111023,48,25,23,2024-12-19 23:45:16
500107036,48,22,26,2024-12-19 02:34:15
500107036,48,4,44,2024-12-19 22:16:15
500111023,48,24,24,2024-12-19 22:55:16
500107036,48,34,14,2024-12-19 03:36:15
500104009,48,13,34,2024-12-19 23:24:15
500119075,48,34,1,2024-12-19 12:28:15
500112011,48,39,3,2024-12-19 11:01:17
500109031,48,39,8,2024-12-19 11:37:15
500109031,48,38,9,2024-12-19 12:32:16
500109031,48,37,10,2024-12-19 10:48:15
500109031,48,35,12,2024-12-19 12:05:17
500110021,48,36,12,2024-12-19 11:27:15
500110021,48,34,14,2024-12-19 10:18:15
500110021,48,34,14,2024-12-19 10:38:15
500110021,48,30,18,2024-12-19 09:47:15
500112011,48,29,18,2024-12-19 09:09:15
500110021,48,29,19,2024-12-19 09:37:15
500119075,48,12,23,2024-12-19 12:48:15
500104077,48,22,24,2024-12-19 09:14:15
500104077,48,21,25,2024-12-19 09:02:15
500104009,48,21,26,2024-12-19 12:08:15
500110021,48,20,28,2024-12-19 09:09:15
500110021,48,18,30,2024-12-19 09:07:15
500111023,48,18,30,2024-12-19 11:28:15
500111023,48,17,31,2024-12-19 10:44:16
500111069,48,12,36,2024-12-19 11:22:16
500107036,48,4,43,2024-12-19 09:47:15
500111069,48,2,44,2024-12-19 09:46:16
500107036,48,1,47,2024-12-19 12:28:15
500119070,48,0,47,2024-12-19 12:58:15
500111069,48,48,0,2024-12-19 17:58:16
500119070,48,48,0,2024-12-19 19:44:17
500119070,48,48,0,2024-12-19 21:02:16
500110021,48,43,5,2024-12-19 18:18:16
500111069,48,39,6,2024-12-19 19:06:15
500111069,48,39,6,2024-12-19 19:25:15
500110021,48,39,9,2024-12-19 18:45:16
500111069,48,33,12,2024-12-19 21:07:16
500119070,48,36,12,2024-12-19 17:59:15
500110021,48,35,13,2024-12-19 21:13:15
500109053,48,30,17,2024-12-19 21:03:15
500109053,48,27,21,2024-12-19 18:08:15
500112011,48,23,24,2024-12-19 19:16:15
500107036,48,15,33,2024-12-19 18:58:16
500112011,48,10,37,2024-12-19 20:58:15
500112011,48,10,37,2024-12-19 21:12:15
500104077,48,9,39,2024-12-19 20:24:15
500104077,48,7,41,2024-12-19 18:53:15
500107036,48,6,42,2024-12-19 19:58:15
500119075,48,0,48,2024-12-19 20:29:16
500119075,48,34,1,2024-12-19 14:58:15
500119075,48,19,16,2024-12-19 15:58:15
500119075,48,17,18,2024-12-19 13:17:15
500104009,48,19,27,2024-12-19 15:22:15
500109053,48,21,27,2024-12-19 16:57:16
500111023,48,21,27,2024-12-19 14:54:15
500119057,48,18,30,2024-12-19 16:24:15
500109053,48,17,31,2024-12-19 15:23:15
500119057,48,17,31,2024-12-19 16:18:16
500109053,48,16,32,2024-12-19 15:35:16
500119070,48,16,32,2024-12-19 17:07:15
500109053,48,15,33,2024-12-19 16:05:16
500119070,48,15,33,2024-12-19 16:57:16
500104009,48,11,35,2024-12-19 17:06:16
500109053,48,13,35,2024-12-19 16:18:16
500111023,48,9,38,2024-12-19 17:15:17
500111069,48,9,39,2024-12-19 13:36:15
500119070,48,5,42,2024-12-19 15:36:15
500119070,48,4,43,2024-12-19 14:54:15
500119070,48,1,46,2024-12-19 15:28:14
500109053,48,27,20,2024-12-19 21:49:15
500111069,48,31,15,2024-12-19 06:37:15
500110021,48,31,17,2024-12-19 08:47:15
500107036,48,28,19,2024-12-19 07:27:15
500111023,48,28,19,2024-12-19 06:56:15
500107036,48,24,23,2024-12-19 07:45:16
500109031,48,24,23,2024-12-19 07:57:16
500111023,48,22,25,2024-12-19 07:20:16
500104009,48,21,26,2024-12-19 06:35:15
500111023,48,20,27,2024-12-19 07:55:17
500104009,48,19,28,2024-12-19 06:06:14
500109031,48,19,28,2024-12-19 07:37:15
500104009,48,16,31,2024-12-19 07:16:15
500104009,48,15,32,2024-12-19 05:15:15
500119070,48,15,32,2024-12-19 07:41:15
500111023,48,14,33,2024-12-19 08:27:16
500104077,48,12,34,2024-12-19 07:59:15
500109031,48,11,36,2024-12-19 05:53:15
500112011,48,11,36,2024-12-19 08:17:15
500109031,48,10,37,2024-12-19 05:44:15
500119075,48,11,37,2024-12-19 07:17:14
500104077,48,7,39,2024-12-19 07:21:15
500109053,48,9,39,2024-12-19 06:04:14
500119075,48,3,45,2024-12-19 05:16:14
500119075,48,2,46,2024-12-19 05:20:16
500109053,48,1,47,2024-12-19 07:57:16
500104077,48,3,45,2024-12-19 23:26:15
500111069,48,15,32,2024-12-19 00:18:15
500119070,48,16,32,2024-12-19 00:50:16
500109053,48,4,44,2024-12-19 00:53:15
500111023,48,23,25,2024-12-19 22:13:15
500119075,48,0,48,2024-12-19 21:32:14
500110021,48,37,11,2024-12-19 21:37:15
500112011,48,2,44,2024-12-19 02:18:14
500109031,48,8,39,2024-12-19 02:57:14
500119070,48,23,24,2024-12-19 03:52:14
500111023,48,29,18,2024-12-19 04:05:15
500112011,48,2,45,2024-12-19 22:07:15
500112011,48,3,44,2024-12-19 21:47:15
500104077,48,2,46,2024-12-19 23:34:14
500119070,48,36,12,2024-12-19 23:59:15
500119075,48,1,47,2024-12-19 02:47:15
500107036,48,6,42,2024-12-19 22:24:15
500119075,48,3,45,2024-12-19 22:59:15
500119070,48,36,12,2024-12-19 23:33:15
500119070,48,19,29,2024-12-19 01:26:15
500119075,48,32,3,2024-12-19 12:08:15
500119075,48,31,4,2024-12-19 11:27:15
500112011,48,35,7,2024-12-19 10:03:15
500119075,48,28,7,2024-12-19 11:08:15
500104077,48,37,9,2024-12-19 10:36:14
500109031,48,38,9,2024-12-19 12:47:15
500109031,48,34,13,2024-12-19 09:09:15
500110021,48,35,13,2024-12-19 12:34:14
500119075,48,22,13,2024-12-19 09:37:15
500109031,48,33,14,2024-12-19 11:57:16
500104077,48,31,15,2024-12-19 09:55:17
500109031,48,31,16,2024-12-19 09:36:15
500119057,48,32,16,2024-12-19 10:36:14
500119075,48,13,22,2024-12-19 13:08:15
500104009,48,22,25,2024-12-19 12:24:16
500104009,48,22,25,2024-12-19 10:28:15
500119057,48,22,26,2024-12-19 12:19:16
500111023,48,18,30,2024-12-19 10:59:15
500107036,48,15,33,2024-12-19 12:57:15
500109053,48,14,33,2024-12-19 13:07:15
500119057,48,14,34,2024-12-19 12:52:15
500109053,48,12,35,2024-12-19 12:57:15
500111069,48,11,36,2024-12-19 10:46:15
500107036,48,8,40,2024-12-19 11:18:15
500107036,48,6,42,2024-12-19 11:27:15
500107036,48,3,44,2024-12-19 10:36:14
500119070,48,2,45,2024-12-19 12:19:16
500119070,48,0,47,2024-12-19 10:18:15
500104077,48,5,41,2024-12-19 04:17:15
500119070,48,47,1,2024-12-19 19:36:18
500111069,48,43,3,2024-12-19 18:47:15
500119070,48,45,3,2024-12-19 18:28:16
500119070,48,45,3,2024-12-19 18:37:15
500119070,48,44,4,2024-12-19 21:20:16
500119070,48,43,5,2024-12-19 20:11:16
500110021,48,42,6,2024-12-19 19:01:15
500110021,48,39,9,2024-12-19 20:31:15
500110021,48,39,9,2024-12-19 20:57:15
500112011,48,33,9,2024-12-19 17:27:16
500111069,48,35,10,2024-12-19 20:23:15
500109053,48,29,18,2024-12-19 20:48:15
500109031,48,27,20,2024-12-19 18:47:16
500119070,48,24,24,2024-12-19 17:28:15
500109053,48,23,25,2024-12-19 18:36:16
500109031,48,20,27,2024-12-19 20:29:14
500119075,48,16,32,2024-12-19 20:35:16
500104009,48,11,36,2024-12-19 19:27:15
500104009,48,9,38,2024-12-19 18:47:16
500104009,48,6,40,2024-12-19 18:29:16
500107036,48,4,44,2024-12-19 20:29:15
500104009,48,1,45,2024-12-19 18:03:15
500104077,48,44,2,2024-12-19 13:42:15
500119075,48,33,2,2024-12-19 14:43:15
500110021,48,45,3,2024-12-19 15:17:15
500104077,48,42,4,2024-12-19 13:19:15
500104077,48,43,5,2024-12-19 14:14:14
500119075,48,30,5,2024-12-19 15:18:15
500110021,48,42,6,2024-12-19 13:52:15
500104077,48,41,7,2024-12-19 15:08:15
500110021,48,41,7,2024-12-19 13:14:15
500109031,48,39,8,2024-12-19 17:18:16
500109031,48,35,12,2024-12-19 16:21:15
500109031,48,34,13,2024-12-19 15:57:15
500112011,48,29,13,2024-12-19 16:38:15
500109031,48,33,14,2024-12-19 15:02:15
500107036,48,21,27,2024-12-19 15:38:15
500107036,48,18,30,2024-12-19 14:39:15
500104009,48,15,31,2024-12-19 15:34:14
500111069,48,14,34,2024-12-19 17:18:16
500119070,48,14,34,2024-12-19 16:48:16
500107036,48,12,36,2024-12-19 13:27:15
500111023,48,9,38,2024-12-19 17:04:15
500107036,48,6,42,2024-12-19 14:21:15
500119070,48,6,42,2024-12-19 16:18:16
500119070,48,0,47,2024-12-19 13:18:15
500119070,48,0,47,2024-12-19 13:20:18
500107036,48,33,14,2024-12-19 06:22:14
500109031,48,29,18,2024-12-19 08:16:15
500119070,48,25,22,2024-12-19 05:55:15
500111023,48,19,28,2024-12-19 08:01:15
500104009,48,18,29,2024-12-19 06:47:15
500112011,48,17,30,2024-12-19 07:24:15
500109031,48,13,34,2024-12-19 07:27:15
500104009,48,12,35,2024-12-19 07:27:14
500104009,48,11,36,2024-12-19 07:55:17
500119070,48,9,38,2024-12-19 08:03:15
500119075,48,9,39,2024-12-19 07:57:16
500104077,48,4,42,2024-12-19 06:48:14
500112011,48,5,42,2024-12-19 05:35:15
500112011,48,5,42,2024-12-19 06:34:15
500107036,48,4,43,2024-12-19 08:16:14
500119075,48,3,45,2024-12-19 04:55:16
500109053,48,1,47,2024-12-19 06:46:15
500104077,48,8,38,2024-12-19 00:15:15
500111069,48,18,29,2024-12-19 00:07:15
500119075,48,0,48,2024-12-19 00:03:16
500111069,48,33,12,2024-12-19 23:58:14
500111069,48,32,13,2024-12-19 22:51:15
500110021,48,35,13,2024-12-19 23:16:15
500109031,48,15,32,2024-12-19 22:23:14
500111069,48,32,13,2024-12-19 22:38:15
500109053,48,26,21,2024-12-19 22:04:15
500119075,48,0,48,2024-12-19 21:59:16
500119075,48,0,48,2024-12-19 01:44:14
500119070,48,44,4,2024-12-19 22:46:15
500119075,48,2,46,2024-12-19 23:07:14
500109053,48,26,21,2024-12-19 22:18:14
500119070,48,48,0,2024-12-19 22:19:15
500109053,48,24,23,2024-12-19 22:59:15
500119075,48,0,48,2024-12-19 02:07:16
500119075,48,2,46,2024-12-19 01:37:14
500112011,48,40,2,2024-12-19 10:57:15
500112011,48,37,5,2024-12-19 12:58:15
500104077,48,34,12,2024-12-19 10:22:16
500110021,48,34,14,2024-12-19 11:36:15
500119057,48,33,15,2024-12-19 09:37:15
500119057,48,32,16,2024-12-19 09:47:15
500119057,48,29,19,2024-12-19 11:57:16
500119075,48,19,22,2024-12-19 09:08:15
500104077,48,23,23,2024-12-19 09:31:15
500111023,48,18,29,2024-12-19 09:42:15
500119057,48,13,35,2024-12-19 13:08:15
500111069,48,12,36,2024-12-19 12:17:16
500111069,48,11,37,2024-12-19 11:05:17
500111069,48,10,38,2024-12-19 12:46:15
500107036,48,7,40,2024-12-19 10:28:15
500107036,48,6,42,2024-12-19 11:58:16
500111069,48,2,45,2024-12-19 10:03:15
500119070,48,1,46,2024-12-19 13:07:15
500109053,48,1,47,2024-12-19 10:01:16
500111069,48,0,47,2024-12-19 10:14:14
500119070,48,48,0,2024-12-19 18:53:15
500119070,48,46,2,2024-12-19 20:59:15
500111069,48,38,7,2024-12-19 19:35:16
500111069,48,37,8,2024-12-19 19:15:16
500111069,48,39,9,2024-12-19 18:08:16
500109031,48,22,25,2024-12-19 20:34:15
500109031,48,20,27,2024-12-19 20:58:15
500109031,48,19,28,2024-12-19 20:05:16
500111023,48,19,29,2024-12-19 21:19:16
500109031,48,17,30,2024-12-19 21:20:16
500119057,48,16,32,2024-12-19 17:38:16
500112011,48,13,34,2024-12-19 19:47:15
500104009,48,11,36,2024-12-19 19:53:15
500104009,48,9,38,2024-12-19 21:19:16
500112011,48,9,38,2024-12-19 20:13:15
500104077,48,8,40,2024-12-19 20:33:15
500119057,48,4,44,2024-12-19 19:57:14
500119075,48,1,47,2024-12-19 19:59:16
500119075,48,0,48,2024-12-19 19:38:15
500110021,48,46,2,2024-12-19 16:45:17
500112011,48,38,4,2024-12-19 14:13:15
500112011,48,37,5,2024-12-19 13:44:15
500109031,48,38,9,2024-12-19 16:35:15
500104077,48,36,12,2024-12-19 15:17:16
500109031,48,35,12,2024-12-19 16:15:16
500104077,48,35,13,2024-12-19 16:32:15
500119075,48,22,13,2024-12-19 16:18:15
500109031,48,32,15,2024-12-19 15:38:15
500104009,48,23,23,2024-12-19 13:15:15
500109053,48,22,26,2024-12-19 16:31:15
500111023,48,22,26,2024-12-19 16:15:16
500104077,48,21,27,2024-12-19 17:18:16
500107036,48,17,31,2024-12-19 16:47:15
500107036,48,17,31,2024-12-19 14:37:14
500109053,48,17,31,2024-12-19 15:41:15
500104009,48,14,32,2024-12-19 16:36:15
500107036,48,16,32,2024-12-19 15:08:15
500119057,48,16,32,2024-12-19 14:28:15
500119057,48,15,33,2024-12-19 15:02:15
500119057,48,15,33,2024-12-19 15:25:15
500119057,48,15,33,2024-12-19 14:33:16
500119057,48,14,34,2024-12-19 15:16:15
500107036,48,12,36,2024-12-19 14:08:15
500111069,48,12,36,2024-12-19 15:13:16
500111069,48,9,39,2024-12-19 15:57:15
500119070,48,6,42,2024-12-19 16:28:15
500111069,48,36,9,2024-12-19 21:48:16
500107036,48,34,13,2024-12-19 05:46:14
500111069,48,30,16,2024-12-19 08:03:15
500111023,48,30,17,2024-12-19 06:05:16
500111069,48,28,18,2024-12-19 05:43:14
500107036,48,27,20,2024-12-19 06:47:15
500119070,48,23,24,2024-12-19 06:42:15
500104009,48,21,26,2024-12-19 08:33:16
500119070,48,17,30,2024-12-19 07:35:16
500104009,48,16,31,2024-12-19 06:54:16
500112011,48,12,35,2024-12-19 08:27:16
500112011,48,12,35,2024-12-19 07:37:15
500104009,48,9,38,2024-12-19 07:47:15
500107036,48,8,39,2024-12-19 08:02:15
500119075,48,7,39,2024-12-19 08:17:15
500112011,48,6,41,2024-12-19 06:47:15
500119075,48,4,44,2024-12-19 06:47:15
500109053,48,3,45,2024-12-19 06:35:15
500119070,48,2,45,2024-12-19 08:14:16
500119070,48,0,47,2024-12-19 08:48:15
500109053,48,2,46,2024-12-19 00:17:15
500111023,48,44,4,2024-12-19 00:06:15
500104009,48,15,32,2024-12-19 00:37:15
500112011,48,1,46,2024-12-19 23:15:15
500119070,48,33,15,2024-12-19 23:19:15
500119070,48,47,1,2024-12-19 22:38:16
500119057,48,3,45,2024-12-19 21:16:15
500111069,48,29,17,2024-12-19 03:48:15
500109031,48,17,30,2024-12-19 21:57:15
500109053,48,21,26,2024-12-19 23:41:14
500119075,48,2,46,2024-12-19 22:49:15
500110021,48,34,14,2024-12-19 22:56:15
500109053,48,25,22,2024-12-19 22:25:15
500119075,48,34,1,2024-12-19 11:57:16
500119075,48,34,1,2024-12-19 12:19:16
500112011,48,39,3,2024-12-19 11:35:17
500112011,48,38,4,2024-12-19 11:22:15
500104077,48,40,6,2024-12-19 11:11:15
500112011,48,36,6,2024-12-19 12:45:16
500112011,48,36,6,2024-12-19 10:33:15
500109031,48,38,9,2024-12-19 10:58:16
500112011,48,32,10,2024-12-19 12:05:17
500112011,48,32,10,2024-12-19 12:17:16
500119057,48,35,13,2024-12-19 10:07:15
500110021,48,32,16,2024-12-19 12:27:15
500110021,48,30,18,2024-12-19 09:55:17
500104077,48,26,20,2024-12-19 09:41:15
500119075,48,21,20,2024-12-19 09:06:15
500104009,48,25,22,2024-12-19 09:44:15
500104009,48,25,22,2024-12-19 10:54:15
500119057,48,26,22,2024-12-19 12:08:15
500104009,48,24,23,2024-12-19 11:18:16
500119057,48,24,24,2024-12-19 09:06:15
500104009,48,22,25,2024-12-19 10:09:15
500104009,48,20,26,2024-12-19 13:06:14
500111023,48,17,30,2024-12-19 09:33:15
500111023,48,17,30,2024-12-19 10:17:16
500109053,48,13,34,2024-12-19 12:38:15
500111069,48,11,37,2024-12-19 12:34:14
500119070,48,8,39,2024-12-19 12:08:15
500119070,48,8,39,2024-12-19 10:51:16
500109053,48,7,41,2024-12-19 09:02:15
500109053,48,7,41,2024-12-19 10:28:15
500119070,48,0,47,2024-12-19 10:28:15
500110021,48,45,3,2024-12-19 17:48:14
500110021,48,40,8,2024-12-19 20:29:15
500110021,48,40,8,2024-12-19 18:38:15
500110021,48,39,9,2024-12-19 20:13:15
500111069,48,37,9,2024-12-19 18:58:15
500107036,48,35,13,2024-12-19 17:57:15
500109031,48,29,18,2024-12-19 18:33:16
500119070,48,28,20,2024-12-19 17:38:16
500107036,48,26,22,2024-12-19 18:48:15
500109031,48,25,22,2024-12-19 19:19:15
500109053,48,24,23,2024-12-19 18:58:16
500109031,48,21,26,2024-12-19 20:47:15
500109053,48,21,26,2024-12-19 19:47:15
500107036,48,20,28,2024-12-19 18:18:16
500111023,48,19,28,2024-12-19 19:46:15
500111023,48,19,29,2024-12-19 20:33:16
500104077,48,17,31,2024-12-19 17:38:16
500119075,48,15,33,2024-12-19 20:46:16
500104009,48,12,35,2024-12-19 19:39:15
500119057,48,12,36,2024-12-19 18:15:17
500104009,48,8,39,2024-12-19 18:55:17
500119057,48,4,44,2024-12-19 19:37:16
500119075,48,4,44,2024-12-19 18:28:16
500119057,48,3,45,2024-12-19 20:30:17
500119075,48,3,45,2024-12-19 18:58:16
500119075,48,1,47,2024-12-19 19:17:14
500119075,48,0,48,2024-12-19 20:13:15
500119075,48,33,2,2024-12-19 14:27:14
500110021,48,44,4,2024-12-19 16:13:15
500112011,48,33,9,2024-12-19 16:05:16
500112011,48,33,9,2024-12-19 15:36:15
500112011,48,31,11,2024-12-19 15:44:15
500109031,48,34,13,2024-12-19 15:48:15
500112011,48,29,13,2024-12-19 17:06:16
500104009,48,20,26,2024-12-19 14:30:16
500119075,48,8,27,2024-12-19 16:58:15
500109053,48,17,31,2024-12-19 15:11:15
500119057,48,17,31,2024-12-19 16:01:15
500104009,48,14,32,2024-12-19 15:41:15
500107036,48,16,32,2024-12-19 14:57:15
500119057,48,16,32,2024-12-19 17:08:16
500119057,48,15,33,2024-12-19 14:17:15
500104009,48,12,34,2024-12-19 16:25:16
500111023,48,10,37,2024-12-19 16:58:15
500111069,48,10,38,2024-12-19 16:27:15
500111023,48,8,39,2024-12-19 16:47:15
500119070,48,1,46,2024-12-19 14:28:16
500107036,48,35,12,2024-12-19 05:59:14
500119075,48,28,13,2024-12-19 08:57:14
500109031,48,33,14,2024-12-19 08:47:15
500109031,48,32,15,2024-12-19 08:56:16
500111069,48,30,16,2024-12-19 07:47:15
500111023,48,27,20,2024-12-19 06:45:15
500107036,48,25,22,2024-12-19 07:37:15
500104009,48,23,24,2024-12-19 08:52:15
500104077,48,20,26,2024-12-19 08:42:15
500104077,48,19,27,2024-12-19 08:26:15
500119057,48,20,28,2024-12-19 08:03:15
500111023,48,16,31,2024-12-19 08:15:16
500110021,48,15,33,2024-12-19 07:47:15
500119075,48,14,34,2024-12-19 07:24:15
500111023,48,12,35,2024-12-19 08:34:15
500112011,48,12,35,2024-12-19 08:02:15
500119057,48,12,36,2024-12-19 07:17:14
500109053,48,6,42,2024-12-19 08:57:15
500109053,48,6,42,2024-12-19 06:27:15
500107036,48,2,45,2024-12-19 08:36:15
500109053,48,3,45,2024-12-19 06:56:15
500111069,48,1,45,2024-12-19 08:47:15
500110021,48,2,46,2024-12-19 05:27:15
500119070,48,1,46,2024-12-19 08:37:15
500119075,48,1,47,2024-12-19 06:10:17
500119070,48,35,13,2024-12-19 23:25:16
500119070,48,16,32,2024-12-19 00:11:14
500111069,48,34,11,2024-12-19 23:42:15
500107036,48,22,26,2024-12-19 00:45:15
500109031,48,14,33,2024-12-19 23:11:15
500119075,48,0,48,2024-12-19 23:19:15
500104009,48,12,35,2024-12-19 22:17:15
500112011,48,2,45,2024-12-19 22:36:15
500107036,48,17,31,2024-12-19 21:39:15
500111023,48,30,18,2024-12-19 01:31:15
500111023,48,21,27,2024-12-19 22:02:16
500110021,48,35,13,2024-12-19 22:06:15
500107036,48,8,40,2024-12-19 21:59:15
500111069,48,35,10,2024-12-19 21:51:15
500110021,48,0,48,2024-12-19 02:47:15
500119070,48,22,26,2024-12-19 02:33:15
500119075,48,1,47,2024-12-19 02:19:15
500111023,48,23,25,2024-12-19 23:08:15
500119070,48,28,20,2024-12-19 23:02:14
500119070,48,48,0,2024-12-19 22:21:16
500104077,48,4,44,2024-12-19 23:30:16
500109053,48,25,22,2024-12-19 23:32:15
500104077,48,39,7,2024-12-19 11:05:17
500109031,48,39,8,2024-12-19 12:27:15
500112011,48,34,8,2024-12-19 09:55:17
500109031,48,38,9,2024-12-19 11:27:15
500119075,48,25,10,2024-12-19 10:18:15
500119075,48,24,11,2024-12-19 10:38:15
500110021,48,34,14,2024-12-19 10:24:14
500119057,48,34,14,2024-12-19 11:31:15
500112011,48,30,17,2024-12-19 09:07:15
500111023,48,19,29,2024-12-19 12:36:15
500111023,48,16,32,2024-12-19 10:38:15
500119057,48,15,33,2024-12-19 12:28:15
500109053,48,13,34,2024-12-19 11:44:15
500119070,48,12,35,2024-12-19 10:37:16
500111069,48,9,39,2024-12-19 12:53:15
500109053,48,7,40,2024-12-19 11:18:16
500109053,48,7,41,2024-12-19 09:35:16
500119070,48,2,45,2024-12-19 12:27:15
500107036,48,21,27,2024-12-19 02:31:14
500119070,48,47,1,2024-12-19 19:05:16
500110021,48,43,5,2024-12-19 18:25:17
500111069,48,40,5,2024-12-19 19:46:15
500110021,48,42,6,2024-12-19 18:08:16
500112011,48,34,8,2024-12-19 17:37:16
500110021,48,39,9,2024-12-19 18:58:15
500111069,48,36,9,2024-12-19 21:19:15
500119070,48,38,10,2024-12-19 18:08:15
500109053,48,32,16,2024-12-19 17:37:16
500109031,48,29,18,2024-12-19 18:29:15
500109053,48,28,19,2024-12-19 20:56:15
500109031,48,27,20,2024-12-19 18:14:15
500109053,48,28,20,2024-12-19 17:48:15
500109031,48,26,21,2024-12-19 18:55:17
500109053,48,26,21,2024-12-19 20:26:16
500109053,48,26,21,2024-12-19 19:03:15
500109053,48,25,22,2024-12-19 18:46:15
500107036,48,21,27,2024-12-19 17:26:15
500109053,48,20,27,2024-12-19 19:16:15
500109031,48,19,28,2024-12-19 21:03:15
500107036,48,19,29,2024-12-19 18:29:16
500109031,48,18,29,2024-12-19 19:48:15
500111023,48,18,29,2024-12-19 19:35:16
500119075,48,19,29,2024-12-19 17:59:15
500111023,48,16,31,2024-12-19 19:01:15
500111023,48,14,33,2024-12-19 18:56:15
500119057,48,14,34,2024-12-19 18:05:16
500104009,48,11,36,2024-12-19 20:35:16
500112011,48,11,36,2024-12-19 20:01:15
500111023,48,9,38,2024-12-19 18:29:15
500112011,48,8,39,2024-12-19 20:47:15
500107036,48,8,40,2024-12-19 20:13:15
500111023,48,6,41,2024-12-19 18:07:16
500119075,48,7,41,2024-12-19 20:59:15
500104009,48,3,43,2024-12-19 18:17:15
500119057,48,4,44,2024-12-19 19:47:15
500119075,48,0,48,2024-12-19 21:19:15
500119075,48,35,0,2024-12-19 14:12:15
500112011,48,36,6,2024-12-19 15:04:14
500112011,48,35,7,2024-12-19 15:15:16
500112011,48,32,10,2024-12-19 16:14:15
500109031,48,36,11,2024-12-19 16:46:15
500112011,48,31,11,2024-12-19 16:24:15
500104077,48,36,12,2024-12-19 16:43:15
500119075,48,23,12,2024-12-19 16:08:16
500109031,48,34,13,2024-12-19 14:09:16
500119075,48,20,15,2024-12-19 16:28:15
500119075,48,19,16,2024-12-19 15:28:14
500107036,48,21,27,2024-12-19 15:48:15
500119057,48,18,30,2024-12-19 15:56:15
500109053,48,16,31,2024-12-19 13:31:15
500109053,48,17,31,2024-12-19 14:52:16
500104009,48,14,32,2024-12-19 16:43:15
500109053,48,15,32,2024-12-19 13:18:15
500104009,48,13,33,2024-12-19 15:59:15
500111023,48,15,33,2024-12-19 16:38:15
500119057,48,12,36,2024-12-19 13:27:15
500111069,48,11,37,2024-12-19 17:08:16
500111069,48,10,38,2024-12-19 13:46:16
500119070,48,2,45,2024-12-19 15:08:15
500119070,48,0,47,2024-12-19 14:06:15
500107036,48,34,13,2024-12-19 05:35:15
500110021,48,33,15,2024-12-19 08:54:15
500111069,48,31,15,2024-12-19 06:26:14
500111069,48,29,17,2024-12-19 06:12:15
500111069,48,27,19,2024-12-19 07:17:14
500104009,48,23,24,2024-12-19 08:44:16
500104009,48,21,26,2024-12-19 08:27:16
500104009,48,21,26,2024-12-19 06:23:15
500111023,48,20,27,2024-12-19 07:36:15
500119075,48,19,29,2024-12-19 07:36:15
500111069,48,15,31,2024-12-19 08:54:15
500109031,48,14,33,2024-12-19 06:56:15
500109031,48,11,36,2024-12-19 06:15:16
500119070,48,11,36,2024-12-19 07:57:16
500104077,48,2,44,2024-12-19 05:58:15
500109053,48,2,46,2024-12-19 08:03:15
500119075,48,0,48,2024-12-19 05:37:15
500119075,48,0,48,2024-12-19 00:31:15
500104077,48,7,39,2024-12-19 00:02:15
500119057,48,2,46,2024-12-19 00:18:14
500109101,50,6,43,2024-12-19 22:10:17
500104008,50,25,25,2024-12-19 22:25:16
500108054,50,7,42,2024-12-19 01:10:16
500113022,50,15,35,2024-12-19 01:00:17
500113022,50,6,44,2024-12-19 23:14:15
500107064,50,43,7,2024-12-19 23:04:15
500107064,50,39,11,2024-12-19 21:58:15
500101131,50,8,42,2024-12-19 23:59:15
500101115,50,0,49,2024-12-19 22:10:19
500103052,50,37,13,2024-12-19 22:18:14
500101024,50,1,48,2024-12-19 22:25:17
500101041,50,24,26,2024-12-19 22:23:14
500101100,50,33,17,2024-12-19 22:22:15
500104087,50,25,25,2024-12-19 22:55:16
500104087,50,38,12,2024-12-19 23:20:16
500104004,50,33,1,2024-12-19 01:26:15
500101131,50,49,0,2024-12-19 12:27:15
500113022,50,42,1,2024-12-19 10:16:15
500104008,50,44,6,2024-12-19 11:03:15
500101115,50,38,10,2024-12-19 11:48:15
500101115,50,38,10,2024-12-19 10:35:16
500104008,50,39,11,2024-12-19 11:55:18
500101024,50,34,16,2024-12-19 10:59:15
500113022,50,24,19,2024-12-19 10:28:15
500106057,50,26,23,2024-12-19 10:50:15
500108054,50,26,23,2024-12-19 11:57:16
500101100,50,25,25,2024-12-19 09:00:18
500103052,50,25,25,2024-12-19 12:08:15
500107064,50,25,25,2024-12-19 09:22:15
500101100,50,24,26,2024-12-19 09:24:15
500101100,50,24,26,2024-12-19 11:31:15
500101100,50,23,27,2024-12-19 11:59:16
500107064,50,23,27,2024-12-19 12:41:15
500107064,50,23,27,2024-12-19 11:03:15
500108054,50,22,27,2024-12-19 08:55:16
500103052,50,22,28,2024-12-19 10:52:15
500104004,50,22,28,2024-12-19 09:56:15
500101100,50,21,29,2024-12-19 12:37:15
500113022,50,11,32,2024-12-19 10:33:15
500104087,50,17,33,2024-12-19 11:00:18
500113022,50,8,35,2024-12-19 10:49:16
500104087,50,12,38,2024-12-19 09:37:15
500107051,50,10,40,2024-12-19 12:53:14
500109101,50,9,40,2024-12-19 10:30:16
500113023,50,9,41,2024-12-19 11:28:16
500113043,50,8,42,2024-12-19 10:36:14
500107051,50,6,44,2024-12-19 10:58:16
500105008,50,3,47,2024-12-19 09:47:15
500107051,50,3,47,2024-12-19 12:14:16
500113043,50,3,47,2024-12-19 12:15:16
500101041,50,2,48,2024-12-19 09:25:16
500101041,50,2,48,2024-12-19 09:37:15
500113043,50,2,48,2024-12-19 12:08:15
500101041,50,1,49,2024-12-19 09:40:16
500103052,50,40,10,2024-12-19 18:48:15
500104004,50,38,12,2024-12-19 18:08:16
500106057,50,37,12,2024-12-19 20:05:16
500106057,50,34,15,2024-12-19 21:05:15
500107064,50,32,18,2024-12-19 19:07:15
500104008,50,31,19,2024-12-19 18:18:15
500108054,50,27,22,2024-12-19 18:21:16
500101041,50,26,24,2024-12-19 21:20:16
500104004,50,26,24,2024-12-19 19:43:15
500104008,50,26,24,2024-12-19 18:26:16
500101041,50,25,25,2024-12-19 18:48:15
500101115,50,23,26,2024-12-19 19:46:15
500104008,50,24,26,2024-12-19 20:12:15
500104008,50,24,26,2024-12-19 19:19:15
500101100,50,22,28,2024-12-19 17:58:16
500101100,50,21,29,2024-12-19 17:38:16
500104008,50,21,29,2024-12-19 18:45:16
500101041,50,20,30,2024-12-19 17:27:16
500104087,50,19,31,2024-12-19 19:20:17
500101115,50,17,32,2024-12-19 18:06:15
500113023,50,18,32,2024-12-19 20:05:15
500113043,50,16,34,2024-12-19 19:59:16
500105008,50,14,36,2024-12-19 18:38:16
500113043,50,13,37,2024-12-19 18:27:15
500101131,50,12,38,2024-12-19 18:28:16
500101131,50,7,43,2024-12-19 19:18:15
500101131,50,7,43,2024-12-19 19:43:15
500101024,50,3,46,2024-12-19 19:16:15
500101024,50,3,46,2024-12-19 18:26:15
500113022,50,4,46,2024-12-19 19:42:14
500113022,50,4,46,2024-12-19 21:17:15
500101131,50,3,47,2024-12-19 20:57:16
500113022,50,3,47,2024-12-19 20:09:15
500107051,50,1,49,2024-12-19 19:05:16
500101115,50,47,1,2024-12-19 14:15:17
500101131,50,47,3,2024-12-19 16:18:16
500101024,50,44,5,2024-12-19 15:12:15
500101131,50,45,5,2024-12-19 16:24:15
500101131,50,44,6,2024-12-19 15:32:15
500101024,50,42,7,2024-12-19 15:38:15
500101024,50,40,9,2024-12-19 15:46:16
500113022,50,36,11,2024-12-19 16:18:16
500104008,50,38,12,2024-12-19 15:51:15
500104004,50,35,15,2024-12-19 16:44:15
500101024,50,33,16,2024-12-19 17:18:16
500103052,50,32,18,2024-12-19 16:44:15
500106057,50,31,18,2024-12-19 17:18:16
500108054,50,31,18,2024-12-19 16:56:15
500103052,50,31,19,2024-12-19 14:38:15
500108054,50,28,21,2024-12-19 13:38:15
500113022,50,29,21,2024-12-19 16:28:14
500104004,50,28,22,2024-12-19 13:43:14
500104087,50,25,25,2024-12-19 15:47:14
500101100,50,23,27,2024-12-19 16:41:15
500105008,50,23,27,2024-12-19 15:41:15
500101100,50,22,28,2024-12-19 16:23:15
500101100,50,22,28,2024-12-19 16:58:15
500101100,50,21,29,2024-12-19 13:59:14
500101100,50,20,30,2024-12-19 15:17:15
500105008,50,20,30,2024-12-19 16:24:15
500101100,50,18,32,2024-12-19 15:42:15
500104087,50,18,32,2024-12-19 16:55:17
500101041,50,16,34,2024-12-19 17:08:15
500101041,50,14,36,2024-12-19 16:47:15
500104087,50,14,36,2024-12-19 16:40:16
500113022,50,14,36,2024-12-19 17:15:17
500107051,50,11,39,2024-12-19 13:25:15
500113023,50,10,40,2024-12-19 16:28:15
500105008,50,8,42,2024-12-19 15:00:17
500101041,50,2,48,2024-12-19 15:08:14
500101041,50,2,48,2024-12-19 14:07:15
500101024,50,2,47,2024-12-19 21:48:17
500107064,50,44,6,2024-12-19 05:53:15
500101115,50,34,15,2024-12-19 08:56:16
500113043,50,29,21,2024-12-19 05:28:14
500113043,50,29,21,2024-12-19 07:25:15
500101100,50,28,22,2024-12-19 07:35:15
500104008,50,28,22,2024-12-19 08:42:15
500113022,50,26,24,2024-12-19 07:47:15
500101100,50,25,25,2024-12-19 06:45:16
500101100,50,24,26,2024-12-19 06:29:15
500101041,50,20,30,2024-12-19 06:14:15
500103052,50,18,32,2024-12-19 08:50:16
500107051,50,18,32,2024-12-19 08:56:16
500103052,50,16,34,2024-12-19 08:04:15
500103052,50,16,34,2024-12-19 07:54:15
500103052,50,15,35,2024-12-19 08:26:15
500103052,50,15,35,2024-12-19 07:43:15
500113023,50,15,35,2024-12-19 06:35:14
500101115,50,14,36,2024-12-19 06:50:16
500104087,50,14,36,2024-12-19 07:23:15
500105008,50,13,36,2024-12-19 07:57:16
500104087,50,13,37,2024-12-19 07:56:15
500101131,50,9,40,2024-12-19 07:17:14
500105008,50,9,40,2024-12-19 08:26:15
500101131,50,8,41,2024-12-19 07:27:15
500107051,50,9,41,2024-12-19 06:30:16
500113023,50,9,41,2024-12-19 08:31:16
500113023,50,8,42,2024-12-19 08:57:15
500101041,50,4,46,2024-12-19 08:35:16
500101131,50,2,47,2024-12-19 05:04:15
500101024,50,1,49,2024-12-19 06:56:15
500104004,50,0,50,2024-12-19 08:34:16
500106057,50,32,17,2024-12-19 00:01:15
500113022,50,14,36,2024-12-19 00:06:15
500113043,50,23,27,2024-12-19 00:35:16
500101041,50,23,27,2024-12-19 23:32:15
500104004,50,42,5,2024-12-19 23:57:15
500103052,50,15,35,2024-12-19 00:44:15
500104087,50,36,14,2024-12-19 23:19:15
500113022,50,4,46,2024-12-19 22:25:16
500106057,50,33,16,2024-12-19 22:26:15
500113022,50,8,42,2024-12-19 21:39:15
500101131,50,1,48,2024-12-19 02:05:16
500103052,50,13,37,2024-12-19 02:46:14
500113022,50,4,46,2024-12-19 03:25:15
500105008,50,14,36,2024-12-19 21:58:14
500104087,50,15,35,2024-12-19 21:45:15
500101041,50,25,25,2024-12-19 22:04:15
500103052,50,40,10,2024-12-19 21:54:14
500113043,50,34,16,2024-12-19 03:26:14
500113022,50,16,34,2024-12-19 01:43:15
500104004,50,45,5,2024-12-19 22:44:15
500113023,50,16,34,2024-12-19 22:58:15
500101131,50,49,0,2024-12-19 12:54:15
500113022,50,40,3,2024-12-19 09:56:16
500104008,50,43,7,2024-12-19 10:54:15
500101115,50,40,8,2024-12-19 10:07:16
500101024,50,37,12,2024-12-19 13:07:15
500104008,50,38,12,2024-12-19 10:17:16
500101115,50,36,13,2024-12-19 09:37:15
500106057,50,36,13,2024-12-19 12:42:15
500101131,50,35,14,2024-12-19 09:26:15
500106057,50,35,14,2024-12-19 12:34:14
500101024,50,35,15,2024-12-19 10:58:16
500113022,50,26,17,2024-12-19 12:14:16
500104004,50,27,23,2024-12-19 12:08:15
500108054,50,26,23,2024-12-19 09:59:16
500108054,50,25,24,2024-12-19 11:47:16
500104004,50,25,25,2024-12-19 10:25:16
500101100,50,24,26,2024-12-19 10:17:16
500104087,50,23,27,2024-12-19 12:55:16
500103052,50,21,29,2024-12-19 10:36:14
500101024,50,19,31,2024-12-19 09:34:15
500107064,50,19,31,2024-12-19 12:07:15
500103052,50,18,32,2024-12-19 09:04:15
500104087,50,16,34,2024-12-19 10:27:16
500104087,50,12,38,2024-12-19 09:25:16
500104087,50,10,40,2024-12-19 08:59:15
500107051,50,10,40,2024-12-19 10:18:15
500109101,50,9,40,2024-12-19 11:04:15
500105008,50,8,42,2024-12-19 11:22:16
500105008,50,8,42,2024-12-19 11:47:16
500105008,50,7,43,2024-12-19 12:24:16
500105008,50,7,43,2024-12-19 11:55:18
500107051,50,7,43,2024-12-19 10:27:16
500105008,50,6,44,2024-12-19 12:30:16
500107051,50,5,45,2024-12-19 11:55:18
500104004,50,46,4,2024-12-19 17:48:15
500104004,50,40,10,2024-12-19 17:28:15
500106057,50,38,11,2024-12-19 19:38:15
500107064,50,39,11,2024-12-19 20:01:15
500107064,50,38,12,2024-12-19 19:46:15
500107064,50,35,15,2024-12-19 19:35:16
500106057,50,32,17,2024-12-19 18:55:17
500101041,50,29,21,2024-12-19 19:33:15
500108054,50,28,21,2024-12-19 19:55:16
500101041,50,28,22,2024-12-19 20:12:15
500101041,50,28,22,2024-12-19 19:29:15
500101100,50,28,22,2024-12-19 21:09:16
500106057,50,27,22,2024-12-19 18:04:16
500108054,50,27,22,2024-12-19 20:03:15
500101100,50,27,23,2024-12-19 20:58:15
500104008,50,26,24,2024-12-19 19:00:18
500104008,50,25,25,2024-12-19 19:48:14
500101041,50,24,26,2024-12-19 17:59:15
500104008,50,24,26,2024-12-19 19:26:15
500101100,50,23,27,2024-12-19 18:28:16
500101115,50,22,27,2024-12-19 17:26:15
500107064,50,21,29,2024-12-19 17:42:15
500101024,50,18,31,2024-12-19 17:38:16
500101115,50,17,32,2024-12-19 19:05:16
500104087,50,18,32,2024-12-19 17:55:17
500104087,50,18,32,2024-12-19 18:34:15
500113023,50,18,32,2024-12-19 17:46:14
500113023,50,18,32,2024-12-19 19:02:16
500104087,50,17,33,2024-12-19 18:13:16
500101115,50,15,34,2024-12-19 18:48:15
500101131,50,14,36,2024-12-19 18:18:16
500113022,50,14,36,2024-12-19 17:59:15
500105008,50,13,37,2024-12-19 18:46:15
500113043,50,9,41,2024-12-19 17:38:16
500101131,50,7,43,2024-12-19 19:04:15
500101024,50,5,44,2024-12-19 17:59:15
500101024,50,4,45,2024-12-19 18:17:15
500107051,50,5,45,2024-12-19 21:08:15
500107051,50,2,48,2024-12-19 19:23:15
500101115,50,49,0,2024-12-19 15:57:15
500101115,50,46,3,2024-12-19 15:24:15
500101131,50,44,6,2024-12-19 15:07:15
500104008,50,37,13,2024-12-19 13:59:14
500104008,50,37,13,2024-12-19 14:40:15
500106057,50,32,17,2024-12-19 15:44:14
500113022,50,29,18,2024-12-19 16:02:15
500104004,50,31,19,2024-12-19 14:25:16
500104004,50,30,20,2024-12-19 14:56:14
500107064,50,23,27,2024-12-19 15:08:14
500101100,50,19,31,2024-12-19 15:50:16
500101041,50,14,36,2024-12-19 16:55:17
500113023,50,11,39,2024-12-19 16:18:16
500107051,50,10,40,2024-12-19 16:12:15
500113043,50,9,41,2024-12-19 16:26:15
500101041,50,7,43,2024-12-19 15:47:15
500101041,50,6,44,2024-12-19 15:33:15
500113043,50,6,44,2024-12-19 17:08:16
500107064,50,47,3,2024-12-19 05:44:15
500104004,50,31,7,2024-12-19 06:16:15
500107064,50,37,13,2024-12-19 07:25:15
500104004,50,20,18,2024-12-19 06:46:15
500107064,50,29,21,2024-12-19 08:15:16
500104004,50,17,22,2024-12-19 07:37:15
500113022,50,28,22,2024-12-19 07:57:16
500104004,50,13,25,2024-12-19 06:56:15
500104008,50,24,26,2024-12-19 08:16:15
500113043,50,24,26,2024-12-19 07:45:16
500101024,50,22,28,2024-12-19 08:33:16
500108054,50,18,31,2024-12-19 08:32:15
500103052,50,18,32,2024-12-19 08:33:16
500101041,50,16,34,2024-12-19 07:36:15
500107051,50,16,34,2024-12-19 07:22:15
500108054,50,14,35,2024-12-19 08:26:14
500113023,50,15,35,2024-12-19 05:19:14
500104087,50,14,36,2024-12-19 08:16:15
500101115,50,13,37,2024-12-19 06:46:15
500104087,50,12,38,2024-12-19 07:13:15
500107051,50,12,38,2024-12-19 06:53:15
500101115,50,11,39,2024-12-19 05:31:14
500113023,50,11,39,2024-12-19 08:17:15
500104087,50,10,40,2024-12-19 06:44:14
500107051,50,8,42,2024-12-19 06:12:15
500113022,50,8,42,2024-12-19 06:26:14
500113022,50,4,46,2024-12-19 07:17:14
500113022,50,4,46,2024-12-19 07:24:15
500101024,50,0,50,2024-12-19 06:27:15
500104004,50,40,9,2024-12-19 23:28:15
500101041,50,4,46,2024-12-19 00:03:15
500101115,50,6,44,2024-12-19 00:25:16
500104087,50,5,45,2024-12-19 00:05:15
500113022,50,16,34,2024-12-19 00:28:14
500104087,50,37,13,2024-12-19 23:45:16
500104008,50,12,38,2024-12-19 00:48:14
500107064,50,47,3,2024-12-19 00:01:14
500107064,50,46,4,2024-12-19 00:28:14
500101131,50,1,49,2024-12-19 22:33:15
500113023,50,16,34,2024-12-19 22:33:15
500101100,50,33,17,2024-12-19 22:36:15
500113023,50,14,36,2024-12-19 04:13:15
500113043,50,18,32,2024-12-19 21:41:15
500108054,50,26,23,2024-12-19 22:05:16
500103052,50,39,11,2024-12-19 22:02:16
500113023,50,16,34,2024-12-19 23:50:15
500101115,50,10,40,2024-12-19 01:51:14
500101115,50,8,42,2024-12-19 04:29:15
500104087,50,28,22,2024-12-19 23:03:15
500101131,50,46,3,2024-12-19 12:06:15
500113022,50,39,4,2024-12-19 09:19:15
500104008,50,45,5,2024-12-19 11:15:15
500104008,50,40,10,2024-12-19 10:48:15
500101115,50,37,11,2024-12-19 10:18:15
500101115,50,37,11,2024-12-19 10:48:15
500104008,50,36,14,2024-12-19 10:06:15
500106057,50,34,15,2024-12-19 12:23:16
500104008,50,34,16,2024-12-19 09:45:15
500101024,50,33,17,2024-12-19 11:18:16
500113022,50,26,17,2024-12-19 12:05:16
500101024,50,32,18,2024-12-19 10:34:15
500101115,50,30,18,2024-12-19 12:17:16
500103052,50,30,20,2024-12-19 12:37:15
500106057,50,28,21,2024-12-19 11:12:16
500108054,50,26,23,2024-12-19 11:35:17
500101100,50,23,27,2024-12-19 09:58:15
500104004,50,23,27,2024-12-19 09:47:15
500104004,50,21,29,2024-12-19 09:06:15
500107064,50,21,29,2024-12-19 12:21:15
500107064,50,21,29,2024-12-19 11:43:15
500107064,50,21,29,2024-12-19 10:55:17
500104087,50,18,32,2024-12-19 10:47:16
500107064,50,18,32,2024-12-19 10:08:15
500103052,50,17,33,2024-12-19 10:00:18
500113022,50,7,36,2024-12-19 10:43:16
500104087,50,13,37,2024-12-19 09:48:15
500107051,50,11,39,2024-12-19 10:04:16
500109101,50,8,41,2024-12-19 11:24:15
500113023,50,7,43,2024-12-19 10:00:18
500105008,50,5,45,2024-12-19 12:46:15
500113043,50,4,46,2024-12-19 10:51:16
500113043,50,0,50,2024-12-19 12:31:15
500106057,50,38,11,2024-12-19 20:10:17
500106057,50,37,12,2024-12-19 19:28:15
500106057,50,36,13,2024-12-19 19:16:15
500103052,50,36,14,2024-12-19 17:18:16
500101100,50,30,20,2024-12-19 21:15:16
500101041,50,27,23,2024-12-19 19:19:15
500101100,50,27,23,2024-12-19 20:18:15
500104008,50,26,24,2024-12-19 20:09:15
500108054,50,25,24,2024-12-19 18:48:15
500101041,50,23,27,2024-12-19 18:03:14
500104004,50,23,27,2024-12-19 19:29:15
500101115,50,19,30,2024-12-19 17:59:15
500104087,50,19,31,2024-12-19 20:09:15
500104087,50,19,31,2024-12-19 17:14:16
500113043,50,19,31,2024-12-19 20:45:16
500113043,50,19,31,2024-12-19 21:06:15
500104087,50,18,32,2024-12-19 20:44:15
500113023,50,18,32,2024-12-19 19:18:15
500101115,50,16,33,2024-12-19 18:36:16
500113043,50,17,33,2024-12-19 21:19:16
500113023,50,14,36,2024-12-19 21:03:15
500105008,50,12,38,2024-12-19 20:01:15
500105008,50,12,38,2024-12-19 19:15:16
500104004,50,10,40,2024-12-19 20:13:15
500104004,50,9,41,2024-12-19 20:09:15
500113022,50,5,45,2024-12-19 19:07:15
500107051,50,4,46,2024-12-19 18:37:15
500101024,50,1,48,2024-12-19 20:09:15
500101024,50,0,49,2024-12-19 19:49:15
500113022,50,1,49,2024-12-19 20:59:17
500101115,50,46,2,2024-12-19 14:21:14
500101131,50,42,8,2024-12-19 16:58:14
500104008,50,37,13,2024-12-19 16:06:15
500104008,50,37,13,2024-12-19 15:36:15
500104004,50,34,16,2024-12-19 16:37:15
500113022,50,31,16,2024-12-19 15:42:15
500106057,50,31,18,2024-12-19 16:14:15
500108054,50,31,18,2024-12-19 16:32:15
500108054,50,31,18,2024-12-19 14:58:15
500103052,50,31,19,2024-12-19 15:14:15
500108054,50,29,20,2024-12-19 14:48:15
500104004,50,29,21,2024-12-19 15:43:15
500104004,50,29,21,2024-12-19 16:18:16
500104087,50,24,26,2024-12-19 15:50:15
500104087,50,24,26,2024-12-19 15:18:15
500107064,50,21,29,2024-12-19 15:38:15
500107064,50,20,30,2024-12-19 16:51:15
500101100,50,19,31,2024-12-19 14:16:16
500104087,50,13,37,2024-12-19 16:27:16
500113023,50,11,39,2024-12-19 16:38:15
500113043,50,10,40,2024-12-19 14:56:14
500113022,50,50,0,2024-12-19 08:22:15
500113022,50,47,3,2024-12-19 08:16:15
500104004,50,33,5,2024-12-19 05:48:14
500104004,50,31,7,2024-12-19 06:01:14
500107064,50,37,13,2024-12-19 07:31:16
500101115,50,35,14,2024-12-19 07:36:15
500101115,50,35,14,2024-12-19 07:57:16
500104004,50,23,15,2024-12-19 06:36:14
500101115,50,29,20,2024-12-19 08:17:15
500106057,50,29,20,2024-12-19 06:43:15
500106057,50,28,21,2024-12-19 07:16:15
500106057,50,27,22,2024-12-19 08:31:16
500106057,50,26,23,2024-12-19 08:27:16
500101024,50,26,24,2024-12-19 08:46:15
500104008,50,26,24,2024-12-19 08:29:15
500101100,50,24,26,2024-12-19 04:48:15
500101131,50,22,27,2024-12-19 08:57:15
500107051,50,20,30,2024-12-19 07:46:15
500108054,50,19,30,2024-12-19 08:02:15
500101041,50,17,33,2024-12-19 08:03:14
500104004,50,6,33,2024-12-19 07:47:14
500101115,50,15,35,2024-12-19 06:37:14
500104008,50,14,36,2024-12-19 06:33:15
500103052,50,9,41,2024-12-19 06:35:15
500101024,50,8,42,2024-12-19 07:46:15
500108054,50,7,42,2024-12-19 06:45:16
500104004,50,2,48,2024-12-19 08:03:15
500101024,50,1,49,2024-12-19 06:58:17
500104004,50,0,50,2024-12-19 08:09:17
500103052,50,3,47,2024-12-19 00:07:16
500101024,50,0,49,2024-12-19 22:46:15
500103052,50,29,21,2024-12-19 23:53:15
500101115,50,2,47,2024-12-19 23:42:15
500101024,50,1,49,2024-12-19 00:12:15
500101131,50,2,47,2024-12-19 00:51:15
500101041,50,6,44,2024-12-19 00:58:14
500104087,50,6,44,2024-12-19 00:18:14
500107051,50,7,43,2024-12-19 00:56:14
500101115,50,9,41,2024-12-19 01:02:15
500104004,50,31,1,2024-12-19 01:13:15
500101115,50,4,45,2024-12-19 23:13:15
500113043,50,22,28,2024-12-19 23:14:15
500101100,50,29,21,2024-12-19 23:15:14
500103052,50,33,17,2024-12-19 23:05:15
500107064,50,42,8,2024-12-19 22:22:15
500104004,50,45,5,2024-12-19 22:39:15
500101024,50,0,49,2024-12-19 21:39:15
500104008,50,23,27,2024-12-19 21:32:15
500108054,50,26,23,2024-12-19 21:28:15
500105008,50,12,37,2024-12-19 02:08:15
500113043,50,20,30,2024-12-19 01:57:15
500113043,50,33,17,2024-12-19 03:55:15
500107064,50,46,4,2024-12-19 03:42:14
500101131,50,4,46,2024-12-19 22:09:15
500108054,50,24,25,2024-12-19 21:53:15
500104004,50,30,2,2024-12-19 01:03:15
500113022,50,4,46,2024-12-19 22:47:15
500104004,50,43,6,2024-12-19 23:09:15
500104004,50,43,7,2024-12-19 22:25:16
500113043,50,21,29,2024-12-19 22:55:16
500101131,50,1,49,2024-12-19 23:31:15
500101115,50,4,45,2024-12-19 23:24:15
500101131,50,47,2,2024-12-19 10:18:15
500101131,50,47,2,2024-12-19 11:08:15
500101115,50,43,5,2024-12-19 11:17:15
500113022,50,38,5,2024-12-19 09:36:14
500101115,50,38,10,2024-12-19 12:08:15
500104008,50,40,10,2024-12-19 11:25:15
500104008,50,35,15,2024-12-19 09:55:17
500101024,50,33,16,2024-12-19 12:40:17
500108054,50,29,20,2024-12-19 10:52:15
500101024,50,28,21,2024-12-19 12:27:15
500108054,50,28,21,2024-12-19 10:25:16
500103052,50,28,22,2024-12-19 12:19:16
500108054,50,27,22,2024-12-19 12:19:15
500101100,50,25,25,2024-12-19 10:39:16
500101100,50,24,26,2024-12-19 09:57:15
500103052,50,22,28,2024-12-19 11:29:15
500104087,50,17,33,2024-12-19 10:35:16
500101024,50,16,34,2024-12-19 09:09:15
500104087,50,16,34,2024-12-19 10:57:15
500113043,50,16,34,2024-12-19 09:05:16
500113022,50,7,36,2024-12-19 10:59:15
500109101,50,12,37,2024-12-19 09:41:15
500109101,50,11,38,2024-12-19 09:54:15
500113023,50,8,42,2024-12-19 10:13:15
500113023,50,7,43,2024-12-19 09:02:15
500107051,50,6,44,2024-12-19 11:37:15
500113023,50,6,44,2024-12-19 09:42:14
500107051,50,5,45,2024-12-19 10:44:15
500101041,50,2,48,2024-12-19 12:33:15
500101041,50,2,48,2024-12-19 11:54:15
500101041,50,1,49,2024-12-19 09:02:15
500101041,50,1,49,2024-12-19 11:31:15
500104004,50,48,2,2024-12-19 17:58:16
500103052,50,44,6,2024-12-19 18:53:15
500103052,50,37,13,2024-12-19 17:44:15
500107064,50,37,13,2024-12-19 20:43:15
500107064,50,37,13,2024-12-19 21:19:16
500107064,50,35,15,2024-12-19 21:03:15
500104008,50,32,18,2024-12-19 18:07:16
500107064,50,30,20,2024-12-19 18:48:15
500108054,50,27,22,2024-12-19 19:17:15
500108054,50,27,22,2024-12-19 21:20:16
500101041,50,27,23,2024-12-19 20:37:16
500101041,50,27,23,2024-12-19 20:59:15
500101100,50,27,23,2024-12-19 19:58:15
500108054,50,26,23,2024-12-19 18:30:17
500101115,50,25,24,2024-12-19 20:13:15
500108054,50,25,24,2024-12-19 17:25:16
500101100,50,24,26,2024-12-19 19:38:15
500104004,50,23,27,2024-12-19 21:19:16
500101024,50,21,28,2024-12-19 17:28:15
500101041,50,22,28,2024-12-19 17:43:15
500104008,50,22,28,2024-12-19 20:45:16
500104004,50,21,29,2024-12-19 19:59:16
500105008,50,20,30,2024-12-19 20:37:16
500113023,50,20,30,2024-12-19 18:25:17
500104004,50,19,31,2024-12-19 21:01:15
500113023,50,19,31,2024-12-19 18:57:15
500104004,50,18,32,2024-12-19 20:48:15
500113023,50,18,32,2024-12-19 18:17:15
500113043,50,16,34,2024-12-19 19:19:15
500113043,50,16,34,2024-12-19 21:20:16
500113043,50,15,35,2024-12-19 20:13:15
500101115,50,12,37,2024-12-19 18:18:16
500105008,50,13,37,2024-12-19 18:28:16
500113043,50,13,37,2024-12-19 19:06:16
500113022,50,12,38,2024-12-19 18:17:15
500113043,50,12,38,2024-12-19 18:17:15
500104004,50,10,40,2024-12-19 20:39:16
500105008,50,10,40,2024-12-19 19:26:15
500101115,50,8,41,2024-12-19 21:19:16
500101131,50,9,41,2024-12-19 18:35:16
500101131,50,8,42,2024-12-19 20:09:15
500101131,50,6,44,2024-12-19 19:33:15
500107051,50,6,44,2024-12-19 17:59:15
500101024,50,3,46,2024-12-19 18:06:15
500107051,50,4,46,2024-12-19 20:54:15
500113022,50,4,46,2024-12-19 20:11:16
500101024,50,2,47,2024-12-19 19:04:15
500107051,50,3,47,2024-12-19 18:56:15
500113022,50,1,49,2024-12-19 20:38:15
500113022,50,1,49,2024-12-19 20:48:15
500113022,50,1,49,2024-12-19 21:09:16
500101115,50,48,1,2024-12-19 15:11:15
500101131,50,45,5,2024-12-19 15:42:15
500101131,50,44,6,2024-12-19 15:49:15
500101024,50,42,7,2024-12-19 14:38:15
500101131,50,39,11,2024-12-19 17:08:16
500104008,50,38,12,2024-12-19 13:41:15
500104004,50,36,14,2024-12-19 16:57:16
500104008,50,36,14,2024-12-19 14:51:15
500101115,50,32,17,2024-12-19 17:04:15
500104004,50,31,19,2024-12-19 16:27:16
500104008,50,31,19,2024-12-19 16:56:15
500104004,50,29,21,2024-12-19 15:05:16
500104004,50,28,22,2024-12-19 15:12:15
500104004,50,26,24,2024-12-19 13:18:15
500107064,50,23,27,2024-12-19 14:15:16
500113022,50,20,30,2024-12-19 16:58:15
500101100,50,18,32,2024-12-19 16:06:15
500113022,50,17,33,2024-12-19 16:37:15
500101041,50,15,35,2024-12-19 16:34:16
500109101,50,8,41,2024-12-19 14:52:16
500113043,50,8,42,2024-12-19 16:40:16
500105008,50,7,43,2024-12-19 15:17:16
500107051,50,5,45,2024-12-19 16:44:15
500101041,50,2,48,2024-12-19 14:33:15
500113043,50,31,19,2024-12-19 05:15:15
500113043,50,30,20,2024-12-19 05:50:15
500101100,50,29,21,2024-12-19 08:42:15
500101115,50,27,22,2024-12-19 07:25:15
500101100,50,27,23,2024-12-19 07:20:16
500101115,50,24,26,2024-12-19 07:17:14
500108054,50,20,29,2024-12-19 08:47:15
500113043,50,16,34,2024-12-19 08:56:16
500113023,50,14,36,2024-12-19 05:33:15
500104008,50,12,38,2024-12-19 05:59:14
500109101,50,12,38,2024-12-19 07:37:15
500104004,50,11,39,2024-12-19 07:57:16
500104087,50,11,39,2024-12-19 08:56:16
500109101,50,10,39,2024-12-19 05:46:14
500101115,50,10,40,2024-12-19 05:11:15
500103052,50,10,40,2024-12-19 06:42:15
500113022,50,8,42,2024-12-19 06:39:15
500113022,50,8,42,2024-12-19 06:54:16
500108054,50,5,44,2024-12-19 06:21:15
500113022,50,6,44,2024-12-19 05:37:15
500104087,50,5,45,2024-12-19 05:29:15
500101100,50,23,27,2024-12-19 00:10:15
500103052,50,5,45,2024-12-19 00:15:16
500104004,50,41,6,2024-12-19 23:49:15
500101115,50,7,43,2024-12-19 00:47:15
500107051,50,2,48,2024-12-19 23:59:15
500101100,50,31,18,2024-12-19 23:46:15
500104008,50,13,37,2024-12-19 01:01:14
500101115,50,2,47,2024-12-19 22:32:15
500104087,50,16,34,2024-12-19 22:26:15
500101131,50,0,50,2024-12-19 21:37:16
500109101,50,7,42,2024-12-19 16:47:15
500104087,50,15,35,2024-12-19 21:37:15
500104004,50,24,26,2024-12-19 21:39:15
500106057,50,32,17,2024-12-19 21:37:15
500107064,50,38,12,2024-12-19 21:26:16
500113023,50,14,36,2024-12-19 01:39:15
500101041,50,20,30,2024-12-19 03:50:15
500104008,50,25,25,2024-12-19 21:44:15
500101024,50,1,48,2024-12-19 21:56:15
500101100,50,33,17,2024-12-19 21:47:15
500104004,50,34,16,2024-12-19 21:59:15
500103052,50,14,36,2024-12-19 01:42:14
500101041,50,23,27,2024-12-19 22:12:14
500104008,50,24,26,2024-12-19 22:15:16
500104004,50,39,11,2024-12-19 22:59:15
500104004,50,40,7,2024-12-19 23:30:19
500101131,50,48,1,2024-12-19 12:37:15
500101115,50,43,5,2024-12-19 11:25:15
500101115,50,35,13,2024-12-19 10:58:16
500104008,50,33,17,2024-12-19 12:24:16
500106057,50,32,17,2024-12-19 12:04:16
500101024,50,31,18,2024-12-19 11:57:16
500103052,50,31,19,2024-12-19 12:43:15
500104008,50,29,21,2024-12-19 09:04:15
500108054,50,27,22,2024-12-19 10:30:16
500104004,50,26,24,2024-12-19 10:17:15
500101100,50,24,26,2024-12-19 10:25:15
500104004,50,24,26,2024-12-19 10:38:15
500104004,50,23,27,2024-12-19 09:09:15
500107064,50,23,27,2024-12-19 09:36:14
500104087,50,21,29,2024-12-19 12:30:16
500104087,50,20,30,2024-12-19 12:04:15
500103052,50,19,31,2024-12-19 09:42:15
500104087,50,19,31,2024-12-19 11:46:14
500107064,50,19,31,2024-12-19 11:54:15
500104087,50,18,32,2024-12-19 11:30:16
500103052,50,17,33,2024-12-19 10:27:16
500105008,50,12,37,2024-12-19 09:03:14
500109101,50,10,39,2024-12-19 10:12:15
500105008,50,10,40,2024-12-19 09:59:15
500107051,50,10,40,2024-12-19 09:47:15
500113022,50,2,41,2024-12-19 11:45:15
500113043,50,9,41,2024-12-19 09:59:16
500107051,50,7,43,2024-12-19 12:27:14
500107051,50,6,44,2024-12-19 10:35:15
500113043,50,5,45,2024-12-19 10:44:16
500101041,50,1,49,2024-12-19 10:19:16
500103052,50,40,10,2024-12-19 18:13:16
500107064,50,37,13,2024-12-19 20:16:16
500104004,50,35,15,2024-12-19 18:17:15
500104008,50,32,18,2024-12-19 17:42:15
500108054,50,28,21,2024-12-19 19:29:15
500101041,50,28,22,2024-12-19 19:03:15
500106057,50,27,22,2024-12-19 17:46:15
500101041,50,27,23,2024-12-19 19:47:15
500101100,50,27,23,2024-12-19 20:12:15
500108054,50,26,23,2024-12-19 18:08:16
500108054,50,26,23,2024-12-19 18:18:16
500101041,50,26,24,2024-12-19 20:42:15
500101100,50,26,24,2024-12-19 20:30:17
500101041,50,25,25,2024-12-19 18:36:16
500101041,50,24,26,2024-12-19 18:29:16
500107064,50,24,26,2024-12-19 17:58:16
500101100,50,23,27,2024-12-19 18:18:15
500104087,50,20,30,2024-12-19 20:24:15
500113043,50,20,30,2024-12-19 20:59:15
500104004,50,19,31,2024-12-19 18:37:15
500105008,50,19,31,2024-12-19 21:08:15
500101115,50,17,32,2024-12-19 19:19:15
500101115,50,17,32,2024-12-19 20:59:15
500101041,50,17,33,2024-12-19 17:37:16
500104087,50,17,33,2024-12-19 18:52:15
500113023,50,17,33,2024-12-19 19:44:15
500104004,50,16,34,2024-12-19 19:05:16
500104004,50,11,39,2024-12-19 18:58:16
500101131,50,9,41,2024-12-19 18:46:15
500113022,50,8,42,2024-12-19 18:26:16
500113022,50,6,44,2024-12-19 18:58:16
500101024,50,1,48,2024-12-19 20:11:15
500101024,50,1,48,2024-12-19 20:54:15
500101024,50,0,49,2024-12-19 20:29:16
500101131,50,48,2,2024-12-19 14:07:16
500101131,50,46,4,2024-12-19 16:06:15
500101131,50,41,9,2024-12-19 16:47:15
500101131,50,41,9,2024-12-19 15:18:15
500101024,50,37,12,2024-12-19 16:18:15
500104008,50,37,13,2024-12-19 13:29:15
500104008,50,36,14,2024-12-19 13:18:14
500103052,50,32,18,2024-12-19 16:58:15
500103052,50,32,18,2024-12-19 14:59:14
500104008,50,32,18,2024-12-19 16:48:16
500104008,50,32,18,2024-12-19 17:17:16
500104004,50,29,21,2024-12-19 16:08:16
500108054,50,27,22,2024-12-19 14:29:15
500104004,50,27,23,2024-12-19 13:19:15
500104004,50,27,23,2024-12-19 15:28:14
500104004,50,27,23,2024-12-19 14:05:15
500101100,50,21,29,2024-12-19 17:02:15
500104087,50,19,31,2024-12-19 17:08:16
500107064,50,18,32,2024-12-19 17:15:17
500104087,50,16,34,2024-12-19 16:04:15
500113022,50,16,34,2024-12-19 17:06:16
500101041,50,15,35,2024-12-19 15:59:15
500101041,50,15,35,2024-12-19 16:13:15
500107051,50,10,40,2024-12-19 16:34:15
500113023,50,10,40,2024-12-19 13:12:15
500113043,50,9,41,2024-12-19 15:26:15
500107051,50,5,45,2024-12-19 17:04:15
500113043,50,0,50,2024-12-19 14:35:16
500101131,50,2,48,2024-12-19 21:47:15
500101041,50,22,28,2024-12-19 21:48:16
500107064,50,46,4,2024-12-19 06:25:15
500104004,50,27,11,2024-12-19 06:25:15
500101100,50,31,19,2024-12-19 08:17:15
500101100,50,27,23,2024-12-19 07:44:15
500104008,50,25,25,2024-12-19 08:26:15
500113043,50,25,25,2024-12-19 07:37:15
500101131,50,21,28,2024-12-19 08:25:16
500107051,50,19,31,2024-12-19 08:46:15
500101041,50,16,34,2024-12-19 07:45:16
500113043,50,16,34,2024-12-19 08:29:15
500104087,50,14,36,2024-12-19 08:01:15
500107051,50,14,36,2024-12-19 08:16:15
500113023,50,14,36,2024-12-19 06:49:15
500108054,50,12,37,2024-12-19 07:15:17
500103052,50,12,38,2024-12-19 05:25:15
500104004,50,0,38,2024-12-19 07:16:16
500103052,50,11,39,2024-12-19 05:55:15
500101024,50,9,41,2024-12-19 07:54:15
500107051,50,9,41,2024-12-19 06:26:15
500113022,50,7,43,2024-12-19 06:16:15
500101024,50,2,48,2024-12-19 07:30:16
500101024,50,0,50,2024-12-19 06:29:15
500107064,50,46,4,2024-12-19 00:58:14
500107051,50,3,47,2024-12-19 22:51:15
500101024,50,2,47,2024-12-19 22:29:14
500101041,50,24,26,2024-12-19 21:36:15
500103052,50,41,9,2024-12-19 21:24:15
500107064,50,47,3,2024-12-19 01:25:15
500107064,50,40,10,2024-12-19 22:02:16
500101131,50,0,50,2024-12-19 22:46:15
500103052,50,35,15,2024-12-19 22:45:16
500108054,50,6,43,2024-12-19 04:35:15
500113022,50,5,45,2024-12-19 22:57:15
500105008,50,12,38,2024-12-19 22:25:16
500101131,50,47,2,2024-12-19 12:16:15
500101131,50,46,3,2024-12-19 11:57:15
500113022,50,37,6,2024-12-19 09:42:15
500101131,50,42,7,2024-12-19 09:56:15
500113022,50,36,7,2024-12-19 09:08:15
500101115,50,38,10,2024-12-19 12:38:15
500101115,50,38,10,2024-12-19 10:25:16
500101115,50,37,12,2024-12-19 09:57:15
500104008,50,37,13,2024-12-19 10:35:16
500106057,50,35,14,2024-12-19 13:05:16
500113022,50,27,16,2024-12-19 12:22:16
500101024,50,29,20,2024-12-19 12:17:16
500106057,50,28,21,2024-12-19 09:26:15
500101024,50,28,22,2024-12-19 10:23:15
500108054,50,27,22,2024-12-19 12:08:15
500101024,50,27,23,2024-12-19 10:16:15
500107064,50,27,23,2024-12-19 09:08:15
500108054,50,26,23,2024-12-19 12:39:15
500101100,50,25,25,2024-12-19 12:25:16
500101100,50,25,25,2024-12-19 09:37:15
500108054,50,24,25,2024-12-19 09:43:15
500101100,50,23,27,2024-12-19 12:17:16
500101024,50,22,28,2024-12-19 09:44:15
500107064,50,22,28,2024-12-19 09:45:15
500103052,50,21,29,2024-12-19 11:46:14
500103052,50,21,29,2024-12-19 11:08:15
500107064,50,20,30,2024-12-19 11:38:15
500107064,50,20,30,2024-12-19 12:09:16
500107064,50,20,30,2024-12-19 11:16:15
500103052,50,18,32,2024-12-19 11:16:15
500104004,50,18,32,2024-12-19 11:08:15
500101024,50,16,34,2024-12-19 09:27:14
500113043,50,13,37,2024-12-19 09:33:15
500109101,50,11,38,2024-12-19 09:27:15
500113022,50,5,38,2024-12-19 11:37:15
500113043,50,11,39,2024-12-19 09:46:15
500105008,50,9,41,2024-12-19 09:56:16
500105008,50,9,41,2024-12-19 10:58:16
500107051,50,7,43,2024-12-19 11:00:18
500113043,50,2,48,2024-12-19 11:26:15
500101041,50,1,49,2024-12-19 12:14:16
500103052,50,42,8,2024-12-19 20:22:15
500103052,50,42,8,2024-12-19 19:09:15
500103052,50,41,9,2024-12-19 20:44:15
500103052,50,40,10,2024-12-19 18:02:15
500107064,50,36,14,2024-12-19 20:53:15
500107064,50,34,16,2024-12-19 19:19:15
500104008,50,32,18,2024-12-19 17:52:15
500101041,50,29,21,2024-12-19 20:07:15
500106057,50,28,21,2024-12-19 17:54:15
500106057,50,26,23,2024-12-19 18:18:16
500108054,50,26,23,2024-12-19 20:29:15
500101100,50,24,26,2024-12-19 18:56:15
500101115,50,22,27,2024-12-19 19:35:16
500104008,50,23,27,2024-12-19 18:38:15
500107064,50,20,30,2024-12-19 17:38:16
500104087,50,19,31,2024-12-19 19:49:15
500104087,50,19,31,2024-12-19 20:34:15
500105008,50,19,31,2024-12-19 20:59:15
500107064,50,19,31,2024-12-19 17:21:14
500101115,50,16,33,2024-12-19 18:29:15
500104087,50,17,33,2024-12-19 17:38:16
500113043,50,17,33,2024-12-19 19:41:16
500113023,50,16,34,2024-12-19 20:25:15
500105008,50,15,35,2024-12-19 17:28:14
500113023,50,13,37,2024-12-19 20:47:15
500104004,50,12,38,2024-12-19 20:29:15
500105008,50,12,38,2024-12-19 17:58:16
500105008,50,11,39,2024-12-19 19:40:15
500105008,50,11,39,2024-12-19 18:01:16
500113043,50,10,40,2024-12-19 17:57:15
500113022,50,9,41,2024-12-19 18:48:15
500101131,50,8,42,2024-12-19 19:54:15
500101131,50,7,43,2024-12-19 18:54:15
500113043,50,7,43,2024-12-19 17:28:15
500113022,50,6,44,2024-12-19 19:35:16
500113022,50,5,45,2024-12-19 19:24:15
500107051,50,2,48,2024-12-19 20:47:15
500107051,50,1,49,2024-12-19 19:35:16
500101131,50,50,0,2024-12-19 13:48:15
500101115,50,47,2,2024-12-19 15:30:16
500101115,50,46,3,2024-12-19 15:45:16
500101115,50,45,3,2024-12-19 13:28:15
500101024,50,44,5,2024-12-19 15:06:14
500101024,50,41,8,2024-12-19 15:24:15
500101024,50,40,9,2024-12-19 15:52:15
500113022,50,34,9,2024-12-19 13:49:15
500101024,50,38,11,2024-12-19 16:07:15
500101115,50,35,14,2024-12-19 16:37:15
500108054,50,33,16,2024-12-19 15:52:15
500113022,50,31,16,2024-12-19 15:51:15
500106057,50,32,17,2024-12-19 16:54:16
500108054,50,32,17,2024-12-19 15:03:15
500108054,50,32,17,2024-12-19 16:42:15
500106057,50,31,18,2024-12-19 17:00:17
500104008,50,31,19,2024-12-19 16:22:15
500108054,50,28,21,2024-12-19 14:03:15
500104004,50,27,23,2024-12-19 15:32:15
500107064,50,24,26,2024-12-19 13:56:15
500101041,50,21,29,2024-12-19 17:11:16
500101100,50,21,29,2024-12-19 16:34:16
500107064,50,21,29,2024-12-19 15:48:15
500107051,50,11,39,2024-12-19 14:16:15
500104087,50,10,40,2024-12-19 16:12:15
500113043,50,8,42,2024-12-19 15:49:15
500113043,50,8,42,2024-12-19 17:16:16
500101041,50,3,47,2024-12-19 14:53:15
500113023,50,17,33,2024-12-19 21:44:15
500108054,50,25,24,2024-12-19 21:46:15
500113022,50,49,1,2024-12-19 08:37:15
500107064,50,43,7,2024-12-19 06:47:15
500107064,50,38,12,2024-12-19 07:13:15
500101115,50,35,14,2024-12-19 08:27:16
500101100,50,34,16,2024-12-19 08:30:16
500101115,50,32,17,2024-12-19 07:47:15
500101115,50,32,17,2024-12-19 08:03:15
500113043,50,33,17,2024-12-19 04:52:15
500107064,50,32,18,2024-12-19 07:55:17
500101024,50,24,26,2024-12-19 08:57:15
500113043,50,19,31,2024-12-19 08:01:15
500103052,50,18,32,2024-12-19 08:41:15
500104008,50,17,33,2024-12-19 07:09:15
500107051,50,17,33,2024-12-19 07:55:17
500105008,50,15,34,2024-12-19 07:46:15
500101041,50,15,35,2024-12-19 07:27:15
500104008,50,15,35,2024-12-19 06:46:15
500113023,50,15,35,2024-12-19 08:02:15
500101041,50,13,37,2024-12-19 08:16:15
500105008,50,12,37,2024-12-19 08:01:15
500103052,50,12,38,2024-12-19 07:24:15
500113023,50,12,38,2024-12-19 07:34:15
500101115,50,11,39,2024-12-19 06:03:15
500101024,50,8,42,2024-12-19 07:59:15
500104004,50,7,43,2024-12-19 08:47:15
500113022,50,7,43,2024-12-19 07:36:15
500113022,50,5,45,2024-12-19 05:26:15
500101131,50,3,46,2024-12-19 04:57:14
500101131,50,3,46,2024-12-19 05:40:15
500101024,50,2,48,2024-12-19 06:06:14
500101100,50,24,26,2024-12-19 00:01:14
500104004,50,30,2,2024-12-19 00:37:15
500106057,50,31,18,2024-12-19 00:09:14
500101131,50,0,50,2024-12-19 23:45:17
500108054,50,25,24,2024-12-19 22:24:15
500106057,50,31,18,2024-12-19 23:03:14
500105008,50,12,37,2024-12-19 00:29:15
500105008,50,12,38,2024-12-19 23:03:14
500104004,50,46,3,2024-12-19 23:16:15
500101115,50,3,46,2024-12-19 21:37:15
500107051,50,8,42,2024-12-19 02:55:15
500113043,50,22,28,2024-12-19 01:21:15
500101131,50,5,45,2024-12-19 21:54:15
500113023,50,17,33,2024-12-19 21:57:15
500113022,50,17,33,2024-12-19 01:52:15
500106057,50,32,17,2024-12-19 22:47:14
500113043,50,21,29,2024-12-19 23:07:15
500101100,50,30,20,2024-12-19 22:59:15
500113043,50,19,31,2024-12-19 22:11:15
500101131,50,48,1,2024-12-19 13:05:16
500113022,50,41,2,2024-12-19 10:03:17
500101131,50,46,3,2024-12-19 11:12:16
500101115,50,43,5,2024-12-19 13:08:15
500101131,50,43,6,2024-12-19 11:46:15
500101115,50,37,11,2024-12-19 11:55:18
500101024,50,36,13,2024-12-19 12:58:15
500104008,50,36,14,2024-12-19 10:25:15
500106057,50,33,16,2024-12-19 12:16:15
500101024,50,32,17,2024-12-19 12:38:15
500101024,50,28,21,2024-12-19 12:06:16
500104004,50,29,21,2024-12-19 11:17:15
500104004,50,28,22,2024-12-19 11:48:15
500106057,50,27,22,2024-12-19 09:39:15
500107064,50,28,22,2024-12-19 08:55:16
500104004,50,27,23,2024-12-19 10:07:16
500108054,50,26,23,2024-12-19 11:27:15
500106057,50,25,24,2024-12-19 10:18:15
500108054,50,25,24,2024-12-19 09:15:15
500103052,50,23,27,2024-12-19 11:28:15
500101100,50,22,28,2024-12-19 11:49:16
500104004,50,22,28,2024-12-19 10:47:16
500107064,50,22,28,2024-12-19 12:38:15
500104087,50,20,30,2024-12-19 11:53:16
500107064,50,19,31,2024-12-19 10:02:15
500103052,50,18,32,2024-12-19 09:28:15
500107051,50,17,33,2024-12-19 09:00:18
500107064,50,15,35,2024-12-19 10:38:15
500107051,50,14,36,2024-12-19 09:27:15
500107051,50,14,36,2024-12-19 09:36:15
500109101,50,12,37,2024-12-19 08:36:15
500107051,50,10,40,2024-12-19 12:38:14
500109101,50,9,40,2024-12-19 11:57:16
500113023,50,10,40,2024-12-19 12:19:16
500107051,50,6,44,2024-12-19 11:17:15
500107051,50,5,45,2024-12-19 11:45:15
500107051,50,4,46,2024-12-19 12:06:16
500101041,50,3,47,2024-12-19 12:39:15
500105008,50,3,47,2024-12-19 09:25:16
500113043,50,0,50,2024-12-19 11:57:15
500103052,50,43,7,2024-12-19 19:04:15
500103052,50,40,10,2024-12-19 21:03:15
500106057,50,35,14,2024-12-19 20:45:16
500106057,50,34,15,2024-12-19 19:07:15
500104004,50,32,18,2024-12-19 18:29:16
500101131,50,31,19,2024-12-19 17:28:15
500106057,50,30,19,2024-12-19 17:21:15
500106057,50,30,19,2024-12-19 18:41:15
500108054,50,29,20,2024-12-19 19:45:16
500108054,50,26,23,2024-12-19 20:48:15
500101115,50,25,24,2024-12-19 20:39:16
500104008,50,25,25,2024-12-19 19:32:15
500101041,50,24,26,2024-12-19 18:16:16
500101100,50,24,26,2024-12-19 18:37:15
500101115,50,23,26,2024-12-19 20:05:16
500101100,50,23,27,2024-12-19 19:03:15
500101100,50,23,27,2024-12-19 19:24:15
500101100,50,23,27,2024-12-19 18:48:15
500101115,50,22,27,2024-12-19 20:49:15
500101100,50,20,30,2024-12-19 17:48:14
500101115,50,19,30,2024-12-19 17:38:16
500104087,50,20,30,2024-12-19 19:18:15
500113023,50,20,30,2024-12-19 18:37:15
500104004,50,19,31,2024-12-19 19:18:15
500101131,50,17,33,2024-12-19 17:59:15
500105008,50,16,34,2024-12-19 17:36:15
500113022,50,14,36,2024-12-19 17:47:16
500104004,50,10,40,2024-12-19 18:48:15
500107051,50,8,42,2024-12-19 18:09:16
500107051,50,7,43,2024-12-19 18:01:16
500101131,50,6,44,2024-12-19 20:13:15
500107051,50,5,45,2024-12-19 18:46:15
500101024,50,3,46,2024-12-19 18:47:16
500101024,50,2,47,2024-12-19 18:50:16
500113022,50,3,47,2024-12-19 19:11:15
500101131,50,2,48,2024-12-19 21:17:15
500101115,50,47,1,2024-12-19 14:54:15
500101131,50,49,1,2024-12-19 13:57:15
500101024,50,44,5,2024-12-19 13:23:15
500101024,50,44,5,2024-12-19 17:08:16
500101024,50,42,7,2024-12-19 16:47:15
500101131,50,43,7,2024-12-19 15:28:14
500113022,50,32,11,2024-12-19 15:00:17
500106057,50,35,14,2024-12-19 13:38:16
500113022,50,29,14,2024-12-19 13:27:15
500104008,50,34,16,2024-12-19 16:16:15
500106057,50,33,16,2024-12-19 14:54:15
500106057,50,32,17,2024-12-19 16:21:15
500108054,50,32,17,2024-12-19 16:03:15
500104008,50,32,18,2024-12-19 17:05:17
500104004,50,29,21,2024-12-19 14:18:15
500104087,50,25,25,2024-12-19 14:10:17
500107064,50,24,26,2024-12-19 14:57:15
500101100,50,20,30,2024-12-19 16:18:16
500101100,50,20,30,2024-12-19 13:25:16
500107051,50,10,40,2024-12-19 13:37:15
500113023,50,9,41,2024-12-19 16:56:15
500113043,50,9,41,2024-12-19 16:37:15
500105008,50,7,43,2024-12-19 14:33:16
500101041,50,1,49,2024-12-19 14:10:17
500105008,50,15,35,2024-12-19 21:48:16
500103052,50,41,9,2024-12-19 21:47:15
500107064,50,34,16,2024-12-19 07:42:15
500106057,50,31,18,2024-12-19 06:33:15
500107064,50,32,18,2024-12-19 08:01:15
500113043,50,31,19,2024-12-19 06:56:15
500107064,50,28,22,2024-12-19 08:42:15
500101131,50,25,24,2024-12-19 08:47:15
500101100,50,25,25,2024-12-19 06:12:14
500101131,50,24,25,2024-12-19 08:36:15
500101041,50,21,29,2024-12-19 06:41:14
500104008,50,20,30,2024-12-19 07:37:15
500108054,50,17,32,2024-12-19 08:16:15
500105008,50,15,34,2024-12-19 07:07:15
500113043,50,16,34,2024-12-19 08:45:16
500104087,50,13,37,2024-12-19 08:46:15
500103052,50,11,39,2024-12-19 07:08:14
500105008,50,10,39,2024-12-19 08:32:15
500113023,50,9,41,2024-12-19 08:45:16
500101131,50,7,42,2024-12-19 07:36:15
500101131,50,6,43,2024-12-19 06:28:15
500101131,50,5,44,2024-12-19 06:15:15
500101041,50,2,48,2024-12-19 08:56:16
500101131,50,0,49,2024-12-19 00:05:16
500101131,50,0,49,2024-12-19 00:46:15
500105008,50,11,39,2024-12-19 23:27:15
500106057,50,29,20,2024-12-19 01:07:15
500113023,50,15,35,2024-12-19 00:11:14
500101100,50,24,26,2024-12-19 00:33:15
500101041,50,23,27,2024-12-19 22:36:15
500103052,50,36,14,2024-12-19 22:32:15
500107051,50,4,46,2024-12-19 21:30:16
500101100,50,32,18,2024-12-19 21:36:15
500113022,50,18,32,2024-12-19 02:34:15
500101100,50,23,27,2024-12-19 01:19:15
500104004,50,34,0,2024-12-19 01:51:14
500101115,50,0,49,2024-12-19 22:08:14
500104004,50,35,15,2024-12-19 22:08:15
500104004,50,32,2,2024-12-19 01:24:14
500107051,50,4,46,2024-12-19 21:58:14
500113022,50,6,44,2024-12-19 21:58:15
500107064,50,42,8,2024-12-19 23:24:15
500104004,50,34,0,2024-12-19 01:44:14
500104004,50,38,12,2024-12-19 22:16:15
500101131,50,2,48,2024-12-19 22:26:15
500101100,50,32,17,2024-12-19 23:25:16
500105008,50,13,36,2024-12-19 02:02:15
500101131,50,43,6,2024-12-19 10:05:15
500101115,50,41,8,2024-12-19 09:09:15
500101115,50,40,8,2024-12-19 11:37:15
500101115,50,38,10,2024-12-19 11:03:16
500104008,50,39,11,2024-12-19 12:07:16
500104008,50,36,14,2024-12-19 12:16:15
500101024,50,34,16,2024-12-19 10:41:15
500101115,50,32,16,2024-12-19 12:28:15
500113022,50,26,17,2024-12-19 12:40:17
500104008,50,32,18,2024-12-19 09:34:15
500101024,50,30,19,2024-12-19 11:37:15
500104008,50,30,20,2024-12-19 09:15:15
500106057,50,27,22,2024-12-19 09:00:18
500108054,50,27,22,2024-12-19 11:17:15
500106057,50,25,24,2024-12-19 10:04:15
500108054,50,25,24,2024-12-19 12:30:16
500101024,50,25,25,2024-12-19 09:59:16
500101100,50,25,25,2024-12-19 11:22:16
500104004,50,24,26,2024-12-19 12:31:15
500104004,50,22,28,2024-12-19 09:36:15
500103052,50,19,31,2024-12-19 10:17:16
500103052,50,18,32,2024-12-19 09:56:16
500104087,50,17,33,2024-12-19 11:18:16
500104087,50,17,33,2024-12-19 11:24:15
500107064,50,17,33,2024-12-19 10:28:15
500113043,50,10,40,2024-12-19 10:16:15
500109101,50,8,41,2024-12-19 12:30:16
500113023,50,6,44,2024-12-19 09:08:14
500101041,50,2,48,2024-12-19 12:55:16
500101041,50,2,48,2024-12-19 10:10:16
500113043,50,2,48,2024-12-19 12:23:16
500113043,50,2,48,2024-12-19 11:18:16
500113043,50,1,49,2024-12-19 12:45:16
500104004,50,42,8,2024-12-19 17:38:16
500103052,50,41,9,2024-12-19 19:55:16
500103052,50,41,9,2024-12-19 19:41:16
500103052,50,39,11,2024-12-19 17:56:16
500103052,50,39,11,2024-12-19 18:37:15
500106057,50,38,11,2024-12-19 19:58:14
500106057,50,37,12,2024-12-19 20:26:16
500107064,50,35,15,2024-12-19 20:38:15
500107064,50,28,22,2024-12-19 18:38:16
500101041,50,26,24,2024-12-19 20:15:16
500108054,50,25,24,2024-12-19 17:38:16
500104008,50,23,27,2024-12-19 21:12:15
500101115,50,20,29,2024-12-19 19:26:14
500101115,50,19,30,2024-12-19 17:45:16
500113023,50,19,31,2024-12-19 18:45:16
500104087,50,18,32,2024-12-19 19:33:15
500113023,50,18,32,2024-12-19 19:34:15
500113023,50,17,33,2024-12-19 17:26:15
500113043,50,17,33,2024-12-19 20:17:15
500101115,50,15,34,2024-12-19 21:09:16
500101115,50,14,35,2024-12-19 18:56:15
500101024,50,13,36,2024-12-19 17:46:15
500113043,50,14,36,2024-12-19 18:35:16
500105008,50,13,37,2024-12-19 19:06:16
500113022,50,10,40,2024-12-19 17:28:15
500107051,50,6,44,2024-12-19 17:11:16
500107051,50,2,48,2024-12-19 19:17:15
500101115,50,49,0,2024-12-19 15:59:15
500101115,50,48,0,2024-12-19 13:37:15
500101115,50,49,0,2024-12-19 15:07:15
500101024,50,46,3,2024-12-19 16:27:16
500101115,50,46,3,2024-12-19 16:18:15
500104004,50,39,11,2024-12-19 17:16:16
500104008,50,36,14,2024-12-19 14:13:15
500106057,50,33,16,2024-12-19 14:18:15
500104004,50,31,19,2024-12-19 14:48:14
500104087,50,24,26,2024-12-19 13:47:15
500107064,50,22,28,2024-12-19 15:23:14
500107064,50,21,29,2024-12-19 16:15:16
500101100,50,19,31,2024-12-19 15:20:15
500107064,50,19,31,2024-12-19 17:04:15
500107051,50,11,39,2024-12-19 15:35:16
500107051,50,10,40,2024-12-19 14:21:15
500107051,50,9,41,2024-12-19 16:19:15
500113043,50,9,41,2024-12-19 16:49:15
500101115,50,2,47,2024-12-19 21:49:15
500107051,50,3,47,2024-12-19 21:43:15
500104004,50,28,22,2024-12-19 21:49:14
500104004,50,35,3,2024-12-19 05:28:14
500104004,50,34,4,2024-12-19 05:29:15
500113022,50,46,4,2024-12-19 08:47:15
500101115,50,34,15,2024-12-19 08:47:15
500101100,50,23,27,2024-12-19 06:27:15
500101024,50,21,29,2024-12-19 08:24:15
500104008,50,20,30,2024-12-19 07:26:15
500107051,50,19,31,2024-12-19 08:26:15
500107051,50,18,32,2024-12-19 08:03:15
500103052,50,15,35,2024-12-19 07:35:16
500105008,50,14,35,2024-12-19 06:21:15
500113023,50,15,35,2024-12-19 05:55:16
500105008,50,13,36,2024-12-19 07:32:15
500107051,50,14,36,2024-12-19 07:17:14
500113023,50,14,36,2024-12-19 07:55:17
500104087,50,13,37,2024-12-19 07:32:15
500105008,50,12,37,2024-12-19 08:43:15
500101115,50,11,39,2024-12-19 06:23:15
500109101,50,11,39,2024-12-19 07:24:15
500109101,50,11,39,2024-12-19 07:38:15
500107051,50,10,40,2024-12-19 06:38:15
500104087,50,9,41,2024-12-19 06:37:14
500108054,50,8,41,2024-12-19 06:48:15
500113022,50,9,41,2024-12-19 06:36:14
500104087,50,7,43,2024-12-19 06:23:15
500107051,50,7,43,2024-12-19 05:19:14
500101041,50,2,48,2024-12-19 08:45:15
500101131,50,1,49,2024-12-19 23:29:14
500107051,50,7,43,2024-12-19 00:27:15
500113043,50,24,26,2024-12-19 00:14:15
500113022,50,19,31,2024-12-19 03:08:15
500101131,50,0,50,2024-12-19 23:09:16
500113023,50,17,33,2024-12-19 23:10:16
500105008,50,11,39,2024-12-19 22:28:15
500105008,50,16,34,2024-12-19 21:29:15
500113023,50,16,34,2024-12-19 21:28:15
500113043,50,19,31,2024-12-19 21:39:15
500108054,50,5,44,2024-12-19 02:10:16
500101041,50,7,43,2024-12-19 02:28:15
500104004,50,36,2,2024-12-19 04:13:16
500113022,50,5,45,2024-12-19 22:03:15
500101041,50,25,25,2024-12-19 21:57:15
500113023,50,13,37,2024-12-19 03:40:15
500113022,50,7,43,2024-12-19 23:53:15
500113043,50,20,30,2024-12-19 01:42:14
500103052,50,12,38,2024-12-19 02:27:14
500105008,50,12,38,2024-12-19 22:12:15
500101100,50,32,18,2024-12-19 22:19:15
500101131,50,3,46,2024-12-19 04:41:15
500101115,50,9,41,2024-12-19 04:38:14
500103052,50,34,16,2024-12-19 22:54:15
500107064,50,44,6,2024-12-19 22:59:15
500103052,50,30,20,2024-12-19 23:30:16
500101131,50,48,1,2024-12-19 10:57:15
500101131,50,48,1,2024-12-19 11:28:16
500101131,50,46,3,2024-12-19 10:40:15
500101131,50,43,6,2024-12-19 11:37:15
500113022,50,37,6,2024-12-19 09:07:15
500101131,50,40,9,2024-12-19 09:37:15
500101115,50,39,10,2024-12-19 09:07:15
500101024,50,31,18,2024-12-19 11:46:14
500104004,50,32,18,2024-12-19 11:26:15
500113022,50,25,18,2024-12-19 12:38:15
500106057,50,30,19,2024-12-19 11:41:15
500103052,50,30,20,2024-12-19 12:21:15
500104004,50,30,20,2024-12-19 11:38:15
500104004,50,27,23,2024-12-19 11:55:17
500104004,50,25,25,2024-12-19 12:16:15
500108054,50,24,25,2024-12-19 09:56:16
500104004,50,24,26,2024-12-19 12:28:15
500106057,50,23,26,2024-12-19 10:38:15
500103052,50,23,27,2024-12-19 11:53:16
500103052,50,22,28,2024-12-19 10:44:16
500107064,50,20,30,2024-12-19 09:57:15
500103052,50,19,31,2024-12-19 09:24:15
500113022,50,8,35,2024-12-19 11:23:15
500104087,50,14,36,2024-12-19 10:10:16
500107051,50,10,40,2024-12-19 11:23:15
500113023,50,10,40,2024-12-19 10:48:15
500109101,50,8,41,2024-12-19 12:12:15
500113023,50,8,42,2024-12-19 11:31:15
500113043,50,3,47,2024-12-19 11:33:15
500113043,50,3,47,2024-12-19 11:00:18
500101041,50,1,49,2024-12-19 12:06:16
500103052,50,42,8,2024-12-19 19:28:15
500106057,50,39,10,2024-12-19 19:49:15
500106057,50,29,20,2024-12-19 18:32:15
500104008,50,27,23,2024-12-19 19:53:15
500108054,50,26,23,2024-12-19 18:53:15
500101041,50,26,24,2024-12-19 18:56:15
500101041,50,25,25,2024-12-19 21:07:16
500108054,50,24,25,2024-12-19 17:59:15
500101100,50,23,27,2024-12-19 18:06:15
500101115,50,22,27,2024-12-19 19:58:15
500101131,50,22,28,2024-12-19 17:38:16
500104087,50,20,30,2024-12-19 18:24:16
500104004,50,18,32,2024-12-19 20:58:15
500113023,50,18,32,2024-12-19 19:56:16
500104087,50,17,33,2024-12-19 21:04:15
500113023,50,17,33,2024-12-19 18:05:16
500113023,50,16,34,2024-12-19 21:14:15
500105008,50,15,35,2024-12-19 17:41:16
500113022,50,14,36,2024-12-19 17:38:16
500113043,50,14,36,2024-12-19 18:57:15
500113022,50,13,37,2024-12-19 18:08:16
500105008,50,12,38,2024-12-19 18:17:15
500113043,50,10,40,2024-12-19 18:06:15
500101024,50,2,47,2024-12-19 19:24:15
500101024,50,1,48,2024-12-19 20:49:16
500101024,50,0,49,2024-12-19 19:34:16
500101024,50,0,49,2024-12-19 21:17:15
500101131,50,49,0,2024-12-19 13:14:15
500101131,50,48,2,2024-12-19 14:14:14
500101115,50,45,3,2024-12-19 13:17:15
500101131,50,46,4,2024-12-19 14:35:15
500101024,50,42,7,2024-12-19 13:17:15
500101024,50,42,7,2024-12-19 16:38:14
500101024,50,42,7,2024-12-19 14:56:15
500101131,50,42,8,2024-12-19 16:35:15
500113022,50,33,10,2024-12-19 13:42:15
500113022,50,33,10,2024-12-19 14:56:15
500101115,50,37,12,2024-12-19 16:28:15
500101131,50,36,14,2024-12-19 17:17:16
500113022,50,28,15,2024-12-19 13:15:15
500106057,50,32,17,2024-12-19 14:37:14
500106057,50,30,19,2024-12-19 16:41:14
500108054,50,29,20,2024-12-19 17:05:17
500108054,50,26,23,2024-12-19 17:16:16
500105008,50,22,28,2024-12-19 16:05:16
500105008,50,19,31,2024-12-19 16:59:15
500101041,50,14,36,2024-12-19 16:27:16
500113023,50,14,36,2024-12-19 17:14:16
500113023,50,11,39,2024-12-19 17:07:15
500113043,50,2,48,2024-12-19 13:14:15
500101041,50,1,49,2024-12-19 13:22:15
500113022,50,7,43,2024-12-19 21:49:15
500107064,50,44,6,2024-12-19 06:36:14
500101115,50,34,15,2024-12-19 08:36:14
500113043,50,33,17,2024-12-19 06:47:15
500113022,50,32,18,2024-12-19 08:03:14
500101100,50,31,19,2024-12-19 07:55:17
500113043,50,31,19,2024-12-19 05:51:14
500113043,50,30,20,2024-12-19 07:08:15
500101100,50,23,27,2024-12-19 08:56:16
500104008,50,22,28,2024-12-19 08:03:15
500107051,50,20,30,2024-12-19 07:33:15
500108054,50,19,30,2024-12-19 07:55:17
500104087,50,16,34,2024-12-19 07:46:15
500104008,50,15,35,2024-12-19 06:56:15
500105008,50,13,36,2024-12-19 06:02:14
500108054,50,13,36,2024-12-19 07:26:15
500113023,50,13,37,2024-12-19 07:24:15
500109101,50,12,38,2024-12-19 08:11:16
500101131,50,10,39,2024-12-19 06:51:15
500104087,50,11,39,2024-12-19 08:37:15
500105008,50,10,39,2024-12-19 08:17:15
500105008,50,10,39,2024-12-19 08:56:16
500103052,50,10,40,2024-12-19 06:18:15
500104087,50,10,40,2024-12-19 08:26:15
500109101,50,9,40,2024-12-19 06:53:15
500101131,50,7,42,2024-12-19 06:47:15
500101041,50,5,45,2024-12-19 00:13:15
500104004,50,24,8,2024-12-19 00:05:15
500104004,50,32,0,2024-12-19 00:41:15
500107051,50,7,43,2024-12-19 00:03:15
500101131,50,1,48,2024-12-19 00:27:15
500104004,50,26,6,2024-12-19 00:17:15
500107064,50,46,4,2024-12-19 00:09:14
500104087,50,24,26,2024-12-19 23:55:16
500113043,50,22,28,2024-12-19 00:42:15
500107051,50,4,46,2024-12-19 22:29:14
500113043,50,19,31,2024-12-19 22:38:15
500101115,50,9,41,2024-12-19 02:38:14
500101024,50,0,49,2024-12-19 22:03:15
500107051,50,5,45,2024-12-19 22:01:15
500113023,50,16,34,2024-12-19 22:04:15
500101100,50,31,19,2024-12-19 22:06:15
500101115,50,2,47,2024-12-19 21:58:15
500113043,50,23,27,2024-12-19 23:28:15
500101115,50,2,47,2024-12-19 22:47:15
500101115,50,3,46,2024-12-19 23:00:17
500113043,50,21,29,2024-12-19 01:35:15
500101131,50,44,5,2024-12-19 10:28:15
500101115,50,42,6,2024-12-19 12:57:15
500101115,50,39,9,2024-12-19 12:40:17
500101115,50,40,9,2024-12-19 09:27:15
500101115,50,40,9,2024-12-19 09:47:14
500104008,50,34,16,2024-12-19 12:53:15
500101024,50,32,18,2024-12-19 11:26:15
500106057,50,31,18,2024-12-19 11:31:15
500106057,50,30,19,2024-12-19 11:28:16
500101131,50,29,20,2024-12-19 09:09:15
500101131,50,28,21,2024-12-19 09:06:15
500108054,50,28,21,2024-12-19 10:40:16
500108054,50,27,22,2024-12-19 12:27:15
500108054,50,27,22,2024-12-19 10:08:15
500106057,50,25,24,2024-12-19 10:27:16
500104004,50,25,25,2024-12-19 12:42:15
500104004,50,25,25,2024-12-19 13:05:16
500101024,50,24,26,2024-12-19 09:57:15
500101100,50,24,26,2024-12-19 11:16:15
500104004,50,24,26,2024-12-19 09:27:15
500104004,50,21,29,2024-12-19 10:57:15
500104087,50,20,30,2024-12-19 12:18:15
500107064,50,19,31,2024-12-19 10:45:16
500101024,50,17,33,2024-12-19 09:06:15
500113043,50,14,36,2024-12-19 09:09:15
500113043,50,14,36,2024-12-19 09:23:15
500109101,50,9,40,2024-12-19 12:27:14
500113023,50,9,41,2024-12-19 12:31:15
500113023,50,9,41,2024-12-19 11:52:15
500113022,50,1,42,2024-12-19 11:56:16
500105008,50,6,44,2024-12-19 12:19:16
500113023,50,6,44,2024-12-19 09:53:15
500113023,50,4,46,2024-12-19 09:24:15
500113043,50,1,49,2024-12-19 11:48:15
500103052,50,42,8,2024-12-19 19:35:16
500103052,50,40,10,2024-12-19 18:23:16
500107064,50,36,14,2024-12-19 19:28:15
500104008,50,33,17,2024-12-19 17:28:15
500108054,50,30,19,2024-12-19 19:36:15
500106057,50,28,21,2024-12-19 18:25:17
500101100,50,28,22,2024-12-19 20:06:15
500108054,50,27,22,2024-12-19 19:04:15
500107064,50,26,24,2024-12-19 18:08:16
500101115,50,24,25,2024-12-19 20:26:16
500107064,50,25,25,2024-12-19 18:15:17
500101100,50,24,26,2024-12-19 17:26:15
500104008,50,23,27,2024-12-19 20:35:16
500104008,50,23,27,2024-12-19 18:49:16
500104087,50,19,31,2024-12-19 18:48:15
500105008,50,19,31,2024-12-19 20:47:15
500101131,50,18,32,2024-12-19 17:48:15
500104087,50,18,32,2024-12-19 17:47:16
500105008,50,17,33,2024-12-19 20:27:15
500113043,50,16,34,2024-12-19 20:04:16
500101131,50,13,37,2024-12-19 18:08:16
500113022,50,11,39,2024-12-19 18:35:16
500113043,50,10,40,2024-12-19 17:43:16
500107051,50,7,43,2024-12-19 17:43:16
500101131,50,6,44,2024-12-19 19:21:15
500107051,50,6,44,2024-12-19 18:21:16
500101131,50,5,45,2024-12-19 20:38:15
500101024,50,2,47,2024-12-19 18:36:16
500113022,50,1,49,2024-12-19 20:28:15
500101115,50,48,0,2024-12-19 13:43:16
500101115,50,46,2,2024-12-19 14:47:15
500101024,50,43,6,2024-12-19 14:14:15
500113022,50,32,11,2024-12-19 13:38:15
500101024,50,36,13,2024-12-19 16:56:15
500104008,50,37,13,2024-12-19 15:48:15
500104004,50,36,14,2024-12-19 17:04:15
500101115,50,34,15,2024-12-19 16:43:15
500106057,50,34,15,2024-12-19 13:15:15
500106057,50,34,15,2024-12-19 14:24:15
500113022,50,31,16,2024-12-19 15:25:15
500101115,50,31,18,2024-12-19 16:58:15
500103052,50,31,19,2024-12-19 14:47:15
500108054,50,27,22,2024-12-19 13:48:16
500101115,50,25,24,2024-12-19 17:18:16
500107064,50,25,25,2024-12-19 14:48:15
500105008,50,21,29,2024-12-19 15:57:15
500107064,50,20,30,2024-12-19 16:19:15
500113022,50,17,33,2024-12-19 16:44:15
500101041,50,14,36,2024-12-19 15:55:16
500105008,50,6,44,2024-12-19 13:52:15
500101041,50,4,46,2024-12-19 15:28:14
500113043,50,1,49,2024-12-19 13:41:15
500107064,50,41,9,2024-12-19 06:56:15
500113022,50,40,10,2024-12-19 08:56:16
500113043,50,32,18,2024-12-19 04:59:14
500101100,50,31,19,2024-12-19 08:22:15
500106057,50,30,19,2024-12-19 06:25:15
500106057,50,28,21,2024-12-19 07:47:15
500106057,50,28,21,2024-12-19 08:51:15
500104008,50,28,22,2024-12-19 08:54:15
500107064,50,28,22,2024-12-19 08:18:15
500101100,50,27,23,2024-12-19 07:17:14
500101100,50,24,26,2024-12-19 06:49:15
500104008,50,21,29,2024-12-19 07:44:15
500108054,50,20,29,2024-12-19 07:37:15
500113043,50,21,29,2024-12-19 07:56:15
500107051,50,20,30,2024-12-19 08:29:15
500101041,50,19,31,2024-12-19 07:55:17
500108054,50,18,31,2024-12-19 07:47:15
500104004,50,6,32,2024-12-19 07:27:15
500101041,50,17,33,2024-12-19 07:17:14
500104004,50,17,33,2024-12-19 08:55:16
500105008,50,16,33,2024-12-19 07:27:15
500101024,50,16,34,2024-12-19 08:16:15
500113043,50,16,34,2024-12-19 08:17:15
500103052,50,15,35,2024-12-19 08:02:15
500105008,50,14,35,2024-12-19 06:34:15
500101131,50,13,36,2024-12-19 08:17:15
500101131,50,11,38,2024-12-19 07:57:16
500109101,50,11,38,2024-12-19 08:21:16
500109101,50,9,40,2024-12-19 05:54:14
500101131,50,8,41,2024-12-19 07:42:14
500108054,50,7,42,2024-12-19 04:45:15
500101041,50,7,43,2024-12-19 08:26:14
500107051,50,7,43,2024-12-19 04:53:14
500101131,50,5,44,2024-12-19 06:25:15
500108054,50,4,45,2024-12-19 05:54:14
500103052,50,31,19,2024-12-19 23:26:15
500101115,50,5,45,2024-12-19 00:10:15
500106057,50,30,19,2024-12-19 00:19:15
500107064,50,47,3,2024-12-19 00:57:15
500101114,51,21,29,2024-12-19 00:57:15
500119086,51,1,50,2024-12-19 22:31:16
500112064,51,12,39,2024-12-19 23:16:15
500101193,51,10,41,2024-12-19 22:38:14
500101113,51,20,31,2024-12-19 21:39:15
500110023,51,41,10,2024-12-19 01:58:14
500113008,51,13,38,2024-12-19 22:06:15
500112026,51,15,29,2024-12-19 22:04:15
500112026,51,31,20,2024-12-19 01:07:15
500112026,51,40,11,2024-12-19 01:53:15
500101193,51,11,40,2024-12-19 22:46:15
500101114,51,7,43,2024-12-19 04:31:15
500112064,51,19,32,2024-12-19 22:19:15
500112064,51,17,34,2024-12-19 22:22:15
500112064,51,44,7,2024-12-19 01:48:15
500101113,51,23,28,2024-12-19 23:25:16
500119086,51,28,4,2024-12-19 10:58:16
500119086,51,25,7,2024-12-19 10:48:15
500119086,51,26,18,2024-12-19 09:06:15
500101114,51,20,30,2024-12-19 09:26:15
500111060,51,20,31,2024-12-19 12:59:16
500111060,51,19,32,2024-12-19 12:37:15
500111060,51,19,32,2024-12-19 09:32:14
500112064,51,19,32,2024-12-19 11:00:18
500112064,51,18,33,2024-12-19 11:14:15
500101114,51,15,35,2024-12-19 12:48:15
500101114,51,14,36,2024-12-19 11:55:18
500110023,51,14,37,2024-12-19 12:36:15
500110023,51,8,43,2024-12-19 10:10:16
500113008,51,7,44,2024-12-19 12:24:15
500113008,51,6,44,2024-12-19 09:04:15
500113008,51,6,45,2024-12-19 11:08:15
500113042,51,4,45,2024-12-19 12:19:16
500101113,51,2,47,2024-12-19 09:08:16
500101113,51,2,47,2024-12-19 11:27:15
500113008,51,4,47,2024-12-19 13:07:15
500113008,51,3,48,2024-12-19 12:37:15
500113042,51,1,48,2024-12-19 10:26:14
500101193,51,0,51,2024-12-19 12:35:17
500101113,51,46,5,2024-12-19 19:29:14
500112064,51,41,10,2024-12-19 17:47:16
500101113,51,40,11,2024-12-19 18:29:16
500112064,51,38,13,2024-12-19 19:58:15
500111060,51,35,16,2024-12-19 19:46:15
500112064,51,26,25,2024-12-19 21:19:16
500113042,51,24,25,2024-12-19 21:05:16
500119086,51,25,26,2024-12-19 19:58:15
500111060,51,24,27,2024-12-19 17:33:16
500119086,51,17,27,2024-12-19 18:18:16
500119086,51,23,28,2024-12-19 19:34:15
500110023,51,21,30,2024-12-19 19:15:16
500112026,51,20,30,2024-12-19 18:29:16
500101113,51,20,31,2024-12-19 17:27:16
500119086,51,20,31,2024-12-19 20:32:15
500119086,51,19,32,2024-12-19 21:12:15
500112026,51,15,33,2024-12-19 19:58:15
500101114,51,17,34,2024-12-19 17:25:15
500101113,51,16,35,2024-12-19 21:09:15
500101114,51,11,40,2024-12-19 19:07:15
500113008,51,9,42,2024-12-19 18:15:17
500101114,51,8,43,2024-12-19 17:58:16
500101114,51,7,44,2024-12-19 20:00:17
500112026,51,4,44,2024-12-19 18:52:15
500101193,51,5,46,2024-12-19 21:07:16
500112064,51,45,6,2024-12-19 14:18:15
500112064,51,40,11,2024-12-19 16:44:15
500119086,51,21,14,2024-12-19 15:18:15
500119086,51,15,20,2024-12-19 15:58:15
500101193,51,22,29,2024-12-19 15:08:15
500119086,51,5,30,2024-12-19 16:58:15
500119086,51,4,31,2024-12-19 17:07:15
500101113,51,17,32,2024-12-19 14:38:15
500101114,51,19,32,2024-12-19 16:52:15
500101113,51,18,33,2024-12-19 16:16:15
500101113,51,18,33,2024-12-19 15:28:14
500112026,51,17,33,2024-12-19 16:26:15
500101113,51,16,35,2024-12-19 14:58:15
500101114,51,16,35,2024-12-19 16:07:14
500101193,51,13,38,2024-12-19 13:45:16
500113042,51,8,41,2024-12-19 15:34:14
500101113,51,6,43,2024-12-19 13:28:16
500113008,51,7,44,2024-12-19 16:37:15
500113008,51,3,48,2024-12-19 14:59:15
500101114,51,12,39,2024-12-19 21:48:16
500111060,51,43,8,2024-12-19 05:49:15
500101113,51,40,9,2024-12-19 05:09:15
500112064,51,41,10,2024-12-19 05:17:15
500101193,51,39,12,2024-12-19 07:48:15
500112026,51,33,18,2024-12-19 06:35:15
500112026,51,32,19,2024-12-19 06:44:15
500113042,51,16,32,2024-12-19 07:25:15
500112026,51,17,34,2024-12-19 07:47:15
500113008,51,15,35,2024-12-19 07:36:15
500112064,51,15,36,2024-12-19 08:47:15
500113042,51,10,38,2024-12-19 08:31:16
500113008,51,9,41,2024-12-19 08:45:16
500101114,51,8,42,2024-12-19 05:10:15
500119086,51,6,45,2024-12-19 07:43:15
500119086,51,4,47,2024-12-19 07:25:15
500112064,51,3,48,2024-12-19 08:57:15
500112064,51,13,38,2024-12-19 23:29:14
500101113,51,42,8,2024-12-19 00:07:15
500113042,51,31,18,2024-12-19 00:29:15
500112026,51,15,29,2024-12-19 23:40:15
500111060,51,44,7,2024-12-19 00:26:15
500113008,51,26,25,2024-12-19 00:56:14
500110023,51,29,22,2024-12-19 23:09:15
500112026,51,15,29,2024-12-19 22:36:15
500113008,51,11,40,2024-12-19 21:39:15
500113008,51,26,25,2024-12-19 02:04:15
500113042,51,32,17,2024-12-19 02:59:15
500112026,51,41,10,2024-12-19 02:52:14
500101193,51,7,44,2024-12-19 22:06:15
500113042,51,31,18,2024-12-19 22:04:15
500101193,51,6,45,2024-12-19 21:58:15
500113008,51,15,36,2024-12-19 21:59:15
500119086,51,1,50,2024-12-19 03:28:14
500112026,51,16,28,2024-12-19 23:59:15
500101193,51,38,13,2024-12-19 01:06:15
500113008,51,25,25,2024-12-19 04:29:15
500112064,51,11,40,2024-12-19 23:08:15
500113042,51,39,10,2024-12-19 23:03:15
500101114,51,14,37,2024-12-19 22:16:15
500101113,51,20,31,2024-12-19 22:53:15
500113042,51,38,11,2024-12-19 22:52:14
500113042,51,37,12,2024-12-19 23:24:15
500119086,51,5,27,2024-12-19 12:37:15
500111060,51,19,32,2024-12-19 11:53:15
500112064,51,17,34,2024-12-19 11:35:17
500112064,51,16,35,2024-12-19 12:04:16
500112064,51,16,35,2024-12-19 12:19:16
500110023,51,15,36,2024-12-19 11:35:17
500112026,51,12,39,2024-12-19 12:54:15
500112026,51,11,40,2024-12-19 09:04:15
500112026,51,10,41,2024-12-19 09:32:15
500112026,51,10,41,2024-12-19 10:02:15
500101113,51,4,45,2024-12-19 13:08:15
500101113,51,4,45,2024-12-19 10:36:14
500113008,51,5,45,2024-12-19 09:45:15
500101113,51,2,47,2024-12-19 11:37:15
500112026,51,3,48,2024-12-19 10:43:16
500112026,51,3,48,2024-12-19 10:54:15
500113008,51,1,49,2024-12-19 09:58:15
500101193,51,1,50,2024-12-19 12:57:15
500101193,51,0,51,2024-12-19 09:25:17
500101113,51,50,1,2024-12-19 19:58:15
500101113,51,46,5,2024-12-19 19:38:15
500112064,51,45,6,2024-12-19 18:47:16
500101113,51,44,7,2024-12-19 20:39:16
500112064,51,44,7,2024-12-19 18:18:16
500112064,51,42,9,2024-12-19 19:19:15
500111060,51,36,15,2024-12-19 20:43:15
500112064,51,30,21,2024-12-19 20:28:15
500111060,51,29,22,2024-12-19 19:05:16
500113042,51,26,23,2024-12-19 19:48:15
500113042,51,24,25,2024-12-19 19:28:15
500111060,51,25,26,2024-12-19 18:02:15
500110023,51,22,29,2024-12-19 19:49:15
500110023,51,21,30,2024-12-19 21:05:16
500101113,51,15,36,2024-12-19 21:19:16
500110023,51,13,38,2024-12-19 17:55:17
500101114,51,11,40,2024-12-19 19:12:14
500101114,51,10,41,2024-12-19 18:08:16
500113008,51,6,45,2024-12-19 17:35:16
500101193,51,1,50,2024-12-19 18:37:15
500112064,51,42,9,2024-12-19 15:15:16
500119086,51,11,24,2024-12-19 16:17:15
500111060,51,22,29,2024-12-19 17:11:16
500111060,51,21,30,2024-12-19 13:15:15
500101113,51,19,32,2024-12-19 15:59:15
500112026,51,18,32,2024-12-19 16:56:15
500101114,51,16,35,2024-12-19 17:18:15
500101193,51,15,36,2024-12-19 16:39:15
500101114,51,13,37,2024-12-19 13:54:15
500110023,51,14,37,2024-12-19 16:11:15
500110023,51,12,39,2024-12-19 13:29:15
500110023,51,12,39,2024-12-19 17:08:16
500112026,51,12,39,2024-12-19 15:32:15
500113042,51,10,39,2024-12-19 14:50:15
500113042,51,9,40,2024-12-19 15:10:15
500113042,51,8,41,2024-12-19 16:44:15
500113042,51,7,42,2024-12-19 16:26:15
500101113,51,4,45,2024-12-19 13:17:15
500113008,51,6,45,2024-12-19 16:48:16
500113008,51,13,38,2024-12-19 21:46:14
500112064,51,22,29,2024-12-19 21:49:15
500111060,51,44,7,2024-12-19 06:21:15
500101113,51,41,8,2024-12-19 06:17:14
500112026,51,40,11,2024-12-19 05:23:15
500101113,51,37,12,2024-12-19 06:53:15
500113042,51,31,17,2024-12-19 06:36:14
500111060,51,33,18,2024-12-19 07:47:15
500113008,51,28,22,2024-12-19 05:46:14
500112026,51,25,26,2024-12-19 08:17:15
500112064,51,25,26,2024-12-19 08:03:15
500101114,51,17,33,2024-12-19 08:23:15
500101114,51,17,33,2024-12-19 07:56:15
500101114,51,16,34,2024-12-19 06:42:15
500101114,51,15,35,2024-12-19 07:46:15
500101114,51,9,41,2024-12-19 06:17:14
500101193,51,28,23,2024-12-19 00:02:15
500113042,51,32,17,2024-12-19 00:42:15
500112026,51,44,7,2024-12-19 01:12:15
500101113,51,42,8,2024-12-19 01:07:15
500111060,51,40,11,2024-12-19 22:30:16
500111060,51,37,14,2024-12-19 21:20:16
500101114,51,13,37,2024-12-19 04:27:14
500112064,51,21,30,2024-12-19 22:00:16
500112026,51,43,8,2024-12-19 01:20:15
500113042,51,31,18,2024-12-19 01:45:15
500113008,51,17,34,2024-12-19 22:49:14
500101193,51,12,39,2024-12-19 22:50:16
500111060,51,43,8,2024-12-19 23:33:15
500119086,51,27,5,2024-12-19 11:27:15
500119086,51,26,6,2024-12-19 11:16:15
500119086,51,24,8,2024-12-19 11:42:16
500119086,51,23,9,2024-12-19 10:28:15
500119086,51,24,20,2024-12-19 09:27:15
500119086,51,23,21,2024-12-19 09:08:14
500101114,51,21,29,2024-12-19 09:57:15
500112064,51,18,33,2024-12-19 11:25:15
500101114,51,15,35,2024-12-19 11:26:15
500101193,51,15,36,2024-12-19 09:47:14
500110023,51,15,36,2024-12-19 12:12:15
500110023,51,14,37,2024-12-19 12:28:15
500113042,51,11,38,2024-12-19 12:46:15
500113042,51,10,39,2024-12-19 12:38:15
500101113,51,9,40,2024-12-19 12:38:15
500101113,51,8,41,2024-12-19 12:47:15
500110023,51,10,41,2024-12-19 09:08:15
500112026,51,10,41,2024-12-19 11:46:15
500112026,51,10,41,2024-12-19 09:56:15
500101113,51,7,42,2024-12-19 12:19:16
500113008,51,8,43,2024-12-19 11:28:16
500113008,51,7,44,2024-12-19 11:30:17
500113008,51,4,46,2024-12-19 09:26:15
500101113,51,2,47,2024-12-19 09:47:15
500101113,51,2,47,2024-12-19 09:57:15
500112064,51,4,47,2024-12-19 09:04:15
500112026,51,3,48,2024-12-19 10:37:15
500101113,51,45,6,2024-12-19 19:06:16
500111060,51,36,15,2024-12-19 20:13:15
500101113,51,31,20,2024-12-19 17:59:15
500112026,51,29,21,2024-12-19 17:47:16
500119086,51,30,21,2024-12-19 19:07:15
500112026,51,25,23,2024-12-19 20:38:15
500112026,51,24,24,2024-12-19 20:23:15
500111060,51,25,26,2024-12-19 18:52:15
500101113,51,24,27,2024-12-19 17:38:16
500111060,51,24,27,2024-12-19 18:48:15
500119086,51,24,27,2024-12-19 20:06:15
500110023,51,23,28,2024-12-19 20:15:16
500101113,51,21,30,2024-12-19 17:48:15
500119086,51,1,34,2024-12-19 17:18:16
500110023,51,16,35,2024-12-19 18:08:16
500101114,51,10,41,2024-12-19 20:28:15
500112026,51,9,41,2024-12-19 18:38:16
500113008,51,9,42,2024-12-19 19:39:15
500101193,51,3,48,2024-12-19 20:22:15
500101193,51,0,51,2024-12-19 18:47:16
500112064,51,44,7,2024-12-19 14:28:15
500112064,51,34,17,2024-12-19 13:48:15
500119086,51,8,24,2024-12-19 13:23:15
500119086,51,7,25,2024-12-19 13:18:15
500101193,51,25,26,2024-12-19 14:28:15
500119086,51,9,26,2024-12-19 16:26:15
500101113,51,20,31,2024-12-19 16:58:15
500101114,51,19,32,2024-12-19 16:21:15
500112026,51,17,33,2024-12-19 16:37:15
500101114,51,13,37,2024-12-19 13:27:15
500101193,51,13,38,2024-12-19 13:56:15
500113008,51,8,43,2024-12-19 17:06:16
500113008,51,3,48,2024-12-19 14:18:15
500112064,51,44,7,2024-12-19 05:49:15
500101113,51,41,8,2024-12-19 05:24:14
500101113,51,41,8,2024-12-19 06:00:17
500101113,51,39,10,2024-12-19 06:34:15
500112026,51,40,11,2024-12-19 05:42:15
500101193,51,38,13,2024-12-19 08:25:16
500101193,51,38,13,2024-12-19 07:46:15
500110023,51,38,13,2024-12-19 06:46:15
500110023,51,35,16,2024-12-19 07:37:15
500110023,51,35,16,2024-12-19 07:45:16
500101193,51,34,17,2024-12-19 08:46:15
500110023,51,31,20,2024-12-19 08:17:15
500112064,51,31,20,2024-12-19 08:16:15
500113008,51,26,24,2024-12-19 04:48:15
500112064,51,21,30,2024-12-19 08:37:15
500113008,51,16,34,2024-12-19 07:54:15
500101113,51,14,35,2024-12-19 07:37:15
500119086,51,14,37,2024-12-19 08:27:16
500113042,51,10,38,2024-12-19 08:44:16
500113008,51,11,39,2024-12-19 08:36:15
500119086,51,12,39,2024-12-19 08:17:15
500119086,51,8,43,2024-12-19 08:00:17
500101113,51,43,7,2024-12-19 00:16:15
500112026,51,31,20,2024-12-19 00:17:15
500113008,51,24,27,2024-12-19 00:10:15
500112026,51,27,24,2024-12-19 00:41:14
500101193,51,16,35,2024-12-19 23:19:15
500119086,51,2,49,2024-12-19 21:38:15
500101193,51,40,11,2024-12-19 02:34:15
500113042,51,32,16,2024-12-19 03:51:15
500112064,51,42,9,2024-12-19 03:19:15
500101193,51,40,11,2024-12-19 01:50:15
500113008,51,14,37,2024-12-19 22:18:15
500119086,51,28,4,2024-12-19 11:05:17
500119086,51,23,9,2024-12-19 10:37:15
500119086,51,15,21,2024-12-19 09:45:15
500110023,51,21,30,2024-12-19 10:54:15
500101114,51,17,33,2024-12-19 11:06:15
500111060,51,18,33,2024-12-19 12:17:15
500112064,51,17,34,2024-12-19 10:25:16
500101114,51,15,35,2024-12-19 12:03:15
500101114,51,15,35,2024-12-19 10:27:15
500112064,51,16,35,2024-12-19 11:42:16
500112064,51,15,36,2024-12-19 12:22:16
500113042,51,9,40,2024-12-19 13:02:14
500112064,51,10,41,2024-12-19 09:09:15
500101193,51,8,43,2024-12-19 11:18:16
500101113,51,3,46,2024-12-19 11:45:15
500112026,51,5,46,2024-12-19 10:26:14
500113008,51,4,46,2024-12-19 10:14:15
500113042,51,1,48,2024-12-19 11:01:18
500112026,51,34,16,2024-12-19 17:58:16
500113042,51,25,24,2024-12-19 19:58:15
500113042,51,25,24,2024-12-19 20:07:15
500111060,51,26,25,2024-12-19 17:59:15
500119086,51,25,26,2024-12-19 19:25:15
500113042,51,22,27,2024-12-19 20:49:15
500111060,51,23,28,2024-12-19 18:25:17
500113042,51,20,29,2024-12-19 18:18:16
500119086,51,22,29,2024-12-19 20:29:15
500110023,51,16,35,2024-12-19 18:47:16
500110023,51,15,36,2024-12-19 18:18:16
500110023,51,14,37,2024-12-19 18:28:15
500101114,51,13,38,2024-12-19 21:19:15
500101114,51,8,43,2024-12-19 19:49:15
500101114,51,8,43,2024-12-19 18:42:16
500101114,51,6,45,2024-12-19 19:59:16
500113008,51,5,46,2024-12-19 17:24:16
500101193,51,4,47,2024-12-19 17:28:15
500101193,51,1,50,2024-12-19 19:20:17
500101193,51,0,51,2024-12-19 18:29:15
500112064,51,42,9,2024-12-19 16:57:16
500112064,51,38,13,2024-12-19 15:37:16
500112064,51,37,14,2024-12-19 15:57:15
500112064,51,37,14,2024-12-19 16:16:15
500119086,51,8,24,2024-12-19 13:56:14
500101113,51,22,29,2024-12-19 17:07:15
500111060,51,20,31,2024-12-19 16:07:15
500111060,51,20,31,2024-12-19 16:37:15
500111060,51,20,31,2024-12-19 14:36:16
500112026,51,18,32,2024-12-19 17:08:16
500101113,51,18,33,2024-12-19 15:48:15
500101114,51,14,36,2024-12-19 13:09:15
500101114,51,15,36,2024-12-19 14:33:15
500110023,51,15,36,2024-12-19 15:40:16
500110023,51,14,37,2024-12-19 14:08:15
500112026,51,13,38,2024-12-19 15:45:16
500101113,51,8,41,2024-12-19 13:36:16
500112026,51,10,41,2024-12-19 14:51:15
500113042,51,8,41,2024-12-19 15:50:15
500113042,51,8,41,2024-12-19 15:03:15
500101193,51,9,42,2024-12-19 17:15:17
500113008,51,4,47,2024-12-19 17:18:16
500112064,51,45,6,2024-12-19 06:44:15
500111060,51,44,7,2024-12-19 06:47:15
500110023,51,41,10,2024-12-19 06:06:14
500113042,51,35,13,2024-12-19 05:09:15
500113042,51,34,14,2024-12-19 05:51:14
500111060,51,32,19,2024-12-19 07:57:16
500112064,51,32,19,2024-12-19 07:35:16
500112026,51,22,29,2024-12-19 07:29:15
500112026,51,21,30,2024-12-19 08:37:15
500113008,51,19,31,2024-12-19 07:15:17
500113008,51,18,32,2024-12-19 08:16:15
500101114,51,11,39,2024-12-19 07:25:15
500101114,51,10,40,2024-12-19 06:04:14
500101114,51,10,40,2024-12-19 06:25:15
500119086,51,6,45,2024-12-19 07:54:15
500119086,51,5,46,2024-12-19 07:04:15
500101113,51,0,49,2024-12-19 08:57:15
500112064,51,0,51,2024-12-19 00:00:18
500113008,51,23,28,2024-12-19 00:35:16
500101193,51,30,21,2024-12-19 00:10:15
500112026,51,30,21,2024-12-19 00:03:15
500112026,51,28,23,2024-12-19 00:36:15
500113042,51,36,13,2024-12-19 23:45:16
500112064,51,16,35,2024-12-19 01:11:15
500101114,51,12,39,2024-12-19 23:18:15
500112026,51,16,28,2024-12-19 22:41:15
500113008,51,14,37,2024-12-19 22:29:14
500119086,51,0,51,2024-12-19 03:47:15
500101113,51,18,33,2024-12-19 22:09:15
500101113,51,17,34,2024-12-19 21:55:17
500113008,51,25,26,2024-12-19 03:29:14
500113042,51,33,16,2024-12-19 03:09:15
500119086,51,0,51,2024-12-19 23:58:14
500101113,51,23,28,2024-12-19 23:58:14
500112064,51,43,8,2024-12-19 01:47:15
500101113,51,22,29,2024-12-19 23:07:15
500101113,51,16,35,2024-12-19 22:16:15
500113042,51,33,16,2024-12-19 22:18:14
500113042,51,34,14,2024-12-19 04:41:15
500112064,51,33,18,2024-12-19 12:58:15
500119086,51,15,23,2024-12-19 09:37:15
500101193,51,24,27,2024-12-19 11:25:15
500111060,51,20,31,2024-12-19 09:02:15
500111060,51,19,32,2024-12-19 12:45:15
500110023,51,18,33,2024-12-19 11:13:15
500111060,51,18,33,2024-12-19 09:49:15
500112064,51,17,34,2024-12-19 11:57:15
500101114,51,14,36,2024-12-19 12:13:15
500101114,51,14,36,2024-12-19 11:18:16
500101193,51,12,39,2024-12-19 11:45:15
500101193,51,10,41,2024-12-19 11:58:16
500113042,51,7,42,2024-12-19 12:27:15
500110023,51,7,44,2024-12-19 10:28:15
500113008,51,7,44,2024-12-19 11:43:15
500101113,51,4,45,2024-12-19 11:57:15
500112064,51,6,45,2024-12-19 09:45:15
500113042,51,1,48,2024-12-19 12:07:16
500101193,51,1,50,2024-12-19 12:44:15
500101113,51,51,0,2024-12-19 18:47:16
500101113,51,49,2,2024-12-19 18:38:16
500101113,51,49,2,2024-12-19 18:58:16
500101113,51,47,4,2024-12-19 19:47:15
500112064,51,47,4,2024-12-19 18:57:15
500112064,51,44,7,2024-12-19 18:37:15
500119086,51,23,12,2024-12-19 17:38:16
500119086,51,30,14,2024-12-19 17:48:15
500111060,51,36,15,2024-12-19 19:52:16
500112064,51,36,15,2024-12-19 17:37:16
500101113,51,35,16,2024-12-19 18:08:16
500119086,51,28,16,2024-12-19 17:59:15
500112026,51,28,20,2024-12-19 20:48:15
500101113,51,29,22,2024-12-19 20:59:15
500119086,51,27,24,2024-12-19 19:19:15
500113042,51,23,26,2024-12-19 20:34:15
500110023,51,24,27,2024-12-19 19:59:16
500110023,51,22,29,2024-12-19 21:14:15
500110023,51,19,32,2024-12-19 19:03:15
500119086,51,18,33,2024-12-19 20:59:15
500101113,51,13,38,2024-12-19 21:20:16
500112026,51,7,41,2024-12-19 19:06:16
500113008,51,10,41,2024-12-19 20:05:15
500101114,51,8,43,2024-12-19 18:28:15
500113008,51,6,45,2024-12-19 18:07:16
500101193,51,2,49,2024-12-19 19:38:15
500101193,51,1,50,2024-12-19 20:11:16
500101193,51,0,51,2024-12-19 18:07:16
500112064,51,42,9,2024-12-19 14:54:15
500112064,51,36,15,2024-12-19 17:16:16
500119086,51,20,15,2024-12-19 15:37:16
500119086,51,13,22,2024-12-19 16:07:15
500111060,51,21,30,2024-12-19 16:40:15
500101193,51,18,33,2024-12-19 15:28:14
500101114,51,17,34,2024-12-19 16:37:15
500101114,51,16,35,2024-12-19 15:57:15
500110023,51,15,36,2024-12-19 16:21:15
500110023,51,15,36,2024-12-19 16:48:16
500101113,51,9,40,2024-12-19 13:48:15
500113008,51,3,48,2024-12-19 16:08:16
500101113,51,17,34,2024-12-19 21:49:14
500113042,51,28,21,2024-12-19 21:48:15
500110023,51,39,12,2024-12-19 07:26:15
500101113,51,36,13,2024-12-19 06:47:15
500113008,51,28,22,2024-12-19 05:12:14
500113042,51,26,22,2024-12-19 06:54:16
500113008,51,26,24,2024-12-19 05:36:15
500111060,51,26,25,2024-12-19 08:36:15
500113042,51,20,28,2024-12-19 07:57:16
500111060,51,22,29,2024-12-19 08:54:15
500110023,51,20,31,2024-12-19 08:37:15
500113008,51,14,36,2024-12-19 07:43:15
500113008,51,14,36,2024-12-19 08:01:15
500112026,51,14,37,2024-12-19 08:52:16
500113042,51,10,38,2024-12-19 08:24:14
500101113,51,3,46,2024-12-19 08:47:15
500119086,51,4,47,2024-12-19 06:09:15
500101113,51,1,48,2024-12-19 08:37:16
500101193,51,32,19,2024-12-19 00:36:15
500113042,51,31,18,2024-12-19 00:53:15
500101193,51,22,29,2024-12-19 23:38:15
500101113,51,43,7,2024-12-19 00:54:15
500111060,51,44,7,2024-12-19 23:52:14
500113042,51,36,13,2024-12-19 22:39:15
500112026,51,13,31,2024-12-19 21:33:15
500113008,51,24,26,2024-12-19 04:11:15
500112064,51,29,22,2024-12-19 01:24:14
500119086,51,3,48,2024-12-19 21:59:15
500101193,51,22,29,2024-12-19 23:53:15
500112064,51,24,27,2024-12-19 23:47:14
500110023,51,40,11,2024-12-19 01:28:14
500101193,51,41,10,2024-12-19 01:34:15
500112064,51,11,40,2024-12-19 22:49:14
500113042,51,37,12,2024-12-19 22:43:15
500101193,51,8,43,2024-12-19 22:10:17
500112026,51,14,30,2024-12-19 22:25:16
500113008,51,15,36,2024-12-19 22:23:15
500113042,51,33,16,2024-12-19 22:23:14
500119086,51,26,6,2024-12-19 12:05:17
500119086,51,25,7,2024-12-19 11:38:15
500119086,51,25,10,2024-12-19 10:18:15
500112064,51,33,18,2024-12-19 12:42:15
500119086,51,3,29,2024-12-19 13:08:15
500101114,51,18,32,2024-12-19 10:58:16
500111060,51,19,32,2024-12-19 10:28:15
500111060,51,18,33,2024-12-19 09:23:15
500111060,51,18,33,2024-12-19 11:33:16
500110023,51,16,35,2024-12-19 11:47:16
500113042,51,10,39,2024-12-19 12:52:15
500110023,51,11,40,2024-12-19 09:07:15
500112026,51,11,40,2024-12-19 12:34:14
500112026,51,11,40,2024-12-19 13:01:15
500112026,51,10,41,2024-12-19 09:09:15
500112026,51,10,41,2024-12-19 11:58:16
500101193,51,8,43,2024-12-19 09:08:15
500110023,51,8,43,2024-12-19 10:43:16
500112064,51,5,46,2024-12-19 09:27:15
500112064,51,5,46,2024-12-19 09:35:16
500101113,51,2,47,2024-12-19 09:07:15
500113008,51,3,47,2024-12-19 09:33:15
500113008,51,4,47,2024-12-19 10:43:16
500113008,51,3,48,2024-12-19 12:56:15
500101193,51,2,49,2024-12-19 12:27:15
500113042,51,0,49,2024-12-19 10:44:16
500113042,51,0,49,2024-12-19 11:14:16
500112064,51,1,50,2024-12-19 10:07:16
500101113,51,47,4,2024-12-19 20:09:15
500112064,51,46,5,2024-12-19 19:06:16
500101113,51,44,7,2024-12-19 20:26:16
500112064,51,38,13,2024-12-19 19:38:15
500111060,51,37,14,2024-12-19 20:17:14
500111060,51,37,14,2024-12-19 21:00:16
500111060,51,36,15,2024-12-19 21:16:15
500111060,51,35,16,2024-12-19 20:06:14
500111060,51,35,16,2024-12-19 20:33:15
500112026,51,33,17,2024-12-19 18:18:16
500112026,51,30,18,2024-12-19 21:08:15
500112064,51,32,19,2024-12-19 20:07:15
500119086,51,32,19,2024-12-19 18:56:15
500111060,51,31,20,2024-12-19 19:16:15
500112064,51,28,23,2024-12-19 21:02:15
500112026,51,19,29,2024-12-19 20:08:15
500113042,51,16,33,2024-12-19 17:47:16
500110023,51,14,37,2024-12-19 17:48:15
500113042,51,12,37,2024-12-19 17:27:16
500113008,51,13,38,2024-12-19 20:29:15
500113008,51,13,38,2024-12-19 20:55:17
500112026,51,6,42,2024-12-19 19:29:14
500112026,51,5,43,2024-12-19 18:46:15
500119086,51,24,11,2024-12-19 14:47:15
500119086,51,22,13,2024-12-19 14:07:16
500119086,51,17,18,2024-12-19 15:48:15
500111060,51,21,30,2024-12-19 14:53:15
500111060,51,21,30,2024-12-19 16:57:16
500101193,51,18,33,2024-12-19 13:18:15
500101193,51,16,35,2024-12-19 13:34:16
500110023,51,14,37,2024-12-19 16:31:14
500101114,51,12,38,2024-12-19 13:35:15
500113042,51,10,39,2024-12-19 17:08:16
500113042,51,9,40,2024-12-19 13:56:15
500113008,51,6,45,2024-12-19 16:58:15
500113008,51,5,46,2024-12-19 16:15:16
500101193,51,3,48,2024-12-19 21:42:15
500112064,51,47,4,2024-12-19 06:13:14
500111060,51,43,8,2024-12-19 07:16:15
500112064,51,43,8,2024-12-19 07:17:14
500101113,51,38,11,2024-12-19 06:24:15
500101193,51,40,11,2024-12-19 06:27:15
500110023,51,40,11,2024-12-19 05:33:15
500110023,51,39,12,2024-12-19 06:23:14
500101193,51,38,13,2024-12-19 08:37:15
500113042,51,32,16,2024-12-19 06:21:15
500110023,51,29,22,2024-12-19 08:20:17
500113008,51,27,23,2024-12-19 06:13:14
500111060,51,27,24,2024-12-19 08:26:15
500112026,51,25,26,2024-12-19 08:03:15
500112026,51,23,28,2024-12-19 08:26:15
500101114,51,21,29,2024-12-19 08:55:16
500113042,51,18,30,2024-12-19 08:03:15
500101114,51,17,33,2024-12-19 06:54:16
500101114,51,16,34,2024-12-19 08:03:14
500112026,51,16,35,2024-12-19 08:47:15
500119086,51,15,36,2024-12-19 08:57:15
500101114,51,13,37,2024-12-19 07:37:15
500113008,51,7,43,2024-12-19 08:57:15
500112026,51,26,25,2024-12-19 00:56:14
500113042,51,31,18,2024-12-19 00:17:15
500101113,51,22,29,2024-12-19 23:15:15
500112064,51,15,36,2024-12-19 22:31:16
500110023,51,26,25,2024-12-19 22:35:15
500110023,51,25,26,2024-12-19 21:54:15
500101114,51,10,41,2024-12-19 21:59:15
500112026,51,14,30,2024-12-19 21:56:15
500112064,51,22,29,2024-12-19 21:59:15
500113042,51,29,20,2024-12-19 21:56:15
500111060,51,38,13,2024-12-19 21:56:15
500101193,51,13,38,2024-12-19 23:04:15
500101113,51,17,34,2024-12-19 22:26:15
500119086,51,21,11,2024-12-19 12:18:15
500101114,51,22,28,2024-12-19 09:01:15
500101114,51,19,31,2024-12-19 09:36:14
500101193,51,19,32,2024-12-19 11:38:15
500110023,51,19,32,2024-12-19 10:59:15
500101114,51,15,35,2024-12-19 12:30:16
500101114,51,13,37,2024-12-19 13:05:15
500112064,51,14,37,2024-12-19 10:37:15
500101114,51,12,38,2024-12-19 12:58:15
500112026,51,12,39,2024-12-19 09:44:15
500112026,51,12,39,2024-12-19 11:21:15
500101113,51,9,40,2024-12-19 12:27:15
500101113,51,7,42,2024-12-19 11:06:15
500101113,51,6,43,2024-12-19 10:50:16
500112026,51,8,43,2024-12-19 12:02:16
500110023,51,6,45,2024-12-19 10:07:16
500113008,51,5,46,2024-12-19 11:13:15
500113008,51,2,48,2024-12-19 09:56:15
500113008,51,3,48,2024-12-19 10:35:16
500101113,51,0,49,2024-12-19 10:02:15
500101193,51,1,50,2024-12-19 10:04:16
500101113,51,48,3,2024-12-19 20:13:15
500112064,51,44,7,2024-12-19 18:08:16
500112064,51,39,12,2024-12-19 17:58:16
500112064,51,38,13,2024-12-19 19:26:15
500112026,51,35,15,2024-12-19 18:04:15
500112064,51,36,15,2024-12-19 19:49:15
500112026,51,30,18,2024-12-19 20:59:15
500112026,51,28,22,2024-12-19 17:38:16
500112064,51,29,22,2024-12-19 20:39:16
500113042,51,23,26,2024-12-19 20:29:14
500113042,51,22,27,2024-12-19 19:17:14
500119086,51,15,29,2024-12-19 18:29:16
500111060,51,21,30,2024-12-19 17:45:16
500113042,51,19,30,2024-12-19 18:42:15
500119086,51,11,33,2024-12-19 18:36:16
500112026,51,12,36,2024-12-19 19:45:15
500113042,51,12,37,2024-12-19 17:36:15
500101114,51,11,40,2024-12-19 21:08:15
500110023,51,11,40,2024-12-19 17:25:15
500101114,51,9,42,2024-12-19 18:57:15
500113008,51,7,44,2024-12-19 17:48:15
500113008,51,6,45,2024-12-19 17:58:16
500101193,51,2,49,2024-12-19 19:18:15
500101193,51,0,51,2024-12-19 17:32:16
500101193,51,0,51,2024-12-19 18:09:16
500119086,51,25,10,2024-12-19 14:51:15
500119086,51,7,25,2024-12-19 13:44:15
500119086,51,7,28,2024-12-19 16:48:16
500111060,51,20,31,2024-12-19 13:33:15
500101113,51,16,33,2024-12-19 14:47:15
500101113,51,17,34,2024-12-19 15:18:15
500101114,51,17,34,2024-12-19 16:48:16
500101114,51,12,38,2024-12-19 13:47:15
500110023,51,13,38,2024-12-19 13:10:16
500113042,51,10,39,2024-12-19 17:13:15
500113042,51,9,40,2024-12-19 15:39:15
500113008,51,5,46,2024-12-19 13:45:15
500113008,51,4,47,2024-12-19 14:36:16
500113008,51,3,48,2024-12-19 13:17:15
500113008,51,2,49,2024-12-19 15:30:17
500112064,51,49,2,2024-12-19 06:27:15
500112026,51,41,10,2024-12-19 05:17:15
500113042,51,36,12,2024-12-19 05:04:15
500101113,51,32,17,2024-12-19 07:16:15
500112064,51,33,18,2024-12-19 07:27:15
500113008,51,29,21,2024-12-19 06:22:14
500111060,51,28,23,2024-12-19 08:17:15
500112064,51,28,23,2024-12-19 08:25:16
500112026,51,27,24,2024-12-19 07:57:16
500113008,51,26,24,2024-12-19 06:36:14
500119086,51,27,24,2024-12-19 08:47:15
500112026,51,25,26,2024-12-19 07:27:15
500101114,51,19,31,2024-12-19 08:37:15
500101114,51,17,33,2024-12-19 07:16:15
500110023,51,8,43,2024-12-19 08:45:15
500113008,51,24,27,2024-12-19 00:42:15
500101193,51,35,16,2024-12-19 00:53:15
500110023,51,28,23,2024-12-19 23:54:15
500110023,51,39,12,2024-12-19 00:32:15
500113042,51,32,17,2024-12-19 00:59:15
500110023,51,22,29,2024-12-19 21:29:15
500101113,51,41,8,2024-12-19 04:05:15
500101193,51,42,9,2024-12-19 01:21:15
500101113,51,42,8,2024-12-19 03:40:15
500113042,51,31,18,2024-12-19 02:15:15
500111060,51,41,10,2024-12-19 22:46:15
500101193,51,21,30,2024-12-19 23:29:14
500112064,51,33,18,2024-12-19 01:32:14
500119086,51,20,16,2024-12-19 09:55:17
500111060,51,20,31,2024-12-19 12:26:15
500101114,51,14,36,2024-12-19 10:38:15
500101114,51,14,36,2024-12-19 10:44:16
500110023,51,14,37,2024-12-19 11:59:16
500101114,51,12,38,2024-12-19 11:47:16
500112026,51,11,40,2024-12-19 11:36:15
500101193,51,9,42,2024-12-19 09:05:16
500112026,51,9,42,2024-12-19 12:28:15
500101113,51,5,44,2024-12-19 12:08:15
500101113,51,5,44,2024-12-19 10:48:15
500101113,51,4,45,2024-12-19 10:27:16
500110023,51,6,45,2024-12-19 09:55:17
500113042,51,4,45,2024-12-19 10:18:15
500113008,51,5,46,2024-12-19 12:19:16
500113042,51,3,46,2024-12-19 09:41:15
500112064,51,3,48,2024-12-19 10:18:15
500112064,51,2,49,2024-12-19 09:56:15
500113008,51,1,49,2024-12-19 10:27:16
500112064,51,49,2,2024-12-19 18:26:16
500101113,51,39,12,2024-12-19 20:49:14
500101113,51,39,12,2024-12-19 18:18:16
500119086,51,36,15,2024-12-19 18:48:16
500112064,51,35,16,2024-12-19 17:27:16
500119086,51,25,19,2024-12-19 18:08:16
500112064,51,30,21,2024-12-19 20:45:16
500110023,51,24,27,2024-12-19 20:49:15
500111060,51,24,27,2024-12-19 18:35:16
500113042,51,22,27,2024-12-19 20:52:15
500119086,51,24,27,2024-12-19 19:46:14
500113042,51,21,28,2024-12-19 18:34:15
500113042,51,19,30,2024-12-19 17:59:15
500110023,51,17,34,2024-12-19 18:51:16
500110023,51,15,36,2024-12-19 18:38:16
500101114,51,11,40,2024-12-19 20:56:15
500101114,51,11,40,2024-12-19 18:16:16
500113008,51,11,40,2024-12-19 20:11:16
500101114,51,10,41,2024-12-19 20:34:15
500112026,51,7,41,2024-12-19 19:13:15
500101114,51,9,42,2024-12-19 20:48:15
500101114,51,8,43,2024-12-19 19:33:15
500112064,51,46,5,2024-12-19 13:56:14
500112064,51,39,12,2024-12-19 16:27:16
500112064,51,39,12,2024-12-19 16:38:15
500112064,51,38,13,2024-12-19 15:46:16
500101193,51,26,25,2024-12-19 14:54:15
500101113,51,20,31,2024-12-19 17:17:16
500101113,51,20,31,2024-12-19 15:36:15
500101193,51,20,31,2024-12-19 14:18:15
500101193,51,19,32,2024-12-19 15:30:16
500112026,51,17,33,2024-12-19 16:18:16
500101113,51,15,34,2024-12-19 14:24:15
500101114,51,17,34,2024-12-19 17:05:17
500101193,51,16,35,2024-12-19 16:22:16
500101114,51,15,36,2024-12-19 14:46:15
500101114,51,12,38,2024-12-19 14:07:16
500101114,51,12,39,2024-12-19 15:16:15
500112026,51,11,40,2024-12-19 15:15:16
500113042,51,8,41,2024-12-19 16:16:14
500113042,51,8,41,2024-12-19 16:38:15
500113008,51,4,47,2024-12-19 16:26:15
500110023,51,24,27,2024-12-19 21:47:15
500112064,51,47,4,2024-12-19 06:37:15
500112064,51,46,5,2024-12-19 05:52:15
500111060,51,45,6,2024-12-19 06:56:15
500112064,51,42,9,2024-12-19 05:21:14
500112026,51,39,12,2024-12-19 05:29:15
500101193,51,38,13,2024-12-19 06:43:15
500111060,51,36,15,2024-12-19 07:36:14
500110023,51,34,17,2024-12-19 07:52:15
500112064,51,32,19,2024-12-19 07:47:15
500112026,51,31,20,2024-12-19 07:16:15
500112064,51,26,25,2024-12-19 07:57:16
500113008,51,25,25,2024-12-19 06:42:15
500113042,51,22,26,2024-12-19 07:16:15
500101113,51,20,29,2024-12-19 07:27:15
500113008,51,15,35,2024-12-19 07:27:15
500113042,51,12,36,2024-12-19 08:14:16
500101113,51,7,42,2024-12-19 08:01:15
500119086,51,3,48,2024-12-19 05:57:15
500111060,51,43,8,2024-12-19 00:18:14
500111060,51,42,9,2024-12-19 23:05:15
500101114,51,15,36,2024-12-19 22:26:15
500101113,51,18,33,2024-12-19 22:31:16
500101114,51,11,40,2024-12-19 21:38:15
500112064,51,27,24,2024-12-19 21:35:16
500101114,51,13,38,2024-12-19 22:09:15
500111060,51,39,12,2024-12-19 22:09:15
500119086,51,1,50,2024-12-19 03:26:14
500112064,51,3,48,2024-12-19 00:59:15
500113008,51,26,25,2024-12-19 01:47:15
500113008,51,18,33,2024-12-19 22:50:15
500112064,51,10,41,2024-12-19 23:31:15
500119086,51,26,6,2024-12-19 11:57:15
500112064,51,34,17,2024-12-19 12:38:15
500119086,51,4,28,2024-12-19 12:46:15
500111060,51,19,32,2024-12-19 09:59:15
500101114,51,16,34,2024-12-19 11:37:15
500110023,51,16,35,2024-12-19 11:58:16
500112026,51,10,41,2024-12-19 09:25:16
500101193,51,8,43,2024-12-19 12:08:15
500113042,51,6,43,2024-12-19 09:27:15
500113042,51,6,43,2024-12-19 09:33:15
500101113,51,5,44,2024-12-19 11:16:15
500110023,51,7,44,2024-12-19 09:46:16
500112026,51,7,44,2024-12-19 12:19:16
500101113,51,4,45,2024-12-19 09:27:15
500112026,51,6,45,2024-12-19 10:18:15
500113008,51,5,46,2024-12-19 10:58:16
500113042,51,2,47,2024-12-19 11:58:15
500113042,51,2,47,2024-12-19 10:32:15
500101193,51,2,49,2024-12-19 12:14:15
500101193,51,0,51,2024-12-19 10:15:16
500101113,51,50,1,2024-12-19 19:19:16
500112064,51,29,22,2024-12-19 20:55:17
500112026,51,24,26,2024-12-19 17:28:15
500113042,51,23,26,2024-12-19 21:19:16
500110023,51,23,28,2024-12-19 20:55:17
500111060,51,23,28,2024-12-19 17:22:16
500113042,51,21,28,2024-12-19 19:00:18
500113042,51,20,29,2024-12-19 18:55:17
500113042,51,19,30,2024-12-19 18:03:15
500112026,51,17,32,2024-12-19 21:19:16
500112026,51,11,37,2024-12-19 19:37:16
500113008,51,14,37,2024-12-19 21:03:14
500113008,51,13,38,2024-12-19 20:49:15
500101114,51,11,40,2024-12-19 17:38:15
500101114,51,10,41,2024-12-19 17:45:16
500113008,51,10,41,2024-12-19 19:23:15
500113008,51,8,43,2024-12-19 19:38:15
500113008,51,8,43,2024-12-19 18:35:16
500101193,51,4,47,2024-12-19 20:42:15
500112064,51,41,10,2024-12-19 14:38:15
500119086,51,24,11,2024-12-19 14:26:15
500119086,51,22,13,2024-12-19 15:07:15
500119086,51,8,27,2024-12-19 16:37:15
500111060,51,20,31,2024-12-19 17:01:16
500112026,51,17,33,2024-12-19 16:42:15
500112026,51,17,33,2024-12-19 17:14:16
500101193,51,17,34,2024-12-19 16:01:16
500101193,51,15,36,2024-12-19 13:25:16
500101114,51,14,37,2024-12-19 14:27:14
500101113,51,11,38,2024-12-19 14:08:15
500110023,51,13,38,2024-12-19 17:17:16
500101114,51,12,39,2024-12-19 15:08:14
500113008,51,4,47,2024-12-19 13:26:15
500112026,51,12,32,2024-12-19 21:49:15
500101193,51,41,10,2024-12-19 06:07:15
500113042,51,37,11,2024-12-19 04:57:14
500101193,51,39,12,2024-12-19 06:53:15
500110023,51,39,12,2024-12-19 06:34:15
500111060,51,39,12,2024-12-19 07:23:15
500112026,51,35,16,2024-12-19 06:26:15
500113042,51,32,16,2024-12-19 07:37:15
500113042,51,29,19,2024-12-19 07:47:15
500113008,51,27,23,2024-12-19 05:05:16
500113008,51,23,27,2024-12-19 06:56:14
500119086,51,21,30,2024-12-19 08:35:16
500101114,51,19,31,2024-12-19 08:47:15
500101114,51,14,36,2024-12-19 08:17:15
500113008,51,13,37,2024-12-19 08:26:15
500110023,51,11,40,2024-12-19 08:57:15
500101113,51,0,49,2024-12-19 08:16:15
500101114,51,20,30,2024-12-19 00:02:15
500111060,51,42,9,2024-12-19 00:16:15
500101113,51,44,6,2024-12-19 00:19:15
500101114,51,13,38,2024-12-19 23:56:14
500113008,51,19,32,2024-12-19 23:18:15
500101193,51,41,10,2024-12-19 01:16:15
500113042,51,38,11,2024-12-19 23:12:15
500101193,51,2,49,2024-12-19 21:31:15
500113042,51,25,24,2024-12-19 21:37:15
500101113,51,41,9,2024-12-19 03:04:14
500112064,51,43,8,2024-12-19 02:13:15
500112026,51,40,11,2024-12-19 03:42:14
500119086,51,2,49,2024-12-19 22:00:16
500101193,51,41,10,2024-12-19 02:22:15
500101114,51,14,37,2024-12-19 22:40:15
500101114,51,13,38,2024-12-19 22:53:15
500119086,51,29,7,2024-12-19 10:07:16
500112064,51,32,19,2024-12-19 13:01:15
500119086,51,5,27,2024-12-19 12:28:15
500119086,51,3,29,2024-12-19 12:56:15
500101114,51,20,30,2024-12-19 09:47:15
500101114,51,20,30,2024-12-19 09:59:16
500101114,51,18,32,2024-12-19 10:17:16
500112064,51,17,34,2024-12-19 10:47:16
500113042,51,12,36,2024-12-19 09:01:15
500110023,51,14,37,2024-12-19 12:53:15
500110023,51,13,38,2024-12-19 12:44:15
500112026,51,10,41,2024-12-19 11:04:15
500112026,51,10,41,2024-12-19 11:18:16
500101113,51,7,42,2024-12-19 12:53:15
500110023,51,8,43,2024-12-19 09:27:15
500113008,51,7,44,2024-12-19 12:06:16
500113042,51,4,45,2024-12-19 10:04:16
500101113,51,3,46,2024-12-19 10:18:15
500113042,51,2,47,2024-12-19 11:36:15
500101113,51,1,48,2024-12-19 09:37:15
500113042,51,0,49,2024-12-19 11:46:14
500101193,51,1,50,2024-12-19 09:55:16
500101193,51,0,51,2024-12-19 13:06:14
500111060,51,32,19,2024-12-19 19:31:15
500113042,51,23,26,2024-12-19 19:36:15
500113008,51,15,36,2024-12-19 21:16:15
500110023,51,13,38,2024-12-19 17:29:16
500113008,51,11,40,2024-12-19 19:02:16
500101114,51,10,41,2024-12-19 19:28:15
500101114,51,10,41,2024-12-19 18:37:15
500113008,51,10,41,2024-12-19 18:58:16
500113008,51,9,42,2024-12-19 19:18:15
500113008,51,8,43,2024-12-19 18:48:15
500113008,51,5,46,2024-12-19 18:28:16
500101193,51,1,50,2024-12-19 18:53:15
500101193,51,0,51,2024-12-19 17:44:16
500112064,51,41,10,2024-12-19 15:00:17
500112064,51,38,13,2024-12-19 17:08:16
500119086,51,21,14,2024-12-19 15:28:14
500112064,51,32,19,2024-12-19 13:23:15
500119086,51,8,24,2024-12-19 13:37:14
500101113,51,23,28,2024-12-19 16:38:15
500101113,51,21,30,2024-12-19 16:48:16
500101193,51,21,30,2024-12-19 15:10:15
500111060,51,19,32,2024-12-19 16:16:15
500101113,51,18,33,2024-12-19 16:25:16
500101193,51,18,33,2024-12-19 15:45:16
500112026,51,18,33,2024-12-19 16:08:16
500101113,51,16,35,2024-12-19 15:08:15
500101113,51,14,35,2024-12-19 14:11:16
500110023,51,16,35,2024-12-19 14:12:14
500112026,51,14,37,2024-12-19 15:50:16
500110023,51,13,38,2024-12-19 13:51:15
500113042,51,10,39,2024-12-19 16:57:16
500113042,51,8,41,2024-12-19 13:17:15
500112064,51,46,5,2024-12-19 06:56:14
500110023,51,40,11,2024-12-19 06:14:15
500112026,51,39,12,2024-12-19 06:14:14
500110023,51,38,13,2024-12-19 07:17:14
500113042,51,29,19,2024-12-19 06:43:15
500111060,51,24,27,2024-12-19 08:45:16
500101193,51,20,31,2024-12-19 08:57:15
500101114,51,14,36,2024-12-19 06:37:15
500113042,51,11,37,2024-12-19 08:54:15
500101114,51,9,41,2024-12-19 05:32:15
500101113,51,7,42,2024-12-19 07:57:16
500101113,51,6,43,2024-12-19 07:46:15
500119086,51,5,46,2024-12-19 07:37:15
500101113,51,2,47,2024-12-19 08:23:15
500101193,51,34,17,2024-12-19 00:47:15
500112064,51,2,49,2024-12-19 00:41:15
500103044,52,3,49,2024-12-19 00:36:15
500112076,52,4,48,2024-12-19 21:39:15
500107012,52,1,50,2024-12-19 02:53:15
500110044,52,14,38,2024-12-19 02:16:15
500101156,52,18,34,2024-12-19 21:57:15
500101156,52,18,34,2024-12-19 03:30:16
500107012,52,2,49,2024-12-19 03:20:15
500110044,52,14,38,2024-12-19 01:01:14
500101139,52,25,27,2024-12-19 04:37:14
500112076,52,2,50,2024-12-19 22:19:15
500110044,52,14,38,2024-12-19 22:12:15
500101139,52,44,8,2024-12-19 22:18:14
500101139,52,43,9,2024-12-19 22:54:14
500107012,52,51,0,2024-12-19 09:00:18
500107012,52,50,1,2024-12-19 11:48:15
500110044,52,27,25,2024-12-19 11:43:15
500110044,52,25,27,2024-12-19 12:48:15
500110044,52,24,28,2024-12-19 11:09:15
500110044,52,21,31,2024-12-19 10:57:15
500110044,52,16,36,2024-12-19 10:07:16
500110044,52,15,37,2024-12-19 10:18:15
500103044,52,10,41,2024-12-19 12:36:14
500103044,52,8,43,2024-12-19 12:16:15
500103044,52,7,44,2024-12-19 11:23:15
500112076,52,3,49,2024-12-19 11:57:16
500101156,52,2,50,2024-12-19 10:15:16
500112076,52,2,50,2024-12-19 11:47:16
500101156,52,1,51,2024-12-19 09:26:15
500110062,52,1,51,2024-12-19 09:35:16
500112076,52,1,51,2024-12-19 09:57:15
500101156,52,0,52,2024-12-19 10:58:16
500101139,52,45,7,2024-12-19 20:52:15
500107012,52,34,17,2024-12-19 18:08:16
500101139,52,32,20,2024-12-19 19:06:16
500101139,52,32,20,2024-12-19 18:29:16
500101139,52,31,21,2024-12-19 19:48:15
500107012,52,30,21,2024-12-19 21:18:15
500110044,52,28,24,2024-12-19 18:45:15
500101156,52,19,33,2024-12-19 21:06:15
500101156,52,19,33,2024-12-19 21:17:15
500101156,52,16,36,2024-12-19 20:26:16
500103044,52,13,38,2024-12-19 21:09:16
500101156,52,12,40,2024-12-19 17:38:16
500110062,52,8,44,2024-12-19 17:38:16
500112076,52,4,48,2024-12-19 19:48:15
500112076,52,3,49,2024-12-19 18:58:16
500107012,52,45,6,2024-12-19 13:49:15
500107012,52,44,7,2024-12-19 13:33:15
500107012,52,43,8,2024-12-19 15:06:15
500101139,52,38,14,2024-12-19 15:08:15
500101139,52,37,15,2024-12-19 16:46:15
500110044,52,34,18,2024-12-19 13:22:15
500110044,52,34,18,2024-12-19 14:44:15
500112076,52,18,34,2024-12-19 15:46:15
500112076,52,17,35,2024-12-19 16:33:15
500101156,52,15,37,2024-12-19 15:15:15
500101156,52,14,38,2024-12-19 16:28:15
500110062,52,3,49,2024-12-19 16:38:15
500110062,52,0,52,2024-12-19 15:03:15
500101139,52,47,5,2024-12-19 21:44:15
500110044,52,38,14,2024-12-19 07:27:14
500110044,52,35,17,2024-12-19 07:57:16
500101139,52,34,18,2024-12-19 07:32:15
500101139,52,33,19,2024-12-19 08:36:14
500107012,52,20,31,2024-12-19 07:16:14
500112076,52,20,32,2024-12-19 06:56:15
500110062,52,18,34,2024-12-19 07:57:16
500110062,52,18,34,2024-12-19 06:25:15
500110062,52,17,35,2024-12-19 07:16:15
500110062,52,17,35,2024-12-19 08:02:15
500101156,52,15,37,2024-12-19 06:52:15
500110062,52,15,37,2024-12-19 07:45:16
500110062,52,14,38,2024-12-19 06:37:14
500103044,52,6,46,2024-12-19 07:17:14
500112076,52,6,46,2024-12-19 08:56:16
500101156,52,2,50,2024-12-19 08:26:15
500101156,52,2,50,2024-12-19 08:37:16
500110044,52,45,7,2024-12-19 23:53:15
500112076,52,14,38,2024-12-19 23:55:16
500110044,52,26,26,2024-12-19 04:10:15
500107012,52,17,34,2024-12-19 22:09:15
500101139,52,46,6,2024-12-19 22:07:15
500101139,52,22,30,2024-12-19 01:22:15
500112076,52,9,43,2024-12-19 21:59:15
500110044,52,13,39,2024-12-19 21:48:15
500112076,52,7,45,2024-12-19 01:27:16
500103044,52,2,50,2024-12-19 02:14:15
500101139,52,45,7,2024-12-19 22:49:15
500107012,52,15,36,2024-12-19 04:34:15
500110044,52,27,25,2024-12-19 03:58:15
500107012,52,51,0,2024-12-19 12:38:15
500107012,52,49,2,2024-12-19 10:58:16
500107012,52,49,2,2024-12-19 11:28:16
500107012,52,48,3,2024-12-19 09:24:15
500107012,52,47,4,2024-12-19 10:07:16
500107012,52,46,5,2024-12-19 10:38:15
500101139,52,42,10,2024-12-19 11:15:16
500110044,52,28,24,2024-12-19 12:19:16
500110044,52,24,28,2024-12-19 12:36:15
500110044,52,24,28,2024-12-19 11:37:15
500110062,52,6,46,2024-12-19 09:06:15
500110062,52,5,47,2024-12-19 09:09:15
500110062,52,4,48,2024-12-19 12:37:15
500110062,52,4,48,2024-12-19 12:40:17
500110062,52,2,50,2024-12-19 11:47:16
500110062,52,2,50,2024-12-19 10:28:15
500101156,52,0,52,2024-12-19 12:07:16
500101156,52,0,52,2024-12-19 10:35:16
500110062,52,0,52,2024-12-19 09:58:15
500110062,52,0,52,2024-12-19 11:01:18
500112076,52,0,52,2024-12-19 10:34:15
500101139,52,34,18,2024-12-19 19:15:16
500107012,52,32,19,2024-12-19 18:18:15
500101139,52,32,20,2024-12-19 17:25:16
500107012,52,28,23,2024-12-19 20:09:15
500110044,52,29,23,2024-12-19 18:58:16
500107012,52,26,25,2024-12-19 19:38:14
500110062,52,26,26,2024-12-19 20:29:14
500110062,52,24,28,2024-12-19 20:07:15
500110062,52,23,29,2024-12-19 21:07:16
500110062,52,23,29,2024-12-19 21:18:14
500112076,52,18,34,2024-12-19 17:48:15
500103044,52,14,37,2024-12-19 19:59:16
500103044,52,14,37,2024-12-19 17:20:17
500112076,52,15,37,2024-12-19 21:09:16
500101156,52,13,39,2024-12-19 20:39:16
500112076,52,11,41,2024-12-19 20:59:17
500110044,52,10,42,2024-12-19 21:07:16
500110062,52,9,43,2024-12-19 17:26:15
500101156,52,4,48,2024-12-19 18:17:15
500112076,52,0,52,2024-12-19 19:38:16
500107012,52,47,4,2024-12-19 14:46:15
500107012,52,46,5,2024-12-19 16:26:15
500107012,52,44,7,2024-12-19 13:47:15
500107012,52,43,8,2024-12-19 16:07:14
500101139,52,39,13,2024-12-19 15:56:15
500110044,52,36,16,2024-12-19 14:06:15
500101139,52,32,20,2024-12-19 17:15:17
500110044,52,31,21,2024-12-19 16:58:15
500112076,52,23,29,2024-12-19 15:08:14
500112076,52,20,32,2024-12-19 14:58:15
500103044,52,13,38,2024-12-19 16:35:15
500103044,52,12,39,2024-12-19 16:48:16
500112076,52,13,39,2024-12-19 14:07:15
500112076,52,7,45,2024-12-19 16:52:15
500110062,52,3,49,2024-12-19 13:18:14
500110044,52,38,14,2024-12-19 07:44:15
500101139,52,30,22,2024-12-19 08:27:16
500110044,52,23,29,2024-12-19 06:02:15
500101156,52,21,31,2024-12-19 06:16:15
500112076,52,19,33,2024-12-19 07:17:14
500110062,52,18,34,2024-12-19 07:26:15
500107012,52,14,37,2024-12-19 07:35:15
500110062,52,9,43,2024-12-19 08:26:15
500101156,52,6,46,2024-12-19 08:17:15
500107012,52,14,37,2024-12-19 23:57:15
500107012,52,2,49,2024-12-19 00:33:15
500101139,52,44,8,2024-12-19 23:19:15
500101156,52,20,32,2024-12-19 22:20:15
500103044,52,12,39,2024-12-19 21:15:16
500110044,52,12,40,2024-12-19 22:07:15
500107012,52,21,30,2024-12-19 21:58:15
500101139,52,46,6,2024-12-19 21:56:15
500101156,52,2,50,2024-12-19 01:45:15
500110062,52,14,38,2024-12-19 22:45:16
500101139,52,43,9,2024-12-19 23:09:15
500101139,52,31,21,2024-12-19 04:43:15
500107012,52,51,0,2024-12-19 12:58:15
500107012,52,46,5,2024-12-19 10:27:15
500101139,52,39,13,2024-12-19 13:02:14
500110044,52,29,23,2024-12-19 12:58:15
500110044,52,29,23,2024-12-19 12:08:15
500110044,52,19,33,2024-12-19 10:33:15
500110044,52,13,39,2024-12-19 09:07:15
500103044,52,11,40,2024-12-19 12:42:15
500103044,52,5,46,2024-12-19 09:34:14
500110062,52,2,50,2024-12-19 09:25:16
500110062,52,1,51,2024-12-19 10:31:16
500107012,52,31,20,2024-12-19 18:29:16
500101139,52,30,22,2024-12-19 18:36:16
500107012,52,28,23,2024-12-19 20:59:15
500110062,52,27,25,2024-12-19 20:39:16
500110062,52,25,27,2024-12-19 18:27:15
500112076,52,22,30,2024-12-19 18:08:16
500103044,52,16,35,2024-12-19 19:29:15
500101156,52,13,39,2024-12-19 18:48:15
500110044,52,11,41,2024-12-19 20:49:15
500112076,52,0,52,2024-12-19 20:35:16
500107012,52,45,6,2024-12-19 15:28:14
500101139,52,39,13,2024-12-19 13:29:15
500101139,52,39,13,2024-12-19 14:13:15
500101139,52,38,14,2024-12-19 13:54:15
500101139,52,35,17,2024-12-19 16:57:16
500110044,52,31,21,2024-12-19 16:38:14
500112076,52,25,27,2024-12-19 14:16:16
500110044,52,23,29,2024-12-19 17:18:16
500112076,52,23,29,2024-12-19 17:17:16
500101156,52,14,38,2024-12-19 16:03:15
500101156,52,14,38,2024-12-19 15:24:15
500103044,52,10,41,2024-12-19 13:37:14
500101156,52,2,50,2024-12-19 13:09:15
500110062,52,2,50,2024-12-19 17:05:17
500107012,52,24,27,2024-12-19 21:47:15
500101139,52,31,21,2024-12-19 07:46:15
500101156,52,20,32,2024-12-19 05:47:15
500110062,52,20,32,2024-12-19 05:16:14
500107012,52,18,33,2024-12-19 08:01:15
500110062,52,13,39,2024-12-19 08:37:15
500101156,52,5,47,2024-12-19 07:56:15
500112076,52,4,48,2024-12-19 07:47:15
500101156,52,1,51,2024-12-19 08:56:16
500112076,52,1,51,2024-12-19 07:57:16
500110044,52,14,38,2024-12-19 00:50:16
500110062,52,19,33,2024-12-19 21:38:15
500112076,52,8,44,2024-12-19 02:58:15
500110062,52,20,32,2024-12-19 04:17:15
500107012,52,2,49,2024-12-19 02:24:14
500101156,52,19,33,2024-12-19 22:19:15
500103044,52,12,39,2024-12-19 22:24:15
500110044,52,13,39,2024-12-19 22:24:15
500107012,52,50,1,2024-12-19 12:28:15
500107012,52,50,1,2024-12-19 12:47:15
500107012,52,49,2,2024-12-19 09:09:15
500107012,52,49,2,2024-12-19 09:47:15
500107012,52,45,6,2024-12-19 12:08:15
500101139,52,39,13,2024-12-19 10:07:16
500101139,52,36,16,2024-12-19 09:37:15
500110044,52,26,26,2024-12-19 12:26:15
500110044,52,18,34,2024-12-19 09:47:15
500103044,52,10,41,2024-12-19 10:45:16
500103044,52,10,41,2024-12-19 11:08:15
500103044,52,7,44,2024-12-19 09:52:14
500103044,52,5,46,2024-12-19 09:05:16
500110062,52,2,50,2024-12-19 09:40:16
500112076,52,2,50,2024-12-19 12:06:14
500101156,52,1,51,2024-12-19 12:44:15
500112076,52,1,51,2024-12-19 10:58:16
500101139,52,40,12,2024-12-19 20:39:16
500110044,52,36,16,2024-12-19 18:08:15
500101139,52,34,18,2024-12-19 17:38:16
500101139,52,34,18,2024-12-19 19:26:14
500101139,52,32,20,2024-12-19 19:58:15
500107012,52,29,22,2024-12-19 20:12:15
500107012,52,28,23,2024-12-19 18:57:15
500110044,52,29,23,2024-12-19 19:26:15
500107012,52,25,26,2024-12-19 19:19:15
500110044,52,26,26,2024-12-19 17:48:15
500110062,52,25,27,2024-12-19 18:56:15
500110062,52,23,29,2024-12-19 19:53:14
500110062,52,23,29,2024-12-19 18:18:16
500101156,52,20,32,2024-12-19 19:27:15
500103044,52,17,34,2024-12-19 17:59:14
500103044,52,15,36,2024-12-19 18:37:15
500110044,52,16,36,2024-12-19 20:29:15
500110044,52,16,36,2024-12-19 17:27:15
500110062,52,11,41,2024-12-19 17:47:16
500110044,52,8,44,2024-12-19 20:56:15
500101156,52,6,46,2024-12-19 18:33:16
500112076,52,3,49,2024-12-19 19:59:16
500107012,52,45,6,2024-12-19 17:18:16
500101139,52,37,15,2024-12-19 15:40:16
500110044,52,35,17,2024-12-19 16:45:16
500101139,52,34,18,2024-12-19 16:59:15
500110044,52,34,18,2024-12-19 13:38:16
500110044,52,33,19,2024-12-19 16:16:15
500110044,52,31,21,2024-12-19 15:13:16
500112076,52,23,29,2024-12-19 14:26:15
500112076,52,16,36,2024-12-19 15:55:16
500101156,52,14,38,2024-12-19 16:48:16
500103044,52,13,38,2024-12-19 16:58:15
500101156,52,13,39,2024-12-19 15:44:15
500107012,52,51,0,2024-12-19 08:56:16
500101139,52,47,5,2024-12-19 08:56:16
500101139,52,35,17,2024-12-19 07:17:14
500101139,52,30,22,2024-12-19 08:03:15
500110044,52,26,26,2024-12-19 06:46:15
500101156,52,19,33,2024-12-19 05:32:15
500107012,52,18,33,2024-12-19 06:25:15
500110062,52,19,33,2024-12-19 04:50:15
500107012,52,16,35,2024-12-19 05:27:15
500110062,52,16,36,2024-12-19 06:06:14
500101156,52,15,37,2024-12-19 06:47:15
500101156,52,13,39,2024-12-19 07:16:14
500112076,52,7,45,2024-12-19 07:35:16
500103044,52,6,46,2024-12-19 05:34:15
500103044,52,6,46,2024-12-19 06:38:15
500112076,52,4,48,2024-12-19 08:17:15
500110044,52,15,37,2024-12-19 00:20:15
500112076,52,0,52,2024-12-19 00:14:15
500101139,52,23,29,2024-12-19 00:43:15
500110044,52,14,38,2024-12-19 22:38:14
500101156,52,19,33,2024-12-19 21:39:15
500107012,52,1,50,2024-12-19 03:38:15
500110062,52,17,35,2024-12-19 21:43:15
500107012,52,16,35,2024-12-19 22:12:15
500110062,52,18,34,2024-12-19 22:13:15
500107012,52,51,0,2024-12-19 13:08:15
500107012,52,51,0,2024-12-19 09:57:15
500101139,52,42,10,2024-12-19 12:01:16
500101139,52,42,10,2024-12-19 12:17:16
500101139,52,39,13,2024-12-19 12:54:15
500101139,52,37,15,2024-12-19 09:40:16
500110044,52,33,19,2024-12-19 13:04:16
500110044,52,33,19,2024-12-19 11:57:16
500110044,52,19,33,2024-12-19 09:56:16
500110044,52,17,35,2024-12-19 10:27:16
500103044,52,6,45,2024-12-19 09:47:15
500103044,52,6,45,2024-12-19 11:35:17
500103044,52,6,45,2024-12-19 11:48:15
500101156,52,2,50,2024-12-19 09:09:15
500110062,52,2,50,2024-12-19 12:54:15
500112076,52,2,50,2024-12-19 09:36:15
500112076,52,2,50,2024-12-19 11:18:16
500101156,52,1,51,2024-12-19 12:25:15
500101156,52,1,51,2024-12-19 11:08:15
500112076,52,1,51,2024-12-19 10:18:15
500101156,52,0,52,2024-12-19 11:14:16
500110062,52,0,52,2024-12-19 09:56:16
500110062,52,0,52,2024-12-19 10:17:16
500112076,52,0,52,2024-12-19 10:06:15
500101139,52,45,7,2024-12-19 20:43:15
500101139,52,39,13,2024-12-19 17:57:15
500110044,52,39,13,2024-12-19 17:58:16
500101139,52,35,17,2024-12-19 18:16:16
500101139,52,35,17,2024-12-19 18:58:16
500101139,52,33,19,2024-12-19 20:29:14
500107012,52,26,25,2024-12-19 19:54:15
500107012,52,26,25,2024-12-19 20:48:15
500110062,52,27,25,2024-12-19 19:05:16
500107012,52,24,27,2024-12-19 19:27:15
500110044,52,25,27,2024-12-19 19:49:15
500101156,52,24,28,2024-12-19 18:58:15
500110044,52,23,29,2024-12-19 19:57:15
500112076,52,23,29,2024-12-19 17:28:15
500110062,52,20,32,2024-12-19 20:58:14
500112076,52,20,32,2024-12-19 17:59:15
500103044,52,18,33,2024-12-19 20:28:15
500101156,52,18,34,2024-12-19 19:55:16
500110062,52,18,34,2024-12-19 17:58:16
500110062,52,18,34,2024-12-19 18:08:16
500110044,52,13,39,2024-12-19 21:18:15
500101156,52,10,42,2024-12-19 17:28:15
500112076,52,3,49,2024-12-19 20:09:15
500112076,52,2,50,2024-12-19 19:19:15
500107012,52,44,7,2024-12-19 16:58:15
500101139,52,38,14,2024-12-19 14:06:15
500110044,52,34,18,2024-12-19 15:56:15
500110044,52,33,19,2024-12-19 15:26:15
500101156,52,18,34,2024-12-19 14:53:15
500101156,52,17,35,2024-12-19 13:57:15
500112076,52,14,38,2024-12-19 17:08:16
500112076,52,7,45,2024-12-19 13:38:15
500110062,52,2,50,2024-12-19 16:55:17
500107012,52,48,3,2024-12-19 08:47:15
500101139,52,35,17,2024-12-19 06:28:15
500101139,52,34,18,2024-12-19 05:12:14
500101139,52,30,22,2024-12-19 07:48:15
500110044,52,25,27,2024-12-19 05:12:14
500110044,52,24,28,2024-12-19 05:29:15
500110044,52,24,28,2024-12-19 06:22:14
500112076,52,24,28,2024-12-19 06:36:14
500112076,52,20,32,2024-12-19 04:45:15
500107012,52,17,34,2024-12-19 06:31:15
500107012,52,17,34,2024-12-19 06:03:15
500101156,52,7,45,2024-12-19 07:27:15
500103044,52,7,45,2024-12-19 06:19:15
500103044,52,5,46,2024-12-19 07:45:16
500103044,52,5,46,2024-12-19 07:57:15
500103044,52,5,47,2024-12-19 06:52:15
500110062,52,5,47,2024-12-19 08:44:16
500103044,52,4,48,2024-12-19 05:24:14
500112076,52,2,50,2024-12-19 08:37:15
500101156,52,0,52,2024-12-19 08:46:15
500101156,52,1,51,2024-12-19 00:04:16
500110062,52,8,44,2024-12-19 00:17:15
500101156,52,2,50,2024-12-19 03:09:15
500110062,52,13,39,2024-12-19 23:36:15
500112076,52,14,38,2024-12-19 23:42:15
500101156,52,18,34,2024-12-19 23:49:15
500107012,52,15,36,2024-12-19 23:12:15
500110044,52,29,23,2024-12-19 23:14:15
500103044,52,13,38,2024-12-19 22:37:15
500101139,52,24,28,2024-12-19 02:25:15
500110062,52,11,41,2024-12-19 23:55:16
500110062,52,20,32,2024-12-19 01:02:15
500110044,52,15,37,2024-12-19 22:55:16
500103044,52,13,38,2024-12-19 22:15:15
500112076,52,0,52,2024-12-19 22:26:15
500110044,52,30,22,2024-12-19 23:29:14
500101139,52,47,5,2024-12-19 10:48:15
500101139,52,46,6,2024-12-19 09:05:16
500101139,52,41,11,2024-12-19 11:52:15
500101139,52,37,15,2024-12-19 12:38:15
500110062,52,3,49,2024-12-19 11:55:18
500112076,52,3,49,2024-12-19 12:38:15
500112076,52,3,49,2024-12-19 12:57:15
500101156,52,1,51,2024-12-19 11:35:17
500101156,52,1,51,2024-12-19 09:56:16
500110062,52,1,51,2024-12-19 11:26:15
500107012,52,40,11,2024-12-19 17:58:16
500107012,52,39,12,2024-12-19 17:48:14
500101139,52,32,20,2024-12-19 20:09:15
500110062,52,28,24,2024-12-19 18:47:16
500110062,52,26,26,2024-12-19 20:11:16
500110062,52,26,26,2024-12-19 19:19:15
500110062,52,24,28,2024-12-19 18:37:15
500101156,52,21,31,2024-12-19 19:18:15
500101156,52,16,36,2024-12-19 20:04:16
500103044,52,14,37,2024-12-19 20:06:14
500101156,52,12,40,2024-12-19 20:48:15
500101156,52,7,45,2024-12-19 18:04:16
500112076,52,2,50,2024-12-19 20:28:15
500107012,52,47,4,2024-12-19 14:15:16
500107012,52,45,6,2024-12-19 16:18:16
500107012,52,43,8,2024-12-19 16:36:15
500101139,52,39,13,2024-12-19 16:28:15
500101139,52,39,13,2024-12-19 13:46:16
500101139,52,37,15,2024-12-19 16:31:15
500110044,52,35,17,2024-12-19 14:33:16
500110044,52,33,19,2024-12-19 17:07:15
500112076,52,22,30,2024-12-19 15:12:15
500101156,52,18,34,2024-12-19 14:44:15
500112076,52,11,41,2024-12-19 16:48:16
500110062,52,6,46,2024-12-19 16:25:16
500112076,52,5,47,2024-12-19 13:24:14
500110062,52,1,51,2024-12-19 14:15:16
500101139,52,35,17,2024-12-19 07:23:15
500112076,52,26,26,2024-12-19 06:25:15
500103044,52,10,41,2024-12-19 08:55:16
500103044,52,9,42,2024-12-19 08:43:15
500101156,52,8,44,2024-12-19 07:47:15
500103044,52,7,45,2024-12-19 05:48:14
500110062,52,6,46,2024-12-19 08:57:14
500103044,52,5,47,2024-12-19 07:37:15
500110044,52,28,24,2024-12-19 03:56:14
500112076,52,1,51,2024-12-19 00:06:15
500103044,52,16,35,2024-12-19 22:52:15
500110044,52,13,39,2024-12-19 21:38:15
500107012,52,24,27,2024-12-19 21:38:15
500101156,52,20,32,2024-12-19 04:01:16
500112076,52,20,32,2024-12-19 04:23:14
500107012,52,3,48,2024-12-19 01:18:15
500110044,52,13,39,2024-12-19 03:25:15
500101139,52,44,8,2024-12-19 23:50:15
500112076,52,21,31,2024-12-19 04:37:14
500107012,52,16,35,2024-12-19 23:03:15
500101156,52,20,32,2024-12-19 23:08:15
500112076,52,0,52,2024-12-19 22:54:16
500107012,52,50,1,2024-12-19 09:33:15
500107012,52,49,2,2024-12-19 11:12:15
500101139,52,40,12,2024-12-19 11:26:15
500101139,52,38,14,2024-12-19 12:47:15
500110044,52,26,26,2024-12-19 11:27:15
500103044,52,10,41,2024-12-19 10:06:15
500101156,52,3,49,2024-12-19 10:06:15
500110062,52,2,50,2024-12-19 12:27:15
500112076,52,2,50,2024-12-19 12:39:15
500101156,52,1,51,2024-12-19 11:44:15
500101156,52,0,52,2024-12-19 12:51:15
500101156,52,0,52,2024-12-19 10:22:17
500107012,52,44,7,2024-12-19 17:38:16
500101139,52,37,15,2024-12-19 18:07:16
500101139,52,35,17,2024-12-19 17:48:15
500110044,52,32,20,2024-12-19 18:38:16
500110044,52,31,21,2024-12-19 19:07:15
500107012,52,27,24,2024-12-19 20:29:15
500107012,52,27,24,2024-12-19 20:39:16
500110062,52,23,29,2024-12-19 19:49:15
500110062,52,22,30,2024-12-19 21:20:16
500101156,52,21,31,2024-12-19 19:05:16
500103044,52,17,34,2024-12-19 18:13:15
500112076,52,18,34,2024-12-19 17:37:16
500103044,52,15,36,2024-12-19 17:32:15
500103044,52,15,36,2024-12-19 19:35:16
500101156,52,13,39,2024-12-19 17:45:16
500112076,52,13,39,2024-12-19 21:19:16
500101156,52,8,44,2024-12-19 17:59:15
500112076,52,6,46,2024-12-19 19:03:14
500112076,52,1,51,2024-12-19 19:29:16
500107012,52,51,0,2024-12-19 13:10:19
500107012,52,45,6,2024-12-19 17:05:17
500101139,52,38,14,2024-12-19 13:24:14
500110044,52,35,17,2024-12-19 14:20:16
500110044,52,34,18,2024-12-19 15:30:16
500112076,52,22,30,2024-12-19 14:37:14
500112076,52,18,34,2024-12-19 16:27:16
500112076,52,16,36,2024-12-19 16:16:14
500101156,52,14,38,2024-12-19 16:37:15
500112076,52,11,41,2024-12-19 13:46:16
500103044,52,9,42,2024-12-19 15:45:15
500110062,52,4,48,2024-12-19 16:48:16
500101139,52,36,16,2024-12-19 06:09:15
500101139,52,35,17,2024-12-19 05:50:15
500101139,52,28,24,2024-12-19 08:14:16
500110044,52,25,27,2024-12-19 06:56:15
500110044,52,24,28,2024-12-19 06:17:14
500110044,52,23,29,2024-12-19 08:27:16
500110044,52,23,29,2024-12-19 05:44:15
500107012,52,20,31,2024-12-19 06:56:15
500107012,52,20,31,2024-12-19 07:57:16
500110062,52,21,31,2024-12-19 05:25:15
500112076,52,20,32,2024-12-19 05:31:14
500110044,52,19,33,2024-12-19 08:57:14
500112076,52,19,33,2024-12-19 05:10:15
500110062,52,18,34,2024-12-19 07:34:15
500103044,52,8,44,2024-12-19 06:12:15
500103044,52,6,45,2024-12-19 08:01:15
500101156,52,19,33,2024-12-19 23:13:15
500110062,52,15,37,2024-12-19 22:39:15
500101156,52,3,49,2024-12-19 02:31:14
500103044,52,3,49,2024-12-19 02:42:15
500101156,52,16,36,2024-12-19 22:02:16
500110062,52,18,34,2024-12-19 22:08:14
500110044,52,27,25,2024-12-19 03:36:15
500112076,52,0,52,2024-12-19 22:49:15
500107012,52,17,34,2024-12-19 22:49:15
500110062,52,13,39,2024-12-19 23:20:16
500101156,52,20,32,2024-12-19 23:20:16
500107012,52,49,2,2024-12-19 11:06:15
500107012,52,48,3,2024-12-19 10:14:15
500107012,52,47,4,2024-12-19 11:38:15
500107012,52,43,8,2024-12-19 12:18:15
500101139,52,38,14,2024-12-19 12:27:15
500103044,52,11,40,2024-12-19 10:17:16
500110044,52,12,40,2024-12-19 09:27:14
500103044,52,10,41,2024-12-19 10:58:16
500101156,52,2,50,2024-12-19 11:56:16
500110062,52,2,50,2024-12-19 12:14:15
500101156,52,1,51,2024-12-19 13:08:16
500112076,52,0,52,2024-12-19 11:05:17
500101139,52,35,17,2024-12-19 18:47:16
500107012,52,34,17,2024-12-19 18:38:15
500101139,52,33,19,2024-12-19 19:34:15
500110044,52,33,19,2024-12-19 18:17:15
500101139,52,31,21,2024-12-19 20:11:16
500107012,52,30,21,2024-12-19 21:09:16
500110044,52,31,21,2024-12-19 18:29:16
500107012,52,28,23,2024-12-19 18:48:15
500110044,52,29,23,2024-12-19 19:19:15
500110062,52,25,27,2024-12-19 19:37:15
500101156,52,22,30,2024-12-19 19:34:15
500110044,52,21,31,2024-12-19 20:06:15
500112076,52,21,31,2024-12-19 18:18:16
500103044,52,16,35,2024-12-19 18:54:14
500103044,52,12,39,2024-12-19 20:59:15
500112076,52,5,47,2024-12-19 18:45:16
500101156,52,4,48,2024-12-19 18:29:16
500107012,52,45,6,2024-12-19 14:55:16
500101139,52,41,11,2024-12-19 14:27:14
500101139,52,38,14,2024-12-19 14:52:16
500101139,52,38,14,2024-12-19 14:44:15
500110044,52,34,18,2024-12-19 14:17:15
500110044,52,29,23,2024-12-19 16:27:16
500112076,52,17,35,2024-12-19 16:04:15
500110062,52,10,42,2024-12-19 17:18:16
500110062,52,5,47,2024-12-19 15:48:15
500110062,52,5,47,2024-12-19 16:05:16
500110062,52,1,51,2024-12-19 15:21:16
500112076,52,2,50,2024-12-19 21:49:15
500107012,52,37,14,2024-12-19 08:17:15
500101139,52,36,16,2024-12-19 06:56:15
500110044,52,31,21,2024-12-19 08:03:15
500112076,52,22,30,2024-12-19 06:47:15
500101156,52,17,35,2024-12-19 06:35:15
500110062,52,16,36,2024-12-19 05:40:15
500110044,52,15,37,2024-12-19 08:46:15
500110062,52,6,46,2024-12-19 08:17:15
500101156,52,4,48,2024-12-19 07:35:16
500112076,52,1,51,2024-12-19 08:03:15
500101139,52,25,27,2024-12-19 00:32:15
500101156,52,2,50,2024-12-19 00:30:16
500110062,52,14,38,2024-12-19 23:05:15
500112076,52,1,51,2024-12-19 22:38:14
500107012,52,16,35,2024-12-19 22:36:15
500101139,52,47,5,2024-12-19 21:37:15
500112076,52,4,48,2024-12-19 22:05:15
500101156,52,8,44,2024-12-19 03:27:15
500112076,52,6,46,2024-12-19 01:51:14
500112076,52,12,40,2024-12-19 23:09:15
500112076,52,23,29,2024-12-19 03:55:15
500107012,52,15,36,2024-12-19 22:20:15
500110062,52,14,38,2024-12-19 22:53:15
500110044,52,12,40,2024-12-19 02:03:15
500107012,52,51,0,2024-12-19 11:57:16
500101139,52,47,5,2024-12-19 10:28:15
500101139,52,45,7,2024-12-19 11:08:15
500101139,52,40,12,2024-12-19 11:45:15
500101139,52,39,13,2024-12-19 09:56:16
500110044,52,19,33,2024-12-19 09:37:15
500112076,52,6,46,2024-12-19 11:26:15
500112076,52,5,47,2024-12-19 11:37:15
500112076,52,4,48,2024-12-19 09:07:15
500112076,52,4,48,2024-12-19 12:19:16
500110062,52,3,49,2024-12-19 13:02:14
500112076,52,3,49,2024-12-19 10:48:15
500112076,52,2,50,2024-12-19 10:26:14
500101156,52,1,51,2024-12-19 12:34:14
500101156,52,0,52,2024-12-19 09:37:16
500107012,52,48,3,2024-12-19 17:28:15
500101139,52,44,8,2024-12-19 21:08:15
500101139,52,44,8,2024-12-19 21:12:15
500107012,52,29,22,2024-12-19 19:04:15
500107012,52,26,25,2024-12-19 19:46:15
500110044,52,25,27,2024-12-19 19:37:16
500110044,52,23,29,2024-12-19 20:13:15
500110044,52,16,36,2024-12-19 17:38:16
500101156,52,14,38,2024-12-19 20:59:15
500112076,52,12,40,2024-12-19 18:29:15
500112076,52,1,51,2024-12-19 20:42:16
500107012,52,49,2,2024-12-19 13:28:16
500107012,52,47,4,2024-12-19 15:16:15
500107012,52,45,6,2024-12-19 15:40:16
500101139,52,38,14,2024-12-19 13:09:15
500110044,52,35,17,2024-12-19 13:48:16
500110044,52,33,19,2024-12-19 16:06:15
500101156,52,17,35,2024-12-19 15:07:15
500103044,52,8,43,2024-12-19 16:02:15
500110062,52,3,49,2024-12-19 14:31:15
500112076,52,3,49,2024-12-19 13:16:14
500107012,52,37,14,2024-12-19 08:27:16
500110044,52,37,15,2024-12-19 07:35:16
500101139,52,35,17,2024-12-19 08:47:15
500101139,52,35,17,2024-12-19 04:45:15
500110044,52,29,23,2024-12-19 07:16:15
500110044,52,25,27,2024-12-19 08:17:15
500101156,52,22,30,2024-12-19 06:26:14
500107012,52,18,33,2024-12-19 06:17:14
500107012,52,17,34,2024-12-19 07:27:15
500101156,52,8,44,2024-12-19 08:02:15
500103044,52,6,45,2024-12-19 08:33:16
500103044,52,7,45,2024-12-19 06:36:14
500112076,52,4,48,2024-12-19 08:27:16
500101139,52,24,28,2024-12-19 00:15:16
500110062,52,21,31,2024-12-19 00:38:14
500107012,52,14,37,2024-12-19 23:43:14
500101156,52,1,51,2024-12-19 00:38:14
500110044,52,13,39,2024-12-19 01:13:15
500110062,52,21,31,2024-12-19 01:09:14
500112076,52,13,39,2024-12-19 23:13:15
500101139,52,46,6,2024-12-19 22:31:15
500101139,52,23,29,2024-12-19 03:44:15
500103044,52,15,36,2024-12-19 22:48:15
500101156,52,21,31,2024-12-19 22:55:16
500112076,52,14,38,2024-12-19 23:27:14
500101139,52,48,4,2024-12-19 10:36:14
500101139,52,47,5,2024-12-19 10:56:15
500101139,52,43,9,2024-12-19 10:15:15
500101139,52,41,11,2024-12-19 09:27:15
500101139,52,41,11,2024-12-19 11:35:16
500110044,52,23,29,2024-12-19 11:08:15
500110044,52,21,31,2024-12-19 10:48:15
500112076,52,4,48,2024-12-19 13:04:16
500112076,52,3,49,2024-12-19 12:28:15
500112076,52,3,49,2024-12-19 09:27:14
500101156,52,1,51,2024-12-19 09:07:15
500110062,52,25,27,2024-12-19 20:47:15
500101156,52,20,32,2024-12-19 19:47:15
500103044,52,15,36,2024-12-19 20:39:15
500103044,52,13,38,2024-12-19 20:48:15
500110044,52,13,39,2024-12-19 20:39:16
500112076,52,11,41,2024-12-19 18:38:16
500112076,52,1,51,2024-12-19 20:13:15
500107012,52,45,6,2024-12-19 16:47:15
500107012,52,44,7,2024-12-19 15:38:15
500101139,52,38,14,2024-12-19 16:00:17
500110044,52,34,18,2024-12-19 15:43:15
500101156,52,16,36,2024-12-19 13:48:16
500101156,52,14,38,2024-12-19 16:18:16
500112076,52,13,39,2024-12-19 13:52:15
500101156,52,12,40,2024-12-19 17:07:15
500101156,52,10,42,2024-12-19 17:18:16
500110062,52,2,50,2024-12-19 14:40:15
500110062,52,2,50,2024-12-19 15:38:15
500101156,52,16,36,2024-12-19 21:49:15
500107012,52,46,5,2024-12-19 08:36:15
500110044,52,26,26,2024-12-19 06:37:14
500112076,52,25,27,2024-12-19 06:15:16
500101156,52,21,31,2024-12-19 05:49:15
500112076,52,21,31,2024-12-19 05:59:14
500107012,52,19,32,2024-12-19 06:46:15
500107012,52,18,33,2024-12-19 07:47:15
500110062,52,19,33,2024-12-19 05:33:15
500110044,52,16,36,2024-12-19 08:37:15
500112076,52,12,40,2024-12-19 07:27:15
500112076,52,9,43,2024-12-19 08:47:15
500103044,52,7,45,2024-12-19 07:25:15
500103044,52,5,46,2024-12-19 08:16:14
500101156,52,19,33,2024-12-19 03:49:14
500101139,52,25,27,2024-12-19 00:02:15
500101139,52,45,7,2024-12-19 23:38:15
500110062,52,22,30,2024-12-19 00:35:16
500110062,52,9,43,2024-12-19 00:05:15
500108022,60,9,51,2024-12-19 21:28:15
500112081,60,5,50,2024-12-19 22:09:15
500106062,60,45,15,2024-12-19 22:09:15
500112009,60,12,48,2024-12-19 01:20:15
500106062,60,43,17,2024-12-19 21:58:15
500101110,60,39,21,2024-12-19 23:08:15
500106062,60,16,44,2024-12-19 03:55:15
500112081,60,27,31,2024-12-19 23:23:15
500106062,60,17,43,2024-12-19 01:31:15
500112081,60,23,10,2024-12-19 13:08:16
500112081,60,12,21,2024-12-19 12:06:16
500108022,60,35,24,2024-12-19 11:38:14
500112081,60,17,27,2024-12-19 10:18:15
500101110,60,32,28,2024-12-19 12:55:15
500112081,60,13,31,2024-12-19 10:48:15
500106062,60,28,32,2024-12-19 12:24:16
500108022,60,27,32,2024-12-19 09:07:15
500112009,60,28,32,2024-12-19 09:04:15
500112009,60,27,33,2024-12-19 09:33:15
500112009,60,27,33,2024-12-19 10:12:15
500112009,60,27,33,2024-12-19 10:38:15
500112081,60,6,38,2024-12-19 10:06:15
500101110,60,9,51,2024-12-19 12:08:15
500101110,60,59,1,2024-12-19 18:38:16
500106062,60,53,7,2024-12-19 18:48:15
500112081,60,42,13,2024-12-19 20:07:15
500106062,60,45,15,2024-12-19 17:38:16
500106062,60,43,17,2024-12-19 20:27:15
500112081,60,36,19,2024-12-19 20:49:15
500112009,60,30,30,2024-12-19 17:48:15
500108022,60,26,34,2024-12-19 17:35:16
500112081,60,14,34,2024-12-19 17:38:16
500108022,60,17,43,2024-12-19 19:58:14
500108022,60,16,44,2024-12-19 20:13:15
500112081,60,23,16,2024-12-19 16:28:15
500112009,60,39,21,2024-12-19 15:36:15
500106062,60,38,22,2024-12-19 16:13:15
500106062,60,37,23,2024-12-19 15:53:14
500106062,60,35,25,2024-12-19 16:28:15
500106062,60,35,25,2024-12-19 15:37:16
500101110,60,34,26,2024-12-19 14:26:15
500108022,60,29,31,2024-12-19 16:15:16
500108022,60,25,34,2024-12-19 13:55:16
500112009,60,26,34,2024-12-19 14:08:15
500112009,60,20,40,2024-12-19 13:46:16
500101110,60,30,30,2024-12-19 06:46:14
500112081,60,28,30,2024-12-19 08:47:15
500112009,60,27,33,2024-12-19 08:03:15
500101110,60,17,43,2024-12-19 07:17:14
500108022,60,14,45,2024-12-19 08:03:15
500101110,60,12,48,2024-12-19 07:37:15
500112081,60,8,52,2024-12-19 06:32:15
500112081,60,5,55,2024-12-19 06:14:15
500101110,60,26,34,2024-12-19 00:35:16
500112081,60,0,60,2024-12-19 00:50:16
500101110,60,33,27,2024-12-19 23:48:14
500106062,60,20,40,2024-12-19 00:52:15
500101110,60,35,25,2024-12-19 23:18:15
500101110,60,21,39,2024-12-19 03:03:15
500112009,60,19,41,2024-12-19 23:41:14
500106062,60,17,43,2024-12-19 01:44:14
500101110,60,22,38,2024-12-19 02:15:15
500112009,60,16,44,2024-12-19 22:43:15
500112081,60,21,12,2024-12-19 11:48:15
500108022,60,41,18,2024-12-19 10:43:15
500112009,60,29,31,2024-12-19 10:28:15
500112009,60,27,33,2024-12-19 09:09:15
500106062,60,26,34,2024-12-19 12:08:15
500112009,60,25,35,2024-12-19 09:44:15
500108022,60,23,36,2024-12-19 09:09:15
500112081,60,14,44,2024-12-19 09:09:15
500101110,60,10,50,2024-12-19 10:27:16
500101110,60,3,57,2024-12-19 11:58:16
500112081,60,50,5,2024-12-19 19:07:15
500101110,60,51,9,2024-12-19 21:20:16
500106062,60,46,14,2024-12-19 19:47:15
500112081,60,24,9,2024-12-19 13:17:15
500112009,60,45,15,2024-12-19 16:58:15
500112081,60,20,16,2024-12-19 14:57:15
500112009,60,40,20,2024-12-19 16:06:15
500112009,60,40,20,2024-12-19 14:55:16
500101110,60,35,25,2024-12-19 14:33:16
500106062,60,35,25,2024-12-19 15:01:16
500101110,60,32,28,2024-12-19 13:28:16
500101110,60,47,13,2024-12-19 21:49:15
500112081,60,41,17,2024-12-19 08:57:15
500112081,60,35,25,2024-12-19 07:56:15
500112081,60,32,28,2024-12-19 08:02:15
500106062,60,21,39,2024-12-19 07:37:15
500108022,60,18,41,2024-12-19 08:26:15
500106062,60,18,42,2024-12-19 05:42:15
500112081,60,17,43,2024-12-19 07:14:15
500112009,60,15,45,2024-12-19 07:36:15
500112009,60,13,47,2024-12-19 06:51:15
500108022,60,8,51,2024-12-19 06:16:15
500112081,60,2,58,2024-12-19 06:06:14
500112081,60,1,59,2024-12-19 08:17:16
500101110,60,22,38,2024-12-19 00:16:15
500106062,60,38,22,2024-12-19 23:11:15
500108022,60,8,51,2024-12-19 00:40:16
500112009,60,20,40,2024-12-19 23:11:15
500112081,60,16,39,2024-12-19 21:39:15
500112081,60,25,33,2024-12-19 23:52:14
500101110,60,32,28,2024-12-19 23:50:15
500101110,60,26,34,2024-12-19 01:07:15
500108022,60,3,56,2024-12-19 04:28:15
500108022,60,43,16,2024-12-19 10:56:14
500112081,60,20,24,2024-12-19 10:27:15
500108022,60,33,26,2024-12-19 10:01:16
500108022,60,33,26,2024-12-19 11:15:15
500101110,60,31,29,2024-12-19 12:45:15
500106062,60,30,30,2024-12-19 12:19:16
500106062,60,28,32,2024-12-19 10:46:14
500112009,60,20,40,2024-12-19 13:07:15
500101110,60,15,45,2024-12-19 09:57:15
500101110,60,9,51,2024-12-19 09:47:15
500106062,60,16,44,2024-12-19 02:31:14
500106062,60,54,6,2024-12-19 18:24:16
500106062,60,53,7,2024-12-19 18:07:16
500101110,60,49,11,2024-12-19 19:59:16
500101110,60,48,12,2024-12-19 20:28:15
500101110,60,47,13,2024-12-19 20:07:15
500106062,60,47,13,2024-12-19 19:50:16
500101110,60,46,14,2024-12-19 20:49:15
500112009,60,23,37,2024-12-19 19:29:15
500112009,60,18,42,2024-12-19 20:48:15
500108022,60,13,47,2024-12-19 20:28:15
500108022,60,12,48,2024-12-19 20:35:16
500108022,60,12,48,2024-12-19 20:53:15
500101110,60,55,5,2024-12-19 17:08:16
500112081,60,18,18,2024-12-19 15:11:15
500106062,60,40,20,2024-12-19 14:06:15
500106062,60,39,21,2024-12-19 14:14:15
500106062,60,38,22,2024-12-19 14:33:16
500112009,60,38,22,2024-12-19 14:26:15
500106062,60,34,26,2024-12-19 15:24:15
500112081,60,17,26,2024-12-19 16:57:16
500101110,60,33,27,2024-12-19 14:16:15
500108022,60,30,30,2024-12-19 16:19:15
500108022,60,29,31,2024-12-19 17:17:16
500112081,60,12,43,2024-12-19 21:45:15
500108022,60,25,34,2024-12-19 07:57:16
500112081,60,25,35,2024-12-19 07:27:15
500108022,60,19,40,2024-12-19 07:33:15
500106062,60,19,41,2024-12-19 06:31:15
500106062,60,19,41,2024-12-19 06:18:15
500112009,60,9,51,2024-12-19 06:34:15
500112081,60,5,53,2024-12-19 08:37:15
500101110,60,2,58,2024-12-19 08:37:15
500108022,60,7,53,2024-12-19 22:12:15
500101110,60,43,17,2024-12-19 22:38:15
500112009,60,16,44,2024-12-19 21:11:14
500101110,60,48,12,2024-12-19 21:37:15
500112009,60,16,44,2024-12-19 22:19:15
500112081,60,21,34,2024-12-19 22:19:15
500101110,60,19,41,2024-12-19 03:53:15
500112081,60,18,15,2024-12-19 11:38:15
500112081,60,11,22,2024-12-19 11:08:15
500101110,60,32,28,2024-12-19 13:03:15
500106062,60,31,29,2024-12-19 12:47:15
500112081,60,13,31,2024-12-19 10:38:15
500112081,60,16,32,2024-12-19 09:27:15
500112081,60,12,36,2024-12-19 09:47:15
500108022,60,21,38,2024-12-19 09:36:15
500101110,60,16,44,2024-12-19 10:07:15
500101110,60,9,51,2024-12-19 11:05:16
500112081,60,49,6,2024-12-19 18:57:19
500101110,60,51,9,2024-12-19 19:16:15
500101110,60,49,11,2024-12-19 20:39:15
500106062,60,44,16,2024-12-19 20:57:16
500106062,60,43,17,2024-12-19 17:27:16
500112081,60,38,17,2024-12-19 20:13:15
500112081,60,36,19,2024-12-19 20:34:14
500112081,60,28,27,2024-12-19 20:58:15
500112009,60,32,28,2024-12-19 17:33:16
500112081,60,20,28,2024-12-19 18:07:16
500108022,60,28,32,2024-12-19 17:26:15
500112081,60,16,32,2024-12-19 18:27:15
500112009,60,23,37,2024-12-19 19:19:15
500108022,60,20,40,2024-12-19 19:07:15
500108022,60,19,41,2024-12-19 18:16:16
500112081,60,22,14,2024-12-19 13:48:16
500112081,60,21,15,2024-12-19 15:48:15
500112009,60,40,20,2024-12-19 15:41:15
500112009,60,40,20,2024-12-19 14:35:15
500112081,60,19,20,2024-12-19 16:48:16
500101110,60,39,21,2024-12-19 15:48:15
500106062,60,36,24,2024-12-19 14:54:15
500106062,60,35,25,2024-12-19 13:28:15
500101110,60,34,26,2024-12-19 13:57:15
500108022,60,33,27,2024-12-19 16:08:16
500112009,60,22,38,2024-12-19 13:21:16
500112009,60,46,14,2024-12-19 08:26:15
500112081,60,37,23,2024-12-19 07:46:15
500101110,60,32,28,2024-12-19 05:33:15
500108022,60,24,35,2024-12-19 07:16:15
500112009,60,23,37,2024-12-19 07:56:15
500108022,60,21,38,2024-12-19 07:39:15
500108022,60,19,40,2024-12-19 07:27:15
500106062,60,19,41,2024-12-19 06:54:16
500106062,60,18,42,2024-12-19 08:27:16
500106062,60,18,42,2024-12-19 07:16:15
500106062,60,16,44,2024-12-19 05:33:15
500101110,60,15,45,2024-12-19 07:25:15
500112009,60,10,50,2024-12-19 06:23:15
500101110,60,8,52,2024-12-19 07:47:15
500101110,60,2,58,2024-12-19 08:55:16
500101110,60,1,59,2024-12-19 08:41:15
500106062,60,17,43,2024-12-19 00:31:14
500108022,60,9,50,2024-12-19 00:06:15
500112081,60,1,59,2024-12-19 00:05:15
500112081,60,30,28,2024-12-19 23:09:15
500101110,60,44,16,2024-12-19 22:18:15
500112081,60,0,60,2024-12-19 04:40:17
500112081,60,17,16,2024-12-19 12:48:15
500108022,60,34,25,2024-12-19 11:48:15
500106062,60,31,29,2024-12-19 11:05:17
500108022,60,30,29,2024-12-19 12:00:18
500106062,60,28,32,2024-12-19 09:08:15
500112009,60,28,32,2024-12-19 11:45:15
500108022,60,25,34,2024-12-19 13:07:15
500112009,60,13,47,2024-12-19 11:38:15
500112009,60,12,48,2024-12-19 10:58:16
500112009,60,11,49,2024-12-19 11:00:18
500101110,60,1,59,2024-12-19 09:37:15
500101110,60,60,0,2024-12-19 17:54:15
500101110,60,59,1,2024-12-19 17:28:15
500101110,60,57,3,2024-12-19 19:28:15
500101110,60,52,8,2024-12-19 19:07:15
500106062,60,50,10,2024-12-19 19:17:15
500112081,60,44,11,2024-12-19 19:49:15
500112081,60,26,21,2024-12-19 18:48:15
500112081,60,17,31,2024-12-19 18:38:15
500112081,60,23,32,2024-12-19 21:19:15
500112009,60,21,39,2024-12-19 20:03:15
500112009,60,20,40,2024-12-19 20:39:16
500112009,60,19,41,2024-12-19 20:23:15
500108022,60,16,44,2024-12-19 20:07:15
500112081,60,19,17,2024-12-19 15:35:16
500112009,60,40,20,2024-12-19 15:07:15
500106062,60,38,22,2024-12-19 16:58:15
500108022,60,26,33,2024-12-19 13:48:16
500101110,60,31,29,2024-12-19 05:41:14
500101110,60,29,31,2024-12-19 06:56:15
500112009,60,29,31,2024-12-19 08:56:16
500106062,60,23,37,2024-12-19 08:17:15
500106062,60,16,44,2024-12-19 04:58:15
500112009,60,15,45,2024-12-19 07:27:15
500108022,60,4,55,2024-12-19 05:13:15
500108022,60,3,56,2024-12-19 05:44:15
500112081,60,1,59,2024-12-19 08:27:16
500106062,60,18,42,2024-12-19 00:45:15
500112081,60,26,32,2024-12-19 23:40:15
500112009,60,13,47,2024-12-19 01:13:15
500112081,60,42,16,2024-12-19 22:36:14
500106062,60,17,43,2024-12-19 02:35:15
500108022,60,6,53,2024-12-19 04:27:14
500101110,60,28,32,2024-12-19 01:37:14
500112081,60,1,59,2024-12-19 03:50:17
500106062,60,40,20,2024-12-19 22:26:15
500112081,60,22,11,2024-12-19 12:58:15
500106062,60,35,25,2024-12-19 13:07:15
500108022,60,33,26,2024-12-19 11:24:15
500106062,60,29,31,2024-12-19 09:26:15
500106062,60,27,33,2024-12-19 09:07:15
500112009,60,27,33,2024-12-19 09:57:15
500106062,60,24,36,2024-12-19 09:36:15
500106062,60,23,37,2024-12-19 09:47:14
500106062,60,23,37,2024-12-19 11:38:15
500112009,60,18,42,2024-12-19 12:19:16
500112081,60,4,44,2024-12-19 09:57:15
500101110,60,12,48,2024-12-19 10:47:16
500101110,60,10,50,2024-12-19 10:56:14
500101110,60,8,52,2024-12-19 11:28:16
500101110,60,7,53,2024-12-19 11:45:15
500101110,60,60,0,2024-12-19 17:48:16
500101110,60,59,1,2024-12-19 18:08:16
500106062,60,54,6,2024-12-19 18:58:16
500106062,60,50,10,2024-12-19 19:06:16
500101110,60,49,11,2024-12-19 20:13:15
500112081,60,35,20,2024-12-19 20:28:15
500112009,60,30,30,2024-12-19 17:56:16
500112081,60,18,30,2024-12-19 17:59:15
500112009,60,24,36,2024-12-19 19:31:15
500112009,60,24,36,2024-12-19 18:18:16
500112009,60,23,37,2024-12-19 18:38:16
500108022,60,21,39,2024-12-19 19:14:15
500108022,60,17,43,2024-12-19 19:49:15
500101110,60,58,2,2024-12-19 17:17:16
500101110,60,45,15,2024-12-19 16:17:15
500112081,60,20,19,2024-12-19 16:17:16
500112009,60,40,20,2024-12-19 14:13:15
500106062,60,39,21,2024-12-19 13:32:15
500112009,60,37,23,2024-12-19 15:14:15
500106062,60,36,24,2024-12-19 17:08:16
500108022,60,34,26,2024-12-19 14:30:18
500101110,60,33,27,2024-12-19 13:30:16
500108022,60,30,30,2024-12-19 17:08:16
500108022,60,22,37,2024-12-19 14:08:15
500112009,60,22,38,2024-12-19 13:38:16
500112081,60,3,40,2024-12-19 17:18:16
500112009,60,37,23,2024-12-19 08:47:15
500101110,60,29,31,2024-12-19 06:14:14
500106062,60,25,35,2024-12-19 08:55:16
500106062,60,18,42,2024-12-19 07:45:15
500106062,60,18,42,2024-12-19 05:59:14
500108022,60,13,46,2024-12-19 06:47:15
500108022,60,11,48,2024-12-19 08:17:15
500112009,60,12,48,2024-12-19 05:21:14
500101110,60,7,53,2024-12-19 08:03:15
500101110,60,3,57,2024-12-19 07:56:15
500101110,60,1,59,2024-12-19 08:24:15
500101110,60,35,25,2024-12-19 23:24:14
500101110,60,24,36,2024-12-19 00:05:15
500112081,60,28,30,2024-12-19 23:15:14
500108022,60,7,52,2024-12-19 02:02:15
500112009,60,13,47,2024-12-19 01:47:15
500106062,60,15,45,2024-12-19 04:21:15
500101110,60,31,29,2024-12-19 04:24:15
500106062,60,16,44,2024-12-19 01:19:15
500101110,60,45,15,2024-12-19 21:57:15
500106062,60,42,18,2024-12-19 22:19:15
500112081,60,34,24,2024-12-19 22:26:15
500101110,60,34,26,2024-12-19 23:32:14
500112081,60,18,15,2024-12-19 12:38:15
500112081,60,12,21,2024-12-19 11:58:16
500112081,60,10,23,2024-12-19 11:15:15
500108022,60,34,25,2024-12-19 10:18:15
500106062,60,34,26,2024-12-19 12:56:15
500108022,60,31,28,2024-12-19 11:58:16
500108022,60,31,28,2024-12-19 09:57:15
500106062,60,30,30,2024-12-19 10:27:16
500106062,60,29,31,2024-12-19 10:05:16
500108022,60,28,31,2024-12-19 09:47:15
500108022,60,25,34,2024-12-19 12:16:15
500112009,60,26,34,2024-12-19 11:57:16
500106062,60,24,36,2024-12-19 11:25:15
500112009,60,20,40,2024-12-19 12:21:15
500112081,60,15,43,2024-12-19 09:06:14
500101110,60,9,51,2024-12-19 10:37:16
500101110,60,58,2,2024-12-19 18:18:16
500101110,60,58,2,2024-12-19 18:57:15
500106062,60,56,4,2024-12-19 18:37:15
500101110,60,53,7,2024-12-19 21:19:16
500112081,60,48,7,2024-12-19 19:38:15
500112081,60,45,10,2024-12-19 19:59:15
500106062,60,48,12,2024-12-19 17:48:15
500106062,60,44,16,2024-12-19 20:33:15
500106062,60,42,18,2024-12-19 21:19:16
500112081,60,19,29,2024-12-19 18:18:16
500112009,60,28,32,2024-12-19 18:05:16
500112009,60,25,35,2024-12-19 19:46:15
500108022,60,22,38,2024-12-19 17:59:15
500108022,60,10,50,2024-12-19 21:08:15
500108022,60,7,53,2024-12-19 18:58:16
500101110,60,48,12,2024-12-19 16:28:15
500112081,60,21,12,2024-12-19 13:32:15
500112081,60,21,15,2024-12-19 14:28:15
500112009,60,41,19,2024-12-19 15:51:14
500112009,60,41,19,2024-12-19 16:26:15
500112081,60,15,21,2024-12-19 14:45:15
500106062,60,36,24,2024-12-19 17:15:17
500108022,60,35,25,2024-12-19 14:27:15
500101110,60,32,28,2024-12-19 13:47:15
500112081,60,15,28,2024-12-19 17:08:16
500108022,60,30,30,2024-12-19 16:37:15
500108022,60,25,35,2024-12-19 14:17:15
500112009,60,43,17,2024-12-19 08:37:15
500101110,60,31,29,2024-12-19 06:05:15
500106062,60,21,39,2024-12-19 07:57:16
500112081,60,19,41,2024-12-19 06:54:15
500112009,60,14,46,2024-12-19 07:17:14
500108022,60,10,49,2024-12-19 06:23:15
500112009,60,11,49,2024-12-19 05:56:14
500112081,60,1,59,2024-12-19 00:25:16
500108022,60,6,54,2024-12-19 23:15:15
500101110,60,28,32,2024-12-19 01:09:14
500112081,60,1,59,2024-12-19 04:24:15
500108022,60,8,52,2024-12-19 21:43:15
500101110,60,46,14,2024-12-19 22:09:15
500112081,60,0,60,2024-12-19 01:07:15
500106062,60,17,43,2024-12-19 01:57:15
500112009,60,17,43,2024-12-19 22:54:14
500106062,60,37,23,2024-12-19 23:03:15
500112009,60,14,46,2024-12-19 04:43:15
500112081,60,18,15,2024-12-19 12:27:15
500112081,60,18,15,2024-12-19 12:19:16
500108022,60,42,17,2024-12-19 11:08:15
500112081,60,11,22,2024-12-19 10:58:16
500101110,60,27,33,2024-12-19 12:38:15
500108022,60,26,33,2024-12-19 12:25:16
500108022,60,26,33,2024-12-19 12:49:15
500112009,60,22,38,2024-12-19 12:36:15
500112009,60,21,39,2024-12-19 12:43:15
500101110,60,17,43,2024-12-19 12:18:15
500106062,60,17,43,2024-12-19 11:47:16
500108022,60,15,44,2024-12-19 09:27:15
500101110,60,7,53,2024-12-19 11:17:15
500101110,60,6,54,2024-12-19 11:38:15
500101110,60,2,58,2024-12-19 09:05:16
500101110,60,60,0,2024-12-19 17:38:16
500112081,60,49,6,2024-12-19 19:19:15
500112081,60,25,30,2024-12-19 21:08:15
500112009,60,22,38,2024-12-19 19:05:16
500112009,60,17,43,2024-12-19 20:57:16
500108022,60,12,48,2024-12-19 18:36:16
500108022,60,9,51,2024-12-19 18:42:16
500112009,60,44,16,2024-12-19 16:48:16
500112081,60,23,16,2024-12-19 16:36:15
500101110,60,41,19,2024-12-19 15:53:14
500106062,60,39,21,2024-12-19 16:08:16
500101110,60,38,22,2024-12-19 15:24:15
500101110,60,35,25,2024-12-19 14:53:14
500106062,60,35,25,2024-12-19 16:46:15
500108022,60,35,25,2024-12-19 14:48:15
500106062,60,34,26,2024-12-19 16:37:15
500106062,60,34,26,2024-12-19 15:09:15
500108022,60,34,26,2024-12-19 14:54:15
500112009,60,21,39,2024-12-19 13:11:15
500112009,60,17,43,2024-12-19 21:46:15
500106062,60,39,21,2024-12-19 21:40:16
500101110,60,30,30,2024-12-19 06:26:15
500106062,60,19,41,2024-12-19 07:26:15
500112081,60,18,42,2024-12-19 06:47:15
500108022,60,16,43,2024-12-19 08:37:15
500108022,60,6,53,2024-12-19 06:02:14
500101110,60,1,59,2024-12-19 08:16:14
500101110,60,24,36,2024-12-19 00:53:15
500106062,60,18,42,2024-12-19 01:10:16
500112009,60,17,43,2024-12-19 22:31:15
500106062,60,38,22,2024-12-19 22:33:15
500112081,60,35,23,2024-12-19 22:59:15
500101110,60,40,20,2024-12-19 22:53:15
500106062,60,30,30,2024-12-19 12:38:15
500106062,60,29,31,2024-12-19 10:49:15
500106062,60,27,33,2024-12-19 09:52:15
500112009,60,27,33,2024-12-19 10:03:15
500112009,60,24,36,2024-12-19 09:19:15
500112009,60,23,37,2024-12-19 12:08:15
500101110,60,1,59,2024-12-19 09:23:15
500101110,60,60,0,2024-12-19 18:25:17
500101110,60,54,6,2024-12-19 21:08:15
500101110,60,53,7,2024-12-19 19:48:15
500112081,60,48,7,2024-12-19 19:29:15
500106062,60,52,8,2024-12-19 17:59:15
500106062,60,47,13,2024-12-19 19:37:15
500106062,60,43,17,2024-12-19 20:40:16
500112081,60,17,31,2024-12-19 17:48:14
500112009,60,23,37,2024-12-19 18:48:15
500108022,60,13,47,2024-12-19 18:29:16
500101110,60,56,4,2024-12-19 16:53:15
500101110,60,51,9,2024-12-19 16:36:15
500112081,60,22,14,2024-12-19 14:37:14
500112081,60,19,17,2024-12-19 14:13:15
500112009,60,41,19,2024-12-19 17:08:16
500101110,60,39,21,2024-12-19 15:17:16
500106062,60,38,22,2024-12-19 13:13:15
500106062,60,38,22,2024-12-19 13:45:16
500106062,60,36,24,2024-12-19 15:44:15
500101110,60,31,29,2024-12-19 14:03:16
500108022,60,25,34,2024-12-19 13:33:15
500112009,60,39,21,2024-12-19 08:16:15
500101110,60,31,29,2024-12-19 05:22:15
500106062,60,21,39,2024-12-19 08:37:15
500112009,60,18,42,2024-12-19 07:46:15
500112009,60,11,49,2024-12-19 06:47:15
500112081,60,7,53,2024-12-19 06:27:15
500101110,60,23,37,2024-12-19 00:42:15
500106062,60,16,44,2024-12-19 00:17:15
500112081,60,0,60,2024-12-19 01:09:15
500106062,60,37,23,2024-12-19 21:30:16
500112009,60,16,44,2024-12-19 21:59:15
500112081,60,8,47,2024-12-19 21:54:15
500106062,60,19,41,2024-12-19 01:04:14
500112081,60,39,19,2024-12-19 22:45:16
500101110,60,41,19,2024-12-19 22:46:15
500101110,60,43,17,2024-12-19 22:24:15
500112081,60,17,16,2024-12-19 11:28:16
500108022,60,40,19,2024-12-19 10:33:15
500108022,60,38,21,2024-12-19 10:28:15
500112081,60,23,25,2024-12-19 09:37:15
500106062,60,30,30,2024-12-19 11:13:15
500106062,60,28,32,2024-12-19 10:16:15
500106062,60,28,32,2024-12-19 10:37:16
500108022,60,25,34,2024-12-19 12:48:15
500106062,60,23,37,2024-12-19 11:58:16
500101110,60,21,39,2024-12-19 12:24:16
500112009,60,21,39,2024-12-19 12:57:15
500101110,60,9,51,2024-12-19 10:16:15
500101110,60,56,4,2024-12-19 19:38:15
500101110,60,55,5,2024-12-19 18:48:15
500106062,60,54,6,2024-12-19 18:17:15
500101110,60,51,9,2024-12-19 20:58:15
500106062,60,49,11,2024-12-19 19:27:15
500106062,60,46,14,2024-12-19 20:07:15
500106062,60,46,14,2024-12-19 20:13:15
500106062,60,45,15,2024-12-19 21:06:15
500112009,60,34,26,2024-12-19 17:28:15
500112009,60,25,35,2024-12-19 18:54:15
500112081,60,8,35,2024-12-19 17:28:15
500108022,60,23,37,2024-12-19 17:45:16
500112009,60,23,37,2024-12-19 18:26:16
500112009,60,22,38,2024-12-19 19:54:15
500108022,60,18,42,2024-12-19 19:38:15
500101110,60,52,8,2024-12-19 16:46:14
500112081,60,20,13,2024-12-19 13:28:16
500112081,60,21,15,2024-12-19 14:02:14
500112081,60,18,18,2024-12-19 15:06:15
500112081,60,18,18,2024-12-19 15:27:15
500112009,60,39,21,2024-12-19 14:43:15
500112009,60,38,22,2024-12-19 17:17:16
500101110,60,37,23,2024-12-19 15:04:15
500106062,60,37,23,2024-12-19 14:41:15
500101110,60,36,24,2024-12-19 15:36:15
500108022,60,31,29,2024-12-19 16:50:17
500108022,60,26,33,2024-12-19 13:14:15
500112081,60,42,18,2024-12-19 07:37:15
500101110,60,30,30,2024-12-19 06:33:15
500106062,60,24,36,2024-12-19 08:46:15
500108022,60,21,38,2024-12-19 08:56:16
500106062,60,21,39,2024-12-19 08:02:15
500108022,60,15,44,2024-12-19 06:50:16
500106062,60,15,45,2024-12-19 05:18:15
500108022,60,13,46,2024-12-19 08:46:15
500105018,62,2,60,2024-12-19 22:19:15
500104108,62,49,13,2024-12-19 11:26:15
500103028,62,47,14,2024-12-19 09:07:15
500103028,62,43,18,2024-12-19 09:23:15
500104108,62,37,25,2024-12-19 10:27:16
500104108,62,33,29,2024-12-19 09:27:14
500109007,62,29,32,2024-12-19 11:56:16
500105018,62,29,33,2024-12-19 09:51:14
500107023,62,13,48,2024-12-19 12:54:15
500109034,62,8,52,2024-12-19 11:38:14
500109034,62,4,56,2024-12-19 09:57:15
500109034,62,3,57,2024-12-19 09:05:16
500109034,62,0,60,2024-12-19 09:28:16
500107023,62,43,18,2024-12-19 18:35:16
500104108,62,43,19,2024-12-19 19:35:16
500104108,62,41,21,2024-12-19 17:36:15
500107023,62,38,23,2024-12-19 21:09:15
500107023,62,35,26,2024-12-19 20:27:15
500107023,62,25,36,2024-12-19 17:38:16
500104108,62,22,40,2024-12-19 18:17:15
500109034,62,20,41,2024-12-19 17:48:15
500103028,62,20,42,2024-12-19 18:29:15
500109034,62,18,43,2024-12-19 18:18:16
500105018,62,3,59,2024-12-19 19:58:15
500105018,62,1,61,2024-12-19 19:47:15
500104108,62,56,6,2024-12-19 15:38:15
500104108,62,55,7,2024-12-19 15:27:15
500104108,62,52,10,2024-12-19 13:13:15
500103028,62,45,17,2024-12-19 14:44:15
500103028,62,34,28,2024-12-19 17:08:16
500107023,62,21,40,2024-12-19 16:48:16
500109034,62,14,47,2024-12-19 16:16:15
500109034,62,11,49,2024-12-19 13:17:15
500103028,62,25,37,2024-12-19 21:42:15
500103028,62,47,14,2024-12-19 06:56:15
500103028,62,48,14,2024-12-19 06:12:14
500103028,62,46,16,2024-12-19 05:59:14
500107023,62,45,16,2024-12-19 05:14:15
500107023,62,44,17,2024-12-19 05:07:15
500104108,62,14,48,2024-12-19 07:37:15
500105018,62,12,50,2024-12-19 06:16:15
500107023,62,11,50,2024-12-19 08:17:15
500109034,62,8,52,2024-12-19 08:36:15
500107023,62,8,53,2024-12-19 08:37:15
500105018,62,10,52,2024-12-19 00:14:15
500109034,62,7,53,2024-12-19 00:01:15
500104108,62,0,62,2024-12-19 23:40:17
500109034,62,7,54,2024-12-19 23:47:14
500107023,62,61,0,2024-12-19 23:51:15
500107023,62,46,13,2024-12-19 01:15:15
500103028,62,19,43,2024-12-19 23:19:15
500104108,62,3,59,2024-12-19 03:25:15
500107023,62,42,17,2024-12-19 01:44:14
500107023,62,43,16,2024-12-19 02:39:15
500104108,62,2,60,2024-12-19 22:19:15
500104108,62,1,61,2024-12-19 22:26:16
500104108,62,39,23,2024-12-19 09:36:15
500109007,62,30,31,2024-12-19 09:46:16
500103028,62,21,40,2024-12-19 12:32:16
500103028,62,17,44,2024-12-19 12:07:16
500109034,62,15,45,2024-12-19 12:41:15
500107023,62,11,50,2024-12-19 12:19:16
500107023,62,10,51,2024-12-19 12:37:15
500109034,62,2,58,2024-12-19 10:28:15
500109034,62,0,60,2024-12-19 09:26:15
500104108,62,51,11,2024-12-19 17:28:15
500107023,62,40,21,2024-12-19 18:28:16
500107023,62,32,29,2024-12-19 20:10:17
500107023,62,27,34,2024-12-19 19:19:16
500109007,62,28,34,2024-12-19 18:41:15
500107023,62,25,36,2024-12-19 19:36:15
500109007,62,25,37,2024-12-19 17:52:15
500103028,62,22,40,2024-12-19 20:55:17
500103028,62,22,40,2024-12-19 18:57:15
500109034,62,18,43,2024-12-19 17:38:16
500103028,62,17,45,2024-12-19 20:29:14
500103028,62,9,53,2024-12-19 19:15:16
500109034,62,2,59,2024-12-19 21:04:15
500105018,62,1,61,2024-12-19 21:16:15
500104108,62,53,9,2024-12-19 14:38:15
500104108,62,51,11,2024-12-19 16:16:14
500104108,62,51,11,2024-12-19 14:48:15
500103028,62,38,24,2024-12-19 16:55:17
500107023,62,27,34,2024-12-19 17:18:16
500107023,62,18,43,2024-12-19 13:28:16
500107023,62,18,43,2024-12-19 14:33:16
500105018,62,18,44,2024-12-19 14:57:15
500107023,62,17,44,2024-12-19 13:37:14
500107023,62,16,46,2024-12-19 15:37:16
500105018,62,14,48,2024-12-19 16:19:15
500109034,62,12,48,2024-12-19 15:16:15
500109034,62,10,50,2024-12-19 14:28:15
500103028,62,26,36,2024-12-19 02:52:14
500103028,62,51,10,2024-12-19 07:57:16
500107023,62,30,31,2024-12-19 06:18:14
500109007,62,27,34,2024-12-19 07:22:15
500105018,62,27,35,2024-12-19 08:48:15
500109007,62,26,35,2024-12-19 08:37:15
500109007,62,26,35,2024-12-19 08:55:16
500109007,62,24,37,2024-12-19 06:45:15
500104108,62,24,38,2024-12-19 08:17:15
500109007,62,23,38,2024-12-19 06:35:15
500109034,62,11,49,2024-12-19 08:17:14
500104108,62,11,51,2024-12-19 06:26:15
500105018,62,11,51,2024-12-19 05:33:15
500107023,62,10,51,2024-12-19 08:27:16
500107023,62,5,56,2024-12-19 08:56:16
500109034,62,2,58,2024-12-19 08:57:15
500105018,62,1,61,2024-12-19 23:55:16
500105018,62,4,58,2024-12-19 22:51:15
500103028,62,23,39,2024-12-19 22:38:14
500104108,62,2,60,2024-12-19 04:11:15
500105018,62,9,53,2024-12-19 03:52:14
500107023,62,61,0,2024-12-19 22:05:19
500109034,62,0,61,2024-12-19 21:58:15
500103028,62,22,40,2024-12-19 21:59:15
500109034,62,5,56,2024-12-19 23:56:14
500107023,62,44,15,2024-12-19 02:27:14
500103028,62,23,39,2024-12-19 22:44:14
500103028,62,20,42,2024-12-19 22:18:14
500107023,62,53,8,2024-12-19 22:19:15
500107023,62,52,9,2024-12-19 22:25:16
500104108,62,0,62,2024-12-19 22:52:16
500109034,62,5,56,2024-12-19 23:23:14
500107023,62,61,0,2024-12-19 23:27:14
500104108,62,39,23,2024-12-19 10:48:15
500109007,62,29,32,2024-12-19 11:02:15
500109007,62,27,34,2024-12-19 12:26:15
500109007,62,27,34,2024-12-19 12:53:15
500103028,62,22,39,2024-12-19 11:48:15
500107023,62,14,47,2024-12-19 10:20:16
500107023,62,12,49,2024-12-19 10:48:15
500107023,62,10,51,2024-12-19 12:24:16
500109034,62,4,56,2024-12-19 10:05:16
500107023,62,42,19,2024-12-19 20:47:14
500107023,62,30,31,2024-12-19 20:07:15
500103028,62,29,33,2024-12-19 17:48:15
500107023,62,27,34,2024-12-19 19:41:16
500109007,62,27,35,2024-12-19 17:38:16
500109007,62,26,36,2024-12-19 17:20:17
500104108,62,23,39,2024-12-19 17:59:15
500103028,62,13,49,2024-12-19 19:07:15
500109034,62,6,55,2024-12-19 20:09:15
500105018,62,5,57,2024-12-19 18:45:16
500105018,62,2,60,2024-12-19 20:24:15
500104108,62,1,61,2024-12-19 18:58:16
500105018,62,1,61,2024-12-19 20:30:17
500109034,62,0,61,2024-12-19 21:18:15
500104108,62,55,7,2024-12-19 14:19:14
500104108,62,54,8,2024-12-19 16:24:15
500103028,62,52,10,2024-12-19 15:15:16
500104108,62,51,11,2024-12-19 15:06:14
500103028,62,47,15,2024-12-19 16:16:14
500109007,62,25,37,2024-12-19 16:48:16
500107023,62,18,43,2024-12-19 16:36:15
500105018,62,17,45,2024-12-19 13:43:14
500109034,62,14,46,2024-12-19 16:00:17
500109034,62,11,49,2024-12-19 14:58:15
500105018,62,5,57,2024-12-19 17:06:16
500103028,62,44,18,2024-12-19 05:47:15
500104108,62,26,36,2024-12-19 08:27:16
500104108,62,26,36,2024-12-19 07:47:15
500109034,62,18,42,2024-12-19 07:27:15
500105018,62,19,43,2024-12-19 07:55:17
500109034,62,17,43,2024-12-19 07:47:15
500109034,62,16,44,2024-12-19 07:57:15
500105018,62,17,45,2024-12-19 07:45:16
500109034,62,15,45,2024-12-19 06:54:16
500104108,62,11,51,2024-12-19 06:05:16
500109034,62,7,53,2024-12-19 08:47:15
500103028,62,20,42,2024-12-19 23:26:15
500109034,62,4,57,2024-12-19 23:02:14
500104108,62,10,52,2024-12-19 23:59:15
500107023,62,57,4,2024-12-19 23:06:15
500109034,62,0,61,2024-12-19 22:12:16
500109034,62,2,59,2024-12-19 22:25:17
500103028,62,24,38,2024-12-19 22:26:15
500104108,62,62,0,2024-12-19 12:23:16
500103028,62,35,26,2024-12-19 10:07:16
500103028,62,31,30,2024-12-19 10:29:15
500109007,62,28,33,2024-12-19 11:21:15
500105018,62,28,34,2024-12-19 09:39:15
500105018,62,27,35,2024-12-19 09:03:14
500103028,62,20,41,2024-12-19 12:19:16
500105018,62,15,47,2024-12-19 12:17:15
500105018,62,14,48,2024-12-19 12:03:15
500107023,62,13,48,2024-12-19 12:47:15
500107023,62,13,48,2024-12-19 10:35:16
500109034,62,8,52,2024-12-19 11:48:15
500109034,62,0,60,2024-12-19 11:08:15
500107023,62,40,21,2024-12-19 20:38:15
500104108,62,34,28,2024-12-19 17:48:15
500103028,62,33,29,2024-12-19 17:23:15
500107023,62,29,32,2024-12-19 19:56:16
500103028,62,25,37,2024-12-19 18:06:15
500104108,62,11,51,2024-12-19 18:36:16
500103028,62,4,58,2024-12-19 20:03:15
500105018,62,4,58,2024-12-19 18:16:16
500105018,62,3,59,2024-12-19 19:17:15
500109034,62,0,61,2024-12-19 21:20:19
500105018,62,0,62,2024-12-19 21:20:16
500103028,62,52,10,2024-12-19 15:27:15
500104108,62,51,11,2024-12-19 16:48:16
500103028,62,47,15,2024-12-19 15:53:14
500103028,62,43,19,2024-12-19 14:37:14
500107023,62,34,27,2024-12-19 17:07:15
500103028,62,30,31,2024-12-19 13:26:16
500109034,62,14,46,2024-12-19 15:26:14
500105018,62,15,47,2024-12-19 16:15:15
500109034,62,11,49,2024-12-19 15:06:15
500109034,62,9,51,2024-12-19 13:45:15
500105018,62,9,53,2024-12-19 16:54:16
500103028,62,51,10,2024-12-19 08:16:15
500103028,62,49,12,2024-12-19 08:37:15
500103028,62,46,16,2024-12-19 06:46:15
500109007,62,31,30,2024-12-19 07:54:15
500109007,62,27,34,2024-12-19 08:17:15
500105018,62,25,37,2024-12-19 08:26:15
500109034,62,19,41,2024-12-19 06:37:15
500107023,62,15,46,2024-12-19 07:27:15
500105018,62,14,48,2024-12-19 07:24:15
500107023,62,9,52,2024-12-19 07:56:15
500107023,62,49,10,2024-12-19 00:14:15
500107023,62,61,0,2024-12-19 23:49:15
500103028,62,11,51,2024-12-19 00:10:15
500103028,62,10,52,2024-12-19 00:29:15
500109007,62,28,34,2024-12-19 21:39:15
500104108,62,0,62,2024-12-19 23:05:17
500107023,62,50,11,2024-12-19 21:38:15
500103028,62,21,41,2024-12-19 22:09:15
500104108,62,0,62,2024-12-19 00:31:15
500103028,62,10,52,2024-12-19 01:54:15
500104108,62,2,60,2024-12-19 23:30:19
500104108,62,44,18,2024-12-19 10:58:16
500103028,62,33,28,2024-12-19 10:49:15
500109007,62,28,33,2024-12-19 12:48:15
500109007,62,28,33,2024-12-19 08:58:15
500109007,62,28,33,2024-12-19 11:40:17
500103028,62,20,41,2024-12-19 12:53:15
500105018,62,16,46,2024-12-19 10:56:14
500109034,62,14,46,2024-12-19 12:28:15
500105018,62,14,48,2024-12-19 11:46:15
500107023,62,11,50,2024-12-19 10:52:15
500109034,62,3,57,2024-12-19 11:18:15
500107023,62,47,14,2024-12-19 18:45:16
500104108,62,35,27,2024-12-19 19:49:15
500107023,62,34,27,2024-12-19 18:08:16
500104108,62,33,29,2024-12-19 20:49:15
500109007,62,26,36,2024-12-19 17:40:17
500103028,62,24,38,2024-12-19 21:18:14
500103028,62,22,40,2024-12-19 18:35:16
500109034,62,21,40,2024-12-19 17:59:14
500109034,62,12,49,2024-12-19 19:17:15
500103028,62,6,56,2024-12-19 20:13:15
500105018,62,6,56,2024-12-19 18:52:14
500105018,62,4,58,2024-12-19 17:37:16
500109034,62,3,58,2024-12-19 20:53:15
500104108,62,56,6,2024-12-19 14:11:15
500104108,62,53,9,2024-12-19 13:19:15
500104108,62,50,12,2024-12-19 14:56:15
500103028,62,45,17,2024-12-19 14:57:15
500103028,62,40,22,2024-12-19 16:22:16
500103028,62,38,24,2024-12-19 16:38:15
500103028,62,30,31,2024-12-19 13:31:15
500109034,62,21,40,2024-12-19 17:18:16
500105018,62,20,42,2024-12-19 16:04:14
500107023,62,19,42,2024-12-19 14:26:15
500107023,62,18,43,2024-12-19 16:26:15
500107023,62,17,44,2024-12-19 16:15:16
500109034,62,17,44,2024-12-19 16:37:15
500107023,62,16,46,2024-12-19 14:47:15
500109034,62,8,52,2024-12-19 13:32:15
500107023,62,60,1,2024-12-19 21:48:16
500103028,62,49,12,2024-12-19 07:33:15
500105018,62,24,38,2024-12-19 08:17:14
500107023,62,11,50,2024-12-19 07:34:15
500107023,62,7,54,2024-12-19 07:15:17
500103028,62,9,53,2024-12-19 00:02:15
500105018,62,3,59,2024-12-19 22:35:16
500107023,62,52,9,2024-12-19 22:38:15
500103028,62,28,34,2024-12-19 03:07:15
500104108,62,0,62,2024-12-19 22:06:15
500107023,62,48,11,2024-12-19 00:46:15
500103028,62,14,48,2024-12-19 02:47:15
500104108,62,61,1,2024-12-19 12:19:16
500104108,62,59,3,2024-12-19 12:38:15
500104108,62,43,19,2024-12-19 10:17:16
500103028,62,39,22,2024-12-19 09:47:14
500103028,62,32,29,2024-12-19 10:48:15
500103028,62,32,29,2024-12-19 11:08:15
500104108,62,33,29,2024-12-19 09:46:16
500109007,62,28,33,2024-12-19 10:13:16
500103028,62,24,37,2024-12-19 11:26:15
500107023,62,24,37,2024-12-19 09:27:15
500103028,62,20,41,2024-12-19 13:06:14
500103028,62,19,42,2024-12-19 12:46:15
500107023,62,19,42,2024-12-19 10:07:16
500105018,62,15,47,2024-12-19 12:36:14
500105018,62,15,47,2024-12-19 11:00:18
500109034,62,13,47,2024-12-19 12:19:16
500109034,62,11,49,2024-12-19 13:07:15
500107023,62,7,54,2024-12-19 11:05:17
500107023,62,3,58,2024-12-19 11:33:15
500109034,62,1,59,2024-12-19 09:47:15
500107023,62,48,13,2024-12-19 18:57:15
500107023,62,36,25,2024-12-19 19:07:15
500104108,62,19,43,2024-12-19 21:18:15
500103028,62,6,56,2024-12-19 19:54:15
500103028,62,6,56,2024-12-19 19:28:15
500103028,62,6,56,2024-12-19 19:38:15
500105018,62,4,58,2024-12-19 18:37:15
500104108,62,52,10,2024-12-19 13:36:16
500104108,62,51,11,2024-12-19 15:16:15
500103028,62,47,15,2024-12-19 15:07:15
500109007,62,27,34,2024-12-19 14:48:15
500109007,62,28,34,2024-12-19 15:50:15
500103028,62,23,38,2024-12-19 13:18:14
500107023,62,16,45,2024-12-19 14:11:16
500107023,62,44,15,2024-12-19 02:57:14
500104108,62,9,53,2024-12-19 21:49:15
500103028,62,44,17,2024-12-19 07:16:15
500104108,62,40,22,2024-12-19 08:37:15
500104108,62,31,31,2024-12-19 08:57:15
500104108,62,28,34,2024-12-19 08:03:15
500107023,62,20,41,2024-12-19 06:37:15
500104108,62,17,45,2024-12-19 07:16:15
500109034,62,15,45,2024-12-19 07:36:15
500104108,62,14,48,2024-12-19 06:55:16
500105018,62,10,52,2024-12-19 05:27:15
500107023,62,4,57,2024-12-19 08:47:15
500104108,62,3,59,2024-12-19 05:07:15
500109034,62,1,60,2024-12-19 21:38:15
500104108,62,11,51,2024-12-19 21:37:15
500103028,62,28,34,2024-12-19 21:38:15
500107023,62,61,0,2024-12-19 21:53:15
500103028,62,23,39,2024-12-19 23:43:14
500107023,62,45,16,2024-12-19 04:31:15
500104108,62,59,3,2024-12-19 11:57:16
500103028,62,38,23,2024-12-19 09:35:16
500103028,62,30,31,2024-12-19 10:18:15
500105018,62,31,31,2024-12-19 09:27:15
500105018,62,30,32,2024-12-19 10:25:16
500109007,62,29,32,2024-12-19 09:12:16
500105018,62,17,45,2024-12-19 13:06:15
500107023,62,5,56,2024-12-19 09:07:15
500107023,62,5,56,2024-12-19 11:58:16
500107023,62,5,56,2024-12-19 11:28:16
500104108,62,34,28,2024-12-19 19:19:15
500104108,62,29,33,2024-12-19 19:59:16
500104108,62,26,36,2024-12-19 21:09:16
500103028,62,20,42,2024-12-19 18:18:16
500104108,62,19,43,2024-12-19 20:28:15
500109034,62,17,44,2024-12-19 18:29:16
500109034,62,15,46,2024-12-19 18:47:16
500103028,62,5,57,2024-12-19 19:46:15
500105018,62,4,58,2024-12-19 17:58:16
500105018,62,2,60,2024-12-19 18:23:16
500105018,62,1,61,2024-12-19 19:33:15
500104108,62,59,3,2024-12-19 16:38:14
500104108,62,55,7,2024-12-19 14:05:16
500104108,62,53,9,2024-12-19 13:55:16
500103028,62,45,16,2024-12-19 14:04:14
500103028,62,45,17,2024-12-19 15:36:15
500103028,62,30,32,2024-12-19 17:18:16
500107023,62,28,33,2024-12-19 16:58:15
500105018,62,18,44,2024-12-19 15:15:16
500105018,62,18,44,2024-12-19 13:10:16
500107023,62,16,45,2024-12-19 13:18:15
500107023,62,15,47,2024-12-19 15:14:15
500107023,62,15,47,2024-12-19 15:25:15
500105018,62,13,49,2024-12-19 16:35:15
500109034,62,8,52,2024-12-19 14:45:15
500103028,62,51,10,2024-12-19 08:47:15
500103028,62,44,17,2024-12-19 07:23:15
500105018,62,26,36,2024-12-19 08:44:15
500109034,62,24,36,2024-12-19 07:15:17
500109034,62,21,39,2024-12-19 06:47:15
500109034,62,17,43,2024-12-19 06:14:14
500107023,62,13,48,2024-12-19 07:47:15
500104108,62,0,62,2024-12-19 00:06:15
500109034,62,8,52,2024-12-19 00:12:14
500107023,62,46,13,2024-12-19 00:04:16
500105018,62,3,59,2024-12-19 21:39:15
500107023,62,45,16,2024-12-19 03:03:15
500103028,62,43,19,2024-12-19 03:40:15
500103028,62,42,20,2024-12-19 03:13:15
500105018,62,9,53,2024-12-19 01:28:14
500107023,62,43,16,2024-12-19 02:00:17
500104108,62,1,61,2024-12-19 22:49:15
500105018,62,3,59,2024-12-19 23:28:15
500104108,62,58,4,2024-12-19 11:48:15
500104108,62,56,6,2024-12-19 11:38:15
500104108,62,50,12,2024-12-19 12:48:15
500104108,62,50,12,2024-12-19 13:06:14
500104108,62,48,14,2024-12-19 11:17:15
500104108,62,45,17,2024-12-19 11:08:15
500104108,62,41,21,2024-12-19 10:07:16
500109007,62,27,34,2024-12-19 13:08:15
500109007,62,27,34,2024-12-19 12:07:16
500103028,62,20,41,2024-12-19 12:28:15
500107023,62,18,43,2024-12-19 09:55:17
500107023,62,17,44,2024-12-19 09:42:14
500107023,62,16,45,2024-12-19 10:17:15
500105018,62,16,46,2024-12-19 12:40:17
500105018,62,15,47,2024-12-19 11:57:16
500109034,62,13,47,2024-12-19 12:56:15
500109034,62,12,48,2024-12-19 12:07:16
500107023,62,5,56,2024-12-19 11:18:16
500109034,62,1,59,2024-12-19 10:38:15
500109034,62,0,60,2024-12-19 10:41:16
500109034,62,0,60,2024-12-19 10:58:16
500104108,62,47,15,2024-12-19 19:29:15
500107023,62,43,18,2024-12-19 21:19:16
500104108,62,31,31,2024-12-19 20:57:16
500103028,62,30,32,2024-12-19 17:38:16
500103028,62,28,34,2024-12-19 17:58:16
500104108,62,28,34,2024-12-19 20:06:15
500104108,62,27,35,2024-12-19 20:13:15
500107023,62,26,35,2024-12-19 19:27:15
500104108,62,19,43,2024-12-19 20:39:16
500109034,62,17,44,2024-12-19 17:28:15
500104108,62,17,45,2024-12-19 21:20:16
500109034,62,15,46,2024-12-19 19:07:15
500104108,62,13,49,2024-12-19 18:29:16
500109034,62,11,50,2024-12-19 19:44:15
500104108,62,10,52,2024-12-19 19:07:15
500109034,62,7,54,2024-12-19 19:58:15
500109034,62,5,56,2024-12-19 20:38:15
500105018,62,5,57,2024-12-19 17:45:16
500109034,62,4,57,2024-12-19 20:48:15
500105018,62,3,59,2024-12-19 17:24:16
500105018,62,2,60,2024-12-19 19:21:15
500104108,62,51,11,2024-12-19 16:08:16
500104108,62,50,12,2024-12-19 16:58:15
500103028,62,48,14,2024-12-19 15:48:15
500103028,62,38,24,2024-12-19 16:47:15
500109034,62,15,45,2024-12-19 15:48:15
500109034,62,16,45,2024-12-19 16:47:15
500109034,62,13,47,2024-12-19 15:56:15
500109034,62,10,50,2024-12-19 14:10:16
500109034,62,9,51,2024-12-19 13:24:15
500105018,62,4,58,2024-12-19 17:17:16
500103028,62,51,10,2024-12-19 08:03:15
500109007,62,28,33,2024-12-19 08:03:15
500109007,62,26,35,2024-12-19 07:05:15
500109034,62,15,45,2024-12-19 08:03:15
500109034,62,8,52,2024-12-19 05:32:15
500107023,62,8,53,2024-12-19 08:03:15
500105018,62,11,51,2024-12-19 00:03:15
500109034,62,7,53,2024-12-19 00:35:16
500109034,62,7,53,2024-12-19 00:49:15
500105018,62,11,51,2024-12-19 01:02:15
500107023,62,61,0,2024-12-19 23:19:15
500109034,62,5,56,2024-12-19 22:39:15
500107023,62,45,14,2024-12-19 01:18:15
500107023,62,45,16,2024-12-19 03:15:15
500107023,62,55,6,2024-12-19 22:45:15
500107023,62,43,16,2024-12-19 01:37:14
500104108,62,59,3,2024-12-19 12:08:15
500103028,62,40,21,2024-12-19 09:57:15
500104108,62,40,22,2024-12-19 10:37:16
500103028,62,30,31,2024-12-19 10:27:16
500109007,62,27,34,2024-12-19 10:01:16
500109007,62,27,34,2024-12-19 10:25:16
500103028,62,22,39,2024-12-19 11:37:15
500105018,62,16,46,2024-12-19 12:25:16
500109034,62,8,52,2024-12-19 11:58:16
500107023,62,7,54,2024-12-19 12:07:16
500109034,62,3,57,2024-12-19 10:18:15
500107023,62,41,20,2024-12-19 20:56:15
500107023,62,39,22,2024-12-19 18:18:16
500107023,62,32,29,2024-12-19 17:56:16
500109007,62,27,35,2024-12-19 18:59:15
500109007,62,27,35,2024-12-19 18:23:16
500107023,62,25,36,2024-12-19 17:28:15
500107023,62,25,36,2024-12-19 17:45:15
500103028,62,20,42,2024-12-19 20:47:15
500103028,62,20,42,2024-12-19 18:48:15
500109034,62,19,42,2024-12-19 18:08:16
500103028,62,18,44,2024-12-19 20:36:15
500104108,62,6,56,2024-12-19 18:48:15
500109034,62,5,56,2024-12-19 20:29:15
500105018,62,5,57,2024-12-19 18:04:16
500104108,62,53,9,2024-12-19 15:48:15
500104108,62,53,9,2024-12-19 13:42:15
500104108,62,49,13,2024-12-19 17:18:16
500104108,62,47,15,2024-12-19 17:08:16
500103028,62,45,17,2024-12-19 16:06:15
500103028,62,44,17,2024-12-19 14:15:16
500103028,62,42,19,2024-12-19 14:25:16
500109007,62,26,35,2024-12-19 13:49:15
500105018,62,17,45,2024-12-19 15:02:15
500107023,62,17,45,2024-12-19 15:44:15
500109034,62,15,46,2024-12-19 17:07:15
500103028,62,50,11,2024-12-19 08:56:16
500103028,62,48,14,2024-12-19 06:23:15
500107023,62,39,22,2024-12-19 05:45:15
500107023,62,29,32,2024-12-19 06:17:14
500109034,62,19,41,2024-12-19 06:23:15
500109034,62,15,45,2024-12-19 06:06:14
500104108,62,16,46,2024-12-19 07:27:15
500104108,62,13,49,2024-12-19 06:16:15
500105018,62,13,49,2024-12-19 07:17:14
500107023,62,12,49,2024-12-19 06:56:14
500109034,62,9,51,2024-12-19 05:47:15
500104108,62,4,58,2024-12-19 05:48:14
500109034,62,6,54,2024-12-19 00:40:16
500105018,62,2,60,2024-12-19 23:44:15
500104108,62,3,59,2024-12-19 01:13:15
500103028,62,9,53,2024-12-19 00:41:14
500104108,62,1,61,2024-12-19 22:39:15
500105018,62,10,52,2024-12-19 02:32:15
500107023,62,46,15,2024-12-19 03:55:15
500109034,62,1,60,2024-12-19 22:09:15
500104108,62,3,59,2024-12-19 21:59:15
500103028,62,21,41,2024-12-19 23:07:14
500103028,62,22,40,2024-12-19 22:58:15
500103028,62,21,41,2024-12-19 23:31:15
500104108,62,48,14,2024-12-19 12:58:15
500104108,62,36,26,2024-12-19 09:56:16
500104108,62,33,29,2024-12-19 09:09:15
500103028,62,30,31,2024-12-19 11:17:15
500104108,62,30,32,2024-12-19 09:07:15
500105018,62,30,32,2024-12-19 09:37:15
500109007,62,27,34,2024-12-19 12:15:16
500103028,62,25,36,2024-12-19 11:56:16
500107023,62,19,42,2024-12-19 09:37:15
500107023,62,12,49,2024-12-19 09:09:15
500109034,62,4,56,2024-12-19 11:25:15
500103028,62,22,40,2024-12-19 21:09:16
500104108,62,19,43,2024-12-19 18:08:15
500109034,62,16,45,2024-12-19 18:56:15
500109034,62,13,48,2024-12-19 19:23:15
500109034,62,11,50,2024-12-19 19:37:16
500105018,62,2,60,2024-12-19 20:00:17
500104108,62,56,6,2024-12-19 15:55:16
500103028,62,45,16,2024-12-19 13:54:15
500103028,62,29,32,2024-12-19 13:42:15
500109007,62,27,35,2024-12-19 16:31:15
500105018,62,19,43,2024-12-19 15:55:16
500109034,62,18,43,2024-12-19 16:57:15
500109034,62,17,44,2024-12-19 16:28:15
500109034,62,14,46,2024-12-19 15:35:16
500107023,62,15,47,2024-12-19 14:57:15
500107023,62,14,48,2024-12-19 15:01:16
500109034,62,9,51,2024-12-19 13:58:16
500105018,62,10,52,2024-12-19 16:48:16
500103028,62,49,12,2024-12-19 08:25:16
500103028,62,49,12,2024-12-19 07:47:15
500107023,62,44,17,2024-12-19 05:26:15
500107023,62,40,21,2024-12-19 05:36:15
500107023,62,37,24,2024-12-19 06:03:15
500109007,62,30,31,2024-12-19 07:46:15
500104108,62,30,32,2024-12-19 08:47:15
500109007,62,28,33,2024-12-19 07:28:15
500107023,62,15,46,2024-12-19 06:43:15
500104108,62,14,48,2024-12-19 07:57:16
500109034,62,11,49,2024-12-19 08:23:15
500104108,62,12,50,2024-12-19 06:36:14
500104108,62,8,54,2024-12-19 06:46:15
500104108,62,1,61,2024-12-19 23:28:16
500107023,62,49,10,2024-12-19 00:36:15
500101025,99,3,95,2024-12-19 02:18:14
500119096,99,39,60,2024-12-19 02:46:14
500101025,99,1,97,2024-12-19 01:45:16
500101025,99,5,93,2024-12-19 22:18:15
500101181,99,94,5,2024-12-19 22:19:15
500119049,99,13,86,2024-12-19 22:26:15
500101025,99,72,26,2024-12-19 11:38:15
500119049,99,40,33,2024-12-19 11:58:15
500119049,99,46,35,2024-12-19 10:18:15
500101025,99,52,45,2024-12-19 09:57:15
500119049,99,26,55,2024-12-19 09:37:15
500101022,99,5,93,2024-12-19 10:48:15
500101181,99,0,97,2024-12-19 09:37:15
500119096,99,1,98,2024-12-19 09:31:15
500101022,99,48,8,2024-12-19 21:18:15
500101022,99,47,9,2024-12-19 19:59:16
500101022,99,46,10,2024-12-19 20:13:15
500101022,99,38,18,2024-12-19 19:48:15
500101022,99,31,25,2024-12-19 20:29:15
500101181,99,72,27,2024-12-19 17:48:15
500119049,99,26,68,2024-12-19 18:58:16
500119049,99,29,70,2024-12-19 19:38:15
500119049,99,24,75,2024-12-19 20:09:15
500101025,99,7,91,2024-12-19 19:46:15
500101025,99,2,96,2024-12-19 19:14:16
500101025,99,91,7,2024-12-19 13:10:16
500101025,99,91,7,2024-12-19 13:38:15
500101025,99,90,8,2024-12-19 16:08:16
500119049,99,52,21,2024-12-19 14:38:15
500119049,99,46,27,2024-12-19 15:18:15
500101181,99,57,42,2024-12-19 16:48:16
500119049,99,30,43,2024-12-19 17:08:16
500101022,99,34,65,2024-12-19 16:37:15
500119096,99,16,83,2024-12-19 15:58:15
500119096,99,15,84,2024-12-19 15:24:15
500101181,99,5,94,2024-12-19 15:08:15
500101022,99,4,95,2024-12-19 14:26:15
500101181,99,1,97,2024-12-19 13:48:16
500101181,99,0,98,2024-12-19 13:28:15
500101022,99,0,99,2024-12-19 13:54:16
500101022,99,0,99,2024-12-19 15:08:15
500119096,99,0,99,2024-12-19 14:38:16
500101181,99,84,13,2024-12-19 07:37:15
500101025,99,64,34,2024-12-19 08:56:16
500119096,99,37,62,2024-12-19 06:43:15
500119049,99,12,87,2024-12-19 08:27:16
500119049,99,8,91,2024-12-19 07:45:16
500101181,99,2,95,2024-12-19 08:16:15
500119049,99,3,96,2024-12-19 06:39:15
500119096,99,36,63,2024-12-19 00:58:14
500101025,99,0,98,2024-12-19 00:50:16
500119049,99,18,81,2024-12-19 21:39:15
500101025,99,3,95,2024-12-19 21:58:15
500101181,99,92,7,2024-12-19 21:59:15
500119049,99,3,96,2024-12-19 01:45:16
500101181,99,61,36,2024-12-19 02:42:15
500119049,99,56,17,2024-12-19 11:18:16
500101025,99,77,21,2024-12-19 12:28:15
500119049,99,52,21,2024-12-19 10:49:15
500101025,99,76,22,2024-12-19 12:38:15
500101025,99,75,23,2024-12-19 12:14:16
500119049,99,42,31,2024-12-19 13:08:15
500119049,99,33,40,2024-12-19 12:19:16
500119049,99,25,56,2024-12-19 09:44:15
500119049,99,26,66,2024-12-19 09:07:15
500101181,99,7,91,2024-12-19 11:38:15
500101022,99,1,95,2024-12-19 09:37:15
500101181,99,2,95,2024-12-19 10:38:15
500119096,99,1,98,2024-12-19 10:46:14
500101022,99,56,43,2024-12-19 17:38:16
500119049,99,32,67,2024-12-19 19:19:15
500119049,99,26,73,2024-12-19 19:48:15
500119096,99,16,83,2024-12-19 17:27:16
500119096,99,14,85,2024-12-19 18:13:16
500119096,99,13,86,2024-12-19 18:02:15
500101025,99,5,93,2024-12-19 17:27:16
500101025,99,2,96,2024-12-19 18:15:16
500101025,99,1,97,2024-12-19 18:08:16
500101025,99,90,8,2024-12-19 13:24:14
500119049,99,58,15,2024-12-19 13:34:16
500101025,99,82,16,2024-12-19 15:37:15
500119049,99,56,17,2024-12-19 13:43:15
500119049,99,52,21,2024-12-19 15:52:15
500119049,99,52,21,2024-12-19 14:26:15
500119049,99,51,22,2024-12-19 14:06:15
500119049,99,47,26,2024-12-19 16:18:15
500101022,99,52,47,2024-12-19 17:07:15
500101022,99,41,58,2024-12-19 16:48:15
500101025,99,33,65,2024-12-19 17:08:16
500119096,99,17,82,2024-12-19 14:56:14
500119096,99,1,98,2024-12-19 14:28:16
500101022,99,53,41,2024-12-19 06:05:15
500101181,99,43,54,2024-12-19 07:15:17
500119096,99,36,63,2024-12-19 07:30:16
500101025,99,23,75,2024-12-19 07:46:15
500119049,99,14,85,2024-12-19 08:02:15
500119096,99,8,91,2024-12-19 08:47:15
500101022,99,1,95,2024-12-19 08:37:16
500101181,99,64,33,2024-12-19 00:57:15
500101025,99,1,97,2024-12-19 23:46:15
500119096,99,36,63,2024-12-19 23:48:14
500101022,99,48,48,2024-12-19 00:56:14
500101025,99,2,96,2024-12-19 00:14:14
500101181,99,63,34,2024-12-19 01:08:16
500119049,99,0,99,2024-12-19 01:12:15
500101181,99,96,3,2024-12-19 22:34:15
500101025,99,2,96,2024-12-19 23:50:15
500119096,99,37,62,2024-12-19 23:57:15
500101181,99,61,36,2024-12-19 01:34:15
500101025,99,2,96,2024-12-19 02:03:15
500119049,99,12,87,2024-12-19 22:19:15
500101022,99,29,27,2024-12-19 22:26:15
500119049,99,54,19,2024-12-19 11:37:15
500119049,99,51,22,2024-12-19 10:48:15
500119049,99,27,46,2024-12-19 12:48:15
500101022,99,25,74,2024-12-19 12:48:15
500101181,99,13,85,2024-12-19 12:58:15
500101022,99,6,93,2024-12-19 11:38:14
500101022,99,3,93,2024-12-19 10:18:15
500101022,99,0,96,2024-12-19 10:05:17
500101181,99,1,96,2024-12-19 09:07:15
500101181,99,1,97,2024-12-19 11:58:15
500119096,99,0,99,2024-12-19 10:01:16
500101022,99,50,6,2024-12-19 19:29:15
500101022,99,49,7,2024-12-19 20:59:15
500101022,99,47,9,2024-12-19 21:09:16
500101022,99,47,9,2024-12-19 21:20:16
500101181,99,84,15,2024-12-19 21:09:16
500101181,99,74,25,2024-12-19 18:17:15
500101181,99,67,32,2024-12-19 17:38:16
500101181,99,63,36,2024-12-19 19:38:15
500101022,99,37,51,2024-12-19 18:38:16
500119049,99,43,51,2024-12-19 18:29:15
500119049,99,30,69,2024-12-19 19:28:15
500101022,99,26,73,2024-12-19 18:29:16
500119049,99,24,75,2024-12-19 20:39:16
500101025,99,93,5,2024-12-19 13:47:15
500101025,99,87,11,2024-12-19 15:48:15
500101025,99,87,11,2024-12-19 15:57:15
500119049,99,55,18,2024-12-19 13:58:15
500119049,99,46,27,2024-12-19 14:46:15
500119049,99,45,28,2024-12-19 14:58:15
500101025,99,23,75,2024-12-19 17:17:16
500101022,99,13,86,2024-12-19 15:36:15
500101181,99,7,91,2024-12-19 14:35:15
500101181,99,6,92,2024-12-19 14:06:15
500101181,99,5,94,2024-12-19 15:17:15
500101181,99,0,98,2024-12-19 14:18:15
500101181,99,1,98,2024-12-19 14:48:15
500101022,99,0,99,2024-12-19 13:46:16
500101181,99,56,41,2024-12-19 06:17:14
500101022,99,51,45,2024-12-19 06:17:14
500119096,99,35,64,2024-12-19 07:38:15
500101025,99,12,86,2024-12-19 07:35:15
500101022,99,8,88,2024-12-19 08:27:16
500119049,99,11,88,2024-12-19 07:55:17
500101181,99,0,97,2024-12-19 08:50:19
500101181,99,94,5,2024-12-19 23:46:15
500101022,99,45,51,2024-12-19 01:15:15
500101025,99,1,97,2024-12-19 23:16:15
500101025,99,1,97,2024-12-19 21:38:15
500119096,99,28,71,2024-12-19 21:36:15
500101022,99,47,9,2024-12-19 21:39:15
500101022,99,48,48,2024-12-19 02:49:15
500101022,99,46,48,2024-12-19 03:34:15
500101181,99,57,40,2024-12-19 04:10:15
500101181,99,61,36,2024-12-19 01:23:15
500119096,99,38,61,2024-12-19 02:23:15
500119096,99,37,62,2024-12-19 02:12:16
500101022,99,46,50,2024-12-19 02:02:15
500101025,99,1,97,2024-12-19 23:32:16
500101022,99,25,30,2024-12-19 23:32:14
500119096,99,34,65,2024-12-19 23:22:15
500101025,99,91,7,2024-12-19 13:06:15
500101025,99,76,22,2024-12-19 11:58:16
500101025,99,72,26,2024-12-19 09:07:15
500101181,99,19,79,2024-12-19 12:48:15
500101022,99,14,85,2024-12-19 12:08:15
500101022,99,3,96,2024-12-19 11:08:15
500101181,99,1,96,2024-12-19 09:26:15
500101181,99,1,96,2024-12-19 10:48:15
500101181,99,0,97,2024-12-19 10:07:16
500119096,99,2,97,2024-12-19 13:08:15
500101181,99,81,18,2024-12-19 17:59:16
500101181,99,69,30,2024-12-19 20:11:16
500101022,99,52,47,2024-12-19 17:28:15
500119049,99,15,58,2024-12-19 17:38:16
500119049,99,34,65,2024-12-19 19:06:16
500119049,99,24,75,2024-12-19 19:56:16
500119049,99,22,77,2024-12-19 21:01:15
500119096,99,15,84,2024-12-19 17:36:15
500101025,99,4,94,2024-12-19 20:39:16
500101025,99,3,95,2024-12-19 17:59:15
500101025,99,94,4,2024-12-19 13:50:16
500101025,99,87,11,2024-12-19 15:25:15
500101025,99,86,12,2024-12-19 15:18:15
500119049,99,52,21,2024-12-19 15:25:15
500119049,99,41,32,2024-12-19 16:27:16
500101181,99,53,46,2024-12-19 17:18:16
500101181,99,19,80,2024-12-19 16:04:15
500101022,99,3,96,2024-12-19 15:18:16
500101181,99,90,9,2024-12-19 21:48:15
500101181,99,69,28,2024-12-19 07:27:15
500101181,99,48,49,2024-12-19 06:43:15
500119049,99,22,70,2024-12-19 08:56:16
500119049,99,17,75,2024-12-19 08:47:15
500101025,99,22,76,2024-12-19 07:57:16
500101025,99,7,91,2024-12-19 07:17:14
500119049,99,7,92,2024-12-19 08:17:15
500119049,99,7,92,2024-12-19 07:33:15
500101022,99,1,95,2024-12-19 07:57:15
500101181,99,2,95,2024-12-19 08:26:15
500119049,99,0,99,2024-12-19 00:01:16
500101022,99,52,44,2024-12-19 00:37:15
500101025,99,2,96,2024-12-19 00:37:15
500101025,99,1,97,2024-12-19 00:44:15
500119049,99,4,95,2024-12-19 23:12:15
500101181,99,91,8,2024-12-19 23:18:15
500119096,99,31,68,2024-12-19 22:17:15
500101181,99,84,15,2024-12-19 21:39:15
500101022,99,31,25,2024-12-19 22:09:15
500101022,99,15,40,2024-12-19 23:58:14
500119049,99,8,91,2024-12-19 22:47:15
500101181,99,94,5,2024-12-19 22:49:15
500101022,99,30,26,2024-12-19 23:09:15
500101181,99,93,6,2024-12-19 22:26:15
500101025,99,75,23,2024-12-19 11:05:17
500101025,99,73,25,2024-12-19 12:08:15
500101025,99,62,36,2024-12-19 10:48:15
500119049,99,37,44,2024-12-19 10:07:16
500119049,99,25,63,2024-12-19 09:27:15
500101022,99,1,98,2024-12-19 11:58:16
500101181,99,0,98,2024-12-19 11:27:16
500119096,99,0,99,2024-12-19 11:17:17
500101181,99,67,32,2024-12-19 19:58:15
500101022,99,54,45,2024-12-19 17:48:15
500101022,99,45,54,2024-12-19 17:59:14
500119049,99,29,54,2024-12-19 18:18:16
500119096,99,20,79,2024-12-19 20:14:15
500101025,99,3,95,2024-12-19 21:08:15
500101025,99,3,95,2024-12-19 18:48:15
500101025,99,1,97,2024-12-19 19:05:16
500101025,99,1,97,2024-12-19 21:16:15
500101025,99,94,4,2024-12-19 16:18:16
500101025,99,93,5,2024-12-19 14:15:16
500101025,99,92,6,2024-12-19 14:58:15
500119049,99,51,22,2024-12-19 15:48:15
500119049,99,50,23,2024-12-19 13:17:15
500119049,99,40,33,2024-12-19 15:08:14
500101181,99,51,48,2024-12-19 17:08:16
500101022,99,30,69,2024-12-19 16:18:16
500101181,99,28,71,2024-12-19 16:28:15
500119096,99,15,84,2024-12-19 16:51:15
500119096,99,13,86,2024-12-19 15:17:16
500101181,99,9,90,2024-12-19 15:38:15
500101022,99,7,92,2024-12-19 14:58:15
500101022,99,5,94,2024-12-19 13:18:15
500101181,99,5,94,2024-12-19 15:28:14
500101181,99,0,98,2024-12-19 13:17:15
500101025,99,3,95,2024-12-19 21:48:16
500119049,99,16,83,2024-12-19 21:46:15
500101025,99,2,96,2024-12-19 06:53:14
500101181,99,65,32,2024-12-19 00:35:16
500119096,99,32,67,2024-12-19 00:15:15
500101022,99,11,44,2024-12-19 23:49:15
500119096,99,33,66,2024-12-19 23:17:14
500101025,99,3,95,2024-12-19 22:38:15
500101025,99,4,94,2024-12-19 22:07:15
500119049,99,15,84,2024-12-19 21:59:15
500101181,99,56,41,2024-12-19 03:41:15
500101181,99,91,8,2024-12-19 23:56:14
500101181,99,64,33,2024-12-19 01:05:16
500101025,99,0,98,2024-12-19 22:43:15
500101181,99,92,7,2024-12-19 23:08:15
500101022,99,37,19,2024-12-19 22:19:15
500101025,99,4,94,2024-12-19 22:25:16
500101025,99,69,29,2024-12-19 11:27:15
500101025,99,61,37,2024-12-19 10:56:15
500119049,99,34,39,2024-12-19 12:58:15
500119049,99,24,49,2024-12-19 12:37:15
500101022,99,15,84,2024-12-19 12:58:15
500101181,99,6,92,2024-12-19 13:07:15
500101181,99,4,94,2024-12-19 12:28:15
500101022,99,0,96,2024-12-19 09:07:15
500101181,99,0,97,2024-12-19 10:18:15
500119096,99,2,97,2024-12-19 09:07:15
500119096,99,0,99,2024-12-19 12:08:15
500101022,99,48,8,2024-12-19 19:38:16
500101022,99,41,15,2024-12-19 19:19:14
500101181,99,56,43,2024-12-19 18:38:16
500101181,99,55,44,2024-12-19 18:58:16
500119049,99,18,55,2024-12-19 17:28:15
500119049,99,14,69,2024-12-19 18:08:16
500119049,99,15,79,2024-12-19 18:48:15
500119096,99,19,80,2024-12-19 19:58:15
500119096,99,15,84,2024-12-19 18:24:16
500101025,99,5,93,2024-12-19 18:28:16
500101025,99,2,96,2024-12-19 19:28:15
500101025,99,1,97,2024-12-19 17:48:14
500101025,99,93,5,2024-12-19 14:28:15
500119049,99,37,36,2024-12-19 16:47:15
500101025,99,57,41,2024-12-19 16:58:15
500101022,99,6,93,2024-12-19 15:28:14
500119096,99,1,98,2024-12-19 14:45:16
500119096,99,0,99,2024-12-19 13:58:16
500119096,99,0,99,2024-12-19 14:00:19
500101022,99,45,11,2024-12-19 21:49:15
500101181,99,58,39,2024-12-19 05:58:15
500101181,99,56,41,2024-12-19 05:19:14
500101025,99,31,67,2024-12-19 08:27:16
500101025,99,26,72,2024-12-19 08:02:15
500101022,99,7,89,2024-12-19 07:27:15
500119096,99,8,91,2024-12-19 08:57:15
500119049,99,6,93,2024-12-19 07:25:15
500101022,99,1,95,2024-12-19 08:47:15
500119096,99,4,95,2024-12-19 08:36:15
500101022,99,0,96,2024-12-19 08:57:16
500119049,99,2,97,2024-12-19 06:26:14
500101022,99,25,30,2024-12-19 23:19:15
500119049,99,10,89,2024-12-19 22:37:15
500101022,99,22,34,2024-12-19 22:38:15
500119049,99,6,93,2024-12-19 23:54:15
500101181,99,60,37,2024-12-19 02:27:14
500101181,99,90,9,2024-12-19 23:28:15
500101025,99,84,14,2024-12-19 12:43:15
500119049,99,46,27,2024-12-19 11:48:15
500101025,99,66,32,2024-12-19 10:18:15
500101025,99,61,36,2024-12-19 09:37:15
500119049,99,37,36,2024-12-19 12:08:15
500101025,99,57,41,2024-12-19 10:05:16
500101025,99,55,42,2024-12-19 09:46:16
500119049,99,30,51,2024-12-19 09:57:15
500101022,99,24,75,2024-12-19 12:27:14
500101022,99,22,77,2024-12-19 12:19:16
500101181,99,5,93,2024-12-19 11:48:15
500101022,99,2,94,2024-12-19 09:47:15
500101022,99,4,95,2024-12-19 11:18:15
500101181,99,3,95,2024-12-19 11:08:15
500101181,99,2,96,2024-12-19 11:17:15
500101181,99,84,15,2024-12-19 21:19:16
500101181,99,83,16,2024-12-19 20:39:16
500101181,99,83,16,2024-12-19 20:49:15
500101022,99,33,23,2024-12-19 20:49:15
500101181,99,56,43,2024-12-19 19:07:15
500101181,99,47,52,2024-12-19 18:48:15
500101022,99,34,65,2024-12-19 18:18:16
500119096,99,23,76,2024-12-19 21:00:16
500119096,99,16,83,2024-12-19 18:36:16
500119096,99,16,83,2024-12-19 18:48:15
500101025,99,9,89,2024-12-19 20:29:15
500101025,99,8,90,2024-12-19 20:09:15
500101025,99,2,96,2024-12-19 20:59:15
500101025,99,80,18,2024-12-19 16:38:15
500119049,99,55,18,2024-12-19 15:36:15
500101025,99,67,31,2024-12-19 16:48:16
500119049,99,36,37,2024-12-19 16:58:15
500119049,99,26,47,2024-12-19 17:17:16
500101181,99,40,59,2024-12-19 16:38:15
500101181,99,17,82,2024-12-19 15:56:15
500101181,99,11,88,2024-12-19 15:47:14
500101181,99,0,99,2024-12-19 14:58:15
500101181,99,54,43,2024-12-19 06:56:15
500101025,99,54,44,2024-12-19 08:47:15
500101181,99,52,45,2024-12-19 06:35:15
500101025,99,41,57,2024-12-19 08:37:15
500101022,99,38,58,2024-12-19 06:56:15
500119096,99,38,61,2024-12-19 06:16:15
500101022,99,27,69,2024-12-19 07:16:15
500101022,99,2,94,2024-12-19 08:17:14
500119096,99,4,95,2024-12-19 08:17:16
500101181,99,1,96,2024-12-19 08:37:15
500119096,99,2,97,2024-12-19 08:26:15
500119049,99,13,86,2024-12-19 22:08:14
500101022,99,31,25,2024-12-19 22:49:14
500101025,99,2,96,2024-12-19 23:05:15
500101025,99,83,15,2024-12-19 12:58:15
500101025,99,75,23,2024-12-19 11:16:15
500119049,99,49,24,2024-12-19 10:37:16
500101025,99,59,39,2024-12-19 10:37:16
500101022,99,11,88,2024-12-19 10:58:16
500101022,99,8,91,2024-12-19 13:05:16
500101022,99,3,93,2024-12-19 09:27:15
500101022,99,5,94,2024-12-19 11:27:15
500101022,99,1,95,2024-12-19 10:37:16
500101022,99,0,96,2024-12-19 10:22:17
500119096,99,0,99,2024-12-19 09:09:15
500101022,99,51,8,2024-12-19 18:48:15
500101181,99,86,13,2024-12-19 21:20:16
500101181,99,66,33,2024-12-19 19:49:15
500119049,99,21,78,2024-12-19 21:19:16
500119096,99,14,85,2024-12-19 17:58:16
500101025,99,5,93,2024-12-19 19:32:15
500101025,99,4,94,2024-12-19 17:37:15
500101025,99,4,94,2024-12-19 18:57:15
500101025,99,92,6,2024-12-19 15:03:15
500119049,99,55,18,2024-12-19 13:21:16
500119049,99,53,20,2024-12-19 14:17:15
500101181,99,64,35,2024-12-19 16:57:16
500101022,99,21,78,2024-12-19 15:48:15
500119096,99,15,84,2024-12-19 17:15:17
500101181,99,4,94,2024-12-19 14:27:15
500101022,99,1,98,2024-12-19 14:18:15
500101181,99,0,98,2024-12-19 13:57:15
500101022,99,0,99,2024-12-19 13:38:16
500101181,99,54,43,2024-12-19 06:22:14
500101022,99,51,45,2024-12-19 06:36:14
500101022,99,46,50,2024-12-19 06:46:15
500101181,99,10,87,2024-12-19 07:57:16
500101025,99,8,90,2024-12-19 07:27:15
500119049,99,4,95,2024-12-19 07:09:15
500101022,99,0,96,2024-12-19 08:03:15
500101181,99,1,96,2024-12-19 07:59:15
500101025,99,0,98,2024-12-19 23:26:15
500101022,99,25,30,2024-12-19 23:28:15
500101181,99,64,33,2024-12-19 00:40:16
500101181,99,57,40,2024-12-19 03:03:15
500119096,99,29,70,2024-12-19 21:56:15
500101022,99,46,50,2024-12-19 01:34:15
500119049,99,6,93,2024-12-19 23:04:15
500101181,99,93,6,2024-12-19 22:56:15
500101025,99,75,23,2024-12-19 11:47:16
500101181,99,8,90,2024-12-19 12:19:16
500101022,99,1,95,2024-12-19 09:09:16
500119096,99,3,96,2024-12-19 12:51:15
500119096,99,3,96,2024-12-19 09:24:15
500101022,99,2,97,2024-12-19 11:48:16
500119096,99,2,97,2024-12-19 12:34:15
500119096,99,0,99,2024-12-19 09:44:15
500101022,99,50,6,2024-12-19 20:09:15
500101022,99,53,6,2024-12-19 18:58:16
500101181,99,88,11,2024-12-19 18:08:16
500101022,99,39,17,2024-12-19 20:39:15
500101181,99,80,19,2024-12-19 20:59:15
500101181,99,79,20,2024-12-19 20:29:14
500101022,99,32,27,2024-12-19 19:07:15
500101181,99,68,31,2024-12-19 20:08:15
500101181,99,62,37,2024-12-19 19:28:15
500101181,99,48,51,2024-12-19 17:28:15
500101022,99,43,56,2024-12-19 18:08:16
500119049,99,23,57,2024-12-19 17:48:15
500119049,99,18,65,2024-12-19 17:59:15
500119049,99,23,76,2024-12-19 20:28:15
500119049,99,21,78,2024-12-19 20:58:15
500119096,99,17,82,2024-12-19 19:02:16
500119096,99,15,84,2024-12-19 19:15:15
500101025,99,5,93,2024-12-19 20:12:15
500101025,99,91,7,2024-12-19 14:45:15
500101022,99,30,69,2024-12-19 16:08:16
500101022,99,25,74,2024-12-19 15:57:15
500119096,99,16,83,2024-12-19 15:38:15
500119096,99,14,85,2024-12-19 17:06:16
500119096,99,1,98,2024-12-19 13:14:15
500101022,99,57,37,2024-12-19 04:48:15
500101181,99,60,37,2024-12-19 07:47:15
500101181,99,57,40,2024-12-19 05:31:14
500101025,99,28,70,2024-12-19 08:17:15
500119096,99,20,79,2024-12-19 07:57:16
500119049,99,14,85,2024-12-19 08:37:15
500101022,99,2,94,2024-12-19 07:36:15
500101025,99,1,97,2024-12-19 06:26:15
500101025,99,0,98,2024-12-19 06:00:17
500101022,99,49,47,2024-12-19 00:47:15
500101025,99,2,96,2024-12-19 00:07:15
500101181,99,69,28,2024-12-19 00:16:15
500119096,99,35,64,2024-12-19 00:35:16
500119049,99,4,95,2024-12-19 23:43:14
500101022,99,51,45,2024-12-19 00:06:15
500101181,99,67,30,2024-12-19 00:04:16
500119049,99,1,98,2024-12-19 02:41:15
500101025,99,1,97,2024-12-19 03:12:14
500101181,99,94,5,2024-12-19 22:08:14
500101022,99,43,13,2024-12-19 21:59:15
500119049,99,1,98,2024-12-19 01:07:15
500101022,99,46,50,2024-12-19 01:00:17
500101022,99,45,51,2024-12-19 02:20:16
500119096,99,32,67,2024-12-19 23:01:15
500101025,99,1,97,2024-12-19 22:54:16
500101022,99,29,27,2024-12-19 22:57:15
500119049,99,3,96,2024-12-19 23:22:15
500101025,99,81,17,2024-12-19 09:26:15
500119049,99,56,17,2024-12-19 11:25:15
500119049,99,53,20,2024-12-19 11:07:16
500101025,99,70,28,2024-12-19 10:26:14
500119049,99,50,31,2024-12-19 10:28:15
500119049,99,23,50,2024-12-19 12:28:15
500101022,99,13,86,2024-12-19 12:37:15
500101181,99,11,87,2024-12-19 12:38:15
500101181,99,8,90,2024-12-19 12:08:15
500101022,99,1,95,2024-12-19 09:48:15
500101181,99,0,97,2024-12-19 09:47:15
500101181,99,0,97,2024-12-19 09:53:17
500101181,99,0,97,2024-12-19 10:57:15
500119096,99,1,98,2024-12-19 09:57:15
500101181,99,69,30,2024-12-19 18:29:15
500101181,99,59,40,2024-12-19 19:19:15
500119049,99,27,67,2024-12-19 18:38:16
500119096,99,25,74,2024-12-19 21:16:15
500119049,99,22,77,2024-12-19 20:11:16
500119049,99,22,77,2024-12-19 20:49:15
500119096,99,21,78,2024-12-19 20:53:15
500119096,99,18,81,2024-12-19 19:48:15
500101025,99,11,87,2024-12-19 19:58:15
500101025,99,5,93,2024-12-19 20:48:15
500101025,99,2,96,2024-12-19 18:38:15
500101025,99,88,10,2024-12-19 16:28:15
500119049,99,53,20,2024-12-19 16:00:17
500119049,99,42,31,2024-12-19 16:37:15
500101022,99,49,50,2024-12-19 17:18:16
500101022,99,46,53,2024-12-19 16:58:15
500101022,99,34,65,2024-12-19 16:28:15
500101181,99,20,79,2024-12-19 16:16:14
500101181,99,6,92,2024-12-19 13:37:15
500101022,99,6,93,2024-12-19 14:34:15
500101022,99,3,96,2024-12-19 13:27:15
500101022,99,2,97,2024-12-19 14:48:14
500101181,99,58,39,2024-12-19 02:53:15
500101022,99,56,38,2024-12-19 05:25:15
500101022,99,54,42,2024-12-19 06:26:15
500101022,99,1,95,2024-12-19 07:45:16
500119096,99,3,96,2024-12-19 08:00:17
500101025,99,1,97,2024-12-19 06:47:16
500101025,99,1,97,2024-12-19 06:16:15
500101025,99,0,98,2024-12-19 06:37:15
500101022,99,50,46,2024-12-19 00:16:15
